timestamp_local,elapsed_s,phase,duty_pct,on_ms,off_ms,telemetry_valid,mq8_status,mq8_v,mq135_v,mq3_v,mq5_v,mq4_v,mq7_v,mq6_v,mq2_v,status_json
2026-08-04 11:07:21.121 +07:00,0.000,HOT_SWEEP_70,70,700,300,1,0,0.109540164,0.004043083,0.004876814,-0.002514657,-0.008937545,-0.011461918,-0.01953291,-0.025765037,"{""deviceId"":""1001"",""nodeId"":4097,""targetChId"":""0010"",""mode"":""inference"",""uptimeMs"":6377466,""debugEnabled"":true,""power"":{""mode"":""24v"",""externalPower"":true,""batteryMv"":65535,""batteryValid"":false,""batteryDetected"":false,""batterySenseStatus"":""not_detected"",""batteryLow"":false,""batteryCritical"":false,""sourceAmbiguous"":false,""serviceHoldActive"":false,""serviceHoldEffective"":false},""batterySession"":{""state"":""inactive"",""startedMs"":0,""stateStartedMs"":0,""validSampleBatches"":0,""requiredSampleBatches"":10,""alarmTxAttempts"":0,""alarmTxAttemptLimit"":3,""alarmAckReceived"":false,""pendingAlarm"":false,""pendingSaveRequired"":false,""persistenceFaultHold"":false,""completionReason"":""session_done""},""bootHealth"":{""adsReady"":true,""adsDrdyLevel"":0,""adsDrdyPulldownLevel"":0,""adsDrdyPullupLevel"":0,""adsMisoPulldownLevel"":0,""adsMisoPullupLevel"":1,""adsCsLevel"":1,""adsSyncLevel"":1,""adsStatus"":54,""adsMux"":15,""adsAdcon"":6,""adsDrate"":240,""adsReason"":""ok"",""tcaOk"":true,""mcpOkCount"":8,""mcpOk"":[true,true,true,true,true,true,true,true],""mcpAddrMask"":[1,1,1,1,1,1,1,1],""mcpControlTested"":true,""mcpControlOkCount"":8,""mcpControlOk"":[true,true,true,true,true,true,true,true],""dacReady"":true,""radioReady"":true,""mlReady"":true,""nullingProfileApplied"":true,""modelProfileReady"":false},""runtimeMcpCode"":[255,519,795,706,799,865,665,139],""model"":{""profileId"":""cnn-dualbranch-datasheet-v1-unbound"",""scalerProfileId"":""cnn-dualbranch-datasheet-v1-unbound"",""productionApproved"":true,""boundNullingProfileId"":8,""activeNullingProfileId"":9,""bindingValid"":true,""bindingModelMatches"":true,""profileReady"":false,""inferenceValid"":false,""sensorFault"":true},""lora"":{""beginState"":0,""lastTxState"":0,""lastTxOk"":false,""txSeq"":0,""txCounter"":0,""aesKeyProvisioned"":true,""aesKeyPresent"":true,""aesKeySource"":""nvs"",""keyId"":1,""lastDownlinkCommandId"":0,""freqMHz"":920,""bwKHz"":125,""sf"":7,""cr"":5,""syncWord"":18,""txPowerDbm"":17,""preamble"":8,""tcxoVoltage"":1.600000024,""xtalVoltage"":0},""dataset"":{""state"":""idle"",""step"":""idle"",""label"":"""",""seq"":0,""targetSamples"":0,""sampleIntervalMs"":500,""maxDurationMs"":0,""useFanIntake"":true,""fanOnMs"":1000,""postFanSettleMs"":0,""nullingProfileId"":9,""queuePending"":0,""queueCapacity"":16,""queueEnqueued"":0,""queueDropped"":0,""publishFailCount"":0,""retryCount"":0,""retryFailCount"":0,""rejectedSamples"":0,""lastRejectReason"":""none"",""lastRejectChannel"":-1,""lastRejectOkFiniteCount"":0,""lastRejectStatus"":255,""lastRejectGain"":0,""lastRejectSaturated"":false},""recovery"":{""wifiReconnectCount"":0,""wifiReconnectFailCount"":0,""mqttReconnectCount"":0,""mqttConnectFailCount"":0,""lastMqttState"":0,""adsRecoveryCount"":0,""adsRecoveryFailCount"":0,""adsReadFailStreak"":0,""lastReason"":""none"",""lastRecoveryMs"":0,""bootRecoveryArmed"":false,""bootRecoveryDueMs"":0,""bootRecoveryReason"":""none"",""bootRecoveryNonAdsFailure"":false,""bootRecoveryRestartCount"":0},""nulling"":{""done"":false,""retryArmed"":false,""attemptCount"":0,""nextRetryMs"":0,""thresholdV"":9.999999747E-06,""minFinalV"":0},""telemetry"":{""valid"":true,""sampleMs"":6377214,""gasClass"":6,""gasName"":""CO2"",""confidence"":0,""alarm"":false,""sensorVoltage"":[0.109540164,0.004043083,0.004876814,-0.002514657,-0.008937545,-0.011461918,-0.01953291,-0.025765037],""sensorGain"":[32,64,64,64,64,64,64,64],""sensorStatus"":[0,0,0,0,0,0,0,0],""featureOrder"":[""MQ8"",""MQ135"",""MQ3"",""MQ5"",""MQ4"",""MQ7"",""MQ6"",""MQ2""]},""alarmLatched"":false}"
2026-08-04 11:07:21.811 +07:00,0.692,HOT_SWEEP_70,70,700,300,1,0,0.111589491,0.004010745,0.004860723,-0.002501901,-0.008736494,-0.011174539,-0.019136615,-0.025310725,"{""deviceId"":""1001"",""nodeId"":4097,""targetChId"":""0010"",""mode"":""inference"",""uptimeMs"":6378158,""debugEnabled"":true,""power"":{""mode"":""24v"",""externalPower"":true,""batteryMv"":65535,""batteryValid"":false,""batteryDetected"":false,""batterySenseStatus"":""not_detected"",""batteryLow"":false,""batteryCritical"":false,""sourceAmbiguous"":false,""serviceHoldActive"":false,""serviceHoldEffective"":false},""batterySession"":{""state"":""inactive"",""startedMs"":0,""stateStartedMs"":0,""validSampleBatches"":0,""requiredSampleBatches"":10,""alarmTxAttempts"":0,""alarmTxAttemptLimit"":3,""alarmAckReceived"":false,""pendingAlarm"":false,""pendingSaveRequired"":false,""persistenceFaultHold"":false,""completionReason"":""session_done""},""bootHealth"":{""adsReady"":true,""adsDrdyLevel"":0,""adsDrdyPulldownLevel"":0,""adsDrdyPullupLevel"":0,""adsMisoPulldownLevel"":0,""adsMisoPullupLevel"":1,""adsCsLevel"":1,""adsSyncLevel"":1,""adsStatus"":54,""adsMux"":15,""adsAdcon"":6,""adsDrate"":240,""adsReason"":""ok"",""tcaOk"":true,""mcpOkCount"":8,""mcpOk"":[true,true,true,true,true,true,true,true],""mcpAddrMask"":[1,1,1,1,1,1,1,1],""mcpControlTested"":true,""mcpControlOkCount"":8,""mcpControlOk"":[true,true,true,true,true,true,true,true],""dacReady"":true,""radioReady"":true,""mlReady"":true,""nullingProfileApplied"":true,""modelProfileReady"":false},""runtimeMcpCode"":[255,519,795,706,799,865,665,139],""model"":{""profileId"":""cnn-dualbranch-datasheet-v1-unbound"",""scalerProfileId"":""cnn-dualbranch-datasheet-v1-unbound"",""productionApproved"":true,""boundNullingProfileId"":8,""activeNullingProfileId"":9,""bindingValid"":true,""bindingModelMatches"":true,""profileReady"":false,""inferenceValid"":false,""sensorFault"":true},""lora"":{""beginState"":0,""lastTxState"":0,""lastTxOk"":false,""txSeq"":0,""txCounter"":0,""aesKeyProvisioned"":true,""aesKeyPresent"":true,""aesKeySource"":""nvs"",""keyId"":1,""lastDownlinkCommandId"":0,""freqMHz"":920,""bwKHz"":125,""sf"":7,""cr"":5,""syncWord"":18,""txPowerDbm"":17,""preamble"":8,""tcxoVoltage"":1.600000024,""xtalVoltage"":0},""dataset"":{""state"":""idle"",""step"":""idle"",""label"":"""",""seq"":0,""targetSamples"":0,""sampleIntervalMs"":500,""maxDurationMs"":0,""useFanIntake"":true,""fanOnMs"":1000,""postFanSettleMs"":0,""nullingProfileId"":9,""queuePending"":0,""queueCapacity"":16,""queueEnqueued"":0,""queueDropped"":0,""publishFailCount"":0,""retryCount"":0,""retryFailCount"":0,""rejectedSamples"":0,""lastRejectReason"":""none"",""lastRejectChannel"":-1,""lastRejectOkFiniteCount"":0,""lastRejectStatus"":255,""lastRejectGain"":0,""lastRejectSaturated"":false},""recovery"":{""wifiReconnectCount"":0,""wifiReconnectFailCount"":0,""mqttReconnectCount"":0,""mqttConnectFailCount"":0,""lastMqttState"":0,""adsRecoveryCount"":0,""adsRecoveryFailCount"":0,""adsReadFailStreak"":0,""lastReason"":""none"",""lastRecoveryMs"":0,""bootRecoveryArmed"":false,""bootRecoveryDueMs"":0,""bootRecoveryReason"":""none"",""bootRecoveryNonAdsFailure"":false,""bootRecoveryRestartCount"":0},""nulling"":{""done"":false,""retryArmed"":false,""attemptCount"":0,""nextRetryMs"":0,""thresholdV"":9.999999747E-06,""minFinalV"":0},""telemetry"":{""valid"":true,""sampleMs"":6377776,""gasClass"":6,""gasName"":""CO2"",""confidence"":0,""alarm"":false,""sensorVoltage"":[0.111589491,0.004010745,0.004860723,-0.002501901,-0.008736494,-0.011174539,-0.019136615,-0.025310725],""sensorGain"":[32,64,64,64,64,64,64,64],""sensorStatus"":[0,0,0,0,0,0,0,0],""featureOrder"":[""MQ8"",""MQ135"",""MQ3"",""MQ5"",""MQ4"",""MQ7"",""MQ6"",""MQ2""]},""alarmLatched"":false}"
2026-08-04 11:07:22.501 +07:00,1.375,HOT_SWEEP_70,70,700,300,1,0,0.110283732,0.003976149,0.004887456,-0.002573587,-0.009010925,-0.011497558,-0.019558227,-0.025281245,"{""deviceId"":""1001"",""nodeId"":4097,""targetChId"":""0010"",""mode"":""inference"",""uptimeMs"":6378847,""debugEnabled"":true,""power"":{""mode"":""24v"",""externalPower"":true,""batteryMv"":65535,""batteryValid"":false,""batteryDetected"":false,""batterySenseStatus"":""not_detected"",""batteryLow"":false,""batteryCritical"":false,""sourceAmbiguous"":false,""serviceHoldActive"":false,""serviceHoldEffective"":false},""batterySession"":{""state"":""inactive"",""startedMs"":0,""stateStartedMs"":0,""validSampleBatches"":0,""requiredSampleBatches"":10,""alarmTxAttempts"":0,""alarmTxAttemptLimit"":3,""alarmAckReceived"":false,""pendingAlarm"":false,""pendingSaveRequired"":false,""persistenceFaultHold"":false,""completionReason"":""session_done""},""bootHealth"":{""adsReady"":true,""adsDrdyLevel"":0,""adsDrdyPulldownLevel"":0,""adsDrdyPullupLevel"":0,""adsMisoPulldownLevel"":0,""adsMisoPullupLevel"":1,""adsCsLevel"":1,""adsSyncLevel"":1,""adsStatus"":54,""adsMux"":15,""adsAdcon"":6,""adsDrate"":240,""adsReason"":""ok"",""tcaOk"":true,""mcpOkCount"":8,""mcpOk"":[true,true,true,true,true,true,true,true],""mcpAddrMask"":[1,1,1,1,1,1,1,1],""mcpControlTested"":true,""mcpControlOkCount"":8,""mcpControlOk"":[true,true,true,true,true,true,true,true],""dacReady"":true,""radioReady"":true,""mlReady"":true,""nullingProfileApplied"":true,""modelProfileReady"":false},""runtimeMcpCode"":[255,519,795,706,799,865,665,139],""model"":{""profileId"":""cnn-dualbranch-datasheet-v1-unbound"",""scalerProfileId"":""cnn-dualbranch-datasheet-v1-unbound"",""productionApproved"":true,""boundNullingProfileId"":8,""activeNullingProfileId"":9,""bindingValid"":true,""bindingModelMatches"":true,""profileReady"":false,""inferenceValid"":false,""sensorFault"":true},""lora"":{""beginState"":0,""lastTxState"":0,""lastTxOk"":false,""txSeq"":0,""txCounter"":0,""aesKeyProvisioned"":true,""aesKeyPresent"":true,""aesKeySource"":""nvs"",""keyId"":1,""lastDownlinkCommandId"":0,""freqMHz"":920,""bwKHz"":125,""sf"":7,""cr"":5,""syncWord"":18,""txPowerDbm"":17,""preamble"":8,""tcxoVoltage"":1.600000024,""xtalVoltage"":0},""dataset"":{""state"":""idle"",""step"":""idle"",""label"":"""",""seq"":0,""targetSamples"":0,""sampleIntervalMs"":500,""maxDurationMs"":0,""useFanIntake"":true,""fanOnMs"":1000,""postFanSettleMs"":0,""nullingProfileId"":9,""queuePending"":0,""queueCapacity"":16,""queueEnqueued"":0,""queueDropped"":0,""publishFailCount"":0,""retryCount"":0,""retryFailCount"":0,""rejectedSamples"":0,""lastRejectReason"":""none"",""lastRejectChannel"":-1,""lastRejectOkFiniteCount"":0,""lastRejectStatus"":255,""lastRejectGain"":0,""lastRejectSaturated"":false},""recovery"":{""wifiReconnectCount"":0,""wifiReconnectFailCount"":0,""mqttReconnectCount"":0,""mqttConnectFailCount"":0,""lastMqttState"":0,""adsRecoveryCount"":0,""adsRecoveryFailCount"":0,""adsReadFailStreak"":0,""lastReason"":""none"",""lastRecoveryMs"":0,""bootRecoveryArmed"":false,""bootRecoveryDueMs"":0,""bootRecoveryReason"":""none"",""bootRecoveryNonAdsFailure"":false,""bootRecoveryRestartCount"":0},""nulling"":{""done"":false,""retryArmed"":false,""attemptCount"":0,""nextRetryMs"":0,""thresholdV"":9.999999747E-06,""minFinalV"":0},""telemetry"":{""valid"":true,""sampleMs"":6378436,""gasClass"":6,""gasName"":""CO2"",""confidence"":0,""alarm"":false,""sensorVoltage"":[0.110283732,0.003976149,0.004887456,-0.002573587,-0.009010925,-0.011497558,-0.019558227,-0.025281245],""sensorGain"":[32,64,64,64,64,64,64,64],""sensorStatus"":[0,0,0,0,0,0,0,0],""featureOrder"":[""MQ8"",""MQ135"",""MQ3"",""MQ5"",""MQ4"",""MQ7"",""MQ6"",""MQ2""]},""alarmLatched"":false}"
2026-08-04 11:07:23.183 +07:00,2.064,HOT_SWEEP_70,70,700,300,1,0,0.108414873,0.00398864,0.004896038,-0.002581655,-0.009062996,-0.011473207,-0.01961858,-0.025335705,"{""deviceId"":""1001"",""nodeId"":4097,""targetChId"":""0010"",""mode"":""inference"",""uptimeMs"":6379533,""debugEnabled"":true,""power"":{""mode"":""24v"",""externalPower"":true,""batteryMv"":65535,""batteryValid"":false,""batteryDetected"":false,""batterySenseStatus"":""not_detected"",""batteryLow"":false,""batteryCritical"":false,""sourceAmbiguous"":false,""serviceHoldActive"":false,""serviceHoldEffective"":false},""batterySession"":{""state"":""inactive"",""startedMs"":0,""stateStartedMs"":0,""validSampleBatches"":0,""requiredSampleBatches"":10,""alarmTxAttempts"":0,""alarmTxAttemptLimit"":3,""alarmAckReceived"":false,""pendingAlarm"":false,""pendingSaveRequired"":false,""persistenceFaultHold"":false,""completionReason"":""session_done""},""bootHealth"":{""adsReady"":true,""adsDrdyLevel"":0,""adsDrdyPulldownLevel"":0,""adsDrdyPullupLevel"":0,""adsMisoPulldownLevel"":0,""adsMisoPullupLevel"":1,""adsCsLevel"":1,""adsSyncLevel"":1,""adsStatus"":54,""adsMux"":15,""adsAdcon"":6,""adsDrate"":240,""adsReason"":""ok"",""tcaOk"":true,""mcpOkCount"":8,""mcpOk"":[true,true,true,true,true,true,true,true],""mcpAddrMask"":[1,1,1,1,1,1,1,1],""mcpControlTested"":true,""mcpControlOkCount"":8,""mcpControlOk"":[true,true,true,true,true,true,true,true],""dacReady"":true,""radioReady"":true,""mlReady"":true,""nullingProfileApplied"":true,""modelProfileReady"":false},""runtimeMcpCode"":[255,519,795,706,799,865,665,139],""model"":{""profileId"":""cnn-dualbranch-datasheet-v1-unbound"",""scalerProfileId"":""cnn-dualbranch-datasheet-v1-unbound"",""productionApproved"":true,""boundNullingProfileId"":8,""activeNullingProfileId"":9,""bindingValid"":true,""bindingModelMatches"":true,""profileReady"":false,""inferenceValid"":false,""sensorFault"":true},""lora"":{""beginState"":0,""lastTxState"":0,""lastTxOk"":false,""txSeq"":0,""txCounter"":0,""aesKeyProvisioned"":true,""aesKeyPresent"":true,""aesKeySource"":""nvs"",""keyId"":1,""lastDownlinkCommandId"":0,""freqMHz"":920,""bwKHz"":125,""sf"":7,""cr"":5,""syncWord"":18,""txPowerDbm"":17,""preamble"":8,""tcxoVoltage"":1.600000024,""xtalVoltage"":0},""dataset"":{""state"":""idle"",""step"":""idle"",""label"":"""",""seq"":0,""targetSamples"":0,""sampleIntervalMs"":500,""maxDurationMs"":0,""useFanIntake"":true,""fanOnMs"":1000,""postFanSettleMs"":0,""nullingProfileId"":9,""queuePending"":0,""queueCapacity"":16,""queueEnqueued"":0,""queueDropped"":0,""publishFailCount"":0,""retryCount"":0,""retryFailCount"":0,""rejectedSamples"":0,""lastRejectReason"":""none"",""lastRejectChannel"":-1,""lastRejectOkFiniteCount"":0,""lastRejectStatus"":255,""lastRejectGain"":0,""lastRejectSaturated"":false},""recovery"":{""wifiReconnectCount"":0,""wifiReconnectFailCount"":0,""mqttReconnectCount"":0,""mqttConnectFailCount"":0,""lastMqttState"":0,""adsRecoveryCount"":0,""adsRecoveryFailCount"":0,""adsReadFailStreak"":0,""lastReason"":""none"",""lastRecoveryMs"":0,""bootRecoveryArmed"":false,""bootRecoveryDueMs"":0,""bootRecoveryReason"":""none"",""bootRecoveryNonAdsFailure"":false,""bootRecoveryRestartCount"":0},""nulling"":{""done"":false,""retryArmed"":false,""attemptCount"":0,""nextRetryMs"":0,""thresholdV"":9.999999747E-06,""minFinalV"":0},""telemetry"":{""valid"":true,""sampleMs"":6379125,""gasClass"":6,""gasName"":""CO2"",""confidence"":0,""alarm"":false,""sensorVoltage"":[0.108414873,0.00398864,0.004896038,-0.002581655,-0.009062996,-0.011473207,-0.01961858,-0.025335705],""sensorGain"":[32,64,64,64,64,64,64,64],""sensorStatus"":[0,0,0,0,0,0,0,0],""featureOrder"":[""MQ8"",""MQ135"",""MQ3"",""MQ5"",""MQ4"",""MQ7"",""MQ6"",""MQ2""]},""alarmLatched"":false}"
2026-08-04 11:07:23.882 +07:00,2.763,HOT_SWEEP_70,70,700,300,1,0,0.109425031,0.00388443,0.004873341,-0.002549779,-0.008856984,-0.011196914,-0.019209234,-0.024885876,"{""deviceId"":""1001"",""nodeId"":4097,""targetChId"":""0010"",""mode"":""inference"",""uptimeMs"":6380230,""debugEnabled"":true,""power"":{""mode"":""24v"",""externalPower"":true,""batteryMv"":65535,""batteryValid"":false,""batteryDetected"":false,""batterySenseStatus"":""not_detected"",""batteryLow"":false,""batteryCritical"":false,""sourceAmbiguous"":false,""serviceHoldActive"":false,""serviceHoldEffective"":false},""batterySession"":{""state"":""inactive"",""startedMs"":0,""stateStartedMs"":0,""validSampleBatches"":0,""requiredSampleBatches"":10,""alarmTxAttempts"":0,""alarmTxAttemptLimit"":3,""alarmAckReceived"":false,""pendingAlarm"":false,""pendingSaveRequired"":false,""persistenceFaultHold"":false,""completionReason"":""session_done""},""bootHealth"":{""adsReady"":true,""adsDrdyLevel"":0,""adsDrdyPulldownLevel"":0,""adsDrdyPullupLevel"":0,""adsMisoPulldownLevel"":0,""adsMisoPullupLevel"":1,""adsCsLevel"":1,""adsSyncLevel"":1,""adsStatus"":54,""adsMux"":15,""adsAdcon"":6,""adsDrate"":240,""adsReason"":""ok"",""tcaOk"":true,""mcpOkCount"":8,""mcpOk"":[true,true,true,true,true,true,true,true],""mcpAddrMask"":[1,1,1,1,1,1,1,1],""mcpControlTested"":true,""mcpControlOkCount"":8,""mcpControlOk"":[true,true,true,true,true,true,true,true],""dacReady"":true,""radioReady"":true,""mlReady"":true,""nullingProfileApplied"":true,""modelProfileReady"":false},""runtimeMcpCode"":[255,519,795,706,799,865,665,139],""model"":{""profileId"":""cnn-dualbranch-datasheet-v1-unbound"",""scalerProfileId"":""cnn-dualbranch-datasheet-v1-unbound"",""productionApproved"":true,""boundNullingProfileId"":8,""activeNullingProfileId"":9,""bindingValid"":true,""bindingModelMatches"":true,""profileReady"":false,""inferenceValid"":false,""sensorFault"":true},""lora"":{""beginState"":0,""lastTxState"":0,""lastTxOk"":false,""txSeq"":0,""txCounter"":0,""aesKeyProvisioned"":true,""aesKeyPresent"":true,""aesKeySource"":""nvs"",""keyId"":1,""lastDownlinkCommandId"":0,""freqMHz"":920,""bwKHz"":125,""sf"":7,""cr"":5,""syncWord"":18,""txPowerDbm"":17,""preamble"":8,""tcxoVoltage"":1.600000024,""xtalVoltage"":0},""dataset"":{""state"":""idle"",""step"":""idle"",""label"":"""",""seq"":0,""targetSamples"":0,""sampleIntervalMs"":500,""maxDurationMs"":0,""useFanIntake"":true,""fanOnMs"":1000,""postFanSettleMs"":0,""nullingProfileId"":9,""queuePending"":0,""queueCapacity"":16,""queueEnqueued"":0,""queueDropped"":0,""publishFailCount"":0,""retryCount"":0,""retryFailCount"":0,""rejectedSamples"":0,""lastRejectReason"":""none"",""lastRejectChannel"":-1,""lastRejectOkFiniteCount"":0,""lastRejectStatus"":255,""lastRejectGain"":0,""lastRejectSaturated"":false},""recovery"":{""wifiReconnectCount"":0,""wifiReconnectFailCount"":0,""mqttReconnectCount"":0,""mqttConnectFailCount"":0,""lastMqttState"":0,""adsRecoveryCount"":0,""adsRecoveryFailCount"":0,""adsReadFailStreak"":0,""lastReason"":""none"",""lastRecoveryMs"":0,""bootRecoveryArmed"":false,""bootRecoveryDueMs"":0,""bootRecoveryReason"":""none"",""bootRecoveryNonAdsFailure"":false,""bootRecoveryRestartCount"":0},""nulling"":{""done"":false,""retryArmed"":false,""attemptCount"":0,""nextRetryMs"":0,""thresholdV"":9.999999747E-06,""minFinalV"":0},""telemetry"":{""valid"":true,""sampleMs"":6379843,""gasClass"":6,""gasName"":""CO2"",""confidence"":0,""alarm"":false,""sensorVoltage"":[0.109425031,0.00388443,0.004873341,-0.002549779,-0.008856984,-0.011196914,-0.019209234,-0.024885876],""sensorGain"":[32,64,64,64,64,64,64,64],""sensorStatus"":[0,0,0,0,0,0,0,0],""featureOrder"":[""MQ8"",""MQ135"",""MQ3"",""MQ5"",""MQ4"",""MQ7"",""MQ6"",""MQ2""]},""alarmLatched"":false}"
2026-08-04 11:07:24.559 +07:00,3.441,HOT_SWEEP_70,70,700,300,1,0,0.10819988,0.003952557,0.004830246,-0.00254482,-0.009107093,-0.011201729,-0.019228544,-0.02489618,"{""deviceId"":""1001"",""nodeId"":4097,""targetChId"":""0010"",""mode"":""inference"",""uptimeMs"":6380911,""debugEnabled"":true,""power"":{""mode"":""24v"",""externalPower"":true,""batteryMv"":65535,""batteryValid"":false,""batteryDetected"":false,""batterySenseStatus"":""not_detected"",""batteryLow"":false,""batteryCritical"":false,""sourceAmbiguous"":false,""serviceHoldActive"":false,""serviceHoldEffective"":false},""batterySession"":{""state"":""inactive"",""startedMs"":0,""stateStartedMs"":0,""validSampleBatches"":0,""requiredSampleBatches"":10,""alarmTxAttempts"":0,""alarmTxAttemptLimit"":3,""alarmAckReceived"":false,""pendingAlarm"":false,""pendingSaveRequired"":false,""persistenceFaultHold"":false,""completionReason"":""session_done""},""bootHealth"":{""adsReady"":true,""adsDrdyLevel"":0,""adsDrdyPulldownLevel"":0,""adsDrdyPullupLevel"":0,""adsMisoPulldownLevel"":0,""adsMisoPullupLevel"":1,""adsCsLevel"":1,""adsSyncLevel"":1,""adsStatus"":54,""adsMux"":15,""adsAdcon"":6,""adsDrate"":240,""adsReason"":""ok"",""tcaOk"":true,""mcpOkCount"":8,""mcpOk"":[true,true,true,true,true,true,true,true],""mcpAddrMask"":[1,1,1,1,1,1,1,1],""mcpControlTested"":true,""mcpControlOkCount"":8,""mcpControlOk"":[true,true,true,true,true,true,true,true],""dacReady"":true,""radioReady"":true,""mlReady"":true,""nullingProfileApplied"":true,""modelProfileReady"":false},""runtimeMcpCode"":[255,519,795,706,799,865,665,139],""model"":{""profileId"":""cnn-dualbranch-datasheet-v1-unbound"",""scalerProfileId"":""cnn-dualbranch-datasheet-v1-unbound"",""productionApproved"":true,""boundNullingProfileId"":8,""activeNullingProfileId"":9,""bindingValid"":true,""bindingModelMatches"":true,""profileReady"":false,""inferenceValid"":false,""sensorFault"":true},""lora"":{""beginState"":0,""lastTxState"":0,""lastTxOk"":false,""txSeq"":0,""txCounter"":0,""aesKeyProvisioned"":true,""aesKeyPresent"":true,""aesKeySource"":""nvs"",""keyId"":1,""lastDownlinkCommandId"":0,""freqMHz"":920,""bwKHz"":125,""sf"":7,""cr"":5,""syncWord"":18,""txPowerDbm"":17,""preamble"":8,""tcxoVoltage"":1.600000024,""xtalVoltage"":0},""dataset"":{""state"":""idle"",""step"":""idle"",""label"":"""",""seq"":0,""targetSamples"":0,""sampleIntervalMs"":500,""maxDurationMs"":0,""useFanIntake"":true,""fanOnMs"":1000,""postFanSettleMs"":0,""nullingProfileId"":9,""queuePending"":0,""queueCapacity"":16,""queueEnqueued"":0,""queueDropped"":0,""publishFailCount"":0,""retryCount"":0,""retryFailCount"":0,""rejectedSamples"":0,""lastRejectReason"":""none"",""lastRejectChannel"":-1,""lastRejectOkFiniteCount"":0,""lastRejectStatus"":255,""lastRejectGain"":0,""lastRejectSaturated"":false},""recovery"":{""wifiReconnectCount"":0,""wifiReconnectFailCount"":0,""mqttReconnectCount"":0,""mqttConnectFailCount"":0,""lastMqttState"":0,""adsRecoveryCount"":0,""adsRecoveryFailCount"":0,""adsReadFailStreak"":0,""lastReason"":""none"",""lastRecoveryMs"":0,""bootRecoveryArmed"":false,""bootRecoveryDueMs"":0,""bootRecoveryReason"":""none"",""bootRecoveryNonAdsFailure"":false,""bootRecoveryRestartCount"":0},""nulling"":{""done"":false,""retryArmed"":false,""attemptCount"":0,""nextRetryMs"":0,""thresholdV"":9.999999747E-06,""minFinalV"":0},""telemetry"":{""valid"":true,""sampleMs"":6380508,""gasClass"":6,""gasName"":""CO2"",""confidence"":0,""alarm"":false,""sensorVoltage"":[0.10819988,0.003952557,0.004830246,-0.00254482,-0.009107093,-0.011201729,-0.019228544,-0.02489618],""sensorGain"":[32,64,64,64,64,64,64,64],""sensorStatus"":[0,0,0,0,0,0,0,0],""featureOrder"":[""MQ8"",""MQ135"",""MQ3"",""MQ5"",""MQ4"",""MQ7"",""MQ6"",""MQ2""]},""alarmLatched"":false}"
2026-08-04 11:07:25.243 +07:00,4.124,HOT_SWEEP_70,70,700,300,1,0,0.105289087,0.003894187,0.004813302,-0.00257222,-0.007982465,-0.01147565,-0.019594315,-0.025428439,"{""deviceId"":""1001"",""nodeId"":4097,""targetChId"":""0010"",""mode"":""inference"",""uptimeMs"":6381598,""debugEnabled"":true,""power"":{""mode"":""24v"",""externalPower"":true,""batteryMv"":65535,""batteryValid"":false,""batteryDetected"":false,""batterySenseStatus"":""not_detected"",""batteryLow"":false,""batteryCritical"":false,""sourceAmbiguous"":false,""serviceHoldActive"":false,""serviceHoldEffective"":false},""batterySession"":{""state"":""inactive"",""startedMs"":0,""stateStartedMs"":0,""validSampleBatches"":0,""requiredSampleBatches"":10,""alarmTxAttempts"":0,""alarmTxAttemptLimit"":3,""alarmAckReceived"":false,""pendingAlarm"":false,""pendingSaveRequired"":false,""persistenceFaultHold"":false,""completionReason"":""session_done""},""bootHealth"":{""adsReady"":true,""adsDrdyLevel"":0,""adsDrdyPulldownLevel"":0,""adsDrdyPullupLevel"":0,""adsMisoPulldownLevel"":0,""adsMisoPullupLevel"":1,""adsCsLevel"":1,""adsSyncLevel"":1,""adsStatus"":54,""adsMux"":15,""adsAdcon"":6,""adsDrate"":240,""adsReason"":""ok"",""tcaOk"":true,""mcpOkCount"":8,""mcpOk"":[true,true,true,true,true,true,true,true],""mcpAddrMask"":[1,1,1,1,1,1,1,1],""mcpControlTested"":true,""mcpControlOkCount"":8,""mcpControlOk"":[true,true,true,true,true,true,true,true],""dacReady"":true,""radioReady"":true,""mlReady"":true,""nullingProfileApplied"":true,""modelProfileReady"":false},""runtimeMcpCode"":[255,519,795,706,799,865,665,139],""model"":{""profileId"":""cnn-dualbranch-datasheet-v1-unbound"",""scalerProfileId"":""cnn-dualbranch-datasheet-v1-unbound"",""productionApproved"":true,""boundNullingProfileId"":8,""activeNullingProfileId"":9,""bindingValid"":true,""bindingModelMatches"":true,""profileReady"":false,""inferenceValid"":false,""sensorFault"":true},""lora"":{""beginState"":0,""lastTxState"":0,""lastTxOk"":false,""txSeq"":0,""txCounter"":0,""aesKeyProvisioned"":true,""aesKeyPresent"":true,""aesKeySource"":""nvs"",""keyId"":1,""lastDownlinkCommandId"":0,""freqMHz"":920,""bwKHz"":125,""sf"":7,""cr"":5,""syncWord"":18,""txPowerDbm"":17,""preamble"":8,""tcxoVoltage"":1.600000024,""xtalVoltage"":0},""dataset"":{""state"":""idle"",""step"":""idle"",""label"":"""",""seq"":0,""targetSamples"":0,""sampleIntervalMs"":500,""maxDurationMs"":0,""useFanIntake"":true,""fanOnMs"":1000,""postFanSettleMs"":0,""nullingProfileId"":9,""queuePending"":0,""queueCapacity"":16,""queueEnqueued"":0,""queueDropped"":0,""publishFailCount"":0,""retryCount"":0,""retryFailCount"":0,""rejectedSamples"":0,""lastRejectReason"":""none"",""lastRejectChannel"":-1,""lastRejectOkFiniteCount"":0,""lastRejectStatus"":255,""lastRejectGain"":0,""lastRejectSaturated"":false},""recovery"":{""wifiReconnectCount"":0,""wifiReconnectFailCount"":0,""mqttReconnectCount"":0,""mqttConnectFailCount"":0,""lastMqttState"":0,""adsRecoveryCount"":0,""adsRecoveryFailCount"":0,""adsReadFailStreak"":0,""lastReason"":""none"",""lastRecoveryMs"":0,""bootRecoveryArmed"":false,""bootRecoveryDueMs"":0,""bootRecoveryReason"":""none"",""bootRecoveryNonAdsFailure"":false,""bootRecoveryRestartCount"":0},""nulling"":{""done"":false,""retryArmed"":false,""attemptCount"":0,""nextRetryMs"":0,""thresholdV"":9.999999747E-06,""minFinalV"":0},""telemetry"":{""valid"":true,""sampleMs"":6381189,""gasClass"":6,""gasName"":""CO2"",""confidence"":0,""alarm"":false,""sensorVoltage"":[0.105289087,0.003894187,0.004813302,-0.00257222,-0.007982465,-0.01147565,-0.019594315,-0.025428439],""sensorGain"":[32,64,64,64,64,64,64,64],""sensorStatus"":[0,0,0,0,0,0,0,0],""featureOrder"":[""MQ8"",""MQ135"",""MQ3"",""MQ5"",""MQ4"",""MQ7"",""MQ6"",""MQ2""]},""alarmLatched"":false}"
2026-08-04 11:07:25.926 +07:00,4.807,HOT_SWEEP_70,70,700,300,1,0,0.105110429,0.003794173,0.004821054,-0.002623885,-0.007805333,-0.011222111,-0.019605365,-0.02547051,"{""deviceId"":""1001"",""nodeId"":4097,""targetChId"":""0010"",""mode"":""inference"",""uptimeMs"":6382281,""debugEnabled"":true,""power"":{""mode"":""24v"",""externalPower"":true,""batteryMv"":65535,""batteryValid"":false,""batteryDetected"":false,""batterySenseStatus"":""not_detected"",""batteryLow"":false,""batteryCritical"":false,""sourceAmbiguous"":false,""serviceHoldActive"":false,""serviceHoldEffective"":false},""batterySession"":{""state"":""inactive"",""startedMs"":0,""stateStartedMs"":0,""validSampleBatches"":0,""requiredSampleBatches"":10,""alarmTxAttempts"":0,""alarmTxAttemptLimit"":3,""alarmAckReceived"":false,""pendingAlarm"":false,""pendingSaveRequired"":false,""persistenceFaultHold"":false,""completionReason"":""session_done""},""bootHealth"":{""adsReady"":true,""adsDrdyLevel"":0,""adsDrdyPulldownLevel"":0,""adsDrdyPullupLevel"":0,""adsMisoPulldownLevel"":0,""adsMisoPullupLevel"":1,""adsCsLevel"":1,""adsSyncLevel"":1,""adsStatus"":54,""adsMux"":15,""adsAdcon"":6,""adsDrate"":240,""adsReason"":""ok"",""tcaOk"":true,""mcpOkCount"":8,""mcpOk"":[true,true,true,true,true,true,true,true],""mcpAddrMask"":[1,1,1,1,1,1,1,1],""mcpControlTested"":true,""mcpControlOkCount"":8,""mcpControlOk"":[true,true,true,true,true,true,true,true],""dacReady"":true,""radioReady"":true,""mlReady"":true,""nullingProfileApplied"":true,""modelProfileReady"":false},""runtimeMcpCode"":[255,519,795,706,799,865,665,139],""model"":{""profileId"":""cnn-dualbranch-datasheet-v1-unbound"",""scalerProfileId"":""cnn-dualbranch-datasheet-v1-unbound"",""productionApproved"":true,""boundNullingProfileId"":8,""activeNullingProfileId"":9,""bindingValid"":true,""bindingModelMatches"":true,""profileReady"":false,""inferenceValid"":false,""sensorFault"":true},""lora"":{""beginState"":0,""lastTxState"":0,""lastTxOk"":false,""txSeq"":0,""txCounter"":0,""aesKeyProvisioned"":true,""aesKeyPresent"":true,""aesKeySource"":""nvs"",""keyId"":1,""lastDownlinkCommandId"":0,""freqMHz"":920,""bwKHz"":125,""sf"":7,""cr"":5,""syncWord"":18,""txPowerDbm"":17,""preamble"":8,""tcxoVoltage"":1.600000024,""xtalVoltage"":0},""dataset"":{""state"":""idle"",""step"":""idle"",""label"":"""",""seq"":0,""targetSamples"":0,""sampleIntervalMs"":500,""maxDurationMs"":0,""useFanIntake"":true,""fanOnMs"":1000,""postFanSettleMs"":0,""nullingProfileId"":9,""queuePending"":0,""queueCapacity"":16,""queueEnqueued"":0,""queueDropped"":0,""publishFailCount"":0,""retryCount"":0,""retryFailCount"":0,""rejectedSamples"":0,""lastRejectReason"":""none"",""lastRejectChannel"":-1,""lastRejectOkFiniteCount"":0,""lastRejectStatus"":255,""lastRejectGain"":0,""lastRejectSaturated"":false},""recovery"":{""wifiReconnectCount"":0,""wifiReconnectFailCount"":0,""mqttReconnectCount"":0,""mqttConnectFailCount"":0,""lastMqttState"":0,""adsRecoveryCount"":0,""adsRecoveryFailCount"":0,""adsReadFailStreak"":0,""lastReason"":""none"",""lastRecoveryMs"":0,""bootRecoveryArmed"":false,""bootRecoveryDueMs"":0,""bootRecoveryReason"":""none"",""bootRecoveryNonAdsFailure"":false,""bootRecoveryRestartCount"":0},""nulling"":{""done"":false,""retryArmed"":false,""attemptCount"":0,""nextRetryMs"":0,""thresholdV"":9.999999747E-06,""minFinalV"":0},""telemetry"":{""valid"":true,""sampleMs"":6381908,""gasClass"":6,""gasName"":""CO2"",""confidence"":0,""alarm"":false,""sensorVoltage"":[0.105110429,0.003794173,0.004821054,-0.002623885,-0.007805333,-0.011222111,-0.019605365,-0.02547051],""sensorGain"":[32,64,64,64,64,64,64,64],""sensorStatus"":[0,0,0,0,0,0,0,0],""featureOrder"":[""MQ8"",""MQ135"",""MQ3"",""MQ5"",""MQ4"",""MQ7"",""MQ6"",""MQ2""]},""alarmLatched"":false}"
2026-08-04 11:07:26.617 +07:00,5.496,HOT_SWEEP_70,70,700,300,1,0,0.104532734,0.003754449,0.004822559,-0.002629131,-0.006865117,-0.011307161,-0.019623205,-0.025428602,"{""deviceId"":""1001"",""nodeId"":4097,""targetChId"":""0010"",""mode"":""inference"",""uptimeMs"":6382963,""debugEnabled"":true,""power"":{""mode"":""24v"",""externalPower"":true,""batteryMv"":65535,""batteryValid"":false,""batteryDetected"":false,""batterySenseStatus"":""not_detected"",""batteryLow"":false,""batteryCritical"":false,""sourceAmbiguous"":false,""serviceHoldActive"":false,""serviceHoldEffective"":false},""batterySession"":{""state"":""inactive"",""startedMs"":0,""stateStartedMs"":0,""validSampleBatches"":0,""requiredSampleBatches"":10,""alarmTxAttempts"":0,""alarmTxAttemptLimit"":3,""alarmAckReceived"":false,""pendingAlarm"":false,""pendingSaveRequired"":false,""persistenceFaultHold"":false,""completionReason"":""session_done""},""bootHealth"":{""adsReady"":true,""adsDrdyLevel"":0,""adsDrdyPulldownLevel"":0,""adsDrdyPullupLevel"":0,""adsMisoPulldownLevel"":0,""adsMisoPullupLevel"":1,""adsCsLevel"":1,""adsSyncLevel"":1,""adsStatus"":54,""adsMux"":15,""adsAdcon"":6,""adsDrate"":240,""adsReason"":""ok"",""tcaOk"":true,""mcpOkCount"":8,""mcpOk"":[true,true,true,true,true,true,true,true],""mcpAddrMask"":[1,1,1,1,1,1,1,1],""mcpControlTested"":true,""mcpControlOkCount"":8,""mcpControlOk"":[true,true,true,true,true,true,true,true],""dacReady"":true,""radioReady"":true,""mlReady"":true,""nullingProfileApplied"":true,""modelProfileReady"":false},""runtimeMcpCode"":[255,519,795,706,799,865,665,139],""model"":{""profileId"":""cnn-dualbranch-datasheet-v1-unbound"",""scalerProfileId"":""cnn-dualbranch-datasheet-v1-unbound"",""productionApproved"":true,""boundNullingProfileId"":8,""activeNullingProfileId"":9,""bindingValid"":true,""bindingModelMatches"":true,""profileReady"":false,""inferenceValid"":false,""sensorFault"":true},""lora"":{""beginState"":0,""lastTxState"":0,""lastTxOk"":false,""txSeq"":0,""txCounter"":0,""aesKeyProvisioned"":true,""aesKeyPresent"":true,""aesKeySource"":""nvs"",""keyId"":1,""lastDownlinkCommandId"":0,""freqMHz"":920,""bwKHz"":125,""sf"":7,""cr"":5,""syncWord"":18,""txPowerDbm"":17,""preamble"":8,""tcxoVoltage"":1.600000024,""xtalVoltage"":0},""dataset"":{""state"":""idle"",""step"":""idle"",""label"":"""",""seq"":0,""targetSamples"":0,""sampleIntervalMs"":500,""maxDurationMs"":0,""useFanIntake"":true,""fanOnMs"":1000,""postFanSettleMs"":0,""nullingProfileId"":9,""queuePending"":0,""queueCapacity"":16,""queueEnqueued"":0,""queueDropped"":0,""publishFailCount"":0,""retryCount"":0,""retryFailCount"":0,""rejectedSamples"":0,""lastRejectReason"":""none"",""lastRejectChannel"":-1,""lastRejectOkFiniteCount"":0,""lastRejectStatus"":255,""lastRejectGain"":0,""lastRejectSaturated"":false},""recovery"":{""wifiReconnectCount"":0,""wifiReconnectFailCount"":0,""mqttReconnectCount"":0,""mqttConnectFailCount"":0,""lastMqttState"":0,""adsRecoveryCount"":0,""adsRecoveryFailCount"":0,""adsReadFailStreak"":0,""lastReason"":""none"",""lastRecoveryMs"":0,""bootRecoveryArmed"":false,""bootRecoveryDueMs"":0,""bootRecoveryReason"":""none"",""bootRecoveryNonAdsFailure"":false,""bootRecoveryRestartCount"":0},""nulling"":{""done"":false,""retryArmed"":false,""attemptCount"":0,""nextRetryMs"":0,""thresholdV"":9.999999747E-06,""minFinalV"":0},""telemetry"":{""valid"":true,""sampleMs"":6382559,""gasClass"":6,""gasName"":""CO2"",""confidence"":0,""alarm"":false,""sensorVoltage"":[0.104532734,0.003754449,0.004822559,-0.002629131,-0.006865117,-0.011307161,-0.019623205,-0.025428602],""sensorGain"":[32,64,64,64,64,64,64,64],""sensorStatus"":[0,0,0,0,0,0,0,0],""featureOrder"":[""MQ8"",""MQ135"",""MQ3"",""MQ5"",""MQ4"",""MQ7"",""MQ6"",""MQ2""]},""alarmLatched"":false}"
2026-08-04 11:07:27.313 +07:00,6.194,HOT_SWEEP_70,70,700,300,1,0,0.101078294,0.003880363,0.004854527,-0.002687181,-0.00707361,-0.011600758,-0.019998943,-0.025806734,"{""deviceId"":""1001"",""nodeId"":4097,""targetChId"":""0010"",""mode"":""inference"",""uptimeMs"":6383661,""debugEnabled"":true,""power"":{""mode"":""24v"",""externalPower"":true,""batteryMv"":65535,""batteryValid"":false,""batteryDetected"":false,""batterySenseStatus"":""not_detected"",""batteryLow"":false,""batteryCritical"":false,""sourceAmbiguous"":false,""serviceHoldActive"":false,""serviceHoldEffective"":false},""batterySession"":{""state"":""inactive"",""startedMs"":0,""stateStartedMs"":0,""validSampleBatches"":0,""requiredSampleBatches"":10,""alarmTxAttempts"":0,""alarmTxAttemptLimit"":3,""alarmAckReceived"":false,""pendingAlarm"":false,""pendingSaveRequired"":false,""persistenceFaultHold"":false,""completionReason"":""session_done""},""bootHealth"":{""adsReady"":true,""adsDrdyLevel"":0,""adsDrdyPulldownLevel"":0,""adsDrdyPullupLevel"":0,""adsMisoPulldownLevel"":0,""adsMisoPullupLevel"":1,""adsCsLevel"":1,""adsSyncLevel"":1,""adsStatus"":54,""adsMux"":15,""adsAdcon"":6,""adsDrate"":240,""adsReason"":""ok"",""tcaOk"":true,""mcpOkCount"":8,""mcpOk"":[true,true,true,true,true,true,true,true],""mcpAddrMask"":[1,1,1,1,1,1,1,1],""mcpControlTested"":true,""mcpControlOkCount"":8,""mcpControlOk"":[true,true,true,true,true,true,true,true],""dacReady"":true,""radioReady"":true,""mlReady"":true,""nullingProfileApplied"":true,""modelProfileReady"":false},""runtimeMcpCode"":[255,519,795,706,799,865,665,139],""model"":{""profileId"":""cnn-dualbranch-datasheet-v1-unbound"",""scalerProfileId"":""cnn-dualbranch-datasheet-v1-unbound"",""productionApproved"":true,""boundNullingProfileId"":8,""activeNullingProfileId"":9,""bindingValid"":true,""bindingModelMatches"":true,""profileReady"":false,""inferenceValid"":false,""sensorFault"":true},""lora"":{""beginState"":0,""lastTxState"":0,""lastTxOk"":false,""txSeq"":0,""txCounter"":0,""aesKeyProvisioned"":true,""aesKeyPresent"":true,""aesKeySource"":""nvs"",""keyId"":1,""lastDownlinkCommandId"":0,""freqMHz"":920,""bwKHz"":125,""sf"":7,""cr"":5,""syncWord"":18,""txPowerDbm"":17,""preamble"":8,""tcxoVoltage"":1.600000024,""xtalVoltage"":0},""dataset"":{""state"":""idle"",""step"":""idle"",""label"":"""",""seq"":0,""targetSamples"":0,""sampleIntervalMs"":500,""maxDurationMs"":0,""useFanIntake"":true,""fanOnMs"":1000,""postFanSettleMs"":0,""nullingProfileId"":9,""queuePending"":0,""queueCapacity"":16,""queueEnqueued"":0,""queueDropped"":0,""publishFailCount"":0,""retryCount"":0,""retryFailCount"":0,""rejectedSamples"":0,""lastRejectReason"":""none"",""lastRejectChannel"":-1,""lastRejectOkFiniteCount"":0,""lastRejectStatus"":255,""lastRejectGain"":0,""lastRejectSaturated"":false},""recovery"":{""wifiReconnectCount"":0,""wifiReconnectFailCount"":0,""mqttReconnectCount"":0,""mqttConnectFailCount"":0,""lastMqttState"":0,""adsRecoveryCount"":0,""adsRecoveryFailCount"":0,""adsReadFailStreak"":0,""lastReason"":""none"",""lastRecoveryMs"":0,""bootRecoveryArmed"":false,""bootRecoveryDueMs"":0,""bootRecoveryReason"":""none"",""bootRecoveryNonAdsFailure"":false,""bootRecoveryRestartCount"":0},""nulling"":{""done"":false,""retryArmed"":false,""attemptCount"":0,""nextRetryMs"":0,""thresholdV"":9.999999747E-06,""minFinalV"":0},""telemetry"":{""valid"":true,""sampleMs"":6383241,""gasClass"":6,""gasName"":""CO2"",""confidence"":0,""alarm"":false,""sensorVoltage"":[0.101078294,0.003880363,0.004854527,-0.002687181,-0.00707361,-0.011600758,-0.019998943,-0.025806734],""sensorGain"":[32,64,64,64,64,64,64,64],""sensorStatus"":[0,0,0,0,0,0,0,0],""featureOrder"":[""MQ8"",""MQ135"",""MQ3"",""MQ5"",""MQ4"",""MQ7"",""MQ6"",""MQ2""]},""alarmLatched"":false}"
2026-08-04 11:07:27.995 +07:00,6.872,HOT_SWEEP_70,70,700,300,1,0,0.099929251,0.00378971,0.004826745,-0.002634138,-0.006920929,-0.011585904,-0.019997969,-0.025806263,"{""deviceId"":""1001"",""nodeId"":4097,""targetChId"":""0010"",""mode"":""inference"",""uptimeMs"":6384342,""debugEnabled"":true,""power"":{""mode"":""24v"",""externalPower"":true,""batteryMv"":65535,""batteryValid"":false,""batteryDetected"":false,""batterySenseStatus"":""not_detected"",""batteryLow"":false,""batteryCritical"":false,""sourceAmbiguous"":false,""serviceHoldActive"":false,""serviceHoldEffective"":false},""batterySession"":{""state"":""inactive"",""startedMs"":0,""stateStartedMs"":0,""validSampleBatches"":0,""requiredSampleBatches"":10,""alarmTxAttempts"":0,""alarmTxAttemptLimit"":3,""alarmAckReceived"":false,""pendingAlarm"":false,""pendingSaveRequired"":false,""persistenceFaultHold"":false,""completionReason"":""session_done""},""bootHealth"":{""adsReady"":true,""adsDrdyLevel"":0,""adsDrdyPulldownLevel"":0,""adsDrdyPullupLevel"":0,""adsMisoPulldownLevel"":0,""adsMisoPullupLevel"":1,""adsCsLevel"":1,""adsSyncLevel"":1,""adsStatus"":54,""adsMux"":15,""adsAdcon"":6,""adsDrate"":240,""adsReason"":""ok"",""tcaOk"":true,""mcpOkCount"":8,""mcpOk"":[true,true,true,true,true,true,true,true],""mcpAddrMask"":[1,1,1,1,1,1,1,1],""mcpControlTested"":true,""mcpControlOkCount"":8,""mcpControlOk"":[true,true,true,true,true,true,true,true],""dacReady"":true,""radioReady"":true,""mlReady"":true,""nullingProfileApplied"":true,""modelProfileReady"":false},""runtimeMcpCode"":[255,519,795,706,799,865,665,139],""model"":{""profileId"":""cnn-dualbranch-datasheet-v1-unbound"",""scalerProfileId"":""cnn-dualbranch-datasheet-v1-unbound"",""productionApproved"":true,""boundNullingProfileId"":8,""activeNullingProfileId"":9,""bindingValid"":true,""bindingModelMatches"":true,""profileReady"":false,""inferenceValid"":false,""sensorFault"":true},""lora"":{""beginState"":0,""lastTxState"":0,""lastTxOk"":false,""txSeq"":0,""txCounter"":0,""aesKeyProvisioned"":true,""aesKeyPresent"":true,""aesKeySource"":""nvs"",""keyId"":1,""lastDownlinkCommandId"":0,""freqMHz"":920,""bwKHz"":125,""sf"":7,""cr"":5,""syncWord"":18,""txPowerDbm"":17,""preamble"":8,""tcxoVoltage"":1.600000024,""xtalVoltage"":0},""dataset"":{""state"":""idle"",""step"":""idle"",""label"":"""",""seq"":0,""targetSamples"":0,""sampleIntervalMs"":500,""maxDurationMs"":0,""useFanIntake"":true,""fanOnMs"":1000,""postFanSettleMs"":0,""nullingProfileId"":9,""queuePending"":0,""queueCapacity"":16,""queueEnqueued"":0,""queueDropped"":0,""publishFailCount"":0,""retryCount"":0,""retryFailCount"":0,""rejectedSamples"":0,""lastRejectReason"":""none"",""lastRejectChannel"":-1,""lastRejectOkFiniteCount"":0,""lastRejectStatus"":255,""lastRejectGain"":0,""lastRejectSaturated"":false},""recovery"":{""wifiReconnectCount"":0,""wifiReconnectFailCount"":0,""mqttReconnectCount"":0,""mqttConnectFailCount"":0,""lastMqttState"":0,""adsRecoveryCount"":0,""adsRecoveryFailCount"":0,""adsReadFailStreak"":0,""lastReason"":""none"",""lastRecoveryMs"":0,""bootRecoveryArmed"":false,""bootRecoveryDueMs"":0,""bootRecoveryReason"":""none"",""bootRecoveryNonAdsFailure"":false,""bootRecoveryRestartCount"":0},""nulling"":{""done"":false,""retryArmed"":false,""attemptCount"":0,""nextRetryMs"":0,""thresholdV"":9.999999747E-06,""minFinalV"":0},""telemetry"":{""valid"":true,""sampleMs"":6383971,""gasClass"":6,""gasName"":""CO2"",""confidence"":0,""alarm"":false,""sensorVoltage"":[0.099929251,0.00378971,0.004826745,-0.002634138,-0.006920929,-0.011585904,-0.019997969,-0.025806263],""sensorGain"":[32,64,64,64,64,64,64,64],""sensorStatus"":[0,0,0,0,0,0,0,0],""featureOrder"":[""MQ8"",""MQ135"",""MQ3"",""MQ5"",""MQ4"",""MQ7"",""MQ6"",""MQ2""]},""alarmLatched"":false}"
2026-08-04 11:07:28.691 +07:00,7.573,HOT_SWEEP_70,70,700,300,1,0,0.097271226,0.003833356,0.004844646,-0.002641579,-0.005918654,-0.011883595,-0.019961564,-0.025827343,"{""deviceId"":""1001"",""nodeId"":4097,""targetChId"":""0010"",""mode"":""inference"",""uptimeMs"":6385040,""debugEnabled"":true,""power"":{""mode"":""24v"",""externalPower"":true,""batteryMv"":65535,""batteryValid"":false,""batteryDetected"":false,""batterySenseStatus"":""not_detected"",""batteryLow"":false,""batteryCritical"":false,""sourceAmbiguous"":false,""serviceHoldActive"":false,""serviceHoldEffective"":false},""batterySession"":{""state"":""inactive"",""startedMs"":0,""stateStartedMs"":0,""validSampleBatches"":0,""requiredSampleBatches"":10,""alarmTxAttempts"":0,""alarmTxAttemptLimit"":3,""alarmAckReceived"":false,""pendingAlarm"":false,""pendingSaveRequired"":false,""persistenceFaultHold"":false,""completionReason"":""session_done""},""bootHealth"":{""adsReady"":true,""adsDrdyLevel"":0,""adsDrdyPulldownLevel"":0,""adsDrdyPullupLevel"":0,""adsMisoPulldownLevel"":0,""adsMisoPullupLevel"":1,""adsCsLevel"":1,""adsSyncLevel"":1,""adsStatus"":54,""adsMux"":15,""adsAdcon"":6,""adsDrate"":240,""adsReason"":""ok"",""tcaOk"":true,""mcpOkCount"":8,""mcpOk"":[true,true,true,true,true,true,true,true],""mcpAddrMask"":[1,1,1,1,1,1,1,1],""mcpControlTested"":true,""mcpControlOkCount"":8,""mcpControlOk"":[true,true,true,true,true,true,true,true],""dacReady"":true,""radioReady"":true,""mlReady"":true,""nullingProfileApplied"":true,""modelProfileReady"":false},""runtimeMcpCode"":[255,519,795,706,799,865,665,139],""model"":{""profileId"":""cnn-dualbranch-datasheet-v1-unbound"",""scalerProfileId"":""cnn-dualbranch-datasheet-v1-unbound"",""productionApproved"":true,""boundNullingProfileId"":8,""activeNullingProfileId"":9,""bindingValid"":true,""bindingModelMatches"":true,""profileReady"":false,""inferenceValid"":false,""sensorFault"":true},""lora"":{""beginState"":0,""lastTxState"":0,""lastTxOk"":false,""txSeq"":0,""txCounter"":0,""aesKeyProvisioned"":true,""aesKeyPresent"":true,""aesKeySource"":""nvs"",""keyId"":1,""lastDownlinkCommandId"":0,""freqMHz"":920,""bwKHz"":125,""sf"":7,""cr"":5,""syncWord"":18,""txPowerDbm"":17,""preamble"":8,""tcxoVoltage"":1.600000024,""xtalVoltage"":0},""dataset"":{""state"":""idle"",""step"":""idle"",""label"":"""",""seq"":0,""targetSamples"":0,""sampleIntervalMs"":500,""maxDurationMs"":0,""useFanIntake"":true,""fanOnMs"":1000,""postFanSettleMs"":0,""nullingProfileId"":9,""queuePending"":0,""queueCapacity"":16,""queueEnqueued"":0,""queueDropped"":0,""publishFailCount"":0,""retryCount"":0,""retryFailCount"":0,""rejectedSamples"":0,""lastRejectReason"":""none"",""lastRejectChannel"":-1,""lastRejectOkFiniteCount"":0,""lastRejectStatus"":255,""lastRejectGain"":0,""lastRejectSaturated"":false},""recovery"":{""wifiReconnectCount"":0,""wifiReconnectFailCount"":0,""mqttReconnectCount"":0,""mqttConnectFailCount"":0,""lastMqttState"":0,""adsRecoveryCount"":0,""adsRecoveryFailCount"":0,""adsReadFailStreak"":0,""lastReason"":""none"",""lastRecoveryMs"":0,""bootRecoveryArmed"":false,""bootRecoveryDueMs"":0,""bootRecoveryReason"":""none"",""bootRecoveryNonAdsFailure"":false,""bootRecoveryRestartCount"":0},""nulling"":{""done"":false,""retryArmed"":false,""attemptCount"":0,""nextRetryMs"":0,""thresholdV"":9.999999747E-06,""minFinalV"":0},""telemetry"":{""valid"":true,""sampleMs"":6384620,""gasClass"":6,""gasName"":""CO2"",""confidence"":0,""alarm"":false,""sensorVoltage"":[0.097271226,0.003833356,0.004844646,-0.002641579,-0.005918654,-0.011883595,-0.019961564,-0.025827343],""sensorGain"":[32,64,64,64,64,64,64,64],""sensorStatus"":[0,0,0,0,0,0,0,0],""featureOrder"":[""MQ8"",""MQ135"",""MQ3"",""MQ5"",""MQ4"",""MQ7"",""MQ6"",""MQ2""]},""alarmLatched"":false}"
2026-08-04 11:07:29.381 +07:00,8.262,HOT_SWEEP_70,70,700,300,1,0,0.094874755,0.003849423,0.004792642,-0.002614869,-0.005880809,-0.011879498,-0.019926883,-0.025869077,"{""deviceId"":""1001"",""nodeId"":4097,""targetChId"":""0010"",""mode"":""inference"",""uptimeMs"":6385729,""debugEnabled"":true,""power"":{""mode"":""24v"",""externalPower"":true,""batteryMv"":65535,""batteryValid"":false,""batteryDetected"":false,""batterySenseStatus"":""not_detected"",""batteryLow"":false,""batteryCritical"":false,""sourceAmbiguous"":false,""serviceHoldActive"":false,""serviceHoldEffective"":false},""batterySession"":{""state"":""inactive"",""startedMs"":0,""stateStartedMs"":0,""validSampleBatches"":0,""requiredSampleBatches"":10,""alarmTxAttempts"":0,""alarmTxAttemptLimit"":3,""alarmAckReceived"":false,""pendingAlarm"":false,""pendingSaveRequired"":false,""persistenceFaultHold"":false,""completionReason"":""session_done""},""bootHealth"":{""adsReady"":true,""adsDrdyLevel"":0,""adsDrdyPulldownLevel"":0,""adsDrdyPullupLevel"":0,""adsMisoPulldownLevel"":0,""adsMisoPullupLevel"":1,""adsCsLevel"":1,""adsSyncLevel"":1,""adsStatus"":54,""adsMux"":15,""adsAdcon"":6,""adsDrate"":240,""adsReason"":""ok"",""tcaOk"":true,""mcpOkCount"":8,""mcpOk"":[true,true,true,true,true,true,true,true],""mcpAddrMask"":[1,1,1,1,1,1,1,1],""mcpControlTested"":true,""mcpControlOkCount"":8,""mcpControlOk"":[true,true,true,true,true,true,true,true],""dacReady"":true,""radioReady"":true,""mlReady"":true,""nullingProfileApplied"":true,""modelProfileReady"":false},""runtimeMcpCode"":[255,519,795,706,799,865,665,139],""model"":{""profileId"":""cnn-dualbranch-datasheet-v1-unbound"",""scalerProfileId"":""cnn-dualbranch-datasheet-v1-unbound"",""productionApproved"":true,""boundNullingProfileId"":8,""activeNullingProfileId"":9,""bindingValid"":true,""bindingModelMatches"":true,""profileReady"":false,""inferenceValid"":false,""sensorFault"":true},""lora"":{""beginState"":0,""lastTxState"":0,""lastTxOk"":false,""txSeq"":0,""txCounter"":0,""aesKeyProvisioned"":true,""aesKeyPresent"":true,""aesKeySource"":""nvs"",""keyId"":1,""lastDownlinkCommandId"":0,""freqMHz"":920,""bwKHz"":125,""sf"":7,""cr"":5,""syncWord"":18,""txPowerDbm"":17,""preamble"":8,""tcxoVoltage"":1.600000024,""xtalVoltage"":0},""dataset"":{""state"":""idle"",""step"":""idle"",""label"":"""",""seq"":0,""targetSamples"":0,""sampleIntervalMs"":500,""maxDurationMs"":0,""useFanIntake"":true,""fanOnMs"":1000,""postFanSettleMs"":0,""nullingProfileId"":9,""queuePending"":0,""queueCapacity"":16,""queueEnqueued"":0,""queueDropped"":0,""publishFailCount"":0,""retryCount"":0,""retryFailCount"":0,""rejectedSamples"":0,""lastRejectReason"":""none"",""lastRejectChannel"":-1,""lastRejectOkFiniteCount"":0,""lastRejectStatus"":255,""lastRejectGain"":0,""lastRejectSaturated"":false},""recovery"":{""wifiReconnectCount"":0,""wifiReconnectFailCount"":0,""mqttReconnectCount"":0,""mqttConnectFailCount"":0,""lastMqttState"":0,""adsRecoveryCount"":0,""adsRecoveryFailCount"":0,""adsReadFailStreak"":0,""lastReason"":""none"",""lastRecoveryMs"":0,""bootRecoveryArmed"":false,""bootRecoveryDueMs"":0,""bootRecoveryReason"":""none"",""bootRecoveryNonAdsFailure"":false,""bootRecoveryRestartCount"":0},""nulling"":{""done"":false,""retryArmed"":false,""attemptCount"":0,""nextRetryMs"":0,""thresholdV"":9.999999747E-06,""minFinalV"":0},""telemetry"":{""valid"":true,""sampleMs"":6385318,""gasClass"":6,""gasName"":""CO2"",""confidence"":0,""alarm"":false,""sensorVoltage"":[0.094874755,0.003849423,0.004792642,-0.002614869,-0.005880809,-0.011879498,-0.019926883,-0.025869077],""sensorGain"":[32,64,64,64,64,64,64,64],""sensorStatus"":[0,0,0,0,0,0,0,0],""featureOrder"":[""MQ8"",""MQ135"",""MQ3"",""MQ5"",""MQ4"",""MQ7"",""MQ6"",""MQ2""]},""alarmLatched"":false}"
2026-08-04 11:07:30.073 +07:00,8.954,HOT_SWEEP_70,70,700,300,1,0,0.094007052,0.003829086,0.004733307,-0.00262343,-0.005511317,-0.011885549,-0.019897029,-0.025812304,"{""deviceId"":""1001"",""nodeId"":4097,""targetChId"":""0010"",""mode"":""inference"",""uptimeMs"":6386425,""debugEnabled"":true,""power"":{""mode"":""24v"",""externalPower"":true,""batteryMv"":65535,""batteryValid"":false,""batteryDetected"":false,""batterySenseStatus"":""not_detected"",""batteryLow"":false,""batteryCritical"":false,""sourceAmbiguous"":false,""serviceHoldActive"":false,""serviceHoldEffective"":false},""batterySession"":{""state"":""inactive"",""startedMs"":0,""stateStartedMs"":0,""validSampleBatches"":0,""requiredSampleBatches"":10,""alarmTxAttempts"":0,""alarmTxAttemptLimit"":3,""alarmAckReceived"":false,""pendingAlarm"":false,""pendingSaveRequired"":false,""persistenceFaultHold"":false,""completionReason"":""session_done""},""bootHealth"":{""adsReady"":true,""adsDrdyLevel"":0,""adsDrdyPulldownLevel"":0,""adsDrdyPullupLevel"":0,""adsMisoPulldownLevel"":0,""adsMisoPullupLevel"":1,""adsCsLevel"":1,""adsSyncLevel"":1,""adsStatus"":54,""adsMux"":15,""adsAdcon"":6,""adsDrate"":240,""adsReason"":""ok"",""tcaOk"":true,""mcpOkCount"":8,""mcpOk"":[true,true,true,true,true,true,true,true],""mcpAddrMask"":[1,1,1,1,1,1,1,1],""mcpControlTested"":true,""mcpControlOkCount"":8,""mcpControlOk"":[true,true,true,true,true,true,true,true],""dacReady"":true,""radioReady"":true,""mlReady"":true,""nullingProfileApplied"":true,""modelProfileReady"":false},""runtimeMcpCode"":[255,519,795,706,799,865,665,139],""model"":{""profileId"":""cnn-dualbranch-datasheet-v1-unbound"",""scalerProfileId"":""cnn-dualbranch-datasheet-v1-unbound"",""productionApproved"":true,""boundNullingProfileId"":8,""activeNullingProfileId"":9,""bindingValid"":true,""bindingModelMatches"":true,""profileReady"":false,""inferenceValid"":false,""sensorFault"":true},""lora"":{""beginState"":0,""lastTxState"":0,""lastTxOk"":false,""txSeq"":0,""txCounter"":0,""aesKeyProvisioned"":true,""aesKeyPresent"":true,""aesKeySource"":""nvs"",""keyId"":1,""lastDownlinkCommandId"":0,""freqMHz"":920,""bwKHz"":125,""sf"":7,""cr"":5,""syncWord"":18,""txPowerDbm"":17,""preamble"":8,""tcxoVoltage"":1.600000024,""xtalVoltage"":0},""dataset"":{""state"":""idle"",""step"":""idle"",""label"":"""",""seq"":0,""targetSamples"":0,""sampleIntervalMs"":500,""maxDurationMs"":0,""useFanIntake"":true,""fanOnMs"":1000,""postFanSettleMs"":0,""nullingProfileId"":9,""queuePending"":0,""queueCapacity"":16,""queueEnqueued"":0,""queueDropped"":0,""publishFailCount"":0,""retryCount"":0,""retryFailCount"":0,""rejectedSamples"":0,""lastRejectReason"":""none"",""lastRejectChannel"":-1,""lastRejectOkFiniteCount"":0,""lastRejectStatus"":255,""lastRejectGain"":0,""lastRejectSaturated"":false},""recovery"":{""wifiReconnectCount"":0,""wifiReconnectFailCount"":0,""mqttReconnectCount"":0,""mqttConnectFailCount"":0,""lastMqttState"":0,""adsRecoveryCount"":0,""adsRecoveryFailCount"":0,""adsReadFailStreak"":0,""lastReason"":""none"",""lastRecoveryMs"":0,""bootRecoveryArmed"":false,""bootRecoveryDueMs"":0,""bootRecoveryReason"":""none"",""bootRecoveryNonAdsFailure"":false,""bootRecoveryRestartCount"":0},""nulling"":{""done"":false,""retryArmed"":false,""attemptCount"":0,""nextRetryMs"":0,""thresholdV"":9.999999747E-06,""minFinalV"":0},""telemetry"":{""valid"":true,""sampleMs"":6386039,""gasClass"":6,""gasName"":""CO2"",""confidence"":0,""alarm"":false,""sensorVoltage"":[0.094007052,0.003829086,0.004733307,-0.00262343,-0.005511317,-0.011885549,-0.019897029,-0.025812304],""sensorGain"":[32,64,64,64,64,64,64,64],""sensorStatus"":[0,0,0,0,0,0,0,0],""featureOrder"":[""MQ8"",""MQ135"",""MQ3"",""MQ5"",""MQ4"",""MQ7"",""MQ6"",""MQ2""]},""alarmLatched"":false}"
2026-08-04 11:07:30.757 +07:00,9.638,HOT_SWEEP_70,70,700,300,1,0,0.092402436,0.0039256,0.004709112,-0.002621432,-0.004930711,-0.011844559,-0.019910473,-0.025808781,"{""deviceId"":""1001"",""nodeId"":4097,""targetChId"":""0010"",""mode"":""inference"",""uptimeMs"":6387112,""debugEnabled"":true,""power"":{""mode"":""24v"",""externalPower"":true,""batteryMv"":65535,""batteryValid"":false,""batteryDetected"":false,""batterySenseStatus"":""not_detected"",""batteryLow"":false,""batteryCritical"":false,""sourceAmbiguous"":false,""serviceHoldActive"":false,""serviceHoldEffective"":false},""batterySession"":{""state"":""inactive"",""startedMs"":0,""stateStartedMs"":0,""validSampleBatches"":0,""requiredSampleBatches"":10,""alarmTxAttempts"":0,""alarmTxAttemptLimit"":3,""alarmAckReceived"":false,""pendingAlarm"":false,""pendingSaveRequired"":false,""persistenceFaultHold"":false,""completionReason"":""session_done""},""bootHealth"":{""adsReady"":true,""adsDrdyLevel"":0,""adsDrdyPulldownLevel"":0,""adsDrdyPullupLevel"":0,""adsMisoPulldownLevel"":0,""adsMisoPullupLevel"":1,""adsCsLevel"":1,""adsSyncLevel"":1,""adsStatus"":54,""adsMux"":15,""adsAdcon"":6,""adsDrate"":240,""adsReason"":""ok"",""tcaOk"":true,""mcpOkCount"":8,""mcpOk"":[true,true,true,true,true,true,true,true],""mcpAddrMask"":[1,1,1,1,1,1,1,1],""mcpControlTested"":true,""mcpControlOkCount"":8,""mcpControlOk"":[true,true,true,true,true,true,true,true],""dacReady"":true,""radioReady"":true,""mlReady"":true,""nullingProfileApplied"":true,""modelProfileReady"":false},""runtimeMcpCode"":[255,519,795,706,799,865,665,139],""model"":{""profileId"":""cnn-dualbranch-datasheet-v1-unbound"",""scalerProfileId"":""cnn-dualbranch-datasheet-v1-unbound"",""productionApproved"":true,""boundNullingProfileId"":8,""activeNullingProfileId"":9,""bindingValid"":true,""bindingModelMatches"":true,""profileReady"":false,""inferenceValid"":false,""sensorFault"":true},""lora"":{""beginState"":0,""lastTxState"":0,""lastTxOk"":false,""txSeq"":0,""txCounter"":0,""aesKeyProvisioned"":true,""aesKeyPresent"":true,""aesKeySource"":""nvs"",""keyId"":1,""lastDownlinkCommandId"":0,""freqMHz"":920,""bwKHz"":125,""sf"":7,""cr"":5,""syncWord"":18,""txPowerDbm"":17,""preamble"":8,""tcxoVoltage"":1.600000024,""xtalVoltage"":0},""dataset"":{""state"":""idle"",""step"":""idle"",""label"":"""",""seq"":0,""targetSamples"":0,""sampleIntervalMs"":500,""maxDurationMs"":0,""useFanIntake"":true,""fanOnMs"":1000,""postFanSettleMs"":0,""nullingProfileId"":9,""queuePending"":0,""queueCapacity"":16,""queueEnqueued"":0,""queueDropped"":0,""publishFailCount"":0,""retryCount"":0,""retryFailCount"":0,""rejectedSamples"":0,""lastRejectReason"":""none"",""lastRejectChannel"":-1,""lastRejectOkFiniteCount"":0,""lastRejectStatus"":255,""lastRejectGain"":0,""lastRejectSaturated"":false},""recovery"":{""wifiReconnectCount"":0,""wifiReconnectFailCount"":0,""mqttReconnectCount"":0,""mqttConnectFailCount"":0,""lastMqttState"":0,""adsRecoveryCount"":0,""adsRecoveryFailCount"":0,""adsReadFailStreak"":0,""lastReason"":""none"",""lastRecoveryMs"":0,""bootRecoveryArmed"":false,""bootRecoveryDueMs"":0,""bootRecoveryReason"":""none"",""bootRecoveryNonAdsFailure"":false,""bootRecoveryRestartCount"":0},""nulling"":{""done"":false,""retryArmed"":false,""attemptCount"":0,""nextRetryMs"":0,""thresholdV"":9.999999747E-06,""minFinalV"":0},""telemetry"":{""valid"":true,""sampleMs"":6386703,""gasClass"":6,""gasName"":""CO2"",""confidence"":0,""alarm"":false,""sensorVoltage"":[0.092402436,0.0039256,0.004709112,-0.002621432,-0.004930711,-0.011844559,-0.019910473,-0.025808781],""sensorGain"":[32,64,64,64,64,64,64,64],""sensorStatus"":[0,0,0,0,0,0,0,0],""featureOrder"":[""MQ8"",""MQ135"",""MQ3"",""MQ5"",""MQ4"",""MQ7"",""MQ6"",""MQ2""]},""alarmLatched"":false}"
2026-08-04 11:07:31.423 +07:00,10.304,HOT_SWEEP_70,70,700,300,1,0,0.090784483,0.003949556,0.00466037,-0.002624506,-0.004904422,-0.011820631,-0.019952256,-0.025746221,"{""deviceId"":""1001"",""nodeId"":4097,""targetChId"":""0010"",""mode"":""inference"",""uptimeMs"":6387781,""debugEnabled"":true,""power"":{""mode"":""24v"",""externalPower"":true,""batteryMv"":65535,""batteryValid"":false,""batteryDetected"":false,""batterySenseStatus"":""not_detected"",""batteryLow"":false,""batteryCritical"":false,""sourceAmbiguous"":false,""serviceHoldActive"":false,""serviceHoldEffective"":false},""batterySession"":{""state"":""inactive"",""startedMs"":0,""stateStartedMs"":0,""validSampleBatches"":0,""requiredSampleBatches"":10,""alarmTxAttempts"":0,""alarmTxAttemptLimit"":3,""alarmAckReceived"":false,""pendingAlarm"":false,""pendingSaveRequired"":false,""persistenceFaultHold"":false,""completionReason"":""session_done""},""bootHealth"":{""adsReady"":true,""adsDrdyLevel"":0,""adsDrdyPulldownLevel"":0,""adsDrdyPullupLevel"":0,""adsMisoPulldownLevel"":0,""adsMisoPullupLevel"":1,""adsCsLevel"":1,""adsSyncLevel"":1,""adsStatus"":54,""adsMux"":15,""adsAdcon"":6,""adsDrate"":240,""adsReason"":""ok"",""tcaOk"":true,""mcpOkCount"":8,""mcpOk"":[true,true,true,true,true,true,true,true],""mcpAddrMask"":[1,1,1,1,1,1,1,1],""mcpControlTested"":true,""mcpControlOkCount"":8,""mcpControlOk"":[true,true,true,true,true,true,true,true],""dacReady"":true,""radioReady"":true,""mlReady"":true,""nullingProfileApplied"":true,""modelProfileReady"":false},""runtimeMcpCode"":[255,519,795,706,799,865,665,139],""model"":{""profileId"":""cnn-dualbranch-datasheet-v1-unbound"",""scalerProfileId"":""cnn-dualbranch-datasheet-v1-unbound"",""productionApproved"":true,""boundNullingProfileId"":8,""activeNullingProfileId"":9,""bindingValid"":true,""bindingModelMatches"":true,""profileReady"":false,""inferenceValid"":false,""sensorFault"":true},""lora"":{""beginState"":0,""lastTxState"":0,""lastTxOk"":false,""txSeq"":0,""txCounter"":0,""aesKeyProvisioned"":true,""aesKeyPresent"":true,""aesKeySource"":""nvs"",""keyId"":1,""lastDownlinkCommandId"":0,""freqMHz"":920,""bwKHz"":125,""sf"":7,""cr"":5,""syncWord"":18,""txPowerDbm"":17,""preamble"":8,""tcxoVoltage"":1.600000024,""xtalVoltage"":0},""dataset"":{""state"":""idle"",""step"":""idle"",""label"":"""",""seq"":0,""targetSamples"":0,""sampleIntervalMs"":500,""maxDurationMs"":0,""useFanIntake"":true,""fanOnMs"":1000,""postFanSettleMs"":0,""nullingProfileId"":9,""queuePending"":0,""queueCapacity"":16,""queueEnqueued"":0,""queueDropped"":0,""publishFailCount"":0,""retryCount"":0,""retryFailCount"":0,""rejectedSamples"":0,""lastRejectReason"":""none"",""lastRejectChannel"":-1,""lastRejectOkFiniteCount"":0,""lastRejectStatus"":255,""lastRejectGain"":0,""lastRejectSaturated"":false},""recovery"":{""wifiReconnectCount"":0,""wifiReconnectFailCount"":0,""mqttReconnectCount"":0,""mqttConnectFailCount"":0,""lastMqttState"":0,""adsRecoveryCount"":0,""adsRecoveryFailCount"":0,""adsReadFailStreak"":0,""lastReason"":""none"",""lastRecoveryMs"":0,""bootRecoveryArmed"":false,""bootRecoveryDueMs"":0,""bootRecoveryReason"":""none"",""bootRecoveryNonAdsFailure"":false,""bootRecoveryRestartCount"":0},""nulling"":{""done"":false,""retryArmed"":false,""attemptCount"":0,""nextRetryMs"":0,""thresholdV"":9.999999747E-06,""minFinalV"":0},""telemetry"":{""valid"":true,""sampleMs"":6387390,""gasClass"":6,""gasName"":""CO2"",""confidence"":0,""alarm"":false,""sensorVoltage"":[0.090784483,0.003949556,0.00466037,-0.002624506,-0.004904422,-0.011820631,-0.019952256,-0.025746221],""sensorGain"":[32,64,64,64,64,64,64,64],""sensorStatus"":[0,0,0,0,0,0,0,0],""featureOrder"":[""MQ8"",""MQ135"",""MQ3"",""MQ5"",""MQ4"",""MQ7"",""MQ6"",""MQ2""]},""alarmLatched"":false}"
2026-08-04 11:07:32.115 +07:00,10.996,HOT_SWEEP_70,70,700,300,1,0,0.089790478,0.003905547,0.004656366,-0.002636618,-0.006264854,-0.011751426,-0.019939873,-0.025764996,"{""deviceId"":""1001"",""nodeId"":4097,""targetChId"":""0010"",""mode"":""inference"",""uptimeMs"":6388462,""debugEnabled"":true,""power"":{""mode"":""24v"",""externalPower"":true,""batteryMv"":65535,""batteryValid"":false,""batteryDetected"":false,""batterySenseStatus"":""not_detected"",""batteryLow"":false,""batteryCritical"":false,""sourceAmbiguous"":false,""serviceHoldActive"":false,""serviceHoldEffective"":false},""batterySession"":{""state"":""inactive"",""startedMs"":0,""stateStartedMs"":0,""validSampleBatches"":0,""requiredSampleBatches"":10,""alarmTxAttempts"":0,""alarmTxAttemptLimit"":3,""alarmAckReceived"":false,""pendingAlarm"":false,""pendingSaveRequired"":false,""persistenceFaultHold"":false,""completionReason"":""session_done""},""bootHealth"":{""adsReady"":true,""adsDrdyLevel"":0,""adsDrdyPulldownLevel"":0,""adsDrdyPullupLevel"":0,""adsMisoPulldownLevel"":0,""adsMisoPullupLevel"":1,""adsCsLevel"":1,""adsSyncLevel"":1,""adsStatus"":54,""adsMux"":15,""adsAdcon"":6,""adsDrate"":240,""adsReason"":""ok"",""tcaOk"":true,""mcpOkCount"":8,""mcpOk"":[true,true,true,true,true,true,true,true],""mcpAddrMask"":[1,1,1,1,1,1,1,1],""mcpControlTested"":true,""mcpControlOkCount"":8,""mcpControlOk"":[true,true,true,true,true,true,true,true],""dacReady"":true,""radioReady"":true,""mlReady"":true,""nullingProfileApplied"":true,""modelProfileReady"":false},""runtimeMcpCode"":[255,519,795,706,799,865,665,139],""model"":{""profileId"":""cnn-dualbranch-datasheet-v1-unbound"",""scalerProfileId"":""cnn-dualbranch-datasheet-v1-unbound"",""productionApproved"":true,""boundNullingProfileId"":8,""activeNullingProfileId"":9,""bindingValid"":true,""bindingModelMatches"":true,""profileReady"":false,""inferenceValid"":false,""sensorFault"":true},""lora"":{""beginState"":0,""lastTxState"":0,""lastTxOk"":false,""txSeq"":0,""txCounter"":0,""aesKeyProvisioned"":true,""aesKeyPresent"":true,""aesKeySource"":""nvs"",""keyId"":1,""lastDownlinkCommandId"":0,""freqMHz"":920,""bwKHz"":125,""sf"":7,""cr"":5,""syncWord"":18,""txPowerDbm"":17,""preamble"":8,""tcxoVoltage"":1.600000024,""xtalVoltage"":0},""dataset"":{""state"":""idle"",""step"":""idle"",""label"":"""",""seq"":0,""targetSamples"":0,""sampleIntervalMs"":500,""maxDurationMs"":0,""useFanIntake"":true,""fanOnMs"":1000,""postFanSettleMs"":0,""nullingProfileId"":9,""queuePending"":0,""queueCapacity"":16,""queueEnqueued"":0,""queueDropped"":0,""publishFailCount"":0,""retryCount"":0,""retryFailCount"":0,""rejectedSamples"":0,""lastRejectReason"":""none"",""lastRejectChannel"":-1,""lastRejectOkFiniteCount"":0,""lastRejectStatus"":255,""lastRejectGain"":0,""lastRejectSaturated"":false},""recovery"":{""wifiReconnectCount"":0,""wifiReconnectFailCount"":0,""mqttReconnectCount"":0,""mqttConnectFailCount"":0,""lastMqttState"":0,""adsRecoveryCount"":0,""adsRecoveryFailCount"":0,""adsReadFailStreak"":0,""lastReason"":""none"",""lastRecoveryMs"":0,""bootRecoveryArmed"":false,""bootRecoveryDueMs"":0,""bootRecoveryReason"":""none"",""bootRecoveryNonAdsFailure"":false,""bootRecoveryRestartCount"":0},""nulling"":{""done"":false,""retryArmed"":false,""attemptCount"":0,""nextRetryMs"":0,""thresholdV"":9.999999747E-06,""minFinalV"":0},""telemetry"":{""valid"":true,""sampleMs"":6388091,""gasClass"":6,""gasName"":""CO2"",""confidence"":0,""alarm"":false,""sensorVoltage"":[0.089790478,0.003905547,0.004656366,-0.002636618,-0.006264854,-0.011751426,-0.019939873,-0.025764996],""sensorGain"":[32,64,64,64,64,64,64,64],""sensorStatus"":[0,0,0,0,0,0,0,0],""featureOrder"":[""MQ8"",""MQ135"",""MQ3"",""MQ5"",""MQ4"",""MQ7"",""MQ6"",""MQ2""]},""alarmLatched"":false}"
2026-08-04 11:07:32.806 +07:00,11.687,HOT_SWEEP_70,70,700,300,1,0,0.089025415,0.003941955,0.004677726,-0.002548628,-0.005348737,-0.011746435,-0.019568408,-0.025291931,"{""deviceId"":""1001"",""nodeId"":4097,""targetChId"":""0010"",""mode"":""inference"",""uptimeMs"":6389157,""debugEnabled"":true,""power"":{""mode"":""24v"",""externalPower"":true,""batteryMv"":65535,""batteryValid"":false,""batteryDetected"":false,""batterySenseStatus"":""not_detected"",""batteryLow"":false,""batteryCritical"":false,""sourceAmbiguous"":false,""serviceHoldActive"":false,""serviceHoldEffective"":false},""batterySession"":{""state"":""inactive"",""startedMs"":0,""stateStartedMs"":0,""validSampleBatches"":0,""requiredSampleBatches"":10,""alarmTxAttempts"":0,""alarmTxAttemptLimit"":3,""alarmAckReceived"":false,""pendingAlarm"":false,""pendingSaveRequired"":false,""persistenceFaultHold"":false,""completionReason"":""session_done""},""bootHealth"":{""adsReady"":true,""adsDrdyLevel"":0,""adsDrdyPulldownLevel"":0,""adsDrdyPullupLevel"":0,""adsMisoPulldownLevel"":0,""adsMisoPullupLevel"":1,""adsCsLevel"":1,""adsSyncLevel"":1,""adsStatus"":54,""adsMux"":15,""adsAdcon"":6,""adsDrate"":240,""adsReason"":""ok"",""tcaOk"":true,""mcpOkCount"":8,""mcpOk"":[true,true,true,true,true,true,true,true],""mcpAddrMask"":[1,1,1,1,1,1,1,1],""mcpControlTested"":true,""mcpControlOkCount"":8,""mcpControlOk"":[true,true,true,true,true,true,true,true],""dacReady"":true,""radioReady"":true,""mlReady"":true,""nullingProfileApplied"":true,""modelProfileReady"":false},""runtimeMcpCode"":[255,519,795,706,799,865,665,139],""model"":{""profileId"":""cnn-dualbranch-datasheet-v1-unbound"",""scalerProfileId"":""cnn-dualbranch-datasheet-v1-unbound"",""productionApproved"":true,""boundNullingProfileId"":8,""activeNullingProfileId"":9,""bindingValid"":true,""bindingModelMatches"":true,""profileReady"":false,""inferenceValid"":false,""sensorFault"":true},""lora"":{""beginState"":0,""lastTxState"":0,""lastTxOk"":false,""txSeq"":0,""txCounter"":0,""aesKeyProvisioned"":true,""aesKeyPresent"":true,""aesKeySource"":""nvs"",""keyId"":1,""lastDownlinkCommandId"":0,""freqMHz"":920,""bwKHz"":125,""sf"":7,""cr"":5,""syncWord"":18,""txPowerDbm"":17,""preamble"":8,""tcxoVoltage"":1.600000024,""xtalVoltage"":0},""dataset"":{""state"":""idle"",""step"":""idle"",""label"":"""",""seq"":0,""targetSamples"":0,""sampleIntervalMs"":500,""maxDurationMs"":0,""useFanIntake"":true,""fanOnMs"":1000,""postFanSettleMs"":0,""nullingProfileId"":9,""queuePending"":0,""queueCapacity"":16,""queueEnqueued"":0,""queueDropped"":0,""publishFailCount"":0,""retryCount"":0,""retryFailCount"":0,""rejectedSamples"":0,""lastRejectReason"":""none"",""lastRejectChannel"":-1,""lastRejectOkFiniteCount"":0,""lastRejectStatus"":255,""lastRejectGain"":0,""lastRejectSaturated"":false},""recovery"":{""wifiReconnectCount"":0,""wifiReconnectFailCount"":0,""mqttReconnectCount"":0,""mqttConnectFailCount"":0,""lastMqttState"":0,""adsRecoveryCount"":0,""adsRecoveryFailCount"":0,""adsReadFailStreak"":0,""lastReason"":""none"",""lastRecoveryMs"":0,""bootRecoveryArmed"":false,""bootRecoveryDueMs"":0,""bootRecoveryReason"":""none"",""bootRecoveryNonAdsFailure"":false,""bootRecoveryRestartCount"":0},""nulling"":{""done"":false,""retryArmed"":false,""attemptCount"":0,""nextRetryMs"":0,""thresholdV"":9.999999747E-06,""minFinalV"":0},""telemetry"":{""valid"":true,""sampleMs"":6388740,""gasClass"":6,""gasName"":""CO2"",""confidence"":0,""alarm"":false,""sensorVoltage"":[0.089025415,0.003941955,0.004677726,-0.002548628,-0.005348737,-0.011746435,-0.019568408,-0.025291931],""sensorGain"":[32,64,64,64,64,64,64,64],""sensorStatus"":[0,0,0,0,0,0,0,0],""featureOrder"":[""MQ8"",""MQ135"",""MQ3"",""MQ5"",""MQ4"",""MQ7"",""MQ6"",""MQ2""]},""alarmLatched"":false}"
2026-08-04 11:07:33.472 +07:00,12.353,HOT_SWEEP_70,70,700,300,1,0,0.087663718,0.003936916,0.004690053,-0.002556767,-0.005638697,-0.011743859,-0.019558217,-0.025271732,"{""deviceId"":""1001"",""nodeId"":4097,""targetChId"":""0010"",""mode"":""inference"",""uptimeMs"":6389829,""debugEnabled"":true,""power"":{""mode"":""24v"",""externalPower"":true,""batteryMv"":65535,""batteryValid"":false,""batteryDetected"":false,""batterySenseStatus"":""not_detected"",""batteryLow"":false,""batteryCritical"":false,""sourceAmbiguous"":false,""serviceHoldActive"":false,""serviceHoldEffective"":false},""batterySession"":{""state"":""inactive"",""startedMs"":0,""stateStartedMs"":0,""validSampleBatches"":0,""requiredSampleBatches"":10,""alarmTxAttempts"":0,""alarmTxAttemptLimit"":3,""alarmAckReceived"":false,""pendingAlarm"":false,""pendingSaveRequired"":false,""persistenceFaultHold"":false,""completionReason"":""session_done""},""bootHealth"":{""adsReady"":true,""adsDrdyLevel"":0,""adsDrdyPulldownLevel"":0,""adsDrdyPullupLevel"":0,""adsMisoPulldownLevel"":0,""adsMisoPullupLevel"":1,""adsCsLevel"":1,""adsSyncLevel"":1,""adsStatus"":54,""adsMux"":15,""adsAdcon"":6,""adsDrate"":240,""adsReason"":""ok"",""tcaOk"":true,""mcpOkCount"":8,""mcpOk"":[true,true,true,true,true,true,true,true],""mcpAddrMask"":[1,1,1,1,1,1,1,1],""mcpControlTested"":true,""mcpControlOkCount"":8,""mcpControlOk"":[true,true,true,true,true,true,true,true],""dacReady"":true,""radioReady"":true,""mlReady"":true,""nullingProfileApplied"":true,""modelProfileReady"":false},""runtimeMcpCode"":[255,519,795,706,799,865,665,139],""model"":{""profileId"":""cnn-dualbranch-datasheet-v1-unbound"",""scalerProfileId"":""cnn-dualbranch-datasheet-v1-unbound"",""productionApproved"":true,""boundNullingProfileId"":8,""activeNullingProfileId"":9,""bindingValid"":true,""bindingModelMatches"":true,""profileReady"":false,""inferenceValid"":false,""sensorFault"":true},""lora"":{""beginState"":0,""lastTxState"":0,""lastTxOk"":false,""txSeq"":0,""txCounter"":0,""aesKeyProvisioned"":true,""aesKeyPresent"":true,""aesKeySource"":""nvs"",""keyId"":1,""lastDownlinkCommandId"":0,""freqMHz"":920,""bwKHz"":125,""sf"":7,""cr"":5,""syncWord"":18,""txPowerDbm"":17,""preamble"":8,""tcxoVoltage"":1.600000024,""xtalVoltage"":0},""dataset"":{""state"":""idle"",""step"":""idle"",""label"":"""",""seq"":0,""targetSamples"":0,""sampleIntervalMs"":500,""maxDurationMs"":0,""useFanIntake"":true,""fanOnMs"":1000,""postFanSettleMs"":0,""nullingProfileId"":9,""queuePending"":0,""queueCapacity"":16,""queueEnqueued"":0,""queueDropped"":0,""publishFailCount"":0,""retryCount"":0,""retryFailCount"":0,""rejectedSamples"":0,""lastRejectReason"":""none"",""lastRejectChannel"":-1,""lastRejectOkFiniteCount"":0,""lastRejectStatus"":255,""lastRejectGain"":0,""lastRejectSaturated"":false},""recovery"":{""wifiReconnectCount"":0,""wifiReconnectFailCount"":0,""mqttReconnectCount"":0,""mqttConnectFailCount"":0,""lastMqttState"":0,""adsRecoveryCount"":0,""adsRecoveryFailCount"":0,""adsReadFailStreak"":0,""lastReason"":""none"",""lastRecoveryMs"":0,""bootRecoveryArmed"":false,""bootRecoveryDueMs"":0,""bootRecoveryReason"":""none"",""bootRecoveryNonAdsFailure"":false,""bootRecoveryRestartCount"":0},""nulling"":{""done"":false,""retryArmed"":false,""attemptCount"":0,""nextRetryMs"":0,""thresholdV"":9.999999747E-06,""minFinalV"":0},""telemetry"":{""valid"":true,""sampleMs"":6389435,""gasClass"":6,""gasName"":""CO2"",""confidence"":0,""alarm"":false,""sensorVoltage"":[0.087663718,0.003936916,0.004690053,-0.002556767,-0.005638697,-0.011743859,-0.019558217,-0.025271732],""sensorGain"":[32,64,64,64,64,64,64,64],""sensorStatus"":[0,0,0,0,0,0,0,0],""featureOrder"":[""MQ8"",""MQ135"",""MQ3"",""MQ5"",""MQ4"",""MQ7"",""MQ6"",""MQ2""]},""alarmLatched"":false}"
2026-08-04 11:07:34.173 +07:00,13.054,HOT_SWEEP_70,70,700,300,1,0,0.086887904,0.003873121,0.004695562,-0.002546561,-0.005643563,-0.011745621,-0.019548839,-0.025209915,"{""deviceId"":""1001"",""nodeId"":4097,""targetChId"":""0010"",""mode"":""inference"",""uptimeMs"":6390524,""debugEnabled"":true,""power"":{""mode"":""24v"",""externalPower"":true,""batteryMv"":65535,""batteryValid"":false,""batteryDetected"":false,""batterySenseStatus"":""not_detected"",""batteryLow"":false,""batteryCritical"":false,""sourceAmbiguous"":false,""serviceHoldActive"":false,""serviceHoldEffective"":false},""batterySession"":{""state"":""inactive"",""startedMs"":0,""stateStartedMs"":0,""validSampleBatches"":0,""requiredSampleBatches"":10,""alarmTxAttempts"":0,""alarmTxAttemptLimit"":3,""alarmAckReceived"":false,""pendingAlarm"":false,""pendingSaveRequired"":false,""persistenceFaultHold"":false,""completionReason"":""session_done""},""bootHealth"":{""adsReady"":true,""adsDrdyLevel"":0,""adsDrdyPulldownLevel"":0,""adsDrdyPullupLevel"":0,""adsMisoPulldownLevel"":0,""adsMisoPullupLevel"":1,""adsCsLevel"":1,""adsSyncLevel"":1,""adsStatus"":54,""adsMux"":15,""adsAdcon"":6,""adsDrate"":240,""adsReason"":""ok"",""tcaOk"":true,""mcpOkCount"":8,""mcpOk"":[true,true,true,true,true,true,true,true],""mcpAddrMask"":[1,1,1,1,1,1,1,1],""mcpControlTested"":true,""mcpControlOkCount"":8,""mcpControlOk"":[true,true,true,true,true,true,true,true],""dacReady"":true,""radioReady"":true,""mlReady"":true,""nullingProfileApplied"":true,""modelProfileReady"":false},""runtimeMcpCode"":[255,519,795,706,799,865,665,139],""model"":{""profileId"":""cnn-dualbranch-datasheet-v1-unbound"",""scalerProfileId"":""cnn-dualbranch-datasheet-v1-unbound"",""productionApproved"":true,""boundNullingProfileId"":8,""activeNullingProfileId"":9,""bindingValid"":true,""bindingModelMatches"":true,""profileReady"":false,""inferenceValid"":false,""sensorFault"":true},""lora"":{""beginState"":0,""lastTxState"":0,""lastTxOk"":false,""txSeq"":0,""txCounter"":0,""aesKeyProvisioned"":true,""aesKeyPresent"":true,""aesKeySource"":""nvs"",""keyId"":1,""lastDownlinkCommandId"":0,""freqMHz"":920,""bwKHz"":125,""sf"":7,""cr"":5,""syncWord"":18,""txPowerDbm"":17,""preamble"":8,""tcxoVoltage"":1.600000024,""xtalVoltage"":0},""dataset"":{""state"":""idle"",""step"":""idle"",""label"":"""",""seq"":0,""targetSamples"":0,""sampleIntervalMs"":500,""maxDurationMs"":0,""useFanIntake"":true,""fanOnMs"":1000,""postFanSettleMs"":0,""nullingProfileId"":9,""queuePending"":0,""queueCapacity"":16,""queueEnqueued"":0,""queueDropped"":0,""publishFailCount"":0,""retryCount"":0,""retryFailCount"":0,""rejectedSamples"":0,""lastRejectReason"":""none"",""lastRejectChannel"":-1,""lastRejectOkFiniteCount"":0,""lastRejectStatus"":255,""lastRejectGain"":0,""lastRejectSaturated"":false},""recovery"":{""wifiReconnectCount"":0,""wifiReconnectFailCount"":0,""mqttReconnectCount"":0,""mqttConnectFailCount"":0,""lastMqttState"":0,""adsRecoveryCount"":0,""adsRecoveryFailCount"":0,""adsReadFailStreak"":0,""lastReason"":""none"",""lastRecoveryMs"":0,""bootRecoveryArmed"":false,""bootRecoveryDueMs"":0,""bootRecoveryReason"":""none"",""bootRecoveryNonAdsFailure"":false,""bootRecoveryRestartCount"":0},""nulling"":{""done"":false,""retryArmed"":false,""attemptCount"":0,""nextRetryMs"":0,""thresholdV"":9.999999747E-06,""minFinalV"":0},""telemetry"":{""valid"":true,""sampleMs"":6390139,""gasClass"":6,""gasName"":""CO2"",""confidence"":0,""alarm"":false,""sensorVoltage"":[0.086887904,0.003873121,0.004695562,-0.002546561,-0.005643563,-0.011745621,-0.019548839,-0.025209915],""sensorGain"":[32,64,64,64,64,64,64,64],""sensorStatus"":[0,0,0,0,0,0,0,0],""featureOrder"":[""MQ8"",""MQ135"",""MQ3"",""MQ5"",""MQ4"",""MQ7"",""MQ6"",""MQ2""]},""alarmLatched"":false}"
2026-08-04 11:07:34.858 +07:00,13.739,HOT_SWEEP_70,70,700,300,1,0,0.08710739,0.003979646,0.004697774,-0.002583482,-0.004473432,-0.0114468,-0.019198222,-0.024768185,"{""deviceId"":""1001"",""nodeId"":4097,""targetChId"":""0010"",""mode"":""inference"",""uptimeMs"":6391209,""debugEnabled"":true,""power"":{""mode"":""24v"",""externalPower"":true,""batteryMv"":65535,""batteryValid"":false,""batteryDetected"":false,""batterySenseStatus"":""not_detected"",""batteryLow"":false,""batteryCritical"":false,""sourceAmbiguous"":false,""serviceHoldActive"":false,""serviceHoldEffective"":false},""batterySession"":{""state"":""inactive"",""startedMs"":0,""stateStartedMs"":0,""validSampleBatches"":0,""requiredSampleBatches"":10,""alarmTxAttempts"":0,""alarmTxAttemptLimit"":3,""alarmAckReceived"":false,""pendingAlarm"":false,""pendingSaveRequired"":false,""persistenceFaultHold"":false,""completionReason"":""session_done""},""bootHealth"":{""adsReady"":true,""adsDrdyLevel"":0,""adsDrdyPulldownLevel"":0,""adsDrdyPullupLevel"":0,""adsMisoPulldownLevel"":0,""adsMisoPullupLevel"":1,""adsCsLevel"":1,""adsSyncLevel"":1,""adsStatus"":54,""adsMux"":15,""adsAdcon"":6,""adsDrate"":240,""adsReason"":""ok"",""tcaOk"":true,""mcpOkCount"":8,""mcpOk"":[true,true,true,true,true,true,true,true],""mcpAddrMask"":[1,1,1,1,1,1,1,1],""mcpControlTested"":true,""mcpControlOkCount"":8,""mcpControlOk"":[true,true,true,true,true,true,true,true],""dacReady"":true,""radioReady"":true,""mlReady"":true,""nullingProfileApplied"":true,""modelProfileReady"":false},""runtimeMcpCode"":[255,519,795,706,799,865,665,139],""model"":{""profileId"":""cnn-dualbranch-datasheet-v1-unbound"",""scalerProfileId"":""cnn-dualbranch-datasheet-v1-unbound"",""productionApproved"":true,""boundNullingProfileId"":8,""activeNullingProfileId"":9,""bindingValid"":true,""bindingModelMatches"":true,""profileReady"":false,""inferenceValid"":false,""sensorFault"":true},""lora"":{""beginState"":0,""lastTxState"":0,""lastTxOk"":false,""txSeq"":0,""txCounter"":0,""aesKeyProvisioned"":true,""aesKeyPresent"":true,""aesKeySource"":""nvs"",""keyId"":1,""lastDownlinkCommandId"":0,""freqMHz"":920,""bwKHz"":125,""sf"":7,""cr"":5,""syncWord"":18,""txPowerDbm"":17,""preamble"":8,""tcxoVoltage"":1.600000024,""xtalVoltage"":0},""dataset"":{""state"":""idle"",""step"":""idle"",""label"":"""",""seq"":0,""targetSamples"":0,""sampleIntervalMs"":500,""maxDurationMs"":0,""useFanIntake"":true,""fanOnMs"":1000,""postFanSettleMs"":0,""nullingProfileId"":9,""queuePending"":0,""queueCapacity"":16,""queueEnqueued"":0,""queueDropped"":0,""publishFailCount"":0,""retryCount"":0,""retryFailCount"":0,""rejectedSamples"":0,""lastRejectReason"":""none"",""lastRejectChannel"":-1,""lastRejectOkFiniteCount"":0,""lastRejectStatus"":255,""lastRejectGain"":0,""lastRejectSaturated"":false},""recovery"":{""wifiReconnectCount"":0,""wifiReconnectFailCount"":0,""mqttReconnectCount"":0,""mqttConnectFailCount"":0,""lastMqttState"":0,""adsRecoveryCount"":0,""adsRecoveryFailCount"":0,""adsReadFailStreak"":0,""lastReason"":""none"",""lastRecoveryMs"":0,""bootRecoveryArmed"":false,""bootRecoveryDueMs"":0,""bootRecoveryReason"":""none"",""bootRecoveryNonAdsFailure"":false,""bootRecoveryRestartCount"":0},""nulling"":{""done"":false,""retryArmed"":false,""attemptCount"":0,""nextRetryMs"":0,""thresholdV"":9.999999747E-06,""minFinalV"":0},""telemetry"":{""valid"":true,""sampleMs"":6390802,""gasClass"":6,""gasName"":""CO2"",""confidence"":0,""alarm"":false,""sensorVoltage"":[0.08710739,0.003979646,0.004697774,-0.002583482,-0.004473432,-0.0114468,-0.019198222,-0.024768185],""sensorGain"":[32,64,64,64,64,64,64,64],""sensorStatus"":[0,0,0,0,0,0,0,0],""featureOrder"":[""MQ8"",""MQ135"",""MQ3"",""MQ5"",""MQ4"",""MQ7"",""MQ6"",""MQ2""]},""alarmLatched"":false}"
2026-08-04 11:07:35.540 +07:00,14.421,HOT_SWEEP_70,70,700,300,1,0,0.086123943,0.003964599,0.004743828,-0.002591804,-0.004605738,-0.011431163,-0.019605603,-0.0252355,"{""deviceId"":""1001"",""nodeId"":4097,""targetChId"":""0010"",""mode"":""inference"",""uptimeMs"":6391894,""debugEnabled"":true,""power"":{""mode"":""24v"",""externalPower"":true,""batteryMv"":65535,""batteryValid"":false,""batteryDetected"":false,""batterySenseStatus"":""not_detected"",""batteryLow"":false,""batteryCritical"":false,""sourceAmbiguous"":false,""serviceHoldActive"":false,""serviceHoldEffective"":false},""batterySession"":{""state"":""inactive"",""startedMs"":0,""stateStartedMs"":0,""validSampleBatches"":0,""requiredSampleBatches"":10,""alarmTxAttempts"":0,""alarmTxAttemptLimit"":3,""alarmAckReceived"":false,""pendingAlarm"":false,""pendingSaveRequired"":false,""persistenceFaultHold"":false,""completionReason"":""session_done""},""bootHealth"":{""adsReady"":true,""adsDrdyLevel"":0,""adsDrdyPulldownLevel"":0,""adsDrdyPullupLevel"":0,""adsMisoPulldownLevel"":0,""adsMisoPullupLevel"":1,""adsCsLevel"":1,""adsSyncLevel"":1,""adsStatus"":54,""adsMux"":15,""adsAdcon"":6,""adsDrate"":240,""adsReason"":""ok"",""tcaOk"":true,""mcpOkCount"":8,""mcpOk"":[true,true,true,true,true,true,true,true],""mcpAddrMask"":[1,1,1,1,1,1,1,1],""mcpControlTested"":true,""mcpControlOkCount"":8,""mcpControlOk"":[true,true,true,true,true,true,true,true],""dacReady"":true,""radioReady"":true,""mlReady"":true,""nullingProfileApplied"":true,""modelProfileReady"":false},""runtimeMcpCode"":[255,519,795,706,799,865,665,139],""model"":{""profileId"":""cnn-dualbranch-datasheet-v1-unbound"",""scalerProfileId"":""cnn-dualbranch-datasheet-v1-unbound"",""productionApproved"":true,""boundNullingProfileId"":8,""activeNullingProfileId"":9,""bindingValid"":true,""bindingModelMatches"":true,""profileReady"":false,""inferenceValid"":false,""sensorFault"":true},""lora"":{""beginState"":0,""lastTxState"":0,""lastTxOk"":false,""txSeq"":0,""txCounter"":0,""aesKeyProvisioned"":true,""aesKeyPresent"":true,""aesKeySource"":""nvs"",""keyId"":1,""lastDownlinkCommandId"":0,""freqMHz"":920,""bwKHz"":125,""sf"":7,""cr"":5,""syncWord"":18,""txPowerDbm"":17,""preamble"":8,""tcxoVoltage"":1.600000024,""xtalVoltage"":0},""dataset"":{""state"":""idle"",""step"":""idle"",""label"":"""",""seq"":0,""targetSamples"":0,""sampleIntervalMs"":500,""maxDurationMs"":0,""useFanIntake"":true,""fanOnMs"":1000,""postFanSettleMs"":0,""nullingProfileId"":9,""queuePending"":0,""queueCapacity"":16,""queueEnqueued"":0,""queueDropped"":0,""publishFailCount"":0,""retryCount"":0,""retryFailCount"":0,""rejectedSamples"":0,""lastRejectReason"":""none"",""lastRejectChannel"":-1,""lastRejectOkFiniteCount"":0,""lastRejectStatus"":255,""lastRejectGain"":0,""lastRejectSaturated"":false},""recovery"":{""wifiReconnectCount"":0,""wifiReconnectFailCount"":0,""mqttReconnectCount"":0,""mqttConnectFailCount"":0,""lastMqttState"":0,""adsRecoveryCount"":0,""adsRecoveryFailCount"":0,""adsReadFailStreak"":0,""lastReason"":""none"",""lastRecoveryMs"":0,""bootRecoveryArmed"":false,""bootRecoveryDueMs"":0,""bootRecoveryReason"":""none"",""bootRecoveryNonAdsFailure"":false,""bootRecoveryRestartCount"":0},""nulling"":{""done"":false,""retryArmed"":false,""attemptCount"":0,""nextRetryMs"":0,""thresholdV"":9.999999747E-06,""minFinalV"":0},""telemetry"":{""valid"":true,""sampleMs"":6391487,""gasClass"":6,""gasName"":""CO2"",""confidence"":0,""alarm"":false,""sensorVoltage"":[0.086123943,0.003964599,0.004743828,-0.002591804,-0.004605738,-0.011431163,-0.019605603,-0.0252355],""sensorGain"":[32,64,64,64,64,64,64,64],""sensorStatus"":[0,0,0,0,0,0,0,0],""featureOrder"":[""MQ8"",""MQ135"",""MQ3"",""MQ5"",""MQ4"",""MQ7"",""MQ6"",""MQ2""]},""alarmLatched"":false}"
2026-08-04 11:07:36.230 +07:00,15.111,HOT_SWEEP_70,70,700,300,1,0,0.085300811,0.003972801,0.00480399,-0.002584662,-0.004538617,-0.011465819,-0.019572211,-0.025283024,"{""deviceId"":""1001"",""nodeId"":4097,""targetChId"":""0010"",""mode"":""inference"",""uptimeMs"":6392578,""debugEnabled"":true,""power"":{""mode"":""24v"",""externalPower"":true,""batteryMv"":65535,""batteryValid"":false,""batteryDetected"":false,""batterySenseStatus"":""not_detected"",""batteryLow"":false,""batteryCritical"":false,""sourceAmbiguous"":false,""serviceHoldActive"":false,""serviceHoldEffective"":false},""batterySession"":{""state"":""inactive"",""startedMs"":0,""stateStartedMs"":0,""validSampleBatches"":0,""requiredSampleBatches"":10,""alarmTxAttempts"":0,""alarmTxAttemptLimit"":3,""alarmAckReceived"":false,""pendingAlarm"":false,""pendingSaveRequired"":false,""persistenceFaultHold"":false,""completionReason"":""session_done""},""bootHealth"":{""adsReady"":true,""adsDrdyLevel"":0,""adsDrdyPulldownLevel"":0,""adsDrdyPullupLevel"":0,""adsMisoPulldownLevel"":0,""adsMisoPullupLevel"":1,""adsCsLevel"":1,""adsSyncLevel"":1,""adsStatus"":54,""adsMux"":15,""adsAdcon"":6,""adsDrate"":240,""adsReason"":""ok"",""tcaOk"":true,""mcpOkCount"":8,""mcpOk"":[true,true,true,true,true,true,true,true],""mcpAddrMask"":[1,1,1,1,1,1,1,1],""mcpControlTested"":true,""mcpControlOkCount"":8,""mcpControlOk"":[true,true,true,true,true,true,true,true],""dacReady"":true,""radioReady"":true,""mlReady"":true,""nullingProfileApplied"":true,""modelProfileReady"":false},""runtimeMcpCode"":[255,519,795,706,799,865,665,139],""model"":{""profileId"":""cnn-dualbranch-datasheet-v1-unbound"",""scalerProfileId"":""cnn-dualbranch-datasheet-v1-unbound"",""productionApproved"":true,""boundNullingProfileId"":8,""activeNullingProfileId"":9,""bindingValid"":true,""bindingModelMatches"":true,""profileReady"":false,""inferenceValid"":false,""sensorFault"":true},""lora"":{""beginState"":0,""lastTxState"":0,""lastTxOk"":false,""txSeq"":0,""txCounter"":0,""aesKeyProvisioned"":true,""aesKeyPresent"":true,""aesKeySource"":""nvs"",""keyId"":1,""lastDownlinkCommandId"":0,""freqMHz"":920,""bwKHz"":125,""sf"":7,""cr"":5,""syncWord"":18,""txPowerDbm"":17,""preamble"":8,""tcxoVoltage"":1.600000024,""xtalVoltage"":0},""dataset"":{""state"":""idle"",""step"":""idle"",""label"":"""",""seq"":0,""targetSamples"":0,""sampleIntervalMs"":500,""maxDurationMs"":0,""useFanIntake"":true,""fanOnMs"":1000,""postFanSettleMs"":0,""nullingProfileId"":9,""queuePending"":0,""queueCapacity"":16,""queueEnqueued"":0,""queueDropped"":0,""publishFailCount"":0,""retryCount"":0,""retryFailCount"":0,""rejectedSamples"":0,""lastRejectReason"":""none"",""lastRejectChannel"":-1,""lastRejectOkFiniteCount"":0,""lastRejectStatus"":255,""lastRejectGain"":0,""lastRejectSaturated"":false},""recovery"":{""wifiReconnectCount"":0,""wifiReconnectFailCount"":0,""mqttReconnectCount"":0,""mqttConnectFailCount"":0,""lastMqttState"":0,""adsRecoveryCount"":0,""adsRecoveryFailCount"":0,""adsReadFailStreak"":0,""lastReason"":""none"",""lastRecoveryMs"":0,""bootRecoveryArmed"":false,""bootRecoveryDueMs"":0,""bootRecoveryReason"":""none"",""bootRecoveryNonAdsFailure"":false,""bootRecoveryRestartCount"":0},""nulling"":{""done"":false,""retryArmed"":false,""attemptCount"":0,""nextRetryMs"":0,""thresholdV"":9.999999747E-06,""minFinalV"":0},""telemetry"":{""valid"":true,""sampleMs"":6392204,""gasClass"":6,""gasName"":""CO2"",""confidence"":0,""alarm"":false,""sensorVoltage"":[0.085300811,0.003972801,0.00480399,-0.002584662,-0.004538617,-0.011465819,-0.019572211,-0.025283024],""sensorGain"":[32,64,64,64,64,64,64,64],""sensorStatus"":[0,0,0,0,0,0,0,0],""featureOrder"":[""MQ8"",""MQ135"",""MQ3"",""MQ5"",""MQ4"",""MQ7"",""MQ6"",""MQ2""]},""alarmLatched"":false}"
2026-08-04 11:07:36.921 +07:00,15.802,HOT_SWEEP_70,70,700,300,1,0,0.086279176,0.003952883,0.004841703,-0.00252686,-0.004564359,-0.011172891,-0.019134989,-0.024823407,"{""deviceId"":""1001"",""nodeId"":4097,""targetChId"":""0010"",""mode"":""inference"",""uptimeMs"":6393270,""debugEnabled"":true,""power"":{""mode"":""24v"",""externalPower"":true,""batteryMv"":65535,""batteryValid"":false,""batteryDetected"":false,""batterySenseStatus"":""not_detected"",""batteryLow"":false,""batteryCritical"":false,""sourceAmbiguous"":false,""serviceHoldActive"":false,""serviceHoldEffective"":false},""batterySession"":{""state"":""inactive"",""startedMs"":0,""stateStartedMs"":0,""validSampleBatches"":0,""requiredSampleBatches"":10,""alarmTxAttempts"":0,""alarmTxAttemptLimit"":3,""alarmAckReceived"":false,""pendingAlarm"":false,""pendingSaveRequired"":false,""persistenceFaultHold"":false,""completionReason"":""session_done""},""bootHealth"":{""adsReady"":true,""adsDrdyLevel"":0,""adsDrdyPulldownLevel"":0,""adsDrdyPullupLevel"":0,""adsMisoPulldownLevel"":0,""adsMisoPullupLevel"":1,""adsCsLevel"":1,""adsSyncLevel"":1,""adsStatus"":54,""adsMux"":15,""adsAdcon"":6,""adsDrate"":240,""adsReason"":""ok"",""tcaOk"":true,""mcpOkCount"":8,""mcpOk"":[true,true,true,true,true,true,true,true],""mcpAddrMask"":[1,1,1,1,1,1,1,1],""mcpControlTested"":true,""mcpControlOkCount"":8,""mcpControlOk"":[true,true,true,true,true,true,true,true],""dacReady"":true,""radioReady"":true,""mlReady"":true,""nullingProfileApplied"":true,""modelProfileReady"":false},""runtimeMcpCode"":[255,519,795,706,799,865,665,139],""model"":{""profileId"":""cnn-dualbranch-datasheet-v1-unbound"",""scalerProfileId"":""cnn-dualbranch-datasheet-v1-unbound"",""productionApproved"":true,""boundNullingProfileId"":8,""activeNullingProfileId"":9,""bindingValid"":true,""bindingModelMatches"":true,""profileReady"":false,""inferenceValid"":false,""sensorFault"":true},""lora"":{""beginState"":0,""lastTxState"":0,""lastTxOk"":false,""txSeq"":0,""txCounter"":0,""aesKeyProvisioned"":true,""aesKeyPresent"":true,""aesKeySource"":""nvs"",""keyId"":1,""lastDownlinkCommandId"":0,""freqMHz"":920,""bwKHz"":125,""sf"":7,""cr"":5,""syncWord"":18,""txPowerDbm"":17,""preamble"":8,""tcxoVoltage"":1.600000024,""xtalVoltage"":0},""dataset"":{""state"":""idle"",""step"":""idle"",""label"":"""",""seq"":0,""targetSamples"":0,""sampleIntervalMs"":500,""maxDurationMs"":0,""useFanIntake"":true,""fanOnMs"":1000,""postFanSettleMs"":0,""nullingProfileId"":9,""queuePending"":0,""queueCapacity"":16,""queueEnqueued"":0,""queueDropped"":0,""publishFailCount"":0,""retryCount"":0,""retryFailCount"":0,""rejectedSamples"":0,""lastRejectReason"":""none"",""lastRejectChannel"":-1,""lastRejectOkFiniteCount"":0,""lastRejectStatus"":255,""lastRejectGain"":0,""lastRejectSaturated"":false},""recovery"":{""wifiReconnectCount"":0,""wifiReconnectFailCount"":0,""mqttReconnectCount"":0,""mqttConnectFailCount"":0,""lastMqttState"":0,""adsRecoveryCount"":0,""adsRecoveryFailCount"":0,""adsReadFailStreak"":0,""lastReason"":""none"",""lastRecoveryMs"":0,""bootRecoveryArmed"":false,""bootRecoveryDueMs"":0,""bootRecoveryReason"":""none"",""bootRecoveryNonAdsFailure"":false,""bootRecoveryRestartCount"":0},""nulling"":{""done"":false,""retryArmed"":false,""attemptCount"":0,""nextRetryMs"":0,""thresholdV"":9.999999747E-06,""minFinalV"":0},""telemetry"":{""valid"":true,""sampleMs"":6392856,""gasClass"":6,""gasName"":""CO2"",""confidence"":0,""alarm"":false,""sensorVoltage"":[0.086279176,0.003952883,0.004841703,-0.00252686,-0.004564359,-0.011172891,-0.019134989,-0.024823407],""sensorGain"":[32,64,64,64,64,64,64,64],""sensorStatus"":[0,0,0,0,0,0,0,0],""featureOrder"":[""MQ8"",""MQ135"",""MQ3"",""MQ5"",""MQ4"",""MQ7"",""MQ6"",""MQ2""]},""alarmLatched"":false}"
2026-08-04 11:07:37.602 +07:00,16.483,HOT_SWEEP_70,70,700,300,1,0,0.08542107,0.00395619,0.0048831,-0.002574973,-0.005249099,-0.011465909,-0.019502362,-0.025269682,"{""deviceId"":""1001"",""nodeId"":4097,""targetChId"":""0010"",""mode"":""inference"",""uptimeMs"":6393958,""debugEnabled"":true,""power"":{""mode"":""24v"",""externalPower"":true,""batteryMv"":65535,""batteryValid"":false,""batteryDetected"":false,""batterySenseStatus"":""not_detected"",""batteryLow"":false,""batteryCritical"":false,""sourceAmbiguous"":false,""serviceHoldActive"":false,""serviceHoldEffective"":false},""batterySession"":{""state"":""inactive"",""startedMs"":0,""stateStartedMs"":0,""validSampleBatches"":0,""requiredSampleBatches"":10,""alarmTxAttempts"":0,""alarmTxAttemptLimit"":3,""alarmAckReceived"":false,""pendingAlarm"":false,""pendingSaveRequired"":false,""persistenceFaultHold"":false,""completionReason"":""session_done""},""bootHealth"":{""adsReady"":true,""adsDrdyLevel"":0,""adsDrdyPulldownLevel"":0,""adsDrdyPullupLevel"":0,""adsMisoPulldownLevel"":0,""adsMisoPullupLevel"":1,""adsCsLevel"":1,""adsSyncLevel"":1,""adsStatus"":54,""adsMux"":15,""adsAdcon"":6,""adsDrate"":240,""adsReason"":""ok"",""tcaOk"":true,""mcpOkCount"":8,""mcpOk"":[true,true,true,true,true,true,true,true],""mcpAddrMask"":[1,1,1,1,1,1,1,1],""mcpControlTested"":true,""mcpControlOkCount"":8,""mcpControlOk"":[true,true,true,true,true,true,true,true],""dacReady"":true,""radioReady"":true,""mlReady"":true,""nullingProfileApplied"":true,""modelProfileReady"":false},""runtimeMcpCode"":[255,519,795,706,799,865,665,139],""model"":{""profileId"":""cnn-dualbranch-datasheet-v1-unbound"",""scalerProfileId"":""cnn-dualbranch-datasheet-v1-unbound"",""productionApproved"":true,""boundNullingProfileId"":8,""activeNullingProfileId"":9,""bindingValid"":true,""bindingModelMatches"":true,""profileReady"":false,""inferenceValid"":false,""sensorFault"":true},""lora"":{""beginState"":0,""lastTxState"":0,""lastTxOk"":false,""txSeq"":0,""txCounter"":0,""aesKeyProvisioned"":true,""aesKeyPresent"":true,""aesKeySource"":""nvs"",""keyId"":1,""lastDownlinkCommandId"":0,""freqMHz"":920,""bwKHz"":125,""sf"":7,""cr"":5,""syncWord"":18,""txPowerDbm"":17,""preamble"":8,""tcxoVoltage"":1.600000024,""xtalVoltage"":0},""dataset"":{""state"":""idle"",""step"":""idle"",""label"":"""",""seq"":0,""targetSamples"":0,""sampleIntervalMs"":500,""maxDurationMs"":0,""useFanIntake"":true,""fanOnMs"":1000,""postFanSettleMs"":0,""nullingProfileId"":9,""queuePending"":0,""queueCapacity"":16,""queueEnqueued"":0,""queueDropped"":0,""publishFailCount"":0,""retryCount"":0,""retryFailCount"":0,""rejectedSamples"":0,""lastRejectReason"":""none"",""lastRejectChannel"":-1,""lastRejectOkFiniteCount"":0,""lastRejectStatus"":255,""lastRejectGain"":0,""lastRejectSaturated"":false},""recovery"":{""wifiReconnectCount"":0,""wifiReconnectFailCount"":0,""mqttReconnectCount"":0,""mqttConnectFailCount"":0,""lastMqttState"":0,""adsRecoveryCount"":0,""adsRecoveryFailCount"":0,""adsReadFailStreak"":0,""lastReason"":""none"",""lastRecoveryMs"":0,""bootRecoveryArmed"":false,""bootRecoveryDueMs"":0,""bootRecoveryReason"":""none"",""bootRecoveryNonAdsFailure"":false,""bootRecoveryRestartCount"":0},""nulling"":{""done"":false,""retryArmed"":false,""attemptCount"":0,""nextRetryMs"":0,""thresholdV"":9.999999747E-06,""minFinalV"":0},""telemetry"":{""valid"":true,""sampleMs"":6393548,""gasClass"":6,""gasName"":""CO2"",""confidence"":0,""alarm"":false,""sensorVoltage"":[0.08542107,0.00395619,0.0048831,-0.002574973,-0.005249099,-0.011465909,-0.019502362,-0.025269682],""sensorGain"":[32,64,64,64,64,64,64,64],""sensorStatus"":[0,0,0,0,0,0,0,0],""featureOrder"":[""MQ8"",""MQ135"",""MQ3"",""MQ5"",""MQ4"",""MQ7"",""MQ6"",""MQ2""]},""alarmLatched"":false}"
2026-08-04 11:07:38.289 +07:00,17.170,HOT_SWEEP_70,70,700,300,1,0,0.084717996,0.003977547,0.004960466,-0.002547825,-0.004888083,-0.011499407,-0.019460408,-0.025318239,"{""deviceId"":""1001"",""nodeId"":4097,""targetChId"":""0010"",""mode"":""inference"",""uptimeMs"":6394639,""debugEnabled"":true,""power"":{""mode"":""24v"",""externalPower"":true,""batteryMv"":65535,""batteryValid"":false,""batteryDetected"":false,""batterySenseStatus"":""not_detected"",""batteryLow"":false,""batteryCritical"":false,""sourceAmbiguous"":false,""serviceHoldActive"":false,""serviceHoldEffective"":false},""batterySession"":{""state"":""inactive"",""startedMs"":0,""stateStartedMs"":0,""validSampleBatches"":0,""requiredSampleBatches"":10,""alarmTxAttempts"":0,""alarmTxAttemptLimit"":3,""alarmAckReceived"":false,""pendingAlarm"":false,""pendingSaveRequired"":false,""persistenceFaultHold"":false,""completionReason"":""session_done""},""bootHealth"":{""adsReady"":true,""adsDrdyLevel"":0,""adsDrdyPulldownLevel"":0,""adsDrdyPullupLevel"":0,""adsMisoPulldownLevel"":0,""adsMisoPullupLevel"":1,""adsCsLevel"":1,""adsSyncLevel"":1,""adsStatus"":54,""adsMux"":15,""adsAdcon"":6,""adsDrate"":240,""adsReason"":""ok"",""tcaOk"":true,""mcpOkCount"":8,""mcpOk"":[true,true,true,true,true,true,true,true],""mcpAddrMask"":[1,1,1,1,1,1,1,1],""mcpControlTested"":true,""mcpControlOkCount"":8,""mcpControlOk"":[true,true,true,true,true,true,true,true],""dacReady"":true,""radioReady"":true,""mlReady"":true,""nullingProfileApplied"":true,""modelProfileReady"":false},""runtimeMcpCode"":[255,519,795,706,799,865,665,139],""model"":{""profileId"":""cnn-dualbranch-datasheet-v1-unbound"",""scalerProfileId"":""cnn-dualbranch-datasheet-v1-unbound"",""productionApproved"":true,""boundNullingProfileId"":8,""activeNullingProfileId"":9,""bindingValid"":true,""bindingModelMatches"":true,""profileReady"":false,""inferenceValid"":false,""sensorFault"":true},""lora"":{""beginState"":0,""lastTxState"":0,""lastTxOk"":false,""txSeq"":0,""txCounter"":0,""aesKeyProvisioned"":true,""aesKeyPresent"":true,""aesKeySource"":""nvs"",""keyId"":1,""lastDownlinkCommandId"":0,""freqMHz"":920,""bwKHz"":125,""sf"":7,""cr"":5,""syncWord"":18,""txPowerDbm"":17,""preamble"":8,""tcxoVoltage"":1.600000024,""xtalVoltage"":0},""dataset"":{""state"":""idle"",""step"":""idle"",""label"":"""",""seq"":0,""targetSamples"":0,""sampleIntervalMs"":500,""maxDurationMs"":0,""useFanIntake"":true,""fanOnMs"":1000,""postFanSettleMs"":0,""nullingProfileId"":9,""queuePending"":0,""queueCapacity"":16,""queueEnqueued"":0,""queueDropped"":0,""publishFailCount"":0,""retryCount"":0,""retryFailCount"":0,""rejectedSamples"":0,""lastRejectReason"":""none"",""lastRejectChannel"":-1,""lastRejectOkFiniteCount"":0,""lastRejectStatus"":255,""lastRejectGain"":0,""lastRejectSaturated"":false},""recovery"":{""wifiReconnectCount"":0,""wifiReconnectFailCount"":0,""mqttReconnectCount"":0,""mqttConnectFailCount"":0,""lastMqttState"":0,""adsRecoveryCount"":0,""adsRecoveryFailCount"":0,""adsReadFailStreak"":0,""lastReason"":""none"",""lastRecoveryMs"":0,""bootRecoveryArmed"":false,""bootRecoveryDueMs"":0,""bootRecoveryReason"":""none"",""bootRecoveryNonAdsFailure"":false,""bootRecoveryRestartCount"":0},""nulling"":{""done"":false,""retryArmed"":false,""attemptCount"":0,""nextRetryMs"":0,""thresholdV"":9.999999747E-06,""minFinalV"":0},""telemetry"":{""valid"":true,""sampleMs"":6394268,""gasClass"":6,""gasName"":""CO2"",""confidence"":0,""alarm"":false,""sensorVoltage"":[0.084717996,0.003977547,0.004960466,-0.002547825,-0.004888083,-0.011499407,-0.019460408,-0.025318239],""sensorGain"":[32,64,64,64,64,64,64,64],""sensorStatus"":[0,0,0,0,0,0,0,0],""featureOrder"":[""MQ8"",""MQ135"",""MQ3"",""MQ5"",""MQ4"",""MQ7"",""MQ6"",""MQ2""]},""alarmLatched"":false}"
2026-08-04 11:07:38.968 +07:00,17.850,HOT_SWEEP_70,70,700,300,1,0,0.08612188,0.003968758,0.004927845,-0.002520086,-0.004622732,-0.011287177,-0.019483296,-0.025290135,"{""deviceId"":""1001"",""nodeId"":4097,""targetChId"":""0010"",""mode"":""inference"",""uptimeMs"":6395323,""debugEnabled"":true,""power"":{""mode"":""24v"",""externalPower"":true,""batteryMv"":65535,""batteryValid"":false,""batteryDetected"":false,""batterySenseStatus"":""not_detected"",""batteryLow"":false,""batteryCritical"":false,""sourceAmbiguous"":false,""serviceHoldActive"":false,""serviceHoldEffective"":false},""batterySession"":{""state"":""inactive"",""startedMs"":0,""stateStartedMs"":0,""validSampleBatches"":0,""requiredSampleBatches"":10,""alarmTxAttempts"":0,""alarmTxAttemptLimit"":3,""alarmAckReceived"":false,""pendingAlarm"":false,""pendingSaveRequired"":false,""persistenceFaultHold"":false,""completionReason"":""session_done""},""bootHealth"":{""adsReady"":true,""adsDrdyLevel"":0,""adsDrdyPulldownLevel"":0,""adsDrdyPullupLevel"":0,""adsMisoPulldownLevel"":0,""adsMisoPullupLevel"":1,""adsCsLevel"":1,""adsSyncLevel"":1,""adsStatus"":54,""adsMux"":15,""adsAdcon"":6,""adsDrate"":240,""adsReason"":""ok"",""tcaOk"":true,""mcpOkCount"":8,""mcpOk"":[true,true,true,true,true,true,true,true],""mcpAddrMask"":[1,1,1,1,1,1,1,1],""mcpControlTested"":true,""mcpControlOkCount"":8,""mcpControlOk"":[true,true,true,true,true,true,true,true],""dacReady"":true,""radioReady"":true,""mlReady"":true,""nullingProfileApplied"":true,""modelProfileReady"":false},""runtimeMcpCode"":[255,519,795,706,799,865,665,139],""model"":{""profileId"":""cnn-dualbranch-datasheet-v1-unbound"",""scalerProfileId"":""cnn-dualbranch-datasheet-v1-unbound"",""productionApproved"":true,""boundNullingProfileId"":8,""activeNullingProfileId"":9,""bindingValid"":true,""bindingModelMatches"":true,""profileReady"":false,""inferenceValid"":false,""sensorFault"":true},""lora"":{""beginState"":0,""lastTxState"":0,""lastTxOk"":false,""txSeq"":0,""txCounter"":0,""aesKeyProvisioned"":true,""aesKeyPresent"":true,""aesKeySource"":""nvs"",""keyId"":1,""lastDownlinkCommandId"":0,""freqMHz"":920,""bwKHz"":125,""sf"":7,""cr"":5,""syncWord"":18,""txPowerDbm"":17,""preamble"":8,""tcxoVoltage"":1.600000024,""xtalVoltage"":0},""dataset"":{""state"":""idle"",""step"":""idle"",""label"":"""",""seq"":0,""targetSamples"":0,""sampleIntervalMs"":500,""maxDurationMs"":0,""useFanIntake"":true,""fanOnMs"":1000,""postFanSettleMs"":0,""nullingProfileId"":9,""queuePending"":0,""queueCapacity"":16,""queueEnqueued"":0,""queueDropped"":0,""publishFailCount"":0,""retryCount"":0,""retryFailCount"":0,""rejectedSamples"":0,""lastRejectReason"":""none"",""lastRejectChannel"":-1,""lastRejectOkFiniteCount"":0,""lastRejectStatus"":255,""lastRejectGain"":0,""lastRejectSaturated"":false},""recovery"":{""wifiReconnectCount"":0,""wifiReconnectFailCount"":0,""mqttReconnectCount"":0,""mqttConnectFailCount"":0,""lastMqttState"":0,""adsRecoveryCount"":0,""adsRecoveryFailCount"":0,""adsReadFailStreak"":0,""lastReason"":""none"",""lastRecoveryMs"":0,""bootRecoveryArmed"":false,""bootRecoveryDueMs"":0,""bootRecoveryReason"":""none"",""bootRecoveryNonAdsFailure"":false,""bootRecoveryRestartCount"":0},""nulling"":{""done"":false,""retryArmed"":false,""attemptCount"":0,""nextRetryMs"":0,""thresholdV"":9.999999747E-06,""minFinalV"":0},""telemetry"":{""valid"":true,""sampleMs"":6394917,""gasClass"":6,""gasName"":""CO2"",""confidence"":0,""alarm"":false,""sensorVoltage"":[0.08612188,0.003968758,0.004927845,-0.002520086,-0.004622732,-0.011287177,-0.019483296,-0.025290135],""sensorGain"":[32,64,64,64,64,64,64,64],""sensorStatus"":[0,0,0,0,0,0,0,0],""featureOrder"":[""MQ8"",""MQ135"",""MQ3"",""MQ5"",""MQ4"",""MQ7"",""MQ6"",""MQ2""]},""alarmLatched"":false}"
2026-08-04 11:07:39.662 +07:00,18.535,HOT_SWEEP_70,70,700,300,1,0,0.085350953,0.004044251,0.004972226,-0.002562596,-0.005672273,-0.011578214,-0.019804332,-0.025312018,"{""deviceId"":""1001"",""nodeId"":4097,""targetChId"":""0010"",""mode"":""inference"",""uptimeMs"":6396006,""debugEnabled"":true,""power"":{""mode"":""24v"",""externalPower"":true,""batteryMv"":65535,""batteryValid"":false,""batteryDetected"":false,""batterySenseStatus"":""not_detected"",""batteryLow"":false,""batteryCritical"":false,""sourceAmbiguous"":false,""serviceHoldActive"":false,""serviceHoldEffective"":false},""batterySession"":{""state"":""inactive"",""startedMs"":0,""stateStartedMs"":0,""validSampleBatches"":0,""requiredSampleBatches"":10,""alarmTxAttempts"":0,""alarmTxAttemptLimit"":3,""alarmAckReceived"":false,""pendingAlarm"":false,""pendingSaveRequired"":false,""persistenceFaultHold"":false,""completionReason"":""session_done""},""bootHealth"":{""adsReady"":true,""adsDrdyLevel"":0,""adsDrdyPulldownLevel"":0,""adsDrdyPullupLevel"":0,""adsMisoPulldownLevel"":0,""adsMisoPullupLevel"":1,""adsCsLevel"":1,""adsSyncLevel"":1,""adsStatus"":54,""adsMux"":15,""adsAdcon"":6,""adsDrate"":240,""adsReason"":""ok"",""tcaOk"":true,""mcpOkCount"":8,""mcpOk"":[true,true,true,true,true,true,true,true],""mcpAddrMask"":[1,1,1,1,1,1,1,1],""mcpControlTested"":true,""mcpControlOkCount"":8,""mcpControlOk"":[true,true,true,true,true,true,true,true],""dacReady"":true,""radioReady"":true,""mlReady"":true,""nullingProfileApplied"":true,""modelProfileReady"":false},""runtimeMcpCode"":[255,519,795,706,799,865,665,139],""model"":{""profileId"":""cnn-dualbranch-datasheet-v1-unbound"",""scalerProfileId"":""cnn-dualbranch-datasheet-v1-unbound"",""productionApproved"":true,""boundNullingProfileId"":8,""activeNullingProfileId"":9,""bindingValid"":true,""bindingModelMatches"":true,""profileReady"":false,""inferenceValid"":false,""sensorFault"":true},""lora"":{""beginState"":0,""lastTxState"":0,""lastTxOk"":false,""txSeq"":0,""txCounter"":0,""aesKeyProvisioned"":true,""aesKeyPresent"":true,""aesKeySource"":""nvs"",""keyId"":1,""lastDownlinkCommandId"":0,""freqMHz"":920,""bwKHz"":125,""sf"":7,""cr"":5,""syncWord"":18,""txPowerDbm"":17,""preamble"":8,""tcxoVoltage"":1.600000024,""xtalVoltage"":0},""dataset"":{""state"":""idle"",""step"":""idle"",""label"":"""",""seq"":0,""targetSamples"":0,""sampleIntervalMs"":500,""maxDurationMs"":0,""useFanIntake"":true,""fanOnMs"":1000,""postFanSettleMs"":0,""nullingProfileId"":9,""queuePending"":0,""queueCapacity"":16,""queueEnqueued"":0,""queueDropped"":0,""publishFailCount"":0,""retryCount"":0,""retryFailCount"":0,""rejectedSamples"":0,""lastRejectReason"":""none"",""lastRejectChannel"":-1,""lastRejectOkFiniteCount"":0,""lastRejectStatus"":255,""lastRejectGain"":0,""lastRejectSaturated"":false},""recovery"":{""wifiReconnectCount"":0,""wifiReconnectFailCount"":0,""mqttReconnectCount"":0,""mqttConnectFailCount"":0,""lastMqttState"":0,""adsRecoveryCount"":0,""adsRecoveryFailCount"":0,""adsReadFailStreak"":0,""lastReason"":""none"",""lastRecoveryMs"":0,""bootRecoveryArmed"":false,""bootRecoveryDueMs"":0,""bootRecoveryReason"":""none"",""bootRecoveryNonAdsFailure"":false,""bootRecoveryRestartCount"":0},""nulling"":{""done"":false,""retryArmed"":false,""attemptCount"":0,""nextRetryMs"":0,""thresholdV"":9.999999747E-06,""minFinalV"":0},""telemetry"":{""valid"":true,""sampleMs"":6395601,""gasClass"":6,""gasName"":""CO2"",""confidence"":0,""alarm"":false,""sensorVoltage"":[0.085350953,0.004044251,0.004972226,-0.002562596,-0.005672273,-0.011578214,-0.019804332,-0.025312018],""sensorGain"":[32,64,64,64,64,64,64,64],""sensorStatus"":[0,0,0,0,0,0,0,0],""featureOrder"":[""MQ8"",""MQ135"",""MQ3"",""MQ5"",""MQ4"",""MQ7"",""MQ6"",""MQ2""]},""alarmLatched"":false}"
2026-08-04 11:07:40.354 +07:00,19.235,HOT_SWEEP_70,70,700,300,1,0,0.084826969,0.004088123,0.0049630229999999996,-0.002553468,-0.006068391,-0.011565687,-0.019818481,-0.025351539,"{""deviceId"":""1001"",""nodeId"":4097,""targetChId"":""0010"",""mode"":""inference"",""uptimeMs"":6396706,""debugEnabled"":true,""power"":{""mode"":""24v"",""externalPower"":true,""batteryMv"":65535,""batteryValid"":false,""batteryDetected"":false,""batterySenseStatus"":""not_detected"",""batteryLow"":false,""batteryCritical"":false,""sourceAmbiguous"":false,""serviceHoldActive"":false,""serviceHoldEffective"":false},""batterySession"":{""state"":""inactive"",""startedMs"":0,""stateStartedMs"":0,""validSampleBatches"":0,""requiredSampleBatches"":10,""alarmTxAttempts"":0,""alarmTxAttemptLimit"":3,""alarmAckReceived"":false,""pendingAlarm"":false,""pendingSaveRequired"":false,""persistenceFaultHold"":false,""completionReason"":""session_done""},""bootHealth"":{""adsReady"":true,""adsDrdyLevel"":0,""adsDrdyPulldownLevel"":0,""adsDrdyPullupLevel"":0,""adsMisoPulldownLevel"":0,""adsMisoPullupLevel"":1,""adsCsLevel"":1,""adsSyncLevel"":1,""adsStatus"":54,""adsMux"":15,""adsAdcon"":6,""adsDrate"":240,""adsReason"":""ok"",""tcaOk"":true,""mcpOkCount"":8,""mcpOk"":[true,true,true,true,true,true,true,true],""mcpAddrMask"":[1,1,1,1,1,1,1,1],""mcpControlTested"":true,""mcpControlOkCount"":8,""mcpControlOk"":[true,true,true,true,true,true,true,true],""dacReady"":true,""radioReady"":true,""mlReady"":true,""nullingProfileApplied"":true,""modelProfileReady"":false},""runtimeMcpCode"":[255,519,795,706,799,865,665,139],""model"":{""profileId"":""cnn-dualbranch-datasheet-v1-unbound"",""scalerProfileId"":""cnn-dualbranch-datasheet-v1-unbound"",""productionApproved"":true,""boundNullingProfileId"":8,""activeNullingProfileId"":9,""bindingValid"":true,""bindingModelMatches"":true,""profileReady"":false,""inferenceValid"":false,""sensorFault"":true},""lora"":{""beginState"":0,""lastTxState"":0,""lastTxOk"":false,""txSeq"":0,""txCounter"":0,""aesKeyProvisioned"":true,""aesKeyPresent"":true,""aesKeySource"":""nvs"",""keyId"":1,""lastDownlinkCommandId"":0,""freqMHz"":920,""bwKHz"":125,""sf"":7,""cr"":5,""syncWord"":18,""txPowerDbm"":17,""preamble"":8,""tcxoVoltage"":1.600000024,""xtalVoltage"":0},""dataset"":{""state"":""idle"",""step"":""idle"",""label"":"""",""seq"":0,""targetSamples"":0,""sampleIntervalMs"":500,""maxDurationMs"":0,""useFanIntake"":true,""fanOnMs"":1000,""postFanSettleMs"":0,""nullingProfileId"":9,""queuePending"":0,""queueCapacity"":16,""queueEnqueued"":0,""queueDropped"":0,""publishFailCount"":0,""retryCount"":0,""retryFailCount"":0,""rejectedSamples"":0,""lastRejectReason"":""none"",""lastRejectChannel"":-1,""lastRejectOkFiniteCount"":0,""lastRejectStatus"":255,""lastRejectGain"":0,""lastRejectSaturated"":false},""recovery"":{""wifiReconnectCount"":0,""wifiReconnectFailCount"":0,""mqttReconnectCount"":0,""mqttConnectFailCount"":0,""lastMqttState"":0,""adsRecoveryCount"":0,""adsRecoveryFailCount"":0,""adsReadFailStreak"":0,""lastReason"":""none"",""lastRecoveryMs"":0,""bootRecoveryArmed"":false,""bootRecoveryDueMs"":0,""bootRecoveryReason"":""none"",""bootRecoveryNonAdsFailure"":false,""bootRecoveryRestartCount"":0},""nulling"":{""done"":false,""retryArmed"":false,""attemptCount"":0,""nextRetryMs"":0,""thresholdV"":9.999999747E-06,""minFinalV"":0},""telemetry"":{""valid"":true,""sampleMs"":6396321,""gasClass"":6,""gasName"":""CO2"",""confidence"":0,""alarm"":false,""sensorVoltage"":[0.084826969,0.004088123,0.004963023,-0.002553468,-0.006068391,-0.011565687,-0.019818481,-0.025351539],""sensorGain"":[32,64,64,64,64,64,64,64],""sensorStatus"":[0,0,0,0,0,0,0,0],""featureOrder"":[""MQ8"",""MQ135"",""MQ3"",""MQ5"",""MQ4"",""MQ7"",""MQ6"",""MQ2""]},""alarmLatched"":false}"
2026-08-04 11:07:41.044 +07:00,19.925,HOT_SWEEP_70,70,700,300,1,0,0.085817114,0.004056043,0.004905731,-0.002573725,-0.006007177,-0.011548841,-0.019821385,-0.025356481,"{""deviceId"":""1001"",""nodeId"":4097,""targetChId"":""0010"",""mode"":""inference"",""uptimeMs"":6397402,""debugEnabled"":true,""power"":{""mode"":""24v"",""externalPower"":true,""batteryMv"":65535,""batteryValid"":false,""batteryDetected"":false,""batterySenseStatus"":""not_detected"",""batteryLow"":false,""batteryCritical"":false,""sourceAmbiguous"":false,""serviceHoldActive"":false,""serviceHoldEffective"":false},""batterySession"":{""state"":""inactive"",""startedMs"":0,""stateStartedMs"":0,""validSampleBatches"":0,""requiredSampleBatches"":10,""alarmTxAttempts"":0,""alarmTxAttemptLimit"":3,""alarmAckReceived"":false,""pendingAlarm"":false,""pendingSaveRequired"":false,""persistenceFaultHold"":false,""completionReason"":""session_done""},""bootHealth"":{""adsReady"":true,""adsDrdyLevel"":0,""adsDrdyPulldownLevel"":0,""adsDrdyPullupLevel"":0,""adsMisoPulldownLevel"":0,""adsMisoPullupLevel"":1,""adsCsLevel"":1,""adsSyncLevel"":1,""adsStatus"":54,""adsMux"":15,""adsAdcon"":6,""adsDrate"":240,""adsReason"":""ok"",""tcaOk"":true,""mcpOkCount"":8,""mcpOk"":[true,true,true,true,true,true,true,true],""mcpAddrMask"":[1,1,1,1,1,1,1,1],""mcpControlTested"":true,""mcpControlOkCount"":8,""mcpControlOk"":[true,true,true,true,true,true,true,true],""dacReady"":true,""radioReady"":true,""mlReady"":true,""nullingProfileApplied"":true,""modelProfileReady"":false},""runtimeMcpCode"":[255,519,795,706,799,865,665,139],""model"":{""profileId"":""cnn-dualbranch-datasheet-v1-unbound"",""scalerProfileId"":""cnn-dualbranch-datasheet-v1-unbound"",""productionApproved"":true,""boundNullingProfileId"":8,""activeNullingProfileId"":9,""bindingValid"":true,""bindingModelMatches"":true,""profileReady"":false,""inferenceValid"":false,""sensorFault"":true},""lora"":{""beginState"":0,""lastTxState"":0,""lastTxOk"":false,""txSeq"":0,""txCounter"":0,""aesKeyProvisioned"":true,""aesKeyPresent"":true,""aesKeySource"":""nvs"",""keyId"":1,""lastDownlinkCommandId"":0,""freqMHz"":920,""bwKHz"":125,""sf"":7,""cr"":5,""syncWord"":18,""txPowerDbm"":17,""preamble"":8,""tcxoVoltage"":1.600000024,""xtalVoltage"":0},""dataset"":{""state"":""idle"",""step"":""idle"",""label"":"""",""seq"":0,""targetSamples"":0,""sampleIntervalMs"":500,""maxDurationMs"":0,""useFanIntake"":true,""fanOnMs"":1000,""postFanSettleMs"":0,""nullingProfileId"":9,""queuePending"":0,""queueCapacity"":16,""queueEnqueued"":0,""queueDropped"":0,""publishFailCount"":0,""retryCount"":0,""retryFailCount"":0,""rejectedSamples"":0,""lastRejectReason"":""none"",""lastRejectChannel"":-1,""lastRejectOkFiniteCount"":0,""lastRejectStatus"":255,""lastRejectGain"":0,""lastRejectSaturated"":false},""recovery"":{""wifiReconnectCount"":0,""wifiReconnectFailCount"":0,""mqttReconnectCount"":0,""mqttConnectFailCount"":0,""lastMqttState"":0,""adsRecoveryCount"":0,""adsRecoveryFailCount"":0,""adsReadFailStreak"":0,""lastReason"":""none"",""lastRecoveryMs"":0,""bootRecoveryArmed"":false,""bootRecoveryDueMs"":0,""bootRecoveryReason"":""none"",""bootRecoveryNonAdsFailure"":false,""bootRecoveryRestartCount"":0},""nulling"":{""done"":false,""retryArmed"":false,""attemptCount"":0,""nextRetryMs"":0,""thresholdV"":9.999999747E-06,""minFinalV"":0},""telemetry"":{""valid"":true,""sampleMs"":6396984,""gasClass"":6,""gasName"":""CO2"",""confidence"":0,""alarm"":false,""sensorVoltage"":[0.085817114,0.004056043,0.004905731,-0.002573725,-0.006007177,-0.011548841,-0.019821385,-0.025356481],""sensorGain"":[32,64,64,64,64,64,64,64],""sensorStatus"":[0,0,0,0,0,0,0,0],""featureOrder"":[""MQ8"",""MQ135"",""MQ3"",""MQ5"",""MQ4"",""MQ7"",""MQ6"",""MQ2""]},""alarmLatched"":false}"
2026-08-04 11:07:41.735 +07:00,20.616,HOT_SWEEP_70,70,700,300,1,0,0.085435092,0.004023393,0.004950683,-0.002570881,-0.006193506,-0.011548316,-0.019799063,-0.025354326,"{""deviceId"":""1001"",""nodeId"":4097,""targetChId"":""0010"",""mode"":""inference"",""uptimeMs"":6398083,""debugEnabled"":true,""power"":{""mode"":""24v"",""externalPower"":true,""batteryMv"":65535,""batteryValid"":false,""batteryDetected"":false,""batterySenseStatus"":""not_detected"",""batteryLow"":false,""batteryCritical"":false,""sourceAmbiguous"":false,""serviceHoldActive"":false,""serviceHoldEffective"":false},""batterySession"":{""state"":""inactive"",""startedMs"":0,""stateStartedMs"":0,""validSampleBatches"":0,""requiredSampleBatches"":10,""alarmTxAttempts"":0,""alarmTxAttemptLimit"":3,""alarmAckReceived"":false,""pendingAlarm"":false,""pendingSaveRequired"":false,""persistenceFaultHold"":false,""completionReason"":""session_done""},""bootHealth"":{""adsReady"":true,""adsDrdyLevel"":0,""adsDrdyPulldownLevel"":0,""adsDrdyPullupLevel"":0,""adsMisoPulldownLevel"":0,""adsMisoPullupLevel"":1,""adsCsLevel"":1,""adsSyncLevel"":1,""adsStatus"":54,""adsMux"":15,""adsAdcon"":6,""adsDrate"":240,""adsReason"":""ok"",""tcaOk"":true,""mcpOkCount"":8,""mcpOk"":[true,true,true,true,true,true,true,true],""mcpAddrMask"":[1,1,1,1,1,1,1,1],""mcpControlTested"":true,""mcpControlOkCount"":8,""mcpControlOk"":[true,true,true,true,true,true,true,true],""dacReady"":true,""radioReady"":true,""mlReady"":true,""nullingProfileApplied"":true,""modelProfileReady"":false},""runtimeMcpCode"":[255,519,795,706,799,865,665,139],""model"":{""profileId"":""cnn-dualbranch-datasheet-v1-unbound"",""scalerProfileId"":""cnn-dualbranch-datasheet-v1-unbound"",""productionApproved"":true,""boundNullingProfileId"":8,""activeNullingProfileId"":9,""bindingValid"":true,""bindingModelMatches"":true,""profileReady"":false,""inferenceValid"":false,""sensorFault"":true},""lora"":{""beginState"":0,""lastTxState"":0,""lastTxOk"":false,""txSeq"":0,""txCounter"":0,""aesKeyProvisioned"":true,""aesKeyPresent"":true,""aesKeySource"":""nvs"",""keyId"":1,""lastDownlinkCommandId"":0,""freqMHz"":920,""bwKHz"":125,""sf"":7,""cr"":5,""syncWord"":18,""txPowerDbm"":17,""preamble"":8,""tcxoVoltage"":1.600000024,""xtalVoltage"":0},""dataset"":{""state"":""idle"",""step"":""idle"",""label"":"""",""seq"":0,""targetSamples"":0,""sampleIntervalMs"":500,""maxDurationMs"":0,""useFanIntake"":true,""fanOnMs"":1000,""postFanSettleMs"":0,""nullingProfileId"":9,""queuePending"":0,""queueCapacity"":16,""queueEnqueued"":0,""queueDropped"":0,""publishFailCount"":0,""retryCount"":0,""retryFailCount"":0,""rejectedSamples"":0,""lastRejectReason"":""none"",""lastRejectChannel"":-1,""lastRejectOkFiniteCount"":0,""lastRejectStatus"":255,""lastRejectGain"":0,""lastRejectSaturated"":false},""recovery"":{""wifiReconnectCount"":0,""wifiReconnectFailCount"":0,""mqttReconnectCount"":0,""mqttConnectFailCount"":0,""lastMqttState"":0,""adsRecoveryCount"":0,""adsRecoveryFailCount"":0,""adsReadFailStreak"":0,""lastReason"":""none"",""lastRecoveryMs"":0,""bootRecoveryArmed"":false,""bootRecoveryDueMs"":0,""bootRecoveryReason"":""none"",""bootRecoveryNonAdsFailure"":false,""bootRecoveryRestartCount"":0},""nulling"":{""done"":false,""retryArmed"":false,""attemptCount"":0,""nextRetryMs"":0,""thresholdV"":9.999999747E-06,""minFinalV"":0},""telemetry"":{""valid"":true,""sampleMs"":6397680,""gasClass"":6,""gasName"":""CO2"",""confidence"":0,""alarm"":false,""sensorVoltage"":[0.085435092,0.004023393,0.004950683,-0.002570881,-0.006193506,-0.011548316,-0.019799063,-0.025354326],""sensorGain"":[32,64,64,64,64,64,64,64],""sensorStatus"":[0,0,0,0,0,0,0,0],""featureOrder"":[""MQ8"",""MQ135"",""MQ3"",""MQ5"",""MQ4"",""MQ7"",""MQ6"",""MQ2""]},""alarmLatched"":false}"
2026-08-04 11:07:42.426 +07:00,21.297,HOT_SWEEP_70,70,700,300,1,0,0.084977657,0.004039801,0.004949354,-0.002571483,-0.006346142,-0.011575485,-0.019804861,-0.025356108,"{""deviceId"":""1001"",""nodeId"":4097,""targetChId"":""0010"",""mode"":""inference"",""uptimeMs"":6398772,""debugEnabled"":true,""power"":{""mode"":""24v"",""externalPower"":true,""batteryMv"":65535,""batteryValid"":false,""batteryDetected"":false,""batterySenseStatus"":""not_detected"",""batteryLow"":false,""batteryCritical"":false,""sourceAmbiguous"":false,""serviceHoldActive"":false,""serviceHoldEffective"":false},""batterySession"":{""state"":""inactive"",""startedMs"":0,""stateStartedMs"":0,""validSampleBatches"":0,""requiredSampleBatches"":10,""alarmTxAttempts"":0,""alarmTxAttemptLimit"":3,""alarmAckReceived"":false,""pendingAlarm"":false,""pendingSaveRequired"":false,""persistenceFaultHold"":false,""completionReason"":""session_done""},""bootHealth"":{""adsReady"":true,""adsDrdyLevel"":0,""adsDrdyPulldownLevel"":0,""adsDrdyPullupLevel"":0,""adsMisoPulldownLevel"":0,""adsMisoPullupLevel"":1,""adsCsLevel"":1,""adsSyncLevel"":1,""adsStatus"":54,""adsMux"":15,""adsAdcon"":6,""adsDrate"":240,""adsReason"":""ok"",""tcaOk"":true,""mcpOkCount"":8,""mcpOk"":[true,true,true,true,true,true,true,true],""mcpAddrMask"":[1,1,1,1,1,1,1,1],""mcpControlTested"":true,""mcpControlOkCount"":8,""mcpControlOk"":[true,true,true,true,true,true,true,true],""dacReady"":true,""radioReady"":true,""mlReady"":true,""nullingProfileApplied"":true,""modelProfileReady"":false},""runtimeMcpCode"":[255,519,795,706,799,865,665,139],""model"":{""profileId"":""cnn-dualbranch-datasheet-v1-unbound"",""scalerProfileId"":""cnn-dualbranch-datasheet-v1-unbound"",""productionApproved"":true,""boundNullingProfileId"":8,""activeNullingProfileId"":9,""bindingValid"":true,""bindingModelMatches"":true,""profileReady"":false,""inferenceValid"":false,""sensorFault"":true},""lora"":{""beginState"":0,""lastTxState"":0,""lastTxOk"":false,""txSeq"":0,""txCounter"":0,""aesKeyProvisioned"":true,""aesKeyPresent"":true,""aesKeySource"":""nvs"",""keyId"":1,""lastDownlinkCommandId"":0,""freqMHz"":920,""bwKHz"":125,""sf"":7,""cr"":5,""syncWord"":18,""txPowerDbm"":17,""preamble"":8,""tcxoVoltage"":1.600000024,""xtalVoltage"":0},""dataset"":{""state"":""idle"",""step"":""idle"",""label"":"""",""seq"":0,""targetSamples"":0,""sampleIntervalMs"":500,""maxDurationMs"":0,""useFanIntake"":true,""fanOnMs"":1000,""postFanSettleMs"":0,""nullingProfileId"":9,""queuePending"":0,""queueCapacity"":16,""queueEnqueued"":0,""queueDropped"":0,""publishFailCount"":0,""retryCount"":0,""retryFailCount"":0,""rejectedSamples"":0,""lastRejectReason"":""none"",""lastRejectChannel"":-1,""lastRejectOkFiniteCount"":0,""lastRejectStatus"":255,""lastRejectGain"":0,""lastRejectSaturated"":false},""recovery"":{""wifiReconnectCount"":0,""wifiReconnectFailCount"":0,""mqttReconnectCount"":0,""mqttConnectFailCount"":0,""lastMqttState"":0,""adsRecoveryCount"":0,""adsRecoveryFailCount"":0,""adsReadFailStreak"":0,""lastReason"":""none"",""lastRecoveryMs"":0,""bootRecoveryArmed"":false,""bootRecoveryDueMs"":0,""bootRecoveryReason"":""none"",""bootRecoveryNonAdsFailure"":false,""bootRecoveryRestartCount"":0},""nulling"":{""done"":false,""retryArmed"":false,""attemptCount"":0,""nextRetryMs"":0,""thresholdV"":9.999999747E-06,""minFinalV"":0},""telemetry"":{""valid"":true,""sampleMs"":6398393,""gasClass"":6,""gasName"":""CO2"",""confidence"":0,""alarm"":false,""sensorVoltage"":[0.084977657,0.004039801,0.004949354,-0.002571483,-0.006346142,-0.011575485,-0.019804861,-0.025356108],""sensorGain"":[32,64,64,64,64,64,64,64],""sensorStatus"":[0,0,0,0,0,0,0,0],""featureOrder"":[""MQ8"",""MQ135"",""MQ3"",""MQ5"",""MQ4"",""MQ7"",""MQ6"",""MQ2""]},""alarmLatched"":false}"
2026-08-04 11:07:43.124 +07:00,21.997,HOT_SWEEP_70,70,700,300,1,0,0.08589711,0.003993172,0.004942049,-0.002577577,-0.00645958,-0.011531073,-0.019810248,-0.025300914,"{""deviceId"":""1001"",""nodeId"":4097,""targetChId"":""0010"",""mode"":""inference"",""uptimeMs"":6399470,""debugEnabled"":true,""power"":{""mode"":""24v"",""externalPower"":true,""batteryMv"":65535,""batteryValid"":false,""batteryDetected"":false,""batterySenseStatus"":""not_detected"",""batteryLow"":false,""batteryCritical"":false,""sourceAmbiguous"":false,""serviceHoldActive"":false,""serviceHoldEffective"":false},""batterySession"":{""state"":""inactive"",""startedMs"":0,""stateStartedMs"":0,""validSampleBatches"":0,""requiredSampleBatches"":10,""alarmTxAttempts"":0,""alarmTxAttemptLimit"":3,""alarmAckReceived"":false,""pendingAlarm"":false,""pendingSaveRequired"":false,""persistenceFaultHold"":false,""completionReason"":""session_done""},""bootHealth"":{""adsReady"":true,""adsDrdyLevel"":0,""adsDrdyPulldownLevel"":0,""adsDrdyPullupLevel"":0,""adsMisoPulldownLevel"":0,""adsMisoPullupLevel"":1,""adsCsLevel"":1,""adsSyncLevel"":1,""adsStatus"":54,""adsMux"":15,""adsAdcon"":6,""adsDrate"":240,""adsReason"":""ok"",""tcaOk"":true,""mcpOkCount"":8,""mcpOk"":[true,true,true,true,true,true,true,true],""mcpAddrMask"":[1,1,1,1,1,1,1,1],""mcpControlTested"":true,""mcpControlOkCount"":8,""mcpControlOk"":[true,true,true,true,true,true,true,true],""dacReady"":true,""radioReady"":true,""mlReady"":true,""nullingProfileApplied"":true,""modelProfileReady"":false},""runtimeMcpCode"":[255,519,795,706,799,865,665,139],""model"":{""profileId"":""cnn-dualbranch-datasheet-v1-unbound"",""scalerProfileId"":""cnn-dualbranch-datasheet-v1-unbound"",""productionApproved"":true,""boundNullingProfileId"":8,""activeNullingProfileId"":9,""bindingValid"":true,""bindingModelMatches"":true,""profileReady"":false,""inferenceValid"":false,""sensorFault"":true},""lora"":{""beginState"":0,""lastTxState"":0,""lastTxOk"":false,""txSeq"":0,""txCounter"":0,""aesKeyProvisioned"":true,""aesKeyPresent"":true,""aesKeySource"":""nvs"",""keyId"":1,""lastDownlinkCommandId"":0,""freqMHz"":920,""bwKHz"":125,""sf"":7,""cr"":5,""syncWord"":18,""txPowerDbm"":17,""preamble"":8,""tcxoVoltage"":1.600000024,""xtalVoltage"":0},""dataset"":{""state"":""idle"",""step"":""idle"",""label"":"""",""seq"":0,""targetSamples"":0,""sampleIntervalMs"":500,""maxDurationMs"":0,""useFanIntake"":true,""fanOnMs"":1000,""postFanSettleMs"":0,""nullingProfileId"":9,""queuePending"":0,""queueCapacity"":16,""queueEnqueued"":0,""queueDropped"":0,""publishFailCount"":0,""retryCount"":0,""retryFailCount"":0,""rejectedSamples"":0,""lastRejectReason"":""none"",""lastRejectChannel"":-1,""lastRejectOkFiniteCount"":0,""lastRejectStatus"":255,""lastRejectGain"":0,""lastRejectSaturated"":false},""recovery"":{""wifiReconnectCount"":0,""wifiReconnectFailCount"":0,""mqttReconnectCount"":0,""mqttConnectFailCount"":0,""lastMqttState"":0,""adsRecoveryCount"":0,""adsRecoveryFailCount"":0,""adsReadFailStreak"":0,""lastReason"":""none"",""lastRecoveryMs"":0,""bootRecoveryArmed"":false,""bootRecoveryDueMs"":0,""bootRecoveryReason"":""none"",""bootRecoveryNonAdsFailure"":false,""bootRecoveryRestartCount"":0},""nulling"":{""done"":false,""retryArmed"":false,""attemptCount"":0,""nextRetryMs"":0,""thresholdV"":9.999999747E-06,""minFinalV"":0},""telemetry"":{""valid"":true,""sampleMs"":6399050,""gasClass"":6,""gasName"":""CO2"",""confidence"":0,""alarm"":false,""sensorVoltage"":[0.08589711,0.003993172,0.004942049,-0.002577577,-0.00645958,-0.011531073,-0.019810248,-0.025300914],""sensorGain"":[32,64,64,64,64,64,64,64],""sensorStatus"":[0,0,0,0,0,0,0,0],""featureOrder"":[""MQ8"",""MQ135"",""MQ3"",""MQ5"",""MQ4"",""MQ7"",""MQ6"",""MQ2""]},""alarmLatched"":false}"
2026-08-04 11:07:43.819 +07:00,22.700,HOT_SWEEP_70,70,700,300,1,0,0.085755453,0.003964171,0.004945175,-0.002583286,-0.006509664,-0.011607602,-0.019814499,-0.025314655,"{""deviceId"":""1001"",""nodeId"":4097,""targetChId"":""0010"",""mode"":""inference"",""uptimeMs"":6400167,""debugEnabled"":true,""power"":{""mode"":""24v"",""externalPower"":true,""batteryMv"":65535,""batteryValid"":false,""batteryDetected"":false,""batterySenseStatus"":""not_detected"",""batteryLow"":false,""batteryCritical"":false,""sourceAmbiguous"":false,""serviceHoldActive"":false,""serviceHoldEffective"":false},""batterySession"":{""state"":""inactive"",""startedMs"":0,""stateStartedMs"":0,""validSampleBatches"":0,""requiredSampleBatches"":10,""alarmTxAttempts"":0,""alarmTxAttemptLimit"":3,""alarmAckReceived"":false,""pendingAlarm"":false,""pendingSaveRequired"":false,""persistenceFaultHold"":false,""completionReason"":""session_done""},""bootHealth"":{""adsReady"":true,""adsDrdyLevel"":0,""adsDrdyPulldownLevel"":0,""adsDrdyPullupLevel"":0,""adsMisoPulldownLevel"":0,""adsMisoPullupLevel"":1,""adsCsLevel"":1,""adsSyncLevel"":1,""adsStatus"":54,""adsMux"":15,""adsAdcon"":6,""adsDrate"":240,""adsReason"":""ok"",""tcaOk"":true,""mcpOkCount"":8,""mcpOk"":[true,true,true,true,true,true,true,true],""mcpAddrMask"":[1,1,1,1,1,1,1,1],""mcpControlTested"":true,""mcpControlOkCount"":8,""mcpControlOk"":[true,true,true,true,true,true,true,true],""dacReady"":true,""radioReady"":true,""mlReady"":true,""nullingProfileApplied"":true,""modelProfileReady"":false},""runtimeMcpCode"":[255,519,795,706,799,865,665,139],""model"":{""profileId"":""cnn-dualbranch-datasheet-v1-unbound"",""scalerProfileId"":""cnn-dualbranch-datasheet-v1-unbound"",""productionApproved"":true,""boundNullingProfileId"":8,""activeNullingProfileId"":9,""bindingValid"":true,""bindingModelMatches"":true,""profileReady"":false,""inferenceValid"":false,""sensorFault"":true},""lora"":{""beginState"":0,""lastTxState"":0,""lastTxOk"":false,""txSeq"":0,""txCounter"":0,""aesKeyProvisioned"":true,""aesKeyPresent"":true,""aesKeySource"":""nvs"",""keyId"":1,""lastDownlinkCommandId"":0,""freqMHz"":920,""bwKHz"":125,""sf"":7,""cr"":5,""syncWord"":18,""txPowerDbm"":17,""preamble"":8,""tcxoVoltage"":1.600000024,""xtalVoltage"":0},""dataset"":{""state"":""idle"",""step"":""idle"",""label"":"""",""seq"":0,""targetSamples"":0,""sampleIntervalMs"":500,""maxDurationMs"":0,""useFanIntake"":true,""fanOnMs"":1000,""postFanSettleMs"":0,""nullingProfileId"":9,""queuePending"":0,""queueCapacity"":16,""queueEnqueued"":0,""queueDropped"":0,""publishFailCount"":0,""retryCount"":0,""retryFailCount"":0,""rejectedSamples"":0,""lastRejectReason"":""none"",""lastRejectChannel"":-1,""lastRejectOkFiniteCount"":0,""lastRejectStatus"":255,""lastRejectGain"":0,""lastRejectSaturated"":false},""recovery"":{""wifiReconnectCount"":0,""wifiReconnectFailCount"":0,""mqttReconnectCount"":0,""mqttConnectFailCount"":0,""lastMqttState"":0,""adsRecoveryCount"":0,""adsRecoveryFailCount"":0,""adsReadFailStreak"":0,""lastReason"":""none"",""lastRecoveryMs"":0,""bootRecoveryArmed"":false,""bootRecoveryDueMs"":0,""bootRecoveryReason"":""none"",""bootRecoveryNonAdsFailure"":false,""bootRecoveryRestartCount"":0},""nulling"":{""done"":false,""retryArmed"":false,""attemptCount"":0,""nextRetryMs"":0,""thresholdV"":9.999999747E-06,""minFinalV"":0},""telemetry"":{""valid"":true,""sampleMs"":6399748,""gasClass"":6,""gasName"":""CO2"",""confidence"":0,""alarm"":false,""sensorVoltage"":[0.085755453,0.003964171,0.004945175,-0.002583286,-0.006509664,-0.011607602,-0.019814499,-0.025314655],""sensorGain"":[32,64,64,64,64,64,64,64],""sensorStatus"":[0,0,0,0,0,0,0,0],""featureOrder"":[""MQ8"",""MQ135"",""MQ3"",""MQ5"",""MQ4"",""MQ7"",""MQ6"",""MQ2""]},""alarmLatched"":false}"
2026-08-04 11:07:44.499 +07:00,23.378,HOT_SWEEP_70,70,700,300,1,0,0.085512668,0.003972419,0.004949716,-0.002576347,-0.00635727,-0.011623522,-0.019804377,-0.025310259,"{""deviceId"":""1001"",""nodeId"":4097,""targetChId"":""0010"",""mode"":""inference"",""uptimeMs"":6400845,""debugEnabled"":true,""power"":{""mode"":""24v"",""externalPower"":true,""batteryMv"":65535,""batteryValid"":false,""batteryDetected"":false,""batterySenseStatus"":""not_detected"",""batteryLow"":false,""batteryCritical"":false,""sourceAmbiguous"":false,""serviceHoldActive"":false,""serviceHoldEffective"":false},""batterySession"":{""state"":""inactive"",""startedMs"":0,""stateStartedMs"":0,""validSampleBatches"":0,""requiredSampleBatches"":10,""alarmTxAttempts"":0,""alarmTxAttemptLimit"":3,""alarmAckReceived"":false,""pendingAlarm"":false,""pendingSaveRequired"":false,""persistenceFaultHold"":false,""completionReason"":""session_done""},""bootHealth"":{""adsReady"":true,""adsDrdyLevel"":0,""adsDrdyPulldownLevel"":0,""adsDrdyPullupLevel"":0,""adsMisoPulldownLevel"":0,""adsMisoPullupLevel"":1,""adsCsLevel"":1,""adsSyncLevel"":1,""adsStatus"":54,""adsMux"":15,""adsAdcon"":6,""adsDrate"":240,""adsReason"":""ok"",""tcaOk"":true,""mcpOkCount"":8,""mcpOk"":[true,true,true,true,true,true,true,true],""mcpAddrMask"":[1,1,1,1,1,1,1,1],""mcpControlTested"":true,""mcpControlOkCount"":8,""mcpControlOk"":[true,true,true,true,true,true,true,true],""dacReady"":true,""radioReady"":true,""mlReady"":true,""nullingProfileApplied"":true,""modelProfileReady"":false},""runtimeMcpCode"":[255,519,795,706,799,865,665,139],""model"":{""profileId"":""cnn-dualbranch-datasheet-v1-unbound"",""scalerProfileId"":""cnn-dualbranch-datasheet-v1-unbound"",""productionApproved"":true,""boundNullingProfileId"":8,""activeNullingProfileId"":9,""bindingValid"":true,""bindingModelMatches"":true,""profileReady"":false,""inferenceValid"":false,""sensorFault"":true},""lora"":{""beginState"":0,""lastTxState"":0,""lastTxOk"":false,""txSeq"":0,""txCounter"":0,""aesKeyProvisioned"":true,""aesKeyPresent"":true,""aesKeySource"":""nvs"",""keyId"":1,""lastDownlinkCommandId"":0,""freqMHz"":920,""bwKHz"":125,""sf"":7,""cr"":5,""syncWord"":18,""txPowerDbm"":17,""preamble"":8,""tcxoVoltage"":1.600000024,""xtalVoltage"":0},""dataset"":{""state"":""idle"",""step"":""idle"",""label"":"""",""seq"":0,""targetSamples"":0,""sampleIntervalMs"":500,""maxDurationMs"":0,""useFanIntake"":true,""fanOnMs"":1000,""postFanSettleMs"":0,""nullingProfileId"":9,""queuePending"":0,""queueCapacity"":16,""queueEnqueued"":0,""queueDropped"":0,""publishFailCount"":0,""retryCount"":0,""retryFailCount"":0,""rejectedSamples"":0,""lastRejectReason"":""none"",""lastRejectChannel"":-1,""lastRejectOkFiniteCount"":0,""lastRejectStatus"":255,""lastRejectGain"":0,""lastRejectSaturated"":false},""recovery"":{""wifiReconnectCount"":0,""wifiReconnectFailCount"":0,""mqttReconnectCount"":0,""mqttConnectFailCount"":0,""lastMqttState"":0,""adsRecoveryCount"":0,""adsRecoveryFailCount"":0,""adsReadFailStreak"":0,""lastReason"":""none"",""lastRecoveryMs"":0,""bootRecoveryArmed"":false,""bootRecoveryDueMs"":0,""bootRecoveryReason"":""none"",""bootRecoveryNonAdsFailure"":false,""bootRecoveryRestartCount"":0},""nulling"":{""done"":false,""retryArmed"":false,""attemptCount"":0,""nextRetryMs"":0,""thresholdV"":9.999999747E-06,""minFinalV"":0},""telemetry"":{""valid"":true,""sampleMs"":6400477,""gasClass"":6,""gasName"":""CO2"",""confidence"":0,""alarm"":false,""sensorVoltage"":[0.085512668,0.003972419,0.004949716,-0.002576347,-0.00635727,-0.011623522,-0.019804377,-0.025310259],""sensorGain"":[32,64,64,64,64,64,64,64],""sensorStatus"":[0,0,0,0,0,0,0,0],""featureOrder"":[""MQ8"",""MQ135"",""MQ3"",""MQ5"",""MQ4"",""MQ7"",""MQ6"",""MQ2""]},""alarmLatched"":false}"
2026-08-04 11:07:45.183 +07:00,24.064,HOT_SWEEP_70,70,700,300,1,0,0.085562922,0.003956202,0.004934725,-0.002600055,-0.006606863,-0.011596786,-0.019785201,-0.025325548,"{""deviceId"":""1001"",""nodeId"":4097,""targetChId"":""0010"",""mode"":""inference"",""uptimeMs"":6401533,""debugEnabled"":true,""power"":{""mode"":""24v"",""externalPower"":true,""batteryMv"":65535,""batteryValid"":false,""batteryDetected"":false,""batterySenseStatus"":""not_detected"",""batteryLow"":false,""batteryCritical"":false,""sourceAmbiguous"":false,""serviceHoldActive"":false,""serviceHoldEffective"":false},""batterySession"":{""state"":""inactive"",""startedMs"":0,""stateStartedMs"":0,""validSampleBatches"":0,""requiredSampleBatches"":10,""alarmTxAttempts"":0,""alarmTxAttemptLimit"":3,""alarmAckReceived"":false,""pendingAlarm"":false,""pendingSaveRequired"":false,""persistenceFaultHold"":false,""completionReason"":""session_done""},""bootHealth"":{""adsReady"":true,""adsDrdyLevel"":0,""adsDrdyPulldownLevel"":0,""adsDrdyPullupLevel"":0,""adsMisoPulldownLevel"":0,""adsMisoPullupLevel"":1,""adsCsLevel"":1,""adsSyncLevel"":1,""adsStatus"":54,""adsMux"":15,""adsAdcon"":6,""adsDrate"":240,""adsReason"":""ok"",""tcaOk"":true,""mcpOkCount"":8,""mcpOk"":[true,true,true,true,true,true,true,true],""mcpAddrMask"":[1,1,1,1,1,1,1,1],""mcpControlTested"":true,""mcpControlOkCount"":8,""mcpControlOk"":[true,true,true,true,true,true,true,true],""dacReady"":true,""radioReady"":true,""mlReady"":true,""nullingProfileApplied"":true,""modelProfileReady"":false},""runtimeMcpCode"":[255,519,795,706,799,865,665,139],""model"":{""profileId"":""cnn-dualbranch-datasheet-v1-unbound"",""scalerProfileId"":""cnn-dualbranch-datasheet-v1-unbound"",""productionApproved"":true,""boundNullingProfileId"":8,""activeNullingProfileId"":9,""bindingValid"":true,""bindingModelMatches"":true,""profileReady"":false,""inferenceValid"":false,""sensorFault"":true},""lora"":{""beginState"":0,""lastTxState"":0,""lastTxOk"":false,""txSeq"":0,""txCounter"":0,""aesKeyProvisioned"":true,""aesKeyPresent"":true,""aesKeySource"":""nvs"",""keyId"":1,""lastDownlinkCommandId"":0,""freqMHz"":920,""bwKHz"":125,""sf"":7,""cr"":5,""syncWord"":18,""txPowerDbm"":17,""preamble"":8,""tcxoVoltage"":1.600000024,""xtalVoltage"":0},""dataset"":{""state"":""idle"",""step"":""idle"",""label"":"""",""seq"":0,""targetSamples"":0,""sampleIntervalMs"":500,""maxDurationMs"":0,""useFanIntake"":true,""fanOnMs"":1000,""postFanSettleMs"":0,""nullingProfileId"":9,""queuePending"":0,""queueCapacity"":16,""queueEnqueued"":0,""queueDropped"":0,""publishFailCount"":0,""retryCount"":0,""retryFailCount"":0,""rejectedSamples"":0,""lastRejectReason"":""none"",""lastRejectChannel"":-1,""lastRejectOkFiniteCount"":0,""lastRejectStatus"":255,""lastRejectGain"":0,""lastRejectSaturated"":false},""recovery"":{""wifiReconnectCount"":0,""wifiReconnectFailCount"":0,""mqttReconnectCount"":0,""mqttConnectFailCount"":0,""lastMqttState"":0,""adsRecoveryCount"":0,""adsRecoveryFailCount"":0,""adsReadFailStreak"":0,""lastReason"":""none"",""lastRecoveryMs"":0,""bootRecoveryArmed"":false,""bootRecoveryDueMs"":0,""bootRecoveryReason"":""none"",""bootRecoveryNonAdsFailure"":false,""bootRecoveryRestartCount"":0},""nulling"":{""done"":false,""retryArmed"":false,""attemptCount"":0,""nextRetryMs"":0,""thresholdV"":9.999999747E-06,""minFinalV"":0},""telemetry"":{""valid"":true,""sampleMs"":6401123,""gasClass"":6,""gasName"":""CO2"",""confidence"":0,""alarm"":false,""sensorVoltage"":[0.085562922,0.003956202,0.004934725,-0.002600055,-0.006606863,-0.011596786,-0.019785201,-0.025325548],""sensorGain"":[32,64,64,64,64,64,64,64],""sensorStatus"":[0,0,0,0,0,0,0,0],""featureOrder"":[""MQ8"",""MQ135"",""MQ3"",""MQ5"",""MQ4"",""MQ7"",""MQ6"",""MQ2""]},""alarmLatched"":false}"
2026-08-04 11:07:45.874 +07:00,24.752,HOT_SWEEP_70,70,700,300,1,0,0.08615341,0.003972127,0.004942746,-0.002584626,-0.006403775,-0.011556196,-0.019397933,-0.024868732,"{""deviceId"":""1001"",""nodeId"":4097,""targetChId"":""0010"",""mode"":""inference"",""uptimeMs"":6402220,""debugEnabled"":true,""power"":{""mode"":""24v"",""externalPower"":true,""batteryMv"":65535,""batteryValid"":false,""batteryDetected"":false,""batterySenseStatus"":""not_detected"",""batteryLow"":false,""batteryCritical"":false,""sourceAmbiguous"":false,""serviceHoldActive"":false,""serviceHoldEffective"":false},""batterySession"":{""state"":""inactive"",""startedMs"":0,""stateStartedMs"":0,""validSampleBatches"":0,""requiredSampleBatches"":10,""alarmTxAttempts"":0,""alarmTxAttemptLimit"":3,""alarmAckReceived"":false,""pendingAlarm"":false,""pendingSaveRequired"":false,""persistenceFaultHold"":false,""completionReason"":""session_done""},""bootHealth"":{""adsReady"":true,""adsDrdyLevel"":0,""adsDrdyPulldownLevel"":0,""adsDrdyPullupLevel"":0,""adsMisoPulldownLevel"":0,""adsMisoPullupLevel"":1,""adsCsLevel"":1,""adsSyncLevel"":1,""adsStatus"":54,""adsMux"":15,""adsAdcon"":6,""adsDrate"":240,""adsReason"":""ok"",""tcaOk"":true,""mcpOkCount"":8,""mcpOk"":[true,true,true,true,true,true,true,true],""mcpAddrMask"":[1,1,1,1,1,1,1,1],""mcpControlTested"":true,""mcpControlOkCount"":8,""mcpControlOk"":[true,true,true,true,true,true,true,true],""dacReady"":true,""radioReady"":true,""mlReady"":true,""nullingProfileApplied"":true,""modelProfileReady"":false},""runtimeMcpCode"":[255,519,795,706,799,865,665,139],""model"":{""profileId"":""cnn-dualbranch-datasheet-v1-unbound"",""scalerProfileId"":""cnn-dualbranch-datasheet-v1-unbound"",""productionApproved"":true,""boundNullingProfileId"":8,""activeNullingProfileId"":9,""bindingValid"":true,""bindingModelMatches"":true,""profileReady"":false,""inferenceValid"":false,""sensorFault"":true},""lora"":{""beginState"":0,""lastTxState"":0,""lastTxOk"":false,""txSeq"":0,""txCounter"":0,""aesKeyProvisioned"":true,""aesKeyPresent"":true,""aesKeySource"":""nvs"",""keyId"":1,""lastDownlinkCommandId"":0,""freqMHz"":920,""bwKHz"":125,""sf"":7,""cr"":5,""syncWord"":18,""txPowerDbm"":17,""preamble"":8,""tcxoVoltage"":1.600000024,""xtalVoltage"":0},""dataset"":{""state"":""idle"",""step"":""idle"",""label"":"""",""seq"":0,""targetSamples"":0,""sampleIntervalMs"":500,""maxDurationMs"":0,""useFanIntake"":true,""fanOnMs"":1000,""postFanSettleMs"":0,""nullingProfileId"":9,""queuePending"":0,""queueCapacity"":16,""queueEnqueued"":0,""queueDropped"":0,""publishFailCount"":0,""retryCount"":0,""retryFailCount"":0,""rejectedSamples"":0,""lastRejectReason"":""none"",""lastRejectChannel"":-1,""lastRejectOkFiniteCount"":0,""lastRejectStatus"":255,""lastRejectGain"":0,""lastRejectSaturated"":false},""recovery"":{""wifiReconnectCount"":0,""wifiReconnectFailCount"":0,""mqttReconnectCount"":0,""mqttConnectFailCount"":0,""lastMqttState"":0,""adsRecoveryCount"":0,""adsRecoveryFailCount"":0,""adsReadFailStreak"":0,""lastReason"":""none"",""lastRecoveryMs"":0,""bootRecoveryArmed"":false,""bootRecoveryDueMs"":0,""bootRecoveryReason"":""none"",""bootRecoveryNonAdsFailure"":false,""bootRecoveryRestartCount"":0},""nulling"":{""done"":false,""retryArmed"":false,""attemptCount"":0,""nextRetryMs"":0,""thresholdV"":9.999999747E-06,""minFinalV"":0},""telemetry"":{""valid"":true,""sampleMs"":6401811,""gasClass"":6,""gasName"":""CO2"",""confidence"":0,""alarm"":false,""sensorVoltage"":[0.08615341,0.003972127,0.004942746,-0.002584626,-0.006403775,-0.011556196,-0.019397933,-0.024868732],""sensorGain"":[32,64,64,64,64,64,64,64],""sensorStatus"":[0,0,0,0,0,0,0,0],""featureOrder"":[""MQ8"",""MQ135"",""MQ3"",""MQ5"",""MQ4"",""MQ7"",""MQ6"",""MQ2""]},""alarmLatched"":false}"
2026-08-04 11:07:46.564 +07:00,25.445,HOT_SWEEP_70,70,700,300,1,0,0.086162232,0.003954556,0.004939985,-0.002589256,-0.006288463,-0.01155795,-0.019472865,-0.025294062,"{""deviceId"":""1001"",""nodeId"":4097,""targetChId"":""0010"",""mode"":""inference"",""uptimeMs"":6402915,""debugEnabled"":true,""power"":{""mode"":""24v"",""externalPower"":true,""batteryMv"":65535,""batteryValid"":false,""batteryDetected"":false,""batterySenseStatus"":""not_detected"",""batteryLow"":false,""batteryCritical"":false,""sourceAmbiguous"":false,""serviceHoldActive"":false,""serviceHoldEffective"":false},""batterySession"":{""state"":""inactive"",""startedMs"":0,""stateStartedMs"":0,""validSampleBatches"":0,""requiredSampleBatches"":10,""alarmTxAttempts"":0,""alarmTxAttemptLimit"":3,""alarmAckReceived"":false,""pendingAlarm"":false,""pendingSaveRequired"":false,""persistenceFaultHold"":false,""completionReason"":""session_done""},""bootHealth"":{""adsReady"":true,""adsDrdyLevel"":0,""adsDrdyPulldownLevel"":0,""adsDrdyPullupLevel"":0,""adsMisoPulldownLevel"":0,""adsMisoPullupLevel"":1,""adsCsLevel"":1,""adsSyncLevel"":1,""adsStatus"":54,""adsMux"":15,""adsAdcon"":6,""adsDrate"":240,""adsReason"":""ok"",""tcaOk"":true,""mcpOkCount"":8,""mcpOk"":[true,true,true,true,true,true,true,true],""mcpAddrMask"":[1,1,1,1,1,1,1,1],""mcpControlTested"":true,""mcpControlOkCount"":8,""mcpControlOk"":[true,true,true,true,true,true,true,true],""dacReady"":true,""radioReady"":true,""mlReady"":true,""nullingProfileApplied"":true,""modelProfileReady"":false},""runtimeMcpCode"":[255,519,795,706,799,865,665,139],""model"":{""profileId"":""cnn-dualbranch-datasheet-v1-unbound"",""scalerProfileId"":""cnn-dualbranch-datasheet-v1-unbound"",""productionApproved"":true,""boundNullingProfileId"":8,""activeNullingProfileId"":9,""bindingValid"":true,""bindingModelMatches"":true,""profileReady"":false,""inferenceValid"":false,""sensorFault"":true},""lora"":{""beginState"":0,""lastTxState"":0,""lastTxOk"":false,""txSeq"":0,""txCounter"":0,""aesKeyProvisioned"":true,""aesKeyPresent"":true,""aesKeySource"":""nvs"",""keyId"":1,""lastDownlinkCommandId"":0,""freqMHz"":920,""bwKHz"":125,""sf"":7,""cr"":5,""syncWord"":18,""txPowerDbm"":17,""preamble"":8,""tcxoVoltage"":1.600000024,""xtalVoltage"":0},""dataset"":{""state"":""idle"",""step"":""idle"",""label"":"""",""seq"":0,""targetSamples"":0,""sampleIntervalMs"":500,""maxDurationMs"":0,""useFanIntake"":true,""fanOnMs"":1000,""postFanSettleMs"":0,""nullingProfileId"":9,""queuePending"":0,""queueCapacity"":16,""queueEnqueued"":0,""queueDropped"":0,""publishFailCount"":0,""retryCount"":0,""retryFailCount"":0,""rejectedSamples"":0,""lastRejectReason"":""none"",""lastRejectChannel"":-1,""lastRejectOkFiniteCount"":0,""lastRejectStatus"":255,""lastRejectGain"":0,""lastRejectSaturated"":false},""recovery"":{""wifiReconnectCount"":0,""wifiReconnectFailCount"":0,""mqttReconnectCount"":0,""mqttConnectFailCount"":0,""lastMqttState"":0,""adsRecoveryCount"":0,""adsRecoveryFailCount"":0,""adsReadFailStreak"":0,""lastReason"":""none"",""lastRecoveryMs"":0,""bootRecoveryArmed"":false,""bootRecoveryDueMs"":0,""bootRecoveryReason"":""none"",""bootRecoveryNonAdsFailure"":false,""bootRecoveryRestartCount"":0},""nulling"":{""done"":false,""retryArmed"":false,""attemptCount"":0,""nextRetryMs"":0,""thresholdV"":9.999999747E-06,""minFinalV"":0},""telemetry"":{""valid"":true,""sampleMs"":6402530,""gasClass"":6,""gasName"":""CO2"",""confidence"":0,""alarm"":false,""sensorVoltage"":[0.086162232,0.003954556,0.004939985,-0.002589256,-0.006288463,-0.01155795,-0.019472865,-0.025294062],""sensorGain"":[32,64,64,64,64,64,64,64],""sensorStatus"":[0,0,0,0,0,0,0,0],""featureOrder"":[""MQ8"",""MQ135"",""MQ3"",""MQ5"",""MQ4"",""MQ7"",""MQ6"",""MQ2""]},""alarmLatched"":false}"
2026-08-04 11:07:47.249 +07:00,26.130,HOT_SWEEP_70,70,700,300,1,0,0.085904226,0.003904097,0.004927699,-0.002608761,-0.006538245,-0.01154727,-0.019462004,-0.025289368,"{""deviceId"":""1001"",""nodeId"":4097,""targetChId"":""0010"",""mode"":""inference"",""uptimeMs"":6403602,""debugEnabled"":true,""power"":{""mode"":""24v"",""externalPower"":true,""batteryMv"":65535,""batteryValid"":false,""batteryDetected"":false,""batterySenseStatus"":""not_detected"",""batteryLow"":false,""batteryCritical"":false,""sourceAmbiguous"":false,""serviceHoldActive"":false,""serviceHoldEffective"":false},""batterySession"":{""state"":""inactive"",""startedMs"":0,""stateStartedMs"":0,""validSampleBatches"":0,""requiredSampleBatches"":10,""alarmTxAttempts"":0,""alarmTxAttemptLimit"":3,""alarmAckReceived"":false,""pendingAlarm"":false,""pendingSaveRequired"":false,""persistenceFaultHold"":false,""completionReason"":""session_done""},""bootHealth"":{""adsReady"":true,""adsDrdyLevel"":0,""adsDrdyPulldownLevel"":0,""adsDrdyPullupLevel"":0,""adsMisoPulldownLevel"":0,""adsMisoPullupLevel"":1,""adsCsLevel"":1,""adsSyncLevel"":1,""adsStatus"":54,""adsMux"":15,""adsAdcon"":6,""adsDrate"":240,""adsReason"":""ok"",""tcaOk"":true,""mcpOkCount"":8,""mcpOk"":[true,true,true,true,true,true,true,true],""mcpAddrMask"":[1,1,1,1,1,1,1,1],""mcpControlTested"":true,""mcpControlOkCount"":8,""mcpControlOk"":[true,true,true,true,true,true,true,true],""dacReady"":true,""radioReady"":true,""mlReady"":true,""nullingProfileApplied"":true,""modelProfileReady"":false},""runtimeMcpCode"":[255,519,795,706,799,865,665,139],""model"":{""profileId"":""cnn-dualbranch-datasheet-v1-unbound"",""scalerProfileId"":""cnn-dualbranch-datasheet-v1-unbound"",""productionApproved"":true,""boundNullingProfileId"":8,""activeNullingProfileId"":9,""bindingValid"":true,""bindingModelMatches"":true,""profileReady"":false,""inferenceValid"":false,""sensorFault"":true},""lora"":{""beginState"":0,""lastTxState"":0,""lastTxOk"":false,""txSeq"":0,""txCounter"":0,""aesKeyProvisioned"":true,""aesKeyPresent"":true,""aesKeySource"":""nvs"",""keyId"":1,""lastDownlinkCommandId"":0,""freqMHz"":920,""bwKHz"":125,""sf"":7,""cr"":5,""syncWord"":18,""txPowerDbm"":17,""preamble"":8,""tcxoVoltage"":1.600000024,""xtalVoltage"":0},""dataset"":{""state"":""idle"",""step"":""idle"",""label"":"""",""seq"":0,""targetSamples"":0,""sampleIntervalMs"":500,""maxDurationMs"":0,""useFanIntake"":true,""fanOnMs"":1000,""postFanSettleMs"":0,""nullingProfileId"":9,""queuePending"":0,""queueCapacity"":16,""queueEnqueued"":0,""queueDropped"":0,""publishFailCount"":0,""retryCount"":0,""retryFailCount"":0,""rejectedSamples"":0,""lastRejectReason"":""none"",""lastRejectChannel"":-1,""lastRejectOkFiniteCount"":0,""lastRejectStatus"":255,""lastRejectGain"":0,""lastRejectSaturated"":false},""recovery"":{""wifiReconnectCount"":0,""wifiReconnectFailCount"":0,""mqttReconnectCount"":0,""mqttConnectFailCount"":0,""lastMqttState"":0,""adsRecoveryCount"":0,""adsRecoveryFailCount"":0,""adsReadFailStreak"":0,""lastReason"":""none"",""lastRecoveryMs"":0,""bootRecoveryArmed"":false,""bootRecoveryDueMs"":0,""bootRecoveryReason"":""none"",""bootRecoveryNonAdsFailure"":false,""bootRecoveryRestartCount"":0},""nulling"":{""done"":false,""retryArmed"":false,""attemptCount"":0,""nextRetryMs"":0,""thresholdV"":9.999999747E-06,""minFinalV"":0},""telemetry"":{""valid"":true,""sampleMs"":6403193,""gasClass"":6,""gasName"":""CO2"",""confidence"":0,""alarm"":false,""sensorVoltage"":[0.085904226,0.003904097,0.004927699,-0.002608761,-0.006538245,-0.01154727,-0.019462004,-0.025289368],""sensorGain"":[32,64,64,64,64,64,64,64],""sensorStatus"":[0,0,0,0,0,0,0,0],""featureOrder"":[""MQ8"",""MQ135"",""MQ3"",""MQ5"",""MQ4"",""MQ7"",""MQ6"",""MQ2""]},""alarmLatched"":false}"
2026-08-04 11:07:47.955 +07:00,26.830,HOT_SWEEP_70,70,700,300,1,0,0.086846523,0.003914689,0.00494762,-0.00251965,-0.006371041,-0.011276237,-0.019078374,-0.024874479,"{""deviceId"":""1001"",""nodeId"":4097,""targetChId"":""0010"",""mode"":""inference"",""uptimeMs"":6404301,""debugEnabled"":true,""power"":{""mode"":""24v"",""externalPower"":true,""batteryMv"":65535,""batteryValid"":false,""batteryDetected"":false,""batterySenseStatus"":""not_detected"",""batteryLow"":false,""batteryCritical"":false,""sourceAmbiguous"":false,""serviceHoldActive"":false,""serviceHoldEffective"":false},""batterySession"":{""state"":""inactive"",""startedMs"":0,""stateStartedMs"":0,""validSampleBatches"":0,""requiredSampleBatches"":10,""alarmTxAttempts"":0,""alarmTxAttemptLimit"":3,""alarmAckReceived"":false,""pendingAlarm"":false,""pendingSaveRequired"":false,""persistenceFaultHold"":false,""completionReason"":""session_done""},""bootHealth"":{""adsReady"":true,""adsDrdyLevel"":0,""adsDrdyPulldownLevel"":0,""adsDrdyPullupLevel"":0,""adsMisoPulldownLevel"":0,""adsMisoPullupLevel"":1,""adsCsLevel"":1,""adsSyncLevel"":1,""adsStatus"":54,""adsMux"":15,""adsAdcon"":6,""adsDrate"":240,""adsReason"":""ok"",""tcaOk"":true,""mcpOkCount"":8,""mcpOk"":[true,true,true,true,true,true,true,true],""mcpAddrMask"":[1,1,1,1,1,1,1,1],""mcpControlTested"":true,""mcpControlOkCount"":8,""mcpControlOk"":[true,true,true,true,true,true,true,true],""dacReady"":true,""radioReady"":true,""mlReady"":true,""nullingProfileApplied"":true,""modelProfileReady"":false},""runtimeMcpCode"":[255,519,795,706,799,865,665,139],""model"":{""profileId"":""cnn-dualbranch-datasheet-v1-unbound"",""scalerProfileId"":""cnn-dualbranch-datasheet-v1-unbound"",""productionApproved"":true,""boundNullingProfileId"":8,""activeNullingProfileId"":9,""bindingValid"":true,""bindingModelMatches"":true,""profileReady"":false,""inferenceValid"":false,""sensorFault"":true},""lora"":{""beginState"":0,""lastTxState"":0,""lastTxOk"":false,""txSeq"":0,""txCounter"":0,""aesKeyProvisioned"":true,""aesKeyPresent"":true,""aesKeySource"":""nvs"",""keyId"":1,""lastDownlinkCommandId"":0,""freqMHz"":920,""bwKHz"":125,""sf"":7,""cr"":5,""syncWord"":18,""txPowerDbm"":17,""preamble"":8,""tcxoVoltage"":1.600000024,""xtalVoltage"":0},""dataset"":{""state"":""idle"",""step"":""idle"",""label"":"""",""seq"":0,""targetSamples"":0,""sampleIntervalMs"":500,""maxDurationMs"":0,""useFanIntake"":true,""fanOnMs"":1000,""postFanSettleMs"":0,""nullingProfileId"":9,""queuePending"":0,""queueCapacity"":16,""queueEnqueued"":0,""queueDropped"":0,""publishFailCount"":0,""retryCount"":0,""retryFailCount"":0,""rejectedSamples"":0,""lastRejectReason"":""none"",""lastRejectChannel"":-1,""lastRejectOkFiniteCount"":0,""lastRejectStatus"":255,""lastRejectGain"":0,""lastRejectSaturated"":false},""recovery"":{""wifiReconnectCount"":0,""wifiReconnectFailCount"":0,""mqttReconnectCount"":0,""mqttConnectFailCount"":0,""lastMqttState"":0,""adsRecoveryCount"":0,""adsRecoveryFailCount"":0,""adsReadFailStreak"":0,""lastReason"":""none"",""lastRecoveryMs"":0,""bootRecoveryArmed"":false,""bootRecoveryDueMs"":0,""bootRecoveryReason"":""none"",""bootRecoveryNonAdsFailure"":false,""bootRecoveryRestartCount"":0},""nulling"":{""done"":false,""retryArmed"":false,""attemptCount"":0,""nextRetryMs"":0,""thresholdV"":9.999999747E-06,""minFinalV"":0},""telemetry"":{""valid"":true,""sampleMs"":6403880,""gasClass"":6,""gasName"":""CO2"",""confidence"":0,""alarm"":false,""sensorVoltage"":[0.086846523,0.003914689,0.00494762,-0.00251965,-0.006371041,-0.011276237,-0.019078374,-0.024874479],""sensorGain"":[32,64,64,64,64,64,64,64],""sensorStatus"":[0,0,0,0,0,0,0,0],""featureOrder"":[""MQ8"",""MQ135"",""MQ3"",""MQ5"",""MQ4"",""MQ7"",""MQ6"",""MQ2""]},""alarmLatched"":false}"
2026-08-04 11:07:48.631 +07:00,27.512,HOT_SWEEP_70,70,700,300,1,0,0.086763717,0.003931271,0.004951061,-0.002523693,-0.007052895,-0.011568924,-0.01944861,-0.024901051,"{""deviceId"":""1001"",""nodeId"":4097,""targetChId"":""0010"",""mode"":""inference"",""uptimeMs"":6404986,""debugEnabled"":true,""power"":{""mode"":""24v"",""externalPower"":true,""batteryMv"":65535,""batteryValid"":false,""batteryDetected"":false,""batterySenseStatus"":""not_detected"",""batteryLow"":false,""batteryCritical"":false,""sourceAmbiguous"":false,""serviceHoldActive"":false,""serviceHoldEffective"":false},""batterySession"":{""state"":""inactive"",""startedMs"":0,""stateStartedMs"":0,""validSampleBatches"":0,""requiredSampleBatches"":10,""alarmTxAttempts"":0,""alarmTxAttemptLimit"":3,""alarmAckReceived"":false,""pendingAlarm"":false,""pendingSaveRequired"":false,""persistenceFaultHold"":false,""completionReason"":""session_done""},""bootHealth"":{""adsReady"":true,""adsDrdyLevel"":0,""adsDrdyPulldownLevel"":0,""adsDrdyPullupLevel"":0,""adsMisoPulldownLevel"":0,""adsMisoPullupLevel"":1,""adsCsLevel"":1,""adsSyncLevel"":1,""adsStatus"":54,""adsMux"":15,""adsAdcon"":6,""adsDrate"":240,""adsReason"":""ok"",""tcaOk"":true,""mcpOkCount"":8,""mcpOk"":[true,true,true,true,true,true,true,true],""mcpAddrMask"":[1,1,1,1,1,1,1,1],""mcpControlTested"":true,""mcpControlOkCount"":8,""mcpControlOk"":[true,true,true,true,true,true,true,true],""dacReady"":true,""radioReady"":true,""mlReady"":true,""nullingProfileApplied"":true,""modelProfileReady"":false},""runtimeMcpCode"":[255,519,795,706,799,865,665,139],""model"":{""profileId"":""cnn-dualbranch-datasheet-v1-unbound"",""scalerProfileId"":""cnn-dualbranch-datasheet-v1-unbound"",""productionApproved"":true,""boundNullingProfileId"":8,""activeNullingProfileId"":9,""bindingValid"":true,""bindingModelMatches"":true,""profileReady"":false,""inferenceValid"":false,""sensorFault"":true},""lora"":{""beginState"":0,""lastTxState"":0,""lastTxOk"":false,""txSeq"":0,""txCounter"":0,""aesKeyProvisioned"":true,""aesKeyPresent"":true,""aesKeySource"":""nvs"",""keyId"":1,""lastDownlinkCommandId"":0,""freqMHz"":920,""bwKHz"":125,""sf"":7,""cr"":5,""syncWord"":18,""txPowerDbm"":17,""preamble"":8,""tcxoVoltage"":1.600000024,""xtalVoltage"":0},""dataset"":{""state"":""idle"",""step"":""idle"",""label"":"""",""seq"":0,""targetSamples"":0,""sampleIntervalMs"":500,""maxDurationMs"":0,""useFanIntake"":true,""fanOnMs"":1000,""postFanSettleMs"":0,""nullingProfileId"":9,""queuePending"":0,""queueCapacity"":16,""queueEnqueued"":0,""queueDropped"":0,""publishFailCount"":0,""retryCount"":0,""retryFailCount"":0,""rejectedSamples"":0,""lastRejectReason"":""none"",""lastRejectChannel"":-1,""lastRejectOkFiniteCount"":0,""lastRejectStatus"":255,""lastRejectGain"":0,""lastRejectSaturated"":false},""recovery"":{""wifiReconnectCount"":0,""wifiReconnectFailCount"":0,""mqttReconnectCount"":0,""mqttConnectFailCount"":0,""lastMqttState"":0,""adsRecoveryCount"":0,""adsRecoveryFailCount"":0,""adsReadFailStreak"":0,""lastReason"":""none"",""lastRecoveryMs"":0,""bootRecoveryArmed"":false,""bootRecoveryDueMs"":0,""bootRecoveryReason"":""none"",""bootRecoveryNonAdsFailure"":false,""bootRecoveryRestartCount"":0},""nulling"":{""done"":false,""retryArmed"":false,""attemptCount"":0,""nextRetryMs"":0,""thresholdV"":9.999999747E-06,""minFinalV"":0},""telemetry"":{""valid"":true,""sampleMs"":6404611,""gasClass"":6,""gasName"":""CO2"",""confidence"":0,""alarm"":false,""sensorVoltage"":[0.086763717,0.003931271,0.004951061,-0.002523693,-0.007052895,-0.011568924,-0.01944861,-0.024901051],""sensorGain"":[32,64,64,64,64,64,64,64],""sensorStatus"":[0,0,0,0,0,0,0,0],""featureOrder"":[""MQ8"",""MQ135"",""MQ3"",""MQ5"",""MQ4"",""MQ7"",""MQ6"",""MQ2""]},""alarmLatched"":false}"
2026-08-04 11:07:49.314 +07:00,28.195,HOT_SWEEP_70,70,700,300,1,0,0.086319014,0.003972116,0.004835542,-0.002519961,-0.007849535,-0.011550045,-0.019502386,-0.024844648,"{""deviceId"":""1001"",""nodeId"":4097,""targetChId"":""0010"",""mode"":""inference"",""uptimeMs"":6405669,""debugEnabled"":true,""power"":{""mode"":""24v"",""externalPower"":true,""batteryMv"":65535,""batteryValid"":false,""batteryDetected"":false,""batterySenseStatus"":""not_detected"",""batteryLow"":false,""batteryCritical"":false,""sourceAmbiguous"":false,""serviceHoldActive"":false,""serviceHoldEffective"":false},""batterySession"":{""state"":""inactive"",""startedMs"":0,""stateStartedMs"":0,""validSampleBatches"":0,""requiredSampleBatches"":10,""alarmTxAttempts"":0,""alarmTxAttemptLimit"":3,""alarmAckReceived"":false,""pendingAlarm"":false,""pendingSaveRequired"":false,""persistenceFaultHold"":false,""completionReason"":""session_done""},""bootHealth"":{""adsReady"":true,""adsDrdyLevel"":0,""adsDrdyPulldownLevel"":0,""adsDrdyPullupLevel"":0,""adsMisoPulldownLevel"":0,""adsMisoPullupLevel"":1,""adsCsLevel"":1,""adsSyncLevel"":1,""adsStatus"":54,""adsMux"":15,""adsAdcon"":6,""adsDrate"":240,""adsReason"":""ok"",""tcaOk"":true,""mcpOkCount"":8,""mcpOk"":[true,true,true,true,true,true,true,true],""mcpAddrMask"":[1,1,1,1,1,1,1,1],""mcpControlTested"":true,""mcpControlOkCount"":8,""mcpControlOk"":[true,true,true,true,true,true,true,true],""dacReady"":true,""radioReady"":true,""mlReady"":true,""nullingProfileApplied"":true,""modelProfileReady"":false},""runtimeMcpCode"":[255,519,795,706,799,865,665,139],""model"":{""profileId"":""cnn-dualbranch-datasheet-v1-unbound"",""scalerProfileId"":""cnn-dualbranch-datasheet-v1-unbound"",""productionApproved"":true,""boundNullingProfileId"":8,""activeNullingProfileId"":9,""bindingValid"":true,""bindingModelMatches"":true,""profileReady"":false,""inferenceValid"":false,""sensorFault"":true},""lora"":{""beginState"":0,""lastTxState"":0,""lastTxOk"":false,""txSeq"":0,""txCounter"":0,""aesKeyProvisioned"":true,""aesKeyPresent"":true,""aesKeySource"":""nvs"",""keyId"":1,""lastDownlinkCommandId"":0,""freqMHz"":920,""bwKHz"":125,""sf"":7,""cr"":5,""syncWord"":18,""txPowerDbm"":17,""preamble"":8,""tcxoVoltage"":1.600000024,""xtalVoltage"":0},""dataset"":{""state"":""idle"",""step"":""idle"",""label"":"""",""seq"":0,""targetSamples"":0,""sampleIntervalMs"":500,""maxDurationMs"":0,""useFanIntake"":true,""fanOnMs"":1000,""postFanSettleMs"":0,""nullingProfileId"":9,""queuePending"":0,""queueCapacity"":16,""queueEnqueued"":0,""queueDropped"":0,""publishFailCount"":0,""retryCount"":0,""retryFailCount"":0,""rejectedSamples"":0,""lastRejectReason"":""none"",""lastRejectChannel"":-1,""lastRejectOkFiniteCount"":0,""lastRejectStatus"":255,""lastRejectGain"":0,""lastRejectSaturated"":false},""recovery"":{""wifiReconnectCount"":0,""wifiReconnectFailCount"":0,""mqttReconnectCount"":0,""mqttConnectFailCount"":0,""lastMqttState"":0,""adsRecoveryCount"":0,""adsRecoveryFailCount"":0,""adsReadFailStreak"":0,""lastReason"":""none"",""lastRecoveryMs"":0,""bootRecoveryArmed"":false,""bootRecoveryDueMs"":0,""bootRecoveryReason"":""none"",""bootRecoveryNonAdsFailure"":false,""bootRecoveryRestartCount"":0},""nulling"":{""done"":false,""retryArmed"":false,""attemptCount"":0,""nextRetryMs"":0,""thresholdV"":9.999999747E-06,""minFinalV"":0},""telemetry"":{""valid"":true,""sampleMs"":6405264,""gasClass"":6,""gasName"":""CO2"",""confidence"":0,""alarm"":false,""sensorVoltage"":[0.086319014,0.003972116,0.004835542,-0.002519961,-0.007849535,-0.011550045,-0.019502386,-0.024844648],""sensorGain"":[32,64,64,64,64,64,64,64],""sensorStatus"":[0,0,0,0,0,0,0,0],""featureOrder"":[""MQ8"",""MQ135"",""MQ3"",""MQ5"",""MQ4"",""MQ7"",""MQ6"",""MQ2""]},""alarmLatched"":false}"
2026-08-04 11:07:49.996 +07:00,28.877,HOT_SWEEP_70,70,700,300,1,0,0.087204568,0.003928429,0.004802466,-0.002499256,-0.006563216,-0.011560671,-0.019499488,-0.024863608,"{""deviceId"":""1001"",""nodeId"":4097,""targetChId"":""0010"",""mode"":""inference"",""uptimeMs"":6406350,""debugEnabled"":true,""power"":{""mode"":""24v"",""externalPower"":true,""batteryMv"":65535,""batteryValid"":false,""batteryDetected"":false,""batterySenseStatus"":""not_detected"",""batteryLow"":false,""batteryCritical"":false,""sourceAmbiguous"":false,""serviceHoldActive"":false,""serviceHoldEffective"":false},""batterySession"":{""state"":""inactive"",""startedMs"":0,""stateStartedMs"":0,""validSampleBatches"":0,""requiredSampleBatches"":10,""alarmTxAttempts"":0,""alarmTxAttemptLimit"":3,""alarmAckReceived"":false,""pendingAlarm"":false,""pendingSaveRequired"":false,""persistenceFaultHold"":false,""completionReason"":""session_done""},""bootHealth"":{""adsReady"":true,""adsDrdyLevel"":0,""adsDrdyPulldownLevel"":0,""adsDrdyPullupLevel"":0,""adsMisoPulldownLevel"":0,""adsMisoPullupLevel"":1,""adsCsLevel"":1,""adsSyncLevel"":1,""adsStatus"":54,""adsMux"":15,""adsAdcon"":6,""adsDrate"":240,""adsReason"":""ok"",""tcaOk"":true,""mcpOkCount"":8,""mcpOk"":[true,true,true,true,true,true,true,true],""mcpAddrMask"":[1,1,1,1,1,1,1,1],""mcpControlTested"":true,""mcpControlOkCount"":8,""mcpControlOk"":[true,true,true,true,true,true,true,true],""dacReady"":true,""radioReady"":true,""mlReady"":true,""nullingProfileApplied"":true,""modelProfileReady"":false},""runtimeMcpCode"":[255,519,795,706,799,865,665,139],""model"":{""profileId"":""cnn-dualbranch-datasheet-v1-unbound"",""scalerProfileId"":""cnn-dualbranch-datasheet-v1-unbound"",""productionApproved"":true,""boundNullingProfileId"":8,""activeNullingProfileId"":9,""bindingValid"":true,""bindingModelMatches"":true,""profileReady"":false,""inferenceValid"":false,""sensorFault"":true},""lora"":{""beginState"":0,""lastTxState"":0,""lastTxOk"":false,""txSeq"":0,""txCounter"":0,""aesKeyProvisioned"":true,""aesKeyPresent"":true,""aesKeySource"":""nvs"",""keyId"":1,""lastDownlinkCommandId"":0,""freqMHz"":920,""bwKHz"":125,""sf"":7,""cr"":5,""syncWord"":18,""txPowerDbm"":17,""preamble"":8,""tcxoVoltage"":1.600000024,""xtalVoltage"":0},""dataset"":{""state"":""idle"",""step"":""idle"",""label"":"""",""seq"":0,""targetSamples"":0,""sampleIntervalMs"":500,""maxDurationMs"":0,""useFanIntake"":true,""fanOnMs"":1000,""postFanSettleMs"":0,""nullingProfileId"":9,""queuePending"":0,""queueCapacity"":16,""queueEnqueued"":0,""queueDropped"":0,""publishFailCount"":0,""retryCount"":0,""retryFailCount"":0,""rejectedSamples"":0,""lastRejectReason"":""none"",""lastRejectChannel"":-1,""lastRejectOkFiniteCount"":0,""lastRejectStatus"":255,""lastRejectGain"":0,""lastRejectSaturated"":false},""recovery"":{""wifiReconnectCount"":0,""wifiReconnectFailCount"":0,""mqttReconnectCount"":0,""mqttConnectFailCount"":0,""lastMqttState"":0,""adsRecoveryCount"":0,""adsRecoveryFailCount"":0,""adsReadFailStreak"":0,""lastReason"":""none"",""lastRecoveryMs"":0,""bootRecoveryArmed"":false,""bootRecoveryDueMs"":0,""bootRecoveryReason"":""none"",""bootRecoveryNonAdsFailure"":false,""bootRecoveryRestartCount"":0},""nulling"":{""done"":false,""retryArmed"":false,""attemptCount"":0,""nextRetryMs"":0,""thresholdV"":9.999999747E-06,""minFinalV"":0},""telemetry"":{""valid"":true,""sampleMs"":6405947,""gasClass"":6,""gasName"":""CO2"",""confidence"":0,""alarm"":false,""sensorVoltage"":[0.087204568,0.003928429,0.004802466,-0.002499256,-0.006563216,-0.011560671,-0.019499488,-0.024863608],""sensorGain"":[32,64,64,64,64,64,64,64],""sensorStatus"":[0,0,0,0,0,0,0,0],""featureOrder"":[""MQ8"",""MQ135"",""MQ3"",""MQ5"",""MQ4"",""MQ7"",""MQ6"",""MQ2""]},""alarmLatched"":false}"
2026-08-04 11:07:50.686 +07:00,29.567,HOT_SWEEP_70,70,700,300,1,0,0.086978123,0.003962719,0.004838624,-0.002527981,-0.006885918,-0.011500937,-0.019509103,-0.0248677,"{""deviceId"":""1001"",""nodeId"":4097,""targetChId"":""0010"",""mode"":""inference"",""uptimeMs"":6407033,""debugEnabled"":true,""power"":{""mode"":""24v"",""externalPower"":true,""batteryMv"":65535,""batteryValid"":false,""batteryDetected"":false,""batterySenseStatus"":""not_detected"",""batteryLow"":false,""batteryCritical"":false,""sourceAmbiguous"":false,""serviceHoldActive"":false,""serviceHoldEffective"":false},""batterySession"":{""state"":""inactive"",""startedMs"":0,""stateStartedMs"":0,""validSampleBatches"":0,""requiredSampleBatches"":10,""alarmTxAttempts"":0,""alarmTxAttemptLimit"":3,""alarmAckReceived"":false,""pendingAlarm"":false,""pendingSaveRequired"":false,""persistenceFaultHold"":false,""completionReason"":""session_done""},""bootHealth"":{""adsReady"":true,""adsDrdyLevel"":0,""adsDrdyPulldownLevel"":0,""adsDrdyPullupLevel"":0,""adsMisoPulldownLevel"":0,""adsMisoPullupLevel"":1,""adsCsLevel"":1,""adsSyncLevel"":1,""adsStatus"":54,""adsMux"":15,""adsAdcon"":6,""adsDrate"":240,""adsReason"":""ok"",""tcaOk"":true,""mcpOkCount"":8,""mcpOk"":[true,true,true,true,true,true,true,true],""mcpAddrMask"":[1,1,1,1,1,1,1,1],""mcpControlTested"":true,""mcpControlOkCount"":8,""mcpControlOk"":[true,true,true,true,true,true,true,true],""dacReady"":true,""radioReady"":true,""mlReady"":true,""nullingProfileApplied"":true,""modelProfileReady"":false},""runtimeMcpCode"":[255,519,795,706,799,865,665,139],""model"":{""profileId"":""cnn-dualbranch-datasheet-v1-unbound"",""scalerProfileId"":""cnn-dualbranch-datasheet-v1-unbound"",""productionApproved"":true,""boundNullingProfileId"":8,""activeNullingProfileId"":9,""bindingValid"":true,""bindingModelMatches"":true,""profileReady"":false,""inferenceValid"":false,""sensorFault"":true},""lora"":{""beginState"":0,""lastTxState"":0,""lastTxOk"":false,""txSeq"":0,""txCounter"":0,""aesKeyProvisioned"":true,""aesKeyPresent"":true,""aesKeySource"":""nvs"",""keyId"":1,""lastDownlinkCommandId"":0,""freqMHz"":920,""bwKHz"":125,""sf"":7,""cr"":5,""syncWord"":18,""txPowerDbm"":17,""preamble"":8,""tcxoVoltage"":1.600000024,""xtalVoltage"":0},""dataset"":{""state"":""idle"",""step"":""idle"",""label"":"""",""seq"":0,""targetSamples"":0,""sampleIntervalMs"":500,""maxDurationMs"":0,""useFanIntake"":true,""fanOnMs"":1000,""postFanSettleMs"":0,""nullingProfileId"":9,""queuePending"":0,""queueCapacity"":16,""queueEnqueued"":0,""queueDropped"":0,""publishFailCount"":0,""retryCount"":0,""retryFailCount"":0,""rejectedSamples"":0,""lastRejectReason"":""none"",""lastRejectChannel"":-1,""lastRejectOkFiniteCount"":0,""lastRejectStatus"":255,""lastRejectGain"":0,""lastRejectSaturated"":false},""recovery"":{""wifiReconnectCount"":0,""wifiReconnectFailCount"":0,""mqttReconnectCount"":0,""mqttConnectFailCount"":0,""lastMqttState"":0,""adsRecoveryCount"":0,""adsRecoveryFailCount"":0,""adsReadFailStreak"":0,""lastReason"":""none"",""lastRecoveryMs"":0,""bootRecoveryArmed"":false,""bootRecoveryDueMs"":0,""bootRecoveryReason"":""none"",""bootRecoveryNonAdsFailure"":false,""bootRecoveryRestartCount"":0},""nulling"":{""done"":false,""retryArmed"":false,""attemptCount"":0,""nextRetryMs"":0,""thresholdV"":9.999999747E-06,""minFinalV"":0},""telemetry"":{""valid"":true,""sampleMs"":6406660,""gasClass"":6,""gasName"":""CO2"",""confidence"":0,""alarm"":false,""sensorVoltage"":[0.086978123,0.003962719,0.004838624,-0.002527981,-0.006885918,-0.011500937,-0.019509103,-0.0248677],""sensorGain"":[32,64,64,64,64,64,64,64],""sensorStatus"":[0,0,0,0,0,0,0,0],""featureOrder"":[""MQ8"",""MQ135"",""MQ3"",""MQ5"",""MQ4"",""MQ7"",""MQ6"",""MQ2""]},""alarmLatched"":false}"
2026-08-04 11:07:51.384 +07:00,30.261,HOT_SWEEP_70,70,700,300,1,0,0.086363316,0.003941884,0.004840607,-0.002528571,-0.007177839,-0.011510068,-0.019533841,-0.024902126,"{""deviceId"":""1001"",""nodeId"":4097,""targetChId"":""0010"",""mode"":""inference"",""uptimeMs"":6407729,""debugEnabled"":true,""power"":{""mode"":""24v"",""externalPower"":true,""batteryMv"":65535,""batteryValid"":false,""batteryDetected"":false,""batterySenseStatus"":""not_detected"",""batteryLow"":false,""batteryCritical"":false,""sourceAmbiguous"":false,""serviceHoldActive"":false,""serviceHoldEffective"":false},""batterySession"":{""state"":""inactive"",""startedMs"":0,""stateStartedMs"":0,""validSampleBatches"":0,""requiredSampleBatches"":10,""alarmTxAttempts"":0,""alarmTxAttemptLimit"":3,""alarmAckReceived"":false,""pendingAlarm"":false,""pendingSaveRequired"":false,""persistenceFaultHold"":false,""completionReason"":""session_done""},""bootHealth"":{""adsReady"":true,""adsDrdyLevel"":0,""adsDrdyPulldownLevel"":0,""adsDrdyPullupLevel"":0,""adsMisoPulldownLevel"":0,""adsMisoPullupLevel"":1,""adsCsLevel"":1,""adsSyncLevel"":1,""adsStatus"":54,""adsMux"":15,""adsAdcon"":6,""adsDrate"":240,""adsReason"":""ok"",""tcaOk"":true,""mcpOkCount"":8,""mcpOk"":[true,true,true,true,true,true,true,true],""mcpAddrMask"":[1,1,1,1,1,1,1,1],""mcpControlTested"":true,""mcpControlOkCount"":8,""mcpControlOk"":[true,true,true,true,true,true,true,true],""dacReady"":true,""radioReady"":true,""mlReady"":true,""nullingProfileApplied"":true,""modelProfileReady"":false},""runtimeMcpCode"":[255,519,795,706,799,865,665,139],""model"":{""profileId"":""cnn-dualbranch-datasheet-v1-unbound"",""scalerProfileId"":""cnn-dualbranch-datasheet-v1-unbound"",""productionApproved"":true,""boundNullingProfileId"":8,""activeNullingProfileId"":9,""bindingValid"":true,""bindingModelMatches"":true,""profileReady"":false,""inferenceValid"":false,""sensorFault"":true},""lora"":{""beginState"":0,""lastTxState"":0,""lastTxOk"":false,""txSeq"":0,""txCounter"":0,""aesKeyProvisioned"":true,""aesKeyPresent"":true,""aesKeySource"":""nvs"",""keyId"":1,""lastDownlinkCommandId"":0,""freqMHz"":920,""bwKHz"":125,""sf"":7,""cr"":5,""syncWord"":18,""txPowerDbm"":17,""preamble"":8,""tcxoVoltage"":1.600000024,""xtalVoltage"":0},""dataset"":{""state"":""idle"",""step"":""idle"",""label"":"""",""seq"":0,""targetSamples"":0,""sampleIntervalMs"":500,""maxDurationMs"":0,""useFanIntake"":true,""fanOnMs"":1000,""postFanSettleMs"":0,""nullingProfileId"":9,""queuePending"":0,""queueCapacity"":16,""queueEnqueued"":0,""queueDropped"":0,""publishFailCount"":0,""retryCount"":0,""retryFailCount"":0,""rejectedSamples"":0,""lastRejectReason"":""none"",""lastRejectChannel"":-1,""lastRejectOkFiniteCount"":0,""lastRejectStatus"":255,""lastRejectGain"":0,""lastRejectSaturated"":false},""recovery"":{""wifiReconnectCount"":0,""wifiReconnectFailCount"":0,""mqttReconnectCount"":0,""mqttConnectFailCount"":0,""lastMqttState"":0,""adsRecoveryCount"":0,""adsRecoveryFailCount"":0,""adsReadFailStreak"":0,""lastReason"":""none"",""lastRecoveryMs"":0,""bootRecoveryArmed"":false,""bootRecoveryDueMs"":0,""bootRecoveryReason"":""none"",""bootRecoveryNonAdsFailure"":false,""bootRecoveryRestartCount"":0},""nulling"":{""done"":false,""retryArmed"":false,""attemptCount"":0,""nextRetryMs"":0,""thresholdV"":9.999999747E-06,""minFinalV"":0},""telemetry"":{""valid"":true,""sampleMs"":6407311,""gasClass"":6,""gasName"":""CO2"",""confidence"":0,""alarm"":false,""sensorVoltage"":[0.086363316,0.003941884,0.004840607,-0.002528571,-0.007177839,-0.011510068,-0.019533841,-0.024902126],""sensorGain"":[32,64,64,64,64,64,64,64],""sensorStatus"":[0,0,0,0,0,0,0,0],""featureOrder"":[""MQ8"",""MQ135"",""MQ3"",""MQ5"",""MQ4"",""MQ7"",""MQ6"",""MQ2""]},""alarmLatched"":false}"
2026-08-04 11:07:52.064 +07:00,30.945,HOT_SWEEP_70,70,700,300,1,0,0.087555744,0.003919502,0.004807628,-0.002541773,-0.00729086,-0.011520069,-0.01960746,-0.024888879,"{""deviceId"":""1001"",""nodeId"":4097,""targetChId"":""0010"",""mode"":""inference"",""uptimeMs"":6408414,""debugEnabled"":true,""power"":{""mode"":""24v"",""externalPower"":true,""batteryMv"":65535,""batteryValid"":false,""batteryDetected"":false,""batterySenseStatus"":""not_detected"",""batteryLow"":false,""batteryCritical"":false,""sourceAmbiguous"":false,""serviceHoldActive"":false,""serviceHoldEffective"":false},""batterySession"":{""state"":""inactive"",""startedMs"":0,""stateStartedMs"":0,""validSampleBatches"":0,""requiredSampleBatches"":10,""alarmTxAttempts"":0,""alarmTxAttemptLimit"":3,""alarmAckReceived"":false,""pendingAlarm"":false,""pendingSaveRequired"":false,""persistenceFaultHold"":false,""completionReason"":""session_done""},""bootHealth"":{""adsReady"":true,""adsDrdyLevel"":0,""adsDrdyPulldownLevel"":0,""adsDrdyPullupLevel"":0,""adsMisoPulldownLevel"":0,""adsMisoPullupLevel"":1,""adsCsLevel"":1,""adsSyncLevel"":1,""adsStatus"":54,""adsMux"":15,""adsAdcon"":6,""adsDrate"":240,""adsReason"":""ok"",""tcaOk"":true,""mcpOkCount"":8,""mcpOk"":[true,true,true,true,true,true,true,true],""mcpAddrMask"":[1,1,1,1,1,1,1,1],""mcpControlTested"":true,""mcpControlOkCount"":8,""mcpControlOk"":[true,true,true,true,true,true,true,true],""dacReady"":true,""radioReady"":true,""mlReady"":true,""nullingProfileApplied"":true,""modelProfileReady"":false},""runtimeMcpCode"":[255,519,795,706,799,865,665,139],""model"":{""profileId"":""cnn-dualbranch-datasheet-v1-unbound"",""scalerProfileId"":""cnn-dualbranch-datasheet-v1-unbound"",""productionApproved"":true,""boundNullingProfileId"":8,""activeNullingProfileId"":9,""bindingValid"":true,""bindingModelMatches"":true,""profileReady"":false,""inferenceValid"":false,""sensorFault"":true},""lora"":{""beginState"":0,""lastTxState"":0,""lastTxOk"":false,""txSeq"":0,""txCounter"":0,""aesKeyProvisioned"":true,""aesKeyPresent"":true,""aesKeySource"":""nvs"",""keyId"":1,""lastDownlinkCommandId"":0,""freqMHz"":920,""bwKHz"":125,""sf"":7,""cr"":5,""syncWord"":18,""txPowerDbm"":17,""preamble"":8,""tcxoVoltage"":1.600000024,""xtalVoltage"":0},""dataset"":{""state"":""idle"",""step"":""idle"",""label"":"""",""seq"":0,""targetSamples"":0,""sampleIntervalMs"":500,""maxDurationMs"":0,""useFanIntake"":true,""fanOnMs"":1000,""postFanSettleMs"":0,""nullingProfileId"":9,""queuePending"":0,""queueCapacity"":16,""queueEnqueued"":0,""queueDropped"":0,""publishFailCount"":0,""retryCount"":0,""retryFailCount"":0,""rejectedSamples"":0,""lastRejectReason"":""none"",""lastRejectChannel"":-1,""lastRejectOkFiniteCount"":0,""lastRejectStatus"":255,""lastRejectGain"":0,""lastRejectSaturated"":false},""recovery"":{""wifiReconnectCount"":0,""wifiReconnectFailCount"":0,""mqttReconnectCount"":0,""mqttConnectFailCount"":0,""lastMqttState"":0,""adsRecoveryCount"":0,""adsRecoveryFailCount"":0,""adsReadFailStreak"":0,""lastReason"":""none"",""lastRecoveryMs"":0,""bootRecoveryArmed"":false,""bootRecoveryDueMs"":0,""bootRecoveryReason"":""none"",""bootRecoveryNonAdsFailure"":false,""bootRecoveryRestartCount"":0},""nulling"":{""done"":false,""retryArmed"":false,""attemptCount"":0,""nextRetryMs"":0,""thresholdV"":9.999999747E-06,""minFinalV"":0},""telemetry"":{""valid"":true,""sampleMs"":6408007,""gasClass"":6,""gasName"":""CO2"",""confidence"":0,""alarm"":false,""sensorVoltage"":[0.087555744,0.003919502,0.004807628,-0.002541773,-0.00729086,-0.011520069,-0.01960746,-0.024888879],""sensorGain"":[32,64,64,64,64,64,64,64],""sensorStatus"":[0,0,0,0,0,0,0,0],""featureOrder"":[""MQ8"",""MQ135"",""MQ3"",""MQ5"",""MQ4"",""MQ7"",""MQ6"",""MQ2""]},""alarmLatched"":false}"
2026-08-04 11:07:52.756 +07:00,31.635,HOT_SWEEP_70,70,700,300,1,0,0.087550864,0.003939481,0.004795959,-0.002553926,-0.00748311,-0.011585152,-0.019643435,-0.024935219,"{""deviceId"":""1001"",""nodeId"":4097,""targetChId"":""0010"",""mode"":""inference"",""uptimeMs"":6409100,""debugEnabled"":true,""power"":{""mode"":""24v"",""externalPower"":true,""batteryMv"":65535,""batteryValid"":false,""batteryDetected"":false,""batterySenseStatus"":""not_detected"",""batteryLow"":false,""batteryCritical"":false,""sourceAmbiguous"":false,""serviceHoldActive"":false,""serviceHoldEffective"":false},""batterySession"":{""state"":""inactive"",""startedMs"":0,""stateStartedMs"":0,""validSampleBatches"":0,""requiredSampleBatches"":10,""alarmTxAttempts"":0,""alarmTxAttemptLimit"":3,""alarmAckReceived"":false,""pendingAlarm"":false,""pendingSaveRequired"":false,""persistenceFaultHold"":false,""completionReason"":""session_done""},""bootHealth"":{""adsReady"":true,""adsDrdyLevel"":0,""adsDrdyPulldownLevel"":0,""adsDrdyPullupLevel"":0,""adsMisoPulldownLevel"":0,""adsMisoPullupLevel"":1,""adsCsLevel"":1,""adsSyncLevel"":1,""adsStatus"":54,""adsMux"":15,""adsAdcon"":6,""adsDrate"":240,""adsReason"":""ok"",""tcaOk"":true,""mcpOkCount"":8,""mcpOk"":[true,true,true,true,true,true,true,true],""mcpAddrMask"":[1,1,1,1,1,1,1,1],""mcpControlTested"":true,""mcpControlOkCount"":8,""mcpControlOk"":[true,true,true,true,true,true,true,true],""dacReady"":true,""radioReady"":true,""mlReady"":true,""nullingProfileApplied"":true,""modelProfileReady"":false},""runtimeMcpCode"":[255,519,795,706,799,865,665,139],""model"":{""profileId"":""cnn-dualbranch-datasheet-v1-unbound"",""scalerProfileId"":""cnn-dualbranch-datasheet-v1-unbound"",""productionApproved"":true,""boundNullingProfileId"":8,""activeNullingProfileId"":9,""bindingValid"":true,""bindingModelMatches"":true,""profileReady"":false,""inferenceValid"":false,""sensorFault"":true},""lora"":{""beginState"":0,""lastTxState"":0,""lastTxOk"":false,""txSeq"":0,""txCounter"":0,""aesKeyProvisioned"":true,""aesKeyPresent"":true,""aesKeySource"":""nvs"",""keyId"":1,""lastDownlinkCommandId"":0,""freqMHz"":920,""bwKHz"":125,""sf"":7,""cr"":5,""syncWord"":18,""txPowerDbm"":17,""preamble"":8,""tcxoVoltage"":1.600000024,""xtalVoltage"":0},""dataset"":{""state"":""idle"",""step"":""idle"",""label"":"""",""seq"":0,""targetSamples"":0,""sampleIntervalMs"":500,""maxDurationMs"":0,""useFanIntake"":true,""fanOnMs"":1000,""postFanSettleMs"":0,""nullingProfileId"":9,""queuePending"":0,""queueCapacity"":16,""queueEnqueued"":0,""queueDropped"":0,""publishFailCount"":0,""retryCount"":0,""retryFailCount"":0,""rejectedSamples"":0,""lastRejectReason"":""none"",""lastRejectChannel"":-1,""lastRejectOkFiniteCount"":0,""lastRejectStatus"":255,""lastRejectGain"":0,""lastRejectSaturated"":false},""recovery"":{""wifiReconnectCount"":0,""wifiReconnectFailCount"":0,""mqttReconnectCount"":0,""mqttConnectFailCount"":0,""lastMqttState"":0,""adsRecoveryCount"":0,""adsRecoveryFailCount"":0,""adsReadFailStreak"":0,""lastReason"":""none"",""lastRecoveryMs"":0,""bootRecoveryArmed"":false,""bootRecoveryDueMs"":0,""bootRecoveryReason"":""none"",""bootRecoveryNonAdsFailure"":false,""bootRecoveryRestartCount"":0},""nulling"":{""done"":false,""retryArmed"":false,""attemptCount"":0,""nextRetryMs"":0,""thresholdV"":9.999999747E-06,""minFinalV"":0},""telemetry"":{""valid"":true,""sampleMs"":6408724,""gasClass"":6,""gasName"":""CO2"",""confidence"":0,""alarm"":false,""sensorVoltage"":[0.087550864,0.003939481,0.004795959,-0.002553926,-0.00748311,-0.011585152,-0.019643435,-0.024935219],""sensorGain"":[32,64,64,64,64,64,64,64],""sensorStatus"":[0,0,0,0,0,0,0,0],""featureOrder"":[""MQ8"",""MQ135"",""MQ3"",""MQ5"",""MQ4"",""MQ7"",""MQ6"",""MQ2""]},""alarmLatched"":false}"
2026-08-04 11:07:53.445 +07:00,32.326,HOT_SWEEP_70,70,700,300,1,0,0.087117441,0.00395353,0.004813129,-0.002543144,-0.00769638,-0.011569127,-0.019609794,-0.024954662,"{""deviceId"":""1001"",""nodeId"":4097,""targetChId"":""0010"",""mode"":""inference"",""uptimeMs"":6409795,""debugEnabled"":true,""power"":{""mode"":""24v"",""externalPower"":true,""batteryMv"":65535,""batteryValid"":false,""batteryDetected"":false,""batterySenseStatus"":""not_detected"",""batteryLow"":false,""batteryCritical"":false,""sourceAmbiguous"":false,""serviceHoldActive"":false,""serviceHoldEffective"":false},""batterySession"":{""state"":""inactive"",""startedMs"":0,""stateStartedMs"":0,""validSampleBatches"":0,""requiredSampleBatches"":10,""alarmTxAttempts"":0,""alarmTxAttemptLimit"":3,""alarmAckReceived"":false,""pendingAlarm"":false,""pendingSaveRequired"":false,""persistenceFaultHold"":false,""completionReason"":""session_done""},""bootHealth"":{""adsReady"":true,""adsDrdyLevel"":0,""adsDrdyPulldownLevel"":0,""adsDrdyPullupLevel"":0,""adsMisoPulldownLevel"":0,""adsMisoPullupLevel"":1,""adsCsLevel"":1,""adsSyncLevel"":1,""adsStatus"":54,""adsMux"":15,""adsAdcon"":6,""adsDrate"":240,""adsReason"":""ok"",""tcaOk"":true,""mcpOkCount"":8,""mcpOk"":[true,true,true,true,true,true,true,true],""mcpAddrMask"":[1,1,1,1,1,1,1,1],""mcpControlTested"":true,""mcpControlOkCount"":8,""mcpControlOk"":[true,true,true,true,true,true,true,true],""dacReady"":true,""radioReady"":true,""mlReady"":true,""nullingProfileApplied"":true,""modelProfileReady"":false},""runtimeMcpCode"":[255,519,795,706,799,865,665,139],""model"":{""profileId"":""cnn-dualbranch-datasheet-v1-unbound"",""scalerProfileId"":""cnn-dualbranch-datasheet-v1-unbound"",""productionApproved"":true,""boundNullingProfileId"":8,""activeNullingProfileId"":9,""bindingValid"":true,""bindingModelMatches"":true,""profileReady"":false,""inferenceValid"":false,""sensorFault"":true},""lora"":{""beginState"":0,""lastTxState"":0,""lastTxOk"":false,""txSeq"":0,""txCounter"":0,""aesKeyProvisioned"":true,""aesKeyPresent"":true,""aesKeySource"":""nvs"",""keyId"":1,""lastDownlinkCommandId"":0,""freqMHz"":920,""bwKHz"":125,""sf"":7,""cr"":5,""syncWord"":18,""txPowerDbm"":17,""preamble"":8,""tcxoVoltage"":1.600000024,""xtalVoltage"":0},""dataset"":{""state"":""idle"",""step"":""idle"",""label"":"""",""seq"":0,""targetSamples"":0,""sampleIntervalMs"":500,""maxDurationMs"":0,""useFanIntake"":true,""fanOnMs"":1000,""postFanSettleMs"":0,""nullingProfileId"":9,""queuePending"":0,""queueCapacity"":16,""queueEnqueued"":0,""queueDropped"":0,""publishFailCount"":0,""retryCount"":0,""retryFailCount"":0,""rejectedSamples"":0,""lastRejectReason"":""none"",""lastRejectChannel"":-1,""lastRejectOkFiniteCount"":0,""lastRejectStatus"":255,""lastRejectGain"":0,""lastRejectSaturated"":false},""recovery"":{""wifiReconnectCount"":0,""wifiReconnectFailCount"":0,""mqttReconnectCount"":0,""mqttConnectFailCount"":0,""lastMqttState"":0,""adsRecoveryCount"":0,""adsRecoveryFailCount"":0,""adsReadFailStreak"":0,""lastReason"":""none"",""lastRecoveryMs"":0,""bootRecoveryArmed"":false,""bootRecoveryDueMs"":0,""bootRecoveryReason"":""none"",""bootRecoveryNonAdsFailure"":false,""bootRecoveryRestartCount"":0},""nulling"":{""done"":false,""retryArmed"":false,""attemptCount"":0,""nextRetryMs"":0,""thresholdV"":9.999999747E-06,""minFinalV"":0},""telemetry"":{""valid"":true,""sampleMs"":6409378,""gasClass"":6,""gasName"":""CO2"",""confidence"":0,""alarm"":false,""sensorVoltage"":[0.087117441,0.00395353,0.004813129,-0.002543144,-0.00769638,-0.011569127,-0.019609794,-0.024954662],""sensorGain"":[32,64,64,64,64,64,64,64],""sensorStatus"":[0,0,0,0,0,0,0,0],""featureOrder"":[""MQ8"",""MQ135"",""MQ3"",""MQ5"",""MQ4"",""MQ7"",""MQ6"",""MQ2""]},""alarmLatched"":false}"
2026-08-04 11:07:54.135 +07:00,33.017,HOT_SWEEP_70,70,700,300,1,0,0.087727815,0.003966409,0.004833216,-0.002526514,-0.007687134,-0.011600637,-0.019631343,-0.024920322,"{""deviceId"":""1001"",""nodeId"":4097,""targetChId"":""0010"",""mode"":""inference"",""uptimeMs"":6410482,""debugEnabled"":true,""power"":{""mode"":""24v"",""externalPower"":true,""batteryMv"":65535,""batteryValid"":false,""batteryDetected"":false,""batterySenseStatus"":""not_detected"",""batteryLow"":false,""batteryCritical"":false,""sourceAmbiguous"":false,""serviceHoldActive"":false,""serviceHoldEffective"":false},""batterySession"":{""state"":""inactive"",""startedMs"":0,""stateStartedMs"":0,""validSampleBatches"":0,""requiredSampleBatches"":10,""alarmTxAttempts"":0,""alarmTxAttemptLimit"":3,""alarmAckReceived"":false,""pendingAlarm"":false,""pendingSaveRequired"":false,""persistenceFaultHold"":false,""completionReason"":""session_done""},""bootHealth"":{""adsReady"":true,""adsDrdyLevel"":0,""adsDrdyPulldownLevel"":0,""adsDrdyPullupLevel"":0,""adsMisoPulldownLevel"":0,""adsMisoPullupLevel"":1,""adsCsLevel"":1,""adsSyncLevel"":1,""adsStatus"":54,""adsMux"":15,""adsAdcon"":6,""adsDrate"":240,""adsReason"":""ok"",""tcaOk"":true,""mcpOkCount"":8,""mcpOk"":[true,true,true,true,true,true,true,true],""mcpAddrMask"":[1,1,1,1,1,1,1,1],""mcpControlTested"":true,""mcpControlOkCount"":8,""mcpControlOk"":[true,true,true,true,true,true,true,true],""dacReady"":true,""radioReady"":true,""mlReady"":true,""nullingProfileApplied"":true,""modelProfileReady"":false},""runtimeMcpCode"":[255,519,795,706,799,865,665,139],""model"":{""profileId"":""cnn-dualbranch-datasheet-v1-unbound"",""scalerProfileId"":""cnn-dualbranch-datasheet-v1-unbound"",""productionApproved"":true,""boundNullingProfileId"":8,""activeNullingProfileId"":9,""bindingValid"":true,""bindingModelMatches"":true,""profileReady"":false,""inferenceValid"":false,""sensorFault"":true},""lora"":{""beginState"":0,""lastTxState"":0,""lastTxOk"":false,""txSeq"":0,""txCounter"":0,""aesKeyProvisioned"":true,""aesKeyPresent"":true,""aesKeySource"":""nvs"",""keyId"":1,""lastDownlinkCommandId"":0,""freqMHz"":920,""bwKHz"":125,""sf"":7,""cr"":5,""syncWord"":18,""txPowerDbm"":17,""preamble"":8,""tcxoVoltage"":1.600000024,""xtalVoltage"":0},""dataset"":{""state"":""idle"",""step"":""idle"",""label"":"""",""seq"":0,""targetSamples"":0,""sampleIntervalMs"":500,""maxDurationMs"":0,""useFanIntake"":true,""fanOnMs"":1000,""postFanSettleMs"":0,""nullingProfileId"":9,""queuePending"":0,""queueCapacity"":16,""queueEnqueued"":0,""queueDropped"":0,""publishFailCount"":0,""retryCount"":0,""retryFailCount"":0,""rejectedSamples"":0,""lastRejectReason"":""none"",""lastRejectChannel"":-1,""lastRejectOkFiniteCount"":0,""lastRejectStatus"":255,""lastRejectGain"":0,""lastRejectSaturated"":false},""recovery"":{""wifiReconnectCount"":0,""wifiReconnectFailCount"":0,""mqttReconnectCount"":0,""mqttConnectFailCount"":0,""lastMqttState"":0,""adsRecoveryCount"":0,""adsRecoveryFailCount"":0,""adsReadFailStreak"":0,""lastReason"":""none"",""lastRecoveryMs"":0,""bootRecoveryArmed"":false,""bootRecoveryDueMs"":0,""bootRecoveryReason"":""none"",""bootRecoveryNonAdsFailure"":false,""bootRecoveryRestartCount"":0},""nulling"":{""done"":false,""retryArmed"":false,""attemptCount"":0,""nextRetryMs"":0,""thresholdV"":9.999999747E-06,""minFinalV"":0},""telemetry"":{""valid"":true,""sampleMs"":6410073,""gasClass"":6,""gasName"":""CO2"",""confidence"":0,""alarm"":false,""sensorVoltage"":[0.087727815,0.003966409,0.004833216,-0.002526514,-0.007687134,-0.011600637,-0.019631343,-0.024920322],""sensorGain"":[32,64,64,64,64,64,64,64],""sensorStatus"":[0,0,0,0,0,0,0,0],""featureOrder"":[""MQ8"",""MQ135"",""MQ3"",""MQ5"",""MQ4"",""MQ7"",""MQ6"",""MQ2""]},""alarmLatched"":false}"
2026-08-04 11:07:54.830 +07:00,33.711,HOT_SWEEP_70,70,700,300,1,0,0.088016793,0.003929699,0.004811252,-0.002522845,-0.007676233,-0.011611596,-0.019639855,-0.024938317,"{""deviceId"":""1001"",""nodeId"":4097,""targetChId"":""0010"",""mode"":""inference"",""uptimeMs"":6411178,""debugEnabled"":true,""power"":{""mode"":""24v"",""externalPower"":true,""batteryMv"":65535,""batteryValid"":false,""batteryDetected"":false,""batterySenseStatus"":""not_detected"",""batteryLow"":false,""batteryCritical"":false,""sourceAmbiguous"":false,""serviceHoldActive"":false,""serviceHoldEffective"":false},""batterySession"":{""state"":""inactive"",""startedMs"":0,""stateStartedMs"":0,""validSampleBatches"":0,""requiredSampleBatches"":10,""alarmTxAttempts"":0,""alarmTxAttemptLimit"":3,""alarmAckReceived"":false,""pendingAlarm"":false,""pendingSaveRequired"":false,""persistenceFaultHold"":false,""completionReason"":""session_done""},""bootHealth"":{""adsReady"":true,""adsDrdyLevel"":0,""adsDrdyPulldownLevel"":0,""adsDrdyPullupLevel"":0,""adsMisoPulldownLevel"":0,""adsMisoPullupLevel"":1,""adsCsLevel"":1,""adsSyncLevel"":1,""adsStatus"":54,""adsMux"":15,""adsAdcon"":6,""adsDrate"":240,""adsReason"":""ok"",""tcaOk"":true,""mcpOkCount"":8,""mcpOk"":[true,true,true,true,true,true,true,true],""mcpAddrMask"":[1,1,1,1,1,1,1,1],""mcpControlTested"":true,""mcpControlOkCount"":8,""mcpControlOk"":[true,true,true,true,true,true,true,true],""dacReady"":true,""radioReady"":true,""mlReady"":true,""nullingProfileApplied"":true,""modelProfileReady"":false},""runtimeMcpCode"":[255,519,795,706,799,865,665,139],""model"":{""profileId"":""cnn-dualbranch-datasheet-v1-unbound"",""scalerProfileId"":""cnn-dualbranch-datasheet-v1-unbound"",""productionApproved"":true,""boundNullingProfileId"":8,""activeNullingProfileId"":9,""bindingValid"":true,""bindingModelMatches"":true,""profileReady"":false,""inferenceValid"":false,""sensorFault"":true},""lora"":{""beginState"":0,""lastTxState"":0,""lastTxOk"":false,""txSeq"":0,""txCounter"":0,""aesKeyProvisioned"":true,""aesKeyPresent"":true,""aesKeySource"":""nvs"",""keyId"":1,""lastDownlinkCommandId"":0,""freqMHz"":920,""bwKHz"":125,""sf"":7,""cr"":5,""syncWord"":18,""txPowerDbm"":17,""preamble"":8,""tcxoVoltage"":1.600000024,""xtalVoltage"":0},""dataset"":{""state"":""idle"",""step"":""idle"",""label"":"""",""seq"":0,""targetSamples"":0,""sampleIntervalMs"":500,""maxDurationMs"":0,""useFanIntake"":true,""fanOnMs"":1000,""postFanSettleMs"":0,""nullingProfileId"":9,""queuePending"":0,""queueCapacity"":16,""queueEnqueued"":0,""queueDropped"":0,""publishFailCount"":0,""retryCount"":0,""retryFailCount"":0,""rejectedSamples"":0,""lastRejectReason"":""none"",""lastRejectChannel"":-1,""lastRejectOkFiniteCount"":0,""lastRejectStatus"":255,""lastRejectGain"":0,""lastRejectSaturated"":false},""recovery"":{""wifiReconnectCount"":0,""wifiReconnectFailCount"":0,""mqttReconnectCount"":0,""mqttConnectFailCount"":0,""lastMqttState"":0,""adsRecoveryCount"":0,""adsRecoveryFailCount"":0,""adsReadFailStreak"":0,""lastReason"":""none"",""lastRecoveryMs"":0,""bootRecoveryArmed"":false,""bootRecoveryDueMs"":0,""bootRecoveryReason"":""none"",""bootRecoveryNonAdsFailure"":false,""bootRecoveryRestartCount"":0},""nulling"":{""done"":false,""retryArmed"":false,""attemptCount"":0,""nextRetryMs"":0,""thresholdV"":9.999999747E-06,""minFinalV"":0},""telemetry"":{""valid"":true,""sampleMs"":6410792,""gasClass"":6,""gasName"":""CO2"",""confidence"":0,""alarm"":false,""sensorVoltage"":[0.088016793,0.003929699,0.004811252,-0.002522845,-0.007676233,-0.011611596,-0.019639855,-0.024938317],""sensorGain"":[32,64,64,64,64,64,64,64],""sensorStatus"":[0,0,0,0,0,0,0,0],""featureOrder"":[""MQ8"",""MQ135"",""MQ3"",""MQ5"",""MQ4"",""MQ7"",""MQ6"",""MQ2""]},""alarmLatched"":false}"
2026-08-04 11:07:55.510 +07:00,34.391,HOT_SWEEP_70,70,700,300,1,0,0.087409064,0.003924261,0.004735688,-0.002529764,-0.008135,-0.01159355,-0.019614358,-0.025338206,"{""deviceId"":""1001"",""nodeId"":4097,""targetChId"":""0010"",""mode"":""inference"",""uptimeMs"":6411859,""debugEnabled"":true,""power"":{""mode"":""24v"",""externalPower"":true,""batteryMv"":65535,""batteryValid"":false,""batteryDetected"":false,""batterySenseStatus"":""not_detected"",""batteryLow"":false,""batteryCritical"":false,""sourceAmbiguous"":false,""serviceHoldActive"":false,""serviceHoldEffective"":false},""batterySession"":{""state"":""inactive"",""startedMs"":0,""stateStartedMs"":0,""validSampleBatches"":0,""requiredSampleBatches"":10,""alarmTxAttempts"":0,""alarmTxAttemptLimit"":3,""alarmAckReceived"":false,""pendingAlarm"":false,""pendingSaveRequired"":false,""persistenceFaultHold"":false,""completionReason"":""session_done""},""bootHealth"":{""adsReady"":true,""adsDrdyLevel"":0,""adsDrdyPulldownLevel"":0,""adsDrdyPullupLevel"":0,""adsMisoPulldownLevel"":0,""adsMisoPullupLevel"":1,""adsCsLevel"":1,""adsSyncLevel"":1,""adsStatus"":54,""adsMux"":15,""adsAdcon"":6,""adsDrate"":240,""adsReason"":""ok"",""tcaOk"":true,""mcpOkCount"":8,""mcpOk"":[true,true,true,true,true,true,true,true],""mcpAddrMask"":[1,1,1,1,1,1,1,1],""mcpControlTested"":true,""mcpControlOkCount"":8,""mcpControlOk"":[true,true,true,true,true,true,true,true],""dacReady"":true,""radioReady"":true,""mlReady"":true,""nullingProfileApplied"":true,""modelProfileReady"":false},""runtimeMcpCode"":[255,519,795,706,799,865,665,139],""model"":{""profileId"":""cnn-dualbranch-datasheet-v1-unbound"",""scalerProfileId"":""cnn-dualbranch-datasheet-v1-unbound"",""productionApproved"":true,""boundNullingProfileId"":8,""activeNullingProfileId"":9,""bindingValid"":true,""bindingModelMatches"":true,""profileReady"":false,""inferenceValid"":false,""sensorFault"":true},""lora"":{""beginState"":0,""lastTxState"":0,""lastTxOk"":false,""txSeq"":0,""txCounter"":0,""aesKeyProvisioned"":true,""aesKeyPresent"":true,""aesKeySource"":""nvs"",""keyId"":1,""lastDownlinkCommandId"":0,""freqMHz"":920,""bwKHz"":125,""sf"":7,""cr"":5,""syncWord"":18,""txPowerDbm"":17,""preamble"":8,""tcxoVoltage"":1.600000024,""xtalVoltage"":0},""dataset"":{""state"":""idle"",""step"":""idle"",""label"":"""",""seq"":0,""targetSamples"":0,""sampleIntervalMs"":500,""maxDurationMs"":0,""useFanIntake"":true,""fanOnMs"":1000,""postFanSettleMs"":0,""nullingProfileId"":9,""queuePending"":0,""queueCapacity"":16,""queueEnqueued"":0,""queueDropped"":0,""publishFailCount"":0,""retryCount"":0,""retryFailCount"":0,""rejectedSamples"":0,""lastRejectReason"":""none"",""lastRejectChannel"":-1,""lastRejectOkFiniteCount"":0,""lastRejectStatus"":255,""lastRejectGain"":0,""lastRejectSaturated"":false},""recovery"":{""wifiReconnectCount"":0,""wifiReconnectFailCount"":0,""mqttReconnectCount"":0,""mqttConnectFailCount"":0,""lastMqttState"":0,""adsRecoveryCount"":0,""adsRecoveryFailCount"":0,""adsReadFailStreak"":0,""lastReason"":""none"",""lastRecoveryMs"":0,""bootRecoveryArmed"":false,""bootRecoveryDueMs"":0,""bootRecoveryReason"":""none"",""bootRecoveryNonAdsFailure"":false,""bootRecoveryRestartCount"":0},""nulling"":{""done"":false,""retryArmed"":false,""attemptCount"":0,""nextRetryMs"":0,""thresholdV"":9.999999747E-06,""minFinalV"":0},""telemetry"":{""valid"":true,""sampleMs"":6411456,""gasClass"":6,""gasName"":""CO2"",""confidence"":0,""alarm"":false,""sensorVoltage"":[0.087409064,0.003924261,0.004735688,-0.002529764,-0.008135,-0.01159355,-0.019614358,-0.025338206],""sensorGain"":[32,64,64,64,64,64,64,64],""sensorStatus"":[0,0,0,0,0,0,0,0],""featureOrder"":[""MQ8"",""MQ135"",""MQ3"",""MQ5"",""MQ4"",""MQ7"",""MQ6"",""MQ2""]},""alarmLatched"":false}"
2026-08-04 11:07:56.203 +07:00,35.083,HOT_SWEEP_70,70,700,300,1,0,0.08733274,0.003878548,0.004815957,-0.002530311,-0.008275961,-0.011562755,-0.019516971,-0.025332713,"{""deviceId"":""1001"",""nodeId"":4097,""targetChId"":""0010"",""mode"":""inference"",""uptimeMs"":6412548,""debugEnabled"":true,""power"":{""mode"":""24v"",""externalPower"":true,""batteryMv"":65535,""batteryValid"":false,""batteryDetected"":false,""batterySenseStatus"":""not_detected"",""batteryLow"":false,""batteryCritical"":false,""sourceAmbiguous"":false,""serviceHoldActive"":false,""serviceHoldEffective"":false},""batterySession"":{""state"":""inactive"",""startedMs"":0,""stateStartedMs"":0,""validSampleBatches"":0,""requiredSampleBatches"":10,""alarmTxAttempts"":0,""alarmTxAttemptLimit"":3,""alarmAckReceived"":false,""pendingAlarm"":false,""pendingSaveRequired"":false,""persistenceFaultHold"":false,""completionReason"":""session_done""},""bootHealth"":{""adsReady"":true,""adsDrdyLevel"":0,""adsDrdyPulldownLevel"":0,""adsDrdyPullupLevel"":0,""adsMisoPulldownLevel"":0,""adsMisoPullupLevel"":1,""adsCsLevel"":1,""adsSyncLevel"":1,""adsStatus"":54,""adsMux"":15,""adsAdcon"":6,""adsDrate"":240,""adsReason"":""ok"",""tcaOk"":true,""mcpOkCount"":8,""mcpOk"":[true,true,true,true,true,true,true,true],""mcpAddrMask"":[1,1,1,1,1,1,1,1],""mcpControlTested"":true,""mcpControlOkCount"":8,""mcpControlOk"":[true,true,true,true,true,true,true,true],""dacReady"":true,""radioReady"":true,""mlReady"":true,""nullingProfileApplied"":true,""modelProfileReady"":false},""runtimeMcpCode"":[255,519,795,706,799,865,665,139],""model"":{""profileId"":""cnn-dualbranch-datasheet-v1-unbound"",""scalerProfileId"":""cnn-dualbranch-datasheet-v1-unbound"",""productionApproved"":true,""boundNullingProfileId"":8,""activeNullingProfileId"":9,""bindingValid"":true,""bindingModelMatches"":true,""profileReady"":false,""inferenceValid"":false,""sensorFault"":true},""lora"":{""beginState"":0,""lastTxState"":0,""lastTxOk"":false,""txSeq"":0,""txCounter"":0,""aesKeyProvisioned"":true,""aesKeyPresent"":true,""aesKeySource"":""nvs"",""keyId"":1,""lastDownlinkCommandId"":0,""freqMHz"":920,""bwKHz"":125,""sf"":7,""cr"":5,""syncWord"":18,""txPowerDbm"":17,""preamble"":8,""tcxoVoltage"":1.600000024,""xtalVoltage"":0},""dataset"":{""state"":""idle"",""step"":""idle"",""label"":"""",""seq"":0,""targetSamples"":0,""sampleIntervalMs"":500,""maxDurationMs"":0,""useFanIntake"":true,""fanOnMs"":1000,""postFanSettleMs"":0,""nullingProfileId"":9,""queuePending"":0,""queueCapacity"":16,""queueEnqueued"":0,""queueDropped"":0,""publishFailCount"":0,""retryCount"":0,""retryFailCount"":0,""rejectedSamples"":0,""lastRejectReason"":""none"",""lastRejectChannel"":-1,""lastRejectOkFiniteCount"":0,""lastRejectStatus"":255,""lastRejectGain"":0,""lastRejectSaturated"":false},""recovery"":{""wifiReconnectCount"":0,""wifiReconnectFailCount"":0,""mqttReconnectCount"":0,""mqttConnectFailCount"":0,""lastMqttState"":0,""adsRecoveryCount"":0,""adsRecoveryFailCount"":0,""adsReadFailStreak"":0,""lastReason"":""none"",""lastRecoveryMs"":0,""bootRecoveryArmed"":false,""bootRecoveryDueMs"":0,""bootRecoveryReason"":""none"",""bootRecoveryNonAdsFailure"":false,""bootRecoveryRestartCount"":0},""nulling"":{""done"":false,""retryArmed"":false,""attemptCount"":0,""nextRetryMs"":0,""thresholdV"":9.999999747E-06,""minFinalV"":0},""telemetry"":{""valid"":true,""sampleMs"":6412137,""gasClass"":6,""gasName"":""CO2"",""confidence"":0,""alarm"":false,""sensorVoltage"":[0.08733274,0.003878548,0.004815957,-0.002530311,-0.008275961,-0.011562755,-0.019516971,-0.025332713],""sensorGain"":[32,64,64,64,64,64,64,64],""sensorStatus"":[0,0,0,0,0,0,0,0],""featureOrder"":[""MQ8"",""MQ135"",""MQ3"",""MQ5"",""MQ4"",""MQ7"",""MQ6"",""MQ2""]},""alarmLatched"":false}"
2026-08-04 11:07:56.893 +07:00,35.774,HOT_SWEEP_70,70,700,300,1,0,0.087970689,0.003876471,0.0048305,-0.002469256,-0.009352872,-0.011293043,-0.019146588,-0.024850274,"{""deviceId"":""1001"",""nodeId"":4097,""targetChId"":""0010"",""mode"":""inference"",""uptimeMs"":6413245,""debugEnabled"":true,""power"":{""mode"":""24v"",""externalPower"":true,""batteryMv"":65535,""batteryValid"":false,""batteryDetected"":false,""batterySenseStatus"":""not_detected"",""batteryLow"":false,""batteryCritical"":false,""sourceAmbiguous"":false,""serviceHoldActive"":false,""serviceHoldEffective"":false},""batterySession"":{""state"":""inactive"",""startedMs"":0,""stateStartedMs"":0,""validSampleBatches"":0,""requiredSampleBatches"":10,""alarmTxAttempts"":0,""alarmTxAttemptLimit"":3,""alarmAckReceived"":false,""pendingAlarm"":false,""pendingSaveRequired"":false,""persistenceFaultHold"":false,""completionReason"":""session_done""},""bootHealth"":{""adsReady"":true,""adsDrdyLevel"":0,""adsDrdyPulldownLevel"":0,""adsDrdyPullupLevel"":0,""adsMisoPulldownLevel"":0,""adsMisoPullupLevel"":1,""adsCsLevel"":1,""adsSyncLevel"":1,""adsStatus"":54,""adsMux"":15,""adsAdcon"":6,""adsDrate"":240,""adsReason"":""ok"",""tcaOk"":true,""mcpOkCount"":8,""mcpOk"":[true,true,true,true,true,true,true,true],""mcpAddrMask"":[1,1,1,1,1,1,1,1],""mcpControlTested"":true,""mcpControlOkCount"":8,""mcpControlOk"":[true,true,true,true,true,true,true,true],""dacReady"":true,""radioReady"":true,""mlReady"":true,""nullingProfileApplied"":true,""modelProfileReady"":false},""runtimeMcpCode"":[255,519,795,706,799,865,665,139],""model"":{""profileId"":""cnn-dualbranch-datasheet-v1-unbound"",""scalerProfileId"":""cnn-dualbranch-datasheet-v1-unbound"",""productionApproved"":true,""boundNullingProfileId"":8,""activeNullingProfileId"":9,""bindingValid"":true,""bindingModelMatches"":true,""profileReady"":false,""inferenceValid"":false,""sensorFault"":true},""lora"":{""beginState"":0,""lastTxState"":0,""lastTxOk"":false,""txSeq"":0,""txCounter"":0,""aesKeyProvisioned"":true,""aesKeyPresent"":true,""aesKeySource"":""nvs"",""keyId"":1,""lastDownlinkCommandId"":0,""freqMHz"":920,""bwKHz"":125,""sf"":7,""cr"":5,""syncWord"":18,""txPowerDbm"":17,""preamble"":8,""tcxoVoltage"":1.600000024,""xtalVoltage"":0},""dataset"":{""state"":""idle"",""step"":""idle"",""label"":"""",""seq"":0,""targetSamples"":0,""sampleIntervalMs"":500,""maxDurationMs"":0,""useFanIntake"":true,""fanOnMs"":1000,""postFanSettleMs"":0,""nullingProfileId"":9,""queuePending"":0,""queueCapacity"":16,""queueEnqueued"":0,""queueDropped"":0,""publishFailCount"":0,""retryCount"":0,""retryFailCount"":0,""rejectedSamples"":0,""lastRejectReason"":""none"",""lastRejectChannel"":-1,""lastRejectOkFiniteCount"":0,""lastRejectStatus"":255,""lastRejectGain"":0,""lastRejectSaturated"":false},""recovery"":{""wifiReconnectCount"":0,""wifiReconnectFailCount"":0,""mqttReconnectCount"":0,""mqttConnectFailCount"":0,""lastMqttState"":0,""adsRecoveryCount"":0,""adsRecoveryFailCount"":0,""adsReadFailStreak"":0,""lastReason"":""none"",""lastRecoveryMs"":0,""bootRecoveryArmed"":false,""bootRecoveryDueMs"":0,""bootRecoveryReason"":""none"",""bootRecoveryNonAdsFailure"":false,""bootRecoveryRestartCount"":0},""nulling"":{""done"":false,""retryArmed"":false,""attemptCount"":0,""nextRetryMs"":0,""thresholdV"":9.999999747E-06,""minFinalV"":0},""telemetry"":{""valid"":true,""sampleMs"":6412858,""gasClass"":6,""gasName"":""CO2"",""confidence"":0,""alarm"":false,""sensorVoltage"":[0.087970689,0.003876471,0.0048305,-0.002469256,-0.009352872,-0.011293043,-0.019146588,-0.024850274],""sensorGain"":[32,64,64,64,64,64,64,64],""sensorStatus"":[0,0,0,0,0,0,0,0],""featureOrder"":[""MQ8"",""MQ135"",""MQ3"",""MQ5"",""MQ4"",""MQ7"",""MQ6"",""MQ2""]},""alarmLatched"":false}"
2026-08-04 11:07:57.581 +07:00,36.461,HOT_SWEEP_70,70,700,300,1,0,0.087519541,0.003897065,0.004781302,-0.002488206,-0.009315116,-0.011567023,-0.019531291,-0.025348168,"{""deviceId"":""1001"",""nodeId"":4097,""targetChId"":""0010"",""mode"":""inference"",""uptimeMs"":6413926,""debugEnabled"":true,""power"":{""mode"":""24v"",""externalPower"":true,""batteryMv"":65535,""batteryValid"":false,""batteryDetected"":false,""batterySenseStatus"":""not_detected"",""batteryLow"":false,""batteryCritical"":false,""sourceAmbiguous"":false,""serviceHoldActive"":false,""serviceHoldEffective"":false},""batterySession"":{""state"":""inactive"",""startedMs"":0,""stateStartedMs"":0,""validSampleBatches"":0,""requiredSampleBatches"":10,""alarmTxAttempts"":0,""alarmTxAttemptLimit"":3,""alarmAckReceived"":false,""pendingAlarm"":false,""pendingSaveRequired"":false,""persistenceFaultHold"":false,""completionReason"":""session_done""},""bootHealth"":{""adsReady"":true,""adsDrdyLevel"":0,""adsDrdyPulldownLevel"":0,""adsDrdyPullupLevel"":0,""adsMisoPulldownLevel"":0,""adsMisoPullupLevel"":1,""adsCsLevel"":1,""adsSyncLevel"":1,""adsStatus"":54,""adsMux"":15,""adsAdcon"":6,""adsDrate"":240,""adsReason"":""ok"",""tcaOk"":true,""mcpOkCount"":8,""mcpOk"":[true,true,true,true,true,true,true,true],""mcpAddrMask"":[1,1,1,1,1,1,1,1],""mcpControlTested"":true,""mcpControlOkCount"":8,""mcpControlOk"":[true,true,true,true,true,true,true,true],""dacReady"":true,""radioReady"":true,""mlReady"":true,""nullingProfileApplied"":true,""modelProfileReady"":false},""runtimeMcpCode"":[255,519,795,706,799,865,665,139],""model"":{""profileId"":""cnn-dualbranch-datasheet-v1-unbound"",""scalerProfileId"":""cnn-dualbranch-datasheet-v1-unbound"",""productionApproved"":true,""boundNullingProfileId"":8,""activeNullingProfileId"":9,""bindingValid"":true,""bindingModelMatches"":true,""profileReady"":false,""inferenceValid"":false,""sensorFault"":true},""lora"":{""beginState"":0,""lastTxState"":0,""lastTxOk"":false,""txSeq"":0,""txCounter"":0,""aesKeyProvisioned"":true,""aesKeyPresent"":true,""aesKeySource"":""nvs"",""keyId"":1,""lastDownlinkCommandId"":0,""freqMHz"":920,""bwKHz"":125,""sf"":7,""cr"":5,""syncWord"":18,""txPowerDbm"":17,""preamble"":8,""tcxoVoltage"":1.600000024,""xtalVoltage"":0},""dataset"":{""state"":""idle"",""step"":""idle"",""label"":"""",""seq"":0,""targetSamples"":0,""sampleIntervalMs"":500,""maxDurationMs"":0,""useFanIntake"":true,""fanOnMs"":1000,""postFanSettleMs"":0,""nullingProfileId"":9,""queuePending"":0,""queueCapacity"":16,""queueEnqueued"":0,""queueDropped"":0,""publishFailCount"":0,""retryCount"":0,""retryFailCount"":0,""rejectedSamples"":0,""lastRejectReason"":""none"",""lastRejectChannel"":-1,""lastRejectOkFiniteCount"":0,""lastRejectStatus"":255,""lastRejectGain"":0,""lastRejectSaturated"":false},""recovery"":{""wifiReconnectCount"":0,""wifiReconnectFailCount"":0,""mqttReconnectCount"":0,""mqttConnectFailCount"":0,""lastMqttState"":0,""adsRecoveryCount"":0,""adsRecoveryFailCount"":0,""adsReadFailStreak"":0,""lastReason"":""none"",""lastRecoveryMs"":0,""bootRecoveryArmed"":false,""bootRecoveryDueMs"":0,""bootRecoveryReason"":""none"",""bootRecoveryNonAdsFailure"":false,""bootRecoveryRestartCount"":0},""nulling"":{""done"":false,""retryArmed"":false,""attemptCount"":0,""nextRetryMs"":0,""thresholdV"":9.999999747E-06,""minFinalV"":0},""telemetry"":{""valid"":true,""sampleMs"":6413523,""gasClass"":6,""gasName"":""CO2"",""confidence"":0,""alarm"":false,""sensorVoltage"":[0.087519541,0.003897065,0.004781302,-0.002488206,-0.009315116,-0.011567023,-0.019531291,-0.025348168],""sensorGain"":[32,64,64,64,64,64,64,64],""sensorStatus"":[0,0,0,0,0,0,0,0],""featureOrder"":[""MQ8"",""MQ135"",""MQ3"",""MQ5"",""MQ4"",""MQ7"",""MQ6"",""MQ2""]},""alarmLatched"":false}"
2026-08-04 11:07:58.273 +07:00,37.150,HOT_SWEEP_70,70,700,300,1,0,0.087353453,0.003882776,0.004714127,-0.002495375,-0.009312657,-0.011557197,-0.019494606,-0.025357192,"{""deviceId"":""1001"",""nodeId"":4097,""targetChId"":""0010"",""mode"":""inference"",""uptimeMs"":6414609,""debugEnabled"":true,""power"":{""mode"":""24v"",""externalPower"":true,""batteryMv"":65535,""batteryValid"":false,""batteryDetected"":false,""batterySenseStatus"":""not_detected"",""batteryLow"":false,""batteryCritical"":false,""sourceAmbiguous"":false,""serviceHoldActive"":false,""serviceHoldEffective"":false},""batterySession"":{""state"":""inactive"",""startedMs"":0,""stateStartedMs"":0,""validSampleBatches"":0,""requiredSampleBatches"":10,""alarmTxAttempts"":0,""alarmTxAttemptLimit"":3,""alarmAckReceived"":false,""pendingAlarm"":false,""pendingSaveRequired"":false,""persistenceFaultHold"":false,""completionReason"":""session_done""},""bootHealth"":{""adsReady"":true,""adsDrdyLevel"":0,""adsDrdyPulldownLevel"":0,""adsDrdyPullupLevel"":0,""adsMisoPulldownLevel"":0,""adsMisoPullupLevel"":1,""adsCsLevel"":1,""adsSyncLevel"":1,""adsStatus"":54,""adsMux"":15,""adsAdcon"":6,""adsDrate"":240,""adsReason"":""ok"",""tcaOk"":true,""mcpOkCount"":8,""mcpOk"":[true,true,true,true,true,true,true,true],""mcpAddrMask"":[1,1,1,1,1,1,1,1],""mcpControlTested"":true,""mcpControlOkCount"":8,""mcpControlOk"":[true,true,true,true,true,true,true,true],""dacReady"":true,""radioReady"":true,""mlReady"":true,""nullingProfileApplied"":true,""modelProfileReady"":false},""runtimeMcpCode"":[255,519,795,706,799,865,665,139],""model"":{""profileId"":""cnn-dualbranch-datasheet-v1-unbound"",""scalerProfileId"":""cnn-dualbranch-datasheet-v1-unbound"",""productionApproved"":true,""boundNullingProfileId"":8,""activeNullingProfileId"":9,""bindingValid"":true,""bindingModelMatches"":true,""profileReady"":false,""inferenceValid"":false,""sensorFault"":true},""lora"":{""beginState"":0,""lastTxState"":0,""lastTxOk"":false,""txSeq"":0,""txCounter"":0,""aesKeyProvisioned"":true,""aesKeyPresent"":true,""aesKeySource"":""nvs"",""keyId"":1,""lastDownlinkCommandId"":0,""freqMHz"":920,""bwKHz"":125,""sf"":7,""cr"":5,""syncWord"":18,""txPowerDbm"":17,""preamble"":8,""tcxoVoltage"":1.600000024,""xtalVoltage"":0},""dataset"":{""state"":""idle"",""step"":""idle"",""label"":"""",""seq"":0,""targetSamples"":0,""sampleIntervalMs"":500,""maxDurationMs"":0,""useFanIntake"":true,""fanOnMs"":1000,""postFanSettleMs"":0,""nullingProfileId"":9,""queuePending"":0,""queueCapacity"":16,""queueEnqueued"":0,""queueDropped"":0,""publishFailCount"":0,""retryCount"":0,""retryFailCount"":0,""rejectedSamples"":0,""lastRejectReason"":""none"",""lastRejectChannel"":-1,""lastRejectOkFiniteCount"":0,""lastRejectStatus"":255,""lastRejectGain"":0,""lastRejectSaturated"":false},""recovery"":{""wifiReconnectCount"":0,""wifiReconnectFailCount"":0,""mqttReconnectCount"":0,""mqttConnectFailCount"":0,""lastMqttState"":0,""adsRecoveryCount"":0,""adsRecoveryFailCount"":0,""adsReadFailStreak"":0,""lastReason"":""none"",""lastRecoveryMs"":0,""bootRecoveryArmed"":false,""bootRecoveryDueMs"":0,""bootRecoveryReason"":""none"",""bootRecoveryNonAdsFailure"":false,""bootRecoveryRestartCount"":0},""nulling"":{""done"":false,""retryArmed"":false,""attemptCount"":0,""nextRetryMs"":0,""thresholdV"":9.999999747E-06,""minFinalV"":0},""telemetry"":{""valid"":true,""sampleMs"":6414204,""gasClass"":6,""gasName"":""CO2"",""confidence"":0,""alarm"":false,""sensorVoltage"":[0.087353453,0.003882776,0.004714127,-0.002495375,-0.009312657,-0.011557197,-0.019494606,-0.025357192],""sensorGain"":[32,64,64,64,64,64,64,64],""sensorStatus"":[0,0,0,0,0,0,0,0],""featureOrder"":[""MQ8"",""MQ135"",""MQ3"",""MQ5"",""MQ4"",""MQ7"",""MQ6"",""MQ2""]},""alarmLatched"":false}"
2026-08-04 11:07:58.977 +07:00,37.857,HOT_SWEEP_70,70,700,300,1,0,0.087976404,0.003856142,0.00469985,-0.002440195,-0.009102605,-0.011234185,-0.01904938,-0.025346953,"{""deviceId"":""1001"",""nodeId"":4097,""targetChId"":""0010"",""mode"":""inference"",""uptimeMs"":6415321,""debugEnabled"":true,""power"":{""mode"":""24v"",""externalPower"":true,""batteryMv"":65535,""batteryValid"":false,""batteryDetected"":false,""batterySenseStatus"":""not_detected"",""batteryLow"":false,""batteryCritical"":false,""sourceAmbiguous"":false,""serviceHoldActive"":false,""serviceHoldEffective"":false},""batterySession"":{""state"":""inactive"",""startedMs"":0,""stateStartedMs"":0,""validSampleBatches"":0,""requiredSampleBatches"":10,""alarmTxAttempts"":0,""alarmTxAttemptLimit"":3,""alarmAckReceived"":false,""pendingAlarm"":false,""pendingSaveRequired"":false,""persistenceFaultHold"":false,""completionReason"":""session_done""},""bootHealth"":{""adsReady"":true,""adsDrdyLevel"":0,""adsDrdyPulldownLevel"":0,""adsDrdyPullupLevel"":0,""adsMisoPulldownLevel"":0,""adsMisoPullupLevel"":1,""adsCsLevel"":1,""adsSyncLevel"":1,""adsStatus"":54,""adsMux"":15,""adsAdcon"":6,""adsDrate"":240,""adsReason"":""ok"",""tcaOk"":true,""mcpOkCount"":8,""mcpOk"":[true,true,true,true,true,true,true,true],""mcpAddrMask"":[1,1,1,1,1,1,1,1],""mcpControlTested"":true,""mcpControlOkCount"":8,""mcpControlOk"":[true,true,true,true,true,true,true,true],""dacReady"":true,""radioReady"":true,""mlReady"":true,""nullingProfileApplied"":true,""modelProfileReady"":false},""runtimeMcpCode"":[255,519,795,706,799,865,665,139],""model"":{""profileId"":""cnn-dualbranch-datasheet-v1-unbound"",""scalerProfileId"":""cnn-dualbranch-datasheet-v1-unbound"",""productionApproved"":true,""boundNullingProfileId"":8,""activeNullingProfileId"":9,""bindingValid"":true,""bindingModelMatches"":true,""profileReady"":false,""inferenceValid"":false,""sensorFault"":true},""lora"":{""beginState"":0,""lastTxState"":0,""lastTxOk"":false,""txSeq"":0,""txCounter"":0,""aesKeyProvisioned"":true,""aesKeyPresent"":true,""aesKeySource"":""nvs"",""keyId"":1,""lastDownlinkCommandId"":0,""freqMHz"":920,""bwKHz"":125,""sf"":7,""cr"":5,""syncWord"":18,""txPowerDbm"":17,""preamble"":8,""tcxoVoltage"":1.600000024,""xtalVoltage"":0},""dataset"":{""state"":""idle"",""step"":""idle"",""label"":"""",""seq"":0,""targetSamples"":0,""sampleIntervalMs"":500,""maxDurationMs"":0,""useFanIntake"":true,""fanOnMs"":1000,""postFanSettleMs"":0,""nullingProfileId"":9,""queuePending"":0,""queueCapacity"":16,""queueEnqueued"":0,""queueDropped"":0,""publishFailCount"":0,""retryCount"":0,""retryFailCount"":0,""rejectedSamples"":0,""lastRejectReason"":""none"",""lastRejectChannel"":-1,""lastRejectOkFiniteCount"":0,""lastRejectStatus"":255,""lastRejectGain"":0,""lastRejectSaturated"":false},""recovery"":{""wifiReconnectCount"":0,""wifiReconnectFailCount"":0,""mqttReconnectCount"":0,""mqttConnectFailCount"":0,""lastMqttState"":0,""adsRecoveryCount"":0,""adsRecoveryFailCount"":0,""adsReadFailStreak"":0,""lastReason"":""none"",""lastRecoveryMs"":0,""bootRecoveryArmed"":false,""bootRecoveryDueMs"":0,""bootRecoveryReason"":""none"",""bootRecoveryNonAdsFailure"":false,""bootRecoveryRestartCount"":0},""nulling"":{""done"":false,""retryArmed"":false,""attemptCount"":0,""nextRetryMs"":0,""thresholdV"":9.999999747E-06,""minFinalV"":0},""telemetry"":{""valid"":true,""sampleMs"":6414919,""gasClass"":6,""gasName"":""CO2"",""confidence"":0,""alarm"":false,""sensorVoltage"":[0.087976404,0.003856142,0.00469985,-0.002440195,-0.009102605,-0.011234185,-0.01904938,-0.025346953],""sensorGain"":[32,64,64,64,64,64,64,64],""sensorStatus"":[0,0,0,0,0,0,0,0],""featureOrder"":[""MQ8"",""MQ135"",""MQ3"",""MQ5"",""MQ4"",""MQ7"",""MQ6"",""MQ2""]},""alarmLatched"":false}"
2026-08-04 11:07:59.664 +07:00,38.543,HOT_SWEEP_70,70,700,300,1,0,0.087291531,0.003869485,0.004672454,-0.002468751,-0.009390829,-0.01150255,-0.019387772,-0.025756616,"{""deviceId"":""1001"",""nodeId"":4097,""targetChId"":""0010"",""mode"":""inference"",""uptimeMs"":6416008,""debugEnabled"":true,""power"":{""mode"":""24v"",""externalPower"":true,""batteryMv"":65535,""batteryValid"":false,""batteryDetected"":false,""batterySenseStatus"":""not_detected"",""batteryLow"":false,""batteryCritical"":false,""sourceAmbiguous"":false,""serviceHoldActive"":false,""serviceHoldEffective"":false},""batterySession"":{""state"":""inactive"",""startedMs"":0,""stateStartedMs"":0,""validSampleBatches"":0,""requiredSampleBatches"":10,""alarmTxAttempts"":0,""alarmTxAttemptLimit"":3,""alarmAckReceived"":false,""pendingAlarm"":false,""pendingSaveRequired"":false,""persistenceFaultHold"":false,""completionReason"":""session_done""},""bootHealth"":{""adsReady"":true,""adsDrdyLevel"":0,""adsDrdyPulldownLevel"":0,""adsDrdyPullupLevel"":0,""adsMisoPulldownLevel"":0,""adsMisoPullupLevel"":1,""adsCsLevel"":1,""adsSyncLevel"":1,""adsStatus"":54,""adsMux"":15,""adsAdcon"":6,""adsDrate"":240,""adsReason"":""ok"",""tcaOk"":true,""mcpOkCount"":8,""mcpOk"":[true,true,true,true,true,true,true,true],""mcpAddrMask"":[1,1,1,1,1,1,1,1],""mcpControlTested"":true,""mcpControlOkCount"":8,""mcpControlOk"":[true,true,true,true,true,true,true,true],""dacReady"":true,""radioReady"":true,""mlReady"":true,""nullingProfileApplied"":true,""modelProfileReady"":false},""runtimeMcpCode"":[255,519,795,706,799,865,665,139],""model"":{""profileId"":""cnn-dualbranch-datasheet-v1-unbound"",""scalerProfileId"":""cnn-dualbranch-datasheet-v1-unbound"",""productionApproved"":true,""boundNullingProfileId"":8,""activeNullingProfileId"":9,""bindingValid"":true,""bindingModelMatches"":true,""profileReady"":false,""inferenceValid"":false,""sensorFault"":true},""lora"":{""beginState"":0,""lastTxState"":0,""lastTxOk"":false,""txSeq"":0,""txCounter"":0,""aesKeyProvisioned"":true,""aesKeyPresent"":true,""aesKeySource"":""nvs"",""keyId"":1,""lastDownlinkCommandId"":0,""freqMHz"":920,""bwKHz"":125,""sf"":7,""cr"":5,""syncWord"":18,""txPowerDbm"":17,""preamble"":8,""tcxoVoltage"":1.600000024,""xtalVoltage"":0},""dataset"":{""state"":""idle"",""step"":""idle"",""label"":"""",""seq"":0,""targetSamples"":0,""sampleIntervalMs"":500,""maxDurationMs"":0,""useFanIntake"":true,""fanOnMs"":1000,""postFanSettleMs"":0,""nullingProfileId"":9,""queuePending"":0,""queueCapacity"":16,""queueEnqueued"":0,""queueDropped"":0,""publishFailCount"":0,""retryCount"":0,""retryFailCount"":0,""rejectedSamples"":0,""lastRejectReason"":""none"",""lastRejectChannel"":-1,""lastRejectOkFiniteCount"":0,""lastRejectStatus"":255,""lastRejectGain"":0,""lastRejectSaturated"":false},""recovery"":{""wifiReconnectCount"":0,""wifiReconnectFailCount"":0,""mqttReconnectCount"":0,""mqttConnectFailCount"":0,""lastMqttState"":0,""adsRecoveryCount"":0,""adsRecoveryFailCount"":0,""adsReadFailStreak"":0,""lastReason"":""none"",""lastRecoveryMs"":0,""bootRecoveryArmed"":false,""bootRecoveryDueMs"":0,""bootRecoveryReason"":""none"",""bootRecoveryNonAdsFailure"":false,""bootRecoveryRestartCount"":0},""nulling"":{""done"":false,""retryArmed"":false,""attemptCount"":0,""nextRetryMs"":0,""thresholdV"":9.999999747E-06,""minFinalV"":0},""telemetry"":{""valid"":true,""sampleMs"":6415599,""gasClass"":6,""gasName"":""CO2"",""confidence"":0,""alarm"":false,""sensorVoltage"":[0.087291531,0.003869485,0.004672454,-0.002468751,-0.009390829,-0.01150255,-0.019387772,-0.025756616],""sensorGain"":[32,64,64,64,64,64,64,64],""sensorStatus"":[0,0,0,0,0,0,0,0],""featureOrder"":[""MQ8"",""MQ135"",""MQ3"",""MQ5"",""MQ4"",""MQ7"",""MQ6"",""MQ2""]},""alarmLatched"":false}"
2026-08-04 11:08:00.348 +07:00,39.228,HOT_SWEEP_70,70,700,300,1,0,0.086601384,0.003854808,0.004586815,-0.002504064,-0.009405838,-0.011522831,-0.019397762,-0.025755834,"{""deviceId"":""1001"",""nodeId"":4097,""targetChId"":""0010"",""mode"":""inference"",""uptimeMs"":6416694,""debugEnabled"":true,""power"":{""mode"":""24v"",""externalPower"":true,""batteryMv"":65535,""batteryValid"":false,""batteryDetected"":false,""batterySenseStatus"":""not_detected"",""batteryLow"":false,""batteryCritical"":false,""sourceAmbiguous"":false,""serviceHoldActive"":false,""serviceHoldEffective"":false},""batterySession"":{""state"":""inactive"",""startedMs"":0,""stateStartedMs"":0,""validSampleBatches"":0,""requiredSampleBatches"":10,""alarmTxAttempts"":0,""alarmTxAttemptLimit"":3,""alarmAckReceived"":false,""pendingAlarm"":false,""pendingSaveRequired"":false,""persistenceFaultHold"":false,""completionReason"":""session_done""},""bootHealth"":{""adsReady"":true,""adsDrdyLevel"":0,""adsDrdyPulldownLevel"":0,""adsDrdyPullupLevel"":0,""adsMisoPulldownLevel"":0,""adsMisoPullupLevel"":1,""adsCsLevel"":1,""adsSyncLevel"":1,""adsStatus"":54,""adsMux"":15,""adsAdcon"":6,""adsDrate"":240,""adsReason"":""ok"",""tcaOk"":true,""mcpOkCount"":8,""mcpOk"":[true,true,true,true,true,true,true,true],""mcpAddrMask"":[1,1,1,1,1,1,1,1],""mcpControlTested"":true,""mcpControlOkCount"":8,""mcpControlOk"":[true,true,true,true,true,true,true,true],""dacReady"":true,""radioReady"":true,""mlReady"":true,""nullingProfileApplied"":true,""modelProfileReady"":false},""runtimeMcpCode"":[255,519,795,706,799,865,665,139],""model"":{""profileId"":""cnn-dualbranch-datasheet-v1-unbound"",""scalerProfileId"":""cnn-dualbranch-datasheet-v1-unbound"",""productionApproved"":true,""boundNullingProfileId"":8,""activeNullingProfileId"":9,""bindingValid"":true,""bindingModelMatches"":true,""profileReady"":false,""inferenceValid"":false,""sensorFault"":true},""lora"":{""beginState"":0,""lastTxState"":0,""lastTxOk"":false,""txSeq"":0,""txCounter"":0,""aesKeyProvisioned"":true,""aesKeyPresent"":true,""aesKeySource"":""nvs"",""keyId"":1,""lastDownlinkCommandId"":0,""freqMHz"":920,""bwKHz"":125,""sf"":7,""cr"":5,""syncWord"":18,""txPowerDbm"":17,""preamble"":8,""tcxoVoltage"":1.600000024,""xtalVoltage"":0},""dataset"":{""state"":""idle"",""step"":""idle"",""label"":"""",""seq"":0,""targetSamples"":0,""sampleIntervalMs"":500,""maxDurationMs"":0,""useFanIntake"":true,""fanOnMs"":1000,""postFanSettleMs"":0,""nullingProfileId"":9,""queuePending"":0,""queueCapacity"":16,""queueEnqueued"":0,""queueDropped"":0,""publishFailCount"":0,""retryCount"":0,""retryFailCount"":0,""rejectedSamples"":0,""lastRejectReason"":""none"",""lastRejectChannel"":-1,""lastRejectOkFiniteCount"":0,""lastRejectStatus"":255,""lastRejectGain"":0,""lastRejectSaturated"":false},""recovery"":{""wifiReconnectCount"":0,""wifiReconnectFailCount"":0,""mqttReconnectCount"":0,""mqttConnectFailCount"":0,""lastMqttState"":0,""adsRecoveryCount"":0,""adsRecoveryFailCount"":0,""adsReadFailStreak"":0,""lastReason"":""none"",""lastRecoveryMs"":0,""bootRecoveryArmed"":false,""bootRecoveryDueMs"":0,""bootRecoveryReason"":""none"",""bootRecoveryNonAdsFailure"":false,""bootRecoveryRestartCount"":0},""nulling"":{""done"":false,""retryArmed"":false,""attemptCount"":0,""nextRetryMs"":0,""thresholdV"":9.999999747E-06,""minFinalV"":0},""telemetry"":{""valid"":true,""sampleMs"":6416286,""gasClass"":6,""gasName"":""CO2"",""confidence"":0,""alarm"":false,""sensorVoltage"":[0.086601384,0.003854808,0.004586815,-0.002504064,-0.009405838,-0.011522831,-0.019397762,-0.025755834],""sensorGain"":[32,64,64,64,64,64,64,64],""sensorStatus"":[0,0,0,0,0,0,0,0],""featureOrder"":[""MQ8"",""MQ135"",""MQ3"",""MQ5"",""MQ4"",""MQ7"",""MQ6"",""MQ2""]},""alarmLatched"":false}"
2026-08-04 11:08:01.034 +07:00,39.911,HOT_SWEEP_70,70,700,300,1,0,0.087340973,0.003813022,0.00452712,-0.002510957,-0.009413883,-0.011506314,-0.019376369,-0.025870606,"{""deviceId"":""1001"",""nodeId"":4097,""targetChId"":""0010"",""mode"":""inference"",""uptimeMs"":6417375,""debugEnabled"":true,""power"":{""mode"":""24v"",""externalPower"":true,""batteryMv"":65535,""batteryValid"":false,""batteryDetected"":false,""batterySenseStatus"":""not_detected"",""batteryLow"":false,""batteryCritical"":false,""sourceAmbiguous"":false,""serviceHoldActive"":false,""serviceHoldEffective"":false},""batterySession"":{""state"":""inactive"",""startedMs"":0,""stateStartedMs"":0,""validSampleBatches"":0,""requiredSampleBatches"":10,""alarmTxAttempts"":0,""alarmTxAttemptLimit"":3,""alarmAckReceived"":false,""pendingAlarm"":false,""pendingSaveRequired"":false,""persistenceFaultHold"":false,""completionReason"":""session_done""},""bootHealth"":{""adsReady"":true,""adsDrdyLevel"":0,""adsDrdyPulldownLevel"":0,""adsDrdyPullupLevel"":0,""adsMisoPulldownLevel"":0,""adsMisoPullupLevel"":1,""adsCsLevel"":1,""adsSyncLevel"":1,""adsStatus"":54,""adsMux"":15,""adsAdcon"":6,""adsDrate"":240,""adsReason"":""ok"",""tcaOk"":true,""mcpOkCount"":8,""mcpOk"":[true,true,true,true,true,true,true,true],""mcpAddrMask"":[1,1,1,1,1,1,1,1],""mcpControlTested"":true,""mcpControlOkCount"":8,""mcpControlOk"":[true,true,true,true,true,true,true,true],""dacReady"":true,""radioReady"":true,""mlReady"":true,""nullingProfileApplied"":true,""modelProfileReady"":false},""runtimeMcpCode"":[255,519,795,706,799,865,665,139],""model"":{""profileId"":""cnn-dualbranch-datasheet-v1-unbound"",""scalerProfileId"":""cnn-dualbranch-datasheet-v1-unbound"",""productionApproved"":true,""boundNullingProfileId"":8,""activeNullingProfileId"":9,""bindingValid"":true,""bindingModelMatches"":true,""profileReady"":false,""inferenceValid"":false,""sensorFault"":true},""lora"":{""beginState"":0,""lastTxState"":0,""lastTxOk"":false,""txSeq"":0,""txCounter"":0,""aesKeyProvisioned"":true,""aesKeyPresent"":true,""aesKeySource"":""nvs"",""keyId"":1,""lastDownlinkCommandId"":0,""freqMHz"":920,""bwKHz"":125,""sf"":7,""cr"":5,""syncWord"":18,""txPowerDbm"":17,""preamble"":8,""tcxoVoltage"":1.600000024,""xtalVoltage"":0},""dataset"":{""state"":""idle"",""step"":""idle"",""label"":"""",""seq"":0,""targetSamples"":0,""sampleIntervalMs"":500,""maxDurationMs"":0,""useFanIntake"":true,""fanOnMs"":1000,""postFanSettleMs"":0,""nullingProfileId"":9,""queuePending"":0,""queueCapacity"":16,""queueEnqueued"":0,""queueDropped"":0,""publishFailCount"":0,""retryCount"":0,""retryFailCount"":0,""rejectedSamples"":0,""lastRejectReason"":""none"",""lastRejectChannel"":-1,""lastRejectOkFiniteCount"":0,""lastRejectStatus"":255,""lastRejectGain"":0,""lastRejectSaturated"":false},""recovery"":{""wifiReconnectCount"":0,""wifiReconnectFailCount"":0,""mqttReconnectCount"":0,""mqttConnectFailCount"":0,""lastMqttState"":0,""adsRecoveryCount"":0,""adsRecoveryFailCount"":0,""adsReadFailStreak"":0,""lastReason"":""none"",""lastRecoveryMs"":0,""bootRecoveryArmed"":false,""bootRecoveryDueMs"":0,""bootRecoveryReason"":""none"",""bootRecoveryNonAdsFailure"":false,""bootRecoveryRestartCount"":0},""nulling"":{""done"":false,""retryArmed"":false,""attemptCount"":0,""nextRetryMs"":0,""thresholdV"":9.999999747E-06,""minFinalV"":0},""telemetry"":{""valid"":true,""sampleMs"":6417004,""gasClass"":6,""gasName"":""CO2"",""confidence"":0,""alarm"":false,""sensorVoltage"":[0.087340973,0.003813022,0.00452712,-0.002510957,-0.009413883,-0.011506314,-0.019376369,-0.025870606],""sensorGain"":[32,64,64,64,64,64,64,64],""sensorStatus"":[0,0,0,0,0,0,0,0],""featureOrder"":[""MQ8"",""MQ135"",""MQ3"",""MQ5"",""MQ4"",""MQ7"",""MQ6"",""MQ2""]},""alarmLatched"":false}"
2026-08-04 11:08:01.735 +07:00,40.616,HOT_SWEEP_70,70,700,300,1,0,0.086869456,0.003880524,0.0045758,-0.002598992,-0.009674649,-0.011515384,-0.019360712,-0.025852188,"{""deviceId"":""1001"",""nodeId"":4097,""targetChId"":""0010"",""mode"":""inference"",""uptimeMs"":6418094,""debugEnabled"":true,""power"":{""mode"":""24v"",""externalPower"":true,""batteryMv"":65535,""batteryValid"":false,""batteryDetected"":false,""batterySenseStatus"":""not_detected"",""batteryLow"":false,""batteryCritical"":false,""sourceAmbiguous"":false,""serviceHoldActive"":false,""serviceHoldEffective"":false},""batterySession"":{""state"":""inactive"",""startedMs"":0,""stateStartedMs"":0,""validSampleBatches"":0,""requiredSampleBatches"":10,""alarmTxAttempts"":0,""alarmTxAttemptLimit"":3,""alarmAckReceived"":false,""pendingAlarm"":false,""pendingSaveRequired"":false,""persistenceFaultHold"":false,""completionReason"":""session_done""},""bootHealth"":{""adsReady"":true,""adsDrdyLevel"":0,""adsDrdyPulldownLevel"":0,""adsDrdyPullupLevel"":0,""adsMisoPulldownLevel"":0,""adsMisoPullupLevel"":1,""adsCsLevel"":1,""adsSyncLevel"":1,""adsStatus"":54,""adsMux"":15,""adsAdcon"":6,""adsDrate"":240,""adsReason"":""ok"",""tcaOk"":true,""mcpOkCount"":8,""mcpOk"":[true,true,true,true,true,true,true,true],""mcpAddrMask"":[1,1,1,1,1,1,1,1],""mcpControlTested"":true,""mcpControlOkCount"":8,""mcpControlOk"":[true,true,true,true,true,true,true,true],""dacReady"":true,""radioReady"":true,""mlReady"":true,""nullingProfileApplied"":true,""modelProfileReady"":false},""runtimeMcpCode"":[255,519,795,706,799,865,665,139],""model"":{""profileId"":""cnn-dualbranch-datasheet-v1-unbound"",""scalerProfileId"":""cnn-dualbranch-datasheet-v1-unbound"",""productionApproved"":true,""boundNullingProfileId"":8,""activeNullingProfileId"":9,""bindingValid"":true,""bindingModelMatches"":true,""profileReady"":false,""inferenceValid"":false,""sensorFault"":true},""lora"":{""beginState"":0,""lastTxState"":0,""lastTxOk"":false,""txSeq"":0,""txCounter"":0,""aesKeyProvisioned"":true,""aesKeyPresent"":true,""aesKeySource"":""nvs"",""keyId"":1,""lastDownlinkCommandId"":0,""freqMHz"":920,""bwKHz"":125,""sf"":7,""cr"":5,""syncWord"":18,""txPowerDbm"":17,""preamble"":8,""tcxoVoltage"":1.600000024,""xtalVoltage"":0},""dataset"":{""state"":""idle"",""step"":""idle"",""label"":"""",""seq"":0,""targetSamples"":0,""sampleIntervalMs"":500,""maxDurationMs"":0,""useFanIntake"":true,""fanOnMs"":1000,""postFanSettleMs"":0,""nullingProfileId"":9,""queuePending"":0,""queueCapacity"":16,""queueEnqueued"":0,""queueDropped"":0,""publishFailCount"":0,""retryCount"":0,""retryFailCount"":0,""rejectedSamples"":0,""lastRejectReason"":""none"",""lastRejectChannel"":-1,""lastRejectOkFiniteCount"":0,""lastRejectStatus"":255,""lastRejectGain"":0,""lastRejectSaturated"":false},""recovery"":{""wifiReconnectCount"":0,""wifiReconnectFailCount"":0,""mqttReconnectCount"":0,""mqttConnectFailCount"":0,""lastMqttState"":0,""adsRecoveryCount"":0,""adsRecoveryFailCount"":0,""adsReadFailStreak"":0,""lastReason"":""none"",""lastRecoveryMs"":0,""bootRecoveryArmed"":false,""bootRecoveryDueMs"":0,""bootRecoveryReason"":""none"",""bootRecoveryNonAdsFailure"":false,""bootRecoveryRestartCount"":0},""nulling"":{""done"":false,""retryArmed"":false,""attemptCount"":0,""nextRetryMs"":0,""thresholdV"":9.999999747E-06,""minFinalV"":0},""telemetry"":{""valid"":true,""sampleMs"":6417653,""gasClass"":6,""gasName"":""CO2"",""confidence"":0,""alarm"":false,""sensorVoltage"":[0.086869456,0.003880524,0.0045758,-0.002598992,-0.009674649,-0.011515384,-0.019360712,-0.025852188],""sensorGain"":[32,64,64,64,64,64,64,64],""sensorStatus"":[0,0,0,0,0,0,0,0],""featureOrder"":[""MQ8"",""MQ135"",""MQ3"",""MQ5"",""MQ4"",""MQ7"",""MQ6"",""MQ2""]},""alarmLatched"":false}"
2026-08-04 11:08:02.408 +07:00,41.289,HOT_SWEEP_70,70,700,300,1,0,0.08676181,0.003871187,0.004640209,-0.002572249,-0.00968825,-0.011451565,-0.019395012,-0.025936279,"{""deviceId"":""1001"",""nodeId"":4097,""targetChId"":""0010"",""mode"":""inference"",""uptimeMs"":6418764,""debugEnabled"":true,""power"":{""mode"":""24v"",""externalPower"":true,""batteryMv"":65535,""batteryValid"":false,""batteryDetected"":false,""batterySenseStatus"":""not_detected"",""batteryLow"":false,""batteryCritical"":false,""sourceAmbiguous"":false,""serviceHoldActive"":false,""serviceHoldEffective"":false},""batterySession"":{""state"":""inactive"",""startedMs"":0,""stateStartedMs"":0,""validSampleBatches"":0,""requiredSampleBatches"":10,""alarmTxAttempts"":0,""alarmTxAttemptLimit"":3,""alarmAckReceived"":false,""pendingAlarm"":false,""pendingSaveRequired"":false,""persistenceFaultHold"":false,""completionReason"":""session_done""},""bootHealth"":{""adsReady"":true,""adsDrdyLevel"":0,""adsDrdyPulldownLevel"":0,""adsDrdyPullupLevel"":0,""adsMisoPulldownLevel"":0,""adsMisoPullupLevel"":1,""adsCsLevel"":1,""adsSyncLevel"":1,""adsStatus"":54,""adsMux"":15,""adsAdcon"":6,""adsDrate"":240,""adsReason"":""ok"",""tcaOk"":true,""mcpOkCount"":8,""mcpOk"":[true,true,true,true,true,true,true,true],""mcpAddrMask"":[1,1,1,1,1,1,1,1],""mcpControlTested"":true,""mcpControlOkCount"":8,""mcpControlOk"":[true,true,true,true,true,true,true,true],""dacReady"":true,""radioReady"":true,""mlReady"":true,""nullingProfileApplied"":true,""modelProfileReady"":false},""runtimeMcpCode"":[255,519,795,706,799,865,665,139],""model"":{""profileId"":""cnn-dualbranch-datasheet-v1-unbound"",""scalerProfileId"":""cnn-dualbranch-datasheet-v1-unbound"",""productionApproved"":true,""boundNullingProfileId"":8,""activeNullingProfileId"":9,""bindingValid"":true,""bindingModelMatches"":true,""profileReady"":false,""inferenceValid"":false,""sensorFault"":true},""lora"":{""beginState"":0,""lastTxState"":0,""lastTxOk"":false,""txSeq"":0,""txCounter"":0,""aesKeyProvisioned"":true,""aesKeyPresent"":true,""aesKeySource"":""nvs"",""keyId"":1,""lastDownlinkCommandId"":0,""freqMHz"":920,""bwKHz"":125,""sf"":7,""cr"":5,""syncWord"":18,""txPowerDbm"":17,""preamble"":8,""tcxoVoltage"":1.600000024,""xtalVoltage"":0},""dataset"":{""state"":""idle"",""step"":""idle"",""label"":"""",""seq"":0,""targetSamples"":0,""sampleIntervalMs"":500,""maxDurationMs"":0,""useFanIntake"":true,""fanOnMs"":1000,""postFanSettleMs"":0,""nullingProfileId"":9,""queuePending"":0,""queueCapacity"":16,""queueEnqueued"":0,""queueDropped"":0,""publishFailCount"":0,""retryCount"":0,""retryFailCount"":0,""rejectedSamples"":0,""lastRejectReason"":""none"",""lastRejectChannel"":-1,""lastRejectOkFiniteCount"":0,""lastRejectStatus"":255,""lastRejectGain"":0,""lastRejectSaturated"":false},""recovery"":{""wifiReconnectCount"":0,""wifiReconnectFailCount"":0,""mqttReconnectCount"":0,""mqttConnectFailCount"":0,""lastMqttState"":0,""adsRecoveryCount"":0,""adsRecoveryFailCount"":0,""adsReadFailStreak"":0,""lastReason"":""none"",""lastRecoveryMs"":0,""bootRecoveryArmed"":false,""bootRecoveryDueMs"":0,""bootRecoveryReason"":""none"",""bootRecoveryNonAdsFailure"":false,""bootRecoveryRestartCount"":0},""nulling"":{""done"":false,""retryArmed"":false,""attemptCount"":0,""nextRetryMs"":0,""thresholdV"":9.999999747E-06,""minFinalV"":0},""telemetry"":{""valid"":true,""sampleMs"":6418372,""gasClass"":6,""gasName"":""CO2"",""confidence"":0,""alarm"":false,""sensorVoltage"":[0.08676181,0.003871187,0.004640209,-0.002572249,-0.00968825,-0.011451565,-0.019395012,-0.025936279],""sensorGain"":[32,64,64,64,64,64,64,64],""sensorStatus"":[0,0,0,0,0,0,0,0],""featureOrder"":[""MQ8"",""MQ135"",""MQ3"",""MQ5"",""MQ4"",""MQ7"",""MQ6"",""MQ2""]},""alarmLatched"":false}"
2026-08-04 11:08:03.109 +07:00,41.990,HOT_SWEEP_70,70,700,300,1,0,0.087670445,0.003844365,0.004664461,-0.002567981,-0.009689678,-0.011476878,-0.019422185,-0.026036745,"{""deviceId"":""1001"",""nodeId"":4097,""targetChId"":""0010"",""mode"":""inference"",""uptimeMs"":6419456,""debugEnabled"":true,""power"":{""mode"":""24v"",""externalPower"":true,""batteryMv"":65535,""batteryValid"":false,""batteryDetected"":false,""batterySenseStatus"":""not_detected"",""batteryLow"":false,""batteryCritical"":false,""sourceAmbiguous"":false,""serviceHoldActive"":false,""serviceHoldEffective"":false},""batterySession"":{""state"":""inactive"",""startedMs"":0,""stateStartedMs"":0,""validSampleBatches"":0,""requiredSampleBatches"":10,""alarmTxAttempts"":0,""alarmTxAttemptLimit"":3,""alarmAckReceived"":false,""pendingAlarm"":false,""pendingSaveRequired"":false,""persistenceFaultHold"":false,""completionReason"":""session_done""},""bootHealth"":{""adsReady"":true,""adsDrdyLevel"":0,""adsDrdyPulldownLevel"":0,""adsDrdyPullupLevel"":0,""adsMisoPulldownLevel"":0,""adsMisoPullupLevel"":1,""adsCsLevel"":1,""adsSyncLevel"":1,""adsStatus"":54,""adsMux"":15,""adsAdcon"":6,""adsDrate"":240,""adsReason"":""ok"",""tcaOk"":true,""mcpOkCount"":8,""mcpOk"":[true,true,true,true,true,true,true,true],""mcpAddrMask"":[1,1,1,1,1,1,1,1],""mcpControlTested"":true,""mcpControlOkCount"":8,""mcpControlOk"":[true,true,true,true,true,true,true,true],""dacReady"":true,""radioReady"":true,""mlReady"":true,""nullingProfileApplied"":true,""modelProfileReady"":false},""runtimeMcpCode"":[255,519,795,706,799,865,665,139],""model"":{""profileId"":""cnn-dualbranch-datasheet-v1-unbound"",""scalerProfileId"":""cnn-dualbranch-datasheet-v1-unbound"",""productionApproved"":true,""boundNullingProfileId"":8,""activeNullingProfileId"":9,""bindingValid"":true,""bindingModelMatches"":true,""profileReady"":false,""inferenceValid"":false,""sensorFault"":true},""lora"":{""beginState"":0,""lastTxState"":0,""lastTxOk"":false,""txSeq"":0,""txCounter"":0,""aesKeyProvisioned"":true,""aesKeyPresent"":true,""aesKeySource"":""nvs"",""keyId"":1,""lastDownlinkCommandId"":0,""freqMHz"":920,""bwKHz"":125,""sf"":7,""cr"":5,""syncWord"":18,""txPowerDbm"":17,""preamble"":8,""tcxoVoltage"":1.600000024,""xtalVoltage"":0},""dataset"":{""state"":""idle"",""step"":""idle"",""label"":"""",""seq"":0,""targetSamples"":0,""sampleIntervalMs"":500,""maxDurationMs"":0,""useFanIntake"":true,""fanOnMs"":1000,""postFanSettleMs"":0,""nullingProfileId"":9,""queuePending"":0,""queueCapacity"":16,""queueEnqueued"":0,""queueDropped"":0,""publishFailCount"":0,""retryCount"":0,""retryFailCount"":0,""rejectedSamples"":0,""lastRejectReason"":""none"",""lastRejectChannel"":-1,""lastRejectOkFiniteCount"":0,""lastRejectStatus"":255,""lastRejectGain"":0,""lastRejectSaturated"":false},""recovery"":{""wifiReconnectCount"":0,""wifiReconnectFailCount"":0,""mqttReconnectCount"":0,""mqttConnectFailCount"":0,""lastMqttState"":0,""adsRecoveryCount"":0,""adsRecoveryFailCount"":0,""adsReadFailStreak"":0,""lastReason"":""none"",""lastRecoveryMs"":0,""bootRecoveryArmed"":false,""bootRecoveryDueMs"":0,""bootRecoveryReason"":""none"",""bootRecoveryNonAdsFailure"":false,""bootRecoveryRestartCount"":0},""nulling"":{""done"":false,""retryArmed"":false,""attemptCount"":0,""nextRetryMs"":0,""thresholdV"":9.999999747E-06,""minFinalV"":0},""telemetry"":{""valid"":true,""sampleMs"":6419074,""gasClass"":6,""gasName"":""CO2"",""confidence"":0,""alarm"":false,""sensorVoltage"":[0.087670445,0.003844365,0.004664461,-0.002567981,-0.009689678,-0.011476878,-0.019422185,-0.026036745],""sensorGain"":[32,64,64,64,64,64,64,64],""sensorStatus"":[0,0,0,0,0,0,0,0],""featureOrder"":[""MQ8"",""MQ135"",""MQ3"",""MQ5"",""MQ4"",""MQ7"",""MQ6"",""MQ2""]},""alarmLatched"":false}"
2026-08-04 11:08:03.804 +07:00,42.669,HOT_SWEEP_70,70,700,300,1,0,0.08758235,0.003896919,0.004647199,-0.0026183,-0.00967983,-0.011490524,-0.019388271,-0.026029896,"{""deviceId"":""1001"",""nodeId"":4097,""targetChId"":""0010"",""mode"":""inference"",""uptimeMs"":6420149,""debugEnabled"":true,""power"":{""mode"":""24v"",""externalPower"":true,""batteryMv"":65535,""batteryValid"":false,""batteryDetected"":false,""batterySenseStatus"":""not_detected"",""batteryLow"":false,""batteryCritical"":false,""sourceAmbiguous"":false,""serviceHoldActive"":false,""serviceHoldEffective"":false},""batterySession"":{""state"":""inactive"",""startedMs"":0,""stateStartedMs"":0,""validSampleBatches"":0,""requiredSampleBatches"":10,""alarmTxAttempts"":0,""alarmTxAttemptLimit"":3,""alarmAckReceived"":false,""pendingAlarm"":false,""pendingSaveRequired"":false,""persistenceFaultHold"":false,""completionReason"":""session_done""},""bootHealth"":{""adsReady"":true,""adsDrdyLevel"":0,""adsDrdyPulldownLevel"":0,""adsDrdyPullupLevel"":0,""adsMisoPulldownLevel"":0,""adsMisoPullupLevel"":1,""adsCsLevel"":1,""adsSyncLevel"":1,""adsStatus"":54,""adsMux"":15,""adsAdcon"":6,""adsDrate"":240,""adsReason"":""ok"",""tcaOk"":true,""mcpOkCount"":8,""mcpOk"":[true,true,true,true,true,true,true,true],""mcpAddrMask"":[1,1,1,1,1,1,1,1],""mcpControlTested"":true,""mcpControlOkCount"":8,""mcpControlOk"":[true,true,true,true,true,true,true,true],""dacReady"":true,""radioReady"":true,""mlReady"":true,""nullingProfileApplied"":true,""modelProfileReady"":false},""runtimeMcpCode"":[255,519,795,706,799,865,665,139],""model"":{""profileId"":""cnn-dualbranch-datasheet-v1-unbound"",""scalerProfileId"":""cnn-dualbranch-datasheet-v1-unbound"",""productionApproved"":true,""boundNullingProfileId"":8,""activeNullingProfileId"":9,""bindingValid"":true,""bindingModelMatches"":true,""profileReady"":false,""inferenceValid"":false,""sensorFault"":true},""lora"":{""beginState"":0,""lastTxState"":0,""lastTxOk"":false,""txSeq"":0,""txCounter"":0,""aesKeyProvisioned"":true,""aesKeyPresent"":true,""aesKeySource"":""nvs"",""keyId"":1,""lastDownlinkCommandId"":0,""freqMHz"":920,""bwKHz"":125,""sf"":7,""cr"":5,""syncWord"":18,""txPowerDbm"":17,""preamble"":8,""tcxoVoltage"":1.600000024,""xtalVoltage"":0},""dataset"":{""state"":""idle"",""step"":""idle"",""label"":"""",""seq"":0,""targetSamples"":0,""sampleIntervalMs"":500,""maxDurationMs"":0,""useFanIntake"":true,""fanOnMs"":1000,""postFanSettleMs"":0,""nullingProfileId"":9,""queuePending"":0,""queueCapacity"":16,""queueEnqueued"":0,""queueDropped"":0,""publishFailCount"":0,""retryCount"":0,""retryFailCount"":0,""rejectedSamples"":0,""lastRejectReason"":""none"",""lastRejectChannel"":-1,""lastRejectOkFiniteCount"":0,""lastRejectStatus"":255,""lastRejectGain"":0,""lastRejectSaturated"":false},""recovery"":{""wifiReconnectCount"":0,""wifiReconnectFailCount"":0,""mqttReconnectCount"":0,""mqttConnectFailCount"":0,""lastMqttState"":0,""adsRecoveryCount"":0,""adsRecoveryFailCount"":0,""adsReadFailStreak"":0,""lastReason"":""none"",""lastRecoveryMs"":0,""bootRecoveryArmed"":false,""bootRecoveryDueMs"":0,""bootRecoveryReason"":""none"",""bootRecoveryNonAdsFailure"":false,""bootRecoveryRestartCount"":0},""nulling"":{""done"":false,""retryArmed"":false,""attemptCount"":0,""nextRetryMs"":0,""thresholdV"":9.999999747E-06,""minFinalV"":0},""telemetry"":{""valid"":true,""sampleMs"":6419734,""gasClass"":6,""gasName"":""CO2"",""confidence"":0,""alarm"":false,""sensorVoltage"":[0.08758235,0.003896919,0.004647199,-0.0026183,-0.00967983,-0.011490524,-0.019388271,-0.026029896],""sensorGain"":[32,64,64,64,64,64,64,64],""sensorStatus"":[0,0,0,0,0,0,0,0],""featureOrder"":[""MQ8"",""MQ135"",""MQ3"",""MQ5"",""MQ4"",""MQ7"",""MQ6"",""MQ2""]},""alarmLatched"":false}"
2026-08-04 11:08:04.497 +07:00,43.378,HOT_SWEEP_70,70,700,300,1,0,0.087351933,0.00397241,0.004707978,-0.002625812,-0.009693274,-0.011481996,-0.019380894,-0.025915798,"{""deviceId"":""1001"",""nodeId"":4097,""targetChId"":""0010"",""mode"":""inference"",""uptimeMs"":6420844,""debugEnabled"":true,""power"":{""mode"":""24v"",""externalPower"":true,""batteryMv"":65535,""batteryValid"":false,""batteryDetected"":false,""batterySenseStatus"":""not_detected"",""batteryLow"":false,""batteryCritical"":false,""sourceAmbiguous"":false,""serviceHoldActive"":false,""serviceHoldEffective"":false},""batterySession"":{""state"":""inactive"",""startedMs"":0,""stateStartedMs"":0,""validSampleBatches"":0,""requiredSampleBatches"":10,""alarmTxAttempts"":0,""alarmTxAttemptLimit"":3,""alarmAckReceived"":false,""pendingAlarm"":false,""pendingSaveRequired"":false,""persistenceFaultHold"":false,""completionReason"":""session_done""},""bootHealth"":{""adsReady"":true,""adsDrdyLevel"":0,""adsDrdyPulldownLevel"":0,""adsDrdyPullupLevel"":0,""adsMisoPulldownLevel"":0,""adsMisoPullupLevel"":1,""adsCsLevel"":1,""adsSyncLevel"":1,""adsStatus"":54,""adsMux"":15,""adsAdcon"":6,""adsDrate"":240,""adsReason"":""ok"",""tcaOk"":true,""mcpOkCount"":8,""mcpOk"":[true,true,true,true,true,true,true,true],""mcpAddrMask"":[1,1,1,1,1,1,1,1],""mcpControlTested"":true,""mcpControlOkCount"":8,""mcpControlOk"":[true,true,true,true,true,true,true,true],""dacReady"":true,""radioReady"":true,""mlReady"":true,""nullingProfileApplied"":true,""modelProfileReady"":false},""runtimeMcpCode"":[255,519,795,706,799,865,665,139],""model"":{""profileId"":""cnn-dualbranch-datasheet-v1-unbound"",""scalerProfileId"":""cnn-dualbranch-datasheet-v1-unbound"",""productionApproved"":true,""boundNullingProfileId"":8,""activeNullingProfileId"":9,""bindingValid"":true,""bindingModelMatches"":true,""profileReady"":false,""inferenceValid"":false,""sensorFault"":true},""lora"":{""beginState"":0,""lastTxState"":0,""lastTxOk"":false,""txSeq"":0,""txCounter"":0,""aesKeyProvisioned"":true,""aesKeyPresent"":true,""aesKeySource"":""nvs"",""keyId"":1,""lastDownlinkCommandId"":0,""freqMHz"":920,""bwKHz"":125,""sf"":7,""cr"":5,""syncWord"":18,""txPowerDbm"":17,""preamble"":8,""tcxoVoltage"":1.600000024,""xtalVoltage"":0},""dataset"":{""state"":""idle"",""step"":""idle"",""label"":"""",""seq"":0,""targetSamples"":0,""sampleIntervalMs"":500,""maxDurationMs"":0,""useFanIntake"":true,""fanOnMs"":1000,""postFanSettleMs"":0,""nullingProfileId"":9,""queuePending"":0,""queueCapacity"":16,""queueEnqueued"":0,""queueDropped"":0,""publishFailCount"":0,""retryCount"":0,""retryFailCount"":0,""rejectedSamples"":0,""lastRejectReason"":""none"",""lastRejectChannel"":-1,""lastRejectOkFiniteCount"":0,""lastRejectStatus"":255,""lastRejectGain"":0,""lastRejectSaturated"":false},""recovery"":{""wifiReconnectCount"":0,""wifiReconnectFailCount"":0,""mqttReconnectCount"":0,""mqttConnectFailCount"":0,""lastMqttState"":0,""adsRecoveryCount"":0,""adsRecoveryFailCount"":0,""adsReadFailStreak"":0,""lastReason"":""none"",""lastRecoveryMs"":0,""bootRecoveryArmed"":false,""bootRecoveryDueMs"":0,""bootRecoveryReason"":""none"",""bootRecoveryNonAdsFailure"":false,""bootRecoveryRestartCount"":0},""nulling"":{""done"":false,""retryArmed"":false,""attemptCount"":0,""nextRetryMs"":0,""thresholdV"":9.999999747E-06,""minFinalV"":0},""telemetry"":{""valid"":true,""sampleMs"":6420427,""gasClass"":6,""gasName"":""CO2"",""confidence"":0,""alarm"":false,""sensorVoltage"":[0.087351933,0.00397241,0.004707978,-0.002625812,-0.009693274,-0.011481996,-0.019380894,-0.025915798],""sensorGain"":[32,64,64,64,64,64,64,64],""sensorStatus"":[0,0,0,0,0,0,0,0],""featureOrder"":[""MQ8"",""MQ135"",""MQ3"",""MQ5"",""MQ4"",""MQ7"",""MQ6"",""MQ2""]},""alarmLatched"":false}"
2026-08-04 11:08:05.194 +07:00,44.073,HOT_SWEEP_70,70,700,300,1,0,0.087613732,0.003985451,0.004765059,-0.00261649,-0.009688114,-0.011491699,-0.019418065,-0.025853748,"{""deviceId"":""1001"",""nodeId"":4097,""targetChId"":""0010"",""mode"":""inference"",""uptimeMs"":6421538,""debugEnabled"":true,""power"":{""mode"":""24v"",""externalPower"":true,""batteryMv"":65535,""batteryValid"":false,""batteryDetected"":false,""batterySenseStatus"":""not_detected"",""batteryLow"":false,""batteryCritical"":false,""sourceAmbiguous"":false,""serviceHoldActive"":false,""serviceHoldEffective"":false},""batterySession"":{""state"":""inactive"",""startedMs"":0,""stateStartedMs"":0,""validSampleBatches"":0,""requiredSampleBatches"":10,""alarmTxAttempts"":0,""alarmTxAttemptLimit"":3,""alarmAckReceived"":false,""pendingAlarm"":false,""pendingSaveRequired"":false,""persistenceFaultHold"":false,""completionReason"":""session_done""},""bootHealth"":{""adsReady"":true,""adsDrdyLevel"":0,""adsDrdyPulldownLevel"":0,""adsDrdyPullupLevel"":0,""adsMisoPulldownLevel"":0,""adsMisoPullupLevel"":1,""adsCsLevel"":1,""adsSyncLevel"":1,""adsStatus"":54,""adsMux"":15,""adsAdcon"":6,""adsDrate"":240,""adsReason"":""ok"",""tcaOk"":true,""mcpOkCount"":8,""mcpOk"":[true,true,true,true,true,true,true,true],""mcpAddrMask"":[1,1,1,1,1,1,1,1],""mcpControlTested"":true,""mcpControlOkCount"":8,""mcpControlOk"":[true,true,true,true,true,true,true,true],""dacReady"":true,""radioReady"":true,""mlReady"":true,""nullingProfileApplied"":true,""modelProfileReady"":false},""runtimeMcpCode"":[255,519,795,706,799,865,665,139],""model"":{""profileId"":""cnn-dualbranch-datasheet-v1-unbound"",""scalerProfileId"":""cnn-dualbranch-datasheet-v1-unbound"",""productionApproved"":true,""boundNullingProfileId"":8,""activeNullingProfileId"":9,""bindingValid"":true,""bindingModelMatches"":true,""profileReady"":false,""inferenceValid"":false,""sensorFault"":true},""lora"":{""beginState"":0,""lastTxState"":0,""lastTxOk"":false,""txSeq"":0,""txCounter"":0,""aesKeyProvisioned"":true,""aesKeyPresent"":true,""aesKeySource"":""nvs"",""keyId"":1,""lastDownlinkCommandId"":0,""freqMHz"":920,""bwKHz"":125,""sf"":7,""cr"":5,""syncWord"":18,""txPowerDbm"":17,""preamble"":8,""tcxoVoltage"":1.600000024,""xtalVoltage"":0},""dataset"":{""state"":""idle"",""step"":""idle"",""label"":"""",""seq"":0,""targetSamples"":0,""sampleIntervalMs"":500,""maxDurationMs"":0,""useFanIntake"":true,""fanOnMs"":1000,""postFanSettleMs"":0,""nullingProfileId"":9,""queuePending"":0,""queueCapacity"":16,""queueEnqueued"":0,""queueDropped"":0,""publishFailCount"":0,""retryCount"":0,""retryFailCount"":0,""rejectedSamples"":0,""lastRejectReason"":""none"",""lastRejectChannel"":-1,""lastRejectOkFiniteCount"":0,""lastRejectStatus"":255,""lastRejectGain"":0,""lastRejectSaturated"":false},""recovery"":{""wifiReconnectCount"":0,""wifiReconnectFailCount"":0,""mqttReconnectCount"":0,""mqttConnectFailCount"":0,""lastMqttState"":0,""adsRecoveryCount"":0,""adsRecoveryFailCount"":0,""adsReadFailStreak"":0,""lastReason"":""none"",""lastRecoveryMs"":0,""bootRecoveryArmed"":false,""bootRecoveryDueMs"":0,""bootRecoveryReason"":""none"",""bootRecoveryNonAdsFailure"":false,""bootRecoveryRestartCount"":0},""nulling"":{""done"":false,""retryArmed"":false,""attemptCount"":0,""nextRetryMs"":0,""thresholdV"":9.999999747E-06,""minFinalV"":0},""telemetry"":{""valid"":true,""sampleMs"":6421154,""gasClass"":6,""gasName"":""CO2"",""confidence"":0,""alarm"":false,""sensorVoltage"":[0.087613732,0.003985451,0.004765059,-0.00261649,-0.009688114,-0.011491699,-0.019418065,-0.025853748],""sensorGain"":[32,64,64,64,64,64,64,64],""sensorStatus"":[0,0,0,0,0,0,0,0],""featureOrder"":[""MQ8"",""MQ135"",""MQ3"",""MQ5"",""MQ4"",""MQ7"",""MQ6"",""MQ2""]},""alarmLatched"":false}"
2026-08-04 11:08:05.887 +07:00,44.767,HOT_SWEEP_70,70,700,300,1,0,0.088163957,0.003985314,0.004795024,-0.002625389,-0.009754148,-0.011530058,-0.019416396,-0.025408123,"{""deviceId"":""1001"",""nodeId"":4097,""targetChId"":""0010"",""mode"":""inference"",""uptimeMs"":6422230,""debugEnabled"":true,""power"":{""mode"":""24v"",""externalPower"":true,""batteryMv"":65535,""batteryValid"":false,""batteryDetected"":false,""batterySenseStatus"":""not_detected"",""batteryLow"":false,""batteryCritical"":false,""sourceAmbiguous"":false,""serviceHoldActive"":false,""serviceHoldEffective"":false},""batterySession"":{""state"":""inactive"",""startedMs"":0,""stateStartedMs"":0,""validSampleBatches"":0,""requiredSampleBatches"":10,""alarmTxAttempts"":0,""alarmTxAttemptLimit"":3,""alarmAckReceived"":false,""pendingAlarm"":false,""pendingSaveRequired"":false,""persistenceFaultHold"":false,""completionReason"":""session_done""},""bootHealth"":{""adsReady"":true,""adsDrdyLevel"":0,""adsDrdyPulldownLevel"":0,""adsDrdyPullupLevel"":0,""adsMisoPulldownLevel"":0,""adsMisoPullupLevel"":1,""adsCsLevel"":1,""adsSyncLevel"":1,""adsStatus"":54,""adsMux"":15,""adsAdcon"":6,""adsDrate"":240,""adsReason"":""ok"",""tcaOk"":true,""mcpOkCount"":8,""mcpOk"":[true,true,true,true,true,true,true,true],""mcpAddrMask"":[1,1,1,1,1,1,1,1],""mcpControlTested"":true,""mcpControlOkCount"":8,""mcpControlOk"":[true,true,true,true,true,true,true,true],""dacReady"":true,""radioReady"":true,""mlReady"":true,""nullingProfileApplied"":true,""modelProfileReady"":false},""runtimeMcpCode"":[255,519,795,706,799,865,665,139],""model"":{""profileId"":""cnn-dualbranch-datasheet-v1-unbound"",""scalerProfileId"":""cnn-dualbranch-datasheet-v1-unbound"",""productionApproved"":true,""boundNullingProfileId"":8,""activeNullingProfileId"":9,""bindingValid"":true,""bindingModelMatches"":true,""profileReady"":false,""inferenceValid"":false,""sensorFault"":true},""lora"":{""beginState"":0,""lastTxState"":0,""lastTxOk"":false,""txSeq"":0,""txCounter"":0,""aesKeyProvisioned"":true,""aesKeyPresent"":true,""aesKeySource"":""nvs"",""keyId"":1,""lastDownlinkCommandId"":0,""freqMHz"":920,""bwKHz"":125,""sf"":7,""cr"":5,""syncWord"":18,""txPowerDbm"":17,""preamble"":8,""tcxoVoltage"":1.600000024,""xtalVoltage"":0},""dataset"":{""state"":""idle"",""step"":""idle"",""label"":"""",""seq"":0,""targetSamples"":0,""sampleIntervalMs"":500,""maxDurationMs"":0,""useFanIntake"":true,""fanOnMs"":1000,""postFanSettleMs"":0,""nullingProfileId"":9,""queuePending"":0,""queueCapacity"":16,""queueEnqueued"":0,""queueDropped"":0,""publishFailCount"":0,""retryCount"":0,""retryFailCount"":0,""rejectedSamples"":0,""lastRejectReason"":""none"",""lastRejectChannel"":-1,""lastRejectOkFiniteCount"":0,""lastRejectStatus"":255,""lastRejectGain"":0,""lastRejectSaturated"":false},""recovery"":{""wifiReconnectCount"":0,""wifiReconnectFailCount"":0,""mqttReconnectCount"":0,""mqttConnectFailCount"":0,""lastMqttState"":0,""adsRecoveryCount"":0,""adsRecoveryFailCount"":0,""adsReadFailStreak"":0,""lastReason"":""none"",""lastRecoveryMs"":0,""bootRecoveryArmed"":false,""bootRecoveryDueMs"":0,""bootRecoveryReason"":""none"",""bootRecoveryNonAdsFailure"":false,""bootRecoveryRestartCount"":0},""nulling"":{""done"":false,""retryArmed"":false,""attemptCount"":0,""nextRetryMs"":0,""thresholdV"":9.999999747E-06,""minFinalV"":0},""telemetry"":{""valid"":true,""sampleMs"":6421816,""gasClass"":6,""gasName"":""CO2"",""confidence"":0,""alarm"":false,""sensorVoltage"":[0.088163957,0.003985314,0.004795024,-0.002625389,-0.009754148,-0.011530058,-0.019416396,-0.025408123],""sensorGain"":[32,64,64,64,64,64,64,64],""sensorStatus"":[0,0,0,0,0,0,0,0],""featureOrder"":[""MQ8"",""MQ135"",""MQ3"",""MQ5"",""MQ4"",""MQ7"",""MQ6"",""MQ2""]},""alarmLatched"":false}"
2026-08-04 11:08:06.578 +07:00,45.459,HOT_SWEEP_70,70,700,300,1,0,0.088091195,0.003980456,0.004868128,-0.002633043,-0.009739768,-0.011524791,-0.01942404,-0.02536859,"{""deviceId"":""1001"",""nodeId"":4097,""targetChId"":""0010"",""mode"":""inference"",""uptimeMs"":6422925,""debugEnabled"":true,""power"":{""mode"":""24v"",""externalPower"":true,""batteryMv"":65535,""batteryValid"":false,""batteryDetected"":false,""batterySenseStatus"":""not_detected"",""batteryLow"":false,""batteryCritical"":false,""sourceAmbiguous"":false,""serviceHoldActive"":false,""serviceHoldEffective"":false},""batterySession"":{""state"":""inactive"",""startedMs"":0,""stateStartedMs"":0,""validSampleBatches"":0,""requiredSampleBatches"":10,""alarmTxAttempts"":0,""alarmTxAttemptLimit"":3,""alarmAckReceived"":false,""pendingAlarm"":false,""pendingSaveRequired"":false,""persistenceFaultHold"":false,""completionReason"":""session_done""},""bootHealth"":{""adsReady"":true,""adsDrdyLevel"":0,""adsDrdyPulldownLevel"":0,""adsDrdyPullupLevel"":0,""adsMisoPulldownLevel"":0,""adsMisoPullupLevel"":1,""adsCsLevel"":1,""adsSyncLevel"":1,""adsStatus"":54,""adsMux"":15,""adsAdcon"":6,""adsDrate"":240,""adsReason"":""ok"",""tcaOk"":true,""mcpOkCount"":8,""mcpOk"":[true,true,true,true,true,true,true,true],""mcpAddrMask"":[1,1,1,1,1,1,1,1],""mcpControlTested"":true,""mcpControlOkCount"":8,""mcpControlOk"":[true,true,true,true,true,true,true,true],""dacReady"":true,""radioReady"":true,""mlReady"":true,""nullingProfileApplied"":true,""modelProfileReady"":false},""runtimeMcpCode"":[255,519,795,706,799,865,665,139],""model"":{""profileId"":""cnn-dualbranch-datasheet-v1-unbound"",""scalerProfileId"":""cnn-dualbranch-datasheet-v1-unbound"",""productionApproved"":true,""boundNullingProfileId"":8,""activeNullingProfileId"":9,""bindingValid"":true,""bindingModelMatches"":true,""profileReady"":false,""inferenceValid"":false,""sensorFault"":true},""lora"":{""beginState"":0,""lastTxState"":0,""lastTxOk"":false,""txSeq"":0,""txCounter"":0,""aesKeyProvisioned"":true,""aesKeyPresent"":true,""aesKeySource"":""nvs"",""keyId"":1,""lastDownlinkCommandId"":0,""freqMHz"":920,""bwKHz"":125,""sf"":7,""cr"":5,""syncWord"":18,""txPowerDbm"":17,""preamble"":8,""tcxoVoltage"":1.600000024,""xtalVoltage"":0},""dataset"":{""state"":""idle"",""step"":""idle"",""label"":"""",""seq"":0,""targetSamples"":0,""sampleIntervalMs"":500,""maxDurationMs"":0,""useFanIntake"":true,""fanOnMs"":1000,""postFanSettleMs"":0,""nullingProfileId"":9,""queuePending"":0,""queueCapacity"":16,""queueEnqueued"":0,""queueDropped"":0,""publishFailCount"":0,""retryCount"":0,""retryFailCount"":0,""rejectedSamples"":0,""lastRejectReason"":""none"",""lastRejectChannel"":-1,""lastRejectOkFiniteCount"":0,""lastRejectStatus"":255,""lastRejectGain"":0,""lastRejectSaturated"":false},""recovery"":{""wifiReconnectCount"":0,""wifiReconnectFailCount"":0,""mqttReconnectCount"":0,""mqttConnectFailCount"":0,""lastMqttState"":0,""adsRecoveryCount"":0,""adsRecoveryFailCount"":0,""adsReadFailStreak"":0,""lastReason"":""none"",""lastRecoveryMs"":0,""bootRecoveryArmed"":false,""bootRecoveryDueMs"":0,""bootRecoveryReason"":""none"",""bootRecoveryNonAdsFailure"":false,""bootRecoveryRestartCount"":0},""nulling"":{""done"":false,""retryArmed"":false,""attemptCount"":0,""nextRetryMs"":0,""thresholdV"":9.999999747E-06,""minFinalV"":0},""telemetry"":{""valid"":true,""sampleMs"":6422508,""gasClass"":6,""gasName"":""CO2"",""confidence"":0,""alarm"":false,""sensorVoltage"":[0.088091195,0.003980456,0.004868128,-0.002633043,-0.009739768,-0.011524791,-0.01942404,-0.02536859],""sensorGain"":[32,64,64,64,64,64,64,64],""sensorStatus"":[0,0,0,0,0,0,0,0],""featureOrder"":[""MQ8"",""MQ135"",""MQ3"",""MQ5"",""MQ4"",""MQ7"",""MQ6"",""MQ2""]},""alarmLatched"":false}"
2026-08-04 11:08:07.271 +07:00,46.152,HOT_SWEEP_70,70,700,300,1,0,0.088495925,0.003984563,0.004982148,-0.002605246,-0.009730546,-0.011502134,-0.019397033,-0.025404502,"{""deviceId"":""1001"",""nodeId"":4097,""targetChId"":""0010"",""mode"":""inference"",""uptimeMs"":6423621,""debugEnabled"":true,""power"":{""mode"":""24v"",""externalPower"":true,""batteryMv"":65535,""batteryValid"":false,""batteryDetected"":false,""batterySenseStatus"":""not_detected"",""batteryLow"":false,""batteryCritical"":false,""sourceAmbiguous"":false,""serviceHoldActive"":false,""serviceHoldEffective"":false},""batterySession"":{""state"":""inactive"",""startedMs"":0,""stateStartedMs"":0,""validSampleBatches"":0,""requiredSampleBatches"":10,""alarmTxAttempts"":0,""alarmTxAttemptLimit"":3,""alarmAckReceived"":false,""pendingAlarm"":false,""pendingSaveRequired"":false,""persistenceFaultHold"":false,""completionReason"":""session_done""},""bootHealth"":{""adsReady"":true,""adsDrdyLevel"":0,""adsDrdyPulldownLevel"":0,""adsDrdyPullupLevel"":0,""adsMisoPulldownLevel"":0,""adsMisoPullupLevel"":1,""adsCsLevel"":1,""adsSyncLevel"":1,""adsStatus"":54,""adsMux"":15,""adsAdcon"":6,""adsDrate"":240,""adsReason"":""ok"",""tcaOk"":true,""mcpOkCount"":8,""mcpOk"":[true,true,true,true,true,true,true,true],""mcpAddrMask"":[1,1,1,1,1,1,1,1],""mcpControlTested"":true,""mcpControlOkCount"":8,""mcpControlOk"":[true,true,true,true,true,true,true,true],""dacReady"":true,""radioReady"":true,""mlReady"":true,""nullingProfileApplied"":true,""modelProfileReady"":false},""runtimeMcpCode"":[255,519,795,706,799,865,665,139],""model"":{""profileId"":""cnn-dualbranch-datasheet-v1-unbound"",""scalerProfileId"":""cnn-dualbranch-datasheet-v1-unbound"",""productionApproved"":true,""boundNullingProfileId"":8,""activeNullingProfileId"":9,""bindingValid"":true,""bindingModelMatches"":true,""profileReady"":false,""inferenceValid"":false,""sensorFault"":true},""lora"":{""beginState"":0,""lastTxState"":0,""lastTxOk"":false,""txSeq"":0,""txCounter"":0,""aesKeyProvisioned"":true,""aesKeyPresent"":true,""aesKeySource"":""nvs"",""keyId"":1,""lastDownlinkCommandId"":0,""freqMHz"":920,""bwKHz"":125,""sf"":7,""cr"":5,""syncWord"":18,""txPowerDbm"":17,""preamble"":8,""tcxoVoltage"":1.600000024,""xtalVoltage"":0},""dataset"":{""state"":""idle"",""step"":""idle"",""label"":"""",""seq"":0,""targetSamples"":0,""sampleIntervalMs"":500,""maxDurationMs"":0,""useFanIntake"":true,""fanOnMs"":1000,""postFanSettleMs"":0,""nullingProfileId"":9,""queuePending"":0,""queueCapacity"":16,""queueEnqueued"":0,""queueDropped"":0,""publishFailCount"":0,""retryCount"":0,""retryFailCount"":0,""rejectedSamples"":0,""lastRejectReason"":""none"",""lastRejectChannel"":-1,""lastRejectOkFiniteCount"":0,""lastRejectStatus"":255,""lastRejectGain"":0,""lastRejectSaturated"":false},""recovery"":{""wifiReconnectCount"":0,""wifiReconnectFailCount"":0,""mqttReconnectCount"":0,""mqttConnectFailCount"":0,""lastMqttState"":0,""adsRecoveryCount"":0,""adsRecoveryFailCount"":0,""adsReadFailStreak"":0,""lastReason"":""none"",""lastRecoveryMs"":0,""bootRecoveryArmed"":false,""bootRecoveryDueMs"":0,""bootRecoveryReason"":""none"",""bootRecoveryNonAdsFailure"":false,""bootRecoveryRestartCount"":0},""nulling"":{""done"":false,""retryArmed"":false,""attemptCount"":0,""nextRetryMs"":0,""thresholdV"":9.999999747E-06,""minFinalV"":0},""telemetry"":{""valid"":true,""sampleMs"":6423235,""gasClass"":6,""gasName"":""CO2"",""confidence"":0,""alarm"":false,""sensorVoltage"":[0.088495925,0.003984563,0.004982148,-0.002605246,-0.009730546,-0.011502134,-0.019397033,-0.025404502],""sensorGain"":[32,64,64,64,64,64,64,64],""sensorStatus"":[0,0,0,0,0,0,0,0],""featureOrder"":[""MQ8"",""MQ135"",""MQ3"",""MQ5"",""MQ4"",""MQ7"",""MQ6"",""MQ2""]},""alarmLatched"":false}"
2026-08-04 11:08:07.948 +07:00,46.829,HOT_SWEEP_70,70,700,300,1,0,0.089636788,0.003997565,0.004988564,-0.002573144,-0.009523031,-0.011252319,-0.019027915,-0.0248797,"{""deviceId"":""1001"",""nodeId"":4097,""targetChId"":""0010"",""mode"":""inference"",""uptimeMs"":6424300,""debugEnabled"":true,""power"":{""mode"":""24v"",""externalPower"":true,""batteryMv"":65535,""batteryValid"":false,""batteryDetected"":false,""batterySenseStatus"":""not_detected"",""batteryLow"":false,""batteryCritical"":false,""sourceAmbiguous"":false,""serviceHoldActive"":false,""serviceHoldEffective"":false},""batterySession"":{""state"":""inactive"",""startedMs"":0,""stateStartedMs"":0,""validSampleBatches"":0,""requiredSampleBatches"":10,""alarmTxAttempts"":0,""alarmTxAttemptLimit"":3,""alarmAckReceived"":false,""pendingAlarm"":false,""pendingSaveRequired"":false,""persistenceFaultHold"":false,""completionReason"":""session_done""},""bootHealth"":{""adsReady"":true,""adsDrdyLevel"":0,""adsDrdyPulldownLevel"":0,""adsDrdyPullupLevel"":0,""adsMisoPulldownLevel"":0,""adsMisoPullupLevel"":1,""adsCsLevel"":1,""adsSyncLevel"":1,""adsStatus"":54,""adsMux"":15,""adsAdcon"":6,""adsDrate"":240,""adsReason"":""ok"",""tcaOk"":true,""mcpOkCount"":8,""mcpOk"":[true,true,true,true,true,true,true,true],""mcpAddrMask"":[1,1,1,1,1,1,1,1],""mcpControlTested"":true,""mcpControlOkCount"":8,""mcpControlOk"":[true,true,true,true,true,true,true,true],""dacReady"":true,""radioReady"":true,""mlReady"":true,""nullingProfileApplied"":true,""modelProfileReady"":false},""runtimeMcpCode"":[255,519,795,706,799,865,665,139],""model"":{""profileId"":""cnn-dualbranch-datasheet-v1-unbound"",""scalerProfileId"":""cnn-dualbranch-datasheet-v1-unbound"",""productionApproved"":true,""boundNullingProfileId"":8,""activeNullingProfileId"":9,""bindingValid"":true,""bindingModelMatches"":true,""profileReady"":false,""inferenceValid"":false,""sensorFault"":true},""lora"":{""beginState"":0,""lastTxState"":0,""lastTxOk"":false,""txSeq"":0,""txCounter"":0,""aesKeyProvisioned"":true,""aesKeyPresent"":true,""aesKeySource"":""nvs"",""keyId"":1,""lastDownlinkCommandId"":0,""freqMHz"":920,""bwKHz"":125,""sf"":7,""cr"":5,""syncWord"":18,""txPowerDbm"":17,""preamble"":8,""tcxoVoltage"":1.600000024,""xtalVoltage"":0},""dataset"":{""state"":""idle"",""step"":""idle"",""label"":"""",""seq"":0,""targetSamples"":0,""sampleIntervalMs"":500,""maxDurationMs"":0,""useFanIntake"":true,""fanOnMs"":1000,""postFanSettleMs"":0,""nullingProfileId"":9,""queuePending"":0,""queueCapacity"":16,""queueEnqueued"":0,""queueDropped"":0,""publishFailCount"":0,""retryCount"":0,""retryFailCount"":0,""rejectedSamples"":0,""lastRejectReason"":""none"",""lastRejectChannel"":-1,""lastRejectOkFiniteCount"":0,""lastRejectStatus"":255,""lastRejectGain"":0,""lastRejectSaturated"":false},""recovery"":{""wifiReconnectCount"":0,""wifiReconnectFailCount"":0,""mqttReconnectCount"":0,""mqttConnectFailCount"":0,""lastMqttState"":0,""adsRecoveryCount"":0,""adsRecoveryFailCount"":0,""adsReadFailStreak"":0,""lastReason"":""none"",""lastRecoveryMs"":0,""bootRecoveryArmed"":false,""bootRecoveryDueMs"":0,""bootRecoveryReason"":""none"",""bootRecoveryNonAdsFailure"":false,""bootRecoveryRestartCount"":0},""nulling"":{""done"":false,""retryArmed"":false,""attemptCount"":0,""nextRetryMs"":0,""thresholdV"":9.999999747E-06,""minFinalV"":0},""telemetry"":{""valid"":true,""sampleMs"":6423899,""gasClass"":6,""gasName"":""CO2"",""confidence"":0,""alarm"":false,""sensorVoltage"":[0.089636788,0.003997565,0.004988564,-0.002573144,-0.009523031,-0.011252319,-0.019027915,-0.0248797],""sensorGain"":[32,64,64,64,64,64,64,64],""sensorStatus"":[0,0,0,0,0,0,0,0],""featureOrder"":[""MQ8"",""MQ135"",""MQ3"",""MQ5"",""MQ4"",""MQ7"",""MQ6"",""MQ2""]},""alarmLatched"":false}"
2026-08-04 11:08:08.647 +07:00,47.528,HOT_SWEEP_70,70,700,300,1,0,0.089685522,0.004008201,0.004994093,-0.002561792,-0.009502692,-0.011518477,-0.019413263,-0.02541,"{""deviceId"":""1001"",""nodeId"":4097,""targetChId"":""0010"",""mode"":""inference"",""uptimeMs"":6425007,""debugEnabled"":true,""power"":{""mode"":""24v"",""externalPower"":true,""batteryMv"":65535,""batteryValid"":false,""batteryDetected"":false,""batterySenseStatus"":""not_detected"",""batteryLow"":false,""batteryCritical"":false,""sourceAmbiguous"":false,""serviceHoldActive"":false,""serviceHoldEffective"":false},""batterySession"":{""state"":""inactive"",""startedMs"":0,""stateStartedMs"":0,""validSampleBatches"":0,""requiredSampleBatches"":10,""alarmTxAttempts"":0,""alarmTxAttemptLimit"":3,""alarmAckReceived"":false,""pendingAlarm"":false,""pendingSaveRequired"":false,""persistenceFaultHold"":false,""completionReason"":""session_done""},""bootHealth"":{""adsReady"":true,""adsDrdyLevel"":0,""adsDrdyPulldownLevel"":0,""adsDrdyPullupLevel"":0,""adsMisoPulldownLevel"":0,""adsMisoPullupLevel"":1,""adsCsLevel"":1,""adsSyncLevel"":1,""adsStatus"":54,""adsMux"":15,""adsAdcon"":6,""adsDrate"":240,""adsReason"":""ok"",""tcaOk"":true,""mcpOkCount"":8,""mcpOk"":[true,true,true,true,true,true,true,true],""mcpAddrMask"":[1,1,1,1,1,1,1,1],""mcpControlTested"":true,""mcpControlOkCount"":8,""mcpControlOk"":[true,true,true,true,true,true,true,true],""dacReady"":true,""radioReady"":true,""mlReady"":true,""nullingProfileApplied"":true,""modelProfileReady"":false},""runtimeMcpCode"":[255,519,795,706,799,865,665,139],""model"":{""profileId"":""cnn-dualbranch-datasheet-v1-unbound"",""scalerProfileId"":""cnn-dualbranch-datasheet-v1-unbound"",""productionApproved"":true,""boundNullingProfileId"":8,""activeNullingProfileId"":9,""bindingValid"":true,""bindingModelMatches"":true,""profileReady"":false,""inferenceValid"":false,""sensorFault"":true},""lora"":{""beginState"":0,""lastTxState"":0,""lastTxOk"":false,""txSeq"":0,""txCounter"":0,""aesKeyProvisioned"":true,""aesKeyPresent"":true,""aesKeySource"":""nvs"",""keyId"":1,""lastDownlinkCommandId"":0,""freqMHz"":920,""bwKHz"":125,""sf"":7,""cr"":5,""syncWord"":18,""txPowerDbm"":17,""preamble"":8,""tcxoVoltage"":1.600000024,""xtalVoltage"":0},""dataset"":{""state"":""idle"",""step"":""idle"",""label"":"""",""seq"":0,""targetSamples"":0,""sampleIntervalMs"":500,""maxDurationMs"":0,""useFanIntake"":true,""fanOnMs"":1000,""postFanSettleMs"":0,""nullingProfileId"":9,""queuePending"":0,""queueCapacity"":16,""queueEnqueued"":0,""queueDropped"":0,""publishFailCount"":0,""retryCount"":0,""retryFailCount"":0,""rejectedSamples"":0,""lastRejectReason"":""none"",""lastRejectChannel"":-1,""lastRejectOkFiniteCount"":0,""lastRejectStatus"":255,""lastRejectGain"":0,""lastRejectSaturated"":false},""recovery"":{""wifiReconnectCount"":0,""wifiReconnectFailCount"":0,""mqttReconnectCount"":0,""mqttConnectFailCount"":0,""lastMqttState"":0,""adsRecoveryCount"":0,""adsRecoveryFailCount"":0,""adsReadFailStreak"":0,""lastReason"":""none"",""lastRecoveryMs"":0,""bootRecoveryArmed"":false,""bootRecoveryDueMs"":0,""bootRecoveryReason"":""none"",""bootRecoveryNonAdsFailure"":false,""bootRecoveryRestartCount"":0},""nulling"":{""done"":false,""retryArmed"":false,""attemptCount"":0,""nextRetryMs"":0,""thresholdV"":9.999999747E-06,""minFinalV"":0},""telemetry"":{""valid"":true,""sampleMs"":6424578,""gasClass"":6,""gasName"":""CO2"",""confidence"":0,""alarm"":false,""sensorVoltage"":[0.089685522,0.004008201,0.004994093,-0.002561792,-0.009502692,-0.011518477,-0.019413263,-0.02541],""sensorGain"":[32,64,64,64,64,64,64,64],""sensorStatus"":[0,0,0,0,0,0,0,0],""featureOrder"":[""MQ8"",""MQ135"",""MQ3"",""MQ5"",""MQ4"",""MQ7"",""MQ6"",""MQ2""]},""alarmLatched"":false}"
2026-08-04 11:08:09.354 +07:00,48.219,HOT_SWEEP_70,70,700,300,1,0,0.089567095,0.004007334,0.004983928,-0.002586234,-0.009466964,-0.01158798,-0.019413926,-0.02536213,"{""deviceId"":""1001"",""nodeId"":4097,""targetChId"":""0010"",""mode"":""inference"",""uptimeMs"":6425699,""debugEnabled"":true,""power"":{""mode"":""24v"",""externalPower"":true,""batteryMv"":65535,""batteryValid"":false,""batteryDetected"":false,""batterySenseStatus"":""not_detected"",""batteryLow"":false,""batteryCritical"":false,""sourceAmbiguous"":false,""serviceHoldActive"":false,""serviceHoldEffective"":false},""batterySession"":{""state"":""inactive"",""startedMs"":0,""stateStartedMs"":0,""validSampleBatches"":0,""requiredSampleBatches"":10,""alarmTxAttempts"":0,""alarmTxAttemptLimit"":3,""alarmAckReceived"":false,""pendingAlarm"":false,""pendingSaveRequired"":false,""persistenceFaultHold"":false,""completionReason"":""session_done""},""bootHealth"":{""adsReady"":true,""adsDrdyLevel"":0,""adsDrdyPulldownLevel"":0,""adsDrdyPullupLevel"":0,""adsMisoPulldownLevel"":0,""adsMisoPullupLevel"":1,""adsCsLevel"":1,""adsSyncLevel"":1,""adsStatus"":54,""adsMux"":15,""adsAdcon"":6,""adsDrate"":240,""adsReason"":""ok"",""tcaOk"":true,""mcpOkCount"":8,""mcpOk"":[true,true,true,true,true,true,true,true],""mcpAddrMask"":[1,1,1,1,1,1,1,1],""mcpControlTested"":true,""mcpControlOkCount"":8,""mcpControlOk"":[true,true,true,true,true,true,true,true],""dacReady"":true,""radioReady"":true,""mlReady"":true,""nullingProfileApplied"":true,""modelProfileReady"":false},""runtimeMcpCode"":[255,519,795,706,799,865,665,139],""model"":{""profileId"":""cnn-dualbranch-datasheet-v1-unbound"",""scalerProfileId"":""cnn-dualbranch-datasheet-v1-unbound"",""productionApproved"":true,""boundNullingProfileId"":8,""activeNullingProfileId"":9,""bindingValid"":true,""bindingModelMatches"":true,""profileReady"":false,""inferenceValid"":false,""sensorFault"":true},""lora"":{""beginState"":0,""lastTxState"":0,""lastTxOk"":false,""txSeq"":0,""txCounter"":0,""aesKeyProvisioned"":true,""aesKeyPresent"":true,""aesKeySource"":""nvs"",""keyId"":1,""lastDownlinkCommandId"":0,""freqMHz"":920,""bwKHz"":125,""sf"":7,""cr"":5,""syncWord"":18,""txPowerDbm"":17,""preamble"":8,""tcxoVoltage"":1.600000024,""xtalVoltage"":0},""dataset"":{""state"":""idle"",""step"":""idle"",""label"":"""",""seq"":0,""targetSamples"":0,""sampleIntervalMs"":500,""maxDurationMs"":0,""useFanIntake"":true,""fanOnMs"":1000,""postFanSettleMs"":0,""nullingProfileId"":9,""queuePending"":0,""queueCapacity"":16,""queueEnqueued"":0,""queueDropped"":0,""publishFailCount"":0,""retryCount"":0,""retryFailCount"":0,""rejectedSamples"":0,""lastRejectReason"":""none"",""lastRejectChannel"":-1,""lastRejectOkFiniteCount"":0,""lastRejectStatus"":255,""lastRejectGain"":0,""lastRejectSaturated"":false},""recovery"":{""wifiReconnectCount"":0,""wifiReconnectFailCount"":0,""mqttReconnectCount"":0,""mqttConnectFailCount"":0,""lastMqttState"":0,""adsRecoveryCount"":0,""adsRecoveryFailCount"":0,""adsReadFailStreak"":0,""lastReason"":""none"",""lastRecoveryMs"":0,""bootRecoveryArmed"":false,""bootRecoveryDueMs"":0,""bootRecoveryReason"":""none"",""bootRecoveryNonAdsFailure"":false,""bootRecoveryRestartCount"":0},""nulling"":{""done"":false,""retryArmed"":false,""attemptCount"":0,""nextRetryMs"":0,""thresholdV"":9.999999747E-06,""minFinalV"":0},""telemetry"":{""valid"":true,""sampleMs"":6425317,""gasClass"":6,""gasName"":""CO2"",""confidence"":0,""alarm"":false,""sensorVoltage"":[0.089567095,0.004007334,0.004983928,-0.002586234,-0.009466964,-0.01158798,-0.019413926,-0.02536213],""sensorGain"":[32,64,64,64,64,64,64,64],""sensorStatus"":[0,0,0,0,0,0,0,0],""featureOrder"":[""MQ8"",""MQ135"",""MQ3"",""MQ5"",""MQ4"",""MQ7"",""MQ6"",""MQ2""]},""alarmLatched"":false}"
2026-08-04 11:08:10.043 +07:00,48.924,HOT_SWEEP_70,70,700,300,1,0,0.090571463,0.003995324,0.004910306,-0.002550757,-0.009199509,-0.01158224,-0.019476743,-0.025259286,"{""deviceId"":""1001"",""nodeId"":4097,""targetChId"":""0010"",""mode"":""inference"",""uptimeMs"":6426400,""debugEnabled"":true,""power"":{""mode"":""24v"",""externalPower"":true,""batteryMv"":65535,""batteryValid"":false,""batteryDetected"":false,""batterySenseStatus"":""not_detected"",""batteryLow"":false,""batteryCritical"":false,""sourceAmbiguous"":false,""serviceHoldActive"":false,""serviceHoldEffective"":false},""batterySession"":{""state"":""inactive"",""startedMs"":0,""stateStartedMs"":0,""validSampleBatches"":0,""requiredSampleBatches"":10,""alarmTxAttempts"":0,""alarmTxAttemptLimit"":3,""alarmAckReceived"":false,""pendingAlarm"":false,""pendingSaveRequired"":false,""persistenceFaultHold"":false,""completionReason"":""session_done""},""bootHealth"":{""adsReady"":true,""adsDrdyLevel"":0,""adsDrdyPulldownLevel"":0,""adsDrdyPullupLevel"":0,""adsMisoPulldownLevel"":0,""adsMisoPullupLevel"":1,""adsCsLevel"":1,""adsSyncLevel"":1,""adsStatus"":54,""adsMux"":15,""adsAdcon"":6,""adsDrate"":240,""adsReason"":""ok"",""tcaOk"":true,""mcpOkCount"":8,""mcpOk"":[true,true,true,true,true,true,true,true],""mcpAddrMask"":[1,1,1,1,1,1,1,1],""mcpControlTested"":true,""mcpControlOkCount"":8,""mcpControlOk"":[true,true,true,true,true,true,true,true],""dacReady"":true,""radioReady"":true,""mlReady"":true,""nullingProfileApplied"":true,""modelProfileReady"":false},""runtimeMcpCode"":[255,519,795,706,799,865,665,139],""model"":{""profileId"":""cnn-dualbranch-datasheet-v1-unbound"",""scalerProfileId"":""cnn-dualbranch-datasheet-v1-unbound"",""productionApproved"":true,""boundNullingProfileId"":8,""activeNullingProfileId"":9,""bindingValid"":true,""bindingModelMatches"":true,""profileReady"":false,""inferenceValid"":false,""sensorFault"":true},""lora"":{""beginState"":0,""lastTxState"":0,""lastTxOk"":false,""txSeq"":0,""txCounter"":0,""aesKeyProvisioned"":true,""aesKeyPresent"":true,""aesKeySource"":""nvs"",""keyId"":1,""lastDownlinkCommandId"":0,""freqMHz"":920,""bwKHz"":125,""sf"":7,""cr"":5,""syncWord"":18,""txPowerDbm"":17,""preamble"":8,""tcxoVoltage"":1.600000024,""xtalVoltage"":0},""dataset"":{""state"":""idle"",""step"":""idle"",""label"":"""",""seq"":0,""targetSamples"":0,""sampleIntervalMs"":500,""maxDurationMs"":0,""useFanIntake"":true,""fanOnMs"":1000,""postFanSettleMs"":0,""nullingProfileId"":9,""queuePending"":0,""queueCapacity"":16,""queueEnqueued"":0,""queueDropped"":0,""publishFailCount"":0,""retryCount"":0,""retryFailCount"":0,""rejectedSamples"":0,""lastRejectReason"":""none"",""lastRejectChannel"":-1,""lastRejectOkFiniteCount"":0,""lastRejectStatus"":255,""lastRejectGain"":0,""lastRejectSaturated"":false},""recovery"":{""wifiReconnectCount"":0,""wifiReconnectFailCount"":0,""mqttReconnectCount"":0,""mqttConnectFailCount"":0,""lastMqttState"":0,""adsRecoveryCount"":0,""adsRecoveryFailCount"":0,""adsReadFailStreak"":0,""lastReason"":""none"",""lastRecoveryMs"":0,""bootRecoveryArmed"":false,""bootRecoveryDueMs"":0,""bootRecoveryReason"":""none"",""bootRecoveryNonAdsFailure"":false,""bootRecoveryRestartCount"":0},""nulling"":{""done"":false,""retryArmed"":false,""attemptCount"":0,""nextRetryMs"":0,""thresholdV"":9.999999747E-06,""minFinalV"":0},""telemetry"":{""valid"":true,""sampleMs"":6425977,""gasClass"":6,""gasName"":""CO2"",""confidence"":0,""alarm"":false,""sensorVoltage"":[0.090571463,0.003995324,0.004910306,-0.002550757,-0.009199509,-0.01158224,-0.019476743,-0.025259286],""sensorGain"":[32,64,64,64,64,64,64,64],""sensorStatus"":[0,0,0,0,0,0,0,0],""featureOrder"":[""MQ8"",""MQ135"",""MQ3"",""MQ5"",""MQ4"",""MQ7"",""MQ6"",""MQ2""]},""alarmLatched"":false}"
2026-08-04 11:08:10.731 +07:00,49.612,HOT_SWEEP_70,70,700,300,1,0,0.090555266,0.004032211,0.004945488,-0.002579903,-0.009172817,-0.011519206,-0.019491395,-0.025275951,"{""deviceId"":""1001"",""nodeId"":4097,""targetChId"":""0010"",""mode"":""inference"",""uptimeMs"":6427077,""debugEnabled"":true,""power"":{""mode"":""24v"",""externalPower"":true,""batteryMv"":65535,""batteryValid"":false,""batteryDetected"":false,""batterySenseStatus"":""not_detected"",""batteryLow"":false,""batteryCritical"":false,""sourceAmbiguous"":false,""serviceHoldActive"":false,""serviceHoldEffective"":false},""batterySession"":{""state"":""inactive"",""startedMs"":0,""stateStartedMs"":0,""validSampleBatches"":0,""requiredSampleBatches"":10,""alarmTxAttempts"":0,""alarmTxAttemptLimit"":3,""alarmAckReceived"":false,""pendingAlarm"":false,""pendingSaveRequired"":false,""persistenceFaultHold"":false,""completionReason"":""session_done""},""bootHealth"":{""adsReady"":true,""adsDrdyLevel"":0,""adsDrdyPulldownLevel"":0,""adsDrdyPullupLevel"":0,""adsMisoPulldownLevel"":0,""adsMisoPullupLevel"":1,""adsCsLevel"":1,""adsSyncLevel"":1,""adsStatus"":54,""adsMux"":15,""adsAdcon"":6,""adsDrate"":240,""adsReason"":""ok"",""tcaOk"":true,""mcpOkCount"":8,""mcpOk"":[true,true,true,true,true,true,true,true],""mcpAddrMask"":[1,1,1,1,1,1,1,1],""mcpControlTested"":true,""mcpControlOkCount"":8,""mcpControlOk"":[true,true,true,true,true,true,true,true],""dacReady"":true,""radioReady"":true,""mlReady"":true,""nullingProfileApplied"":true,""modelProfileReady"":false},""runtimeMcpCode"":[255,519,795,706,799,865,665,139],""model"":{""profileId"":""cnn-dualbranch-datasheet-v1-unbound"",""scalerProfileId"":""cnn-dualbranch-datasheet-v1-unbound"",""productionApproved"":true,""boundNullingProfileId"":8,""activeNullingProfileId"":9,""bindingValid"":true,""bindingModelMatches"":true,""profileReady"":false,""inferenceValid"":false,""sensorFault"":true},""lora"":{""beginState"":0,""lastTxState"":0,""lastTxOk"":false,""txSeq"":0,""txCounter"":0,""aesKeyProvisioned"":true,""aesKeyPresent"":true,""aesKeySource"":""nvs"",""keyId"":1,""lastDownlinkCommandId"":0,""freqMHz"":920,""bwKHz"":125,""sf"":7,""cr"":5,""syncWord"":18,""txPowerDbm"":17,""preamble"":8,""tcxoVoltage"":1.600000024,""xtalVoltage"":0},""dataset"":{""state"":""idle"",""step"":""idle"",""label"":"""",""seq"":0,""targetSamples"":0,""sampleIntervalMs"":500,""maxDurationMs"":0,""useFanIntake"":true,""fanOnMs"":1000,""postFanSettleMs"":0,""nullingProfileId"":9,""queuePending"":0,""queueCapacity"":16,""queueEnqueued"":0,""queueDropped"":0,""publishFailCount"":0,""retryCount"":0,""retryFailCount"":0,""rejectedSamples"":0,""lastRejectReason"":""none"",""lastRejectChannel"":-1,""lastRejectOkFiniteCount"":0,""lastRejectStatus"":255,""lastRejectGain"":0,""lastRejectSaturated"":false},""recovery"":{""wifiReconnectCount"":0,""wifiReconnectFailCount"":0,""mqttReconnectCount"":0,""mqttConnectFailCount"":0,""lastMqttState"":0,""adsRecoveryCount"":0,""adsRecoveryFailCount"":0,""adsReadFailStreak"":0,""lastReason"":""none"",""lastRecoveryMs"":0,""bootRecoveryArmed"":false,""bootRecoveryDueMs"":0,""bootRecoveryReason"":""none"",""bootRecoveryNonAdsFailure"":false,""bootRecoveryRestartCount"":0},""nulling"":{""done"":false,""retryArmed"":false,""attemptCount"":0,""nextRetryMs"":0,""thresholdV"":9.999999747E-06,""minFinalV"":0},""telemetry"":{""valid"":true,""sampleMs"":6426683,""gasClass"":6,""gasName"":""CO2"",""confidence"":0,""alarm"":false,""sensorVoltage"":[0.090555266,0.004032211,0.004945488,-0.002579903,-0.009172817,-0.011519206,-0.019491395,-0.025275951],""sensorGain"":[32,64,64,64,64,64,64,64],""sensorStatus"":[0,0,0,0,0,0,0,0],""featureOrder"":[""MQ8"",""MQ135"",""MQ3"",""MQ5"",""MQ4"",""MQ7"",""MQ6"",""MQ2""]},""alarmLatched"":false}"
2026-08-04 11:08:11.423 +07:00,50.304,HOT_SWEEP_70,70,700,300,1,0,0.090675719,0.003963872,0.004922943,-0.002573523,-0.009187386,-0.011533501,-0.019501742,-0.025318757,"{""deviceId"":""1001"",""nodeId"":4097,""targetChId"":""0010"",""mode"":""inference"",""uptimeMs"":6427770,""debugEnabled"":true,""power"":{""mode"":""24v"",""externalPower"":true,""batteryMv"":65535,""batteryValid"":false,""batteryDetected"":false,""batterySenseStatus"":""not_detected"",""batteryLow"":false,""batteryCritical"":false,""sourceAmbiguous"":false,""serviceHoldActive"":false,""serviceHoldEffective"":false},""batterySession"":{""state"":""inactive"",""startedMs"":0,""stateStartedMs"":0,""validSampleBatches"":0,""requiredSampleBatches"":10,""alarmTxAttempts"":0,""alarmTxAttemptLimit"":3,""alarmAckReceived"":false,""pendingAlarm"":false,""pendingSaveRequired"":false,""persistenceFaultHold"":false,""completionReason"":""session_done""},""bootHealth"":{""adsReady"":true,""adsDrdyLevel"":0,""adsDrdyPulldownLevel"":0,""adsDrdyPullupLevel"":0,""adsMisoPulldownLevel"":0,""adsMisoPullupLevel"":1,""adsCsLevel"":1,""adsSyncLevel"":1,""adsStatus"":54,""adsMux"":15,""adsAdcon"":6,""adsDrate"":240,""adsReason"":""ok"",""tcaOk"":true,""mcpOkCount"":8,""mcpOk"":[true,true,true,true,true,true,true,true],""mcpAddrMask"":[1,1,1,1,1,1,1,1],""mcpControlTested"":true,""mcpControlOkCount"":8,""mcpControlOk"":[true,true,true,true,true,true,true,true],""dacReady"":true,""radioReady"":true,""mlReady"":true,""nullingProfileApplied"":true,""modelProfileReady"":false},""runtimeMcpCode"":[255,519,795,706,799,865,665,139],""model"":{""profileId"":""cnn-dualbranch-datasheet-v1-unbound"",""scalerProfileId"":""cnn-dualbranch-datasheet-v1-unbound"",""productionApproved"":true,""boundNullingProfileId"":8,""activeNullingProfileId"":9,""bindingValid"":true,""bindingModelMatches"":true,""profileReady"":false,""inferenceValid"":false,""sensorFault"":true},""lora"":{""beginState"":0,""lastTxState"":0,""lastTxOk"":false,""txSeq"":0,""txCounter"":0,""aesKeyProvisioned"":true,""aesKeyPresent"":true,""aesKeySource"":""nvs"",""keyId"":1,""lastDownlinkCommandId"":0,""freqMHz"":920,""bwKHz"":125,""sf"":7,""cr"":5,""syncWord"":18,""txPowerDbm"":17,""preamble"":8,""tcxoVoltage"":1.600000024,""xtalVoltage"":0},""dataset"":{""state"":""idle"",""step"":""idle"",""label"":"""",""seq"":0,""targetSamples"":0,""sampleIntervalMs"":500,""maxDurationMs"":0,""useFanIntake"":true,""fanOnMs"":1000,""postFanSettleMs"":0,""nullingProfileId"":9,""queuePending"":0,""queueCapacity"":16,""queueEnqueued"":0,""queueDropped"":0,""publishFailCount"":0,""retryCount"":0,""retryFailCount"":0,""rejectedSamples"":0,""lastRejectReason"":""none"",""lastRejectChannel"":-1,""lastRejectOkFiniteCount"":0,""lastRejectStatus"":255,""lastRejectGain"":0,""lastRejectSaturated"":false},""recovery"":{""wifiReconnectCount"":0,""wifiReconnectFailCount"":0,""mqttReconnectCount"":0,""mqttConnectFailCount"":0,""lastMqttState"":0,""adsRecoveryCount"":0,""adsRecoveryFailCount"":0,""adsReadFailStreak"":0,""lastReason"":""none"",""lastRecoveryMs"":0,""bootRecoveryArmed"":false,""bootRecoveryDueMs"":0,""bootRecoveryReason"":""none"",""bootRecoveryNonAdsFailure"":false,""bootRecoveryRestartCount"":0},""nulling"":{""done"":false,""retryArmed"":false,""attemptCount"":0,""nextRetryMs"":0,""thresholdV"":9.999999747E-06,""minFinalV"":0},""telemetry"":{""valid"":true,""sampleMs"":6427387,""gasClass"":6,""gasName"":""CO2"",""confidence"":0,""alarm"":false,""sensorVoltage"":[0.090675719,0.003963872,0.004922943,-0.002573523,-0.009187386,-0.011533501,-0.019501742,-0.025318757],""sensorGain"":[32,64,64,64,64,64,64,64],""sensorStatus"":[0,0,0,0,0,0,0,0],""featureOrder"":[""MQ8"",""MQ135"",""MQ3"",""MQ5"",""MQ4"",""MQ7"",""MQ6"",""MQ2""]},""alarmLatched"":false}"
2026-08-04 11:08:12.108 +07:00,50.986,HOT_SWEEP_70,70,700,300,1,0,0.091772728,0.003948896,0.004946981,-0.002580891,-0.009184157,-0.011551815,-0.019547509,-0.025308495,"{""deviceId"":""1001"",""nodeId"":4097,""targetChId"":""0010"",""mode"":""inference"",""uptimeMs"":6428452,""debugEnabled"":true,""power"":{""mode"":""24v"",""externalPower"":true,""batteryMv"":65535,""batteryValid"":false,""batteryDetected"":false,""batterySenseStatus"":""not_detected"",""batteryLow"":false,""batteryCritical"":false,""sourceAmbiguous"":false,""serviceHoldActive"":false,""serviceHoldEffective"":false},""batterySession"":{""state"":""inactive"",""startedMs"":0,""stateStartedMs"":0,""validSampleBatches"":0,""requiredSampleBatches"":10,""alarmTxAttempts"":0,""alarmTxAttemptLimit"":3,""alarmAckReceived"":false,""pendingAlarm"":false,""pendingSaveRequired"":false,""persistenceFaultHold"":false,""completionReason"":""session_done""},""bootHealth"":{""adsReady"":true,""adsDrdyLevel"":0,""adsDrdyPulldownLevel"":0,""adsDrdyPullupLevel"":0,""adsMisoPulldownLevel"":0,""adsMisoPullupLevel"":1,""adsCsLevel"":1,""adsSyncLevel"":1,""adsStatus"":54,""adsMux"":15,""adsAdcon"":6,""adsDrate"":240,""adsReason"":""ok"",""tcaOk"":true,""mcpOkCount"":8,""mcpOk"":[true,true,true,true,true,true,true,true],""mcpAddrMask"":[1,1,1,1,1,1,1,1],""mcpControlTested"":true,""mcpControlOkCount"":8,""mcpControlOk"":[true,true,true,true,true,true,true,true],""dacReady"":true,""radioReady"":true,""mlReady"":true,""nullingProfileApplied"":true,""modelProfileReady"":false},""runtimeMcpCode"":[255,519,795,706,799,865,665,139],""model"":{""profileId"":""cnn-dualbranch-datasheet-v1-unbound"",""scalerProfileId"":""cnn-dualbranch-datasheet-v1-unbound"",""productionApproved"":true,""boundNullingProfileId"":8,""activeNullingProfileId"":9,""bindingValid"":true,""bindingModelMatches"":true,""profileReady"":false,""inferenceValid"":false,""sensorFault"":true},""lora"":{""beginState"":0,""lastTxState"":0,""lastTxOk"":false,""txSeq"":0,""txCounter"":0,""aesKeyProvisioned"":true,""aesKeyPresent"":true,""aesKeySource"":""nvs"",""keyId"":1,""lastDownlinkCommandId"":0,""freqMHz"":920,""bwKHz"":125,""sf"":7,""cr"":5,""syncWord"":18,""txPowerDbm"":17,""preamble"":8,""tcxoVoltage"":1.600000024,""xtalVoltage"":0},""dataset"":{""state"":""idle"",""step"":""idle"",""label"":"""",""seq"":0,""targetSamples"":0,""sampleIntervalMs"":500,""maxDurationMs"":0,""useFanIntake"":true,""fanOnMs"":1000,""postFanSettleMs"":0,""nullingProfileId"":9,""queuePending"":0,""queueCapacity"":16,""queueEnqueued"":0,""queueDropped"":0,""publishFailCount"":0,""retryCount"":0,""retryFailCount"":0,""rejectedSamples"":0,""lastRejectReason"":""none"",""lastRejectChannel"":-1,""lastRejectOkFiniteCount"":0,""lastRejectStatus"":255,""lastRejectGain"":0,""lastRejectSaturated"":false},""recovery"":{""wifiReconnectCount"":0,""wifiReconnectFailCount"":0,""mqttReconnectCount"":0,""mqttConnectFailCount"":0,""lastMqttState"":0,""adsRecoveryCount"":0,""adsRecoveryFailCount"":0,""adsReadFailStreak"":0,""lastReason"":""none"",""lastRecoveryMs"":0,""bootRecoveryArmed"":false,""bootRecoveryDueMs"":0,""bootRecoveryReason"":""none"",""bootRecoveryNonAdsFailure"":false,""bootRecoveryRestartCount"":0},""nulling"":{""done"":false,""retryArmed"":false,""attemptCount"":0,""nextRetryMs"":0,""thresholdV"":9.999999747E-06,""minFinalV"":0},""telemetry"":{""valid"":true,""sampleMs"":6428048,""gasClass"":6,""gasName"":""CO2"",""confidence"":0,""alarm"":false,""sensorVoltage"":[0.091772728,0.003948896,0.004946981,-0.002580891,-0.009184157,-0.011551815,-0.019547509,-0.025308495],""sensorGain"":[32,64,64,64,64,64,64,64],""sensorStatus"":[0,0,0,0,0,0,0,0],""featureOrder"":[""MQ8"",""MQ135"",""MQ3"",""MQ5"",""MQ4"",""MQ7"",""MQ6"",""MQ2""]},""alarmLatched"":false}"
2026-08-04 11:08:12.799 +07:00,51.680,HOT_SWEEP_70,70,700,300,1,0,0.091789238,0.004002672,0.004934798,-0.00254986,-0.009120704,-0.011632787,-0.019540789,-0.025306936,"{""deviceId"":""1001"",""nodeId"":4097,""targetChId"":""0010"",""mode"":""inference"",""uptimeMs"":6429145,""debugEnabled"":true,""power"":{""mode"":""24v"",""externalPower"":true,""batteryMv"":65535,""batteryValid"":false,""batteryDetected"":false,""batterySenseStatus"":""not_detected"",""batteryLow"":false,""batteryCritical"":false,""sourceAmbiguous"":false,""serviceHoldActive"":false,""serviceHoldEffective"":false},""batterySession"":{""state"":""inactive"",""startedMs"":0,""stateStartedMs"":0,""validSampleBatches"":0,""requiredSampleBatches"":10,""alarmTxAttempts"":0,""alarmTxAttemptLimit"":3,""alarmAckReceived"":false,""pendingAlarm"":false,""pendingSaveRequired"":false,""persistenceFaultHold"":false,""completionReason"":""session_done""},""bootHealth"":{""adsReady"":true,""adsDrdyLevel"":0,""adsDrdyPulldownLevel"":0,""adsDrdyPullupLevel"":0,""adsMisoPulldownLevel"":0,""adsMisoPullupLevel"":1,""adsCsLevel"":1,""adsSyncLevel"":1,""adsStatus"":54,""adsMux"":15,""adsAdcon"":6,""adsDrate"":240,""adsReason"":""ok"",""tcaOk"":true,""mcpOkCount"":8,""mcpOk"":[true,true,true,true,true,true,true,true],""mcpAddrMask"":[1,1,1,1,1,1,1,1],""mcpControlTested"":true,""mcpControlOkCount"":8,""mcpControlOk"":[true,true,true,true,true,true,true,true],""dacReady"":true,""radioReady"":true,""mlReady"":true,""nullingProfileApplied"":true,""modelProfileReady"":false},""runtimeMcpCode"":[255,519,795,706,799,865,665,139],""model"":{""profileId"":""cnn-dualbranch-datasheet-v1-unbound"",""scalerProfileId"":""cnn-dualbranch-datasheet-v1-unbound"",""productionApproved"":true,""boundNullingProfileId"":8,""activeNullingProfileId"":9,""bindingValid"":true,""bindingModelMatches"":true,""profileReady"":false,""inferenceValid"":false,""sensorFault"":true},""lora"":{""beginState"":0,""lastTxState"":0,""lastTxOk"":false,""txSeq"":0,""txCounter"":0,""aesKeyProvisioned"":true,""aesKeyPresent"":true,""aesKeySource"":""nvs"",""keyId"":1,""lastDownlinkCommandId"":0,""freqMHz"":920,""bwKHz"":125,""sf"":7,""cr"":5,""syncWord"":18,""txPowerDbm"":17,""preamble"":8,""tcxoVoltage"":1.600000024,""xtalVoltage"":0},""dataset"":{""state"":""idle"",""step"":""idle"",""label"":"""",""seq"":0,""targetSamples"":0,""sampleIntervalMs"":500,""maxDurationMs"":0,""useFanIntake"":true,""fanOnMs"":1000,""postFanSettleMs"":0,""nullingProfileId"":9,""queuePending"":0,""queueCapacity"":16,""queueEnqueued"":0,""queueDropped"":0,""publishFailCount"":0,""retryCount"":0,""retryFailCount"":0,""rejectedSamples"":0,""lastRejectReason"":""none"",""lastRejectChannel"":-1,""lastRejectOkFiniteCount"":0,""lastRejectStatus"":255,""lastRejectGain"":0,""lastRejectSaturated"":false},""recovery"":{""wifiReconnectCount"":0,""wifiReconnectFailCount"":0,""mqttReconnectCount"":0,""mqttConnectFailCount"":0,""lastMqttState"":0,""adsRecoveryCount"":0,""adsRecoveryFailCount"":0,""adsReadFailStreak"":0,""lastReason"":""none"",""lastRecoveryMs"":0,""bootRecoveryArmed"":false,""bootRecoveryDueMs"":0,""bootRecoveryReason"":""none"",""bootRecoveryNonAdsFailure"":false,""bootRecoveryRestartCount"":0},""nulling"":{""done"":false,""retryArmed"":false,""attemptCount"":0,""nextRetryMs"":0,""thresholdV"":9.999999747E-06,""minFinalV"":0},""telemetry"":{""valid"":true,""sampleMs"":6428730,""gasClass"":6,""gasName"":""CO2"",""confidence"":0,""alarm"":false,""sensorVoltage"":[0.091789238,0.004002672,0.004934798,-0.00254986,-0.009120704,-0.011632787,-0.019540789,-0.025306936],""sensorGain"":[32,64,64,64,64,64,64,64],""sensorStatus"":[0,0,0,0,0,0,0,0],""featureOrder"":[""MQ8"",""MQ135"",""MQ3"",""MQ5"",""MQ4"",""MQ7"",""MQ6"",""MQ2""]},""alarmLatched"":false}"
2026-08-04 11:08:13.493 +07:00,52.370,HOT_SWEEP_70,70,700,300,1,0,0.091800734,0.004017374,0.004948865,-0.002552658,-0.009103264,-0.011625751,-0.019564021,-0.025387531,"{""deviceId"":""1001"",""nodeId"":4097,""targetChId"":""0010"",""mode"":""inference"",""uptimeMs"":6429838,""debugEnabled"":true,""power"":{""mode"":""24v"",""externalPower"":true,""batteryMv"":65535,""batteryValid"":false,""batteryDetected"":false,""batterySenseStatus"":""not_detected"",""batteryLow"":false,""batteryCritical"":false,""sourceAmbiguous"":false,""serviceHoldActive"":false,""serviceHoldEffective"":false},""batterySession"":{""state"":""inactive"",""startedMs"":0,""stateStartedMs"":0,""validSampleBatches"":0,""requiredSampleBatches"":10,""alarmTxAttempts"":0,""alarmTxAttemptLimit"":3,""alarmAckReceived"":false,""pendingAlarm"":false,""pendingSaveRequired"":false,""persistenceFaultHold"":false,""completionReason"":""session_done""},""bootHealth"":{""adsReady"":true,""adsDrdyLevel"":0,""adsDrdyPulldownLevel"":0,""adsDrdyPullupLevel"":0,""adsMisoPulldownLevel"":0,""adsMisoPullupLevel"":1,""adsCsLevel"":1,""adsSyncLevel"":1,""adsStatus"":54,""adsMux"":15,""adsAdcon"":6,""adsDrate"":240,""adsReason"":""ok"",""tcaOk"":true,""mcpOkCount"":8,""mcpOk"":[true,true,true,true,true,true,true,true],""mcpAddrMask"":[1,1,1,1,1,1,1,1],""mcpControlTested"":true,""mcpControlOkCount"":8,""mcpControlOk"":[true,true,true,true,true,true,true,true],""dacReady"":true,""radioReady"":true,""mlReady"":true,""nullingProfileApplied"":true,""modelProfileReady"":false},""runtimeMcpCode"":[255,519,795,706,799,865,665,139],""model"":{""profileId"":""cnn-dualbranch-datasheet-v1-unbound"",""scalerProfileId"":""cnn-dualbranch-datasheet-v1-unbound"",""productionApproved"":true,""boundNullingProfileId"":8,""activeNullingProfileId"":9,""bindingValid"":true,""bindingModelMatches"":true,""profileReady"":false,""inferenceValid"":false,""sensorFault"":true},""lora"":{""beginState"":0,""lastTxState"":0,""lastTxOk"":false,""txSeq"":0,""txCounter"":0,""aesKeyProvisioned"":true,""aesKeyPresent"":true,""aesKeySource"":""nvs"",""keyId"":1,""lastDownlinkCommandId"":0,""freqMHz"":920,""bwKHz"":125,""sf"":7,""cr"":5,""syncWord"":18,""txPowerDbm"":17,""preamble"":8,""tcxoVoltage"":1.600000024,""xtalVoltage"":0},""dataset"":{""state"":""idle"",""step"":""idle"",""label"":"""",""seq"":0,""targetSamples"":0,""sampleIntervalMs"":500,""maxDurationMs"":0,""useFanIntake"":true,""fanOnMs"":1000,""postFanSettleMs"":0,""nullingProfileId"":9,""queuePending"":0,""queueCapacity"":16,""queueEnqueued"":0,""queueDropped"":0,""publishFailCount"":0,""retryCount"":0,""retryFailCount"":0,""rejectedSamples"":0,""lastRejectReason"":""none"",""lastRejectChannel"":-1,""lastRejectOkFiniteCount"":0,""lastRejectStatus"":255,""lastRejectGain"":0,""lastRejectSaturated"":false},""recovery"":{""wifiReconnectCount"":0,""wifiReconnectFailCount"":0,""mqttReconnectCount"":0,""mqttConnectFailCount"":0,""lastMqttState"":0,""adsRecoveryCount"":0,""adsRecoveryFailCount"":0,""adsReadFailStreak"":0,""lastReason"":""none"",""lastRecoveryMs"":0,""bootRecoveryArmed"":false,""bootRecoveryDueMs"":0,""bootRecoveryReason"":""none"",""bootRecoveryNonAdsFailure"":false,""bootRecoveryRestartCount"":0},""nulling"":{""done"":false,""retryArmed"":false,""attemptCount"":0,""nextRetryMs"":0,""thresholdV"":9.999999747E-06,""minFinalV"":0},""telemetry"":{""valid"":true,""sampleMs"":6429455,""gasClass"":6,""gasName"":""CO2"",""confidence"":0,""alarm"":false,""sensorVoltage"":[0.091800734,0.004017374,0.004948865,-0.002552658,-0.009103264,-0.011625751,-0.019564021,-0.025387531],""sensorGain"":[32,64,64,64,64,64,64,64],""sensorStatus"":[0,0,0,0,0,0,0,0],""featureOrder"":[""MQ8"",""MQ135"",""MQ3"",""MQ5"",""MQ4"",""MQ7"",""MQ6"",""MQ2""]},""alarmLatched"":false}"
2026-08-04 11:08:14.170 +07:00,53.051,HOT_SWEEP_70,70,700,300,1,0,0.092101291,0.004006627,0.004898455,-0.002552073,-0.00910973,-0.011629676,-0.019659089,-0.025354102,"{""deviceId"":""1001"",""nodeId"":4097,""targetChId"":""0010"",""mode"":""inference"",""uptimeMs"":6430519,""debugEnabled"":true,""power"":{""mode"":""24v"",""externalPower"":true,""batteryMv"":65535,""batteryValid"":false,""batteryDetected"":false,""batterySenseStatus"":""not_detected"",""batteryLow"":false,""batteryCritical"":false,""sourceAmbiguous"":false,""serviceHoldActive"":false,""serviceHoldEffective"":false},""batterySession"":{""state"":""inactive"",""startedMs"":0,""stateStartedMs"":0,""validSampleBatches"":0,""requiredSampleBatches"":10,""alarmTxAttempts"":0,""alarmTxAttemptLimit"":3,""alarmAckReceived"":false,""pendingAlarm"":false,""pendingSaveRequired"":false,""persistenceFaultHold"":false,""completionReason"":""session_done""},""bootHealth"":{""adsReady"":true,""adsDrdyLevel"":0,""adsDrdyPulldownLevel"":0,""adsDrdyPullupLevel"":0,""adsMisoPulldownLevel"":0,""adsMisoPullupLevel"":1,""adsCsLevel"":1,""adsSyncLevel"":1,""adsStatus"":54,""adsMux"":15,""adsAdcon"":6,""adsDrate"":240,""adsReason"":""ok"",""tcaOk"":true,""mcpOkCount"":8,""mcpOk"":[true,true,true,true,true,true,true,true],""mcpAddrMask"":[1,1,1,1,1,1,1,1],""mcpControlTested"":true,""mcpControlOkCount"":8,""mcpControlOk"":[true,true,true,true,true,true,true,true],""dacReady"":true,""radioReady"":true,""mlReady"":true,""nullingProfileApplied"":true,""modelProfileReady"":false},""runtimeMcpCode"":[255,519,795,706,799,865,665,139],""model"":{""profileId"":""cnn-dualbranch-datasheet-v1-unbound"",""scalerProfileId"":""cnn-dualbranch-datasheet-v1-unbound"",""productionApproved"":true,""boundNullingProfileId"":8,""activeNullingProfileId"":9,""bindingValid"":true,""bindingModelMatches"":true,""profileReady"":false,""inferenceValid"":false,""sensorFault"":true},""lora"":{""beginState"":0,""lastTxState"":0,""lastTxOk"":false,""txSeq"":0,""txCounter"":0,""aesKeyProvisioned"":true,""aesKeyPresent"":true,""aesKeySource"":""nvs"",""keyId"":1,""lastDownlinkCommandId"":0,""freqMHz"":920,""bwKHz"":125,""sf"":7,""cr"":5,""syncWord"":18,""txPowerDbm"":17,""preamble"":8,""tcxoVoltage"":1.600000024,""xtalVoltage"":0},""dataset"":{""state"":""idle"",""step"":""idle"",""label"":"""",""seq"":0,""targetSamples"":0,""sampleIntervalMs"":500,""maxDurationMs"":0,""useFanIntake"":true,""fanOnMs"":1000,""postFanSettleMs"":0,""nullingProfileId"":9,""queuePending"":0,""queueCapacity"":16,""queueEnqueued"":0,""queueDropped"":0,""publishFailCount"":0,""retryCount"":0,""retryFailCount"":0,""rejectedSamples"":0,""lastRejectReason"":""none"",""lastRejectChannel"":-1,""lastRejectOkFiniteCount"":0,""lastRejectStatus"":255,""lastRejectGain"":0,""lastRejectSaturated"":false},""recovery"":{""wifiReconnectCount"":0,""wifiReconnectFailCount"":0,""mqttReconnectCount"":0,""mqttConnectFailCount"":0,""lastMqttState"":0,""adsRecoveryCount"":0,""adsRecoveryFailCount"":0,""adsReadFailStreak"":0,""lastReason"":""none"",""lastRecoveryMs"":0,""bootRecoveryArmed"":false,""bootRecoveryDueMs"":0,""bootRecoveryReason"":""none"",""bootRecoveryNonAdsFailure"":false,""bootRecoveryRestartCount"":0},""nulling"":{""done"":false,""retryArmed"":false,""attemptCount"":0,""nextRetryMs"":0,""thresholdV"":9.999999747E-06,""minFinalV"":0},""telemetry"":{""valid"":true,""sampleMs"":6430116,""gasClass"":6,""gasName"":""CO2"",""confidence"":0,""alarm"":false,""sensorVoltage"":[0.092101291,0.004006627,0.004898455,-0.002552073,-0.00910973,-0.011629676,-0.019659089,-0.025354102],""sensorGain"":[32,64,64,64,64,64,64,64],""sensorStatus"":[0,0,0,0,0,0,0,0],""featureOrder"":[""MQ8"",""MQ135"",""MQ3"",""MQ5"",""MQ4"",""MQ7"",""MQ6"",""MQ2""]},""alarmLatched"":false}"
2026-08-04 11:08:14.868 +07:00,53.749,HOT_SWEEP_70,70,700,300,1,0,0.092336461,0.004020877,0.004900286,-0.002525508,-0.009091041,-0.011561272,-0.019672289,-0.025345873,"{""deviceId"":""1001"",""nodeId"":4097,""targetChId"":""0010"",""mode"":""inference"",""uptimeMs"":6431213,""debugEnabled"":true,""power"":{""mode"":""24v"",""externalPower"":true,""batteryMv"":65535,""batteryValid"":false,""batteryDetected"":false,""batterySenseStatus"":""not_detected"",""batteryLow"":false,""batteryCritical"":false,""sourceAmbiguous"":false,""serviceHoldActive"":false,""serviceHoldEffective"":false},""batterySession"":{""state"":""inactive"",""startedMs"":0,""stateStartedMs"":0,""validSampleBatches"":0,""requiredSampleBatches"":10,""alarmTxAttempts"":0,""alarmTxAttemptLimit"":3,""alarmAckReceived"":false,""pendingAlarm"":false,""pendingSaveRequired"":false,""persistenceFaultHold"":false,""completionReason"":""session_done""},""bootHealth"":{""adsReady"":true,""adsDrdyLevel"":0,""adsDrdyPulldownLevel"":0,""adsDrdyPullupLevel"":0,""adsMisoPulldownLevel"":0,""adsMisoPullupLevel"":1,""adsCsLevel"":1,""adsSyncLevel"":1,""adsStatus"":54,""adsMux"":15,""adsAdcon"":6,""adsDrate"":240,""adsReason"":""ok"",""tcaOk"":true,""mcpOkCount"":8,""mcpOk"":[true,true,true,true,true,true,true,true],""mcpAddrMask"":[1,1,1,1,1,1,1,1],""mcpControlTested"":true,""mcpControlOkCount"":8,""mcpControlOk"":[true,true,true,true,true,true,true,true],""dacReady"":true,""radioReady"":true,""mlReady"":true,""nullingProfileApplied"":true,""modelProfileReady"":false},""runtimeMcpCode"":[255,519,795,706,799,865,665,139],""model"":{""profileId"":""cnn-dualbranch-datasheet-v1-unbound"",""scalerProfileId"":""cnn-dualbranch-datasheet-v1-unbound"",""productionApproved"":true,""boundNullingProfileId"":8,""activeNullingProfileId"":9,""bindingValid"":true,""bindingModelMatches"":true,""profileReady"":false,""inferenceValid"":false,""sensorFault"":true},""lora"":{""beginState"":0,""lastTxState"":0,""lastTxOk"":false,""txSeq"":0,""txCounter"":0,""aesKeyProvisioned"":true,""aesKeyPresent"":true,""aesKeySource"":""nvs"",""keyId"":1,""lastDownlinkCommandId"":0,""freqMHz"":920,""bwKHz"":125,""sf"":7,""cr"":5,""syncWord"":18,""txPowerDbm"":17,""preamble"":8,""tcxoVoltage"":1.600000024,""xtalVoltage"":0},""dataset"":{""state"":""idle"",""step"":""idle"",""label"":"""",""seq"":0,""targetSamples"":0,""sampleIntervalMs"":500,""maxDurationMs"":0,""useFanIntake"":true,""fanOnMs"":1000,""postFanSettleMs"":0,""nullingProfileId"":9,""queuePending"":0,""queueCapacity"":16,""queueEnqueued"":0,""queueDropped"":0,""publishFailCount"":0,""retryCount"":0,""retryFailCount"":0,""rejectedSamples"":0,""lastRejectReason"":""none"",""lastRejectChannel"":-1,""lastRejectOkFiniteCount"":0,""lastRejectStatus"":255,""lastRejectGain"":0,""lastRejectSaturated"":false},""recovery"":{""wifiReconnectCount"":0,""wifiReconnectFailCount"":0,""mqttReconnectCount"":0,""mqttConnectFailCount"":0,""lastMqttState"":0,""adsRecoveryCount"":0,""adsRecoveryFailCount"":0,""adsReadFailStreak"":0,""lastReason"":""none"",""lastRecoveryMs"":0,""bootRecoveryArmed"":false,""bootRecoveryDueMs"":0,""bootRecoveryReason"":""none"",""bootRecoveryNonAdsFailure"":false,""bootRecoveryRestartCount"":0},""nulling"":{""done"":false,""retryArmed"":false,""attemptCount"":0,""nextRetryMs"":0,""thresholdV"":9.999999747E-06,""minFinalV"":0},""telemetry"":{""valid"":true,""sampleMs"":6430797,""gasClass"":6,""gasName"":""CO2"",""confidence"":0,""alarm"":false,""sensorVoltage"":[0.092336461,0.004020877,0.004900286,-0.002525508,-0.009091041,-0.011561272,-0.019672289,-0.025345873],""sensorGain"":[32,64,64,64,64,64,64,64],""sensorStatus"":[0,0,0,0,0,0,0,0],""featureOrder"":[""MQ8"",""MQ135"",""MQ3"",""MQ5"",""MQ4"",""MQ7"",""MQ6"",""MQ2""]},""alarmLatched"":false}"
2026-08-04 11:08:15.560 +07:00,54.441,HOT_SWEEP_70,70,700,300,1,0,0.092124447,0.004010999,0.004919934,-0.002516376,-0.009013694,-0.011471655,-0.019658918,-0.025280375,"{""deviceId"":""1001"",""nodeId"":4097,""targetChId"":""0010"",""mode"":""inference"",""uptimeMs"":6431905,""debugEnabled"":true,""power"":{""mode"":""24v"",""externalPower"":true,""batteryMv"":65535,""batteryValid"":false,""batteryDetected"":false,""batterySenseStatus"":""not_detected"",""batteryLow"":false,""batteryCritical"":false,""sourceAmbiguous"":false,""serviceHoldActive"":false,""serviceHoldEffective"":false},""batterySession"":{""state"":""inactive"",""startedMs"":0,""stateStartedMs"":0,""validSampleBatches"":0,""requiredSampleBatches"":10,""alarmTxAttempts"":0,""alarmTxAttemptLimit"":3,""alarmAckReceived"":false,""pendingAlarm"":false,""pendingSaveRequired"":false,""persistenceFaultHold"":false,""completionReason"":""session_done""},""bootHealth"":{""adsReady"":true,""adsDrdyLevel"":0,""adsDrdyPulldownLevel"":0,""adsDrdyPullupLevel"":0,""adsMisoPulldownLevel"":0,""adsMisoPullupLevel"":1,""adsCsLevel"":1,""adsSyncLevel"":1,""adsStatus"":54,""adsMux"":15,""adsAdcon"":6,""adsDrate"":240,""adsReason"":""ok"",""tcaOk"":true,""mcpOkCount"":8,""mcpOk"":[true,true,true,true,true,true,true,true],""mcpAddrMask"":[1,1,1,1,1,1,1,1],""mcpControlTested"":true,""mcpControlOkCount"":8,""mcpControlOk"":[true,true,true,true,true,true,true,true],""dacReady"":true,""radioReady"":true,""mlReady"":true,""nullingProfileApplied"":true,""modelProfileReady"":false},""runtimeMcpCode"":[255,519,795,706,799,865,665,139],""model"":{""profileId"":""cnn-dualbranch-datasheet-v1-unbound"",""scalerProfileId"":""cnn-dualbranch-datasheet-v1-unbound"",""productionApproved"":true,""boundNullingProfileId"":8,""activeNullingProfileId"":9,""bindingValid"":true,""bindingModelMatches"":true,""profileReady"":false,""inferenceValid"":false,""sensorFault"":true},""lora"":{""beginState"":0,""lastTxState"":0,""lastTxOk"":false,""txSeq"":0,""txCounter"":0,""aesKeyProvisioned"":true,""aesKeyPresent"":true,""aesKeySource"":""nvs"",""keyId"":1,""lastDownlinkCommandId"":0,""freqMHz"":920,""bwKHz"":125,""sf"":7,""cr"":5,""syncWord"":18,""txPowerDbm"":17,""preamble"":8,""tcxoVoltage"":1.600000024,""xtalVoltage"":0},""dataset"":{""state"":""idle"",""step"":""idle"",""label"":"""",""seq"":0,""targetSamples"":0,""sampleIntervalMs"":500,""maxDurationMs"":0,""useFanIntake"":true,""fanOnMs"":1000,""postFanSettleMs"":0,""nullingProfileId"":9,""queuePending"":0,""queueCapacity"":16,""queueEnqueued"":0,""queueDropped"":0,""publishFailCount"":0,""retryCount"":0,""retryFailCount"":0,""rejectedSamples"":0,""lastRejectReason"":""none"",""lastRejectChannel"":-1,""lastRejectOkFiniteCount"":0,""lastRejectStatus"":255,""lastRejectGain"":0,""lastRejectSaturated"":false},""recovery"":{""wifiReconnectCount"":0,""wifiReconnectFailCount"":0,""mqttReconnectCount"":0,""mqttConnectFailCount"":0,""lastMqttState"":0,""adsRecoveryCount"":0,""adsRecoveryFailCount"":0,""adsReadFailStreak"":0,""lastReason"":""none"",""lastRecoveryMs"":0,""bootRecoveryArmed"":false,""bootRecoveryDueMs"":0,""bootRecoveryReason"":""none"",""bootRecoveryNonAdsFailure"":false,""bootRecoveryRestartCount"":0},""nulling"":{""done"":false,""retryArmed"":false,""attemptCount"":0,""nextRetryMs"":0,""thresholdV"":9.999999747E-06,""minFinalV"":0},""telemetry"":{""valid"":true,""sampleMs"":6431523,""gasClass"":6,""gasName"":""CO2"",""confidence"":0,""alarm"":false,""sensorVoltage"":[0.092124447,0.004010999,0.004919934,-0.002516376,-0.009013694,-0.011471655,-0.019658918,-0.025280375],""sensorGain"":[32,64,64,64,64,64,64,64],""sensorStatus"":[0,0,0,0,0,0,0,0],""featureOrder"":[""MQ8"",""MQ135"",""MQ3"",""MQ5"",""MQ4"",""MQ7"",""MQ6"",""MQ2""]},""alarmLatched"":false}"
2026-08-04 11:08:16.248 +07:00,55.129,HOT_SWEEP_70,70,700,300,1,0,0.092227228,0.004105634,0.004856596,-0.002526165,-0.008646668,-0.011479443,-0.01962853,-0.025218081,"{""deviceId"":""1001"",""nodeId"":4097,""targetChId"":""0010"",""mode"":""inference"",""uptimeMs"":6432596,""debugEnabled"":true,""power"":{""mode"":""24v"",""externalPower"":true,""batteryMv"":65535,""batteryValid"":false,""batteryDetected"":false,""batterySenseStatus"":""not_detected"",""batteryLow"":false,""batteryCritical"":false,""sourceAmbiguous"":false,""serviceHoldActive"":false,""serviceHoldEffective"":false},""batterySession"":{""state"":""inactive"",""startedMs"":0,""stateStartedMs"":0,""validSampleBatches"":0,""requiredSampleBatches"":10,""alarmTxAttempts"":0,""alarmTxAttemptLimit"":3,""alarmAckReceived"":false,""pendingAlarm"":false,""pendingSaveRequired"":false,""persistenceFaultHold"":false,""completionReason"":""session_done""},""bootHealth"":{""adsReady"":true,""adsDrdyLevel"":0,""adsDrdyPulldownLevel"":0,""adsDrdyPullupLevel"":0,""adsMisoPulldownLevel"":0,""adsMisoPullupLevel"":1,""adsCsLevel"":1,""adsSyncLevel"":1,""adsStatus"":54,""adsMux"":15,""adsAdcon"":6,""adsDrate"":240,""adsReason"":""ok"",""tcaOk"":true,""mcpOkCount"":8,""mcpOk"":[true,true,true,true,true,true,true,true],""mcpAddrMask"":[1,1,1,1,1,1,1,1],""mcpControlTested"":true,""mcpControlOkCount"":8,""mcpControlOk"":[true,true,true,true,true,true,true,true],""dacReady"":true,""radioReady"":true,""mlReady"":true,""nullingProfileApplied"":true,""modelProfileReady"":false},""runtimeMcpCode"":[255,519,795,706,799,865,665,139],""model"":{""profileId"":""cnn-dualbranch-datasheet-v1-unbound"",""scalerProfileId"":""cnn-dualbranch-datasheet-v1-unbound"",""productionApproved"":true,""boundNullingProfileId"":8,""activeNullingProfileId"":9,""bindingValid"":true,""bindingModelMatches"":true,""profileReady"":false,""inferenceValid"":false,""sensorFault"":true},""lora"":{""beginState"":0,""lastTxState"":0,""lastTxOk"":false,""txSeq"":0,""txCounter"":0,""aesKeyProvisioned"":true,""aesKeyPresent"":true,""aesKeySource"":""nvs"",""keyId"":1,""lastDownlinkCommandId"":0,""freqMHz"":920,""bwKHz"":125,""sf"":7,""cr"":5,""syncWord"":18,""txPowerDbm"":17,""preamble"":8,""tcxoVoltage"":1.600000024,""xtalVoltage"":0},""dataset"":{""state"":""idle"",""step"":""idle"",""label"":"""",""seq"":0,""targetSamples"":0,""sampleIntervalMs"":500,""maxDurationMs"":0,""useFanIntake"":true,""fanOnMs"":1000,""postFanSettleMs"":0,""nullingProfileId"":9,""queuePending"":0,""queueCapacity"":16,""queueEnqueued"":0,""queueDropped"":0,""publishFailCount"":0,""retryCount"":0,""retryFailCount"":0,""rejectedSamples"":0,""lastRejectReason"":""none"",""lastRejectChannel"":-1,""lastRejectOkFiniteCount"":0,""lastRejectStatus"":255,""lastRejectGain"":0,""lastRejectSaturated"":false},""recovery"":{""wifiReconnectCount"":0,""wifiReconnectFailCount"":0,""mqttReconnectCount"":0,""mqttConnectFailCount"":0,""lastMqttState"":0,""adsRecoveryCount"":0,""adsRecoveryFailCount"":0,""adsReadFailStreak"":0,""lastReason"":""none"",""lastRecoveryMs"":0,""bootRecoveryArmed"":false,""bootRecoveryDueMs"":0,""bootRecoveryReason"":""none"",""bootRecoveryNonAdsFailure"":false,""bootRecoveryRestartCount"":0},""nulling"":{""done"":false,""retryArmed"":false,""attemptCount"":0,""nextRetryMs"":0,""thresholdV"":9.999999747E-06,""minFinalV"":0},""telemetry"":{""valid"":true,""sampleMs"":6432183,""gasClass"":6,""gasName"":""CO2"",""confidence"":0,""alarm"":false,""sensorVoltage"":[0.092227228,0.004105634,0.004856596,-0.002526165,-0.008646668,-0.011479443,-0.01962853,-0.025218081],""sensorGain"":[32,64,64,64,64,64,64,64],""sensorStatus"":[0,0,0,0,0,0,0,0],""featureOrder"":[""MQ8"",""MQ135"",""MQ3"",""MQ5"",""MQ4"",""MQ7"",""MQ6"",""MQ2""]},""alarmLatched"":false}"
2026-08-04 11:08:16.939 +07:00,55.818,HOT_SWEEP_70,70,700,300,1,0,0.093096644,0.004088395,0.004851065,-0.00252474,-0.008657608,-0.011225769,-0.019182835,-0.024841916,"{""deviceId"":""1001"",""nodeId"":4097,""targetChId"":""0010"",""mode"":""inference"",""uptimeMs"":6433281,""debugEnabled"":true,""power"":{""mode"":""24v"",""externalPower"":true,""batteryMv"":65535,""batteryValid"":false,""batteryDetected"":false,""batterySenseStatus"":""not_detected"",""batteryLow"":false,""batteryCritical"":false,""sourceAmbiguous"":false,""serviceHoldActive"":false,""serviceHoldEffective"":false},""batterySession"":{""state"":""inactive"",""startedMs"":0,""stateStartedMs"":0,""validSampleBatches"":0,""requiredSampleBatches"":10,""alarmTxAttempts"":0,""alarmTxAttemptLimit"":3,""alarmAckReceived"":false,""pendingAlarm"":false,""pendingSaveRequired"":false,""persistenceFaultHold"":false,""completionReason"":""session_done""},""bootHealth"":{""adsReady"":true,""adsDrdyLevel"":0,""adsDrdyPulldownLevel"":0,""adsDrdyPullupLevel"":0,""adsMisoPulldownLevel"":0,""adsMisoPullupLevel"":1,""adsCsLevel"":1,""adsSyncLevel"":1,""adsStatus"":54,""adsMux"":15,""adsAdcon"":6,""adsDrate"":240,""adsReason"":""ok"",""tcaOk"":true,""mcpOkCount"":8,""mcpOk"":[true,true,true,true,true,true,true,true],""mcpAddrMask"":[1,1,1,1,1,1,1,1],""mcpControlTested"":true,""mcpControlOkCount"":8,""mcpControlOk"":[true,true,true,true,true,true,true,true],""dacReady"":true,""radioReady"":true,""mlReady"":true,""nullingProfileApplied"":true,""modelProfileReady"":false},""runtimeMcpCode"":[255,519,795,706,799,865,665,139],""model"":{""profileId"":""cnn-dualbranch-datasheet-v1-unbound"",""scalerProfileId"":""cnn-dualbranch-datasheet-v1-unbound"",""productionApproved"":true,""boundNullingProfileId"":8,""activeNullingProfileId"":9,""bindingValid"":true,""bindingModelMatches"":true,""profileReady"":false,""inferenceValid"":false,""sensorFault"":true},""lora"":{""beginState"":0,""lastTxState"":0,""lastTxOk"":false,""txSeq"":0,""txCounter"":0,""aesKeyProvisioned"":true,""aesKeyPresent"":true,""aesKeySource"":""nvs"",""keyId"":1,""lastDownlinkCommandId"":0,""freqMHz"":920,""bwKHz"":125,""sf"":7,""cr"":5,""syncWord"":18,""txPowerDbm"":17,""preamble"":8,""tcxoVoltage"":1.600000024,""xtalVoltage"":0},""dataset"":{""state"":""idle"",""step"":""idle"",""label"":"""",""seq"":0,""targetSamples"":0,""sampleIntervalMs"":500,""maxDurationMs"":0,""useFanIntake"":true,""fanOnMs"":1000,""postFanSettleMs"":0,""nullingProfileId"":9,""queuePending"":0,""queueCapacity"":16,""queueEnqueued"":0,""queueDropped"":0,""publishFailCount"":0,""retryCount"":0,""retryFailCount"":0,""rejectedSamples"":0,""lastRejectReason"":""none"",""lastRejectChannel"":-1,""lastRejectOkFiniteCount"":0,""lastRejectStatus"":255,""lastRejectGain"":0,""lastRejectSaturated"":false},""recovery"":{""wifiReconnectCount"":0,""wifiReconnectFailCount"":0,""mqttReconnectCount"":0,""mqttConnectFailCount"":0,""lastMqttState"":0,""adsRecoveryCount"":0,""adsRecoveryFailCount"":0,""adsReadFailStreak"":0,""lastReason"":""none"",""lastRecoveryMs"":0,""bootRecoveryArmed"":false,""bootRecoveryDueMs"":0,""bootRecoveryReason"":""none"",""bootRecoveryNonAdsFailure"":false,""bootRecoveryRestartCount"":0},""nulling"":{""done"":false,""retryArmed"":false,""attemptCount"":0,""nextRetryMs"":0,""thresholdV"":9.999999747E-06,""minFinalV"":0},""telemetry"":{""valid"":true,""sampleMs"":6432874,""gasClass"":6,""gasName"":""CO2"",""confidence"":0,""alarm"":false,""sensorVoltage"":[0.093096644,0.004088395,0.004851065,-0.00252474,-0.008657608,-0.011225769,-0.019182835,-0.024841916],""sensorGain"":[32,64,64,64,64,64,64,64],""sensorStatus"":[0,0,0,0,0,0,0,0],""featureOrder"":[""MQ8"",""MQ135"",""MQ3"",""MQ5"",""MQ4"",""MQ7"",""MQ6"",""MQ2""]},""alarmLatched"":false}"
2026-08-04 11:08:17.625 +07:00,56.505,HOT_SWEEP_70,70,700,300,1,0,0.093069188,0.004086529,0.004877168,-0.002540367,-0.008913384,-0.011550108,-0.019568775,-0.025298316,"{""deviceId"":""1001"",""nodeId"":4097,""targetChId"":""0010"",""mode"":""inference"",""uptimeMs"":6433969,""debugEnabled"":true,""power"":{""mode"":""24v"",""externalPower"":true,""batteryMv"":65535,""batteryValid"":false,""batteryDetected"":false,""batterySenseStatus"":""not_detected"",""batteryLow"":false,""batteryCritical"":false,""sourceAmbiguous"":false,""serviceHoldActive"":false,""serviceHoldEffective"":false},""batterySession"":{""state"":""inactive"",""startedMs"":0,""stateStartedMs"":0,""validSampleBatches"":0,""requiredSampleBatches"":10,""alarmTxAttempts"":0,""alarmTxAttemptLimit"":3,""alarmAckReceived"":false,""pendingAlarm"":false,""pendingSaveRequired"":false,""persistenceFaultHold"":false,""completionReason"":""session_done""},""bootHealth"":{""adsReady"":true,""adsDrdyLevel"":0,""adsDrdyPulldownLevel"":0,""adsDrdyPullupLevel"":0,""adsMisoPulldownLevel"":0,""adsMisoPullupLevel"":1,""adsCsLevel"":1,""adsSyncLevel"":1,""adsStatus"":54,""adsMux"":15,""adsAdcon"":6,""adsDrate"":240,""adsReason"":""ok"",""tcaOk"":true,""mcpOkCount"":8,""mcpOk"":[true,true,true,true,true,true,true,true],""mcpAddrMask"":[1,1,1,1,1,1,1,1],""mcpControlTested"":true,""mcpControlOkCount"":8,""mcpControlOk"":[true,true,true,true,true,true,true,true],""dacReady"":true,""radioReady"":true,""mlReady"":true,""nullingProfileApplied"":true,""modelProfileReady"":false},""runtimeMcpCode"":[255,519,795,706,799,865,665,139],""model"":{""profileId"":""cnn-dualbranch-datasheet-v1-unbound"",""scalerProfileId"":""cnn-dualbranch-datasheet-v1-unbound"",""productionApproved"":true,""boundNullingProfileId"":8,""activeNullingProfileId"":9,""bindingValid"":true,""bindingModelMatches"":true,""profileReady"":false,""inferenceValid"":false,""sensorFault"":true},""lora"":{""beginState"":0,""lastTxState"":0,""lastTxOk"":false,""txSeq"":0,""txCounter"":0,""aesKeyProvisioned"":true,""aesKeyPresent"":true,""aesKeySource"":""nvs"",""keyId"":1,""lastDownlinkCommandId"":0,""freqMHz"":920,""bwKHz"":125,""sf"":7,""cr"":5,""syncWord"":18,""txPowerDbm"":17,""preamble"":8,""tcxoVoltage"":1.600000024,""xtalVoltage"":0},""dataset"":{""state"":""idle"",""step"":""idle"",""label"":"""",""seq"":0,""targetSamples"":0,""sampleIntervalMs"":500,""maxDurationMs"":0,""useFanIntake"":true,""fanOnMs"":1000,""postFanSettleMs"":0,""nullingProfileId"":9,""queuePending"":0,""queueCapacity"":16,""queueEnqueued"":0,""queueDropped"":0,""publishFailCount"":0,""retryCount"":0,""retryFailCount"":0,""rejectedSamples"":0,""lastRejectReason"":""none"",""lastRejectChannel"":-1,""lastRejectOkFiniteCount"":0,""lastRejectStatus"":255,""lastRejectGain"":0,""lastRejectSaturated"":false},""recovery"":{""wifiReconnectCount"":0,""wifiReconnectFailCount"":0,""mqttReconnectCount"":0,""mqttConnectFailCount"":0,""lastMqttState"":0,""adsRecoveryCount"":0,""adsRecoveryFailCount"":0,""adsReadFailStreak"":0,""lastReason"":""none"",""lastRecoveryMs"":0,""bootRecoveryArmed"":false,""bootRecoveryDueMs"":0,""bootRecoveryReason"":""none"",""bootRecoveryNonAdsFailure"":false,""bootRecoveryRestartCount"":0},""nulling"":{""done"":false,""retryArmed"":false,""attemptCount"":0,""nextRetryMs"":0,""thresholdV"":9.999999747E-06,""minFinalV"":0},""telemetry"":{""valid"":true,""sampleMs"":6433591,""gasClass"":6,""gasName"":""CO2"",""confidence"":0,""alarm"":false,""sensorVoltage"":[0.093069188,0.004086529,0.004877168,-0.002540367,-0.008913384,-0.011550108,-0.019568775,-0.025298316],""sensorGain"":[32,64,64,64,64,64,64,64],""sensorStatus"":[0,0,0,0,0,0,0,0],""featureOrder"":[""MQ8"",""MQ135"",""MQ3"",""MQ5"",""MQ4"",""MQ7"",""MQ6"",""MQ2""]},""alarmLatched"":false}"
2026-08-04 11:08:18.323 +07:00,57.203,HOT_SWEEP_70,70,700,300,1,0,0.092777774,0.004090756,0.004929529,-0.002533544,-0.008418363,-0.011543996,-0.019569445,-0.025300533,"{""deviceId"":""1001"",""nodeId"":4097,""targetChId"":""0010"",""mode"":""inference"",""uptimeMs"":6434667,""debugEnabled"":true,""power"":{""mode"":""24v"",""externalPower"":true,""batteryMv"":65535,""batteryValid"":false,""batteryDetected"":false,""batterySenseStatus"":""not_detected"",""batteryLow"":false,""batteryCritical"":false,""sourceAmbiguous"":false,""serviceHoldActive"":false,""serviceHoldEffective"":false},""batterySession"":{""state"":""inactive"",""startedMs"":0,""stateStartedMs"":0,""validSampleBatches"":0,""requiredSampleBatches"":10,""alarmTxAttempts"":0,""alarmTxAttemptLimit"":3,""alarmAckReceived"":false,""pendingAlarm"":false,""pendingSaveRequired"":false,""persistenceFaultHold"":false,""completionReason"":""session_done""},""bootHealth"":{""adsReady"":true,""adsDrdyLevel"":0,""adsDrdyPulldownLevel"":0,""adsDrdyPullupLevel"":0,""adsMisoPulldownLevel"":0,""adsMisoPullupLevel"":1,""adsCsLevel"":1,""adsSyncLevel"":1,""adsStatus"":54,""adsMux"":15,""adsAdcon"":6,""adsDrate"":240,""adsReason"":""ok"",""tcaOk"":true,""mcpOkCount"":8,""mcpOk"":[true,true,true,true,true,true,true,true],""mcpAddrMask"":[1,1,1,1,1,1,1,1],""mcpControlTested"":true,""mcpControlOkCount"":8,""mcpControlOk"":[true,true,true,true,true,true,true,true],""dacReady"":true,""radioReady"":true,""mlReady"":true,""nullingProfileApplied"":true,""modelProfileReady"":false},""runtimeMcpCode"":[255,519,795,706,799,865,665,139],""model"":{""profileId"":""cnn-dualbranch-datasheet-v1-unbound"",""scalerProfileId"":""cnn-dualbranch-datasheet-v1-unbound"",""productionApproved"":true,""boundNullingProfileId"":8,""activeNullingProfileId"":9,""bindingValid"":true,""bindingModelMatches"":true,""profileReady"":false,""inferenceValid"":false,""sensorFault"":true},""lora"":{""beginState"":0,""lastTxState"":0,""lastTxOk"":false,""txSeq"":0,""txCounter"":0,""aesKeyProvisioned"":true,""aesKeyPresent"":true,""aesKeySource"":""nvs"",""keyId"":1,""lastDownlinkCommandId"":0,""freqMHz"":920,""bwKHz"":125,""sf"":7,""cr"":5,""syncWord"":18,""txPowerDbm"":17,""preamble"":8,""tcxoVoltage"":1.600000024,""xtalVoltage"":0},""dataset"":{""state"":""idle"",""step"":""idle"",""label"":"""",""seq"":0,""targetSamples"":0,""sampleIntervalMs"":500,""maxDurationMs"":0,""useFanIntake"":true,""fanOnMs"":1000,""postFanSettleMs"":0,""nullingProfileId"":9,""queuePending"":0,""queueCapacity"":16,""queueEnqueued"":0,""queueDropped"":0,""publishFailCount"":0,""retryCount"":0,""retryFailCount"":0,""rejectedSamples"":0,""lastRejectReason"":""none"",""lastRejectChannel"":-1,""lastRejectOkFiniteCount"":0,""lastRejectStatus"":255,""lastRejectGain"":0,""lastRejectSaturated"":false},""recovery"":{""wifiReconnectCount"":0,""wifiReconnectFailCount"":0,""mqttReconnectCount"":0,""mqttConnectFailCount"":0,""lastMqttState"":0,""adsRecoveryCount"":0,""adsRecoveryFailCount"":0,""adsReadFailStreak"":0,""lastReason"":""none"",""lastRecoveryMs"":0,""bootRecoveryArmed"":false,""bootRecoveryDueMs"":0,""bootRecoveryReason"":""none"",""bootRecoveryNonAdsFailure"":false,""bootRecoveryRestartCount"":0},""nulling"":{""done"":false,""retryArmed"":false,""attemptCount"":0,""nextRetryMs"":0,""thresholdV"":9.999999747E-06,""minFinalV"":0},""telemetry"":{""valid"":true,""sampleMs"":6434247,""gasClass"":6,""gasName"":""CO2"",""confidence"":0,""alarm"":false,""sensorVoltage"":[0.092777774,0.004090756,0.004929529,-0.002533544,-0.008418363,-0.011543996,-0.019569445,-0.025300533],""sensorGain"":[32,64,64,64,64,64,64,64],""sensorStatus"":[0,0,0,0,0,0,0,0],""featureOrder"":[""MQ8"",""MQ135"",""MQ3"",""MQ5"",""MQ4"",""MQ7"",""MQ6"",""MQ2""]},""alarmLatched"":false}"
2026-08-04 11:08:19.016 +07:00,57.896,HOT_SWEEP_70,70,700,300,1,0,0.093936473,0.004050538,0.004851528,-0.002494836,-0.008187006,-0.0112573,-0.019559061,-0.025357928,"{""deviceId"":""1001"",""nodeId"":4097,""targetChId"":""0010"",""mode"":""inference"",""uptimeMs"":6435360,""debugEnabled"":true,""power"":{""mode"":""24v"",""externalPower"":true,""batteryMv"":65535,""batteryValid"":false,""batteryDetected"":false,""batterySenseStatus"":""not_detected"",""batteryLow"":false,""batteryCritical"":false,""sourceAmbiguous"":false,""serviceHoldActive"":false,""serviceHoldEffective"":false},""batterySession"":{""state"":""inactive"",""startedMs"":0,""stateStartedMs"":0,""validSampleBatches"":0,""requiredSampleBatches"":10,""alarmTxAttempts"":0,""alarmTxAttemptLimit"":3,""alarmAckReceived"":false,""pendingAlarm"":false,""pendingSaveRequired"":false,""persistenceFaultHold"":false,""completionReason"":""session_done""},""bootHealth"":{""adsReady"":true,""adsDrdyLevel"":0,""adsDrdyPulldownLevel"":0,""adsDrdyPullupLevel"":0,""adsMisoPulldownLevel"":0,""adsMisoPullupLevel"":1,""adsCsLevel"":1,""adsSyncLevel"":1,""adsStatus"":54,""adsMux"":15,""adsAdcon"":6,""adsDrate"":240,""adsReason"":""ok"",""tcaOk"":true,""mcpOkCount"":8,""mcpOk"":[true,true,true,true,true,true,true,true],""mcpAddrMask"":[1,1,1,1,1,1,1,1],""mcpControlTested"":true,""mcpControlOkCount"":8,""mcpControlOk"":[true,true,true,true,true,true,true,true],""dacReady"":true,""radioReady"":true,""mlReady"":true,""nullingProfileApplied"":true,""modelProfileReady"":false},""runtimeMcpCode"":[255,519,795,706,799,865,665,139],""model"":{""profileId"":""cnn-dualbranch-datasheet-v1-unbound"",""scalerProfileId"":""cnn-dualbranch-datasheet-v1-unbound"",""productionApproved"":true,""boundNullingProfileId"":8,""activeNullingProfileId"":9,""bindingValid"":true,""bindingModelMatches"":true,""profileReady"":false,""inferenceValid"":false,""sensorFault"":true},""lora"":{""beginState"":0,""lastTxState"":0,""lastTxOk"":false,""txSeq"":0,""txCounter"":0,""aesKeyProvisioned"":true,""aesKeyPresent"":true,""aesKeySource"":""nvs"",""keyId"":1,""lastDownlinkCommandId"":0,""freqMHz"":920,""bwKHz"":125,""sf"":7,""cr"":5,""syncWord"":18,""txPowerDbm"":17,""preamble"":8,""tcxoVoltage"":1.600000024,""xtalVoltage"":0},""dataset"":{""state"":""idle"",""step"":""idle"",""label"":"""",""seq"":0,""targetSamples"":0,""sampleIntervalMs"":500,""maxDurationMs"":0,""useFanIntake"":true,""fanOnMs"":1000,""postFanSettleMs"":0,""nullingProfileId"":9,""queuePending"":0,""queueCapacity"":16,""queueEnqueued"":0,""queueDropped"":0,""publishFailCount"":0,""retryCount"":0,""retryFailCount"":0,""rejectedSamples"":0,""lastRejectReason"":""none"",""lastRejectChannel"":-1,""lastRejectOkFiniteCount"":0,""lastRejectStatus"":255,""lastRejectGain"":0,""lastRejectSaturated"":false},""recovery"":{""wifiReconnectCount"":0,""wifiReconnectFailCount"":0,""mqttReconnectCount"":0,""mqttConnectFailCount"":0,""lastMqttState"":0,""adsRecoveryCount"":0,""adsRecoveryFailCount"":0,""adsReadFailStreak"":0,""lastReason"":""none"",""lastRecoveryMs"":0,""bootRecoveryArmed"":false,""bootRecoveryDueMs"":0,""bootRecoveryReason"":""none"",""bootRecoveryNonAdsFailure"":false,""bootRecoveryRestartCount"":0},""nulling"":{""done"":false,""retryArmed"":false,""attemptCount"":0,""nextRetryMs"":0,""thresholdV"":9.999999747E-06,""minFinalV"":0},""telemetry"":{""valid"":true,""sampleMs"":6434945,""gasClass"":6,""gasName"":""CO2"",""confidence"":0,""alarm"":false,""sensorVoltage"":[0.093936473,0.004050538,0.004851528,-0.002494836,-0.008187006,-0.0112573,-0.019559061,-0.025357928],""sensorGain"":[32,64,64,64,64,64,64,64],""sensorStatus"":[0,0,0,0,0,0,0,0],""featureOrder"":[""MQ8"",""MQ135"",""MQ3"",""MQ5"",""MQ4"",""MQ7"",""MQ6"",""MQ2""]},""alarmLatched"":false}"
2026-08-04 11:08:19.694 +07:00,58.575,HOT_SWEEP_70,70,700,300,1,0,0.093920872,0.004055165,0.00487777,-0.002544474,-0.007557607,-0.011137275,-0.019566994,-0.02536338,"{""deviceId"":""1001"",""nodeId"":4097,""targetChId"":""0010"",""mode"":""inference"",""uptimeMs"":6436047,""debugEnabled"":true,""power"":{""mode"":""24v"",""externalPower"":true,""batteryMv"":65535,""batteryValid"":false,""batteryDetected"":false,""batterySenseStatus"":""not_detected"",""batteryLow"":false,""batteryCritical"":false,""sourceAmbiguous"":false,""serviceHoldActive"":false,""serviceHoldEffective"":false},""batterySession"":{""state"":""inactive"",""startedMs"":0,""stateStartedMs"":0,""validSampleBatches"":0,""requiredSampleBatches"":10,""alarmTxAttempts"":0,""alarmTxAttemptLimit"":3,""alarmAckReceived"":false,""pendingAlarm"":false,""pendingSaveRequired"":false,""persistenceFaultHold"":false,""completionReason"":""session_done""},""bootHealth"":{""adsReady"":true,""adsDrdyLevel"":0,""adsDrdyPulldownLevel"":0,""adsDrdyPullupLevel"":0,""adsMisoPulldownLevel"":0,""adsMisoPullupLevel"":1,""adsCsLevel"":1,""adsSyncLevel"":1,""adsStatus"":54,""adsMux"":15,""adsAdcon"":6,""adsDrate"":240,""adsReason"":""ok"",""tcaOk"":true,""mcpOkCount"":8,""mcpOk"":[true,true,true,true,true,true,true,true],""mcpAddrMask"":[1,1,1,1,1,1,1,1],""mcpControlTested"":true,""mcpControlOkCount"":8,""mcpControlOk"":[true,true,true,true,true,true,true,true],""dacReady"":true,""radioReady"":true,""mlReady"":true,""nullingProfileApplied"":true,""modelProfileReady"":false},""runtimeMcpCode"":[255,519,795,706,799,865,665,139],""model"":{""profileId"":""cnn-dualbranch-datasheet-v1-unbound"",""scalerProfileId"":""cnn-dualbranch-datasheet-v1-unbound"",""productionApproved"":true,""boundNullingProfileId"":8,""activeNullingProfileId"":9,""bindingValid"":true,""bindingModelMatches"":true,""profileReady"":false,""inferenceValid"":false,""sensorFault"":true},""lora"":{""beginState"":0,""lastTxState"":0,""lastTxOk"":false,""txSeq"":0,""txCounter"":0,""aesKeyProvisioned"":true,""aesKeyPresent"":true,""aesKeySource"":""nvs"",""keyId"":1,""lastDownlinkCommandId"":0,""freqMHz"":920,""bwKHz"":125,""sf"":7,""cr"":5,""syncWord"":18,""txPowerDbm"":17,""preamble"":8,""tcxoVoltage"":1.600000024,""xtalVoltage"":0},""dataset"":{""state"":""idle"",""step"":""idle"",""label"":"""",""seq"":0,""targetSamples"":0,""sampleIntervalMs"":500,""maxDurationMs"":0,""useFanIntake"":true,""fanOnMs"":1000,""postFanSettleMs"":0,""nullingProfileId"":9,""queuePending"":0,""queueCapacity"":16,""queueEnqueued"":0,""queueDropped"":0,""publishFailCount"":0,""retryCount"":0,""retryFailCount"":0,""rejectedSamples"":0,""lastRejectReason"":""none"",""lastRejectChannel"":-1,""lastRejectOkFiniteCount"":0,""lastRejectStatus"":255,""lastRejectGain"":0,""lastRejectSaturated"":false},""recovery"":{""wifiReconnectCount"":0,""wifiReconnectFailCount"":0,""mqttReconnectCount"":0,""mqttConnectFailCount"":0,""lastMqttState"":0,""adsRecoveryCount"":0,""adsRecoveryFailCount"":0,""adsReadFailStreak"":0,""lastReason"":""none"",""lastRecoveryMs"":0,""bootRecoveryArmed"":false,""bootRecoveryDueMs"":0,""bootRecoveryReason"":""none"",""bootRecoveryNonAdsFailure"":false,""bootRecoveryRestartCount"":0},""nulling"":{""done"":false,""retryArmed"":false,""attemptCount"":0,""nextRetryMs"":0,""thresholdV"":9.999999747E-06,""minFinalV"":0},""telemetry"":{""valid"":true,""sampleMs"":6435670,""gasClass"":6,""gasName"":""CO2"",""confidence"":0,""alarm"":false,""sensorVoltage"":[0.093920872,0.004055165,0.00487777,-0.002544474,-0.007557607,-0.011137275,-0.019566994,-0.02536338],""sensorGain"":[32,64,64,64,64,64,64,64],""sensorStatus"":[0,0,0,0,0,0,0,0],""featureOrder"":[""MQ8"",""MQ135"",""MQ3"",""MQ5"",""MQ4"",""MQ7"",""MQ6"",""MQ2""]},""alarmLatched"":false}"
2026-08-04 11:08:20.380 +07:00,59.261,HOT_SWEEP_70,70,700,300,1,0,0.093549728,0.004040691,0.004871712,-0.002539981,-0.006652703,-0.011141336,-0.01950727,-0.025351709,"{""deviceId"":""1001"",""nodeId"":4097,""targetChId"":""0010"",""mode"":""inference"",""uptimeMs"":6436726,""debugEnabled"":true,""power"":{""mode"":""24v"",""externalPower"":true,""batteryMv"":65535,""batteryValid"":false,""batteryDetected"":false,""batterySenseStatus"":""not_detected"",""batteryLow"":false,""batteryCritical"":false,""sourceAmbiguous"":false,""serviceHoldActive"":false,""serviceHoldEffective"":false},""batterySession"":{""state"":""inactive"",""startedMs"":0,""stateStartedMs"":0,""validSampleBatches"":0,""requiredSampleBatches"":10,""alarmTxAttempts"":0,""alarmTxAttemptLimit"":3,""alarmAckReceived"":false,""pendingAlarm"":false,""pendingSaveRequired"":false,""persistenceFaultHold"":false,""completionReason"":""session_done""},""bootHealth"":{""adsReady"":true,""adsDrdyLevel"":0,""adsDrdyPulldownLevel"":0,""adsDrdyPullupLevel"":0,""adsMisoPulldownLevel"":0,""adsMisoPullupLevel"":1,""adsCsLevel"":1,""adsSyncLevel"":1,""adsStatus"":54,""adsMux"":15,""adsAdcon"":6,""adsDrate"":240,""adsReason"":""ok"",""tcaOk"":true,""mcpOkCount"":8,""mcpOk"":[true,true,true,true,true,true,true,true],""mcpAddrMask"":[1,1,1,1,1,1,1,1],""mcpControlTested"":true,""mcpControlOkCount"":8,""mcpControlOk"":[true,true,true,true,true,true,true,true],""dacReady"":true,""radioReady"":true,""mlReady"":true,""nullingProfileApplied"":true,""modelProfileReady"":false},""runtimeMcpCode"":[255,519,795,706,799,865,665,139],""model"":{""profileId"":""cnn-dualbranch-datasheet-v1-unbound"",""scalerProfileId"":""cnn-dualbranch-datasheet-v1-unbound"",""productionApproved"":true,""boundNullingProfileId"":8,""activeNullingProfileId"":9,""bindingValid"":true,""bindingModelMatches"":true,""profileReady"":false,""inferenceValid"":false,""sensorFault"":true},""lora"":{""beginState"":0,""lastTxState"":0,""lastTxOk"":false,""txSeq"":0,""txCounter"":0,""aesKeyProvisioned"":true,""aesKeyPresent"":true,""aesKeySource"":""nvs"",""keyId"":1,""lastDownlinkCommandId"":0,""freqMHz"":920,""bwKHz"":125,""sf"":7,""cr"":5,""syncWord"":18,""txPowerDbm"":17,""preamble"":8,""tcxoVoltage"":1.600000024,""xtalVoltage"":0},""dataset"":{""state"":""idle"",""step"":""idle"",""label"":"""",""seq"":0,""targetSamples"":0,""sampleIntervalMs"":500,""maxDurationMs"":0,""useFanIntake"":true,""fanOnMs"":1000,""postFanSettleMs"":0,""nullingProfileId"":9,""queuePending"":0,""queueCapacity"":16,""queueEnqueued"":0,""queueDropped"":0,""publishFailCount"":0,""retryCount"":0,""retryFailCount"":0,""rejectedSamples"":0,""lastRejectReason"":""none"",""lastRejectChannel"":-1,""lastRejectOkFiniteCount"":0,""lastRejectStatus"":255,""lastRejectGain"":0,""lastRejectSaturated"":false},""recovery"":{""wifiReconnectCount"":0,""wifiReconnectFailCount"":0,""mqttReconnectCount"":0,""mqttConnectFailCount"":0,""lastMqttState"":0,""adsRecoveryCount"":0,""adsRecoveryFailCount"":0,""adsReadFailStreak"":0,""lastReason"":""none"",""lastRecoveryMs"":0,""bootRecoveryArmed"":false,""bootRecoveryDueMs"":0,""bootRecoveryReason"":""none"",""bootRecoveryNonAdsFailure"":false,""bootRecoveryRestartCount"":0},""nulling"":{""done"":false,""retryArmed"":false,""attemptCount"":0,""nextRetryMs"":0,""thresholdV"":9.999999747E-06,""minFinalV"":0},""telemetry"":{""valid"":true,""sampleMs"":6436325,""gasClass"":6,""gasName"":""CO2"",""confidence"":0,""alarm"":false,""sensorVoltage"":[0.093549728,0.004040691,0.004871712,-0.002539981,-0.006652703,-0.011141336,-0.01950727,-0.025351709],""sensorGain"":[32,64,64,64,64,64,64,64],""sensorStatus"":[0,0,0,0,0,0,0,0],""featureOrder"":[""MQ8"",""MQ135"",""MQ3"",""MQ5"",""MQ4"",""MQ7"",""MQ6"",""MQ2""]},""alarmLatched"":false}"
2026-08-04 11:08:21.070 +07:00,59.950,HOT_SWEEP_70,70,700,300,1,0,0.094865277,0.003995614,0.004844139,-0.002511799,-0.006657274,-0.011140573,-0.019454239,-0.025384188,"{""deviceId"":""1001"",""nodeId"":4097,""targetChId"":""0010"",""mode"":""inference"",""uptimeMs"":6437414,""debugEnabled"":true,""power"":{""mode"":""24v"",""externalPower"":true,""batteryMv"":65535,""batteryValid"":false,""batteryDetected"":false,""batterySenseStatus"":""not_detected"",""batteryLow"":false,""batteryCritical"":false,""sourceAmbiguous"":false,""serviceHoldActive"":false,""serviceHoldEffective"":false},""batterySession"":{""state"":""inactive"",""startedMs"":0,""stateStartedMs"":0,""validSampleBatches"":0,""requiredSampleBatches"":10,""alarmTxAttempts"":0,""alarmTxAttemptLimit"":3,""alarmAckReceived"":false,""pendingAlarm"":false,""pendingSaveRequired"":false,""persistenceFaultHold"":false,""completionReason"":""session_done""},""bootHealth"":{""adsReady"":true,""adsDrdyLevel"":0,""adsDrdyPulldownLevel"":0,""adsDrdyPullupLevel"":0,""adsMisoPulldownLevel"":0,""adsMisoPullupLevel"":1,""adsCsLevel"":1,""adsSyncLevel"":1,""adsStatus"":54,""adsMux"":15,""adsAdcon"":6,""adsDrate"":240,""adsReason"":""ok"",""tcaOk"":true,""mcpOkCount"":8,""mcpOk"":[true,true,true,true,true,true,true,true],""mcpAddrMask"":[1,1,1,1,1,1,1,1],""mcpControlTested"":true,""mcpControlOkCount"":8,""mcpControlOk"":[true,true,true,true,true,true,true,true],""dacReady"":true,""radioReady"":true,""mlReady"":true,""nullingProfileApplied"":true,""modelProfileReady"":false},""runtimeMcpCode"":[255,519,795,706,799,865,665,139],""model"":{""profileId"":""cnn-dualbranch-datasheet-v1-unbound"",""scalerProfileId"":""cnn-dualbranch-datasheet-v1-unbound"",""productionApproved"":true,""boundNullingProfileId"":8,""activeNullingProfileId"":9,""bindingValid"":true,""bindingModelMatches"":true,""profileReady"":false,""inferenceValid"":false,""sensorFault"":true},""lora"":{""beginState"":0,""lastTxState"":0,""lastTxOk"":false,""txSeq"":0,""txCounter"":0,""aesKeyProvisioned"":true,""aesKeyPresent"":true,""aesKeySource"":""nvs"",""keyId"":1,""lastDownlinkCommandId"":0,""freqMHz"":920,""bwKHz"":125,""sf"":7,""cr"":5,""syncWord"":18,""txPowerDbm"":17,""preamble"":8,""tcxoVoltage"":1.600000024,""xtalVoltage"":0},""dataset"":{""state"":""idle"",""step"":""idle"",""label"":"""",""seq"":0,""targetSamples"":0,""sampleIntervalMs"":500,""maxDurationMs"":0,""useFanIntake"":true,""fanOnMs"":1000,""postFanSettleMs"":0,""nullingProfileId"":9,""queuePending"":0,""queueCapacity"":16,""queueEnqueued"":0,""queueDropped"":0,""publishFailCount"":0,""retryCount"":0,""retryFailCount"":0,""rejectedSamples"":0,""lastRejectReason"":""none"",""lastRejectChannel"":-1,""lastRejectOkFiniteCount"":0,""lastRejectStatus"":255,""lastRejectGain"":0,""lastRejectSaturated"":false},""recovery"":{""wifiReconnectCount"":0,""wifiReconnectFailCount"":0,""mqttReconnectCount"":0,""mqttConnectFailCount"":0,""lastMqttState"":0,""adsRecoveryCount"":0,""adsRecoveryFailCount"":0,""adsReadFailStreak"":0,""lastReason"":""none"",""lastRecoveryMs"":0,""bootRecoveryArmed"":false,""bootRecoveryDueMs"":0,""bootRecoveryReason"":""none"",""bootRecoveryNonAdsFailure"":false,""bootRecoveryRestartCount"":0},""nulling"":{""done"":false,""retryArmed"":false,""attemptCount"":0,""nextRetryMs"":0,""thresholdV"":9.999999747E-06,""minFinalV"":0},""telemetry"":{""valid"":true,""sampleMs"":6437004,""gasClass"":6,""gasName"":""CO2"",""confidence"":0,""alarm"":false,""sensorVoltage"":[0.094865277,0.003995614,0.004844139,-0.002511799,-0.006657274,-0.011140573,-0.019454239,-0.025384188],""sensorGain"":[32,64,64,64,64,64,64,64],""sensorStatus"":[0,0,0,0,0,0,0,0],""featureOrder"":[""MQ8"",""MQ135"",""MQ3"",""MQ5"",""MQ4"",""MQ7"",""MQ6"",""MQ2""]},""alarmLatched"":false}"
2026-08-04 11:08:21.754 +07:00,60.635,HOT_SWEEP_70,70,700,300,1,0,0.094798729,0.004074498,0.004870282,-0.002487046,-0.006038538,-0.011251892,-0.019496759,-0.025403699,"{""deviceId"":""1001"",""nodeId"":4097,""targetChId"":""0010"",""mode"":""inference"",""uptimeMs"":6438101,""debugEnabled"":true,""power"":{""mode"":""24v"",""externalPower"":true,""batteryMv"":65535,""batteryValid"":false,""batteryDetected"":false,""batterySenseStatus"":""not_detected"",""batteryLow"":false,""batteryCritical"":false,""sourceAmbiguous"":false,""serviceHoldActive"":false,""serviceHoldEffective"":false},""batterySession"":{""state"":""inactive"",""startedMs"":0,""stateStartedMs"":0,""validSampleBatches"":0,""requiredSampleBatches"":10,""alarmTxAttempts"":0,""alarmTxAttemptLimit"":3,""alarmAckReceived"":false,""pendingAlarm"":false,""pendingSaveRequired"":false,""persistenceFaultHold"":false,""completionReason"":""session_done""},""bootHealth"":{""adsReady"":true,""adsDrdyLevel"":0,""adsDrdyPulldownLevel"":0,""adsDrdyPullupLevel"":0,""adsMisoPulldownLevel"":0,""adsMisoPullupLevel"":1,""adsCsLevel"":1,""adsSyncLevel"":1,""adsStatus"":54,""adsMux"":15,""adsAdcon"":6,""adsDrate"":240,""adsReason"":""ok"",""tcaOk"":true,""mcpOkCount"":8,""mcpOk"":[true,true,true,true,true,true,true,true],""mcpAddrMask"":[1,1,1,1,1,1,1,1],""mcpControlTested"":true,""mcpControlOkCount"":8,""mcpControlOk"":[true,true,true,true,true,true,true,true],""dacReady"":true,""radioReady"":true,""mlReady"":true,""nullingProfileApplied"":true,""modelProfileReady"":false},""runtimeMcpCode"":[255,519,795,706,799,865,665,139],""model"":{""profileId"":""cnn-dualbranch-datasheet-v1-unbound"",""scalerProfileId"":""cnn-dualbranch-datasheet-v1-unbound"",""productionApproved"":true,""boundNullingProfileId"":8,""activeNullingProfileId"":9,""bindingValid"":true,""bindingModelMatches"":true,""profileReady"":false,""inferenceValid"":false,""sensorFault"":true},""lora"":{""beginState"":0,""lastTxState"":0,""lastTxOk"":false,""txSeq"":0,""txCounter"":0,""aesKeyProvisioned"":true,""aesKeyPresent"":true,""aesKeySource"":""nvs"",""keyId"":1,""lastDownlinkCommandId"":0,""freqMHz"":920,""bwKHz"":125,""sf"":7,""cr"":5,""syncWord"":18,""txPowerDbm"":17,""preamble"":8,""tcxoVoltage"":1.600000024,""xtalVoltage"":0},""dataset"":{""state"":""idle"",""step"":""idle"",""label"":"""",""seq"":0,""targetSamples"":0,""sampleIntervalMs"":500,""maxDurationMs"":0,""useFanIntake"":true,""fanOnMs"":1000,""postFanSettleMs"":0,""nullingProfileId"":9,""queuePending"":0,""queueCapacity"":16,""queueEnqueued"":0,""queueDropped"":0,""publishFailCount"":0,""retryCount"":0,""retryFailCount"":0,""rejectedSamples"":0,""lastRejectReason"":""none"",""lastRejectChannel"":-1,""lastRejectOkFiniteCount"":0,""lastRejectStatus"":255,""lastRejectGain"":0,""lastRejectSaturated"":false},""recovery"":{""wifiReconnectCount"":0,""wifiReconnectFailCount"":0,""mqttReconnectCount"":0,""mqttConnectFailCount"":0,""lastMqttState"":0,""adsRecoveryCount"":0,""adsRecoveryFailCount"":0,""adsReadFailStreak"":0,""lastReason"":""none"",""lastRecoveryMs"":0,""bootRecoveryArmed"":false,""bootRecoveryDueMs"":0,""bootRecoveryReason"":""none"",""bootRecoveryNonAdsFailure"":false,""bootRecoveryRestartCount"":0},""nulling"":{""done"":false,""retryArmed"":false,""attemptCount"":0,""nextRetryMs"":0,""thresholdV"":9.999999747E-06,""minFinalV"":0},""telemetry"":{""valid"":true,""sampleMs"":6437724,""gasClass"":6,""gasName"":""CO2"",""confidence"":0,""alarm"":false,""sensorVoltage"":[0.094798729,0.004074498,0.004870282,-0.002487046,-0.006038538,-0.011251892,-0.019496759,-0.025403699],""sensorGain"":[32,64,64,64,64,64,64,64],""sensorStatus"":[0,0,0,0,0,0,0,0],""featureOrder"":[""MQ8"",""MQ135"",""MQ3"",""MQ5"",""MQ4"",""MQ7"",""MQ6"",""MQ2""]},""alarmLatched"":false}"
2026-08-04 11:08:22.479 +07:00,61.358,HOT_SWEEP_70,70,700,300,1,0,0.094586536,0.004049236,0.004902154,-0.002495588,-0.006106203,-0.011336362,-0.019515943,-0.025392884,"{""deviceId"":""1001"",""nodeId"":4097,""targetChId"":""0010"",""mode"":""inference"",""uptimeMs"":6438820,""debugEnabled"":true,""power"":{""mode"":""24v"",""externalPower"":true,""batteryMv"":65535,""batteryValid"":false,""batteryDetected"":false,""batterySenseStatus"":""not_detected"",""batteryLow"":false,""batteryCritical"":false,""sourceAmbiguous"":false,""serviceHoldActive"":false,""serviceHoldEffective"":false},""batterySession"":{""state"":""inactive"",""startedMs"":0,""stateStartedMs"":0,""validSampleBatches"":0,""requiredSampleBatches"":10,""alarmTxAttempts"":0,""alarmTxAttemptLimit"":3,""alarmAckReceived"":false,""pendingAlarm"":false,""pendingSaveRequired"":false,""persistenceFaultHold"":false,""completionReason"":""session_done""},""bootHealth"":{""adsReady"":true,""adsDrdyLevel"":0,""adsDrdyPulldownLevel"":0,""adsDrdyPullupLevel"":0,""adsMisoPulldownLevel"":0,""adsMisoPullupLevel"":1,""adsCsLevel"":1,""adsSyncLevel"":1,""adsStatus"":54,""adsMux"":15,""adsAdcon"":6,""adsDrate"":240,""adsReason"":""ok"",""tcaOk"":true,""mcpOkCount"":8,""mcpOk"":[true,true,true,true,true,true,true,true],""mcpAddrMask"":[1,1,1,1,1,1,1,1],""mcpControlTested"":true,""mcpControlOkCount"":8,""mcpControlOk"":[true,true,true,true,true,true,true,true],""dacReady"":true,""radioReady"":true,""mlReady"":true,""nullingProfileApplied"":true,""modelProfileReady"":false},""runtimeMcpCode"":[255,519,795,706,799,865,665,139],""model"":{""profileId"":""cnn-dualbranch-datasheet-v1-unbound"",""scalerProfileId"":""cnn-dualbranch-datasheet-v1-unbound"",""productionApproved"":true,""boundNullingProfileId"":8,""activeNullingProfileId"":9,""bindingValid"":true,""bindingModelMatches"":true,""profileReady"":false,""inferenceValid"":false,""sensorFault"":true},""lora"":{""beginState"":0,""lastTxState"":0,""lastTxOk"":false,""txSeq"":0,""txCounter"":0,""aesKeyProvisioned"":true,""aesKeyPresent"":true,""aesKeySource"":""nvs"",""keyId"":1,""lastDownlinkCommandId"":0,""freqMHz"":920,""bwKHz"":125,""sf"":7,""cr"":5,""syncWord"":18,""txPowerDbm"":17,""preamble"":8,""tcxoVoltage"":1.600000024,""xtalVoltage"":0},""dataset"":{""state"":""idle"",""step"":""idle"",""label"":"""",""seq"":0,""targetSamples"":0,""sampleIntervalMs"":500,""maxDurationMs"":0,""useFanIntake"":true,""fanOnMs"":1000,""postFanSettleMs"":0,""nullingProfileId"":9,""queuePending"":0,""queueCapacity"":16,""queueEnqueued"":0,""queueDropped"":0,""publishFailCount"":0,""retryCount"":0,""retryFailCount"":0,""rejectedSamples"":0,""lastRejectReason"":""none"",""lastRejectChannel"":-1,""lastRejectOkFiniteCount"":0,""lastRejectStatus"":255,""lastRejectGain"":0,""lastRejectSaturated"":false},""recovery"":{""wifiReconnectCount"":0,""wifiReconnectFailCount"":0,""mqttReconnectCount"":0,""mqttConnectFailCount"":0,""lastMqttState"":0,""adsRecoveryCount"":0,""adsRecoveryFailCount"":0,""adsReadFailStreak"":0,""lastReason"":""none"",""lastRecoveryMs"":0,""bootRecoveryArmed"":false,""bootRecoveryDueMs"":0,""bootRecoveryReason"":""none"",""bootRecoveryNonAdsFailure"":false,""bootRecoveryRestartCount"":0},""nulling"":{""done"":false,""retryArmed"":false,""attemptCount"":0,""nextRetryMs"":0,""thresholdV"":9.999999747E-06,""minFinalV"":0},""telemetry"":{""valid"":true,""sampleMs"":6438379,""gasClass"":6,""gasName"":""CO2"",""confidence"":0,""alarm"":false,""sensorVoltage"":[0.094586536,0.004049236,0.004902154,-0.002495588,-0.006106203,-0.011336362,-0.019515943,-0.025392884],""sensorGain"":[32,64,64,64,64,64,64,64],""sensorStatus"":[0,0,0,0,0,0,0,0],""featureOrder"":[""MQ8"",""MQ135"",""MQ3"",""MQ5"",""MQ4"",""MQ7"",""MQ6"",""MQ2""]},""alarmLatched"":false}"
2026-08-04 11:08:23.164 +07:00,62.045,HOT_SWEEP_70,70,700,300,1,0,0.095203981,0.004044588,0.004965693,-0.002478702,-0.006500585,-0.011326732,-0.019533314,-0.025439847,"{""deviceId"":""1001"",""nodeId"":4097,""targetChId"":""0010"",""mode"":""inference"",""uptimeMs"":6439509,""debugEnabled"":true,""power"":{""mode"":""24v"",""externalPower"":true,""batteryMv"":65535,""batteryValid"":false,""batteryDetected"":false,""batterySenseStatus"":""not_detected"",""batteryLow"":false,""batteryCritical"":false,""sourceAmbiguous"":false,""serviceHoldActive"":false,""serviceHoldEffective"":false},""batterySession"":{""state"":""inactive"",""startedMs"":0,""stateStartedMs"":0,""validSampleBatches"":0,""requiredSampleBatches"":10,""alarmTxAttempts"":0,""alarmTxAttemptLimit"":3,""alarmAckReceived"":false,""pendingAlarm"":false,""pendingSaveRequired"":false,""persistenceFaultHold"":false,""completionReason"":""session_done""},""bootHealth"":{""adsReady"":true,""adsDrdyLevel"":0,""adsDrdyPulldownLevel"":0,""adsDrdyPullupLevel"":0,""adsMisoPulldownLevel"":0,""adsMisoPullupLevel"":1,""adsCsLevel"":1,""adsSyncLevel"":1,""adsStatus"":54,""adsMux"":15,""adsAdcon"":6,""adsDrate"":240,""adsReason"":""ok"",""tcaOk"":true,""mcpOkCount"":8,""mcpOk"":[true,true,true,true,true,true,true,true],""mcpAddrMask"":[1,1,1,1,1,1,1,1],""mcpControlTested"":true,""mcpControlOkCount"":8,""mcpControlOk"":[true,true,true,true,true,true,true,true],""dacReady"":true,""radioReady"":true,""mlReady"":true,""nullingProfileApplied"":true,""modelProfileReady"":false},""runtimeMcpCode"":[255,519,795,706,799,865,665,139],""model"":{""profileId"":""cnn-dualbranch-datasheet-v1-unbound"",""scalerProfileId"":""cnn-dualbranch-datasheet-v1-unbound"",""productionApproved"":true,""boundNullingProfileId"":8,""activeNullingProfileId"":9,""bindingValid"":true,""bindingModelMatches"":true,""profileReady"":false,""inferenceValid"":false,""sensorFault"":true},""lora"":{""beginState"":0,""lastTxState"":0,""lastTxOk"":false,""txSeq"":0,""txCounter"":0,""aesKeyProvisioned"":true,""aesKeyPresent"":true,""aesKeySource"":""nvs"",""keyId"":1,""lastDownlinkCommandId"":0,""freqMHz"":920,""bwKHz"":125,""sf"":7,""cr"":5,""syncWord"":18,""txPowerDbm"":17,""preamble"":8,""tcxoVoltage"":1.600000024,""xtalVoltage"":0},""dataset"":{""state"":""idle"",""step"":""idle"",""label"":"""",""seq"":0,""targetSamples"":0,""sampleIntervalMs"":500,""maxDurationMs"":0,""useFanIntake"":true,""fanOnMs"":1000,""postFanSettleMs"":0,""nullingProfileId"":9,""queuePending"":0,""queueCapacity"":16,""queueEnqueued"":0,""queueDropped"":0,""publishFailCount"":0,""retryCount"":0,""retryFailCount"":0,""rejectedSamples"":0,""lastRejectReason"":""none"",""lastRejectChannel"":-1,""lastRejectOkFiniteCount"":0,""lastRejectStatus"":255,""lastRejectGain"":0,""lastRejectSaturated"":false},""recovery"":{""wifiReconnectCount"":0,""wifiReconnectFailCount"":0,""mqttReconnectCount"":0,""mqttConnectFailCount"":0,""lastMqttState"":0,""adsRecoveryCount"":0,""adsRecoveryFailCount"":0,""adsReadFailStreak"":0,""lastReason"":""none"",""lastRecoveryMs"":0,""bootRecoveryArmed"":false,""bootRecoveryDueMs"":0,""bootRecoveryReason"":""none"",""bootRecoveryNonAdsFailure"":false,""bootRecoveryRestartCount"":0},""nulling"":{""done"":false,""retryArmed"":false,""attemptCount"":0,""nextRetryMs"":0,""thresholdV"":9.999999747E-06,""minFinalV"":0},""telemetry"":{""valid"":true,""sampleMs"":6439098,""gasClass"":6,""gasName"":""CO2"",""confidence"":0,""alarm"":false,""sensorVoltage"":[0.095203981,0.004044588,0.004965693,-0.002478702,-0.006500585,-0.011326732,-0.019533314,-0.025439847],""sensorGain"":[32,64,64,64,64,64,64,64],""sensorStatus"":[0,0,0,0,0,0,0,0],""featureOrder"":[""MQ8"",""MQ135"",""MQ3"",""MQ5"",""MQ4"",""MQ7"",""MQ6"",""MQ2""]},""alarmLatched"":false}"
2026-08-04 11:08:23.858 +07:00,62.735,HOT_SWEEP_70,70,700,300,1,0,0.09545929,0.004067057,0.004960111,-0.002488286,-0.005591077,-0.011338019,-0.019538857,-0.025388855,"{""deviceId"":""1001"",""nodeId"":4097,""targetChId"":""0010"",""mode"":""inference"",""uptimeMs"":6440199,""debugEnabled"":true,""power"":{""mode"":""24v"",""externalPower"":true,""batteryMv"":65535,""batteryValid"":false,""batteryDetected"":false,""batterySenseStatus"":""not_detected"",""batteryLow"":false,""batteryCritical"":false,""sourceAmbiguous"":false,""serviceHoldActive"":false,""serviceHoldEffective"":false},""batterySession"":{""state"":""inactive"",""startedMs"":0,""stateStartedMs"":0,""validSampleBatches"":0,""requiredSampleBatches"":10,""alarmTxAttempts"":0,""alarmTxAttemptLimit"":3,""alarmAckReceived"":false,""pendingAlarm"":false,""pendingSaveRequired"":false,""persistenceFaultHold"":false,""completionReason"":""session_done""},""bootHealth"":{""adsReady"":true,""adsDrdyLevel"":0,""adsDrdyPulldownLevel"":0,""adsDrdyPullupLevel"":0,""adsMisoPulldownLevel"":0,""adsMisoPullupLevel"":1,""adsCsLevel"":1,""adsSyncLevel"":1,""adsStatus"":54,""adsMux"":15,""adsAdcon"":6,""adsDrate"":240,""adsReason"":""ok"",""tcaOk"":true,""mcpOkCount"":8,""mcpOk"":[true,true,true,true,true,true,true,true],""mcpAddrMask"":[1,1,1,1,1,1,1,1],""mcpControlTested"":true,""mcpControlOkCount"":8,""mcpControlOk"":[true,true,true,true,true,true,true,true],""dacReady"":true,""radioReady"":true,""mlReady"":true,""nullingProfileApplied"":true,""modelProfileReady"":false},""runtimeMcpCode"":[255,519,795,706,799,865,665,139],""model"":{""profileId"":""cnn-dualbranch-datasheet-v1-unbound"",""scalerProfileId"":""cnn-dualbranch-datasheet-v1-unbound"",""productionApproved"":true,""boundNullingProfileId"":8,""activeNullingProfileId"":9,""bindingValid"":true,""bindingModelMatches"":true,""profileReady"":false,""inferenceValid"":false,""sensorFault"":true},""lora"":{""beginState"":0,""lastTxState"":0,""lastTxOk"":false,""txSeq"":0,""txCounter"":0,""aesKeyProvisioned"":true,""aesKeyPresent"":true,""aesKeySource"":""nvs"",""keyId"":1,""lastDownlinkCommandId"":0,""freqMHz"":920,""bwKHz"":125,""sf"":7,""cr"":5,""syncWord"":18,""txPowerDbm"":17,""preamble"":8,""tcxoVoltage"":1.600000024,""xtalVoltage"":0},""dataset"":{""state"":""idle"",""step"":""idle"",""label"":"""",""seq"":0,""targetSamples"":0,""sampleIntervalMs"":500,""maxDurationMs"":0,""useFanIntake"":true,""fanOnMs"":1000,""postFanSettleMs"":0,""nullingProfileId"":9,""queuePending"":0,""queueCapacity"":16,""queueEnqueued"":0,""queueDropped"":0,""publishFailCount"":0,""retryCount"":0,""retryFailCount"":0,""rejectedSamples"":0,""lastRejectReason"":""none"",""lastRejectChannel"":-1,""lastRejectOkFiniteCount"":0,""lastRejectStatus"":255,""lastRejectGain"":0,""lastRejectSaturated"":false},""recovery"":{""wifiReconnectCount"":0,""wifiReconnectFailCount"":0,""mqttReconnectCount"":0,""mqttConnectFailCount"":0,""lastMqttState"":0,""adsRecoveryCount"":0,""adsRecoveryFailCount"":0,""adsReadFailStreak"":0,""lastReason"":""none"",""lastRecoveryMs"":0,""bootRecoveryArmed"":false,""bootRecoveryDueMs"":0,""bootRecoveryReason"":""none"",""bootRecoveryNonAdsFailure"":false,""bootRecoveryRestartCount"":0},""nulling"":{""done"":false,""retryArmed"":false,""attemptCount"":0,""nextRetryMs"":0,""thresholdV"":9.999999747E-06,""minFinalV"":0},""telemetry"":{""valid"":true,""sampleMs"":6439819,""gasClass"":6,""gasName"":""CO2"",""confidence"":0,""alarm"":false,""sensorVoltage"":[0.09545929,0.004067057,0.004960111,-0.002488286,-0.005591077,-0.011338019,-0.019538857,-0.025388855],""sensorGain"":[32,64,64,64,64,64,64,64],""sensorStatus"":[0,0,0,0,0,0,0,0],""featureOrder"":[""MQ8"",""MQ135"",""MQ3"",""MQ5"",""MQ4"",""MQ7"",""MQ6"",""MQ2""]},""alarmLatched"":false}"
2026-08-04 11:08:24.548 +07:00,63.427,HOT_SWEEP_70,70,700,300,1,0,0.095067017,0.00405909,0.004928458,-0.002488449,-0.00469176,-0.011353297,-0.019601062,-0.025399234,"{""deviceId"":""1001"",""nodeId"":4097,""targetChId"":""0010"",""mode"":""inference"",""uptimeMs"":6440892,""debugEnabled"":true,""power"":{""mode"":""24v"",""externalPower"":true,""batteryMv"":65535,""batteryValid"":false,""batteryDetected"":false,""batterySenseStatus"":""not_detected"",""batteryLow"":false,""batteryCritical"":false,""sourceAmbiguous"":false,""serviceHoldActive"":false,""serviceHoldEffective"":false},""batterySession"":{""state"":""inactive"",""startedMs"":0,""stateStartedMs"":0,""validSampleBatches"":0,""requiredSampleBatches"":10,""alarmTxAttempts"":0,""alarmTxAttemptLimit"":3,""alarmAckReceived"":false,""pendingAlarm"":false,""pendingSaveRequired"":false,""persistenceFaultHold"":false,""completionReason"":""session_done""},""bootHealth"":{""adsReady"":true,""adsDrdyLevel"":0,""adsDrdyPulldownLevel"":0,""adsDrdyPullupLevel"":0,""adsMisoPulldownLevel"":0,""adsMisoPullupLevel"":1,""adsCsLevel"":1,""adsSyncLevel"":1,""adsStatus"":54,""adsMux"":15,""adsAdcon"":6,""adsDrate"":240,""adsReason"":""ok"",""tcaOk"":true,""mcpOkCount"":8,""mcpOk"":[true,true,true,true,true,true,true,true],""mcpAddrMask"":[1,1,1,1,1,1,1,1],""mcpControlTested"":true,""mcpControlOkCount"":8,""mcpControlOk"":[true,true,true,true,true,true,true,true],""dacReady"":true,""radioReady"":true,""mlReady"":true,""nullingProfileApplied"":true,""modelProfileReady"":false},""runtimeMcpCode"":[255,519,795,706,799,865,665,139],""model"":{""profileId"":""cnn-dualbranch-datasheet-v1-unbound"",""scalerProfileId"":""cnn-dualbranch-datasheet-v1-unbound"",""productionApproved"":true,""boundNullingProfileId"":8,""activeNullingProfileId"":9,""bindingValid"":true,""bindingModelMatches"":true,""profileReady"":false,""inferenceValid"":false,""sensorFault"":true},""lora"":{""beginState"":0,""lastTxState"":0,""lastTxOk"":false,""txSeq"":0,""txCounter"":0,""aesKeyProvisioned"":true,""aesKeyPresent"":true,""aesKeySource"":""nvs"",""keyId"":1,""lastDownlinkCommandId"":0,""freqMHz"":920,""bwKHz"":125,""sf"":7,""cr"":5,""syncWord"":18,""txPowerDbm"":17,""preamble"":8,""tcxoVoltage"":1.600000024,""xtalVoltage"":0},""dataset"":{""state"":""idle"",""step"":""idle"",""label"":"""",""seq"":0,""targetSamples"":0,""sampleIntervalMs"":500,""maxDurationMs"":0,""useFanIntake"":true,""fanOnMs"":1000,""postFanSettleMs"":0,""nullingProfileId"":9,""queuePending"":0,""queueCapacity"":16,""queueEnqueued"":0,""queueDropped"":0,""publishFailCount"":0,""retryCount"":0,""retryFailCount"":0,""rejectedSamples"":0,""lastRejectReason"":""none"",""lastRejectChannel"":-1,""lastRejectOkFiniteCount"":0,""lastRejectStatus"":255,""lastRejectGain"":0,""lastRejectSaturated"":false},""recovery"":{""wifiReconnectCount"":0,""wifiReconnectFailCount"":0,""mqttReconnectCount"":0,""mqttConnectFailCount"":0,""lastMqttState"":0,""adsRecoveryCount"":0,""adsRecoveryFailCount"":0,""adsReadFailStreak"":0,""lastReason"":""none"",""lastRecoveryMs"":0,""bootRecoveryArmed"":false,""bootRecoveryDueMs"":0,""bootRecoveryReason"":""none"",""bootRecoveryNonAdsFailure"":false,""bootRecoveryRestartCount"":0},""nulling"":{""done"":false,""retryArmed"":false,""attemptCount"":0,""nextRetryMs"":0,""thresholdV"":9.999999747E-06,""minFinalV"":0},""telemetry"":{""valid"":true,""sampleMs"":6440477,""gasClass"":6,""gasName"":""CO2"",""confidence"":0,""alarm"":false,""sensorVoltage"":[0.095067017,0.00405909,0.004928458,-0.002488449,-0.00469176,-0.011353297,-0.019601062,-0.025399234],""sensorGain"":[32,64,64,64,64,64,64,64],""sensorStatus"":[0,0,0,0,0,0,0,0],""featureOrder"":[""MQ8"",""MQ135"",""MQ3"",""MQ5"",""MQ4"",""MQ7"",""MQ6"",""MQ2""]},""alarmLatched"":false}"
2026-08-04 11:08:25.236 +07:00,64.115,HOT_SWEEP_70,70,700,300,1,0,0.095243618,0.004064096,0.004919286,-0.00247793,-0.005044907,-0.011340482,-0.019590523,-0.025398135,"{""deviceId"":""1001"",""nodeId"":4097,""targetChId"":""0010"",""mode"":""inference"",""uptimeMs"":6441579,""debugEnabled"":true,""power"":{""mode"":""24v"",""externalPower"":true,""batteryMv"":65535,""batteryValid"":false,""batteryDetected"":false,""batterySenseStatus"":""not_detected"",""batteryLow"":false,""batteryCritical"":false,""sourceAmbiguous"":false,""serviceHoldActive"":false,""serviceHoldEffective"":false},""batterySession"":{""state"":""inactive"",""startedMs"":0,""stateStartedMs"":0,""validSampleBatches"":0,""requiredSampleBatches"":10,""alarmTxAttempts"":0,""alarmTxAttemptLimit"":3,""alarmAckReceived"":false,""pendingAlarm"":false,""pendingSaveRequired"":false,""persistenceFaultHold"":false,""completionReason"":""session_done""},""bootHealth"":{""adsReady"":true,""adsDrdyLevel"":0,""adsDrdyPulldownLevel"":0,""adsDrdyPullupLevel"":0,""adsMisoPulldownLevel"":0,""adsMisoPullupLevel"":1,""adsCsLevel"":1,""adsSyncLevel"":1,""adsStatus"":54,""adsMux"":15,""adsAdcon"":6,""adsDrate"":240,""adsReason"":""ok"",""tcaOk"":true,""mcpOkCount"":8,""mcpOk"":[true,true,true,true,true,true,true,true],""mcpAddrMask"":[1,1,1,1,1,1,1,1],""mcpControlTested"":true,""mcpControlOkCount"":8,""mcpControlOk"":[true,true,true,true,true,true,true,true],""dacReady"":true,""radioReady"":true,""mlReady"":true,""nullingProfileApplied"":true,""modelProfileReady"":false},""runtimeMcpCode"":[255,519,795,706,799,865,665,139],""model"":{""profileId"":""cnn-dualbranch-datasheet-v1-unbound"",""scalerProfileId"":""cnn-dualbranch-datasheet-v1-unbound"",""productionApproved"":true,""boundNullingProfileId"":8,""activeNullingProfileId"":9,""bindingValid"":true,""bindingModelMatches"":true,""profileReady"":false,""inferenceValid"":false,""sensorFault"":true},""lora"":{""beginState"":0,""lastTxState"":0,""lastTxOk"":false,""txSeq"":0,""txCounter"":0,""aesKeyProvisioned"":true,""aesKeyPresent"":true,""aesKeySource"":""nvs"",""keyId"":1,""lastDownlinkCommandId"":0,""freqMHz"":920,""bwKHz"":125,""sf"":7,""cr"":5,""syncWord"":18,""txPowerDbm"":17,""preamble"":8,""tcxoVoltage"":1.600000024,""xtalVoltage"":0},""dataset"":{""state"":""idle"",""step"":""idle"",""label"":"""",""seq"":0,""targetSamples"":0,""sampleIntervalMs"":500,""maxDurationMs"":0,""useFanIntake"":true,""fanOnMs"":1000,""postFanSettleMs"":0,""nullingProfileId"":9,""queuePending"":0,""queueCapacity"":16,""queueEnqueued"":0,""queueDropped"":0,""publishFailCount"":0,""retryCount"":0,""retryFailCount"":0,""rejectedSamples"":0,""lastRejectReason"":""none"",""lastRejectChannel"":-1,""lastRejectOkFiniteCount"":0,""lastRejectStatus"":255,""lastRejectGain"":0,""lastRejectSaturated"":false},""recovery"":{""wifiReconnectCount"":0,""wifiReconnectFailCount"":0,""mqttReconnectCount"":0,""mqttConnectFailCount"":0,""lastMqttState"":0,""adsRecoveryCount"":0,""adsRecoveryFailCount"":0,""adsReadFailStreak"":0,""lastReason"":""none"",""lastRecoveryMs"":0,""bootRecoveryArmed"":false,""bootRecoveryDueMs"":0,""bootRecoveryReason"":""none"",""bootRecoveryNonAdsFailure"":false,""bootRecoveryRestartCount"":0},""nulling"":{""done"":false,""retryArmed"":false,""attemptCount"":0,""nextRetryMs"":0,""thresholdV"":9.999999747E-06,""minFinalV"":0},""telemetry"":{""valid"":true,""sampleMs"":6441170,""gasClass"":6,""gasName"":""CO2"",""confidence"":0,""alarm"":false,""sensorVoltage"":[0.095243618,0.004064096,0.004919286,-0.00247793,-0.005044907,-0.011340482,-0.019590523,-0.025398135],""sensorGain"":[32,64,64,64,64,64,64,64],""sensorStatus"":[0,0,0,0,0,0,0,0],""featureOrder"":[""MQ8"",""MQ135"",""MQ3"",""MQ5"",""MQ4"",""MQ7"",""MQ6"",""MQ2""]},""alarmLatched"":false}"
2026-08-04 11:08:25.928 +07:00,64.808,HOT_SWEEP_70,70,700,300,1,0,0.095659778,0.004099197,0.004937178,-0.002478702,-0.0048165,-0.011363707,-0.019176513,-0.02486879,"{""deviceId"":""1001"",""nodeId"":4097,""targetChId"":""0010"",""mode"":""inference"",""uptimeMs"":6442271,""debugEnabled"":true,""power"":{""mode"":""24v"",""externalPower"":true,""batteryMv"":65535,""batteryValid"":false,""batteryDetected"":false,""batterySenseStatus"":""not_detected"",""batteryLow"":false,""batteryCritical"":false,""sourceAmbiguous"":false,""serviceHoldActive"":false,""serviceHoldEffective"":false},""batterySession"":{""state"":""inactive"",""startedMs"":0,""stateStartedMs"":0,""validSampleBatches"":0,""requiredSampleBatches"":10,""alarmTxAttempts"":0,""alarmTxAttemptLimit"":3,""alarmAckReceived"":false,""pendingAlarm"":false,""pendingSaveRequired"":false,""persistenceFaultHold"":false,""completionReason"":""session_done""},""bootHealth"":{""adsReady"":true,""adsDrdyLevel"":0,""adsDrdyPulldownLevel"":0,""adsDrdyPullupLevel"":0,""adsMisoPulldownLevel"":0,""adsMisoPullupLevel"":1,""adsCsLevel"":1,""adsSyncLevel"":1,""adsStatus"":54,""adsMux"":15,""adsAdcon"":6,""adsDrate"":240,""adsReason"":""ok"",""tcaOk"":true,""mcpOkCount"":8,""mcpOk"":[true,true,true,true,true,true,true,true],""mcpAddrMask"":[1,1,1,1,1,1,1,1],""mcpControlTested"":true,""mcpControlOkCount"":8,""mcpControlOk"":[true,true,true,true,true,true,true,true],""dacReady"":true,""radioReady"":true,""mlReady"":true,""nullingProfileApplied"":true,""modelProfileReady"":false},""runtimeMcpCode"":[255,519,795,706,799,865,665,139],""model"":{""profileId"":""cnn-dualbranch-datasheet-v1-unbound"",""scalerProfileId"":""cnn-dualbranch-datasheet-v1-unbound"",""productionApproved"":true,""boundNullingProfileId"":8,""activeNullingProfileId"":9,""bindingValid"":true,""bindingModelMatches"":true,""profileReady"":false,""inferenceValid"":false,""sensorFault"":true},""lora"":{""beginState"":0,""lastTxState"":0,""lastTxOk"":false,""txSeq"":0,""txCounter"":0,""aesKeyProvisioned"":true,""aesKeyPresent"":true,""aesKeySource"":""nvs"",""keyId"":1,""lastDownlinkCommandId"":0,""freqMHz"":920,""bwKHz"":125,""sf"":7,""cr"":5,""syncWord"":18,""txPowerDbm"":17,""preamble"":8,""tcxoVoltage"":1.600000024,""xtalVoltage"":0},""dataset"":{""state"":""idle"",""step"":""idle"",""label"":"""",""seq"":0,""targetSamples"":0,""sampleIntervalMs"":500,""maxDurationMs"":0,""useFanIntake"":true,""fanOnMs"":1000,""postFanSettleMs"":0,""nullingProfileId"":9,""queuePending"":0,""queueCapacity"":16,""queueEnqueued"":0,""queueDropped"":0,""publishFailCount"":0,""retryCount"":0,""retryFailCount"":0,""rejectedSamples"":0,""lastRejectReason"":""none"",""lastRejectChannel"":-1,""lastRejectOkFiniteCount"":0,""lastRejectStatus"":255,""lastRejectGain"":0,""lastRejectSaturated"":false},""recovery"":{""wifiReconnectCount"":0,""wifiReconnectFailCount"":0,""mqttReconnectCount"":0,""mqttConnectFailCount"":0,""lastMqttState"":0,""adsRecoveryCount"":0,""adsRecoveryFailCount"":0,""adsReadFailStreak"":0,""lastReason"":""none"",""lastRecoveryMs"":0,""bootRecoveryArmed"":false,""bootRecoveryDueMs"":0,""bootRecoveryReason"":""none"",""bootRecoveryNonAdsFailure"":false,""bootRecoveryRestartCount"":0},""nulling"":{""done"":false,""retryArmed"":false,""attemptCount"":0,""nextRetryMs"":0,""thresholdV"":9.999999747E-06,""minFinalV"":0},""telemetry"":{""valid"":true,""sampleMs"":6441889,""gasClass"":6,""gasName"":""CO2"",""confidence"":0,""alarm"":false,""sensorVoltage"":[0.095659778,0.004099197,0.004937178,-0.002478702,-0.0048165,-0.011363707,-0.019176513,-0.02486879],""sensorGain"":[32,64,64,64,64,64,64,64],""sensorStatus"":[0,0,0,0,0,0,0,0],""featureOrder"":[""MQ8"",""MQ135"",""MQ3"",""MQ5"",""MQ4"",""MQ7"",""MQ6"",""MQ2""]},""alarmLatched"":false}"
2026-08-04 11:08:26.607 +07:00,65.488,HOT_SWEEP_70,70,700,300,1,0,0.095425867,0.004082714,0.004932646,-0.002498172,-0.004813641,-0.011689365,-0.019548541,-0.025315106,"{""deviceId"":""1001"",""nodeId"":4097,""targetChId"":""0010"",""mode"":""inference"",""uptimeMs"":6442955,""debugEnabled"":true,""power"":{""mode"":""24v"",""externalPower"":true,""batteryMv"":65535,""batteryValid"":false,""batteryDetected"":false,""batterySenseStatus"":""not_detected"",""batteryLow"":false,""batteryCritical"":false,""sourceAmbiguous"":false,""serviceHoldActive"":false,""serviceHoldEffective"":false},""batterySession"":{""state"":""inactive"",""startedMs"":0,""stateStartedMs"":0,""validSampleBatches"":0,""requiredSampleBatches"":10,""alarmTxAttempts"":0,""alarmTxAttemptLimit"":3,""alarmAckReceived"":false,""pendingAlarm"":false,""pendingSaveRequired"":false,""persistenceFaultHold"":false,""completionReason"":""session_done""},""bootHealth"":{""adsReady"":true,""adsDrdyLevel"":0,""adsDrdyPulldownLevel"":0,""adsDrdyPullupLevel"":0,""adsMisoPulldownLevel"":0,""adsMisoPullupLevel"":1,""adsCsLevel"":1,""adsSyncLevel"":1,""adsStatus"":54,""adsMux"":15,""adsAdcon"":6,""adsDrate"":240,""adsReason"":""ok"",""tcaOk"":true,""mcpOkCount"":8,""mcpOk"":[true,true,true,true,true,true,true,true],""mcpAddrMask"":[1,1,1,1,1,1,1,1],""mcpControlTested"":true,""mcpControlOkCount"":8,""mcpControlOk"":[true,true,true,true,true,true,true,true],""dacReady"":true,""radioReady"":true,""mlReady"":true,""nullingProfileApplied"":true,""modelProfileReady"":false},""runtimeMcpCode"":[255,519,795,706,799,865,665,139],""model"":{""profileId"":""cnn-dualbranch-datasheet-v1-unbound"",""scalerProfileId"":""cnn-dualbranch-datasheet-v1-unbound"",""productionApproved"":true,""boundNullingProfileId"":8,""activeNullingProfileId"":9,""bindingValid"":true,""bindingModelMatches"":true,""profileReady"":false,""inferenceValid"":false,""sensorFault"":true},""lora"":{""beginState"":0,""lastTxState"":0,""lastTxOk"":false,""txSeq"":0,""txCounter"":0,""aesKeyProvisioned"":true,""aesKeyPresent"":true,""aesKeySource"":""nvs"",""keyId"":1,""lastDownlinkCommandId"":0,""freqMHz"":920,""bwKHz"":125,""sf"":7,""cr"":5,""syncWord"":18,""txPowerDbm"":17,""preamble"":8,""tcxoVoltage"":1.600000024,""xtalVoltage"":0},""dataset"":{""state"":""idle"",""step"":""idle"",""label"":"""",""seq"":0,""targetSamples"":0,""sampleIntervalMs"":500,""maxDurationMs"":0,""useFanIntake"":true,""fanOnMs"":1000,""postFanSettleMs"":0,""nullingProfileId"":9,""queuePending"":0,""queueCapacity"":16,""queueEnqueued"":0,""queueDropped"":0,""publishFailCount"":0,""retryCount"":0,""retryFailCount"":0,""rejectedSamples"":0,""lastRejectReason"":""none"",""lastRejectChannel"":-1,""lastRejectOkFiniteCount"":0,""lastRejectStatus"":255,""lastRejectGain"":0,""lastRejectSaturated"":false},""recovery"":{""wifiReconnectCount"":0,""wifiReconnectFailCount"":0,""mqttReconnectCount"":0,""mqttConnectFailCount"":0,""lastMqttState"":0,""adsRecoveryCount"":0,""adsRecoveryFailCount"":0,""adsReadFailStreak"":0,""lastReason"":""none"",""lastRecoveryMs"":0,""bootRecoveryArmed"":false,""bootRecoveryDueMs"":0,""bootRecoveryReason"":""none"",""bootRecoveryNonAdsFailure"":false,""bootRecoveryRestartCount"":0},""nulling"":{""done"":false,""retryArmed"":false,""attemptCount"":0,""nextRetryMs"":0,""thresholdV"":9.999999747E-06,""minFinalV"":0},""telemetry"":{""valid"":true,""sampleMs"":6442549,""gasClass"":6,""gasName"":""CO2"",""confidence"":0,""alarm"":false,""sensorVoltage"":[0.095425867,0.004082714,0.004932646,-0.002498172,-0.004813641,-0.011689365,-0.019548541,-0.025315106],""sensorGain"":[32,64,64,64,64,64,64,64],""sensorStatus"":[0,0,0,0,0,0,0,0],""featureOrder"":[""MQ8"",""MQ135"",""MQ3"",""MQ5"",""MQ4"",""MQ7"",""MQ6"",""MQ2""]},""alarmLatched"":false}"
2026-08-04 11:08:27.295 +07:00,66.176,HOT_SWEEP_70,70,700,300,1,0,0.095418282,0.004065205,0.004913505,-0.00250678,-0.005723988,-0.011690763,-0.019655094,-0.025315281,"{""deviceId"":""1001"",""nodeId"":4097,""targetChId"":""0010"",""mode"":""inference"",""uptimeMs"":6443642,""debugEnabled"":true,""power"":{""mode"":""24v"",""externalPower"":true,""batteryMv"":65535,""batteryValid"":false,""batteryDetected"":false,""batterySenseStatus"":""not_detected"",""batteryLow"":false,""batteryCritical"":false,""sourceAmbiguous"":false,""serviceHoldActive"":false,""serviceHoldEffective"":false},""batterySession"":{""state"":""inactive"",""startedMs"":0,""stateStartedMs"":0,""validSampleBatches"":0,""requiredSampleBatches"":10,""alarmTxAttempts"":0,""alarmTxAttemptLimit"":3,""alarmAckReceived"":false,""pendingAlarm"":false,""pendingSaveRequired"":false,""persistenceFaultHold"":false,""completionReason"":""session_done""},""bootHealth"":{""adsReady"":true,""adsDrdyLevel"":0,""adsDrdyPulldownLevel"":0,""adsDrdyPullupLevel"":0,""adsMisoPulldownLevel"":0,""adsMisoPullupLevel"":1,""adsCsLevel"":1,""adsSyncLevel"":1,""adsStatus"":54,""adsMux"":15,""adsAdcon"":6,""adsDrate"":240,""adsReason"":""ok"",""tcaOk"":true,""mcpOkCount"":8,""mcpOk"":[true,true,true,true,true,true,true,true],""mcpAddrMask"":[1,1,1,1,1,1,1,1],""mcpControlTested"":true,""mcpControlOkCount"":8,""mcpControlOk"":[true,true,true,true,true,true,true,true],""dacReady"":true,""radioReady"":true,""mlReady"":true,""nullingProfileApplied"":true,""modelProfileReady"":false},""runtimeMcpCode"":[255,519,795,706,799,865,665,139],""model"":{""profileId"":""cnn-dualbranch-datasheet-v1-unbound"",""scalerProfileId"":""cnn-dualbranch-datasheet-v1-unbound"",""productionApproved"":true,""boundNullingProfileId"":8,""activeNullingProfileId"":9,""bindingValid"":true,""bindingModelMatches"":true,""profileReady"":false,""inferenceValid"":false,""sensorFault"":true},""lora"":{""beginState"":0,""lastTxState"":0,""lastTxOk"":false,""txSeq"":0,""txCounter"":0,""aesKeyProvisioned"":true,""aesKeyPresent"":true,""aesKeySource"":""nvs"",""keyId"":1,""lastDownlinkCommandId"":0,""freqMHz"":920,""bwKHz"":125,""sf"":7,""cr"":5,""syncWord"":18,""txPowerDbm"":17,""preamble"":8,""tcxoVoltage"":1.600000024,""xtalVoltage"":0},""dataset"":{""state"":""idle"",""step"":""idle"",""label"":"""",""seq"":0,""targetSamples"":0,""sampleIntervalMs"":500,""maxDurationMs"":0,""useFanIntake"":true,""fanOnMs"":1000,""postFanSettleMs"":0,""nullingProfileId"":9,""queuePending"":0,""queueCapacity"":16,""queueEnqueued"":0,""queueDropped"":0,""publishFailCount"":0,""retryCount"":0,""retryFailCount"":0,""rejectedSamples"":0,""lastRejectReason"":""none"",""lastRejectChannel"":-1,""lastRejectOkFiniteCount"":0,""lastRejectStatus"":255,""lastRejectGain"":0,""lastRejectSaturated"":false},""recovery"":{""wifiReconnectCount"":0,""wifiReconnectFailCount"":0,""mqttReconnectCount"":0,""mqttConnectFailCount"":0,""lastMqttState"":0,""adsRecoveryCount"":0,""adsRecoveryFailCount"":0,""adsReadFailStreak"":0,""lastReason"":""none"",""lastRecoveryMs"":0,""bootRecoveryArmed"":false,""bootRecoveryDueMs"":0,""bootRecoveryReason"":""none"",""bootRecoveryNonAdsFailure"":false,""bootRecoveryRestartCount"":0},""nulling"":{""done"":false,""retryArmed"":false,""attemptCount"":0,""nextRetryMs"":0,""thresholdV"":9.999999747E-06,""minFinalV"":0},""telemetry"":{""valid"":true,""sampleMs"":6443233,""gasClass"":6,""gasName"":""CO2"",""confidence"":0,""alarm"":false,""sensorVoltage"":[0.095418282,0.004065205,0.004913505,-0.00250678,-0.005723988,-0.011690763,-0.019655094,-0.025315281],""sensorGain"":[32,64,64,64,64,64,64,64],""sensorStatus"":[0,0,0,0,0,0,0,0],""featureOrder"":[""MQ8"",""MQ135"",""MQ3"",""MQ5"",""MQ4"",""MQ7"",""MQ6"",""MQ2""]},""alarmLatched"":false}"
2026-08-04 11:08:27.974 +07:00,66.855,HOT_SWEEP_70,70,700,300,1,0,0.096167877,0.004137901,0.004913408,-0.002519085,-0.005499837,-0.011405399,-0.019619975,-0.025283907,"{""deviceId"":""1001"",""nodeId"":4097,""targetChId"":""0010"",""mode"":""inference"",""uptimeMs"":6444327,""debugEnabled"":true,""power"":{""mode"":""24v"",""externalPower"":true,""batteryMv"":65535,""batteryValid"":false,""batteryDetected"":false,""batterySenseStatus"":""not_detected"",""batteryLow"":false,""batteryCritical"":false,""sourceAmbiguous"":false,""serviceHoldActive"":false,""serviceHoldEffective"":false},""batterySession"":{""state"":""inactive"",""startedMs"":0,""stateStartedMs"":0,""validSampleBatches"":0,""requiredSampleBatches"":10,""alarmTxAttempts"":0,""alarmTxAttemptLimit"":3,""alarmAckReceived"":false,""pendingAlarm"":false,""pendingSaveRequired"":false,""persistenceFaultHold"":false,""completionReason"":""session_done""},""bootHealth"":{""adsReady"":true,""adsDrdyLevel"":0,""adsDrdyPulldownLevel"":0,""adsDrdyPullupLevel"":0,""adsMisoPulldownLevel"":0,""adsMisoPullupLevel"":1,""adsCsLevel"":1,""adsSyncLevel"":1,""adsStatus"":54,""adsMux"":15,""adsAdcon"":6,""adsDrate"":240,""adsReason"":""ok"",""tcaOk"":true,""mcpOkCount"":8,""mcpOk"":[true,true,true,true,true,true,true,true],""mcpAddrMask"":[1,1,1,1,1,1,1,1],""mcpControlTested"":true,""mcpControlOkCount"":8,""mcpControlOk"":[true,true,true,true,true,true,true,true],""dacReady"":true,""radioReady"":true,""mlReady"":true,""nullingProfileApplied"":true,""modelProfileReady"":false},""runtimeMcpCode"":[255,519,795,706,799,865,665,139],""model"":{""profileId"":""cnn-dualbranch-datasheet-v1-unbound"",""scalerProfileId"":""cnn-dualbranch-datasheet-v1-unbound"",""productionApproved"":true,""boundNullingProfileId"":8,""activeNullingProfileId"":9,""bindingValid"":true,""bindingModelMatches"":true,""profileReady"":false,""inferenceValid"":false,""sensorFault"":true},""lora"":{""beginState"":0,""lastTxState"":0,""lastTxOk"":false,""txSeq"":0,""txCounter"":0,""aesKeyProvisioned"":true,""aesKeyPresent"":true,""aesKeySource"":""nvs"",""keyId"":1,""lastDownlinkCommandId"":0,""freqMHz"":920,""bwKHz"":125,""sf"":7,""cr"":5,""syncWord"":18,""txPowerDbm"":17,""preamble"":8,""tcxoVoltage"":1.600000024,""xtalVoltage"":0},""dataset"":{""state"":""idle"",""step"":""idle"",""label"":"""",""seq"":0,""targetSamples"":0,""sampleIntervalMs"":500,""maxDurationMs"":0,""useFanIntake"":true,""fanOnMs"":1000,""postFanSettleMs"":0,""nullingProfileId"":9,""queuePending"":0,""queueCapacity"":16,""queueEnqueued"":0,""queueDropped"":0,""publishFailCount"":0,""retryCount"":0,""retryFailCount"":0,""rejectedSamples"":0,""lastRejectReason"":""none"",""lastRejectChannel"":-1,""lastRejectOkFiniteCount"":0,""lastRejectStatus"":255,""lastRejectGain"":0,""lastRejectSaturated"":false},""recovery"":{""wifiReconnectCount"":0,""wifiReconnectFailCount"":0,""mqttReconnectCount"":0,""mqttConnectFailCount"":0,""lastMqttState"":0,""adsRecoveryCount"":0,""adsRecoveryFailCount"":0,""adsReadFailStreak"":0,""lastReason"":""none"",""lastRecoveryMs"":0,""bootRecoveryArmed"":false,""bootRecoveryDueMs"":0,""bootRecoveryReason"":""none"",""bootRecoveryNonAdsFailure"":false,""bootRecoveryRestartCount"":0},""nulling"":{""done"":false,""retryArmed"":false,""attemptCount"":0,""nextRetryMs"":0,""thresholdV"":9.999999747E-06,""minFinalV"":0},""telemetry"":{""valid"":true,""sampleMs"":6443952,""gasClass"":6,""gasName"":""CO2"",""confidence"":0,""alarm"":false,""sensorVoltage"":[0.096167877,0.004137901,0.004913408,-0.002519085,-0.005499837,-0.011405399,-0.019619975,-0.025283907],""sensorGain"":[32,64,64,64,64,64,64,64],""sensorStatus"":[0,0,0,0,0,0,0,0],""featureOrder"":[""MQ8"",""MQ135"",""MQ3"",""MQ5"",""MQ4"",""MQ7"",""MQ6"",""MQ2""]},""alarmLatched"":false}"
2026-08-04 11:08:28.678 +07:00,67.559,HOT_SWEEP_70,70,700,300,1,0,0.09595947,0.004084599,0.004935893,-0.002607689,-0.005442732,-0.011619354,-0.019920908,-0.025723848,"{""deviceId"":""1001"",""nodeId"":4097,""targetChId"":""0010"",""mode"":""inference"",""uptimeMs"":6445023,""debugEnabled"":true,""power"":{""mode"":""24v"",""externalPower"":true,""batteryMv"":65535,""batteryValid"":false,""batteryDetected"":false,""batterySenseStatus"":""not_detected"",""batteryLow"":false,""batteryCritical"":false,""sourceAmbiguous"":false,""serviceHoldActive"":false,""serviceHoldEffective"":false},""batterySession"":{""state"":""inactive"",""startedMs"":0,""stateStartedMs"":0,""validSampleBatches"":0,""requiredSampleBatches"":10,""alarmTxAttempts"":0,""alarmTxAttemptLimit"":3,""alarmAckReceived"":false,""pendingAlarm"":false,""pendingSaveRequired"":false,""persistenceFaultHold"":false,""completionReason"":""session_done""},""bootHealth"":{""adsReady"":true,""adsDrdyLevel"":0,""adsDrdyPulldownLevel"":0,""adsDrdyPullupLevel"":0,""adsMisoPulldownLevel"":0,""adsMisoPullupLevel"":1,""adsCsLevel"":1,""adsSyncLevel"":1,""adsStatus"":54,""adsMux"":15,""adsAdcon"":6,""adsDrate"":240,""adsReason"":""ok"",""tcaOk"":true,""mcpOkCount"":8,""mcpOk"":[true,true,true,true,true,true,true,true],""mcpAddrMask"":[1,1,1,1,1,1,1,1],""mcpControlTested"":true,""mcpControlOkCount"":8,""mcpControlOk"":[true,true,true,true,true,true,true,true],""dacReady"":true,""radioReady"":true,""mlReady"":true,""nullingProfileApplied"":true,""modelProfileReady"":false},""runtimeMcpCode"":[255,519,795,706,799,865,665,139],""model"":{""profileId"":""cnn-dualbranch-datasheet-v1-unbound"",""scalerProfileId"":""cnn-dualbranch-datasheet-v1-unbound"",""productionApproved"":true,""boundNullingProfileId"":8,""activeNullingProfileId"":9,""bindingValid"":true,""bindingModelMatches"":true,""profileReady"":false,""inferenceValid"":false,""sensorFault"":true},""lora"":{""beginState"":0,""lastTxState"":0,""lastTxOk"":false,""txSeq"":0,""txCounter"":0,""aesKeyProvisioned"":true,""aesKeyPresent"":true,""aesKeySource"":""nvs"",""keyId"":1,""lastDownlinkCommandId"":0,""freqMHz"":920,""bwKHz"":125,""sf"":7,""cr"":5,""syncWord"":18,""txPowerDbm"":17,""preamble"":8,""tcxoVoltage"":1.600000024,""xtalVoltage"":0},""dataset"":{""state"":""idle"",""step"":""idle"",""label"":"""",""seq"":0,""targetSamples"":0,""sampleIntervalMs"":500,""maxDurationMs"":0,""useFanIntake"":true,""fanOnMs"":1000,""postFanSettleMs"":0,""nullingProfileId"":9,""queuePending"":0,""queueCapacity"":16,""queueEnqueued"":0,""queueDropped"":0,""publishFailCount"":0,""retryCount"":0,""retryFailCount"":0,""rejectedSamples"":0,""lastRejectReason"":""none"",""lastRejectChannel"":-1,""lastRejectOkFiniteCount"":0,""lastRejectStatus"":255,""lastRejectGain"":0,""lastRejectSaturated"":false},""recovery"":{""wifiReconnectCount"":0,""wifiReconnectFailCount"":0,""mqttReconnectCount"":0,""mqttConnectFailCount"":0,""lastMqttState"":0,""adsRecoveryCount"":0,""adsRecoveryFailCount"":0,""adsReadFailStreak"":0,""lastReason"":""none"",""lastRecoveryMs"":0,""bootRecoveryArmed"":false,""bootRecoveryDueMs"":0,""bootRecoveryReason"":""none"",""bootRecoveryNonAdsFailure"":false,""bootRecoveryRestartCount"":0},""nulling"":{""done"":false,""retryArmed"":false,""attemptCount"":0,""nextRetryMs"":0,""thresholdV"":9.999999747E-06,""minFinalV"":0},""telemetry"":{""valid"":true,""sampleMs"":6444605,""gasClass"":6,""gasName"":""CO2"",""confidence"":0,""alarm"":false,""sensorVoltage"":[0.09595947,0.004084599,0.004935893,-0.002607689,-0.005442732,-0.011619354,-0.019920908,-0.025723848],""sensorGain"":[32,64,64,64,64,64,64,64],""sensorStatus"":[0,0,0,0,0,0,0,0],""featureOrder"":[""MQ8"",""MQ135"",""MQ3"",""MQ5"",""MQ4"",""MQ7"",""MQ6"",""MQ2""]},""alarmLatched"":false}"
2026-08-04 11:08:29.384 +07:00,68.261,HOT_SWEEP_70,70,700,300,1,0,0.095668368,0.004109955,0.004883432,-0.002642488,-0.005449024,-0.011599265,-0.019912818,-0.025737027,"{""deviceId"":""1001"",""nodeId"":4097,""targetChId"":""0010"",""mode"":""inference"",""uptimeMs"":6445727,""debugEnabled"":true,""power"":{""mode"":""24v"",""externalPower"":true,""batteryMv"":65535,""batteryValid"":false,""batteryDetected"":false,""batterySenseStatus"":""not_detected"",""batteryLow"":false,""batteryCritical"":false,""sourceAmbiguous"":false,""serviceHoldActive"":false,""serviceHoldEffective"":false},""batterySession"":{""state"":""inactive"",""startedMs"":0,""stateStartedMs"":0,""validSampleBatches"":0,""requiredSampleBatches"":10,""alarmTxAttempts"":0,""alarmTxAttemptLimit"":3,""alarmAckReceived"":false,""pendingAlarm"":false,""pendingSaveRequired"":false,""persistenceFaultHold"":false,""completionReason"":""session_done""},""bootHealth"":{""adsReady"":true,""adsDrdyLevel"":0,""adsDrdyPulldownLevel"":0,""adsDrdyPullupLevel"":0,""adsMisoPulldownLevel"":0,""adsMisoPullupLevel"":1,""adsCsLevel"":1,""adsSyncLevel"":1,""adsStatus"":54,""adsMux"":15,""adsAdcon"":6,""adsDrate"":240,""adsReason"":""ok"",""tcaOk"":true,""mcpOkCount"":8,""mcpOk"":[true,true,true,true,true,true,true,true],""mcpAddrMask"":[1,1,1,1,1,1,1,1],""mcpControlTested"":true,""mcpControlOkCount"":8,""mcpControlOk"":[true,true,true,true,true,true,true,true],""dacReady"":true,""radioReady"":true,""mlReady"":true,""nullingProfileApplied"":true,""modelProfileReady"":false},""runtimeMcpCode"":[255,519,795,706,799,865,665,139],""model"":{""profileId"":""cnn-dualbranch-datasheet-v1-unbound"",""scalerProfileId"":""cnn-dualbranch-datasheet-v1-unbound"",""productionApproved"":true,""boundNullingProfileId"":8,""activeNullingProfileId"":9,""bindingValid"":true,""bindingModelMatches"":true,""profileReady"":false,""inferenceValid"":false,""sensorFault"":true},""lora"":{""beginState"":0,""lastTxState"":0,""lastTxOk"":false,""txSeq"":0,""txCounter"":0,""aesKeyProvisioned"":true,""aesKeyPresent"":true,""aesKeySource"":""nvs"",""keyId"":1,""lastDownlinkCommandId"":0,""freqMHz"":920,""bwKHz"":125,""sf"":7,""cr"":5,""syncWord"":18,""txPowerDbm"":17,""preamble"":8,""tcxoVoltage"":1.600000024,""xtalVoltage"":0},""dataset"":{""state"":""idle"",""step"":""idle"",""label"":"""",""seq"":0,""targetSamples"":0,""sampleIntervalMs"":500,""maxDurationMs"":0,""useFanIntake"":true,""fanOnMs"":1000,""postFanSettleMs"":0,""nullingProfileId"":9,""queuePending"":0,""queueCapacity"":16,""queueEnqueued"":0,""queueDropped"":0,""publishFailCount"":0,""retryCount"":0,""retryFailCount"":0,""rejectedSamples"":0,""lastRejectReason"":""none"",""lastRejectChannel"":-1,""lastRejectOkFiniteCount"":0,""lastRejectStatus"":255,""lastRejectGain"":0,""lastRejectSaturated"":false},""recovery"":{""wifiReconnectCount"":0,""wifiReconnectFailCount"":0,""mqttReconnectCount"":0,""mqttConnectFailCount"":0,""lastMqttState"":0,""adsRecoveryCount"":0,""adsRecoveryFailCount"":0,""adsReadFailStreak"":0,""lastReason"":""none"",""lastRecoveryMs"":0,""bootRecoveryArmed"":false,""bootRecoveryDueMs"":0,""bootRecoveryReason"":""none"",""bootRecoveryNonAdsFailure"":false,""bootRecoveryRestartCount"":0},""nulling"":{""done"":false,""retryArmed"":false,""attemptCount"":0,""nextRetryMs"":0,""thresholdV"":9.999999747E-06,""minFinalV"":0},""telemetry"":{""valid"":true,""sampleMs"":6445301,""gasClass"":6,""gasName"":""CO2"",""confidence"":0,""alarm"":false,""sensorVoltage"":[0.095668368,0.004109955,0.004883432,-0.002642488,-0.005449024,-0.011599265,-0.019912818,-0.025737027],""sensorGain"":[32,64,64,64,64,64,64,64],""sensorStatus"":[0,0,0,0,0,0,0,0],""featureOrder"":[""MQ8"",""MQ135"",""MQ3"",""MQ5"",""MQ4"",""MQ7"",""MQ6"",""MQ2""]},""alarmLatched"":false}"
2026-08-04 11:08:30.064 +07:00,68.936,HOT_SWEEP_70,70,700,300,1,0,0.096686669,0.003957392,0.004843128,-0.002656007,-0.004614948,-0.011618967,-0.019937161,-0.025795355,"{""deviceId"":""1001"",""nodeId"":4097,""targetChId"":""0010"",""mode"":""inference"",""uptimeMs"":6446408,""debugEnabled"":true,""power"":{""mode"":""24v"",""externalPower"":true,""batteryMv"":65535,""batteryValid"":false,""batteryDetected"":false,""batterySenseStatus"":""not_detected"",""batteryLow"":false,""batteryCritical"":false,""sourceAmbiguous"":false,""serviceHoldActive"":false,""serviceHoldEffective"":false},""batterySession"":{""state"":""inactive"",""startedMs"":0,""stateStartedMs"":0,""validSampleBatches"":0,""requiredSampleBatches"":10,""alarmTxAttempts"":0,""alarmTxAttemptLimit"":3,""alarmAckReceived"":false,""pendingAlarm"":false,""pendingSaveRequired"":false,""persistenceFaultHold"":false,""completionReason"":""session_done""},""bootHealth"":{""adsReady"":true,""adsDrdyLevel"":0,""adsDrdyPulldownLevel"":0,""adsDrdyPullupLevel"":0,""adsMisoPulldownLevel"":0,""adsMisoPullupLevel"":1,""adsCsLevel"":1,""adsSyncLevel"":1,""adsStatus"":54,""adsMux"":15,""adsAdcon"":6,""adsDrate"":240,""adsReason"":""ok"",""tcaOk"":true,""mcpOkCount"":8,""mcpOk"":[true,true,true,true,true,true,true,true],""mcpAddrMask"":[1,1,1,1,1,1,1,1],""mcpControlTested"":true,""mcpControlOkCount"":8,""mcpControlOk"":[true,true,true,true,true,true,true,true],""dacReady"":true,""radioReady"":true,""mlReady"":true,""nullingProfileApplied"":true,""modelProfileReady"":false},""runtimeMcpCode"":[255,519,795,706,799,865,665,139],""model"":{""profileId"":""cnn-dualbranch-datasheet-v1-unbound"",""scalerProfileId"":""cnn-dualbranch-datasheet-v1-unbound"",""productionApproved"":true,""boundNullingProfileId"":8,""activeNullingProfileId"":9,""bindingValid"":true,""bindingModelMatches"":true,""profileReady"":false,""inferenceValid"":false,""sensorFault"":true},""lora"":{""beginState"":0,""lastTxState"":0,""lastTxOk"":false,""txSeq"":0,""txCounter"":0,""aesKeyProvisioned"":true,""aesKeyPresent"":true,""aesKeySource"":""nvs"",""keyId"":1,""lastDownlinkCommandId"":0,""freqMHz"":920,""bwKHz"":125,""sf"":7,""cr"":5,""syncWord"":18,""txPowerDbm"":17,""preamble"":8,""tcxoVoltage"":1.600000024,""xtalVoltage"":0},""dataset"":{""state"":""idle"",""step"":""idle"",""label"":"""",""seq"":0,""targetSamples"":0,""sampleIntervalMs"":500,""maxDurationMs"":0,""useFanIntake"":true,""fanOnMs"":1000,""postFanSettleMs"":0,""nullingProfileId"":9,""queuePending"":0,""queueCapacity"":16,""queueEnqueued"":0,""queueDropped"":0,""publishFailCount"":0,""retryCount"":0,""retryFailCount"":0,""rejectedSamples"":0,""lastRejectReason"":""none"",""lastRejectChannel"":-1,""lastRejectOkFiniteCount"":0,""lastRejectStatus"":255,""lastRejectGain"":0,""lastRejectSaturated"":false},""recovery"":{""wifiReconnectCount"":0,""wifiReconnectFailCount"":0,""mqttReconnectCount"":0,""mqttConnectFailCount"":0,""lastMqttState"":0,""adsRecoveryCount"":0,""adsRecoveryFailCount"":0,""adsReadFailStreak"":0,""lastReason"":""none"",""lastRecoveryMs"":0,""bootRecoveryArmed"":false,""bootRecoveryDueMs"":0,""bootRecoveryReason"":""none"",""bootRecoveryNonAdsFailure"":false,""bootRecoveryRestartCount"":0},""nulling"":{""done"":false,""retryArmed"":false,""attemptCount"":0,""nextRetryMs"":0,""thresholdV"":9.999999747E-06,""minFinalV"":0},""telemetry"":{""valid"":true,""sampleMs"":6446037,""gasClass"":6,""gasName"":""CO2"",""confidence"":0,""alarm"":false,""sensorVoltage"":[0.096686669,0.003957392,0.004843128,-0.002656007,-0.004614948,-0.011618967,-0.019937161,-0.025795355],""sensorGain"":[32,64,64,64,64,64,64,64],""sensorStatus"":[0,0,0,0,0,0,0,0],""featureOrder"":[""MQ8"",""MQ135"",""MQ3"",""MQ5"",""MQ4"",""MQ7"",""MQ6"",""MQ2""]},""alarmLatched"":false}"
2026-08-04 11:08:30.744 +07:00,69.625,HOT_SWEEP_70,70,700,300,1,0,0.096359909,0.004001758,0.004890881,-0.002673289,-0.00437642,-0.011594823,-0.019946758,-0.025810927,"{""deviceId"":""1001"",""nodeId"":4097,""targetChId"":""0010"",""mode"":""inference"",""uptimeMs"":6447094,""debugEnabled"":true,""power"":{""mode"":""24v"",""externalPower"":true,""batteryMv"":65535,""batteryValid"":false,""batteryDetected"":false,""batterySenseStatus"":""not_detected"",""batteryLow"":false,""batteryCritical"":false,""sourceAmbiguous"":false,""serviceHoldActive"":false,""serviceHoldEffective"":false},""batterySession"":{""state"":""inactive"",""startedMs"":0,""stateStartedMs"":0,""validSampleBatches"":0,""requiredSampleBatches"":10,""alarmTxAttempts"":0,""alarmTxAttemptLimit"":3,""alarmAckReceived"":false,""pendingAlarm"":false,""pendingSaveRequired"":false,""persistenceFaultHold"":false,""completionReason"":""session_done""},""bootHealth"":{""adsReady"":true,""adsDrdyLevel"":0,""adsDrdyPulldownLevel"":0,""adsDrdyPullupLevel"":0,""adsMisoPulldownLevel"":0,""adsMisoPullupLevel"":1,""adsCsLevel"":1,""adsSyncLevel"":1,""adsStatus"":54,""adsMux"":15,""adsAdcon"":6,""adsDrate"":240,""adsReason"":""ok"",""tcaOk"":true,""mcpOkCount"":8,""mcpOk"":[true,true,true,true,true,true,true,true],""mcpAddrMask"":[1,1,1,1,1,1,1,1],""mcpControlTested"":true,""mcpControlOkCount"":8,""mcpControlOk"":[true,true,true,true,true,true,true,true],""dacReady"":true,""radioReady"":true,""mlReady"":true,""nullingProfileApplied"":true,""modelProfileReady"":false},""runtimeMcpCode"":[255,519,795,706,799,865,665,139],""model"":{""profileId"":""cnn-dualbranch-datasheet-v1-unbound"",""scalerProfileId"":""cnn-dualbranch-datasheet-v1-unbound"",""productionApproved"":true,""boundNullingProfileId"":8,""activeNullingProfileId"":9,""bindingValid"":true,""bindingModelMatches"":true,""profileReady"":false,""inferenceValid"":false,""sensorFault"":true},""lora"":{""beginState"":0,""lastTxState"":0,""lastTxOk"":false,""txSeq"":0,""txCounter"":0,""aesKeyProvisioned"":true,""aesKeyPresent"":true,""aesKeySource"":""nvs"",""keyId"":1,""lastDownlinkCommandId"":0,""freqMHz"":920,""bwKHz"":125,""sf"":7,""cr"":5,""syncWord"":18,""txPowerDbm"":17,""preamble"":8,""tcxoVoltage"":1.600000024,""xtalVoltage"":0},""dataset"":{""state"":""idle"",""step"":""idle"",""label"":"""",""seq"":0,""targetSamples"":0,""sampleIntervalMs"":500,""maxDurationMs"":0,""useFanIntake"":true,""fanOnMs"":1000,""postFanSettleMs"":0,""nullingProfileId"":9,""queuePending"":0,""queueCapacity"":16,""queueEnqueued"":0,""queueDropped"":0,""publishFailCount"":0,""retryCount"":0,""retryFailCount"":0,""rejectedSamples"":0,""lastRejectReason"":""none"",""lastRejectChannel"":-1,""lastRejectOkFiniteCount"":0,""lastRejectStatus"":255,""lastRejectGain"":0,""lastRejectSaturated"":false},""recovery"":{""wifiReconnectCount"":0,""wifiReconnectFailCount"":0,""mqttReconnectCount"":0,""mqttConnectFailCount"":0,""lastMqttState"":0,""adsRecoveryCount"":0,""adsRecoveryFailCount"":0,""adsReadFailStreak"":0,""lastReason"":""none"",""lastRecoveryMs"":0,""bootRecoveryArmed"":false,""bootRecoveryDueMs"":0,""bootRecoveryReason"":""none"",""bootRecoveryNonAdsFailure"":false,""bootRecoveryRestartCount"":0},""nulling"":{""done"":false,""retryArmed"":false,""attemptCount"":0,""nextRetryMs"":0,""thresholdV"":9.999999747E-06,""minFinalV"":0},""telemetry"":{""valid"":true,""sampleMs"":6446686,""gasClass"":6,""gasName"":""CO2"",""confidence"":0,""alarm"":false,""sensorVoltage"":[0.096359909,0.004001758,0.004890881,-0.002673289,-0.00437642,-0.011594823,-0.019946758,-0.025810927],""sensorGain"":[32,64,64,64,64,64,64,64],""sensorStatus"":[0,0,0,0,0,0,0,0],""featureOrder"":[""MQ8"",""MQ135"",""MQ3"",""MQ5"",""MQ4"",""MQ7"",""MQ6"",""MQ2""]},""alarmLatched"":false}"
2026-08-04 11:08:31.429 +07:00,70.310,HOT_SWEEP_70,70,700,300,1,0,0.096115053,0.004003833,0.004882988,-0.002672432,-0.00526567,-0.011593655,-0.019869501,-0.02580766,"{""deviceId"":""1001"",""nodeId"":4097,""targetChId"":""0010"",""mode"":""inference"",""uptimeMs"":6447774,""debugEnabled"":true,""power"":{""mode"":""24v"",""externalPower"":true,""batteryMv"":65535,""batteryValid"":false,""batteryDetected"":false,""batterySenseStatus"":""not_detected"",""batteryLow"":false,""batteryCritical"":false,""sourceAmbiguous"":false,""serviceHoldActive"":false,""serviceHoldEffective"":false},""batterySession"":{""state"":""inactive"",""startedMs"":0,""stateStartedMs"":0,""validSampleBatches"":0,""requiredSampleBatches"":10,""alarmTxAttempts"":0,""alarmTxAttemptLimit"":3,""alarmAckReceived"":false,""pendingAlarm"":false,""pendingSaveRequired"":false,""persistenceFaultHold"":false,""completionReason"":""session_done""},""bootHealth"":{""adsReady"":true,""adsDrdyLevel"":0,""adsDrdyPulldownLevel"":0,""adsDrdyPullupLevel"":0,""adsMisoPulldownLevel"":0,""adsMisoPullupLevel"":1,""adsCsLevel"":1,""adsSyncLevel"":1,""adsStatus"":54,""adsMux"":15,""adsAdcon"":6,""adsDrate"":240,""adsReason"":""ok"",""tcaOk"":true,""mcpOkCount"":8,""mcpOk"":[true,true,true,true,true,true,true,true],""mcpAddrMask"":[1,1,1,1,1,1,1,1],""mcpControlTested"":true,""mcpControlOkCount"":8,""mcpControlOk"":[true,true,true,true,true,true,true,true],""dacReady"":true,""radioReady"":true,""mlReady"":true,""nullingProfileApplied"":true,""modelProfileReady"":false},""runtimeMcpCode"":[255,519,795,706,799,865,665,139],""model"":{""profileId"":""cnn-dualbranch-datasheet-v1-unbound"",""scalerProfileId"":""cnn-dualbranch-datasheet-v1-unbound"",""productionApproved"":true,""boundNullingProfileId"":8,""activeNullingProfileId"":9,""bindingValid"":true,""bindingModelMatches"":true,""profileReady"":false,""inferenceValid"":false,""sensorFault"":true},""lora"":{""beginState"":0,""lastTxState"":0,""lastTxOk"":false,""txSeq"":0,""txCounter"":0,""aesKeyProvisioned"":true,""aesKeyPresent"":true,""aesKeySource"":""nvs"",""keyId"":1,""lastDownlinkCommandId"":0,""freqMHz"":920,""bwKHz"":125,""sf"":7,""cr"":5,""syncWord"":18,""txPowerDbm"":17,""preamble"":8,""tcxoVoltage"":1.600000024,""xtalVoltage"":0},""dataset"":{""state"":""idle"",""step"":""idle"",""label"":"""",""seq"":0,""targetSamples"":0,""sampleIntervalMs"":500,""maxDurationMs"":0,""useFanIntake"":true,""fanOnMs"":1000,""postFanSettleMs"":0,""nullingProfileId"":9,""queuePending"":0,""queueCapacity"":16,""queueEnqueued"":0,""queueDropped"":0,""publishFailCount"":0,""retryCount"":0,""retryFailCount"":0,""rejectedSamples"":0,""lastRejectReason"":""none"",""lastRejectChannel"":-1,""lastRejectOkFiniteCount"":0,""lastRejectStatus"":255,""lastRejectGain"":0,""lastRejectSaturated"":false},""recovery"":{""wifiReconnectCount"":0,""wifiReconnectFailCount"":0,""mqttReconnectCount"":0,""mqttConnectFailCount"":0,""lastMqttState"":0,""adsRecoveryCount"":0,""adsRecoveryFailCount"":0,""adsReadFailStreak"":0,""lastReason"":""none"",""lastRecoveryMs"":0,""bootRecoveryArmed"":false,""bootRecoveryDueMs"":0,""bootRecoveryReason"":""none"",""bootRecoveryNonAdsFailure"":false,""bootRecoveryRestartCount"":0},""nulling"":{""done"":false,""retryArmed"":false,""attemptCount"":0,""nextRetryMs"":0,""thresholdV"":9.999999747E-06,""minFinalV"":0},""telemetry"":{""valid"":true,""sampleMs"":6447372,""gasClass"":6,""gasName"":""CO2"",""confidence"":0,""alarm"":false,""sensorVoltage"":[0.096115053,0.004003833,0.004882988,-0.002672432,-0.00526567,-0.011593655,-0.019869501,-0.02580766],""sensorGain"":[32,64,64,64,64,64,64,64],""sensorStatus"":[0,0,0,0,0,0,0,0],""featureOrder"":[""MQ8"",""MQ135"",""MQ3"",""MQ5"",""MQ4"",""MQ7"",""MQ6"",""MQ2""]},""alarmLatched"":false}"
2026-08-04 11:08:32.115 +07:00,70.996,HOT_SWEEP_70,70,700,300,1,0,0.096981026,0.003995266,0.004850897,-0.002674212,-0.004902177,-0.011579304,-0.019828428,-0.025767576,"{""deviceId"":""1001"",""nodeId"":4097,""targetChId"":""0010"",""mode"":""inference"",""uptimeMs"":6448459,""debugEnabled"":true,""power"":{""mode"":""24v"",""externalPower"":true,""batteryMv"":65535,""batteryValid"":false,""batteryDetected"":false,""batterySenseStatus"":""not_detected"",""batteryLow"":false,""batteryCritical"":false,""sourceAmbiguous"":false,""serviceHoldActive"":false,""serviceHoldEffective"":false},""batterySession"":{""state"":""inactive"",""startedMs"":0,""stateStartedMs"":0,""validSampleBatches"":0,""requiredSampleBatches"":10,""alarmTxAttempts"":0,""alarmTxAttemptLimit"":3,""alarmAckReceived"":false,""pendingAlarm"":false,""pendingSaveRequired"":false,""persistenceFaultHold"":false,""completionReason"":""session_done""},""bootHealth"":{""adsReady"":true,""adsDrdyLevel"":0,""adsDrdyPulldownLevel"":0,""adsDrdyPullupLevel"":0,""adsMisoPulldownLevel"":0,""adsMisoPullupLevel"":1,""adsCsLevel"":1,""adsSyncLevel"":1,""adsStatus"":54,""adsMux"":15,""adsAdcon"":6,""adsDrate"":240,""adsReason"":""ok"",""tcaOk"":true,""mcpOkCount"":8,""mcpOk"":[true,true,true,true,true,true,true,true],""mcpAddrMask"":[1,1,1,1,1,1,1,1],""mcpControlTested"":true,""mcpControlOkCount"":8,""mcpControlOk"":[true,true,true,true,true,true,true,true],""dacReady"":true,""radioReady"":true,""mlReady"":true,""nullingProfileApplied"":true,""modelProfileReady"":false},""runtimeMcpCode"":[255,519,795,706,799,865,665,139],""model"":{""profileId"":""cnn-dualbranch-datasheet-v1-unbound"",""scalerProfileId"":""cnn-dualbranch-datasheet-v1-unbound"",""productionApproved"":true,""boundNullingProfileId"":8,""activeNullingProfileId"":9,""bindingValid"":true,""bindingModelMatches"":true,""profileReady"":false,""inferenceValid"":false,""sensorFault"":true},""lora"":{""beginState"":0,""lastTxState"":0,""lastTxOk"":false,""txSeq"":0,""txCounter"":0,""aesKeyProvisioned"":true,""aesKeyPresent"":true,""aesKeySource"":""nvs"",""keyId"":1,""lastDownlinkCommandId"":0,""freqMHz"":920,""bwKHz"":125,""sf"":7,""cr"":5,""syncWord"":18,""txPowerDbm"":17,""preamble"":8,""tcxoVoltage"":1.600000024,""xtalVoltage"":0},""dataset"":{""state"":""idle"",""step"":""idle"",""label"":"""",""seq"":0,""targetSamples"":0,""sampleIntervalMs"":500,""maxDurationMs"":0,""useFanIntake"":true,""fanOnMs"":1000,""postFanSettleMs"":0,""nullingProfileId"":9,""queuePending"":0,""queueCapacity"":16,""queueEnqueued"":0,""queueDropped"":0,""publishFailCount"":0,""retryCount"":0,""retryFailCount"":0,""rejectedSamples"":0,""lastRejectReason"":""none"",""lastRejectChannel"":-1,""lastRejectOkFiniteCount"":0,""lastRejectStatus"":255,""lastRejectGain"":0,""lastRejectSaturated"":false},""recovery"":{""wifiReconnectCount"":0,""wifiReconnectFailCount"":0,""mqttReconnectCount"":0,""mqttConnectFailCount"":0,""lastMqttState"":0,""adsRecoveryCount"":0,""adsRecoveryFailCount"":0,""adsReadFailStreak"":0,""lastReason"":""none"",""lastRecoveryMs"":0,""bootRecoveryArmed"":false,""bootRecoveryDueMs"":0,""bootRecoveryReason"":""none"",""bootRecoveryNonAdsFailure"":false,""bootRecoveryRestartCount"":0},""nulling"":{""done"":false,""retryArmed"":false,""attemptCount"":0,""nextRetryMs"":0,""thresholdV"":9.999999747E-06,""minFinalV"":0},""telemetry"":{""valid"":true,""sampleMs"":6448084,""gasClass"":6,""gasName"":""CO2"",""confidence"":0,""alarm"":false,""sensorVoltage"":[0.096981026,0.003995266,0.004850897,-0.002674212,-0.004902177,-0.011579304,-0.019828428,-0.025767576],""sensorGain"":[32,64,64,64,64,64,64,64],""sensorStatus"":[0,0,0,0,0,0,0,0],""featureOrder"":[""MQ8"",""MQ135"",""MQ3"",""MQ5"",""MQ4"",""MQ7"",""MQ6"",""MQ2""]},""alarmLatched"":false}"
2026-08-04 11:08:32.794 +07:00,71.676,HOT_SWEEP_70,70,700,300,1,0,0.096776582,0.004043508,0.004896416,-0.002635309,-0.005136668,-0.011614083,-0.019820455,-0.025844608,"{""deviceId"":""1001"",""nodeId"":4097,""targetChId"":""0010"",""mode"":""inference"",""uptimeMs"":6449139,""debugEnabled"":true,""power"":{""mode"":""24v"",""externalPower"":true,""batteryMv"":65535,""batteryValid"":false,""batteryDetected"":false,""batterySenseStatus"":""not_detected"",""batteryLow"":false,""batteryCritical"":false,""sourceAmbiguous"":false,""serviceHoldActive"":false,""serviceHoldEffective"":false},""batterySession"":{""state"":""inactive"",""startedMs"":0,""stateStartedMs"":0,""validSampleBatches"":0,""requiredSampleBatches"":10,""alarmTxAttempts"":0,""alarmTxAttemptLimit"":3,""alarmAckReceived"":false,""pendingAlarm"":false,""pendingSaveRequired"":false,""persistenceFaultHold"":false,""completionReason"":""session_done""},""bootHealth"":{""adsReady"":true,""adsDrdyLevel"":0,""adsDrdyPulldownLevel"":0,""adsDrdyPullupLevel"":0,""adsMisoPulldownLevel"":0,""adsMisoPullupLevel"":1,""adsCsLevel"":1,""adsSyncLevel"":1,""adsStatus"":54,""adsMux"":15,""adsAdcon"":6,""adsDrate"":240,""adsReason"":""ok"",""tcaOk"":true,""mcpOkCount"":8,""mcpOk"":[true,true,true,true,true,true,true,true],""mcpAddrMask"":[1,1,1,1,1,1,1,1],""mcpControlTested"":true,""mcpControlOkCount"":8,""mcpControlOk"":[true,true,true,true,true,true,true,true],""dacReady"":true,""radioReady"":true,""mlReady"":true,""nullingProfileApplied"":true,""modelProfileReady"":false},""runtimeMcpCode"":[255,519,795,706,799,865,665,139],""model"":{""profileId"":""cnn-dualbranch-datasheet-v1-unbound"",""scalerProfileId"":""cnn-dualbranch-datasheet-v1-unbound"",""productionApproved"":true,""boundNullingProfileId"":8,""activeNullingProfileId"":9,""bindingValid"":true,""bindingModelMatches"":true,""profileReady"":false,""inferenceValid"":false,""sensorFault"":true},""lora"":{""beginState"":0,""lastTxState"":0,""lastTxOk"":false,""txSeq"":0,""txCounter"":0,""aesKeyProvisioned"":true,""aesKeyPresent"":true,""aesKeySource"":""nvs"",""keyId"":1,""lastDownlinkCommandId"":0,""freqMHz"":920,""bwKHz"":125,""sf"":7,""cr"":5,""syncWord"":18,""txPowerDbm"":17,""preamble"":8,""tcxoVoltage"":1.600000024,""xtalVoltage"":0},""dataset"":{""state"":""idle"",""step"":""idle"",""label"":"""",""seq"":0,""targetSamples"":0,""sampleIntervalMs"":500,""maxDurationMs"":0,""useFanIntake"":true,""fanOnMs"":1000,""postFanSettleMs"":0,""nullingProfileId"":9,""queuePending"":0,""queueCapacity"":16,""queueEnqueued"":0,""queueDropped"":0,""publishFailCount"":0,""retryCount"":0,""retryFailCount"":0,""rejectedSamples"":0,""lastRejectReason"":""none"",""lastRejectChannel"":-1,""lastRejectOkFiniteCount"":0,""lastRejectStatus"":255,""lastRejectGain"":0,""lastRejectSaturated"":false},""recovery"":{""wifiReconnectCount"":0,""wifiReconnectFailCount"":0,""mqttReconnectCount"":0,""mqttConnectFailCount"":0,""lastMqttState"":0,""adsRecoveryCount"":0,""adsRecoveryFailCount"":0,""adsReadFailStreak"":0,""lastReason"":""none"",""lastRecoveryMs"":0,""bootRecoveryArmed"":false,""bootRecoveryDueMs"":0,""bootRecoveryReason"":""none"",""bootRecoveryNonAdsFailure"":false,""bootRecoveryRestartCount"":0},""nulling"":{""done"":false,""retryArmed"":false,""attemptCount"":0,""nextRetryMs"":0,""thresholdV"":9.999999747E-06,""minFinalV"":0},""telemetry"":{""valid"":true,""sampleMs"":6448737,""gasClass"":6,""gasName"":""CO2"",""confidence"":0,""alarm"":false,""sensorVoltage"":[0.096776582,0.004043508,0.004896416,-0.002635309,-0.005136668,-0.011614083,-0.019820455,-0.025844608],""sensorGain"":[32,64,64,64,64,64,64,64],""sensorStatus"":[0,0,0,0,0,0,0,0],""featureOrder"":[""MQ8"",""MQ135"",""MQ3"",""MQ5"",""MQ4"",""MQ7"",""MQ6"",""MQ2""]},""alarmLatched"":false}"
2026-08-04 11:08:33.485 +07:00,72.366,HOT_SWEEP_70,70,700,300,1,0,0.096235164,0.004048618,0.004838049,-0.002549775,-0.005981974,-0.011613795,-0.01982907,-0.025853971,"{""deviceId"":""1001"",""nodeId"":4097,""targetChId"":""0010"",""mode"":""inference"",""uptimeMs"":6449833,""debugEnabled"":true,""power"":{""mode"":""24v"",""externalPower"":true,""batteryMv"":65535,""batteryValid"":false,""batteryDetected"":false,""batterySenseStatus"":""not_detected"",""batteryLow"":false,""batteryCritical"":false,""sourceAmbiguous"":false,""serviceHoldActive"":false,""serviceHoldEffective"":false},""batterySession"":{""state"":""inactive"",""startedMs"":0,""stateStartedMs"":0,""validSampleBatches"":0,""requiredSampleBatches"":10,""alarmTxAttempts"":0,""alarmTxAttemptLimit"":3,""alarmAckReceived"":false,""pendingAlarm"":false,""pendingSaveRequired"":false,""persistenceFaultHold"":false,""completionReason"":""session_done""},""bootHealth"":{""adsReady"":true,""adsDrdyLevel"":0,""adsDrdyPulldownLevel"":0,""adsDrdyPullupLevel"":0,""adsMisoPulldownLevel"":0,""adsMisoPullupLevel"":1,""adsCsLevel"":1,""adsSyncLevel"":1,""adsStatus"":54,""adsMux"":15,""adsAdcon"":6,""adsDrate"":240,""adsReason"":""ok"",""tcaOk"":true,""mcpOkCount"":8,""mcpOk"":[true,true,true,true,true,true,true,true],""mcpAddrMask"":[1,1,1,1,1,1,1,1],""mcpControlTested"":true,""mcpControlOkCount"":8,""mcpControlOk"":[true,true,true,true,true,true,true,true],""dacReady"":true,""radioReady"":true,""mlReady"":true,""nullingProfileApplied"":true,""modelProfileReady"":false},""runtimeMcpCode"":[255,519,795,706,799,865,665,139],""model"":{""profileId"":""cnn-dualbranch-datasheet-v1-unbound"",""scalerProfileId"":""cnn-dualbranch-datasheet-v1-unbound"",""productionApproved"":true,""boundNullingProfileId"":8,""activeNullingProfileId"":9,""bindingValid"":true,""bindingModelMatches"":true,""profileReady"":false,""inferenceValid"":false,""sensorFault"":true},""lora"":{""beginState"":0,""lastTxState"":0,""lastTxOk"":false,""txSeq"":0,""txCounter"":0,""aesKeyProvisioned"":true,""aesKeyPresent"":true,""aesKeySource"":""nvs"",""keyId"":1,""lastDownlinkCommandId"":0,""freqMHz"":920,""bwKHz"":125,""sf"":7,""cr"":5,""syncWord"":18,""txPowerDbm"":17,""preamble"":8,""tcxoVoltage"":1.600000024,""xtalVoltage"":0},""dataset"":{""state"":""idle"",""step"":""idle"",""label"":"""",""seq"":0,""targetSamples"":0,""sampleIntervalMs"":500,""maxDurationMs"":0,""useFanIntake"":true,""fanOnMs"":1000,""postFanSettleMs"":0,""nullingProfileId"":9,""queuePending"":0,""queueCapacity"":16,""queueEnqueued"":0,""queueDropped"":0,""publishFailCount"":0,""retryCount"":0,""retryFailCount"":0,""rejectedSamples"":0,""lastRejectReason"":""none"",""lastRejectChannel"":-1,""lastRejectOkFiniteCount"":0,""lastRejectStatus"":255,""lastRejectGain"":0,""lastRejectSaturated"":false},""recovery"":{""wifiReconnectCount"":0,""wifiReconnectFailCount"":0,""mqttReconnectCount"":0,""mqttConnectFailCount"":0,""lastMqttState"":0,""adsRecoveryCount"":0,""adsRecoveryFailCount"":0,""adsReadFailStreak"":0,""lastReason"":""none"",""lastRecoveryMs"":0,""bootRecoveryArmed"":false,""bootRecoveryDueMs"":0,""bootRecoveryReason"":""none"",""bootRecoveryNonAdsFailure"":false,""bootRecoveryRestartCount"":0},""nulling"":{""done"":false,""retryArmed"":false,""attemptCount"":0,""nextRetryMs"":0,""thresholdV"":9.999999747E-06,""minFinalV"":0},""telemetry"":{""valid"":true,""sampleMs"":6449417,""gasClass"":6,""gasName"":""CO2"",""confidence"":0,""alarm"":false,""sensorVoltage"":[0.096235164,0.004048618,0.004838049,-0.002549775,-0.005981974,-0.011613795,-0.01982907,-0.025853971],""sensorGain"":[32,64,64,64,64,64,64,64],""sensorStatus"":[0,0,0,0,0,0,0,0],""featureOrder"":[""MQ8"",""MQ135"",""MQ3"",""MQ5"",""MQ4"",""MQ7"",""MQ6"",""MQ2""]},""alarmLatched"":false}"
2026-08-04 11:08:34.179 +07:00,73.055,HOT_SWEEP_70,70,700,300,1,0,0.096616216,0.004055526,0.004863443,-0.002529235,-0.005484764,-0.01161425,-0.019723404,-0.025830528,"{""deviceId"":""1001"",""nodeId"":4097,""targetChId"":""0010"",""mode"":""inference"",""uptimeMs"":6450523,""debugEnabled"":true,""power"":{""mode"":""24v"",""externalPower"":true,""batteryMv"":65535,""batteryValid"":false,""batteryDetected"":false,""batterySenseStatus"":""not_detected"",""batteryLow"":false,""batteryCritical"":false,""sourceAmbiguous"":false,""serviceHoldActive"":false,""serviceHoldEffective"":false},""batterySession"":{""state"":""inactive"",""startedMs"":0,""stateStartedMs"":0,""validSampleBatches"":0,""requiredSampleBatches"":10,""alarmTxAttempts"":0,""alarmTxAttemptLimit"":3,""alarmAckReceived"":false,""pendingAlarm"":false,""pendingSaveRequired"":false,""persistenceFaultHold"":false,""completionReason"":""session_done""},""bootHealth"":{""adsReady"":true,""adsDrdyLevel"":0,""adsDrdyPulldownLevel"":0,""adsDrdyPullupLevel"":0,""adsMisoPulldownLevel"":0,""adsMisoPullupLevel"":1,""adsCsLevel"":1,""adsSyncLevel"":1,""adsStatus"":54,""adsMux"":15,""adsAdcon"":6,""adsDrate"":240,""adsReason"":""ok"",""tcaOk"":true,""mcpOkCount"":8,""mcpOk"":[true,true,true,true,true,true,true,true],""mcpAddrMask"":[1,1,1,1,1,1,1,1],""mcpControlTested"":true,""mcpControlOkCount"":8,""mcpControlOk"":[true,true,true,true,true,true,true,true],""dacReady"":true,""radioReady"":true,""mlReady"":true,""nullingProfileApplied"":true,""modelProfileReady"":false},""runtimeMcpCode"":[255,519,795,706,799,865,665,139],""model"":{""profileId"":""cnn-dualbranch-datasheet-v1-unbound"",""scalerProfileId"":""cnn-dualbranch-datasheet-v1-unbound"",""productionApproved"":true,""boundNullingProfileId"":8,""activeNullingProfileId"":9,""bindingValid"":true,""bindingModelMatches"":true,""profileReady"":false,""inferenceValid"":false,""sensorFault"":true},""lora"":{""beginState"":0,""lastTxState"":0,""lastTxOk"":false,""txSeq"":0,""txCounter"":0,""aesKeyProvisioned"":true,""aesKeyPresent"":true,""aesKeySource"":""nvs"",""keyId"":1,""lastDownlinkCommandId"":0,""freqMHz"":920,""bwKHz"":125,""sf"":7,""cr"":5,""syncWord"":18,""txPowerDbm"":17,""preamble"":8,""tcxoVoltage"":1.600000024,""xtalVoltage"":0},""dataset"":{""state"":""idle"",""step"":""idle"",""label"":"""",""seq"":0,""targetSamples"":0,""sampleIntervalMs"":500,""maxDurationMs"":0,""useFanIntake"":true,""fanOnMs"":1000,""postFanSettleMs"":0,""nullingProfileId"":9,""queuePending"":0,""queueCapacity"":16,""queueEnqueued"":0,""queueDropped"":0,""publishFailCount"":0,""retryCount"":0,""retryFailCount"":0,""rejectedSamples"":0,""lastRejectReason"":""none"",""lastRejectChannel"":-1,""lastRejectOkFiniteCount"":0,""lastRejectStatus"":255,""lastRejectGain"":0,""lastRejectSaturated"":false},""recovery"":{""wifiReconnectCount"":0,""wifiReconnectFailCount"":0,""mqttReconnectCount"":0,""mqttConnectFailCount"":0,""lastMqttState"":0,""adsRecoveryCount"":0,""adsRecoveryFailCount"":0,""adsReadFailStreak"":0,""lastReason"":""none"",""lastRecoveryMs"":0,""bootRecoveryArmed"":false,""bootRecoveryDueMs"":0,""bootRecoveryReason"":""none"",""bootRecoveryNonAdsFailure"":false,""bootRecoveryRestartCount"":0},""nulling"":{""done"":false,""retryArmed"":false,""attemptCount"":0,""nextRetryMs"":0,""thresholdV"":9.999999747E-06,""minFinalV"":0},""telemetry"":{""valid"":true,""sampleMs"":6450143,""gasClass"":6,""gasName"":""CO2"",""confidence"":0,""alarm"":false,""sensorVoltage"":[0.096616216,0.004055526,0.004863443,-0.002529235,-0.005484764,-0.01161425,-0.019723404,-0.025830528],""sensorGain"":[32,64,64,64,64,64,64,64],""sensorStatus"":[0,0,0,0,0,0,0,0],""featureOrder"":[""MQ8"",""MQ135"",""MQ3"",""MQ5"",""MQ4"",""MQ7"",""MQ6"",""MQ2""]},""alarmLatched"":false}"
2026-08-04 11:08:34.855 +07:00,73.736,HOT_SWEEP_70,70,700,300,1,0,0.097040817,0.003999335,0.00485842,-0.002478835,-0.004638466,-0.011631636,-0.01934725,-0.025402147,"{""deviceId"":""1001"",""nodeId"":4097,""targetChId"":""0010"",""mode"":""inference"",""uptimeMs"":6451203,""debugEnabled"":true,""power"":{""mode"":""24v"",""externalPower"":true,""batteryMv"":65535,""batteryValid"":false,""batteryDetected"":false,""batterySenseStatus"":""not_detected"",""batteryLow"":false,""batteryCritical"":false,""sourceAmbiguous"":false,""serviceHoldActive"":false,""serviceHoldEffective"":false},""batterySession"":{""state"":""inactive"",""startedMs"":0,""stateStartedMs"":0,""validSampleBatches"":0,""requiredSampleBatches"":10,""alarmTxAttempts"":0,""alarmTxAttemptLimit"":3,""alarmAckReceived"":false,""pendingAlarm"":false,""pendingSaveRequired"":false,""persistenceFaultHold"":false,""completionReason"":""session_done""},""bootHealth"":{""adsReady"":true,""adsDrdyLevel"":0,""adsDrdyPulldownLevel"":0,""adsDrdyPullupLevel"":0,""adsMisoPulldownLevel"":0,""adsMisoPullupLevel"":1,""adsCsLevel"":1,""adsSyncLevel"":1,""adsStatus"":54,""adsMux"":15,""adsAdcon"":6,""adsDrate"":240,""adsReason"":""ok"",""tcaOk"":true,""mcpOkCount"":8,""mcpOk"":[true,true,true,true,true,true,true,true],""mcpAddrMask"":[1,1,1,1,1,1,1,1],""mcpControlTested"":true,""mcpControlOkCount"":8,""mcpControlOk"":[true,true,true,true,true,true,true,true],""dacReady"":true,""radioReady"":true,""mlReady"":true,""nullingProfileApplied"":true,""modelProfileReady"":false},""runtimeMcpCode"":[255,519,795,706,799,865,665,139],""model"":{""profileId"":""cnn-dualbranch-datasheet-v1-unbound"",""scalerProfileId"":""cnn-dualbranch-datasheet-v1-unbound"",""productionApproved"":true,""boundNullingProfileId"":8,""activeNullingProfileId"":9,""bindingValid"":true,""bindingModelMatches"":true,""profileReady"":false,""inferenceValid"":false,""sensorFault"":true},""lora"":{""beginState"":0,""lastTxState"":0,""lastTxOk"":false,""txSeq"":0,""txCounter"":0,""aesKeyProvisioned"":true,""aesKeyPresent"":true,""aesKeySource"":""nvs"",""keyId"":1,""lastDownlinkCommandId"":0,""freqMHz"":920,""bwKHz"":125,""sf"":7,""cr"":5,""syncWord"":18,""txPowerDbm"":17,""preamble"":8,""tcxoVoltage"":1.600000024,""xtalVoltage"":0},""dataset"":{""state"":""idle"",""step"":""idle"",""label"":"""",""seq"":0,""targetSamples"":0,""sampleIntervalMs"":500,""maxDurationMs"":0,""useFanIntake"":true,""fanOnMs"":1000,""postFanSettleMs"":0,""nullingProfileId"":9,""queuePending"":0,""queueCapacity"":16,""queueEnqueued"":0,""queueDropped"":0,""publishFailCount"":0,""retryCount"":0,""retryFailCount"":0,""rejectedSamples"":0,""lastRejectReason"":""none"",""lastRejectChannel"":-1,""lastRejectOkFiniteCount"":0,""lastRejectStatus"":255,""lastRejectGain"":0,""lastRejectSaturated"":false},""recovery"":{""wifiReconnectCount"":0,""wifiReconnectFailCount"":0,""mqttReconnectCount"":0,""mqttConnectFailCount"":0,""lastMqttState"":0,""adsRecoveryCount"":0,""adsRecoveryFailCount"":0,""adsReadFailStreak"":0,""lastReason"":""none"",""lastRecoveryMs"":0,""bootRecoveryArmed"":false,""bootRecoveryDueMs"":0,""bootRecoveryReason"":""none"",""bootRecoveryNonAdsFailure"":false,""bootRecoveryRestartCount"":0},""nulling"":{""done"":false,""retryArmed"":false,""attemptCount"":0,""nextRetryMs"":0,""thresholdV"":9.999999747E-06,""minFinalV"":0},""telemetry"":{""valid"":true,""sampleMs"":6450801,""gasClass"":6,""gasName"":""CO2"",""confidence"":0,""alarm"":false,""sensorVoltage"":[0.097040817,0.003999335,0.00485842,-0.002478835,-0.004638466,-0.011631636,-0.01934725,-0.025402147],""sensorGain"":[32,64,64,64,64,64,64,64],""sensorStatus"":[0,0,0,0,0,0,0,0],""featureOrder"":[""MQ8"",""MQ135"",""MQ3"",""MQ5"",""MQ4"",""MQ7"",""MQ6"",""MQ2""]},""alarmLatched"":false}"
2026-08-04 11:08:35.543 +07:00,74.422,HOT_SWEEP_70,70,700,300,1,0,0.096600473,0.003970522,0.004896023,-0.002473207,-0.004245305,-0.011646431,-0.019359609,-0.025473434,"{""deviceId"":""1001"",""nodeId"":4097,""targetChId"":""0010"",""mode"":""inference"",""uptimeMs"":6451884,""debugEnabled"":true,""power"":{""mode"":""24v"",""externalPower"":true,""batteryMv"":65535,""batteryValid"":false,""batteryDetected"":false,""batterySenseStatus"":""not_detected"",""batteryLow"":false,""batteryCritical"":false,""sourceAmbiguous"":false,""serviceHoldActive"":false,""serviceHoldEffective"":false},""batterySession"":{""state"":""inactive"",""startedMs"":0,""stateStartedMs"":0,""validSampleBatches"":0,""requiredSampleBatches"":10,""alarmTxAttempts"":0,""alarmTxAttemptLimit"":3,""alarmAckReceived"":false,""pendingAlarm"":false,""pendingSaveRequired"":false,""persistenceFaultHold"":false,""completionReason"":""session_done""},""bootHealth"":{""adsReady"":true,""adsDrdyLevel"":0,""adsDrdyPulldownLevel"":0,""adsDrdyPullupLevel"":0,""adsMisoPulldownLevel"":0,""adsMisoPullupLevel"":1,""adsCsLevel"":1,""adsSyncLevel"":1,""adsStatus"":54,""adsMux"":15,""adsAdcon"":6,""adsDrate"":240,""adsReason"":""ok"",""tcaOk"":true,""mcpOkCount"":8,""mcpOk"":[true,true,true,true,true,true,true,true],""mcpAddrMask"":[1,1,1,1,1,1,1,1],""mcpControlTested"":true,""mcpControlOkCount"":8,""mcpControlOk"":[true,true,true,true,true,true,true,true],""dacReady"":true,""radioReady"":true,""mlReady"":true,""nullingProfileApplied"":true,""modelProfileReady"":false},""runtimeMcpCode"":[255,519,795,706,799,865,665,139],""model"":{""profileId"":""cnn-dualbranch-datasheet-v1-unbound"",""scalerProfileId"":""cnn-dualbranch-datasheet-v1-unbound"",""productionApproved"":true,""boundNullingProfileId"":8,""activeNullingProfileId"":9,""bindingValid"":true,""bindingModelMatches"":true,""profileReady"":false,""inferenceValid"":false,""sensorFault"":true},""lora"":{""beginState"":0,""lastTxState"":0,""lastTxOk"":false,""txSeq"":0,""txCounter"":0,""aesKeyProvisioned"":true,""aesKeyPresent"":true,""aesKeySource"":""nvs"",""keyId"":1,""lastDownlinkCommandId"":0,""freqMHz"":920,""bwKHz"":125,""sf"":7,""cr"":5,""syncWord"":18,""txPowerDbm"":17,""preamble"":8,""tcxoVoltage"":1.600000024,""xtalVoltage"":0},""dataset"":{""state"":""idle"",""step"":""idle"",""label"":"""",""seq"":0,""targetSamples"":0,""sampleIntervalMs"":500,""maxDurationMs"":0,""useFanIntake"":true,""fanOnMs"":1000,""postFanSettleMs"":0,""nullingProfileId"":9,""queuePending"":0,""queueCapacity"":16,""queueEnqueued"":0,""queueDropped"":0,""publishFailCount"":0,""retryCount"":0,""retryFailCount"":0,""rejectedSamples"":0,""lastRejectReason"":""none"",""lastRejectChannel"":-1,""lastRejectOkFiniteCount"":0,""lastRejectStatus"":255,""lastRejectGain"":0,""lastRejectSaturated"":false},""recovery"":{""wifiReconnectCount"":0,""wifiReconnectFailCount"":0,""mqttReconnectCount"":0,""mqttConnectFailCount"":0,""lastMqttState"":0,""adsRecoveryCount"":0,""adsRecoveryFailCount"":0,""adsReadFailStreak"":0,""lastReason"":""none"",""lastRecoveryMs"":0,""bootRecoveryArmed"":false,""bootRecoveryDueMs"":0,""bootRecoveryReason"":""none"",""bootRecoveryNonAdsFailure"":false,""bootRecoveryRestartCount"":0},""nulling"":{""done"":false,""retryArmed"":false,""attemptCount"":0,""nextRetryMs"":0,""thresholdV"":9.999999747E-06,""minFinalV"":0},""telemetry"":{""valid"":true,""sampleMs"":6451481,""gasClass"":6,""gasName"":""CO2"",""confidence"":0,""alarm"":false,""sensorVoltage"":[0.096600473,0.003970522,0.004896023,-0.002473207,-0.004245305,-0.011646431,-0.019359609,-0.025473434],""sensorGain"":[32,64,64,64,64,64,64,64],""sensorStatus"":[0,0,0,0,0,0,0,0],""featureOrder"":[""MQ8"",""MQ135"",""MQ3"",""MQ5"",""MQ4"",""MQ7"",""MQ6"",""MQ2""]},""alarmLatched"":false}"
2026-08-04 11:08:36.247 +07:00,75.127,HOT_SWEEP_70,70,700,300,1,0,0.096754856,0.003966371,0.004947462,-0.002419727,-0.004220485,-0.011650426,-0.019358631,-0.025530327,"{""deviceId"":""1001"",""nodeId"":4097,""targetChId"":""0010"",""mode"":""inference"",""uptimeMs"":6452590,""debugEnabled"":true,""power"":{""mode"":""24v"",""externalPower"":true,""batteryMv"":65535,""batteryValid"":false,""batteryDetected"":false,""batterySenseStatus"":""not_detected"",""batteryLow"":false,""batteryCritical"":false,""sourceAmbiguous"":false,""serviceHoldActive"":false,""serviceHoldEffective"":false},""batterySession"":{""state"":""inactive"",""startedMs"":0,""stateStartedMs"":0,""validSampleBatches"":0,""requiredSampleBatches"":10,""alarmTxAttempts"":0,""alarmTxAttemptLimit"":3,""alarmAckReceived"":false,""pendingAlarm"":false,""pendingSaveRequired"":false,""persistenceFaultHold"":false,""completionReason"":""session_done""},""bootHealth"":{""adsReady"":true,""adsDrdyLevel"":0,""adsDrdyPulldownLevel"":0,""adsDrdyPullupLevel"":0,""adsMisoPulldownLevel"":0,""adsMisoPullupLevel"":1,""adsCsLevel"":1,""adsSyncLevel"":1,""adsStatus"":54,""adsMux"":15,""adsAdcon"":6,""adsDrate"":240,""adsReason"":""ok"",""tcaOk"":true,""mcpOkCount"":8,""mcpOk"":[true,true,true,true,true,true,true,true],""mcpAddrMask"":[1,1,1,1,1,1,1,1],""mcpControlTested"":true,""mcpControlOkCount"":8,""mcpControlOk"":[true,true,true,true,true,true,true,true],""dacReady"":true,""radioReady"":true,""mlReady"":true,""nullingProfileApplied"":true,""modelProfileReady"":false},""runtimeMcpCode"":[255,519,795,706,799,865,665,139],""model"":{""profileId"":""cnn-dualbranch-datasheet-v1-unbound"",""scalerProfileId"":""cnn-dualbranch-datasheet-v1-unbound"",""productionApproved"":true,""boundNullingProfileId"":8,""activeNullingProfileId"":9,""bindingValid"":true,""bindingModelMatches"":true,""profileReady"":false,""inferenceValid"":false,""sensorFault"":true},""lora"":{""beginState"":0,""lastTxState"":0,""lastTxOk"":false,""txSeq"":0,""txCounter"":0,""aesKeyProvisioned"":true,""aesKeyPresent"":true,""aesKeySource"":""nvs"",""keyId"":1,""lastDownlinkCommandId"":0,""freqMHz"":920,""bwKHz"":125,""sf"":7,""cr"":5,""syncWord"":18,""txPowerDbm"":17,""preamble"":8,""tcxoVoltage"":1.600000024,""xtalVoltage"":0},""dataset"":{""state"":""idle"",""step"":""idle"",""label"":"""",""seq"":0,""targetSamples"":0,""sampleIntervalMs"":500,""maxDurationMs"":0,""useFanIntake"":true,""fanOnMs"":1000,""postFanSettleMs"":0,""nullingProfileId"":9,""queuePending"":0,""queueCapacity"":16,""queueEnqueued"":0,""queueDropped"":0,""publishFailCount"":0,""retryCount"":0,""retryFailCount"":0,""rejectedSamples"":0,""lastRejectReason"":""none"",""lastRejectChannel"":-1,""lastRejectOkFiniteCount"":0,""lastRejectStatus"":255,""lastRejectGain"":0,""lastRejectSaturated"":false},""recovery"":{""wifiReconnectCount"":0,""wifiReconnectFailCount"":0,""mqttReconnectCount"":0,""mqttConnectFailCount"":0,""lastMqttState"":0,""adsRecoveryCount"":0,""adsRecoveryFailCount"":0,""adsReadFailStreak"":0,""lastReason"":""none"",""lastRecoveryMs"":0,""bootRecoveryArmed"":false,""bootRecoveryDueMs"":0,""bootRecoveryReason"":""none"",""bootRecoveryNonAdsFailure"":false,""bootRecoveryRestartCount"":0},""nulling"":{""done"":false,""retryArmed"":false,""attemptCount"":0,""nextRetryMs"":0,""thresholdV"":9.999999747E-06,""minFinalV"":0},""telemetry"":{""valid"":true,""sampleMs"":6452194,""gasClass"":6,""gasName"":""CO2"",""confidence"":0,""alarm"":false,""sensorVoltage"":[0.096754856,0.003966371,0.004947462,-0.002419727,-0.004220485,-0.011650426,-0.019358631,-0.025530327],""sensorGain"":[32,64,64,64,64,64,64,64],""sensorStatus"":[0,0,0,0,0,0,0,0],""featureOrder"":[""MQ8"",""MQ135"",""MQ3"",""MQ5"",""MQ4"",""MQ7"",""MQ6"",""MQ2""]},""alarmLatched"":false}"
2026-08-04 11:08:36.957 +07:00,75.822,HOT_SWEEP_70,70,700,300,1,0,0.097736374,0.004013937,0.004946421,-0.002356742,-0.004780912,-0.011341872,-0.018982239,-0.025017988,"{""deviceId"":""1001"",""nodeId"":4097,""targetChId"":""0010"",""mode"":""inference"",""uptimeMs"":6453288,""debugEnabled"":true,""power"":{""mode"":""24v"",""externalPower"":true,""batteryMv"":65535,""batteryValid"":false,""batteryDetected"":false,""batterySenseStatus"":""not_detected"",""batteryLow"":false,""batteryCritical"":false,""sourceAmbiguous"":false,""serviceHoldActive"":false,""serviceHoldEffective"":false},""batterySession"":{""state"":""inactive"",""startedMs"":0,""stateStartedMs"":0,""validSampleBatches"":0,""requiredSampleBatches"":10,""alarmTxAttempts"":0,""alarmTxAttemptLimit"":3,""alarmAckReceived"":false,""pendingAlarm"":false,""pendingSaveRequired"":false,""persistenceFaultHold"":false,""completionReason"":""session_done""},""bootHealth"":{""adsReady"":true,""adsDrdyLevel"":0,""adsDrdyPulldownLevel"":0,""adsDrdyPullupLevel"":0,""adsMisoPulldownLevel"":0,""adsMisoPullupLevel"":1,""adsCsLevel"":1,""adsSyncLevel"":1,""adsStatus"":54,""adsMux"":15,""adsAdcon"":6,""adsDrate"":240,""adsReason"":""ok"",""tcaOk"":true,""mcpOkCount"":8,""mcpOk"":[true,true,true,true,true,true,true,true],""mcpAddrMask"":[1,1,1,1,1,1,1,1],""mcpControlTested"":true,""mcpControlOkCount"":8,""mcpControlOk"":[true,true,true,true,true,true,true,true],""dacReady"":true,""radioReady"":true,""mlReady"":true,""nullingProfileApplied"":true,""modelProfileReady"":false},""runtimeMcpCode"":[255,519,795,706,799,865,665,139],""model"":{""profileId"":""cnn-dualbranch-datasheet-v1-unbound"",""scalerProfileId"":""cnn-dualbranch-datasheet-v1-unbound"",""productionApproved"":true,""boundNullingProfileId"":8,""activeNullingProfileId"":9,""bindingValid"":true,""bindingModelMatches"":true,""profileReady"":false,""inferenceValid"":false,""sensorFault"":true},""lora"":{""beginState"":0,""lastTxState"":0,""lastTxOk"":false,""txSeq"":0,""txCounter"":0,""aesKeyProvisioned"":true,""aesKeyPresent"":true,""aesKeySource"":""nvs"",""keyId"":1,""lastDownlinkCommandId"":0,""freqMHz"":920,""bwKHz"":125,""sf"":7,""cr"":5,""syncWord"":18,""txPowerDbm"":17,""preamble"":8,""tcxoVoltage"":1.600000024,""xtalVoltage"":0},""dataset"":{""state"":""idle"",""step"":""idle"",""label"":"""",""seq"":0,""targetSamples"":0,""sampleIntervalMs"":500,""maxDurationMs"":0,""useFanIntake"":true,""fanOnMs"":1000,""postFanSettleMs"":0,""nullingProfileId"":9,""queuePending"":0,""queueCapacity"":16,""queueEnqueued"":0,""queueDropped"":0,""publishFailCount"":0,""retryCount"":0,""retryFailCount"":0,""rejectedSamples"":0,""lastRejectReason"":""none"",""lastRejectChannel"":-1,""lastRejectOkFiniteCount"":0,""lastRejectStatus"":255,""lastRejectGain"":0,""lastRejectSaturated"":false},""recovery"":{""wifiReconnectCount"":0,""wifiReconnectFailCount"":0,""mqttReconnectCount"":0,""mqttConnectFailCount"":0,""lastMqttState"":0,""adsRecoveryCount"":0,""adsRecoveryFailCount"":0,""adsReadFailStreak"":0,""lastReason"":""none"",""lastRecoveryMs"":0,""bootRecoveryArmed"":false,""bootRecoveryDueMs"":0,""bootRecoveryReason"":""none"",""bootRecoveryNonAdsFailure"":false,""bootRecoveryRestartCount"":0},""nulling"":{""done"":false,""retryArmed"":false,""attemptCount"":0,""nextRetryMs"":0,""thresholdV"":9.999999747E-06,""minFinalV"":0},""telemetry"":{""valid"":true,""sampleMs"":6452868,""gasClass"":6,""gasName"":""CO2"",""confidence"":0,""alarm"":false,""sensorVoltage"":[0.097736374,0.004013937,0.004946421,-0.002356742,-0.004780912,-0.011341872,-0.018982239,-0.025017988],""sensorGain"":[32,64,64,64,64,64,64,64],""sensorStatus"":[0,0,0,0,0,0,0,0],""featureOrder"":[""MQ8"",""MQ135"",""MQ3"",""MQ5"",""MQ4"",""MQ7"",""MQ6"",""MQ2""]},""alarmLatched"":false}"
2026-08-04 11:08:37.647 +07:00,76.526,HOT_SWEEP_70,70,700,300,1,0,0.097254708,0.003958064,0.004975006,-0.002378459,-0.006186474,-0.011620327,-0.019307185,-0.02547138,"{""deviceId"":""1001"",""nodeId"":4097,""targetChId"":""0010"",""mode"":""inference"",""uptimeMs"":6453989,""debugEnabled"":true,""power"":{""mode"":""24v"",""externalPower"":true,""batteryMv"":65535,""batteryValid"":false,""batteryDetected"":false,""batterySenseStatus"":""not_detected"",""batteryLow"":false,""batteryCritical"":false,""sourceAmbiguous"":false,""serviceHoldActive"":false,""serviceHoldEffective"":false},""batterySession"":{""state"":""inactive"",""startedMs"":0,""stateStartedMs"":0,""validSampleBatches"":0,""requiredSampleBatches"":10,""alarmTxAttempts"":0,""alarmTxAttemptLimit"":3,""alarmAckReceived"":false,""pendingAlarm"":false,""pendingSaveRequired"":false,""persistenceFaultHold"":false,""completionReason"":""session_done""},""bootHealth"":{""adsReady"":true,""adsDrdyLevel"":0,""adsDrdyPulldownLevel"":0,""adsDrdyPullupLevel"":0,""adsMisoPulldownLevel"":0,""adsMisoPullupLevel"":1,""adsCsLevel"":1,""adsSyncLevel"":1,""adsStatus"":54,""adsMux"":15,""adsAdcon"":6,""adsDrate"":240,""adsReason"":""ok"",""tcaOk"":true,""mcpOkCount"":8,""mcpOk"":[true,true,true,true,true,true,true,true],""mcpAddrMask"":[1,1,1,1,1,1,1,1],""mcpControlTested"":true,""mcpControlOkCount"":8,""mcpControlOk"":[true,true,true,true,true,true,true,true],""dacReady"":true,""radioReady"":true,""mlReady"":true,""nullingProfileApplied"":true,""modelProfileReady"":false},""runtimeMcpCode"":[255,519,795,706,799,865,665,139],""model"":{""profileId"":""cnn-dualbranch-datasheet-v1-unbound"",""scalerProfileId"":""cnn-dualbranch-datasheet-v1-unbound"",""productionApproved"":true,""boundNullingProfileId"":8,""activeNullingProfileId"":9,""bindingValid"":true,""bindingModelMatches"":true,""profileReady"":false,""inferenceValid"":false,""sensorFault"":true},""lora"":{""beginState"":0,""lastTxState"":0,""lastTxOk"":false,""txSeq"":0,""txCounter"":0,""aesKeyProvisioned"":true,""aesKeyPresent"":true,""aesKeySource"":""nvs"",""keyId"":1,""lastDownlinkCommandId"":0,""freqMHz"":920,""bwKHz"":125,""sf"":7,""cr"":5,""syncWord"":18,""txPowerDbm"":17,""preamble"":8,""tcxoVoltage"":1.600000024,""xtalVoltage"":0},""dataset"":{""state"":""idle"",""step"":""idle"",""label"":"""",""seq"":0,""targetSamples"":0,""sampleIntervalMs"":500,""maxDurationMs"":0,""useFanIntake"":true,""fanOnMs"":1000,""postFanSettleMs"":0,""nullingProfileId"":9,""queuePending"":0,""queueCapacity"":16,""queueEnqueued"":0,""queueDropped"":0,""publishFailCount"":0,""retryCount"":0,""retryFailCount"":0,""rejectedSamples"":0,""lastRejectReason"":""none"",""lastRejectChannel"":-1,""lastRejectOkFiniteCount"":0,""lastRejectStatus"":255,""lastRejectGain"":0,""lastRejectSaturated"":false},""recovery"":{""wifiReconnectCount"":0,""wifiReconnectFailCount"":0,""mqttReconnectCount"":0,""mqttConnectFailCount"":0,""lastMqttState"":0,""adsRecoveryCount"":0,""adsRecoveryFailCount"":0,""adsReadFailStreak"":0,""lastReason"":""none"",""lastRecoveryMs"":0,""bootRecoveryArmed"":false,""bootRecoveryDueMs"":0,""bootRecoveryReason"":""none"",""bootRecoveryNonAdsFailure"":false,""bootRecoveryRestartCount"":0},""nulling"":{""done"":false,""retryArmed"":false,""attemptCount"":0,""nextRetryMs"":0,""thresholdV"":9.999999747E-06,""minFinalV"":0},""telemetry"":{""valid"":true,""sampleMs"":6453566,""gasClass"":6,""gasName"":""CO2"",""confidence"":0,""alarm"":false,""sensorVoltage"":[0.097254708,0.003958064,0.004975006,-0.002378459,-0.006186474,-0.011620327,-0.019307185,-0.02547138],""sensorGain"":[32,64,64,64,64,64,64,64],""sensorStatus"":[0,0,0,0,0,0,0,0],""featureOrder"":[""MQ8"",""MQ135"",""MQ3"",""MQ5"",""MQ4"",""MQ7"",""MQ6"",""MQ2""]},""alarmLatched"":false}"
2026-08-04 11:08:38.340 +07:00,77.219,HOT_SWEEP_70,70,700,300,1,0,0.097157374,0.003963084,0.00500705,-0.002361775,-0.005575284,-0.011527656,-0.019323373,-0.025447249,"{""deviceId"":""1001"",""nodeId"":4097,""targetChId"":""0010"",""mode"":""inference"",""uptimeMs"":6454682,""debugEnabled"":true,""power"":{""mode"":""24v"",""externalPower"":true,""batteryMv"":65535,""batteryValid"":false,""batteryDetected"":false,""batterySenseStatus"":""not_detected"",""batteryLow"":false,""batteryCritical"":false,""sourceAmbiguous"":false,""serviceHoldActive"":false,""serviceHoldEffective"":false},""batterySession"":{""state"":""inactive"",""startedMs"":0,""stateStartedMs"":0,""validSampleBatches"":0,""requiredSampleBatches"":10,""alarmTxAttempts"":0,""alarmTxAttemptLimit"":3,""alarmAckReceived"":false,""pendingAlarm"":false,""pendingSaveRequired"":false,""persistenceFaultHold"":false,""completionReason"":""session_done""},""bootHealth"":{""adsReady"":true,""adsDrdyLevel"":0,""adsDrdyPulldownLevel"":0,""adsDrdyPullupLevel"":0,""adsMisoPulldownLevel"":0,""adsMisoPullupLevel"":1,""adsCsLevel"":1,""adsSyncLevel"":1,""adsStatus"":54,""adsMux"":15,""adsAdcon"":6,""adsDrate"":240,""adsReason"":""ok"",""tcaOk"":true,""mcpOkCount"":8,""mcpOk"":[true,true,true,true,true,true,true,true],""mcpAddrMask"":[1,1,1,1,1,1,1,1],""mcpControlTested"":true,""mcpControlOkCount"":8,""mcpControlOk"":[true,true,true,true,true,true,true,true],""dacReady"":true,""radioReady"":true,""mlReady"":true,""nullingProfileApplied"":true,""modelProfileReady"":false},""runtimeMcpCode"":[255,519,795,706,799,865,665,139],""model"":{""profileId"":""cnn-dualbranch-datasheet-v1-unbound"",""scalerProfileId"":""cnn-dualbranch-datasheet-v1-unbound"",""productionApproved"":true,""boundNullingProfileId"":8,""activeNullingProfileId"":9,""bindingValid"":true,""bindingModelMatches"":true,""profileReady"":false,""inferenceValid"":false,""sensorFault"":true},""lora"":{""beginState"":0,""lastTxState"":0,""lastTxOk"":false,""txSeq"":0,""txCounter"":0,""aesKeyProvisioned"":true,""aesKeyPresent"":true,""aesKeySource"":""nvs"",""keyId"":1,""lastDownlinkCommandId"":0,""freqMHz"":920,""bwKHz"":125,""sf"":7,""cr"":5,""syncWord"":18,""txPowerDbm"":17,""preamble"":8,""tcxoVoltage"":1.600000024,""xtalVoltage"":0},""dataset"":{""state"":""idle"",""step"":""idle"",""label"":"""",""seq"":0,""targetSamples"":0,""sampleIntervalMs"":500,""maxDurationMs"":0,""useFanIntake"":true,""fanOnMs"":1000,""postFanSettleMs"":0,""nullingProfileId"":9,""queuePending"":0,""queueCapacity"":16,""queueEnqueued"":0,""queueDropped"":0,""publishFailCount"":0,""retryCount"":0,""retryFailCount"":0,""rejectedSamples"":0,""lastRejectReason"":""none"",""lastRejectChannel"":-1,""lastRejectOkFiniteCount"":0,""lastRejectStatus"":255,""lastRejectGain"":0,""lastRejectSaturated"":false},""recovery"":{""wifiReconnectCount"":0,""wifiReconnectFailCount"":0,""mqttReconnectCount"":0,""mqttConnectFailCount"":0,""lastMqttState"":0,""adsRecoveryCount"":0,""adsRecoveryFailCount"":0,""adsReadFailStreak"":0,""lastReason"":""none"",""lastRecoveryMs"":0,""bootRecoveryArmed"":false,""bootRecoveryDueMs"":0,""bootRecoveryReason"":""none"",""bootRecoveryNonAdsFailure"":false,""bootRecoveryRestartCount"":0},""nulling"":{""done"":false,""retryArmed"":false,""attemptCount"":0,""nextRetryMs"":0,""thresholdV"":9.999999747E-06,""minFinalV"":0},""telemetry"":{""valid"":true,""sampleMs"":6454299,""gasClass"":6,""gasName"":""CO2"",""confidence"":0,""alarm"":false,""sensorVoltage"":[0.097157374,0.003963084,0.00500705,-0.002361775,-0.005575284,-0.011527656,-0.019323373,-0.025447249],""sensorGain"":[32,64,64,64,64,64,64,64],""sensorStatus"":[0,0,0,0,0,0,0,0],""featureOrder"":[""MQ8"",""MQ135"",""MQ3"",""MQ5"",""MQ4"",""MQ7"",""MQ6"",""MQ2""]},""alarmLatched"":false}"
2026-08-04 11:08:39.036 +07:00,77.911,HOT_SWEEP_70,70,700,300,1,0,0.098330721,0.003924736,0.004952544,-0.002346525,-0.005651563,-0.011282166,-0.019369744,-0.025485214,"{""deviceId"":""1001"",""nodeId"":4097,""targetChId"":""0010"",""mode"":""inference"",""uptimeMs"":6455379,""debugEnabled"":true,""power"":{""mode"":""24v"",""externalPower"":true,""batteryMv"":65535,""batteryValid"":false,""batteryDetected"":false,""batterySenseStatus"":""not_detected"",""batteryLow"":false,""batteryCritical"":false,""sourceAmbiguous"":false,""serviceHoldActive"":false,""serviceHoldEffective"":false},""batterySession"":{""state"":""inactive"",""startedMs"":0,""stateStartedMs"":0,""validSampleBatches"":0,""requiredSampleBatches"":10,""alarmTxAttempts"":0,""alarmTxAttemptLimit"":3,""alarmAckReceived"":false,""pendingAlarm"":false,""pendingSaveRequired"":false,""persistenceFaultHold"":false,""completionReason"":""session_done""},""bootHealth"":{""adsReady"":true,""adsDrdyLevel"":0,""adsDrdyPulldownLevel"":0,""adsDrdyPullupLevel"":0,""adsMisoPulldownLevel"":0,""adsMisoPullupLevel"":1,""adsCsLevel"":1,""adsSyncLevel"":1,""adsStatus"":54,""adsMux"":15,""adsAdcon"":6,""adsDrate"":240,""adsReason"":""ok"",""tcaOk"":true,""mcpOkCount"":8,""mcpOk"":[true,true,true,true,true,true,true,true],""mcpAddrMask"":[1,1,1,1,1,1,1,1],""mcpControlTested"":true,""mcpControlOkCount"":8,""mcpControlOk"":[true,true,true,true,true,true,true,true],""dacReady"":true,""radioReady"":true,""mlReady"":true,""nullingProfileApplied"":true,""modelProfileReady"":false},""runtimeMcpCode"":[255,519,795,706,799,865,665,139],""model"":{""profileId"":""cnn-dualbranch-datasheet-v1-unbound"",""scalerProfileId"":""cnn-dualbranch-datasheet-v1-unbound"",""productionApproved"":true,""boundNullingProfileId"":8,""activeNullingProfileId"":9,""bindingValid"":true,""bindingModelMatches"":true,""profileReady"":false,""inferenceValid"":false,""sensorFault"":true},""lora"":{""beginState"":0,""lastTxState"":0,""lastTxOk"":false,""txSeq"":0,""txCounter"":0,""aesKeyProvisioned"":true,""aesKeyPresent"":true,""aesKeySource"":""nvs"",""keyId"":1,""lastDownlinkCommandId"":0,""freqMHz"":920,""bwKHz"":125,""sf"":7,""cr"":5,""syncWord"":18,""txPowerDbm"":17,""preamble"":8,""tcxoVoltage"":1.600000024,""xtalVoltage"":0},""dataset"":{""state"":""idle"",""step"":""idle"",""label"":"""",""seq"":0,""targetSamples"":0,""sampleIntervalMs"":500,""maxDurationMs"":0,""useFanIntake"":true,""fanOnMs"":1000,""postFanSettleMs"":0,""nullingProfileId"":9,""queuePending"":0,""queueCapacity"":16,""queueEnqueued"":0,""queueDropped"":0,""publishFailCount"":0,""retryCount"":0,""retryFailCount"":0,""rejectedSamples"":0,""lastRejectReason"":""none"",""lastRejectChannel"":-1,""lastRejectOkFiniteCount"":0,""lastRejectStatus"":255,""lastRejectGain"":0,""lastRejectSaturated"":false},""recovery"":{""wifiReconnectCount"":0,""wifiReconnectFailCount"":0,""mqttReconnectCount"":0,""mqttConnectFailCount"":0,""lastMqttState"":0,""adsRecoveryCount"":0,""adsRecoveryFailCount"":0,""adsReadFailStreak"":0,""lastReason"":""none"",""lastRecoveryMs"":0,""bootRecoveryArmed"":false,""bootRecoveryDueMs"":0,""bootRecoveryReason"":""none"",""bootRecoveryNonAdsFailure"":false,""bootRecoveryRestartCount"":0},""nulling"":{""done"":false,""retryArmed"":false,""attemptCount"":0,""nextRetryMs"":0,""thresholdV"":9.999999747E-06,""minFinalV"":0},""telemetry"":{""valid"":true,""sampleMs"":6454960,""gasClass"":6,""gasName"":""CO2"",""confidence"":0,""alarm"":false,""sensorVoltage"":[0.098330721,0.003924736,0.004952544,-0.002346525,-0.005651563,-0.011282166,-0.019369744,-0.025485214],""sensorGain"":[32,64,64,64,64,64,64,64],""sensorStatus"":[0,0,0,0,0,0,0,0],""featureOrder"":[""MQ8"",""MQ135"",""MQ3"",""MQ5"",""MQ4"",""MQ7"",""MQ6"",""MQ2""]},""alarmLatched"":false}"
2026-08-04 11:08:39.720 +07:00,78.601,HOT_SWEEP_70,70,700,300,1,0,0.098146774,0.003890056,0.004957925,-0.002411576,-0.005872914,-0.011528261,-0.019342739,-0.025460029,"{""deviceId"":""1001"",""nodeId"":4097,""targetChId"":""0010"",""mode"":""inference"",""uptimeMs"":6456064,""debugEnabled"":true,""power"":{""mode"":""24v"",""externalPower"":true,""batteryMv"":65535,""batteryValid"":false,""batteryDetected"":false,""batterySenseStatus"":""not_detected"",""batteryLow"":false,""batteryCritical"":false,""sourceAmbiguous"":false,""serviceHoldActive"":false,""serviceHoldEffective"":false},""batterySession"":{""state"":""inactive"",""startedMs"":0,""stateStartedMs"":0,""validSampleBatches"":0,""requiredSampleBatches"":10,""alarmTxAttempts"":0,""alarmTxAttemptLimit"":3,""alarmAckReceived"":false,""pendingAlarm"":false,""pendingSaveRequired"":false,""persistenceFaultHold"":false,""completionReason"":""session_done""},""bootHealth"":{""adsReady"":true,""adsDrdyLevel"":0,""adsDrdyPulldownLevel"":0,""adsDrdyPullupLevel"":0,""adsMisoPulldownLevel"":0,""adsMisoPullupLevel"":1,""adsCsLevel"":1,""adsSyncLevel"":1,""adsStatus"":54,""adsMux"":15,""adsAdcon"":6,""adsDrate"":240,""adsReason"":""ok"",""tcaOk"":true,""mcpOkCount"":8,""mcpOk"":[true,true,true,true,true,true,true,true],""mcpAddrMask"":[1,1,1,1,1,1,1,1],""mcpControlTested"":true,""mcpControlOkCount"":8,""mcpControlOk"":[true,true,true,true,true,true,true,true],""dacReady"":true,""radioReady"":true,""mlReady"":true,""nullingProfileApplied"":true,""modelProfileReady"":false},""runtimeMcpCode"":[255,519,795,706,799,865,665,139],""model"":{""profileId"":""cnn-dualbranch-datasheet-v1-unbound"",""scalerProfileId"":""cnn-dualbranch-datasheet-v1-unbound"",""productionApproved"":true,""boundNullingProfileId"":8,""activeNullingProfileId"":9,""bindingValid"":true,""bindingModelMatches"":true,""profileReady"":false,""inferenceValid"":false,""sensorFault"":true},""lora"":{""beginState"":0,""lastTxState"":0,""lastTxOk"":false,""txSeq"":0,""txCounter"":0,""aesKeyProvisioned"":true,""aesKeyPresent"":true,""aesKeySource"":""nvs"",""keyId"":1,""lastDownlinkCommandId"":0,""freqMHz"":920,""bwKHz"":125,""sf"":7,""cr"":5,""syncWord"":18,""txPowerDbm"":17,""preamble"":8,""tcxoVoltage"":1.600000024,""xtalVoltage"":0},""dataset"":{""state"":""idle"",""step"":""idle"",""label"":"""",""seq"":0,""targetSamples"":0,""sampleIntervalMs"":500,""maxDurationMs"":0,""useFanIntake"":true,""fanOnMs"":1000,""postFanSettleMs"":0,""nullingProfileId"":9,""queuePending"":0,""queueCapacity"":16,""queueEnqueued"":0,""queueDropped"":0,""publishFailCount"":0,""retryCount"":0,""retryFailCount"":0,""rejectedSamples"":0,""lastRejectReason"":""none"",""lastRejectChannel"":-1,""lastRejectOkFiniteCount"":0,""lastRejectStatus"":255,""lastRejectGain"":0,""lastRejectSaturated"":false},""recovery"":{""wifiReconnectCount"":0,""wifiReconnectFailCount"":0,""mqttReconnectCount"":0,""mqttConnectFailCount"":0,""lastMqttState"":0,""adsRecoveryCount"":0,""adsRecoveryFailCount"":0,""adsReadFailStreak"":0,""lastReason"":""none"",""lastRecoveryMs"":0,""bootRecoveryArmed"":false,""bootRecoveryDueMs"":0,""bootRecoveryReason"":""none"",""bootRecoveryNonAdsFailure"":false,""bootRecoveryRestartCount"":0},""nulling"":{""done"":false,""retryArmed"":false,""attemptCount"":0,""nextRetryMs"":0,""thresholdV"":9.999999747E-06,""minFinalV"":0},""telemetry"":{""valid"":true,""sampleMs"":6455657,""gasClass"":6,""gasName"":""CO2"",""confidence"":0,""alarm"":false,""sensorVoltage"":[0.098146774,0.003890056,0.004957925,-0.002411576,-0.005872914,-0.011528261,-0.019342739,-0.025460029],""sensorGain"":[32,64,64,64,64,64,64,64],""sensorStatus"":[0,0,0,0,0,0,0,0],""featureOrder"":[""MQ8"",""MQ135"",""MQ3"",""MQ5"",""MQ4"",""MQ7"",""MQ6"",""MQ2""]},""alarmLatched"":false}"
2026-08-04 11:08:40.408 +07:00,79.287,HOT_SWEEP_70,70,700,300,1,0,0.098147921,0.003884233,0.005034094,-0.002495188,-0.005889718,-0.011541313,-0.019345801,-0.025464803,"{""deviceId"":""1001"",""nodeId"":4097,""targetChId"":""0010"",""mode"":""inference"",""uptimeMs"":6456749,""debugEnabled"":true,""power"":{""mode"":""24v"",""externalPower"":true,""batteryMv"":65535,""batteryValid"":false,""batteryDetected"":false,""batterySenseStatus"":""not_detected"",""batteryLow"":false,""batteryCritical"":false,""sourceAmbiguous"":false,""serviceHoldActive"":false,""serviceHoldEffective"":false},""batterySession"":{""state"":""inactive"",""startedMs"":0,""stateStartedMs"":0,""validSampleBatches"":0,""requiredSampleBatches"":10,""alarmTxAttempts"":0,""alarmTxAttemptLimit"":3,""alarmAckReceived"":false,""pendingAlarm"":false,""pendingSaveRequired"":false,""persistenceFaultHold"":false,""completionReason"":""session_done""},""bootHealth"":{""adsReady"":true,""adsDrdyLevel"":0,""adsDrdyPulldownLevel"":0,""adsDrdyPullupLevel"":0,""adsMisoPulldownLevel"":0,""adsMisoPullupLevel"":1,""adsCsLevel"":1,""adsSyncLevel"":1,""adsStatus"":54,""adsMux"":15,""adsAdcon"":6,""adsDrate"":240,""adsReason"":""ok"",""tcaOk"":true,""mcpOkCount"":8,""mcpOk"":[true,true,true,true,true,true,true,true],""mcpAddrMask"":[1,1,1,1,1,1,1,1],""mcpControlTested"":true,""mcpControlOkCount"":8,""mcpControlOk"":[true,true,true,true,true,true,true,true],""dacReady"":true,""radioReady"":true,""mlReady"":true,""nullingProfileApplied"":true,""modelProfileReady"":false},""runtimeMcpCode"":[255,519,795,706,799,865,665,139],""model"":{""profileId"":""cnn-dualbranch-datasheet-v1-unbound"",""scalerProfileId"":""cnn-dualbranch-datasheet-v1-unbound"",""productionApproved"":true,""boundNullingProfileId"":8,""activeNullingProfileId"":9,""bindingValid"":true,""bindingModelMatches"":true,""profileReady"":false,""inferenceValid"":false,""sensorFault"":true},""lora"":{""beginState"":0,""lastTxState"":0,""lastTxOk"":false,""txSeq"":0,""txCounter"":0,""aesKeyProvisioned"":true,""aesKeyPresent"":true,""aesKeySource"":""nvs"",""keyId"":1,""lastDownlinkCommandId"":0,""freqMHz"":920,""bwKHz"":125,""sf"":7,""cr"":5,""syncWord"":18,""txPowerDbm"":17,""preamble"":8,""tcxoVoltage"":1.600000024,""xtalVoltage"":0},""dataset"":{""state"":""idle"",""step"":""idle"",""label"":"""",""seq"":0,""targetSamples"":0,""sampleIntervalMs"":500,""maxDurationMs"":0,""useFanIntake"":true,""fanOnMs"":1000,""postFanSettleMs"":0,""nullingProfileId"":9,""queuePending"":0,""queueCapacity"":16,""queueEnqueued"":0,""queueDropped"":0,""publishFailCount"":0,""retryCount"":0,""retryFailCount"":0,""rejectedSamples"":0,""lastRejectReason"":""none"",""lastRejectChannel"":-1,""lastRejectOkFiniteCount"":0,""lastRejectStatus"":255,""lastRejectGain"":0,""lastRejectSaturated"":false},""recovery"":{""wifiReconnectCount"":0,""wifiReconnectFailCount"":0,""mqttReconnectCount"":0,""mqttConnectFailCount"":0,""lastMqttState"":0,""adsRecoveryCount"":0,""adsRecoveryFailCount"":0,""adsReadFailStreak"":0,""lastReason"":""none"",""lastRecoveryMs"":0,""bootRecoveryArmed"":false,""bootRecoveryDueMs"":0,""bootRecoveryReason"":""none"",""bootRecoveryNonAdsFailure"":false,""bootRecoveryRestartCount"":0},""nulling"":{""done"":false,""retryArmed"":false,""attemptCount"":0,""nextRetryMs"":0,""thresholdV"":9.999999747E-06,""minFinalV"":0},""telemetry"":{""valid"":true,""sampleMs"":6456374,""gasClass"":6,""gasName"":""CO2"",""confidence"":0,""alarm"":false,""sensorVoltage"":[0.098147921,0.003884233,0.005034094,-0.002495188,-0.005889718,-0.011541313,-0.019345801,-0.025464803],""sensorGain"":[32,64,64,64,64,64,64,64],""sensorStatus"":[0,0,0,0,0,0,0,0],""featureOrder"":[""MQ8"",""MQ135"",""MQ3"",""MQ5"",""MQ4"",""MQ7"",""MQ6"",""MQ2""]},""alarmLatched"":false}"
2026-08-04 11:08:41.094 +07:00,79.974,HOT_SWEEP_70,70,700,300,1,0,0.099150345,0.003816641,0.004953932,-0.00250711,-0.006465014,-0.011469217,-0.019399378,-0.025456836,"{""deviceId"":""1001"",""nodeId"":4097,""targetChId"":""0010"",""mode"":""inference"",""uptimeMs"":6457436,""debugEnabled"":true,""power"":{""mode"":""24v"",""externalPower"":true,""batteryMv"":65535,""batteryValid"":false,""batteryDetected"":false,""batterySenseStatus"":""not_detected"",""batteryLow"":false,""batteryCritical"":false,""sourceAmbiguous"":false,""serviceHoldActive"":false,""serviceHoldEffective"":false},""batterySession"":{""state"":""inactive"",""startedMs"":0,""stateStartedMs"":0,""validSampleBatches"":0,""requiredSampleBatches"":10,""alarmTxAttempts"":0,""alarmTxAttemptLimit"":3,""alarmAckReceived"":false,""pendingAlarm"":false,""pendingSaveRequired"":false,""persistenceFaultHold"":false,""completionReason"":""session_done""},""bootHealth"":{""adsReady"":true,""adsDrdyLevel"":0,""adsDrdyPulldownLevel"":0,""adsDrdyPullupLevel"":0,""adsMisoPulldownLevel"":0,""adsMisoPullupLevel"":1,""adsCsLevel"":1,""adsSyncLevel"":1,""adsStatus"":54,""adsMux"":15,""adsAdcon"":6,""adsDrate"":240,""adsReason"":""ok"",""tcaOk"":true,""mcpOkCount"":8,""mcpOk"":[true,true,true,true,true,true,true,true],""mcpAddrMask"":[1,1,1,1,1,1,1,1],""mcpControlTested"":true,""mcpControlOkCount"":8,""mcpControlOk"":[true,true,true,true,true,true,true,true],""dacReady"":true,""radioReady"":true,""mlReady"":true,""nullingProfileApplied"":true,""modelProfileReady"":false},""runtimeMcpCode"":[255,519,795,706,799,865,665,139],""model"":{""profileId"":""cnn-dualbranch-datasheet-v1-unbound"",""scalerProfileId"":""cnn-dualbranch-datasheet-v1-unbound"",""productionApproved"":true,""boundNullingProfileId"":8,""activeNullingProfileId"":9,""bindingValid"":true,""bindingModelMatches"":true,""profileReady"":false,""inferenceValid"":false,""sensorFault"":true},""lora"":{""beginState"":0,""lastTxState"":0,""lastTxOk"":false,""txSeq"":0,""txCounter"":0,""aesKeyProvisioned"":true,""aesKeyPresent"":true,""aesKeySource"":""nvs"",""keyId"":1,""lastDownlinkCommandId"":0,""freqMHz"":920,""bwKHz"":125,""sf"":7,""cr"":5,""syncWord"":18,""txPowerDbm"":17,""preamble"":8,""tcxoVoltage"":1.600000024,""xtalVoltage"":0},""dataset"":{""state"":""idle"",""step"":""idle"",""label"":"""",""seq"":0,""targetSamples"":0,""sampleIntervalMs"":500,""maxDurationMs"":0,""useFanIntake"":true,""fanOnMs"":1000,""postFanSettleMs"":0,""nullingProfileId"":9,""queuePending"":0,""queueCapacity"":16,""queueEnqueued"":0,""queueDropped"":0,""publishFailCount"":0,""retryCount"":0,""retryFailCount"":0,""rejectedSamples"":0,""lastRejectReason"":""none"",""lastRejectChannel"":-1,""lastRejectOkFiniteCount"":0,""lastRejectStatus"":255,""lastRejectGain"":0,""lastRejectSaturated"":false},""recovery"":{""wifiReconnectCount"":0,""wifiReconnectFailCount"":0,""mqttReconnectCount"":0,""mqttConnectFailCount"":0,""lastMqttState"":0,""adsRecoveryCount"":0,""adsRecoveryFailCount"":0,""adsReadFailStreak"":0,""lastReason"":""none"",""lastRecoveryMs"":0,""bootRecoveryArmed"":false,""bootRecoveryDueMs"":0,""bootRecoveryReason"":""none"",""bootRecoveryNonAdsFailure"":false,""bootRecoveryRestartCount"":0},""nulling"":{""done"":false,""retryArmed"":false,""attemptCount"":0,""nextRetryMs"":0,""thresholdV"":9.999999747E-06,""minFinalV"":0},""telemetry"":{""valid"":true,""sampleMs"":6457032,""gasClass"":6,""gasName"":""CO2"",""confidence"":0,""alarm"":false,""sensorVoltage"":[0.099150345,0.003816641,0.004953932,-0.00250711,-0.006465014,-0.011469217,-0.019399378,-0.025456836],""sensorGain"":[32,64,64,64,64,64,64,64],""sensorStatus"":[0,0,0,0,0,0,0,0],""featureOrder"":[""MQ8"",""MQ135"",""MQ3"",""MQ5"",""MQ4"",""MQ7"",""MQ6"",""MQ2""]},""alarmLatched"":false}"
2026-08-04 11:08:41.799 +07:00,80.676,HOT_SWEEP_70,70,700,300,1,0,0.098838761,0.003853428,0.004963874,-0.002564251,-0.007373829,-0.011527443,-0.019400349,-0.025432874,"{""deviceId"":""1001"",""nodeId"":4097,""targetChId"":""0010"",""mode"":""inference"",""uptimeMs"":6458139,""debugEnabled"":true,""power"":{""mode"":""24v"",""externalPower"":true,""batteryMv"":65535,""batteryValid"":false,""batteryDetected"":false,""batterySenseStatus"":""not_detected"",""batteryLow"":false,""batteryCritical"":false,""sourceAmbiguous"":false,""serviceHoldActive"":false,""serviceHoldEffective"":false},""batterySession"":{""state"":""inactive"",""startedMs"":0,""stateStartedMs"":0,""validSampleBatches"":0,""requiredSampleBatches"":10,""alarmTxAttempts"":0,""alarmTxAttemptLimit"":3,""alarmAckReceived"":false,""pendingAlarm"":false,""pendingSaveRequired"":false,""persistenceFaultHold"":false,""completionReason"":""session_done""},""bootHealth"":{""adsReady"":true,""adsDrdyLevel"":0,""adsDrdyPulldownLevel"":0,""adsDrdyPullupLevel"":0,""adsMisoPulldownLevel"":0,""adsMisoPullupLevel"":1,""adsCsLevel"":1,""adsSyncLevel"":1,""adsStatus"":54,""adsMux"":15,""adsAdcon"":6,""adsDrate"":240,""adsReason"":""ok"",""tcaOk"":true,""mcpOkCount"":8,""mcpOk"":[true,true,true,true,true,true,true,true],""mcpAddrMask"":[1,1,1,1,1,1,1,1],""mcpControlTested"":true,""mcpControlOkCount"":8,""mcpControlOk"":[true,true,true,true,true,true,true,true],""dacReady"":true,""radioReady"":true,""mlReady"":true,""nullingProfileApplied"":true,""modelProfileReady"":false},""runtimeMcpCode"":[255,519,795,706,799,865,665,139],""model"":{""profileId"":""cnn-dualbranch-datasheet-v1-unbound"",""scalerProfileId"":""cnn-dualbranch-datasheet-v1-unbound"",""productionApproved"":true,""boundNullingProfileId"":8,""activeNullingProfileId"":9,""bindingValid"":true,""bindingModelMatches"":true,""profileReady"":false,""inferenceValid"":false,""sensorFault"":true},""lora"":{""beginState"":0,""lastTxState"":0,""lastTxOk"":false,""txSeq"":0,""txCounter"":0,""aesKeyProvisioned"":true,""aesKeyPresent"":true,""aesKeySource"":""nvs"",""keyId"":1,""lastDownlinkCommandId"":0,""freqMHz"":920,""bwKHz"":125,""sf"":7,""cr"":5,""syncWord"":18,""txPowerDbm"":17,""preamble"":8,""tcxoVoltage"":1.600000024,""xtalVoltage"":0},""dataset"":{""state"":""idle"",""step"":""idle"",""label"":"""",""seq"":0,""targetSamples"":0,""sampleIntervalMs"":500,""maxDurationMs"":0,""useFanIntake"":true,""fanOnMs"":1000,""postFanSettleMs"":0,""nullingProfileId"":9,""queuePending"":0,""queueCapacity"":16,""queueEnqueued"":0,""queueDropped"":0,""publishFailCount"":0,""retryCount"":0,""retryFailCount"":0,""rejectedSamples"":0,""lastRejectReason"":""none"",""lastRejectChannel"":-1,""lastRejectOkFiniteCount"":0,""lastRejectStatus"":255,""lastRejectGain"":0,""lastRejectSaturated"":false},""recovery"":{""wifiReconnectCount"":0,""wifiReconnectFailCount"":0,""mqttReconnectCount"":0,""mqttConnectFailCount"":0,""lastMqttState"":0,""adsRecoveryCount"":0,""adsRecoveryFailCount"":0,""adsReadFailStreak"":0,""lastReason"":""none"",""lastRecoveryMs"":0,""bootRecoveryArmed"":false,""bootRecoveryDueMs"":0,""bootRecoveryReason"":""none"",""bootRecoveryNonAdsFailure"":false,""bootRecoveryRestartCount"":0},""nulling"":{""done"":false,""retryArmed"":false,""attemptCount"":0,""nextRetryMs"":0,""thresholdV"":9.999999747E-06,""minFinalV"":0},""telemetry"":{""valid"":true,""sampleMs"":6457714,""gasClass"":6,""gasName"":""CO2"",""confidence"":0,""alarm"":false,""sensorVoltage"":[0.098838761,0.003853428,0.004963874,-0.002564251,-0.007373829,-0.011527443,-0.019400349,-0.025432874],""sensorGain"":[32,64,64,64,64,64,64,64],""sensorStatus"":[0,0,0,0,0,0,0,0],""featureOrder"":[""MQ8"",""MQ135"",""MQ3"",""MQ5"",""MQ4"",""MQ7"",""MQ6"",""MQ2""]},""alarmLatched"":false}"
2026-08-04 11:08:42.488 +07:00,81.367,HOT_SWEEP_70,70,700,300,1,0,0.098823503,0.003872101,0.004935542,-0.002555421,-0.008676318,-0.011512967,-0.019402472,-0.025360892,"{""deviceId"":""1001"",""nodeId"":4097,""targetChId"":""0010"",""mode"":""inference"",""uptimeMs"":6458829,""debugEnabled"":true,""power"":{""mode"":""24v"",""externalPower"":true,""batteryMv"":65535,""batteryValid"":false,""batteryDetected"":false,""batterySenseStatus"":""not_detected"",""batteryLow"":false,""batteryCritical"":false,""sourceAmbiguous"":false,""serviceHoldActive"":false,""serviceHoldEffective"":false},""batterySession"":{""state"":""inactive"",""startedMs"":0,""stateStartedMs"":0,""validSampleBatches"":0,""requiredSampleBatches"":10,""alarmTxAttempts"":0,""alarmTxAttemptLimit"":3,""alarmAckReceived"":false,""pendingAlarm"":false,""pendingSaveRequired"":false,""persistenceFaultHold"":false,""completionReason"":""session_done""},""bootHealth"":{""adsReady"":true,""adsDrdyLevel"":0,""adsDrdyPulldownLevel"":0,""adsDrdyPullupLevel"":0,""adsMisoPulldownLevel"":0,""adsMisoPullupLevel"":1,""adsCsLevel"":1,""adsSyncLevel"":1,""adsStatus"":54,""adsMux"":15,""adsAdcon"":6,""adsDrate"":240,""adsReason"":""ok"",""tcaOk"":true,""mcpOkCount"":8,""mcpOk"":[true,true,true,true,true,true,true,true],""mcpAddrMask"":[1,1,1,1,1,1,1,1],""mcpControlTested"":true,""mcpControlOkCount"":8,""mcpControlOk"":[true,true,true,true,true,true,true,true],""dacReady"":true,""radioReady"":true,""mlReady"":true,""nullingProfileApplied"":true,""modelProfileReady"":false},""runtimeMcpCode"":[255,519,795,706,799,865,665,139],""model"":{""profileId"":""cnn-dualbranch-datasheet-v1-unbound"",""scalerProfileId"":""cnn-dualbranch-datasheet-v1-unbound"",""productionApproved"":true,""boundNullingProfileId"":8,""activeNullingProfileId"":9,""bindingValid"":true,""bindingModelMatches"":true,""profileReady"":false,""inferenceValid"":false,""sensorFault"":true},""lora"":{""beginState"":0,""lastTxState"":0,""lastTxOk"":false,""txSeq"":0,""txCounter"":0,""aesKeyProvisioned"":true,""aesKeyPresent"":true,""aesKeySource"":""nvs"",""keyId"":1,""lastDownlinkCommandId"":0,""freqMHz"":920,""bwKHz"":125,""sf"":7,""cr"":5,""syncWord"":18,""txPowerDbm"":17,""preamble"":8,""tcxoVoltage"":1.600000024,""xtalVoltage"":0},""dataset"":{""state"":""idle"",""step"":""idle"",""label"":"""",""seq"":0,""targetSamples"":0,""sampleIntervalMs"":500,""maxDurationMs"":0,""useFanIntake"":true,""fanOnMs"":1000,""postFanSettleMs"":0,""nullingProfileId"":9,""queuePending"":0,""queueCapacity"":16,""queueEnqueued"":0,""queueDropped"":0,""publishFailCount"":0,""retryCount"":0,""retryFailCount"":0,""rejectedSamples"":0,""lastRejectReason"":""none"",""lastRejectChannel"":-1,""lastRejectOkFiniteCount"":0,""lastRejectStatus"":255,""lastRejectGain"":0,""lastRejectSaturated"":false},""recovery"":{""wifiReconnectCount"":0,""wifiReconnectFailCount"":0,""mqttReconnectCount"":0,""mqttConnectFailCount"":0,""lastMqttState"":0,""adsRecoveryCount"":0,""adsRecoveryFailCount"":0,""adsReadFailStreak"":0,""lastReason"":""none"",""lastRecoveryMs"":0,""bootRecoveryArmed"":false,""bootRecoveryDueMs"":0,""bootRecoveryReason"":""none"",""bootRecoveryNonAdsFailure"":false,""bootRecoveryRestartCount"":0},""nulling"":{""done"":false,""retryArmed"":false,""attemptCount"":0,""nextRetryMs"":0,""thresholdV"":9.999999747E-06,""minFinalV"":0},""telemetry"":{""valid"":true,""sampleMs"":6458449,""gasClass"":6,""gasName"":""CO2"",""confidence"":0,""alarm"":false,""sensorVoltage"":[0.098823503,0.003872101,0.004935542,-0.002555421,-0.008676318,-0.011512967,-0.019402472,-0.025360892],""sensorGain"":[32,64,64,64,64,64,64,64],""sensorStatus"":[0,0,0,0,0,0,0,0],""featureOrder"":[""MQ8"",""MQ135"",""MQ3"",""MQ5"",""MQ4"",""MQ7"",""MQ6"",""MQ2""]},""alarmLatched"":false}"
2026-08-04 11:08:43.204 +07:00,82.073,HOT_SWEEP_70,70,700,300,1,0,0.099178962,0.003865829,0.004836251,-0.002586568,-0.00869433,-0.011521623,-0.019413138,-0.025363777,"{""deviceId"":""1001"",""nodeId"":4097,""targetChId"":""0010"",""mode"":""inference"",""uptimeMs"":6459547,""debugEnabled"":true,""power"":{""mode"":""24v"",""externalPower"":true,""batteryMv"":65535,""batteryValid"":false,""batteryDetected"":false,""batterySenseStatus"":""not_detected"",""batteryLow"":false,""batteryCritical"":false,""sourceAmbiguous"":false,""serviceHoldActive"":false,""serviceHoldEffective"":false},""batterySession"":{""state"":""inactive"",""startedMs"":0,""stateStartedMs"":0,""validSampleBatches"":0,""requiredSampleBatches"":10,""alarmTxAttempts"":0,""alarmTxAttemptLimit"":3,""alarmAckReceived"":false,""pendingAlarm"":false,""pendingSaveRequired"":false,""persistenceFaultHold"":false,""completionReason"":""session_done""},""bootHealth"":{""adsReady"":true,""adsDrdyLevel"":0,""adsDrdyPulldownLevel"":0,""adsDrdyPullupLevel"":0,""adsMisoPulldownLevel"":0,""adsMisoPullupLevel"":1,""adsCsLevel"":1,""adsSyncLevel"":1,""adsStatus"":54,""adsMux"":15,""adsAdcon"":6,""adsDrate"":240,""adsReason"":""ok"",""tcaOk"":true,""mcpOkCount"":8,""mcpOk"":[true,true,true,true,true,true,true,true],""mcpAddrMask"":[1,1,1,1,1,1,1,1],""mcpControlTested"":true,""mcpControlOkCount"":8,""mcpControlOk"":[true,true,true,true,true,true,true,true],""dacReady"":true,""radioReady"":true,""mlReady"":true,""nullingProfileApplied"":true,""modelProfileReady"":false},""runtimeMcpCode"":[255,519,795,706,799,865,665,139],""model"":{""profileId"":""cnn-dualbranch-datasheet-v1-unbound"",""scalerProfileId"":""cnn-dualbranch-datasheet-v1-unbound"",""productionApproved"":true,""boundNullingProfileId"":8,""activeNullingProfileId"":9,""bindingValid"":true,""bindingModelMatches"":true,""profileReady"":false,""inferenceValid"":false,""sensorFault"":true},""lora"":{""beginState"":0,""lastTxState"":0,""lastTxOk"":false,""txSeq"":0,""txCounter"":0,""aesKeyProvisioned"":true,""aesKeyPresent"":true,""aesKeySource"":""nvs"",""keyId"":1,""lastDownlinkCommandId"":0,""freqMHz"":920,""bwKHz"":125,""sf"":7,""cr"":5,""syncWord"":18,""txPowerDbm"":17,""preamble"":8,""tcxoVoltage"":1.600000024,""xtalVoltage"":0},""dataset"":{""state"":""idle"",""step"":""idle"",""label"":"""",""seq"":0,""targetSamples"":0,""sampleIntervalMs"":500,""maxDurationMs"":0,""useFanIntake"":true,""fanOnMs"":1000,""postFanSettleMs"":0,""nullingProfileId"":9,""queuePending"":0,""queueCapacity"":16,""queueEnqueued"":0,""queueDropped"":0,""publishFailCount"":0,""retryCount"":0,""retryFailCount"":0,""rejectedSamples"":0,""lastRejectReason"":""none"",""lastRejectChannel"":-1,""lastRejectOkFiniteCount"":0,""lastRejectStatus"":255,""lastRejectGain"":0,""lastRejectSaturated"":false},""recovery"":{""wifiReconnectCount"":0,""wifiReconnectFailCount"":0,""mqttReconnectCount"":0,""mqttConnectFailCount"":0,""lastMqttState"":0,""adsRecoveryCount"":0,""adsRecoveryFailCount"":0,""adsReadFailStreak"":0,""lastReason"":""none"",""lastRecoveryMs"":0,""bootRecoveryArmed"":false,""bootRecoveryDueMs"":0,""bootRecoveryReason"":""none"",""bootRecoveryNonAdsFailure"":false,""bootRecoveryRestartCount"":0},""nulling"":{""done"":false,""retryArmed"":false,""attemptCount"":0,""nextRetryMs"":0,""thresholdV"":9.999999747E-06,""minFinalV"":0},""telemetry"":{""valid"":true,""sampleMs"":6459107,""gasClass"":6,""gasName"":""CO2"",""confidence"":0,""alarm"":false,""sensorVoltage"":[0.099178962,0.003865829,0.004836251,-0.002586568,-0.00869433,-0.011521623,-0.019413138,-0.025363777],""sensorGain"":[32,64,64,64,64,64,64,64],""sensorStatus"":[0,0,0,0,0,0,0,0],""featureOrder"":[""MQ8"",""MQ135"",""MQ3"",""MQ5"",""MQ4"",""MQ7"",""MQ6"",""MQ2""]},""alarmLatched"":false}"
2026-08-04 11:08:43.904 +07:00,82.782,HOT_SWEEP_70,70,700,300,1,0,0.09931431,0.003851982,0.004818504,-0.002675494,-0.008721848,-0.011547828,-0.019407706,-0.025381517,"{""deviceId"":""1001"",""nodeId"":4097,""targetChId"":""0010"",""mode"":""inference"",""uptimeMs"":6460245,""debugEnabled"":true,""power"":{""mode"":""24v"",""externalPower"":true,""batteryMv"":65535,""batteryValid"":false,""batteryDetected"":false,""batterySenseStatus"":""not_detected"",""batteryLow"":false,""batteryCritical"":false,""sourceAmbiguous"":false,""serviceHoldActive"":false,""serviceHoldEffective"":false},""batterySession"":{""state"":""inactive"",""startedMs"":0,""stateStartedMs"":0,""validSampleBatches"":0,""requiredSampleBatches"":10,""alarmTxAttempts"":0,""alarmTxAttemptLimit"":3,""alarmAckReceived"":false,""pendingAlarm"":false,""pendingSaveRequired"":false,""persistenceFaultHold"":false,""completionReason"":""session_done""},""bootHealth"":{""adsReady"":true,""adsDrdyLevel"":0,""adsDrdyPulldownLevel"":0,""adsDrdyPullupLevel"":0,""adsMisoPulldownLevel"":0,""adsMisoPullupLevel"":1,""adsCsLevel"":1,""adsSyncLevel"":1,""adsStatus"":54,""adsMux"":15,""adsAdcon"":6,""adsDrate"":240,""adsReason"":""ok"",""tcaOk"":true,""mcpOkCount"":8,""mcpOk"":[true,true,true,true,true,true,true,true],""mcpAddrMask"":[1,1,1,1,1,1,1,1],""mcpControlTested"":true,""mcpControlOkCount"":8,""mcpControlOk"":[true,true,true,true,true,true,true,true],""dacReady"":true,""radioReady"":true,""mlReady"":true,""nullingProfileApplied"":true,""modelProfileReady"":false},""runtimeMcpCode"":[255,519,795,706,799,865,665,139],""model"":{""profileId"":""cnn-dualbranch-datasheet-v1-unbound"",""scalerProfileId"":""cnn-dualbranch-datasheet-v1-unbound"",""productionApproved"":true,""boundNullingProfileId"":8,""activeNullingProfileId"":9,""bindingValid"":true,""bindingModelMatches"":true,""profileReady"":false,""inferenceValid"":false,""sensorFault"":true},""lora"":{""beginState"":0,""lastTxState"":0,""lastTxOk"":false,""txSeq"":0,""txCounter"":0,""aesKeyProvisioned"":true,""aesKeyPresent"":true,""aesKeySource"":""nvs"",""keyId"":1,""lastDownlinkCommandId"":0,""freqMHz"":920,""bwKHz"":125,""sf"":7,""cr"":5,""syncWord"":18,""txPowerDbm"":17,""preamble"":8,""tcxoVoltage"":1.600000024,""xtalVoltage"":0},""dataset"":{""state"":""idle"",""step"":""idle"",""label"":"""",""seq"":0,""targetSamples"":0,""sampleIntervalMs"":500,""maxDurationMs"":0,""useFanIntake"":true,""fanOnMs"":1000,""postFanSettleMs"":0,""nullingProfileId"":9,""queuePending"":0,""queueCapacity"":16,""queueEnqueued"":0,""queueDropped"":0,""publishFailCount"":0,""retryCount"":0,""retryFailCount"":0,""rejectedSamples"":0,""lastRejectReason"":""none"",""lastRejectChannel"":-1,""lastRejectOkFiniteCount"":0,""lastRejectStatus"":255,""lastRejectGain"":0,""lastRejectSaturated"":false},""recovery"":{""wifiReconnectCount"":0,""wifiReconnectFailCount"":0,""mqttReconnectCount"":0,""mqttConnectFailCount"":0,""lastMqttState"":0,""adsRecoveryCount"":0,""adsRecoveryFailCount"":0,""adsReadFailStreak"":0,""lastReason"":""none"",""lastRecoveryMs"":0,""bootRecoveryArmed"":false,""bootRecoveryDueMs"":0,""bootRecoveryReason"":""none"",""bootRecoveryNonAdsFailure"":false,""bootRecoveryRestartCount"":0},""nulling"":{""done"":false,""retryArmed"":false,""attemptCount"":0,""nextRetryMs"":0,""thresholdV"":9.999999747E-06,""minFinalV"":0},""telemetry"":{""valid"":true,""sampleMs"":6459825,""gasClass"":6,""gasName"":""CO2"",""confidence"":0,""alarm"":false,""sensorVoltage"":[0.09931431,0.003851982,0.004818504,-0.002675494,-0.008721848,-0.011547828,-0.019407706,-0.025381517],""sensorGain"":[32,64,64,64,64,64,64,64],""sensorStatus"":[0,0,0,0,0,0,0,0],""featureOrder"":[""MQ8"",""MQ135"",""MQ3"",""MQ5"",""MQ4"",""MQ7"",""MQ6"",""MQ2""]},""alarmLatched"":false}"
2026-08-04 11:08:44.596 +07:00,83.475,HOT_SWEEP_70,70,700,300,1,0,0.099398322,0.003877535,0.004781869,-0.002660389,-0.008715821,-0.011543712,-0.0194321,-0.025444288,"{""deviceId"":""1001"",""nodeId"":4097,""targetChId"":""0010"",""mode"":""inference"",""uptimeMs"":6460935,""debugEnabled"":true,""power"":{""mode"":""24v"",""externalPower"":true,""batteryMv"":65535,""batteryValid"":false,""batteryDetected"":false,""batterySenseStatus"":""not_detected"",""batteryLow"":false,""batteryCritical"":false,""sourceAmbiguous"":false,""serviceHoldActive"":false,""serviceHoldEffective"":false},""batterySession"":{""state"":""inactive"",""startedMs"":0,""stateStartedMs"":0,""validSampleBatches"":0,""requiredSampleBatches"":10,""alarmTxAttempts"":0,""alarmTxAttemptLimit"":3,""alarmAckReceived"":false,""pendingAlarm"":false,""pendingSaveRequired"":false,""persistenceFaultHold"":false,""completionReason"":""session_done""},""bootHealth"":{""adsReady"":true,""adsDrdyLevel"":0,""adsDrdyPulldownLevel"":0,""adsDrdyPullupLevel"":0,""adsMisoPulldownLevel"":0,""adsMisoPullupLevel"":1,""adsCsLevel"":1,""adsSyncLevel"":1,""adsStatus"":54,""adsMux"":15,""adsAdcon"":6,""adsDrate"":240,""adsReason"":""ok"",""tcaOk"":true,""mcpOkCount"":8,""mcpOk"":[true,true,true,true,true,true,true,true],""mcpAddrMask"":[1,1,1,1,1,1,1,1],""mcpControlTested"":true,""mcpControlOkCount"":8,""mcpControlOk"":[true,true,true,true,true,true,true,true],""dacReady"":true,""radioReady"":true,""mlReady"":true,""nullingProfileApplied"":true,""modelProfileReady"":false},""runtimeMcpCode"":[255,519,795,706,799,865,665,139],""model"":{""profileId"":""cnn-dualbranch-datasheet-v1-unbound"",""scalerProfileId"":""cnn-dualbranch-datasheet-v1-unbound"",""productionApproved"":true,""boundNullingProfileId"":8,""activeNullingProfileId"":9,""bindingValid"":true,""bindingModelMatches"":true,""profileReady"":false,""inferenceValid"":false,""sensorFault"":true},""lora"":{""beginState"":0,""lastTxState"":0,""lastTxOk"":false,""txSeq"":0,""txCounter"":0,""aesKeyProvisioned"":true,""aesKeyPresent"":true,""aesKeySource"":""nvs"",""keyId"":1,""lastDownlinkCommandId"":0,""freqMHz"":920,""bwKHz"":125,""sf"":7,""cr"":5,""syncWord"":18,""txPowerDbm"":17,""preamble"":8,""tcxoVoltage"":1.600000024,""xtalVoltage"":0},""dataset"":{""state"":""idle"",""step"":""idle"",""label"":"""",""seq"":0,""targetSamples"":0,""sampleIntervalMs"":500,""maxDurationMs"":0,""useFanIntake"":true,""fanOnMs"":1000,""postFanSettleMs"":0,""nullingProfileId"":9,""queuePending"":0,""queueCapacity"":16,""queueEnqueued"":0,""queueDropped"":0,""publishFailCount"":0,""retryCount"":0,""retryFailCount"":0,""rejectedSamples"":0,""lastRejectReason"":""none"",""lastRejectChannel"":-1,""lastRejectOkFiniteCount"":0,""lastRejectStatus"":255,""lastRejectGain"":0,""lastRejectSaturated"":false},""recovery"":{""wifiReconnectCount"":0,""wifiReconnectFailCount"":0,""mqttReconnectCount"":0,""mqttConnectFailCount"":0,""lastMqttState"":0,""adsRecoveryCount"":0,""adsRecoveryFailCount"":0,""adsReadFailStreak"":0,""lastReason"":""none"",""lastRecoveryMs"":0,""bootRecoveryArmed"":false,""bootRecoveryDueMs"":0,""bootRecoveryReason"":""none"",""bootRecoveryNonAdsFailure"":false,""bootRecoveryRestartCount"":0},""nulling"":{""done"":false,""retryArmed"":false,""attemptCount"":0,""nextRetryMs"":0,""thresholdV"":9.999999747E-06,""minFinalV"":0},""telemetry"":{""valid"":true,""sampleMs"":6460555,""gasClass"":6,""gasName"":""CO2"",""confidence"":0,""alarm"":false,""sensorVoltage"":[0.099398322,0.003877535,0.004781869,-0.002660389,-0.008715821,-0.011543712,-0.0194321,-0.025444288],""sensorGain"":[32,64,64,64,64,64,64,64],""sensorStatus"":[0,0,0,0,0,0,0,0],""featureOrder"":[""MQ8"",""MQ135"",""MQ3"",""MQ5"",""MQ4"",""MQ7"",""MQ6"",""MQ2""]},""alarmLatched"":false}"
2026-08-04 11:08:45.290 +07:00,84.169,HOT_SWEEP_70,70,700,300,1,0,0.099227212,0.003851872,0.004770865,-0.002671839,-0.009318689,-0.011627972,-0.019503206,-0.02551139,"{""deviceId"":""1001"",""nodeId"":4097,""targetChId"":""0010"",""mode"":""inference"",""uptimeMs"":6461631,""debugEnabled"":true,""power"":{""mode"":""24v"",""externalPower"":true,""batteryMv"":65535,""batteryValid"":false,""batteryDetected"":false,""batterySenseStatus"":""not_detected"",""batteryLow"":false,""batteryCritical"":false,""sourceAmbiguous"":false,""serviceHoldActive"":false,""serviceHoldEffective"":false},""batterySession"":{""state"":""inactive"",""startedMs"":0,""stateStartedMs"":0,""validSampleBatches"":0,""requiredSampleBatches"":10,""alarmTxAttempts"":0,""alarmTxAttemptLimit"":3,""alarmAckReceived"":false,""pendingAlarm"":false,""pendingSaveRequired"":false,""persistenceFaultHold"":false,""completionReason"":""session_done""},""bootHealth"":{""adsReady"":true,""adsDrdyLevel"":0,""adsDrdyPulldownLevel"":0,""adsDrdyPullupLevel"":0,""adsMisoPulldownLevel"":0,""adsMisoPullupLevel"":1,""adsCsLevel"":1,""adsSyncLevel"":1,""adsStatus"":54,""adsMux"":15,""adsAdcon"":6,""adsDrate"":240,""adsReason"":""ok"",""tcaOk"":true,""mcpOkCount"":8,""mcpOk"":[true,true,true,true,true,true,true,true],""mcpAddrMask"":[1,1,1,1,1,1,1,1],""mcpControlTested"":true,""mcpControlOkCount"":8,""mcpControlOk"":[true,true,true,true,true,true,true,true],""dacReady"":true,""radioReady"":true,""mlReady"":true,""nullingProfileApplied"":true,""modelProfileReady"":false},""runtimeMcpCode"":[255,519,795,706,799,865,665,139],""model"":{""profileId"":""cnn-dualbranch-datasheet-v1-unbound"",""scalerProfileId"":""cnn-dualbranch-datasheet-v1-unbound"",""productionApproved"":true,""boundNullingProfileId"":8,""activeNullingProfileId"":9,""bindingValid"":true,""bindingModelMatches"":true,""profileReady"":false,""inferenceValid"":false,""sensorFault"":true},""lora"":{""beginState"":0,""lastTxState"":0,""lastTxOk"":false,""txSeq"":0,""txCounter"":0,""aesKeyProvisioned"":true,""aesKeyPresent"":true,""aesKeySource"":""nvs"",""keyId"":1,""lastDownlinkCommandId"":0,""freqMHz"":920,""bwKHz"":125,""sf"":7,""cr"":5,""syncWord"":18,""txPowerDbm"":17,""preamble"":8,""tcxoVoltage"":1.600000024,""xtalVoltage"":0},""dataset"":{""state"":""idle"",""step"":""idle"",""label"":"""",""seq"":0,""targetSamples"":0,""sampleIntervalMs"":500,""maxDurationMs"":0,""useFanIntake"":true,""fanOnMs"":1000,""postFanSettleMs"":0,""nullingProfileId"":9,""queuePending"":0,""queueCapacity"":16,""queueEnqueued"":0,""queueDropped"":0,""publishFailCount"":0,""retryCount"":0,""retryFailCount"":0,""rejectedSamples"":0,""lastRejectReason"":""none"",""lastRejectChannel"":-1,""lastRejectOkFiniteCount"":0,""lastRejectStatus"":255,""lastRejectGain"":0,""lastRejectSaturated"":false},""recovery"":{""wifiReconnectCount"":0,""wifiReconnectFailCount"":0,""mqttReconnectCount"":0,""mqttConnectFailCount"":0,""lastMqttState"":0,""adsRecoveryCount"":0,""adsRecoveryFailCount"":0,""adsReadFailStreak"":0,""lastReason"":""none"",""lastRecoveryMs"":0,""bootRecoveryArmed"":false,""bootRecoveryDueMs"":0,""bootRecoveryReason"":""none"",""bootRecoveryNonAdsFailure"":false,""bootRecoveryRestartCount"":0},""nulling"":{""done"":false,""retryArmed"":false,""attemptCount"":0,""nextRetryMs"":0,""thresholdV"":9.999999747E-06,""minFinalV"":0},""telemetry"":{""valid"":true,""sampleMs"":6461213,""gasClass"":6,""gasName"":""CO2"",""confidence"":0,""alarm"":false,""sensorVoltage"":[0.099227212,0.003851872,0.004770865,-0.002671839,-0.009318689,-0.011627972,-0.019503206,-0.02551139],""sensorGain"":[32,64,64,64,64,64,64,64],""sensorStatus"":[0,0,0,0,0,0,0,0],""featureOrder"":[""MQ8"",""MQ135"",""MQ3"",""MQ5"",""MQ4"",""MQ7"",""MQ6"",""MQ2""]},""alarmLatched"":false}"
2026-08-04 11:08:45.976 +07:00,84.850,HOT_SWEEP_70,70,700,300,1,0,0.099633664,0.003826754,0.004776172,-0.002682011,-0.009532468,-0.011630056,-0.019115651,-0.025083458,"{""deviceId"":""1001"",""nodeId"":4097,""targetChId"":""0010"",""mode"":""inference"",""uptimeMs"":6462319,""debugEnabled"":true,""power"":{""mode"":""24v"",""externalPower"":true,""batteryMv"":65535,""batteryValid"":false,""batteryDetected"":false,""batterySenseStatus"":""not_detected"",""batteryLow"":false,""batteryCritical"":false,""sourceAmbiguous"":false,""serviceHoldActive"":false,""serviceHoldEffective"":false},""batterySession"":{""state"":""inactive"",""startedMs"":0,""stateStartedMs"":0,""validSampleBatches"":0,""requiredSampleBatches"":10,""alarmTxAttempts"":0,""alarmTxAttemptLimit"":3,""alarmAckReceived"":false,""pendingAlarm"":false,""pendingSaveRequired"":false,""persistenceFaultHold"":false,""completionReason"":""session_done""},""bootHealth"":{""adsReady"":true,""adsDrdyLevel"":0,""adsDrdyPulldownLevel"":0,""adsDrdyPullupLevel"":0,""adsMisoPulldownLevel"":0,""adsMisoPullupLevel"":1,""adsCsLevel"":1,""adsSyncLevel"":1,""adsStatus"":54,""adsMux"":15,""adsAdcon"":6,""adsDrate"":240,""adsReason"":""ok"",""tcaOk"":true,""mcpOkCount"":8,""mcpOk"":[true,true,true,true,true,true,true,true],""mcpAddrMask"":[1,1,1,1,1,1,1,1],""mcpControlTested"":true,""mcpControlOkCount"":8,""mcpControlOk"":[true,true,true,true,true,true,true,true],""dacReady"":true,""radioReady"":true,""mlReady"":true,""nullingProfileApplied"":true,""modelProfileReady"":false},""runtimeMcpCode"":[255,519,795,706,799,865,665,139],""model"":{""profileId"":""cnn-dualbranch-datasheet-v1-unbound"",""scalerProfileId"":""cnn-dualbranch-datasheet-v1-unbound"",""productionApproved"":true,""boundNullingProfileId"":8,""activeNullingProfileId"":9,""bindingValid"":true,""bindingModelMatches"":true,""profileReady"":false,""inferenceValid"":false,""sensorFault"":true},""lora"":{""beginState"":0,""lastTxState"":0,""lastTxOk"":false,""txSeq"":0,""txCounter"":0,""aesKeyProvisioned"":true,""aesKeyPresent"":true,""aesKeySource"":""nvs"",""keyId"":1,""lastDownlinkCommandId"":0,""freqMHz"":920,""bwKHz"":125,""sf"":7,""cr"":5,""syncWord"":18,""txPowerDbm"":17,""preamble"":8,""tcxoVoltage"":1.600000024,""xtalVoltage"":0},""dataset"":{""state"":""idle"",""step"":""idle"",""label"":"""",""seq"":0,""targetSamples"":0,""sampleIntervalMs"":500,""maxDurationMs"":0,""useFanIntake"":true,""fanOnMs"":1000,""postFanSettleMs"":0,""nullingProfileId"":9,""queuePending"":0,""queueCapacity"":16,""queueEnqueued"":0,""queueDropped"":0,""publishFailCount"":0,""retryCount"":0,""retryFailCount"":0,""rejectedSamples"":0,""lastRejectReason"":""none"",""lastRejectChannel"":-1,""lastRejectOkFiniteCount"":0,""lastRejectStatus"":255,""lastRejectGain"":0,""lastRejectSaturated"":false},""recovery"":{""wifiReconnectCount"":0,""wifiReconnectFailCount"":0,""mqttReconnectCount"":0,""mqttConnectFailCount"":0,""lastMqttState"":0,""adsRecoveryCount"":0,""adsRecoveryFailCount"":0,""adsReadFailStreak"":0,""lastReason"":""none"",""lastRecoveryMs"":0,""bootRecoveryArmed"":false,""bootRecoveryDueMs"":0,""bootRecoveryReason"":""none"",""bootRecoveryNonAdsFailure"":false,""bootRecoveryRestartCount"":0},""nulling"":{""done"":false,""retryArmed"":false,""attemptCount"":0,""nextRetryMs"":0,""thresholdV"":9.999999747E-06,""minFinalV"":0},""telemetry"":{""valid"":true,""sampleMs"":6461909,""gasClass"":6,""gasName"":""CO2"",""confidence"":0,""alarm"":false,""sensorVoltage"":[0.099633664,0.003826754,0.004776172,-0.002682011,-0.009532468,-0.011630056,-0.019115651,-0.025083458],""sensorGain"":[32,64,64,64,64,64,64,64],""sensorStatus"":[0,0,0,0,0,0,0,0],""featureOrder"":[""MQ8"",""MQ135"",""MQ3"",""MQ5"",""MQ4"",""MQ7"",""MQ6"",""MQ2""]},""alarmLatched"":false}"
2026-08-04 11:08:46.657 +07:00,85.536,HOT_SWEEP_70,70,700,300,1,0,0.099629983,0.003852164,0.004770705,-0.002691034,-0.009553986,-0.011605931,-0.019575333,-0.025583014,"{""deviceId"":""1001"",""nodeId"":4097,""targetChId"":""0010"",""mode"":""inference"",""uptimeMs"":6463000,""debugEnabled"":true,""power"":{""mode"":""24v"",""externalPower"":true,""batteryMv"":65535,""batteryValid"":false,""batteryDetected"":false,""batterySenseStatus"":""not_detected"",""batteryLow"":false,""batteryCritical"":false,""sourceAmbiguous"":false,""serviceHoldActive"":false,""serviceHoldEffective"":false},""batterySession"":{""state"":""inactive"",""startedMs"":0,""stateStartedMs"":0,""validSampleBatches"":0,""requiredSampleBatches"":10,""alarmTxAttempts"":0,""alarmTxAttemptLimit"":3,""alarmAckReceived"":false,""pendingAlarm"":false,""pendingSaveRequired"":false,""persistenceFaultHold"":false,""completionReason"":""session_done""},""bootHealth"":{""adsReady"":true,""adsDrdyLevel"":0,""adsDrdyPulldownLevel"":0,""adsDrdyPullupLevel"":0,""adsMisoPulldownLevel"":0,""adsMisoPullupLevel"":1,""adsCsLevel"":1,""adsSyncLevel"":1,""adsStatus"":54,""adsMux"":15,""adsAdcon"":6,""adsDrate"":240,""adsReason"":""ok"",""tcaOk"":true,""mcpOkCount"":8,""mcpOk"":[true,true,true,true,true,true,true,true],""mcpAddrMask"":[1,1,1,1,1,1,1,1],""mcpControlTested"":true,""mcpControlOkCount"":8,""mcpControlOk"":[true,true,true,true,true,true,true,true],""dacReady"":true,""radioReady"":true,""mlReady"":true,""nullingProfileApplied"":true,""modelProfileReady"":false},""runtimeMcpCode"":[255,519,795,706,799,865,665,139],""model"":{""profileId"":""cnn-dualbranch-datasheet-v1-unbound"",""scalerProfileId"":""cnn-dualbranch-datasheet-v1-unbound"",""productionApproved"":true,""boundNullingProfileId"":8,""activeNullingProfileId"":9,""bindingValid"":true,""bindingModelMatches"":true,""profileReady"":false,""inferenceValid"":false,""sensorFault"":true},""lora"":{""beginState"":0,""lastTxState"":0,""lastTxOk"":false,""txSeq"":0,""txCounter"":0,""aesKeyProvisioned"":true,""aesKeyPresent"":true,""aesKeySource"":""nvs"",""keyId"":1,""lastDownlinkCommandId"":0,""freqMHz"":920,""bwKHz"":125,""sf"":7,""cr"":5,""syncWord"":18,""txPowerDbm"":17,""preamble"":8,""tcxoVoltage"":1.600000024,""xtalVoltage"":0},""dataset"":{""state"":""idle"",""step"":""idle"",""label"":"""",""seq"":0,""targetSamples"":0,""sampleIntervalMs"":500,""maxDurationMs"":0,""useFanIntake"":true,""fanOnMs"":1000,""postFanSettleMs"":0,""nullingProfileId"":9,""queuePending"":0,""queueCapacity"":16,""queueEnqueued"":0,""queueDropped"":0,""publishFailCount"":0,""retryCount"":0,""retryFailCount"":0,""rejectedSamples"":0,""lastRejectReason"":""none"",""lastRejectChannel"":-1,""lastRejectOkFiniteCount"":0,""lastRejectStatus"":255,""lastRejectGain"":0,""lastRejectSaturated"":false},""recovery"":{""wifiReconnectCount"":0,""wifiReconnectFailCount"":0,""mqttReconnectCount"":0,""mqttConnectFailCount"":0,""lastMqttState"":0,""adsRecoveryCount"":0,""adsRecoveryFailCount"":0,""adsReadFailStreak"":0,""lastReason"":""none"",""lastRecoveryMs"":0,""bootRecoveryArmed"":false,""bootRecoveryDueMs"":0,""bootRecoveryReason"":""none"",""bootRecoveryNonAdsFailure"":false,""bootRecoveryRestartCount"":0},""nulling"":{""done"":false,""retryArmed"":false,""attemptCount"":0,""nextRetryMs"":0,""thresholdV"":9.999999747E-06,""minFinalV"":0},""telemetry"":{""valid"":true,""sampleMs"":6462629,""gasClass"":6,""gasName"":""CO2"",""confidence"":0,""alarm"":false,""sensorVoltage"":[0.099629983,0.003852164,0.004770705,-0.002691034,-0.009553986,-0.011605931,-0.019575333,-0.025583014],""sensorGain"":[32,64,64,64,64,64,64,64],""sensorStatus"":[0,0,0,0,0,0,0,0],""featureOrder"":[""MQ8"",""MQ135"",""MQ3"",""MQ5"",""MQ4"",""MQ7"",""MQ6"",""MQ2""]},""alarmLatched"":false}"
2026-08-04 11:08:47.341 +07:00,86.216,HOT_SWEEP_70,70,700,300,1,0,0.099293597,0.003857369,0.004760032,-0.002672148,-0.009546851,-0.011579602,-0.019561941,-0.025534391,"{""deviceId"":""1001"",""nodeId"":4097,""targetChId"":""0010"",""mode"":""inference"",""uptimeMs"":6463682,""debugEnabled"":true,""power"":{""mode"":""24v"",""externalPower"":true,""batteryMv"":65535,""batteryValid"":false,""batteryDetected"":false,""batterySenseStatus"":""not_detected"",""batteryLow"":false,""batteryCritical"":false,""sourceAmbiguous"":false,""serviceHoldActive"":false,""serviceHoldEffective"":false},""batterySession"":{""state"":""inactive"",""startedMs"":0,""stateStartedMs"":0,""validSampleBatches"":0,""requiredSampleBatches"":10,""alarmTxAttempts"":0,""alarmTxAttemptLimit"":3,""alarmAckReceived"":false,""pendingAlarm"":false,""pendingSaveRequired"":false,""persistenceFaultHold"":false,""completionReason"":""session_done""},""bootHealth"":{""adsReady"":true,""adsDrdyLevel"":0,""adsDrdyPulldownLevel"":0,""adsDrdyPullupLevel"":0,""adsMisoPulldownLevel"":0,""adsMisoPullupLevel"":1,""adsCsLevel"":1,""adsSyncLevel"":1,""adsStatus"":54,""adsMux"":15,""adsAdcon"":6,""adsDrate"":240,""adsReason"":""ok"",""tcaOk"":true,""mcpOkCount"":8,""mcpOk"":[true,true,true,true,true,true,true,true],""mcpAddrMask"":[1,1,1,1,1,1,1,1],""mcpControlTested"":true,""mcpControlOkCount"":8,""mcpControlOk"":[true,true,true,true,true,true,true,true],""dacReady"":true,""radioReady"":true,""mlReady"":true,""nullingProfileApplied"":true,""modelProfileReady"":false},""runtimeMcpCode"":[255,519,795,706,799,865,665,139],""model"":{""profileId"":""cnn-dualbranch-datasheet-v1-unbound"",""scalerProfileId"":""cnn-dualbranch-datasheet-v1-unbound"",""productionApproved"":true,""boundNullingProfileId"":8,""activeNullingProfileId"":9,""bindingValid"":true,""bindingModelMatches"":true,""profileReady"":false,""inferenceValid"":false,""sensorFault"":true},""lora"":{""beginState"":0,""lastTxState"":0,""lastTxOk"":false,""txSeq"":0,""txCounter"":0,""aesKeyProvisioned"":true,""aesKeyPresent"":true,""aesKeySource"":""nvs"",""keyId"":1,""lastDownlinkCommandId"":0,""freqMHz"":920,""bwKHz"":125,""sf"":7,""cr"":5,""syncWord"":18,""txPowerDbm"":17,""preamble"":8,""tcxoVoltage"":1.600000024,""xtalVoltage"":0},""dataset"":{""state"":""idle"",""step"":""idle"",""label"":"""",""seq"":0,""targetSamples"":0,""sampleIntervalMs"":500,""maxDurationMs"":0,""useFanIntake"":true,""fanOnMs"":1000,""postFanSettleMs"":0,""nullingProfileId"":9,""queuePending"":0,""queueCapacity"":16,""queueEnqueued"":0,""queueDropped"":0,""publishFailCount"":0,""retryCount"":0,""retryFailCount"":0,""rejectedSamples"":0,""lastRejectReason"":""none"",""lastRejectChannel"":-1,""lastRejectOkFiniteCount"":0,""lastRejectStatus"":255,""lastRejectGain"":0,""lastRejectSaturated"":false},""recovery"":{""wifiReconnectCount"":0,""wifiReconnectFailCount"":0,""mqttReconnectCount"":0,""mqttConnectFailCount"":0,""lastMqttState"":0,""adsRecoveryCount"":0,""adsRecoveryFailCount"":0,""adsReadFailStreak"":0,""lastReason"":""none"",""lastRecoveryMs"":0,""bootRecoveryArmed"":false,""bootRecoveryDueMs"":0,""bootRecoveryReason"":""none"",""bootRecoveryNonAdsFailure"":false,""bootRecoveryRestartCount"":0},""nulling"":{""done"":false,""retryArmed"":false,""attemptCount"":0,""nextRetryMs"":0,""thresholdV"":9.999999747E-06,""minFinalV"":0},""telemetry"":{""valid"":true,""sampleMs"":6463278,""gasClass"":6,""gasName"":""CO2"",""confidence"":0,""alarm"":false,""sensorVoltage"":[0.099293597,0.003857369,0.004760032,-0.002672148,-0.009546851,-0.011579602,-0.019561941,-0.025534391],""sensorGain"":[32,64,64,64,64,64,64,64],""sensorStatus"":[0,0,0,0,0,0,0,0],""featureOrder"":[""MQ8"",""MQ135"",""MQ3"",""MQ5"",""MQ4"",""MQ7"",""MQ6"",""MQ2""]},""alarmLatched"":false}"
2026-08-04 11:08:48.040 +07:00,86.919,HOT_SWEEP_70,70,700,300,1,0,0.099956349,0.003911583,0.004778969,-0.00264408,-0.009242653,-0.0113772,-0.019540206,-0.025499951,"{""deviceId"":""1001"",""nodeId"":4097,""targetChId"":""0010"",""mode"":""inference"",""uptimeMs"":6464383,""debugEnabled"":true,""power"":{""mode"":""24v"",""externalPower"":true,""batteryMv"":65535,""batteryValid"":false,""batteryDetected"":false,""batterySenseStatus"":""not_detected"",""batteryLow"":false,""batteryCritical"":false,""sourceAmbiguous"":false,""serviceHoldActive"":false,""serviceHoldEffective"":false},""batterySession"":{""state"":""inactive"",""startedMs"":0,""stateStartedMs"":0,""validSampleBatches"":0,""requiredSampleBatches"":10,""alarmTxAttempts"":0,""alarmTxAttemptLimit"":3,""alarmAckReceived"":false,""pendingAlarm"":false,""pendingSaveRequired"":false,""persistenceFaultHold"":false,""completionReason"":""session_done""},""bootHealth"":{""adsReady"":true,""adsDrdyLevel"":0,""adsDrdyPulldownLevel"":0,""adsDrdyPullupLevel"":0,""adsMisoPulldownLevel"":0,""adsMisoPullupLevel"":1,""adsCsLevel"":1,""adsSyncLevel"":1,""adsStatus"":54,""adsMux"":15,""adsAdcon"":6,""adsDrate"":240,""adsReason"":""ok"",""tcaOk"":true,""mcpOkCount"":8,""mcpOk"":[true,true,true,true,true,true,true,true],""mcpAddrMask"":[1,1,1,1,1,1,1,1],""mcpControlTested"":true,""mcpControlOkCount"":8,""mcpControlOk"":[true,true,true,true,true,true,true,true],""dacReady"":true,""radioReady"":true,""mlReady"":true,""nullingProfileApplied"":true,""modelProfileReady"":false},""runtimeMcpCode"":[255,519,795,706,799,865,665,139],""model"":{""profileId"":""cnn-dualbranch-datasheet-v1-unbound"",""scalerProfileId"":""cnn-dualbranch-datasheet-v1-unbound"",""productionApproved"":true,""boundNullingProfileId"":8,""activeNullingProfileId"":9,""bindingValid"":true,""bindingModelMatches"":true,""profileReady"":false,""inferenceValid"":false,""sensorFault"":true},""lora"":{""beginState"":0,""lastTxState"":0,""lastTxOk"":false,""txSeq"":0,""txCounter"":0,""aesKeyProvisioned"":true,""aesKeyPresent"":true,""aesKeySource"":""nvs"",""keyId"":1,""lastDownlinkCommandId"":0,""freqMHz"":920,""bwKHz"":125,""sf"":7,""cr"":5,""syncWord"":18,""txPowerDbm"":17,""preamble"":8,""tcxoVoltage"":1.600000024,""xtalVoltage"":0},""dataset"":{""state"":""idle"",""step"":""idle"",""label"":"""",""seq"":0,""targetSamples"":0,""sampleIntervalMs"":500,""maxDurationMs"":0,""useFanIntake"":true,""fanOnMs"":1000,""postFanSettleMs"":0,""nullingProfileId"":9,""queuePending"":0,""queueCapacity"":16,""queueEnqueued"":0,""queueDropped"":0,""publishFailCount"":0,""retryCount"":0,""retryFailCount"":0,""rejectedSamples"":0,""lastRejectReason"":""none"",""lastRejectChannel"":-1,""lastRejectOkFiniteCount"":0,""lastRejectStatus"":255,""lastRejectGain"":0,""lastRejectSaturated"":false},""recovery"":{""wifiReconnectCount"":0,""wifiReconnectFailCount"":0,""mqttReconnectCount"":0,""mqttConnectFailCount"":0,""lastMqttState"":0,""adsRecoveryCount"":0,""adsRecoveryFailCount"":0,""adsReadFailStreak"":0,""lastReason"":""none"",""lastRecoveryMs"":0,""bootRecoveryArmed"":false,""bootRecoveryDueMs"":0,""bootRecoveryReason"":""none"",""bootRecoveryNonAdsFailure"":false,""bootRecoveryRestartCount"":0},""nulling"":{""done"":false,""retryArmed"":false,""attemptCount"":0,""nextRetryMs"":0,""thresholdV"":9.999999747E-06,""minFinalV"":0},""telemetry"":{""valid"":true,""sampleMs"":6463960,""gasClass"":6,""gasName"":""CO2"",""confidence"":0,""alarm"":false,""sensorVoltage"":[0.099956349,0.003911583,0.004778969,-0.00264408,-0.009242653,-0.0113772,-0.019540206,-0.025499951],""sensorGain"":[32,64,64,64,64,64,64,64],""sensorStatus"":[0,0,0,0,0,0,0,0],""featureOrder"":[""MQ8"",""MQ135"",""MQ3"",""MQ5"",""MQ4"",""MQ7"",""MQ6"",""MQ2""]},""alarmLatched"":false}"
2026-08-04 11:08:48.724 +07:00,87.600,HOT_SWEEP_70,70,700,300,1,0,0.099872299,0.003923611,0.004807116,-0.002583978,-0.009395733,-0.011384347,-0.019568747,-0.025542151,"{""deviceId"":""1001"",""nodeId"":4097,""targetChId"":""0010"",""mode"":""inference"",""uptimeMs"":6465067,""debugEnabled"":true,""power"":{""mode"":""24v"",""externalPower"":true,""batteryMv"":65535,""batteryValid"":false,""batteryDetected"":false,""batterySenseStatus"":""not_detected"",""batteryLow"":false,""batteryCritical"":false,""sourceAmbiguous"":false,""serviceHoldActive"":false,""serviceHoldEffective"":false},""batterySession"":{""state"":""inactive"",""startedMs"":0,""stateStartedMs"":0,""validSampleBatches"":0,""requiredSampleBatches"":10,""alarmTxAttempts"":0,""alarmTxAttemptLimit"":3,""alarmAckReceived"":false,""pendingAlarm"":false,""pendingSaveRequired"":false,""persistenceFaultHold"":false,""completionReason"":""session_done""},""bootHealth"":{""adsReady"":true,""adsDrdyLevel"":0,""adsDrdyPulldownLevel"":0,""adsDrdyPullupLevel"":0,""adsMisoPulldownLevel"":0,""adsMisoPullupLevel"":1,""adsCsLevel"":1,""adsSyncLevel"":1,""adsStatus"":54,""adsMux"":15,""adsAdcon"":6,""adsDrate"":240,""adsReason"":""ok"",""tcaOk"":true,""mcpOkCount"":8,""mcpOk"":[true,true,true,true,true,true,true,true],""mcpAddrMask"":[1,1,1,1,1,1,1,1],""mcpControlTested"":true,""mcpControlOkCount"":8,""mcpControlOk"":[true,true,true,true,true,true,true,true],""dacReady"":true,""radioReady"":true,""mlReady"":true,""nullingProfileApplied"":true,""modelProfileReady"":false},""runtimeMcpCode"":[255,519,795,706,799,865,665,139],""model"":{""profileId"":""cnn-dualbranch-datasheet-v1-unbound"",""scalerProfileId"":""cnn-dualbranch-datasheet-v1-unbound"",""productionApproved"":true,""boundNullingProfileId"":8,""activeNullingProfileId"":9,""bindingValid"":true,""bindingModelMatches"":true,""profileReady"":false,""inferenceValid"":false,""sensorFault"":true},""lora"":{""beginState"":0,""lastTxState"":0,""lastTxOk"":false,""txSeq"":0,""txCounter"":0,""aesKeyProvisioned"":true,""aesKeyPresent"":true,""aesKeySource"":""nvs"",""keyId"":1,""lastDownlinkCommandId"":0,""freqMHz"":920,""bwKHz"":125,""sf"":7,""cr"":5,""syncWord"":18,""txPowerDbm"":17,""preamble"":8,""tcxoVoltage"":1.600000024,""xtalVoltage"":0},""dataset"":{""state"":""idle"",""step"":""idle"",""label"":"""",""seq"":0,""targetSamples"":0,""sampleIntervalMs"":500,""maxDurationMs"":0,""useFanIntake"":true,""fanOnMs"":1000,""postFanSettleMs"":0,""nullingProfileId"":9,""queuePending"":0,""queueCapacity"":16,""queueEnqueued"":0,""queueDropped"":0,""publishFailCount"":0,""retryCount"":0,""retryFailCount"":0,""rejectedSamples"":0,""lastRejectReason"":""none"",""lastRejectChannel"":-1,""lastRejectOkFiniteCount"":0,""lastRejectStatus"":255,""lastRejectGain"":0,""lastRejectSaturated"":false},""recovery"":{""wifiReconnectCount"":0,""wifiReconnectFailCount"":0,""mqttReconnectCount"":0,""mqttConnectFailCount"":0,""lastMqttState"":0,""adsRecoveryCount"":0,""adsRecoveryFailCount"":0,""adsReadFailStreak"":0,""lastReason"":""none"",""lastRecoveryMs"":0,""bootRecoveryArmed"":false,""bootRecoveryDueMs"":0,""bootRecoveryReason"":""none"",""bootRecoveryNonAdsFailure"":false,""bootRecoveryRestartCount"":0},""nulling"":{""done"":false,""retryArmed"":false,""attemptCount"":0,""nextRetryMs"":0,""thresholdV"":9.999999747E-06,""minFinalV"":0},""telemetry"":{""valid"":true,""sampleMs"":6464693,""gasClass"":6,""gasName"":""CO2"",""confidence"":0,""alarm"":false,""sensorVoltage"":[0.099872299,0.003923611,0.004807116,-0.002583978,-0.009395733,-0.011384347,-0.019568747,-0.025542151],""sensorGain"":[32,64,64,64,64,64,64,64],""sensorStatus"":[0,0,0,0,0,0,0,0],""featureOrder"":[""MQ8"",""MQ135"",""MQ3"",""MQ5"",""MQ4"",""MQ7"",""MQ6"",""MQ2""]},""alarmLatched"":false}"
2026-08-04 11:08:49.415 +07:00,88.296,HOT_SWEEP_70,70,700,300,1,0,0.099531256,0.003936522,0.004832043,-0.002584352,-0.009315733,-0.011365933,-0.019558918,-0.025556564,"{""deviceId"":""1001"",""nodeId"":4097,""targetChId"":""0010"",""mode"":""inference"",""uptimeMs"":6465759,""debugEnabled"":true,""power"":{""mode"":""24v"",""externalPower"":true,""batteryMv"":65535,""batteryValid"":false,""batteryDetected"":false,""batterySenseStatus"":""not_detected"",""batteryLow"":false,""batteryCritical"":false,""sourceAmbiguous"":false,""serviceHoldActive"":false,""serviceHoldEffective"":false},""batterySession"":{""state"":""inactive"",""startedMs"":0,""stateStartedMs"":0,""validSampleBatches"":0,""requiredSampleBatches"":10,""alarmTxAttempts"":0,""alarmTxAttemptLimit"":3,""alarmAckReceived"":false,""pendingAlarm"":false,""pendingSaveRequired"":false,""persistenceFaultHold"":false,""completionReason"":""session_done""},""bootHealth"":{""adsReady"":true,""adsDrdyLevel"":0,""adsDrdyPulldownLevel"":0,""adsDrdyPullupLevel"":0,""adsMisoPulldownLevel"":0,""adsMisoPullupLevel"":1,""adsCsLevel"":1,""adsSyncLevel"":1,""adsStatus"":54,""adsMux"":15,""adsAdcon"":6,""adsDrate"":240,""adsReason"":""ok"",""tcaOk"":true,""mcpOkCount"":8,""mcpOk"":[true,true,true,true,true,true,true,true],""mcpAddrMask"":[1,1,1,1,1,1,1,1],""mcpControlTested"":true,""mcpControlOkCount"":8,""mcpControlOk"":[true,true,true,true,true,true,true,true],""dacReady"":true,""radioReady"":true,""mlReady"":true,""nullingProfileApplied"":true,""modelProfileReady"":false},""runtimeMcpCode"":[255,519,795,706,799,865,665,139],""model"":{""profileId"":""cnn-dualbranch-datasheet-v1-unbound"",""scalerProfileId"":""cnn-dualbranch-datasheet-v1-unbound"",""productionApproved"":true,""boundNullingProfileId"":8,""activeNullingProfileId"":9,""bindingValid"":true,""bindingModelMatches"":true,""profileReady"":false,""inferenceValid"":false,""sensorFault"":true},""lora"":{""beginState"":0,""lastTxState"":0,""lastTxOk"":false,""txSeq"":0,""txCounter"":0,""aesKeyProvisioned"":true,""aesKeyPresent"":true,""aesKeySource"":""nvs"",""keyId"":1,""lastDownlinkCommandId"":0,""freqMHz"":920,""bwKHz"":125,""sf"":7,""cr"":5,""syncWord"":18,""txPowerDbm"":17,""preamble"":8,""tcxoVoltage"":1.600000024,""xtalVoltage"":0},""dataset"":{""state"":""idle"",""step"":""idle"",""label"":"""",""seq"":0,""targetSamples"":0,""sampleIntervalMs"":500,""maxDurationMs"":0,""useFanIntake"":true,""fanOnMs"":1000,""postFanSettleMs"":0,""nullingProfileId"":9,""queuePending"":0,""queueCapacity"":16,""queueEnqueued"":0,""queueDropped"":0,""publishFailCount"":0,""retryCount"":0,""retryFailCount"":0,""rejectedSamples"":0,""lastRejectReason"":""none"",""lastRejectChannel"":-1,""lastRejectOkFiniteCount"":0,""lastRejectStatus"":255,""lastRejectGain"":0,""lastRejectSaturated"":false},""recovery"":{""wifiReconnectCount"":0,""wifiReconnectFailCount"":0,""mqttReconnectCount"":0,""mqttConnectFailCount"":0,""lastMqttState"":0,""adsRecoveryCount"":0,""adsRecoveryFailCount"":0,""adsReadFailStreak"":0,""lastReason"":""none"",""lastRecoveryMs"":0,""bootRecoveryArmed"":false,""bootRecoveryDueMs"":0,""bootRecoveryReason"":""none"",""bootRecoveryNonAdsFailure"":false,""bootRecoveryRestartCount"":0},""nulling"":{""done"":false,""retryArmed"":false,""attemptCount"":0,""nextRetryMs"":0,""thresholdV"":9.999999747E-06,""minFinalV"":0},""telemetry"":{""valid"":true,""sampleMs"":6465345,""gasClass"":6,""gasName"":""CO2"",""confidence"":0,""alarm"":false,""sensorVoltage"":[0.099531256,0.003936522,0.004832043,-0.002584352,-0.009315733,-0.011365933,-0.019558918,-0.025556564],""sensorGain"":[32,64,64,64,64,64,64,64],""sensorStatus"":[0,0,0,0,0,0,0,0],""featureOrder"":[""MQ8"",""MQ135"",""MQ3"",""MQ5"",""MQ4"",""MQ7"",""MQ6"",""MQ2""]},""alarmLatched"":false}"
2026-08-04 11:08:50.121 +07:00,88.999,HOT_SWEEP_70,70,700,300,1,0,0.100329362,0.003919867,0.00484678,-0.002559634,-0.009301597,-0.011302647,-0.019573757,-0.025483718,"{""deviceId"":""1001"",""nodeId"":4097,""targetChId"":""0010"",""mode"":""inference"",""uptimeMs"":6466460,""debugEnabled"":true,""power"":{""mode"":""24v"",""externalPower"":true,""batteryMv"":65535,""batteryValid"":false,""batteryDetected"":false,""batterySenseStatus"":""not_detected"",""batteryLow"":false,""batteryCritical"":false,""sourceAmbiguous"":false,""serviceHoldActive"":false,""serviceHoldEffective"":false},""batterySession"":{""state"":""inactive"",""startedMs"":0,""stateStartedMs"":0,""validSampleBatches"":0,""requiredSampleBatches"":10,""alarmTxAttempts"":0,""alarmTxAttemptLimit"":3,""alarmAckReceived"":false,""pendingAlarm"":false,""pendingSaveRequired"":false,""persistenceFaultHold"":false,""completionReason"":""session_done""},""bootHealth"":{""adsReady"":true,""adsDrdyLevel"":0,""adsDrdyPulldownLevel"":0,""adsDrdyPullupLevel"":0,""adsMisoPulldownLevel"":0,""adsMisoPullupLevel"":1,""adsCsLevel"":1,""adsSyncLevel"":1,""adsStatus"":54,""adsMux"":15,""adsAdcon"":6,""adsDrate"":240,""adsReason"":""ok"",""tcaOk"":true,""mcpOkCount"":8,""mcpOk"":[true,true,true,true,true,true,true,true],""mcpAddrMask"":[1,1,1,1,1,1,1,1],""mcpControlTested"":true,""mcpControlOkCount"":8,""mcpControlOk"":[true,true,true,true,true,true,true,true],""dacReady"":true,""radioReady"":true,""mlReady"":true,""nullingProfileApplied"":true,""modelProfileReady"":false},""runtimeMcpCode"":[255,519,795,706,799,865,665,139],""model"":{""profileId"":""cnn-dualbranch-datasheet-v1-unbound"",""scalerProfileId"":""cnn-dualbranch-datasheet-v1-unbound"",""productionApproved"":true,""boundNullingProfileId"":8,""activeNullingProfileId"":9,""bindingValid"":true,""bindingModelMatches"":true,""profileReady"":false,""inferenceValid"":false,""sensorFault"":true},""lora"":{""beginState"":0,""lastTxState"":0,""lastTxOk"":false,""txSeq"":0,""txCounter"":0,""aesKeyProvisioned"":true,""aesKeyPresent"":true,""aesKeySource"":""nvs"",""keyId"":1,""lastDownlinkCommandId"":0,""freqMHz"":920,""bwKHz"":125,""sf"":7,""cr"":5,""syncWord"":18,""txPowerDbm"":17,""preamble"":8,""tcxoVoltage"":1.600000024,""xtalVoltage"":0},""dataset"":{""state"":""idle"",""step"":""idle"",""label"":"""",""seq"":0,""targetSamples"":0,""sampleIntervalMs"":500,""maxDurationMs"":0,""useFanIntake"":true,""fanOnMs"":1000,""postFanSettleMs"":0,""nullingProfileId"":9,""queuePending"":0,""queueCapacity"":16,""queueEnqueued"":0,""queueDropped"":0,""publishFailCount"":0,""retryCount"":0,""retryFailCount"":0,""rejectedSamples"":0,""lastRejectReason"":""none"",""lastRejectChannel"":-1,""lastRejectOkFiniteCount"":0,""lastRejectStatus"":255,""lastRejectGain"":0,""lastRejectSaturated"":false},""recovery"":{""wifiReconnectCount"":0,""wifiReconnectFailCount"":0,""mqttReconnectCount"":0,""mqttConnectFailCount"":0,""lastMqttState"":0,""adsRecoveryCount"":0,""adsRecoveryFailCount"":0,""adsReadFailStreak"":0,""lastReason"":""none"",""lastRecoveryMs"":0,""bootRecoveryArmed"":false,""bootRecoveryDueMs"":0,""bootRecoveryReason"":""none"",""bootRecoveryNonAdsFailure"":false,""bootRecoveryRestartCount"":0},""nulling"":{""done"":false,""retryArmed"":false,""attemptCount"":0,""nextRetryMs"":0,""thresholdV"":9.999999747E-06,""minFinalV"":0},""telemetry"":{""valid"":true,""sampleMs"":6466037,""gasClass"":6,""gasName"":""CO2"",""confidence"":0,""alarm"":false,""sensorVoltage"":[0.100329362,0.003919867,0.00484678,-0.002559634,-0.009301597,-0.011302647,-0.019573757,-0.025483718],""sensorGain"":[32,64,64,64,64,64,64,64],""sensorStatus"":[0,0,0,0,0,0,0,0],""featureOrder"":[""MQ8"",""MQ135"",""MQ3"",""MQ5"",""MQ4"",""MQ7"",""MQ6"",""MQ2""]},""alarmLatched"":false}"
2026-08-04 11:08:50.824 +07:00,89.703,HOT_SWEEP_70,70,700,300,1,0,0.100135945,0.003928435,0.004870331,-0.002486742,-0.009275802,-0.011291785,-0.01957123,-0.025457174,"{""deviceId"":""1001"",""nodeId"":4097,""targetChId"":""0010"",""mode"":""inference"",""uptimeMs"":6467164,""debugEnabled"":true,""power"":{""mode"":""24v"",""externalPower"":true,""batteryMv"":65535,""batteryValid"":false,""batteryDetected"":false,""batterySenseStatus"":""not_detected"",""batteryLow"":false,""batteryCritical"":false,""sourceAmbiguous"":false,""serviceHoldActive"":false,""serviceHoldEffective"":false},""batterySession"":{""state"":""inactive"",""startedMs"":0,""stateStartedMs"":0,""validSampleBatches"":0,""requiredSampleBatches"":10,""alarmTxAttempts"":0,""alarmTxAttemptLimit"":3,""alarmAckReceived"":false,""pendingAlarm"":false,""pendingSaveRequired"":false,""persistenceFaultHold"":false,""completionReason"":""session_done""},""bootHealth"":{""adsReady"":true,""adsDrdyLevel"":0,""adsDrdyPulldownLevel"":0,""adsDrdyPullupLevel"":0,""adsMisoPulldownLevel"":0,""adsMisoPullupLevel"":1,""adsCsLevel"":1,""adsSyncLevel"":1,""adsStatus"":54,""adsMux"":15,""adsAdcon"":6,""adsDrate"":240,""adsReason"":""ok"",""tcaOk"":true,""mcpOkCount"":8,""mcpOk"":[true,true,true,true,true,true,true,true],""mcpAddrMask"":[1,1,1,1,1,1,1,1],""mcpControlTested"":true,""mcpControlOkCount"":8,""mcpControlOk"":[true,true,true,true,true,true,true,true],""dacReady"":true,""radioReady"":true,""mlReady"":true,""nullingProfileApplied"":true,""modelProfileReady"":false},""runtimeMcpCode"":[255,519,795,706,799,865,665,139],""model"":{""profileId"":""cnn-dualbranch-datasheet-v1-unbound"",""scalerProfileId"":""cnn-dualbranch-datasheet-v1-unbound"",""productionApproved"":true,""boundNullingProfileId"":8,""activeNullingProfileId"":9,""bindingValid"":true,""bindingModelMatches"":true,""profileReady"":false,""inferenceValid"":false,""sensorFault"":true},""lora"":{""beginState"":0,""lastTxState"":0,""lastTxOk"":false,""txSeq"":0,""txCounter"":0,""aesKeyProvisioned"":true,""aesKeyPresent"":true,""aesKeySource"":""nvs"",""keyId"":1,""lastDownlinkCommandId"":0,""freqMHz"":920,""bwKHz"":125,""sf"":7,""cr"":5,""syncWord"":18,""txPowerDbm"":17,""preamble"":8,""tcxoVoltage"":1.600000024,""xtalVoltage"":0},""dataset"":{""state"":""idle"",""step"":""idle"",""label"":"""",""seq"":0,""targetSamples"":0,""sampleIntervalMs"":500,""maxDurationMs"":0,""useFanIntake"":true,""fanOnMs"":1000,""postFanSettleMs"":0,""nullingProfileId"":9,""queuePending"":0,""queueCapacity"":16,""queueEnqueued"":0,""queueDropped"":0,""publishFailCount"":0,""retryCount"":0,""retryFailCount"":0,""rejectedSamples"":0,""lastRejectReason"":""none"",""lastRejectChannel"":-1,""lastRejectOkFiniteCount"":0,""lastRejectStatus"":255,""lastRejectGain"":0,""lastRejectSaturated"":false},""recovery"":{""wifiReconnectCount"":0,""wifiReconnectFailCount"":0,""mqttReconnectCount"":0,""mqttConnectFailCount"":0,""lastMqttState"":0,""adsRecoveryCount"":0,""adsRecoveryFailCount"":0,""adsReadFailStreak"":0,""lastReason"":""none"",""lastRecoveryMs"":0,""bootRecoveryArmed"":false,""bootRecoveryDueMs"":0,""bootRecoveryReason"":""none"",""bootRecoveryNonAdsFailure"":false,""bootRecoveryRestartCount"":0},""nulling"":{""done"":false,""retryArmed"":false,""attemptCount"":0,""nextRetryMs"":0,""thresholdV"":9.999999747E-06,""minFinalV"":0},""telemetry"":{""valid"":true,""sampleMs"":6466770,""gasClass"":6,""gasName"":""CO2"",""confidence"":0,""alarm"":false,""sensorVoltage"":[0.100135945,0.003928435,0.004870331,-0.002486742,-0.009275802,-0.011291785,-0.01957123,-0.025457174],""sensorGain"":[32,64,64,64,64,64,64,64],""sensorStatus"":[0,0,0,0,0,0,0,0],""featureOrder"":[""MQ8"",""MQ135"",""MQ3"",""MQ5"",""MQ4"",""MQ7"",""MQ6"",""MQ2""]},""alarmLatched"":false}"
2026-08-04 11:08:51.524 +07:00,90.403,HOT_SWEEP_70,70,700,300,1,0,0.099765241,0.003939155,0.004884636,-0.00247926,-0.009276548,-0.011288659,-0.019587431,-0.025388476,"{""deviceId"":""1001"",""nodeId"":4097,""targetChId"":""0010"",""mode"":""inference"",""uptimeMs"":6467866,""debugEnabled"":true,""power"":{""mode"":""24v"",""externalPower"":true,""batteryMv"":65535,""batteryValid"":false,""batteryDetected"":false,""batterySenseStatus"":""not_detected"",""batteryLow"":false,""batteryCritical"":false,""sourceAmbiguous"":false,""serviceHoldActive"":false,""serviceHoldEffective"":false},""batterySession"":{""state"":""inactive"",""startedMs"":0,""stateStartedMs"":0,""validSampleBatches"":0,""requiredSampleBatches"":10,""alarmTxAttempts"":0,""alarmTxAttemptLimit"":3,""alarmAckReceived"":false,""pendingAlarm"":false,""pendingSaveRequired"":false,""persistenceFaultHold"":false,""completionReason"":""session_done""},""bootHealth"":{""adsReady"":true,""adsDrdyLevel"":0,""adsDrdyPulldownLevel"":0,""adsDrdyPullupLevel"":0,""adsMisoPulldownLevel"":0,""adsMisoPullupLevel"":1,""adsCsLevel"":1,""adsSyncLevel"":1,""adsStatus"":54,""adsMux"":15,""adsAdcon"":6,""adsDrate"":240,""adsReason"":""ok"",""tcaOk"":true,""mcpOkCount"":8,""mcpOk"":[true,true,true,true,true,true,true,true],""mcpAddrMask"":[1,1,1,1,1,1,1,1],""mcpControlTested"":true,""mcpControlOkCount"":8,""mcpControlOk"":[true,true,true,true,true,true,true,true],""dacReady"":true,""radioReady"":true,""mlReady"":true,""nullingProfileApplied"":true,""modelProfileReady"":false},""runtimeMcpCode"":[255,519,795,706,799,865,665,139],""model"":{""profileId"":""cnn-dualbranch-datasheet-v1-unbound"",""scalerProfileId"":""cnn-dualbranch-datasheet-v1-unbound"",""productionApproved"":true,""boundNullingProfileId"":8,""activeNullingProfileId"":9,""bindingValid"":true,""bindingModelMatches"":true,""profileReady"":false,""inferenceValid"":false,""sensorFault"":true},""lora"":{""beginState"":0,""lastTxState"":0,""lastTxOk"":false,""txSeq"":0,""txCounter"":0,""aesKeyProvisioned"":true,""aesKeyPresent"":true,""aesKeySource"":""nvs"",""keyId"":1,""lastDownlinkCommandId"":0,""freqMHz"":920,""bwKHz"":125,""sf"":7,""cr"":5,""syncWord"":18,""txPowerDbm"":17,""preamble"":8,""tcxoVoltage"":1.600000024,""xtalVoltage"":0},""dataset"":{""state"":""idle"",""step"":""idle"",""label"":"""",""seq"":0,""targetSamples"":0,""sampleIntervalMs"":500,""maxDurationMs"":0,""useFanIntake"":true,""fanOnMs"":1000,""postFanSettleMs"":0,""nullingProfileId"":9,""queuePending"":0,""queueCapacity"":16,""queueEnqueued"":0,""queueDropped"":0,""publishFailCount"":0,""retryCount"":0,""retryFailCount"":0,""rejectedSamples"":0,""lastRejectReason"":""none"",""lastRejectChannel"":-1,""lastRejectOkFiniteCount"":0,""lastRejectStatus"":255,""lastRejectGain"":0,""lastRejectSaturated"":false},""recovery"":{""wifiReconnectCount"":0,""wifiReconnectFailCount"":0,""mqttReconnectCount"":0,""mqttConnectFailCount"":0,""lastMqttState"":0,""adsRecoveryCount"":0,""adsRecoveryFailCount"":0,""adsReadFailStreak"":0,""lastReason"":""none"",""lastRecoveryMs"":0,""bootRecoveryArmed"":false,""bootRecoveryDueMs"":0,""bootRecoveryReason"":""none"",""bootRecoveryNonAdsFailure"":false,""bootRecoveryRestartCount"":0},""nulling"":{""done"":false,""retryArmed"":false,""attemptCount"":0,""nextRetryMs"":0,""thresholdV"":9.999999747E-06,""minFinalV"":0},""telemetry"":{""valid"":true,""sampleMs"":6467442,""gasClass"":6,""gasName"":""CO2"",""confidence"":0,""alarm"":false,""sensorVoltage"":[0.099765241,0.003939155,0.004884636,-0.00247926,-0.009276548,-0.011288659,-0.019587431,-0.025388476],""sensorGain"":[32,64,64,64,64,64,64,64],""sensorStatus"":[0,0,0,0,0,0,0,0],""featureOrder"":[""MQ8"",""MQ135"",""MQ3"",""MQ5"",""MQ4"",""MQ7"",""MQ6"",""MQ2""]},""alarmLatched"":false}"
2026-08-04 11:08:52.209 +07:00,91.086,HOT_SWEEP_70,70,700,300,1,0,0.100277223,0.003993036,0.004888298,-0.002453985,-0.009291389,-0.011261357,-0.019516673,-0.025334489,"{""deviceId"":""1001"",""nodeId"":4097,""targetChId"":""0010"",""mode"":""inference"",""uptimeMs"":6468549,""debugEnabled"":true,""power"":{""mode"":""24v"",""externalPower"":true,""batteryMv"":65535,""batteryValid"":false,""batteryDetected"":false,""batterySenseStatus"":""not_detected"",""batteryLow"":false,""batteryCritical"":false,""sourceAmbiguous"":false,""serviceHoldActive"":false,""serviceHoldEffective"":false},""batterySession"":{""state"":""inactive"",""startedMs"":0,""stateStartedMs"":0,""validSampleBatches"":0,""requiredSampleBatches"":10,""alarmTxAttempts"":0,""alarmTxAttemptLimit"":3,""alarmAckReceived"":false,""pendingAlarm"":false,""pendingSaveRequired"":false,""persistenceFaultHold"":false,""completionReason"":""session_done""},""bootHealth"":{""adsReady"":true,""adsDrdyLevel"":0,""adsDrdyPulldownLevel"":0,""adsDrdyPullupLevel"":0,""adsMisoPulldownLevel"":0,""adsMisoPullupLevel"":1,""adsCsLevel"":1,""adsSyncLevel"":1,""adsStatus"":54,""adsMux"":15,""adsAdcon"":6,""adsDrate"":240,""adsReason"":""ok"",""tcaOk"":true,""mcpOkCount"":8,""mcpOk"":[true,true,true,true,true,true,true,true],""mcpAddrMask"":[1,1,1,1,1,1,1,1],""mcpControlTested"":true,""mcpControlOkCount"":8,""mcpControlOk"":[true,true,true,true,true,true,true,true],""dacReady"":true,""radioReady"":true,""mlReady"":true,""nullingProfileApplied"":true,""modelProfileReady"":false},""runtimeMcpCode"":[255,519,795,706,799,865,665,139],""model"":{""profileId"":""cnn-dualbranch-datasheet-v1-unbound"",""scalerProfileId"":""cnn-dualbranch-datasheet-v1-unbound"",""productionApproved"":true,""boundNullingProfileId"":8,""activeNullingProfileId"":9,""bindingValid"":true,""bindingModelMatches"":true,""profileReady"":false,""inferenceValid"":false,""sensorFault"":true},""lora"":{""beginState"":0,""lastTxState"":0,""lastTxOk"":false,""txSeq"":0,""txCounter"":0,""aesKeyProvisioned"":true,""aesKeyPresent"":true,""aesKeySource"":""nvs"",""keyId"":1,""lastDownlinkCommandId"":0,""freqMHz"":920,""bwKHz"":125,""sf"":7,""cr"":5,""syncWord"":18,""txPowerDbm"":17,""preamble"":8,""tcxoVoltage"":1.600000024,""xtalVoltage"":0},""dataset"":{""state"":""idle"",""step"":""idle"",""label"":"""",""seq"":0,""targetSamples"":0,""sampleIntervalMs"":500,""maxDurationMs"":0,""useFanIntake"":true,""fanOnMs"":1000,""postFanSettleMs"":0,""nullingProfileId"":9,""queuePending"":0,""queueCapacity"":16,""queueEnqueued"":0,""queueDropped"":0,""publishFailCount"":0,""retryCount"":0,""retryFailCount"":0,""rejectedSamples"":0,""lastRejectReason"":""none"",""lastRejectChannel"":-1,""lastRejectOkFiniteCount"":0,""lastRejectStatus"":255,""lastRejectGain"":0,""lastRejectSaturated"":false},""recovery"":{""wifiReconnectCount"":0,""wifiReconnectFailCount"":0,""mqttReconnectCount"":0,""mqttConnectFailCount"":0,""lastMqttState"":0,""adsRecoveryCount"":0,""adsRecoveryFailCount"":0,""adsReadFailStreak"":0,""lastReason"":""none"",""lastRecoveryMs"":0,""bootRecoveryArmed"":false,""bootRecoveryDueMs"":0,""bootRecoveryReason"":""none"",""bootRecoveryNonAdsFailure"":false,""bootRecoveryRestartCount"":0},""nulling"":{""done"":false,""retryArmed"":false,""attemptCount"":0,""nextRetryMs"":0,""thresholdV"":9.999999747E-06,""minFinalV"":0},""telemetry"":{""valid"":true,""sampleMs"":6468144,""gasClass"":6,""gasName"":""CO2"",""confidence"":0,""alarm"":false,""sensorVoltage"":[0.100277223,0.003993036,0.004888298,-0.002453985,-0.009291389,-0.011261357,-0.019516673,-0.025334489],""sensorGain"":[32,64,64,64,64,64,64,64],""sensorStatus"":[0,0,0,0,0,0,0,0],""featureOrder"":[""MQ8"",""MQ135"",""MQ3"",""MQ5"",""MQ4"",""MQ7"",""MQ6"",""MQ2""]},""alarmLatched"":false}"
2026-08-04 11:08:52.896 +07:00,91.777,HOT_SWEEP_70,70,700,300,1,0,0.100408867,0.004025463,0.004898696,-0.002431317,-0.009273178,-0.011259097,-0.019520864,-0.02531819,"{""deviceId"":""1001"",""nodeId"":4097,""targetChId"":""0010"",""mode"":""inference"",""uptimeMs"":6469240,""debugEnabled"":true,""power"":{""mode"":""24v"",""externalPower"":true,""batteryMv"":65535,""batteryValid"":false,""batteryDetected"":false,""batterySenseStatus"":""not_detected"",""batteryLow"":false,""batteryCritical"":false,""sourceAmbiguous"":false,""serviceHoldActive"":false,""serviceHoldEffective"":false},""batterySession"":{""state"":""inactive"",""startedMs"":0,""stateStartedMs"":0,""validSampleBatches"":0,""requiredSampleBatches"":10,""alarmTxAttempts"":0,""alarmTxAttemptLimit"":3,""alarmAckReceived"":false,""pendingAlarm"":false,""pendingSaveRequired"":false,""persistenceFaultHold"":false,""completionReason"":""session_done""},""bootHealth"":{""adsReady"":true,""adsDrdyLevel"":0,""adsDrdyPulldownLevel"":0,""adsDrdyPullupLevel"":0,""adsMisoPulldownLevel"":0,""adsMisoPullupLevel"":1,""adsCsLevel"":1,""adsSyncLevel"":1,""adsStatus"":54,""adsMux"":15,""adsAdcon"":6,""adsDrate"":240,""adsReason"":""ok"",""tcaOk"":true,""mcpOkCount"":8,""mcpOk"":[true,true,true,true,true,true,true,true],""mcpAddrMask"":[1,1,1,1,1,1,1,1],""mcpControlTested"":true,""mcpControlOkCount"":8,""mcpControlOk"":[true,true,true,true,true,true,true,true],""dacReady"":true,""radioReady"":true,""mlReady"":true,""nullingProfileApplied"":true,""modelProfileReady"":false},""runtimeMcpCode"":[255,519,795,706,799,865,665,139],""model"":{""profileId"":""cnn-dualbranch-datasheet-v1-unbound"",""scalerProfileId"":""cnn-dualbranch-datasheet-v1-unbound"",""productionApproved"":true,""boundNullingProfileId"":8,""activeNullingProfileId"":9,""bindingValid"":true,""bindingModelMatches"":true,""profileReady"":false,""inferenceValid"":false,""sensorFault"":true},""lora"":{""beginState"":0,""lastTxState"":0,""lastTxOk"":false,""txSeq"":0,""txCounter"":0,""aesKeyProvisioned"":true,""aesKeyPresent"":true,""aesKeySource"":""nvs"",""keyId"":1,""lastDownlinkCommandId"":0,""freqMHz"":920,""bwKHz"":125,""sf"":7,""cr"":5,""syncWord"":18,""txPowerDbm"":17,""preamble"":8,""tcxoVoltage"":1.600000024,""xtalVoltage"":0},""dataset"":{""state"":""idle"",""step"":""idle"",""label"":"""",""seq"":0,""targetSamples"":0,""sampleIntervalMs"":500,""maxDurationMs"":0,""useFanIntake"":true,""fanOnMs"":1000,""postFanSettleMs"":0,""nullingProfileId"":9,""queuePending"":0,""queueCapacity"":16,""queueEnqueued"":0,""queueDropped"":0,""publishFailCount"":0,""retryCount"":0,""retryFailCount"":0,""rejectedSamples"":0,""lastRejectReason"":""none"",""lastRejectChannel"":-1,""lastRejectOkFiniteCount"":0,""lastRejectStatus"":255,""lastRejectGain"":0,""lastRejectSaturated"":false},""recovery"":{""wifiReconnectCount"":0,""wifiReconnectFailCount"":0,""mqttReconnectCount"":0,""mqttConnectFailCount"":0,""lastMqttState"":0,""adsRecoveryCount"":0,""adsRecoveryFailCount"":0,""adsReadFailStreak"":0,""lastReason"":""none"",""lastRecoveryMs"":0,""bootRecoveryArmed"":false,""bootRecoveryDueMs"":0,""bootRecoveryReason"":""none"",""bootRecoveryNonAdsFailure"":false,""bootRecoveryRestartCount"":0},""nulling"":{""done"":false,""retryArmed"":false,""attemptCount"":0,""nextRetryMs"":0,""thresholdV"":9.999999747E-06,""minFinalV"":0},""telemetry"":{""valid"":true,""sampleMs"":6468859,""gasClass"":6,""gasName"":""CO2"",""confidence"":0,""alarm"":false,""sensorVoltage"":[0.100408867,0.004025463,0.004898696,-0.002431317,-0.009273178,-0.011259097,-0.019520864,-0.02531819],""sensorGain"":[32,64,64,64,64,64,64,64],""sensorStatus"":[0,0,0,0,0,0,0,0],""featureOrder"":[""MQ8"",""MQ135"",""MQ3"",""MQ5"",""MQ4"",""MQ7"",""MQ6"",""MQ2""]},""alarmLatched"":false}"
2026-08-04 11:08:53.590 +07:00,92.467,HOT_SWEEP_70,70,700,300,1,0,0.100145973,0.004009788,0.004900837,-0.002432899,-0.009277089,-0.011293152,-0.019413467,-0.025277156,"{""deviceId"":""1001"",""nodeId"":4097,""targetChId"":""0010"",""mode"":""inference"",""uptimeMs"":6469930,""debugEnabled"":true,""power"":{""mode"":""24v"",""externalPower"":true,""batteryMv"":65535,""batteryValid"":false,""batteryDetected"":false,""batterySenseStatus"":""not_detected"",""batteryLow"":false,""batteryCritical"":false,""sourceAmbiguous"":false,""serviceHoldActive"":false,""serviceHoldEffective"":false},""batterySession"":{""state"":""inactive"",""startedMs"":0,""stateStartedMs"":0,""validSampleBatches"":0,""requiredSampleBatches"":10,""alarmTxAttempts"":0,""alarmTxAttemptLimit"":3,""alarmAckReceived"":false,""pendingAlarm"":false,""pendingSaveRequired"":false,""persistenceFaultHold"":false,""completionReason"":""session_done""},""bootHealth"":{""adsReady"":true,""adsDrdyLevel"":0,""adsDrdyPulldownLevel"":0,""adsDrdyPullupLevel"":0,""adsMisoPulldownLevel"":0,""adsMisoPullupLevel"":1,""adsCsLevel"":1,""adsSyncLevel"":1,""adsStatus"":54,""adsMux"":15,""adsAdcon"":6,""adsDrate"":240,""adsReason"":""ok"",""tcaOk"":true,""mcpOkCount"":8,""mcpOk"":[true,true,true,true,true,true,true,true],""mcpAddrMask"":[1,1,1,1,1,1,1,1],""mcpControlTested"":true,""mcpControlOkCount"":8,""mcpControlOk"":[true,true,true,true,true,true,true,true],""dacReady"":true,""radioReady"":true,""mlReady"":true,""nullingProfileApplied"":true,""modelProfileReady"":false},""runtimeMcpCode"":[255,519,795,706,799,865,665,139],""model"":{""profileId"":""cnn-dualbranch-datasheet-v1-unbound"",""scalerProfileId"":""cnn-dualbranch-datasheet-v1-unbound"",""productionApproved"":true,""boundNullingProfileId"":8,""activeNullingProfileId"":9,""bindingValid"":true,""bindingModelMatches"":true,""profileReady"":false,""inferenceValid"":false,""sensorFault"":true},""lora"":{""beginState"":0,""lastTxState"":0,""lastTxOk"":false,""txSeq"":0,""txCounter"":0,""aesKeyProvisioned"":true,""aesKeyPresent"":true,""aesKeySource"":""nvs"",""keyId"":1,""lastDownlinkCommandId"":0,""freqMHz"":920,""bwKHz"":125,""sf"":7,""cr"":5,""syncWord"":18,""txPowerDbm"":17,""preamble"":8,""tcxoVoltage"":1.600000024,""xtalVoltage"":0},""dataset"":{""state"":""idle"",""step"":""idle"",""label"":"""",""seq"":0,""targetSamples"":0,""sampleIntervalMs"":500,""maxDurationMs"":0,""useFanIntake"":true,""fanOnMs"":1000,""postFanSettleMs"":0,""nullingProfileId"":9,""queuePending"":0,""queueCapacity"":16,""queueEnqueued"":0,""queueDropped"":0,""publishFailCount"":0,""retryCount"":0,""retryFailCount"":0,""rejectedSamples"":0,""lastRejectReason"":""none"",""lastRejectChannel"":-1,""lastRejectOkFiniteCount"":0,""lastRejectStatus"":255,""lastRejectGain"":0,""lastRejectSaturated"":false},""recovery"":{""wifiReconnectCount"":0,""wifiReconnectFailCount"":0,""mqttReconnectCount"":0,""mqttConnectFailCount"":0,""lastMqttState"":0,""adsRecoveryCount"":0,""adsRecoveryFailCount"":0,""adsReadFailStreak"":0,""lastReason"":""none"",""lastRecoveryMs"":0,""bootRecoveryArmed"":false,""bootRecoveryDueMs"":0,""bootRecoveryReason"":""none"",""bootRecoveryNonAdsFailure"":false,""bootRecoveryRestartCount"":0},""nulling"":{""done"":false,""retryArmed"":false,""attemptCount"":0,""nextRetryMs"":0,""thresholdV"":9.999999747E-06,""minFinalV"":0},""telemetry"":{""valid"":true,""sampleMs"":6469518,""gasClass"":6,""gasName"":""CO2"",""confidence"":0,""alarm"":false,""sensorVoltage"":[0.100145973,0.004009788,0.004900837,-0.002432899,-0.009277089,-0.011293152,-0.019413467,-0.025277156],""sensorGain"":[32,64,64,64,64,64,64,64],""sensorStatus"":[0,0,0,0,0,0,0,0],""featureOrder"":[""MQ8"",""MQ135"",""MQ3"",""MQ5"",""MQ4"",""MQ7"",""MQ6"",""MQ2""]},""alarmLatched"":false}"
2026-08-04 11:08:54.284 +07:00,93.165,HOT_SWEEP_70,70,700,300,1,0,0.100256346,0.004020107,0.004919347,-0.002428664,-0.009277852,-0.011291582999999999,-0.019488672,-0.025319615,"{""deviceId"":""1001"",""nodeId"":4097,""targetChId"":""0010"",""mode"":""inference"",""uptimeMs"":6470628,""debugEnabled"":true,""power"":{""mode"":""24v"",""externalPower"":true,""batteryMv"":65535,""batteryValid"":false,""batteryDetected"":false,""batterySenseStatus"":""not_detected"",""batteryLow"":false,""batteryCritical"":false,""sourceAmbiguous"":false,""serviceHoldActive"":false,""serviceHoldEffective"":false},""batterySession"":{""state"":""inactive"",""startedMs"":0,""stateStartedMs"":0,""validSampleBatches"":0,""requiredSampleBatches"":10,""alarmTxAttempts"":0,""alarmTxAttemptLimit"":3,""alarmAckReceived"":false,""pendingAlarm"":false,""pendingSaveRequired"":false,""persistenceFaultHold"":false,""completionReason"":""session_done""},""bootHealth"":{""adsReady"":true,""adsDrdyLevel"":0,""adsDrdyPulldownLevel"":0,""adsDrdyPullupLevel"":0,""adsMisoPulldownLevel"":0,""adsMisoPullupLevel"":1,""adsCsLevel"":1,""adsSyncLevel"":1,""adsStatus"":54,""adsMux"":15,""adsAdcon"":6,""adsDrate"":240,""adsReason"":""ok"",""tcaOk"":true,""mcpOkCount"":8,""mcpOk"":[true,true,true,true,true,true,true,true],""mcpAddrMask"":[1,1,1,1,1,1,1,1],""mcpControlTested"":true,""mcpControlOkCount"":8,""mcpControlOk"":[true,true,true,true,true,true,true,true],""dacReady"":true,""radioReady"":true,""mlReady"":true,""nullingProfileApplied"":true,""modelProfileReady"":false},""runtimeMcpCode"":[255,519,795,706,799,865,665,139],""model"":{""profileId"":""cnn-dualbranch-datasheet-v1-unbound"",""scalerProfileId"":""cnn-dualbranch-datasheet-v1-unbound"",""productionApproved"":true,""boundNullingProfileId"":8,""activeNullingProfileId"":9,""bindingValid"":true,""bindingModelMatches"":true,""profileReady"":false,""inferenceValid"":false,""sensorFault"":true},""lora"":{""beginState"":0,""lastTxState"":0,""lastTxOk"":false,""txSeq"":0,""txCounter"":0,""aesKeyProvisioned"":true,""aesKeyPresent"":true,""aesKeySource"":""nvs"",""keyId"":1,""lastDownlinkCommandId"":0,""freqMHz"":920,""bwKHz"":125,""sf"":7,""cr"":5,""syncWord"":18,""txPowerDbm"":17,""preamble"":8,""tcxoVoltage"":1.600000024,""xtalVoltage"":0},""dataset"":{""state"":""idle"",""step"":""idle"",""label"":"""",""seq"":0,""targetSamples"":0,""sampleIntervalMs"":500,""maxDurationMs"":0,""useFanIntake"":true,""fanOnMs"":1000,""postFanSettleMs"":0,""nullingProfileId"":9,""queuePending"":0,""queueCapacity"":16,""queueEnqueued"":0,""queueDropped"":0,""publishFailCount"":0,""retryCount"":0,""retryFailCount"":0,""rejectedSamples"":0,""lastRejectReason"":""none"",""lastRejectChannel"":-1,""lastRejectOkFiniteCount"":0,""lastRejectStatus"":255,""lastRejectGain"":0,""lastRejectSaturated"":false},""recovery"":{""wifiReconnectCount"":0,""wifiReconnectFailCount"":0,""mqttReconnectCount"":0,""mqttConnectFailCount"":0,""lastMqttState"":0,""adsRecoveryCount"":0,""adsRecoveryFailCount"":0,""adsReadFailStreak"":0,""lastReason"":""none"",""lastRecoveryMs"":0,""bootRecoveryArmed"":false,""bootRecoveryDueMs"":0,""bootRecoveryReason"":""none"",""bootRecoveryNonAdsFailure"":false,""bootRecoveryRestartCount"":0},""nulling"":{""done"":false,""retryArmed"":false,""attemptCount"":0,""nextRetryMs"":0,""thresholdV"":9.999999747E-06,""minFinalV"":0},""telemetry"":{""valid"":true,""sampleMs"":6470208,""gasClass"":6,""gasName"":""CO2"",""confidence"":0,""alarm"":false,""sensorVoltage"":[0.100256346,0.004020107,0.004919347,-0.002428664,-0.009277852,-0.011291583,-0.019488672,-0.025319615],""sensorGain"":[32,64,64,64,64,64,64,64],""sensorStatus"":[0,0,0,0,0,0,0,0],""featureOrder"":[""MQ8"",""MQ135"",""MQ3"",""MQ5"",""MQ4"",""MQ7"",""MQ6"",""MQ2""]},""alarmLatched"":false}"
2026-08-04 11:08:54.970 +07:00,93.850,HOT_SWEEP_70,70,700,300,1,0,0.100607142,0.004024825,0.004917393,-0.002397962,-0.00924242,-0.011283526,-0.019123767,-0.025376558,"{""deviceId"":""1001"",""nodeId"":4097,""targetChId"":""0010"",""mode"":""inference"",""uptimeMs"":6471313,""debugEnabled"":true,""power"":{""mode"":""24v"",""externalPower"":true,""batteryMv"":65535,""batteryValid"":false,""batteryDetected"":false,""batterySenseStatus"":""not_detected"",""batteryLow"":false,""batteryCritical"":false,""sourceAmbiguous"":false,""serviceHoldActive"":false,""serviceHoldEffective"":false},""batterySession"":{""state"":""inactive"",""startedMs"":0,""stateStartedMs"":0,""validSampleBatches"":0,""requiredSampleBatches"":10,""alarmTxAttempts"":0,""alarmTxAttemptLimit"":3,""alarmAckReceived"":false,""pendingAlarm"":false,""pendingSaveRequired"":false,""persistenceFaultHold"":false,""completionReason"":""session_done""},""bootHealth"":{""adsReady"":true,""adsDrdyLevel"":0,""adsDrdyPulldownLevel"":0,""adsDrdyPullupLevel"":0,""adsMisoPulldownLevel"":0,""adsMisoPullupLevel"":1,""adsCsLevel"":1,""adsSyncLevel"":1,""adsStatus"":54,""adsMux"":15,""adsAdcon"":6,""adsDrate"":240,""adsReason"":""ok"",""tcaOk"":true,""mcpOkCount"":8,""mcpOk"":[true,true,true,true,true,true,true,true],""mcpAddrMask"":[1,1,1,1,1,1,1,1],""mcpControlTested"":true,""mcpControlOkCount"":8,""mcpControlOk"":[true,true,true,true,true,true,true,true],""dacReady"":true,""radioReady"":true,""mlReady"":true,""nullingProfileApplied"":true,""modelProfileReady"":false},""runtimeMcpCode"":[255,519,795,706,799,865,665,139],""model"":{""profileId"":""cnn-dualbranch-datasheet-v1-unbound"",""scalerProfileId"":""cnn-dualbranch-datasheet-v1-unbound"",""productionApproved"":true,""boundNullingProfileId"":8,""activeNullingProfileId"":9,""bindingValid"":true,""bindingModelMatches"":true,""profileReady"":false,""inferenceValid"":false,""sensorFault"":true},""lora"":{""beginState"":0,""lastTxState"":0,""lastTxOk"":false,""txSeq"":0,""txCounter"":0,""aesKeyProvisioned"":true,""aesKeyPresent"":true,""aesKeySource"":""nvs"",""keyId"":1,""lastDownlinkCommandId"":0,""freqMHz"":920,""bwKHz"":125,""sf"":7,""cr"":5,""syncWord"":18,""txPowerDbm"":17,""preamble"":8,""tcxoVoltage"":1.600000024,""xtalVoltage"":0},""dataset"":{""state"":""idle"",""step"":""idle"",""label"":"""",""seq"":0,""targetSamples"":0,""sampleIntervalMs"":500,""maxDurationMs"":0,""useFanIntake"":true,""fanOnMs"":1000,""postFanSettleMs"":0,""nullingProfileId"":9,""queuePending"":0,""queueCapacity"":16,""queueEnqueued"":0,""queueDropped"":0,""publishFailCount"":0,""retryCount"":0,""retryFailCount"":0,""rejectedSamples"":0,""lastRejectReason"":""none"",""lastRejectChannel"":-1,""lastRejectOkFiniteCount"":0,""lastRejectStatus"":255,""lastRejectGain"":0,""lastRejectSaturated"":false},""recovery"":{""wifiReconnectCount"":0,""wifiReconnectFailCount"":0,""mqttReconnectCount"":0,""mqttConnectFailCount"":0,""lastMqttState"":0,""adsRecoveryCount"":0,""adsRecoveryFailCount"":0,""adsReadFailStreak"":0,""lastReason"":""none"",""lastRecoveryMs"":0,""bootRecoveryArmed"":false,""bootRecoveryDueMs"":0,""bootRecoveryReason"":""none"",""bootRecoveryNonAdsFailure"":false,""bootRecoveryRestartCount"":0},""nulling"":{""done"":false,""retryArmed"":false,""attemptCount"":0,""nextRetryMs"":0,""thresholdV"":9.999999747E-06,""minFinalV"":0},""telemetry"":{""valid"":true,""sampleMs"":6470938,""gasClass"":6,""gasName"":""CO2"",""confidence"":0,""alarm"":false,""sensorVoltage"":[0.100607142,0.004024825,0.004917393,-0.002397962,-0.00924242,-0.011283526,-0.019123767,-0.025376558],""sensorGain"":[32,64,64,64,64,64,64,64],""sensorStatus"":[0,0,0,0,0,0,0,0],""featureOrder"":[""MQ8"",""MQ135"",""MQ3"",""MQ5"",""MQ4"",""MQ7"",""MQ6"",""MQ2""]},""alarmLatched"":false}"
2026-08-04 11:08:55.665 +07:00,94.544,HOT_SWEEP_70,70,700,300,1,0,0.10046456,0.004007672,0.004964859,-0.002478832,-0.009224193,-0.011480952,-0.019539967,-0.025822859,"{""deviceId"":""1001"",""nodeId"":4097,""targetChId"":""0010"",""mode"":""inference"",""uptimeMs"":6472005,""debugEnabled"":true,""power"":{""mode"":""24v"",""externalPower"":true,""batteryMv"":65535,""batteryValid"":false,""batteryDetected"":false,""batterySenseStatus"":""not_detected"",""batteryLow"":false,""batteryCritical"":false,""sourceAmbiguous"":false,""serviceHoldActive"":false,""serviceHoldEffective"":false},""batterySession"":{""state"":""inactive"",""startedMs"":0,""stateStartedMs"":0,""validSampleBatches"":0,""requiredSampleBatches"":10,""alarmTxAttempts"":0,""alarmTxAttemptLimit"":3,""alarmAckReceived"":false,""pendingAlarm"":false,""pendingSaveRequired"":false,""persistenceFaultHold"":false,""completionReason"":""session_done""},""bootHealth"":{""adsReady"":true,""adsDrdyLevel"":0,""adsDrdyPulldownLevel"":0,""adsDrdyPullupLevel"":0,""adsMisoPulldownLevel"":0,""adsMisoPullupLevel"":1,""adsCsLevel"":1,""adsSyncLevel"":1,""adsStatus"":54,""adsMux"":15,""adsAdcon"":6,""adsDrate"":240,""adsReason"":""ok"",""tcaOk"":true,""mcpOkCount"":8,""mcpOk"":[true,true,true,true,true,true,true,true],""mcpAddrMask"":[1,1,1,1,1,1,1,1],""mcpControlTested"":true,""mcpControlOkCount"":8,""mcpControlOk"":[true,true,true,true,true,true,true,true],""dacReady"":true,""radioReady"":true,""mlReady"":true,""nullingProfileApplied"":true,""modelProfileReady"":false},""runtimeMcpCode"":[255,519,795,706,799,865,665,139],""model"":{""profileId"":""cnn-dualbranch-datasheet-v1-unbound"",""scalerProfileId"":""cnn-dualbranch-datasheet-v1-unbound"",""productionApproved"":true,""boundNullingProfileId"":8,""activeNullingProfileId"":9,""bindingValid"":true,""bindingModelMatches"":true,""profileReady"":false,""inferenceValid"":false,""sensorFault"":true},""lora"":{""beginState"":0,""lastTxState"":0,""lastTxOk"":false,""txSeq"":0,""txCounter"":0,""aesKeyProvisioned"":true,""aesKeyPresent"":true,""aesKeySource"":""nvs"",""keyId"":1,""lastDownlinkCommandId"":0,""freqMHz"":920,""bwKHz"":125,""sf"":7,""cr"":5,""syncWord"":18,""txPowerDbm"":17,""preamble"":8,""tcxoVoltage"":1.600000024,""xtalVoltage"":0},""dataset"":{""state"":""idle"",""step"":""idle"",""label"":"""",""seq"":0,""targetSamples"":0,""sampleIntervalMs"":500,""maxDurationMs"":0,""useFanIntake"":true,""fanOnMs"":1000,""postFanSettleMs"":0,""nullingProfileId"":9,""queuePending"":0,""queueCapacity"":16,""queueEnqueued"":0,""queueDropped"":0,""publishFailCount"":0,""retryCount"":0,""retryFailCount"":0,""rejectedSamples"":0,""lastRejectReason"":""none"",""lastRejectChannel"":-1,""lastRejectOkFiniteCount"":0,""lastRejectStatus"":255,""lastRejectGain"":0,""lastRejectSaturated"":false},""recovery"":{""wifiReconnectCount"":0,""wifiReconnectFailCount"":0,""mqttReconnectCount"":0,""mqttConnectFailCount"":0,""lastMqttState"":0,""adsRecoveryCount"":0,""adsRecoveryFailCount"":0,""adsReadFailStreak"":0,""lastReason"":""none"",""lastRecoveryMs"":0,""bootRecoveryArmed"":false,""bootRecoveryDueMs"":0,""bootRecoveryReason"":""none"",""bootRecoveryNonAdsFailure"":false,""bootRecoveryRestartCount"":0},""nulling"":{""done"":false,""retryArmed"":false,""attemptCount"":0,""nextRetryMs"":0,""thresholdV"":9.999999747E-06,""minFinalV"":0},""telemetry"":{""valid"":true,""sampleMs"":6471591,""gasClass"":6,""gasName"":""CO2"",""confidence"":0,""alarm"":false,""sensorVoltage"":[0.10046456,0.004007672,0.004964859,-0.002478832,-0.009224193,-0.011480952,-0.019539967,-0.025822859],""sensorGain"":[32,64,64,64,64,64,64,64],""sensorStatus"":[0,0,0,0,0,0,0,0],""featureOrder"":[""MQ8"",""MQ135"",""MQ3"",""MQ5"",""MQ4"",""MQ7"",""MQ6"",""MQ2""]},""alarmLatched"":false}"
2026-08-04 11:08:56.346 +07:00,95.228,HOT_SWEEP_70,70,700,300,1,0,0.100433782,0.004002495,0.004969499,-0.002516776,-0.009263836,-0.011486655,-0.019554118,-0.025815044,"{""deviceId"":""1001"",""nodeId"":4097,""targetChId"":""0010"",""mode"":""inference"",""uptimeMs"":6472697,""debugEnabled"":true,""power"":{""mode"":""24v"",""externalPower"":true,""batteryMv"":65535,""batteryValid"":false,""batteryDetected"":false,""batterySenseStatus"":""not_detected"",""batteryLow"":false,""batteryCritical"":false,""sourceAmbiguous"":false,""serviceHoldActive"":false,""serviceHoldEffective"":false},""batterySession"":{""state"":""inactive"",""startedMs"":0,""stateStartedMs"":0,""validSampleBatches"":0,""requiredSampleBatches"":10,""alarmTxAttempts"":0,""alarmTxAttemptLimit"":3,""alarmAckReceived"":false,""pendingAlarm"":false,""pendingSaveRequired"":false,""persistenceFaultHold"":false,""completionReason"":""session_done""},""bootHealth"":{""adsReady"":true,""adsDrdyLevel"":0,""adsDrdyPulldownLevel"":0,""adsDrdyPullupLevel"":0,""adsMisoPulldownLevel"":0,""adsMisoPullupLevel"":1,""adsCsLevel"":1,""adsSyncLevel"":1,""adsStatus"":54,""adsMux"":15,""adsAdcon"":6,""adsDrate"":240,""adsReason"":""ok"",""tcaOk"":true,""mcpOkCount"":8,""mcpOk"":[true,true,true,true,true,true,true,true],""mcpAddrMask"":[1,1,1,1,1,1,1,1],""mcpControlTested"":true,""mcpControlOkCount"":8,""mcpControlOk"":[true,true,true,true,true,true,true,true],""dacReady"":true,""radioReady"":true,""mlReady"":true,""nullingProfileApplied"":true,""modelProfileReady"":false},""runtimeMcpCode"":[255,519,795,706,799,865,665,139],""model"":{""profileId"":""cnn-dualbranch-datasheet-v1-unbound"",""scalerProfileId"":""cnn-dualbranch-datasheet-v1-unbound"",""productionApproved"":true,""boundNullingProfileId"":8,""activeNullingProfileId"":9,""bindingValid"":true,""bindingModelMatches"":true,""profileReady"":false,""inferenceValid"":false,""sensorFault"":true},""lora"":{""beginState"":0,""lastTxState"":0,""lastTxOk"":false,""txSeq"":0,""txCounter"":0,""aesKeyProvisioned"":true,""aesKeyPresent"":true,""aesKeySource"":""nvs"",""keyId"":1,""lastDownlinkCommandId"":0,""freqMHz"":920,""bwKHz"":125,""sf"":7,""cr"":5,""syncWord"":18,""txPowerDbm"":17,""preamble"":8,""tcxoVoltage"":1.600000024,""xtalVoltage"":0},""dataset"":{""state"":""idle"",""step"":""idle"",""label"":"""",""seq"":0,""targetSamples"":0,""sampleIntervalMs"":500,""maxDurationMs"":0,""useFanIntake"":true,""fanOnMs"":1000,""postFanSettleMs"":0,""nullingProfileId"":9,""queuePending"":0,""queueCapacity"":16,""queueEnqueued"":0,""queueDropped"":0,""publishFailCount"":0,""retryCount"":0,""retryFailCount"":0,""rejectedSamples"":0,""lastRejectReason"":""none"",""lastRejectChannel"":-1,""lastRejectOkFiniteCount"":0,""lastRejectStatus"":255,""lastRejectGain"":0,""lastRejectSaturated"":false},""recovery"":{""wifiReconnectCount"":0,""wifiReconnectFailCount"":0,""mqttReconnectCount"":0,""mqttConnectFailCount"":0,""lastMqttState"":0,""adsRecoveryCount"":0,""adsRecoveryFailCount"":0,""adsReadFailStreak"":0,""lastReason"":""none"",""lastRecoveryMs"":0,""bootRecoveryArmed"":false,""bootRecoveryDueMs"":0,""bootRecoveryReason"":""none"",""bootRecoveryNonAdsFailure"":false,""bootRecoveryRestartCount"":0},""nulling"":{""done"":false,""retryArmed"":false,""attemptCount"":0,""nextRetryMs"":0,""thresholdV"":9.999999747E-06,""minFinalV"":0},""telemetry"":{""valid"":true,""sampleMs"":6472283,""gasClass"":6,""gasName"":""CO2"",""confidence"":0,""alarm"":false,""sensorVoltage"":[0.100433782,0.004002495,0.004969499,-0.002516776,-0.009263836,-0.011486655,-0.019554118,-0.025815044],""sensorGain"":[32,64,64,64,64,64,64,64],""sensorStatus"":[0,0,0,0,0,0,0,0],""featureOrder"":[""MQ8"",""MQ135"",""MQ3"",""MQ5"",""MQ4"",""MQ7"",""MQ6"",""MQ2""]},""alarmLatched"":false}"
2026-08-04 11:08:57.050 +07:00,95.922,HOT_SWEEP_70,70,700,300,1,0,0.100962736,0.003972923,0.004981228,-0.002556728,-0.009059442,-0.011474954,-0.019499438,-0.02583383,"{""deviceId"":""1001"",""nodeId"":4097,""targetChId"":""0010"",""mode"":""inference"",""uptimeMs"":6473385,""debugEnabled"":true,""power"":{""mode"":""24v"",""externalPower"":true,""batteryMv"":65535,""batteryValid"":false,""batteryDetected"":false,""batterySenseStatus"":""not_detected"",""batteryLow"":false,""batteryCritical"":false,""sourceAmbiguous"":false,""serviceHoldActive"":false,""serviceHoldEffective"":false},""batterySession"":{""state"":""inactive"",""startedMs"":0,""stateStartedMs"":0,""validSampleBatches"":0,""requiredSampleBatches"":10,""alarmTxAttempts"":0,""alarmTxAttemptLimit"":3,""alarmAckReceived"":false,""pendingAlarm"":false,""pendingSaveRequired"":false,""persistenceFaultHold"":false,""completionReason"":""session_done""},""bootHealth"":{""adsReady"":true,""adsDrdyLevel"":0,""adsDrdyPulldownLevel"":0,""adsDrdyPullupLevel"":0,""adsMisoPulldownLevel"":0,""adsMisoPullupLevel"":1,""adsCsLevel"":1,""adsSyncLevel"":1,""adsStatus"":54,""adsMux"":15,""adsAdcon"":6,""adsDrate"":240,""adsReason"":""ok"",""tcaOk"":true,""mcpOkCount"":8,""mcpOk"":[true,true,true,true,true,true,true,true],""mcpAddrMask"":[1,1,1,1,1,1,1,1],""mcpControlTested"":true,""mcpControlOkCount"":8,""mcpControlOk"":[true,true,true,true,true,true,true,true],""dacReady"":true,""radioReady"":true,""mlReady"":true,""nullingProfileApplied"":true,""modelProfileReady"":false},""runtimeMcpCode"":[255,519,795,706,799,865,665,139],""model"":{""profileId"":""cnn-dualbranch-datasheet-v1-unbound"",""scalerProfileId"":""cnn-dualbranch-datasheet-v1-unbound"",""productionApproved"":true,""boundNullingProfileId"":8,""activeNullingProfileId"":9,""bindingValid"":true,""bindingModelMatches"":true,""profileReady"":false,""inferenceValid"":false,""sensorFault"":true},""lora"":{""beginState"":0,""lastTxState"":0,""lastTxOk"":false,""txSeq"":0,""txCounter"":0,""aesKeyProvisioned"":true,""aesKeyPresent"":true,""aesKeySource"":""nvs"",""keyId"":1,""lastDownlinkCommandId"":0,""freqMHz"":920,""bwKHz"":125,""sf"":7,""cr"":5,""syncWord"":18,""txPowerDbm"":17,""preamble"":8,""tcxoVoltage"":1.600000024,""xtalVoltage"":0},""dataset"":{""state"":""idle"",""step"":""idle"",""label"":"""",""seq"":0,""targetSamples"":0,""sampleIntervalMs"":500,""maxDurationMs"":0,""useFanIntake"":true,""fanOnMs"":1000,""postFanSettleMs"":0,""nullingProfileId"":9,""queuePending"":0,""queueCapacity"":16,""queueEnqueued"":0,""queueDropped"":0,""publishFailCount"":0,""retryCount"":0,""retryFailCount"":0,""rejectedSamples"":0,""lastRejectReason"":""none"",""lastRejectChannel"":-1,""lastRejectOkFiniteCount"":0,""lastRejectStatus"":255,""lastRejectGain"":0,""lastRejectSaturated"":false},""recovery"":{""wifiReconnectCount"":0,""wifiReconnectFailCount"":0,""mqttReconnectCount"":0,""mqttConnectFailCount"":0,""lastMqttState"":0,""adsRecoveryCount"":0,""adsRecoveryFailCount"":0,""adsReadFailStreak"":0,""lastReason"":""none"",""lastRecoveryMs"":0,""bootRecoveryArmed"":false,""bootRecoveryDueMs"":0,""bootRecoveryReason"":""none"",""bootRecoveryNonAdsFailure"":false,""bootRecoveryRestartCount"":0},""nulling"":{""done"":false,""retryArmed"":false,""attemptCount"":0,""nextRetryMs"":0,""thresholdV"":9.999999747E-06,""minFinalV"":0},""telemetry"":{""valid"":true,""sampleMs"":6473007,""gasClass"":6,""gasName"":""CO2"",""confidence"":0,""alarm"":false,""sensorVoltage"":[0.100962736,0.003972923,0.004981228,-0.002556728,-0.009059442,-0.011474954,-0.019499438,-0.02583383],""sensorGain"":[32,64,64,64,64,64,64,64],""sensorStatus"":[0,0,0,0,0,0,0,0],""featureOrder"":[""MQ8"",""MQ135"",""MQ3"",""MQ5"",""MQ4"",""MQ7"",""MQ6"",""MQ2""]},""alarmLatched"":false}"
2026-08-04 11:08:57.742 +07:00,96.621,HOT_SWEEP_70,70,700,300,1,0,0.100619674,0.00399754,0.005037418,-0.002600922,-0.009332874,-0.01175887,-0.019500958,-0.025868248,"{""deviceId"":""1001"",""nodeId"":4097,""targetChId"":""0010"",""mode"":""inference"",""uptimeMs"":6474083,""debugEnabled"":true,""power"":{""mode"":""24v"",""externalPower"":true,""batteryMv"":65535,""batteryValid"":false,""batteryDetected"":false,""batterySenseStatus"":""not_detected"",""batteryLow"":false,""batteryCritical"":false,""sourceAmbiguous"":false,""serviceHoldActive"":false,""serviceHoldEffective"":false},""batterySession"":{""state"":""inactive"",""startedMs"":0,""stateStartedMs"":0,""validSampleBatches"":0,""requiredSampleBatches"":10,""alarmTxAttempts"":0,""alarmTxAttemptLimit"":3,""alarmAckReceived"":false,""pendingAlarm"":false,""pendingSaveRequired"":false,""persistenceFaultHold"":false,""completionReason"":""session_done""},""bootHealth"":{""adsReady"":true,""adsDrdyLevel"":0,""adsDrdyPulldownLevel"":0,""adsDrdyPullupLevel"":0,""adsMisoPulldownLevel"":0,""adsMisoPullupLevel"":1,""adsCsLevel"":1,""adsSyncLevel"":1,""adsStatus"":54,""adsMux"":15,""adsAdcon"":6,""adsDrate"":240,""adsReason"":""ok"",""tcaOk"":true,""mcpOkCount"":8,""mcpOk"":[true,true,true,true,true,true,true,true],""mcpAddrMask"":[1,1,1,1,1,1,1,1],""mcpControlTested"":true,""mcpControlOkCount"":8,""mcpControlOk"":[true,true,true,true,true,true,true,true],""dacReady"":true,""radioReady"":true,""mlReady"":true,""nullingProfileApplied"":true,""modelProfileReady"":false},""runtimeMcpCode"":[255,519,795,706,799,865,665,139],""model"":{""profileId"":""cnn-dualbranch-datasheet-v1-unbound"",""scalerProfileId"":""cnn-dualbranch-datasheet-v1-unbound"",""productionApproved"":true,""boundNullingProfileId"":8,""activeNullingProfileId"":9,""bindingValid"":true,""bindingModelMatches"":true,""profileReady"":false,""inferenceValid"":false,""sensorFault"":true},""lora"":{""beginState"":0,""lastTxState"":0,""lastTxOk"":false,""txSeq"":0,""txCounter"":0,""aesKeyProvisioned"":true,""aesKeyPresent"":true,""aesKeySource"":""nvs"",""keyId"":1,""lastDownlinkCommandId"":0,""freqMHz"":920,""bwKHz"":125,""sf"":7,""cr"":5,""syncWord"":18,""txPowerDbm"":17,""preamble"":8,""tcxoVoltage"":1.600000024,""xtalVoltage"":0},""dataset"":{""state"":""idle"",""step"":""idle"",""label"":"""",""seq"":0,""targetSamples"":0,""sampleIntervalMs"":500,""maxDurationMs"":0,""useFanIntake"":true,""fanOnMs"":1000,""postFanSettleMs"":0,""nullingProfileId"":9,""queuePending"":0,""queueCapacity"":16,""queueEnqueued"":0,""queueDropped"":0,""publishFailCount"":0,""retryCount"":0,""retryFailCount"":0,""rejectedSamples"":0,""lastRejectReason"":""none"",""lastRejectChannel"":-1,""lastRejectOkFiniteCount"":0,""lastRejectStatus"":255,""lastRejectGain"":0,""lastRejectSaturated"":false},""recovery"":{""wifiReconnectCount"":0,""wifiReconnectFailCount"":0,""mqttReconnectCount"":0,""mqttConnectFailCount"":0,""lastMqttState"":0,""adsRecoveryCount"":0,""adsRecoveryFailCount"":0,""adsReadFailStreak"":0,""lastReason"":""none"",""lastRecoveryMs"":0,""bootRecoveryArmed"":false,""bootRecoveryDueMs"":0,""bootRecoveryReason"":""none"",""bootRecoveryNonAdsFailure"":false,""bootRecoveryRestartCount"":0},""nulling"":{""done"":false,""retryArmed"":false,""attemptCount"":0,""nextRetryMs"":0,""thresholdV"":9.999999747E-06,""minFinalV"":0},""telemetry"":{""valid"":true,""sampleMs"":6473663,""gasClass"":6,""gasName"":""CO2"",""confidence"":0,""alarm"":false,""sensorVoltage"":[0.100619674,0.00399754,0.005037418,-0.002600922,-0.009332874,-0.01175887,-0.019500958,-0.025868248],""sensorGain"":[32,64,64,64,64,64,64,64],""sensorStatus"":[0,0,0,0,0,0,0,0],""featureOrder"":[""MQ8"",""MQ135"",""MQ3"",""MQ5"",""MQ4"",""MQ7"",""MQ6"",""MQ2""]},""alarmLatched"":false}"
2026-08-04 11:08:58.425 +07:00,97.304,HOT_SWEEP_70,70,700,300,1,0,0.100493565,0.003988232,0.005039989,-0.002623747,-0.009223051,-0.011750763,-0.019530876,-0.025880069,"{""deviceId"":""1001"",""nodeId"":4097,""targetChId"":""0010"",""mode"":""inference"",""uptimeMs"":6474768,""debugEnabled"":true,""power"":{""mode"":""24v"",""externalPower"":true,""batteryMv"":65535,""batteryValid"":false,""batteryDetected"":false,""batterySenseStatus"":""not_detected"",""batteryLow"":false,""batteryCritical"":false,""sourceAmbiguous"":false,""serviceHoldActive"":false,""serviceHoldEffective"":false},""batterySession"":{""state"":""inactive"",""startedMs"":0,""stateStartedMs"":0,""validSampleBatches"":0,""requiredSampleBatches"":10,""alarmTxAttempts"":0,""alarmTxAttemptLimit"":3,""alarmAckReceived"":false,""pendingAlarm"":false,""pendingSaveRequired"":false,""persistenceFaultHold"":false,""completionReason"":""session_done""},""bootHealth"":{""adsReady"":true,""adsDrdyLevel"":0,""adsDrdyPulldownLevel"":0,""adsDrdyPullupLevel"":0,""adsMisoPulldownLevel"":0,""adsMisoPullupLevel"":1,""adsCsLevel"":1,""adsSyncLevel"":1,""adsStatus"":54,""adsMux"":15,""adsAdcon"":6,""adsDrate"":240,""adsReason"":""ok"",""tcaOk"":true,""mcpOkCount"":8,""mcpOk"":[true,true,true,true,true,true,true,true],""mcpAddrMask"":[1,1,1,1,1,1,1,1],""mcpControlTested"":true,""mcpControlOkCount"":8,""mcpControlOk"":[true,true,true,true,true,true,true,true],""dacReady"":true,""radioReady"":true,""mlReady"":true,""nullingProfileApplied"":true,""modelProfileReady"":false},""runtimeMcpCode"":[255,519,795,706,799,865,665,139],""model"":{""profileId"":""cnn-dualbranch-datasheet-v1-unbound"",""scalerProfileId"":""cnn-dualbranch-datasheet-v1-unbound"",""productionApproved"":true,""boundNullingProfileId"":8,""activeNullingProfileId"":9,""bindingValid"":true,""bindingModelMatches"":true,""profileReady"":false,""inferenceValid"":false,""sensorFault"":true},""lora"":{""beginState"":0,""lastTxState"":0,""lastTxOk"":false,""txSeq"":0,""txCounter"":0,""aesKeyProvisioned"":true,""aesKeyPresent"":true,""aesKeySource"":""nvs"",""keyId"":1,""lastDownlinkCommandId"":0,""freqMHz"":920,""bwKHz"":125,""sf"":7,""cr"":5,""syncWord"":18,""txPowerDbm"":17,""preamble"":8,""tcxoVoltage"":1.600000024,""xtalVoltage"":0},""dataset"":{""state"":""idle"",""step"":""idle"",""label"":"""",""seq"":0,""targetSamples"":0,""sampleIntervalMs"":500,""maxDurationMs"":0,""useFanIntake"":true,""fanOnMs"":1000,""postFanSettleMs"":0,""nullingProfileId"":9,""queuePending"":0,""queueCapacity"":16,""queueEnqueued"":0,""queueDropped"":0,""publishFailCount"":0,""retryCount"":0,""retryFailCount"":0,""rejectedSamples"":0,""lastRejectReason"":""none"",""lastRejectChannel"":-1,""lastRejectOkFiniteCount"":0,""lastRejectStatus"":255,""lastRejectGain"":0,""lastRejectSaturated"":false},""recovery"":{""wifiReconnectCount"":0,""wifiReconnectFailCount"":0,""mqttReconnectCount"":0,""mqttConnectFailCount"":0,""lastMqttState"":0,""adsRecoveryCount"":0,""adsRecoveryFailCount"":0,""adsReadFailStreak"":0,""lastReason"":""none"",""lastRecoveryMs"":0,""bootRecoveryArmed"":false,""bootRecoveryDueMs"":0,""bootRecoveryReason"":""none"",""bootRecoveryNonAdsFailure"":false,""bootRecoveryRestartCount"":0},""nulling"":{""done"":false,""retryArmed"":false,""attemptCount"":0,""nextRetryMs"":0,""thresholdV"":9.999999747E-06,""minFinalV"":0},""telemetry"":{""valid"":true,""sampleMs"":6474361,""gasClass"":6,""gasName"":""CO2"",""confidence"":0,""alarm"":false,""sensorVoltage"":[0.100493565,0.003988232,0.005039989,-0.002623747,-0.009223051,-0.011750763,-0.019530876,-0.025880069],""sensorGain"":[32,64,64,64,64,64,64,64],""sensorStatus"":[0,0,0,0,0,0,0,0],""featureOrder"":[""MQ8"",""MQ135"",""MQ3"",""MQ5"",""MQ4"",""MQ7"",""MQ6"",""MQ2""]},""alarmLatched"":false}"
2026-08-04 11:08:59.114 +07:00,97.995,HOT_SWEEP_70,70,700,300,1,0,0.1012123,0.003912841,0.005031733,-0.00263022,-0.009132957,-0.011754109,-0.019533446,-0.025886759,"{""deviceId"":""1001"",""nodeId"":4097,""targetChId"":""0010"",""mode"":""inference"",""uptimeMs"":6475460,""debugEnabled"":true,""power"":{""mode"":""24v"",""externalPower"":true,""batteryMv"":65535,""batteryValid"":false,""batteryDetected"":false,""batterySenseStatus"":""not_detected"",""batteryLow"":false,""batteryCritical"":false,""sourceAmbiguous"":false,""serviceHoldActive"":false,""serviceHoldEffective"":false},""batterySession"":{""state"":""inactive"",""startedMs"":0,""stateStartedMs"":0,""validSampleBatches"":0,""requiredSampleBatches"":10,""alarmTxAttempts"":0,""alarmTxAttemptLimit"":3,""alarmAckReceived"":false,""pendingAlarm"":false,""pendingSaveRequired"":false,""persistenceFaultHold"":false,""completionReason"":""session_done""},""bootHealth"":{""adsReady"":true,""adsDrdyLevel"":0,""adsDrdyPulldownLevel"":0,""adsDrdyPullupLevel"":0,""adsMisoPulldownLevel"":0,""adsMisoPullupLevel"":1,""adsCsLevel"":1,""adsSyncLevel"":1,""adsStatus"":54,""adsMux"":15,""adsAdcon"":6,""adsDrate"":240,""adsReason"":""ok"",""tcaOk"":true,""mcpOkCount"":8,""mcpOk"":[true,true,true,true,true,true,true,true],""mcpAddrMask"":[1,1,1,1,1,1,1,1],""mcpControlTested"":true,""mcpControlOkCount"":8,""mcpControlOk"":[true,true,true,true,true,true,true,true],""dacReady"":true,""radioReady"":true,""mlReady"":true,""nullingProfileApplied"":true,""modelProfileReady"":false},""runtimeMcpCode"":[255,519,795,706,799,865,665,139],""model"":{""profileId"":""cnn-dualbranch-datasheet-v1-unbound"",""scalerProfileId"":""cnn-dualbranch-datasheet-v1-unbound"",""productionApproved"":true,""boundNullingProfileId"":8,""activeNullingProfileId"":9,""bindingValid"":true,""bindingModelMatches"":true,""profileReady"":false,""inferenceValid"":false,""sensorFault"":true},""lora"":{""beginState"":0,""lastTxState"":0,""lastTxOk"":false,""txSeq"":0,""txCounter"":0,""aesKeyProvisioned"":true,""aesKeyPresent"":true,""aesKeySource"":""nvs"",""keyId"":1,""lastDownlinkCommandId"":0,""freqMHz"":920,""bwKHz"":125,""sf"":7,""cr"":5,""syncWord"":18,""txPowerDbm"":17,""preamble"":8,""tcxoVoltage"":1.600000024,""xtalVoltage"":0},""dataset"":{""state"":""idle"",""step"":""idle"",""label"":"""",""seq"":0,""targetSamples"":0,""sampleIntervalMs"":500,""maxDurationMs"":0,""useFanIntake"":true,""fanOnMs"":1000,""postFanSettleMs"":0,""nullingProfileId"":9,""queuePending"":0,""queueCapacity"":16,""queueEnqueued"":0,""queueDropped"":0,""publishFailCount"":0,""retryCount"":0,""retryFailCount"":0,""rejectedSamples"":0,""lastRejectReason"":""none"",""lastRejectChannel"":-1,""lastRejectOkFiniteCount"":0,""lastRejectStatus"":255,""lastRejectGain"":0,""lastRejectSaturated"":false},""recovery"":{""wifiReconnectCount"":0,""wifiReconnectFailCount"":0,""mqttReconnectCount"":0,""mqttConnectFailCount"":0,""lastMqttState"":0,""adsRecoveryCount"":0,""adsRecoveryFailCount"":0,""adsReadFailStreak"":0,""lastReason"":""none"",""lastRecoveryMs"":0,""bootRecoveryArmed"":false,""bootRecoveryDueMs"":0,""bootRecoveryReason"":""none"",""bootRecoveryNonAdsFailure"":false,""bootRecoveryRestartCount"":0},""nulling"":{""done"":false,""retryArmed"":false,""attemptCount"":0,""nextRetryMs"":0,""thresholdV"":9.999999747E-06,""minFinalV"":0},""telemetry"":{""valid"":true,""sampleMs"":6475078,""gasClass"":6,""gasName"":""CO2"",""confidence"":0,""alarm"":false,""sensorVoltage"":[0.1012123,0.003912841,0.005031733,-0.00263022,-0.009132957,-0.011754109,-0.019533446,-0.025886759],""sensorGain"":[32,64,64,64,64,64,64,64],""sensorStatus"":[0,0,0,0,0,0,0,0],""featureOrder"":[""MQ8"",""MQ135"",""MQ3"",""MQ5"",""MQ4"",""MQ7"",""MQ6"",""MQ2""]},""alarmLatched"":false}"
2026-08-04 11:08:59.793 +07:00,98.674,HOT_SWEEP_70,70,700,300,1,0,0.10091456,0.003953367,0.005068121,-0.002699319,-0.009111512,-0.011778133,-0.019533968,-0.025877807,"{""deviceId"":""1001"",""nodeId"":4097,""targetChId"":""0010"",""mode"":""inference"",""uptimeMs"":6476138,""debugEnabled"":true,""power"":{""mode"":""24v"",""externalPower"":true,""batteryMv"":65535,""batteryValid"":false,""batteryDetected"":false,""batterySenseStatus"":""not_detected"",""batteryLow"":false,""batteryCritical"":false,""sourceAmbiguous"":false,""serviceHoldActive"":false,""serviceHoldEffective"":false},""batterySession"":{""state"":""inactive"",""startedMs"":0,""stateStartedMs"":0,""validSampleBatches"":0,""requiredSampleBatches"":10,""alarmTxAttempts"":0,""alarmTxAttemptLimit"":3,""alarmAckReceived"":false,""pendingAlarm"":false,""pendingSaveRequired"":false,""persistenceFaultHold"":false,""completionReason"":""session_done""},""bootHealth"":{""adsReady"":true,""adsDrdyLevel"":0,""adsDrdyPulldownLevel"":0,""adsDrdyPullupLevel"":0,""adsMisoPulldownLevel"":0,""adsMisoPullupLevel"":1,""adsCsLevel"":1,""adsSyncLevel"":1,""adsStatus"":54,""adsMux"":15,""adsAdcon"":6,""adsDrate"":240,""adsReason"":""ok"",""tcaOk"":true,""mcpOkCount"":8,""mcpOk"":[true,true,true,true,true,true,true,true],""mcpAddrMask"":[1,1,1,1,1,1,1,1],""mcpControlTested"":true,""mcpControlOkCount"":8,""mcpControlOk"":[true,true,true,true,true,true,true,true],""dacReady"":true,""radioReady"":true,""mlReady"":true,""nullingProfileApplied"":true,""modelProfileReady"":false},""runtimeMcpCode"":[255,519,795,706,799,865,665,139],""model"":{""profileId"":""cnn-dualbranch-datasheet-v1-unbound"",""scalerProfileId"":""cnn-dualbranch-datasheet-v1-unbound"",""productionApproved"":true,""boundNullingProfileId"":8,""activeNullingProfileId"":9,""bindingValid"":true,""bindingModelMatches"":true,""profileReady"":false,""inferenceValid"":false,""sensorFault"":true},""lora"":{""beginState"":0,""lastTxState"":0,""lastTxOk"":false,""txSeq"":0,""txCounter"":0,""aesKeyProvisioned"":true,""aesKeyPresent"":true,""aesKeySource"":""nvs"",""keyId"":1,""lastDownlinkCommandId"":0,""freqMHz"":920,""bwKHz"":125,""sf"":7,""cr"":5,""syncWord"":18,""txPowerDbm"":17,""preamble"":8,""tcxoVoltage"":1.600000024,""xtalVoltage"":0},""dataset"":{""state"":""idle"",""step"":""idle"",""label"":"""",""seq"":0,""targetSamples"":0,""sampleIntervalMs"":500,""maxDurationMs"":0,""useFanIntake"":true,""fanOnMs"":1000,""postFanSettleMs"":0,""nullingProfileId"":9,""queuePending"":0,""queueCapacity"":16,""queueEnqueued"":0,""queueDropped"":0,""publishFailCount"":0,""retryCount"":0,""retryFailCount"":0,""rejectedSamples"":0,""lastRejectReason"":""none"",""lastRejectChannel"":-1,""lastRejectOkFiniteCount"":0,""lastRejectStatus"":255,""lastRejectGain"":0,""lastRejectSaturated"":false},""recovery"":{""wifiReconnectCount"":0,""wifiReconnectFailCount"":0,""mqttReconnectCount"":0,""mqttConnectFailCount"":0,""lastMqttState"":0,""adsRecoveryCount"":0,""adsRecoveryFailCount"":0,""adsReadFailStreak"":0,""lastReason"":""none"",""lastRecoveryMs"":0,""bootRecoveryArmed"":false,""bootRecoveryDueMs"":0,""bootRecoveryReason"":""none"",""bootRecoveryNonAdsFailure"":false,""bootRecoveryRestartCount"":0},""nulling"":{""done"":false,""retryArmed"":false,""attemptCount"":0,""nextRetryMs"":0,""thresholdV"":9.999999747E-06,""minFinalV"":0},""telemetry"":{""valid"":true,""sampleMs"":6475738,""gasClass"":6,""gasName"":""CO2"",""confidence"":0,""alarm"":false,""sensorVoltage"":[0.10091456,0.003953367,0.005068121,-0.002699319,-0.009111512,-0.011778133,-0.019533968,-0.025877807],""sensorGain"":[32,64,64,64,64,64,64,64],""sensorStatus"":[0,0,0,0,0,0,0,0],""featureOrder"":[""MQ8"",""MQ135"",""MQ3"",""MQ5"",""MQ4"",""MQ7"",""MQ6"",""MQ2""]},""alarmLatched"":false}"
2026-08-04 11:09:00.481 +07:00,99.362,HOT_SWEEP_70,70,700,300,1,0,0.100559138,0.003937445,0.005044953,-0.002692973,-0.009088433,-0.011749363,-0.019573513,-0.025864949,"{""deviceId"":""1001"",""nodeId"":4097,""targetChId"":""0010"",""mode"":""inference"",""uptimeMs"":6476824,""debugEnabled"":true,""power"":{""mode"":""24v"",""externalPower"":true,""batteryMv"":65535,""batteryValid"":false,""batteryDetected"":false,""batterySenseStatus"":""not_detected"",""batteryLow"":false,""batteryCritical"":false,""sourceAmbiguous"":false,""serviceHoldActive"":false,""serviceHoldEffective"":false},""batterySession"":{""state"":""inactive"",""startedMs"":0,""stateStartedMs"":0,""validSampleBatches"":0,""requiredSampleBatches"":10,""alarmTxAttempts"":0,""alarmTxAttemptLimit"":3,""alarmAckReceived"":false,""pendingAlarm"":false,""pendingSaveRequired"":false,""persistenceFaultHold"":false,""completionReason"":""session_done""},""bootHealth"":{""adsReady"":true,""adsDrdyLevel"":0,""adsDrdyPulldownLevel"":0,""adsDrdyPullupLevel"":0,""adsMisoPulldownLevel"":0,""adsMisoPullupLevel"":1,""adsCsLevel"":1,""adsSyncLevel"":1,""adsStatus"":54,""adsMux"":15,""adsAdcon"":6,""adsDrate"":240,""adsReason"":""ok"",""tcaOk"":true,""mcpOkCount"":8,""mcpOk"":[true,true,true,true,true,true,true,true],""mcpAddrMask"":[1,1,1,1,1,1,1,1],""mcpControlTested"":true,""mcpControlOkCount"":8,""mcpControlOk"":[true,true,true,true,true,true,true,true],""dacReady"":true,""radioReady"":true,""mlReady"":true,""nullingProfileApplied"":true,""modelProfileReady"":false},""runtimeMcpCode"":[255,519,795,706,799,865,665,139],""model"":{""profileId"":""cnn-dualbranch-datasheet-v1-unbound"",""scalerProfileId"":""cnn-dualbranch-datasheet-v1-unbound"",""productionApproved"":true,""boundNullingProfileId"":8,""activeNullingProfileId"":9,""bindingValid"":true,""bindingModelMatches"":true,""profileReady"":false,""inferenceValid"":false,""sensorFault"":true},""lora"":{""beginState"":0,""lastTxState"":0,""lastTxOk"":false,""txSeq"":0,""txCounter"":0,""aesKeyProvisioned"":true,""aesKeyPresent"":true,""aesKeySource"":""nvs"",""keyId"":1,""lastDownlinkCommandId"":0,""freqMHz"":920,""bwKHz"":125,""sf"":7,""cr"":5,""syncWord"":18,""txPowerDbm"":17,""preamble"":8,""tcxoVoltage"":1.600000024,""xtalVoltage"":0},""dataset"":{""state"":""idle"",""step"":""idle"",""label"":"""",""seq"":0,""targetSamples"":0,""sampleIntervalMs"":500,""maxDurationMs"":0,""useFanIntake"":true,""fanOnMs"":1000,""postFanSettleMs"":0,""nullingProfileId"":9,""queuePending"":0,""queueCapacity"":16,""queueEnqueued"":0,""queueDropped"":0,""publishFailCount"":0,""retryCount"":0,""retryFailCount"":0,""rejectedSamples"":0,""lastRejectReason"":""none"",""lastRejectChannel"":-1,""lastRejectOkFiniteCount"":0,""lastRejectStatus"":255,""lastRejectGain"":0,""lastRejectSaturated"":false},""recovery"":{""wifiReconnectCount"":0,""wifiReconnectFailCount"":0,""mqttReconnectCount"":0,""mqttConnectFailCount"":0,""lastMqttState"":0,""adsRecoveryCount"":0,""adsRecoveryFailCount"":0,""adsReadFailStreak"":0,""lastReason"":""none"",""lastRecoveryMs"":0,""bootRecoveryArmed"":false,""bootRecoveryDueMs"":0,""bootRecoveryReason"":""none"",""bootRecoveryNonAdsFailure"":false,""bootRecoveryRestartCount"":0},""nulling"":{""done"":false,""retryArmed"":false,""attemptCount"":0,""nextRetryMs"":0,""thresholdV"":9.999999747E-06,""minFinalV"":0},""telemetry"":{""valid"":true,""sampleMs"":6476416,""gasClass"":6,""gasName"":""CO2"",""confidence"":0,""alarm"":false,""sensorVoltage"":[0.100559138,0.003937445,0.005044953,-0.002692973,-0.009088433,-0.011749363,-0.019573513,-0.025864949],""sensorGain"":[32,64,64,64,64,64,64,64],""sensorStatus"":[0,0,0,0,0,0,0,0],""featureOrder"":[""MQ8"",""MQ135"",""MQ3"",""MQ5"",""MQ4"",""MQ7"",""MQ6"",""MQ2""]},""alarmLatched"":false}"
2026-08-04 11:09:01.163 +07:00,100.042,HOT_SWEEP_70,70,700,300,1,0,0.101015314,0.003888778,0.005028005,-0.002721317,-0.009089348,-0.011768451,-0.019508481,-0.025861591,"{""deviceId"":""1001"",""nodeId"":4097,""targetChId"":""0010"",""mode"":""inference"",""uptimeMs"":6477505,""debugEnabled"":true,""power"":{""mode"":""24v"",""externalPower"":true,""batteryMv"":65535,""batteryValid"":false,""batteryDetected"":false,""batterySenseStatus"":""not_detected"",""batteryLow"":false,""batteryCritical"":false,""sourceAmbiguous"":false,""serviceHoldActive"":false,""serviceHoldEffective"":false},""batterySession"":{""state"":""inactive"",""startedMs"":0,""stateStartedMs"":0,""validSampleBatches"":0,""requiredSampleBatches"":10,""alarmTxAttempts"":0,""alarmTxAttemptLimit"":3,""alarmAckReceived"":false,""pendingAlarm"":false,""pendingSaveRequired"":false,""persistenceFaultHold"":false,""completionReason"":""session_done""},""bootHealth"":{""adsReady"":true,""adsDrdyLevel"":0,""adsDrdyPulldownLevel"":0,""adsDrdyPullupLevel"":0,""adsMisoPulldownLevel"":0,""adsMisoPullupLevel"":1,""adsCsLevel"":1,""adsSyncLevel"":1,""adsStatus"":54,""adsMux"":15,""adsAdcon"":6,""adsDrate"":240,""adsReason"":""ok"",""tcaOk"":true,""mcpOkCount"":8,""mcpOk"":[true,true,true,true,true,true,true,true],""mcpAddrMask"":[1,1,1,1,1,1,1,1],""mcpControlTested"":true,""mcpControlOkCount"":8,""mcpControlOk"":[true,true,true,true,true,true,true,true],""dacReady"":true,""radioReady"":true,""mlReady"":true,""nullingProfileApplied"":true,""modelProfileReady"":false},""runtimeMcpCode"":[255,519,795,706,799,865,665,139],""model"":{""profileId"":""cnn-dualbranch-datasheet-v1-unbound"",""scalerProfileId"":""cnn-dualbranch-datasheet-v1-unbound"",""productionApproved"":true,""boundNullingProfileId"":8,""activeNullingProfileId"":9,""bindingValid"":true,""bindingModelMatches"":true,""profileReady"":false,""inferenceValid"":false,""sensorFault"":true},""lora"":{""beginState"":0,""lastTxState"":0,""lastTxOk"":false,""txSeq"":0,""txCounter"":0,""aesKeyProvisioned"":true,""aesKeyPresent"":true,""aesKeySource"":""nvs"",""keyId"":1,""lastDownlinkCommandId"":0,""freqMHz"":920,""bwKHz"":125,""sf"":7,""cr"":5,""syncWord"":18,""txPowerDbm"":17,""preamble"":8,""tcxoVoltage"":1.600000024,""xtalVoltage"":0},""dataset"":{""state"":""idle"",""step"":""idle"",""label"":"""",""seq"":0,""targetSamples"":0,""sampleIntervalMs"":500,""maxDurationMs"":0,""useFanIntake"":true,""fanOnMs"":1000,""postFanSettleMs"":0,""nullingProfileId"":9,""queuePending"":0,""queueCapacity"":16,""queueEnqueued"":0,""queueDropped"":0,""publishFailCount"":0,""retryCount"":0,""retryFailCount"":0,""rejectedSamples"":0,""lastRejectReason"":""none"",""lastRejectChannel"":-1,""lastRejectOkFiniteCount"":0,""lastRejectStatus"":255,""lastRejectGain"":0,""lastRejectSaturated"":false},""recovery"":{""wifiReconnectCount"":0,""wifiReconnectFailCount"":0,""mqttReconnectCount"":0,""mqttConnectFailCount"":0,""lastMqttState"":0,""adsRecoveryCount"":0,""adsRecoveryFailCount"":0,""adsReadFailStreak"":0,""lastReason"":""none"",""lastRecoveryMs"":0,""bootRecoveryArmed"":false,""bootRecoveryDueMs"":0,""bootRecoveryReason"":""none"",""bootRecoveryNonAdsFailure"":false,""bootRecoveryRestartCount"":0},""nulling"":{""done"":false,""retryArmed"":false,""attemptCount"":0,""nextRetryMs"":0,""thresholdV"":9.999999747E-06,""minFinalV"":0},""telemetry"":{""valid"":true,""sampleMs"":6477139,""gasClass"":6,""gasName"":""CO2"",""confidence"":0,""alarm"":false,""sensorVoltage"":[0.101015314,0.003888778,0.005028005,-0.002721317,-0.009089348,-0.011768451,-0.019508481,-0.025861591],""sensorGain"":[32,64,64,64,64,64,64,64],""sensorStatus"":[0,0,0,0,0,0,0,0],""featureOrder"":[""MQ8"",""MQ135"",""MQ3"",""MQ5"",""MQ4"",""MQ7"",""MQ6"",""MQ2""]},""alarmLatched"":false}"
2026-08-04 11:09:01.850 +07:00,100.728,HOT_SWEEP_70,70,700,300,1,0,0.10107813,0.003919922,0.005054802,-0.002692944,-0.008968324,-0.011765091,-0.019490173,-0.025403297,"{""deviceId"":""1001"",""nodeId"":4097,""targetChId"":""0010"",""mode"":""inference"",""uptimeMs"":6478191,""debugEnabled"":true,""power"":{""mode"":""24v"",""externalPower"":true,""batteryMv"":65535,""batteryValid"":false,""batteryDetected"":false,""batterySenseStatus"":""not_detected"",""batteryLow"":false,""batteryCritical"":false,""sourceAmbiguous"":false,""serviceHoldActive"":false,""serviceHoldEffective"":false},""batterySession"":{""state"":""inactive"",""startedMs"":0,""stateStartedMs"":0,""validSampleBatches"":0,""requiredSampleBatches"":10,""alarmTxAttempts"":0,""alarmTxAttemptLimit"":3,""alarmAckReceived"":false,""pendingAlarm"":false,""pendingSaveRequired"":false,""persistenceFaultHold"":false,""completionReason"":""session_done""},""bootHealth"":{""adsReady"":true,""adsDrdyLevel"":0,""adsDrdyPulldownLevel"":0,""adsDrdyPullupLevel"":0,""adsMisoPulldownLevel"":0,""adsMisoPullupLevel"":1,""adsCsLevel"":1,""adsSyncLevel"":1,""adsStatus"":54,""adsMux"":15,""adsAdcon"":6,""adsDrate"":240,""adsReason"":""ok"",""tcaOk"":true,""mcpOkCount"":8,""mcpOk"":[true,true,true,true,true,true,true,true],""mcpAddrMask"":[1,1,1,1,1,1,1,1],""mcpControlTested"":true,""mcpControlOkCount"":8,""mcpControlOk"":[true,true,true,true,true,true,true,true],""dacReady"":true,""radioReady"":true,""mlReady"":true,""nullingProfileApplied"":true,""modelProfileReady"":false},""runtimeMcpCode"":[255,519,795,706,799,865,665,139],""model"":{""profileId"":""cnn-dualbranch-datasheet-v1-unbound"",""scalerProfileId"":""cnn-dualbranch-datasheet-v1-unbound"",""productionApproved"":true,""boundNullingProfileId"":8,""activeNullingProfileId"":9,""bindingValid"":true,""bindingModelMatches"":true,""profileReady"":false,""inferenceValid"":false,""sensorFault"":true},""lora"":{""beginState"":0,""lastTxState"":0,""lastTxOk"":false,""txSeq"":0,""txCounter"":0,""aesKeyProvisioned"":true,""aesKeyPresent"":true,""aesKeySource"":""nvs"",""keyId"":1,""lastDownlinkCommandId"":0,""freqMHz"":920,""bwKHz"":125,""sf"":7,""cr"":5,""syncWord"":18,""txPowerDbm"":17,""preamble"":8,""tcxoVoltage"":1.600000024,""xtalVoltage"":0},""dataset"":{""state"":""idle"",""step"":""idle"",""label"":"""",""seq"":0,""targetSamples"":0,""sampleIntervalMs"":500,""maxDurationMs"":0,""useFanIntake"":true,""fanOnMs"":1000,""postFanSettleMs"":0,""nullingProfileId"":9,""queuePending"":0,""queueCapacity"":16,""queueEnqueued"":0,""queueDropped"":0,""publishFailCount"":0,""retryCount"":0,""retryFailCount"":0,""rejectedSamples"":0,""lastRejectReason"":""none"",""lastRejectChannel"":-1,""lastRejectOkFiniteCount"":0,""lastRejectStatus"":255,""lastRejectGain"":0,""lastRejectSaturated"":false},""recovery"":{""wifiReconnectCount"":0,""wifiReconnectFailCount"":0,""mqttReconnectCount"":0,""mqttConnectFailCount"":0,""lastMqttState"":0,""adsRecoveryCount"":0,""adsRecoveryFailCount"":0,""adsReadFailStreak"":0,""lastReason"":""none"",""lastRecoveryMs"":0,""bootRecoveryArmed"":false,""bootRecoveryDueMs"":0,""bootRecoveryReason"":""none"",""bootRecoveryNonAdsFailure"":false,""bootRecoveryRestartCount"":0},""nulling"":{""done"":false,""retryArmed"":false,""attemptCount"":0,""nextRetryMs"":0,""thresholdV"":9.999999747E-06,""minFinalV"":0},""telemetry"":{""valid"":true,""sampleMs"":6477783,""gasClass"":6,""gasName"":""CO2"",""confidence"":0,""alarm"":false,""sensorVoltage"":[0.10107813,0.003919922,0.005054802,-0.002692944,-0.008968324,-0.011765091,-0.019490173,-0.025403297],""sensorGain"":[32,64,64,64,64,64,64,64],""sensorStatus"":[0,0,0,0,0,0,0,0],""featureOrder"":[""MQ8"",""MQ135"",""MQ3"",""MQ5"",""MQ4"",""MQ7"",""MQ6"",""MQ2""]},""alarmLatched"":false}"
2026-08-04 11:09:02.540 +07:00,101.419,HOT_SWEEP_70,70,700,300,1,0,0.100563094,0.003935756,0.005000524,-0.002699469,-0.008981766,-0.011751112,-0.019411223,-0.025327995,"{""deviceId"":""1001"",""nodeId"":4097,""targetChId"":""0010"",""mode"":""inference"",""uptimeMs"":6478882,""debugEnabled"":true,""power"":{""mode"":""24v"",""externalPower"":true,""batteryMv"":65535,""batteryValid"":false,""batteryDetected"":false,""batterySenseStatus"":""not_detected"",""batteryLow"":false,""batteryCritical"":false,""sourceAmbiguous"":false,""serviceHoldActive"":false,""serviceHoldEffective"":false},""batterySession"":{""state"":""inactive"",""startedMs"":0,""stateStartedMs"":0,""validSampleBatches"":0,""requiredSampleBatches"":10,""alarmTxAttempts"":0,""alarmTxAttemptLimit"":3,""alarmAckReceived"":false,""pendingAlarm"":false,""pendingSaveRequired"":false,""persistenceFaultHold"":false,""completionReason"":""session_done""},""bootHealth"":{""adsReady"":true,""adsDrdyLevel"":0,""adsDrdyPulldownLevel"":0,""adsDrdyPullupLevel"":0,""adsMisoPulldownLevel"":0,""adsMisoPullupLevel"":1,""adsCsLevel"":1,""adsSyncLevel"":1,""adsStatus"":54,""adsMux"":15,""adsAdcon"":6,""adsDrate"":240,""adsReason"":""ok"",""tcaOk"":true,""mcpOkCount"":8,""mcpOk"":[true,true,true,true,true,true,true,true],""mcpAddrMask"":[1,1,1,1,1,1,1,1],""mcpControlTested"":true,""mcpControlOkCount"":8,""mcpControlOk"":[true,true,true,true,true,true,true,true],""dacReady"":true,""radioReady"":true,""mlReady"":true,""nullingProfileApplied"":true,""modelProfileReady"":false},""runtimeMcpCode"":[255,519,795,706,799,865,665,139],""model"":{""profileId"":""cnn-dualbranch-datasheet-v1-unbound"",""scalerProfileId"":""cnn-dualbranch-datasheet-v1-unbound"",""productionApproved"":true,""boundNullingProfileId"":8,""activeNullingProfileId"":9,""bindingValid"":true,""bindingModelMatches"":true,""profileReady"":false,""inferenceValid"":false,""sensorFault"":true},""lora"":{""beginState"":0,""lastTxState"":0,""lastTxOk"":false,""txSeq"":0,""txCounter"":0,""aesKeyProvisioned"":true,""aesKeyPresent"":true,""aesKeySource"":""nvs"",""keyId"":1,""lastDownlinkCommandId"":0,""freqMHz"":920,""bwKHz"":125,""sf"":7,""cr"":5,""syncWord"":18,""txPowerDbm"":17,""preamble"":8,""tcxoVoltage"":1.600000024,""xtalVoltage"":0},""dataset"":{""state"":""idle"",""step"":""idle"",""label"":"""",""seq"":0,""targetSamples"":0,""sampleIntervalMs"":500,""maxDurationMs"":0,""useFanIntake"":true,""fanOnMs"":1000,""postFanSettleMs"":0,""nullingProfileId"":9,""queuePending"":0,""queueCapacity"":16,""queueEnqueued"":0,""queueDropped"":0,""publishFailCount"":0,""retryCount"":0,""retryFailCount"":0,""rejectedSamples"":0,""lastRejectReason"":""none"",""lastRejectChannel"":-1,""lastRejectOkFiniteCount"":0,""lastRejectStatus"":255,""lastRejectGain"":0,""lastRejectSaturated"":false},""recovery"":{""wifiReconnectCount"":0,""wifiReconnectFailCount"":0,""mqttReconnectCount"":0,""mqttConnectFailCount"":0,""lastMqttState"":0,""adsRecoveryCount"":0,""adsRecoveryFailCount"":0,""adsReadFailStreak"":0,""lastReason"":""none"",""lastRecoveryMs"":0,""bootRecoveryArmed"":false,""bootRecoveryDueMs"":0,""bootRecoveryReason"":""none"",""bootRecoveryNonAdsFailure"":false,""bootRecoveryRestartCount"":0},""nulling"":{""done"":false,""retryArmed"":false,""attemptCount"":0,""nextRetryMs"":0,""thresholdV"":9.999999747E-06,""minFinalV"":0},""telemetry"":{""valid"":true,""sampleMs"":6478469,""gasClass"":6,""gasName"":""CO2"",""confidence"":0,""alarm"":false,""sensorVoltage"":[0.100563094,0.003935756,0.005000524,-0.002699469,-0.008981766,-0.011751112,-0.019411223,-0.025327995],""sensorGain"":[32,64,64,64,64,64,64,64],""sensorStatus"":[0,0,0,0,0,0,0,0],""featureOrder"":[""MQ8"",""MQ135"",""MQ3"",""MQ5"",""MQ4"",""MQ7"",""MQ6"",""MQ2""]},""alarmLatched"":false}"
2026-08-04 11:09:03.218 +07:00,102.097,HOT_SWEEP_70,70,700,300,1,0,0.100617945,0.003892496,0.00494724,-0.002682007,-0.009034467,-0.011768172,-0.019399863,-0.025335276,"{""deviceId"":""1001"",""nodeId"":4097,""targetChId"":""0010"",""mode"":""inference"",""uptimeMs"":6479560,""debugEnabled"":true,""power"":{""mode"":""24v"",""externalPower"":true,""batteryMv"":65535,""batteryValid"":false,""batteryDetected"":false,""batterySenseStatus"":""not_detected"",""batteryLow"":false,""batteryCritical"":false,""sourceAmbiguous"":false,""serviceHoldActive"":false,""serviceHoldEffective"":false},""batterySession"":{""state"":""inactive"",""startedMs"":0,""stateStartedMs"":0,""validSampleBatches"":0,""requiredSampleBatches"":10,""alarmTxAttempts"":0,""alarmTxAttemptLimit"":3,""alarmAckReceived"":false,""pendingAlarm"":false,""pendingSaveRequired"":false,""persistenceFaultHold"":false,""completionReason"":""session_done""},""bootHealth"":{""adsReady"":true,""adsDrdyLevel"":0,""adsDrdyPulldownLevel"":0,""adsDrdyPullupLevel"":0,""adsMisoPulldownLevel"":0,""adsMisoPullupLevel"":1,""adsCsLevel"":1,""adsSyncLevel"":1,""adsStatus"":54,""adsMux"":15,""adsAdcon"":6,""adsDrate"":240,""adsReason"":""ok"",""tcaOk"":true,""mcpOkCount"":8,""mcpOk"":[true,true,true,true,true,true,true,true],""mcpAddrMask"":[1,1,1,1,1,1,1,1],""mcpControlTested"":true,""mcpControlOkCount"":8,""mcpControlOk"":[true,true,true,true,true,true,true,true],""dacReady"":true,""radioReady"":true,""mlReady"":true,""nullingProfileApplied"":true,""modelProfileReady"":false},""runtimeMcpCode"":[255,519,795,706,799,865,665,139],""model"":{""profileId"":""cnn-dualbranch-datasheet-v1-unbound"",""scalerProfileId"":""cnn-dualbranch-datasheet-v1-unbound"",""productionApproved"":true,""boundNullingProfileId"":8,""activeNullingProfileId"":9,""bindingValid"":true,""bindingModelMatches"":true,""profileReady"":false,""inferenceValid"":false,""sensorFault"":true},""lora"":{""beginState"":0,""lastTxState"":0,""lastTxOk"":false,""txSeq"":0,""txCounter"":0,""aesKeyProvisioned"":true,""aesKeyPresent"":true,""aesKeySource"":""nvs"",""keyId"":1,""lastDownlinkCommandId"":0,""freqMHz"":920,""bwKHz"":125,""sf"":7,""cr"":5,""syncWord"":18,""txPowerDbm"":17,""preamble"":8,""tcxoVoltage"":1.600000024,""xtalVoltage"":0},""dataset"":{""state"":""idle"",""step"":""idle"",""label"":"""",""seq"":0,""targetSamples"":0,""sampleIntervalMs"":500,""maxDurationMs"":0,""useFanIntake"":true,""fanOnMs"":1000,""postFanSettleMs"":0,""nullingProfileId"":9,""queuePending"":0,""queueCapacity"":16,""queueEnqueued"":0,""queueDropped"":0,""publishFailCount"":0,""retryCount"":0,""retryFailCount"":0,""rejectedSamples"":0,""lastRejectReason"":""none"",""lastRejectChannel"":-1,""lastRejectOkFiniteCount"":0,""lastRejectStatus"":255,""lastRejectGain"":0,""lastRejectSaturated"":false},""recovery"":{""wifiReconnectCount"":0,""wifiReconnectFailCount"":0,""mqttReconnectCount"":0,""mqttConnectFailCount"":0,""lastMqttState"":0,""adsRecoveryCount"":0,""adsRecoveryFailCount"":0,""adsReadFailStreak"":0,""lastReason"":""none"",""lastRecoveryMs"":0,""bootRecoveryArmed"":false,""bootRecoveryDueMs"":0,""bootRecoveryReason"":""none"",""bootRecoveryNonAdsFailure"":false,""bootRecoveryRestartCount"":0},""nulling"":{""done"":false,""retryArmed"":false,""attemptCount"":0,""nextRetryMs"":0,""thresholdV"":9.999999747E-06,""minFinalV"":0},""telemetry"":{""valid"":true,""sampleMs"":6479192,""gasClass"":6,""gasName"":""CO2"",""confidence"":0,""alarm"":false,""sensorVoltage"":[0.100617945,0.003892496,0.00494724,-0.002682007,-0.009034467,-0.011768172,-0.019399863,-0.025335276],""sensorGain"":[32,64,64,64,64,64,64,64],""sensorStatus"":[0,0,0,0,0,0,0,0],""featureOrder"":[""MQ8"",""MQ135"",""MQ3"",""MQ5"",""MQ4"",""MQ7"",""MQ6"",""MQ2""]},""alarmLatched"":false}"
2026-08-04 11:09:03.935 +07:00,102.806,HOT_SWEEP_70,70,700,300,1,0,0.101364151,0.003919471,0.004928149,-0.00257558,-0.008970569,-0.011529246,-0.01906394,-0.024789847,"{""deviceId"":""1001"",""nodeId"":4097,""targetChId"":""0010"",""mode"":""inference"",""uptimeMs"":6480277,""debugEnabled"":true,""power"":{""mode"":""24v"",""externalPower"":true,""batteryMv"":65535,""batteryValid"":false,""batteryDetected"":false,""batterySenseStatus"":""not_detected"",""batteryLow"":false,""batteryCritical"":false,""sourceAmbiguous"":false,""serviceHoldActive"":false,""serviceHoldEffective"":false},""batterySession"":{""state"":""inactive"",""startedMs"":0,""stateStartedMs"":0,""validSampleBatches"":0,""requiredSampleBatches"":10,""alarmTxAttempts"":0,""alarmTxAttemptLimit"":3,""alarmAckReceived"":false,""pendingAlarm"":false,""pendingSaveRequired"":false,""persistenceFaultHold"":false,""completionReason"":""session_done""},""bootHealth"":{""adsReady"":true,""adsDrdyLevel"":0,""adsDrdyPulldownLevel"":0,""adsDrdyPullupLevel"":0,""adsMisoPulldownLevel"":0,""adsMisoPullupLevel"":1,""adsCsLevel"":1,""adsSyncLevel"":1,""adsStatus"":54,""adsMux"":15,""adsAdcon"":6,""adsDrate"":240,""adsReason"":""ok"",""tcaOk"":true,""mcpOkCount"":8,""mcpOk"":[true,true,true,true,true,true,true,true],""mcpAddrMask"":[1,1,1,1,1,1,1,1],""mcpControlTested"":true,""mcpControlOkCount"":8,""mcpControlOk"":[true,true,true,true,true,true,true,true],""dacReady"":true,""radioReady"":true,""mlReady"":true,""nullingProfileApplied"":true,""modelProfileReady"":false},""runtimeMcpCode"":[255,519,795,706,799,865,665,139],""model"":{""profileId"":""cnn-dualbranch-datasheet-v1-unbound"",""scalerProfileId"":""cnn-dualbranch-datasheet-v1-unbound"",""productionApproved"":true,""boundNullingProfileId"":8,""activeNullingProfileId"":9,""bindingValid"":true,""bindingModelMatches"":true,""profileReady"":false,""inferenceValid"":false,""sensorFault"":true},""lora"":{""beginState"":0,""lastTxState"":0,""lastTxOk"":false,""txSeq"":0,""txCounter"":0,""aesKeyProvisioned"":true,""aesKeyPresent"":true,""aesKeySource"":""nvs"",""keyId"":1,""lastDownlinkCommandId"":0,""freqMHz"":920,""bwKHz"":125,""sf"":7,""cr"":5,""syncWord"":18,""txPowerDbm"":17,""preamble"":8,""tcxoVoltage"":1.600000024,""xtalVoltage"":0},""dataset"":{""state"":""idle"",""step"":""idle"",""label"":"""",""seq"":0,""targetSamples"":0,""sampleIntervalMs"":500,""maxDurationMs"":0,""useFanIntake"":true,""fanOnMs"":1000,""postFanSettleMs"":0,""nullingProfileId"":9,""queuePending"":0,""queueCapacity"":16,""queueEnqueued"":0,""queueDropped"":0,""publishFailCount"":0,""retryCount"":0,""retryFailCount"":0,""rejectedSamples"":0,""lastRejectReason"":""none"",""lastRejectChannel"":-1,""lastRejectOkFiniteCount"":0,""lastRejectStatus"":255,""lastRejectGain"":0,""lastRejectSaturated"":false},""recovery"":{""wifiReconnectCount"":0,""wifiReconnectFailCount"":0,""mqttReconnectCount"":0,""mqttConnectFailCount"":0,""lastMqttState"":0,""adsRecoveryCount"":0,""adsRecoveryFailCount"":0,""adsReadFailStreak"":0,""lastReason"":""none"",""lastRecoveryMs"":0,""bootRecoveryArmed"":false,""bootRecoveryDueMs"":0,""bootRecoveryReason"":""none"",""bootRecoveryNonAdsFailure"":false,""bootRecoveryRestartCount"":0},""nulling"":{""done"":false,""retryArmed"":false,""attemptCount"":0,""nextRetryMs"":0,""thresholdV"":9.999999747E-06,""minFinalV"":0},""telemetry"":{""valid"":true,""sampleMs"":6479838,""gasClass"":6,""gasName"":""CO2"",""confidence"":0,""alarm"":false,""sensorVoltage"":[0.101364151,0.003919471,0.004928149,-0.00257558,-0.008970569,-0.011529246,-0.01906394,-0.024789847],""sensorGain"":[32,64,64,64,64,64,64,64],""sensorStatus"":[0,0,0,0,0,0,0,0],""featureOrder"":[""MQ8"",""MQ135"",""MQ3"",""MQ5"",""MQ4"",""MQ7"",""MQ6"",""MQ2""]},""alarmLatched"":false}"
2026-08-04 11:09:04.636 +07:00,103.514,HOT_SWEEP_70,70,700,300,1,0,0.101135269,0.003945313,0.00490683,-0.002570629,-0.00894695,-0.011523264,-0.019515928,-0.025202617,"{""deviceId"":""1001"",""nodeId"":4097,""targetChId"":""0010"",""mode"":""inference"",""uptimeMs"":6480979,""debugEnabled"":true,""power"":{""mode"":""24v"",""externalPower"":true,""batteryMv"":65535,""batteryValid"":false,""batteryDetected"":false,""batterySenseStatus"":""not_detected"",""batteryLow"":false,""batteryCritical"":false,""sourceAmbiguous"":false,""serviceHoldActive"":false,""serviceHoldEffective"":false},""batterySession"":{""state"":""inactive"",""startedMs"":0,""stateStartedMs"":0,""validSampleBatches"":0,""requiredSampleBatches"":10,""alarmTxAttempts"":0,""alarmTxAttemptLimit"":3,""alarmAckReceived"":false,""pendingAlarm"":false,""pendingSaveRequired"":false,""persistenceFaultHold"":false,""completionReason"":""session_done""},""bootHealth"":{""adsReady"":true,""adsDrdyLevel"":0,""adsDrdyPulldownLevel"":0,""adsDrdyPullupLevel"":0,""adsMisoPulldownLevel"":0,""adsMisoPullupLevel"":1,""adsCsLevel"":1,""adsSyncLevel"":1,""adsStatus"":54,""adsMux"":15,""adsAdcon"":6,""adsDrate"":240,""adsReason"":""ok"",""tcaOk"":true,""mcpOkCount"":8,""mcpOk"":[true,true,true,true,true,true,true,true],""mcpAddrMask"":[1,1,1,1,1,1,1,1],""mcpControlTested"":true,""mcpControlOkCount"":8,""mcpControlOk"":[true,true,true,true,true,true,true,true],""dacReady"":true,""radioReady"":true,""mlReady"":true,""nullingProfileApplied"":true,""modelProfileReady"":false},""runtimeMcpCode"":[255,519,795,706,799,865,665,139],""model"":{""profileId"":""cnn-dualbranch-datasheet-v1-unbound"",""scalerProfileId"":""cnn-dualbranch-datasheet-v1-unbound"",""productionApproved"":true,""boundNullingProfileId"":8,""activeNullingProfileId"":9,""bindingValid"":true,""bindingModelMatches"":true,""profileReady"":false,""inferenceValid"":false,""sensorFault"":true},""lora"":{""beginState"":0,""lastTxState"":0,""lastTxOk"":false,""txSeq"":0,""txCounter"":0,""aesKeyProvisioned"":true,""aesKeyPresent"":true,""aesKeySource"":""nvs"",""keyId"":1,""lastDownlinkCommandId"":0,""freqMHz"":920,""bwKHz"":125,""sf"":7,""cr"":5,""syncWord"":18,""txPowerDbm"":17,""preamble"":8,""tcxoVoltage"":1.600000024,""xtalVoltage"":0},""dataset"":{""state"":""idle"",""step"":""idle"",""label"":"""",""seq"":0,""targetSamples"":0,""sampleIntervalMs"":500,""maxDurationMs"":0,""useFanIntake"":true,""fanOnMs"":1000,""postFanSettleMs"":0,""nullingProfileId"":9,""queuePending"":0,""queueCapacity"":16,""queueEnqueued"":0,""queueDropped"":0,""publishFailCount"":0,""retryCount"":0,""retryFailCount"":0,""rejectedSamples"":0,""lastRejectReason"":""none"",""lastRejectChannel"":-1,""lastRejectOkFiniteCount"":0,""lastRejectStatus"":255,""lastRejectGain"":0,""lastRejectSaturated"":false},""recovery"":{""wifiReconnectCount"":0,""wifiReconnectFailCount"":0,""mqttReconnectCount"":0,""mqttConnectFailCount"":0,""lastMqttState"":0,""adsRecoveryCount"":0,""adsRecoveryFailCount"":0,""adsReadFailStreak"":0,""lastReason"":""none"",""lastRecoveryMs"":0,""bootRecoveryArmed"":false,""bootRecoveryDueMs"":0,""bootRecoveryReason"":""none"",""bootRecoveryNonAdsFailure"":false,""bootRecoveryRestartCount"":0},""nulling"":{""done"":false,""retryArmed"":false,""attemptCount"":0,""nextRetryMs"":0,""thresholdV"":9.999999747E-06,""minFinalV"":0},""telemetry"":{""valid"":true,""sampleMs"":6480555,""gasClass"":6,""gasName"":""CO2"",""confidence"":0,""alarm"":false,""sensorVoltage"":[0.101135269,0.003945313,0.00490683,-0.002570629,-0.00894695,-0.011523264,-0.019515928,-0.025202617],""sensorGain"":[32,64,64,64,64,64,64,64],""sensorStatus"":[0,0,0,0,0,0,0,0],""featureOrder"":[""MQ8"",""MQ135"",""MQ3"",""MQ5"",""MQ4"",""MQ7"",""MQ6"",""MQ2""]},""alarmLatched"":false}"
2026-08-04 11:09:05.332 +07:00,104.202,HOT_SWEEP_70,70,700,300,1,0,0.101023793,0.003960775,0.004947743,-0.002557592,-0.009052822,-0.011528987,-0.019490212,-0.025198165,"{""deviceId"":""1001"",""nodeId"":4097,""targetChId"":""0010"",""mode"":""inference"",""uptimeMs"":6481675,""debugEnabled"":true,""power"":{""mode"":""24v"",""externalPower"":true,""batteryMv"":65535,""batteryValid"":false,""batteryDetected"":false,""batterySenseStatus"":""not_detected"",""batteryLow"":false,""batteryCritical"":false,""sourceAmbiguous"":false,""serviceHoldActive"":false,""serviceHoldEffective"":false},""batterySession"":{""state"":""inactive"",""startedMs"":0,""stateStartedMs"":0,""validSampleBatches"":0,""requiredSampleBatches"":10,""alarmTxAttempts"":0,""alarmTxAttemptLimit"":3,""alarmAckReceived"":false,""pendingAlarm"":false,""pendingSaveRequired"":false,""persistenceFaultHold"":false,""completionReason"":""session_done""},""bootHealth"":{""adsReady"":true,""adsDrdyLevel"":0,""adsDrdyPulldownLevel"":0,""adsDrdyPullupLevel"":0,""adsMisoPulldownLevel"":0,""adsMisoPullupLevel"":1,""adsCsLevel"":1,""adsSyncLevel"":1,""adsStatus"":54,""adsMux"":15,""adsAdcon"":6,""adsDrate"":240,""adsReason"":""ok"",""tcaOk"":true,""mcpOkCount"":8,""mcpOk"":[true,true,true,true,true,true,true,true],""mcpAddrMask"":[1,1,1,1,1,1,1,1],""mcpControlTested"":true,""mcpControlOkCount"":8,""mcpControlOk"":[true,true,true,true,true,true,true,true],""dacReady"":true,""radioReady"":true,""mlReady"":true,""nullingProfileApplied"":true,""modelProfileReady"":false},""runtimeMcpCode"":[255,519,795,706,799,865,665,139],""model"":{""profileId"":""cnn-dualbranch-datasheet-v1-unbound"",""scalerProfileId"":""cnn-dualbranch-datasheet-v1-unbound"",""productionApproved"":true,""boundNullingProfileId"":8,""activeNullingProfileId"":9,""bindingValid"":true,""bindingModelMatches"":true,""profileReady"":false,""inferenceValid"":false,""sensorFault"":true},""lora"":{""beginState"":0,""lastTxState"":0,""lastTxOk"":false,""txSeq"":0,""txCounter"":0,""aesKeyProvisioned"":true,""aesKeyPresent"":true,""aesKeySource"":""nvs"",""keyId"":1,""lastDownlinkCommandId"":0,""freqMHz"":920,""bwKHz"":125,""sf"":7,""cr"":5,""syncWord"":18,""txPowerDbm"":17,""preamble"":8,""tcxoVoltage"":1.600000024,""xtalVoltage"":0},""dataset"":{""state"":""idle"",""step"":""idle"",""label"":"""",""seq"":0,""targetSamples"":0,""sampleIntervalMs"":500,""maxDurationMs"":0,""useFanIntake"":true,""fanOnMs"":1000,""postFanSettleMs"":0,""nullingProfileId"":9,""queuePending"":0,""queueCapacity"":16,""queueEnqueued"":0,""queueDropped"":0,""publishFailCount"":0,""retryCount"":0,""retryFailCount"":0,""rejectedSamples"":0,""lastRejectReason"":""none"",""lastRejectChannel"":-1,""lastRejectOkFiniteCount"":0,""lastRejectStatus"":255,""lastRejectGain"":0,""lastRejectSaturated"":false},""recovery"":{""wifiReconnectCount"":0,""wifiReconnectFailCount"":0,""mqttReconnectCount"":0,""mqttConnectFailCount"":0,""lastMqttState"":0,""adsRecoveryCount"":0,""adsRecoveryFailCount"":0,""adsReadFailStreak"":0,""lastReason"":""none"",""lastRecoveryMs"":0,""bootRecoveryArmed"":false,""bootRecoveryDueMs"":0,""bootRecoveryReason"":""none"",""bootRecoveryNonAdsFailure"":false,""bootRecoveryRestartCount"":0},""nulling"":{""done"":false,""retryArmed"":false,""attemptCount"":0,""nextRetryMs"":0,""thresholdV"":9.999999747E-06,""minFinalV"":0},""telemetry"":{""valid"":true,""sampleMs"":6481289,""gasClass"":6,""gasName"":""CO2"",""confidence"":0,""alarm"":false,""sensorVoltage"":[0.101023793,0.003960775,0.004947743,-0.002557592,-0.009052822,-0.011528987,-0.019490212,-0.025198165],""sensorGain"":[32,64,64,64,64,64,64,64],""sensorStatus"":[0,0,0,0,0,0,0,0],""featureOrder"":[""MQ8"",""MQ135"",""MQ3"",""MQ5"",""MQ4"",""MQ7"",""MQ6"",""MQ2""]},""alarmLatched"":false}"
2026-08-04 11:09:06.014 +07:00,104.887,HOT_SWEEP_70,70,700,300,1,0,0.102138922,0.00402554,0.004898902,-0.002528928,-0.008912658,-0.011272522,-0.019101847,-0.025195058,"{""deviceId"":""1001"",""nodeId"":4097,""targetChId"":""0010"",""mode"":""inference"",""uptimeMs"":6482356,""debugEnabled"":true,""power"":{""mode"":""24v"",""externalPower"":true,""batteryMv"":65535,""batteryValid"":false,""batteryDetected"":false,""batterySenseStatus"":""not_detected"",""batteryLow"":false,""batteryCritical"":false,""sourceAmbiguous"":false,""serviceHoldActive"":false,""serviceHoldEffective"":false},""batterySession"":{""state"":""inactive"",""startedMs"":0,""stateStartedMs"":0,""validSampleBatches"":0,""requiredSampleBatches"":10,""alarmTxAttempts"":0,""alarmTxAttemptLimit"":3,""alarmAckReceived"":false,""pendingAlarm"":false,""pendingSaveRequired"":false,""persistenceFaultHold"":false,""completionReason"":""session_done""},""bootHealth"":{""adsReady"":true,""adsDrdyLevel"":0,""adsDrdyPulldownLevel"":0,""adsDrdyPullupLevel"":0,""adsMisoPulldownLevel"":0,""adsMisoPullupLevel"":1,""adsCsLevel"":1,""adsSyncLevel"":1,""adsStatus"":54,""adsMux"":15,""adsAdcon"":6,""adsDrate"":240,""adsReason"":""ok"",""tcaOk"":true,""mcpOkCount"":8,""mcpOk"":[true,true,true,true,true,true,true,true],""mcpAddrMask"":[1,1,1,1,1,1,1,1],""mcpControlTested"":true,""mcpControlOkCount"":8,""mcpControlOk"":[true,true,true,true,true,true,true,true],""dacReady"":true,""radioReady"":true,""mlReady"":true,""nullingProfileApplied"":true,""modelProfileReady"":false},""runtimeMcpCode"":[255,519,795,706,799,865,665,139],""model"":{""profileId"":""cnn-dualbranch-datasheet-v1-unbound"",""scalerProfileId"":""cnn-dualbranch-datasheet-v1-unbound"",""productionApproved"":true,""boundNullingProfileId"":8,""activeNullingProfileId"":9,""bindingValid"":true,""bindingModelMatches"":true,""profileReady"":false,""inferenceValid"":false,""sensorFault"":true},""lora"":{""beginState"":0,""lastTxState"":0,""lastTxOk"":false,""txSeq"":0,""txCounter"":0,""aesKeyProvisioned"":true,""aesKeyPresent"":true,""aesKeySource"":""nvs"",""keyId"":1,""lastDownlinkCommandId"":0,""freqMHz"":920,""bwKHz"":125,""sf"":7,""cr"":5,""syncWord"":18,""txPowerDbm"":17,""preamble"":8,""tcxoVoltage"":1.600000024,""xtalVoltage"":0},""dataset"":{""state"":""idle"",""step"":""idle"",""label"":"""",""seq"":0,""targetSamples"":0,""sampleIntervalMs"":500,""maxDurationMs"":0,""useFanIntake"":true,""fanOnMs"":1000,""postFanSettleMs"":0,""nullingProfileId"":9,""queuePending"":0,""queueCapacity"":16,""queueEnqueued"":0,""queueDropped"":0,""publishFailCount"":0,""retryCount"":0,""retryFailCount"":0,""rejectedSamples"":0,""lastRejectReason"":""none"",""lastRejectChannel"":-1,""lastRejectOkFiniteCount"":0,""lastRejectStatus"":255,""lastRejectGain"":0,""lastRejectSaturated"":false},""recovery"":{""wifiReconnectCount"":0,""wifiReconnectFailCount"":0,""mqttReconnectCount"":0,""mqttConnectFailCount"":0,""lastMqttState"":0,""adsRecoveryCount"":0,""adsRecoveryFailCount"":0,""adsReadFailStreak"":0,""lastReason"":""none"",""lastRecoveryMs"":0,""bootRecoveryArmed"":false,""bootRecoveryDueMs"":0,""bootRecoveryReason"":""none"",""bootRecoveryNonAdsFailure"":false,""bootRecoveryRestartCount"":0},""nulling"":{""done"":false,""retryArmed"":false,""attemptCount"":0,""nextRetryMs"":0,""thresholdV"":9.999999747E-06,""minFinalV"":0},""telemetry"":{""valid"":true,""sampleMs"":6481953,""gasClass"":6,""gasName"":""CO2"",""confidence"":0,""alarm"":false,""sensorVoltage"":[0.102138922,0.00402554,0.004898902,-0.002528928,-0.008912658,-0.011272522,-0.019101847,-0.025195058],""sensorGain"":[32,64,64,64,64,64,64,64],""sensorStatus"":[0,0,0,0,0,0,0,0],""featureOrder"":[""MQ8"",""MQ135"",""MQ3"",""MQ5"",""MQ4"",""MQ7"",""MQ6"",""MQ2""]},""alarmLatched"":false}"
2026-08-04 11:09:06.706 +07:00,105.587,HOT_SWEEP_70,70,700,300,1,0,0.101830438,0.003993863,0.004896846,-0.00249128,-0.009142982,-0.011481852,-0.019472018,-0.025663178,"{""deviceId"":""1001"",""nodeId"":4097,""targetChId"":""0010"",""mode"":""inference"",""uptimeMs"":6483051,""debugEnabled"":true,""power"":{""mode"":""24v"",""externalPower"":true,""batteryMv"":65535,""batteryValid"":false,""batteryDetected"":false,""batterySenseStatus"":""not_detected"",""batteryLow"":false,""batteryCritical"":false,""sourceAmbiguous"":false,""serviceHoldActive"":false,""serviceHoldEffective"":false},""batterySession"":{""state"":""inactive"",""startedMs"":0,""stateStartedMs"":0,""validSampleBatches"":0,""requiredSampleBatches"":10,""alarmTxAttempts"":0,""alarmTxAttemptLimit"":3,""alarmAckReceived"":false,""pendingAlarm"":false,""pendingSaveRequired"":false,""persistenceFaultHold"":false,""completionReason"":""session_done""},""bootHealth"":{""adsReady"":true,""adsDrdyLevel"":0,""adsDrdyPulldownLevel"":0,""adsDrdyPullupLevel"":0,""adsMisoPulldownLevel"":0,""adsMisoPullupLevel"":1,""adsCsLevel"":1,""adsSyncLevel"":1,""adsStatus"":54,""adsMux"":15,""adsAdcon"":6,""adsDrate"":240,""adsReason"":""ok"",""tcaOk"":true,""mcpOkCount"":8,""mcpOk"":[true,true,true,true,true,true,true,true],""mcpAddrMask"":[1,1,1,1,1,1,1,1],""mcpControlTested"":true,""mcpControlOkCount"":8,""mcpControlOk"":[true,true,true,true,true,true,true,true],""dacReady"":true,""radioReady"":true,""mlReady"":true,""nullingProfileApplied"":true,""modelProfileReady"":false},""runtimeMcpCode"":[255,519,795,706,799,865,665,139],""model"":{""profileId"":""cnn-dualbranch-datasheet-v1-unbound"",""scalerProfileId"":""cnn-dualbranch-datasheet-v1-unbound"",""productionApproved"":true,""boundNullingProfileId"":8,""activeNullingProfileId"":9,""bindingValid"":true,""bindingModelMatches"":true,""profileReady"":false,""inferenceValid"":false,""sensorFault"":true},""lora"":{""beginState"":0,""lastTxState"":0,""lastTxOk"":false,""txSeq"":0,""txCounter"":0,""aesKeyProvisioned"":true,""aesKeyPresent"":true,""aesKeySource"":""nvs"",""keyId"":1,""lastDownlinkCommandId"":0,""freqMHz"":920,""bwKHz"":125,""sf"":7,""cr"":5,""syncWord"":18,""txPowerDbm"":17,""preamble"":8,""tcxoVoltage"":1.600000024,""xtalVoltage"":0},""dataset"":{""state"":""idle"",""step"":""idle"",""label"":"""",""seq"":0,""targetSamples"":0,""sampleIntervalMs"":500,""maxDurationMs"":0,""useFanIntake"":true,""fanOnMs"":1000,""postFanSettleMs"":0,""nullingProfileId"":9,""queuePending"":0,""queueCapacity"":16,""queueEnqueued"":0,""queueDropped"":0,""publishFailCount"":0,""retryCount"":0,""retryFailCount"":0,""rejectedSamples"":0,""lastRejectReason"":""none"",""lastRejectChannel"":-1,""lastRejectOkFiniteCount"":0,""lastRejectStatus"":255,""lastRejectGain"":0,""lastRejectSaturated"":false},""recovery"":{""wifiReconnectCount"":0,""wifiReconnectFailCount"":0,""mqttReconnectCount"":0,""mqttConnectFailCount"":0,""lastMqttState"":0,""adsRecoveryCount"":0,""adsRecoveryFailCount"":0,""adsReadFailStreak"":0,""lastReason"":""none"",""lastRecoveryMs"":0,""bootRecoveryArmed"":false,""bootRecoveryDueMs"":0,""bootRecoveryReason"":""none"",""bootRecoveryNonAdsFailure"":false,""bootRecoveryRestartCount"":0},""nulling"":{""done"":false,""retryArmed"":false,""attemptCount"":0,""nextRetryMs"":0,""thresholdV"":9.999999747E-06,""minFinalV"":0},""telemetry"":{""valid"":true,""sampleMs"":6482634,""gasClass"":6,""gasName"":""CO2"",""confidence"":0,""alarm"":false,""sensorVoltage"":[0.101830438,0.003993863,0.004896846,-0.00249128,-0.009142982,-0.011481852,-0.019472018,-0.025663178],""sensorGain"":[32,64,64,64,64,64,64,64],""sensorStatus"":[0,0,0,0,0,0,0,0],""featureOrder"":[""MQ8"",""MQ135"",""MQ3"",""MQ5"",""MQ4"",""MQ7"",""MQ6"",""MQ2""]},""alarmLatched"":false}"
2026-08-04 11:09:07.392 +07:00,106.273,HOT_SWEEP_70,70,700,300,1,0,0.101775922,0.004000182,0.004915445,-0.00248988,-0.008968255,-0.011474827,-0.019460766,-0.025726059,"{""deviceId"":""1001"",""nodeId"":4097,""targetChId"":""0010"",""mode"":""inference"",""uptimeMs"":6483739,""debugEnabled"":true,""power"":{""mode"":""24v"",""externalPower"":true,""batteryMv"":65535,""batteryValid"":false,""batteryDetected"":false,""batterySenseStatus"":""not_detected"",""batteryLow"":false,""batteryCritical"":false,""sourceAmbiguous"":false,""serviceHoldActive"":false,""serviceHoldEffective"":false},""batterySession"":{""state"":""inactive"",""startedMs"":0,""stateStartedMs"":0,""validSampleBatches"":0,""requiredSampleBatches"":10,""alarmTxAttempts"":0,""alarmTxAttemptLimit"":3,""alarmAckReceived"":false,""pendingAlarm"":false,""pendingSaveRequired"":false,""persistenceFaultHold"":false,""completionReason"":""session_done""},""bootHealth"":{""adsReady"":true,""adsDrdyLevel"":0,""adsDrdyPulldownLevel"":0,""adsDrdyPullupLevel"":0,""adsMisoPulldownLevel"":0,""adsMisoPullupLevel"":1,""adsCsLevel"":1,""adsSyncLevel"":1,""adsStatus"":54,""adsMux"":15,""adsAdcon"":6,""adsDrate"":240,""adsReason"":""ok"",""tcaOk"":true,""mcpOkCount"":8,""mcpOk"":[true,true,true,true,true,true,true,true],""mcpAddrMask"":[1,1,1,1,1,1,1,1],""mcpControlTested"":true,""mcpControlOkCount"":8,""mcpControlOk"":[true,true,true,true,true,true,true,true],""dacReady"":true,""radioReady"":true,""mlReady"":true,""nullingProfileApplied"":true,""modelProfileReady"":false},""runtimeMcpCode"":[255,519,795,706,799,865,665,139],""model"":{""profileId"":""cnn-dualbranch-datasheet-v1-unbound"",""scalerProfileId"":""cnn-dualbranch-datasheet-v1-unbound"",""productionApproved"":true,""boundNullingProfileId"":8,""activeNullingProfileId"":9,""bindingValid"":true,""bindingModelMatches"":true,""profileReady"":false,""inferenceValid"":false,""sensorFault"":true},""lora"":{""beginState"":0,""lastTxState"":0,""lastTxOk"":false,""txSeq"":0,""txCounter"":0,""aesKeyProvisioned"":true,""aesKeyPresent"":true,""aesKeySource"":""nvs"",""keyId"":1,""lastDownlinkCommandId"":0,""freqMHz"":920,""bwKHz"":125,""sf"":7,""cr"":5,""syncWord"":18,""txPowerDbm"":17,""preamble"":8,""tcxoVoltage"":1.600000024,""xtalVoltage"":0},""dataset"":{""state"":""idle"",""step"":""idle"",""label"":"""",""seq"":0,""targetSamples"":0,""sampleIntervalMs"":500,""maxDurationMs"":0,""useFanIntake"":true,""fanOnMs"":1000,""postFanSettleMs"":0,""nullingProfileId"":9,""queuePending"":0,""queueCapacity"":16,""queueEnqueued"":0,""queueDropped"":0,""publishFailCount"":0,""retryCount"":0,""retryFailCount"":0,""rejectedSamples"":0,""lastRejectReason"":""none"",""lastRejectChannel"":-1,""lastRejectOkFiniteCount"":0,""lastRejectStatus"":255,""lastRejectGain"":0,""lastRejectSaturated"":false},""recovery"":{""wifiReconnectCount"":0,""wifiReconnectFailCount"":0,""mqttReconnectCount"":0,""mqttConnectFailCount"":0,""lastMqttState"":0,""adsRecoveryCount"":0,""adsRecoveryFailCount"":0,""adsReadFailStreak"":0,""lastReason"":""none"",""lastRecoveryMs"":0,""bootRecoveryArmed"":false,""bootRecoveryDueMs"":0,""bootRecoveryReason"":""none"",""bootRecoveryNonAdsFailure"":false,""bootRecoveryRestartCount"":0},""nulling"":{""done"":false,""retryArmed"":false,""attemptCount"":0,""nextRetryMs"":0,""thresholdV"":9.999999747E-06,""minFinalV"":0},""telemetry"":{""valid"":true,""sampleMs"":6483361,""gasClass"":6,""gasName"":""CO2"",""confidence"":0,""alarm"":false,""sensorVoltage"":[0.101775922,0.004000182,0.004915445,-0.00248988,-0.008968255,-0.011474827,-0.019460766,-0.025726059],""sensorGain"":[32,64,64,64,64,64,64,64],""sensorStatus"":[0,0,0,0,0,0,0,0],""featureOrder"":[""MQ8"",""MQ135"",""MQ3"",""MQ5"",""MQ4"",""MQ7"",""MQ6"",""MQ2""]},""alarmLatched"":false}"
2026-08-04 11:09:08.081 +07:00,106.960,HOT_SWEEP_70,70,700,300,1,0,0.10313163,0.004004198,0.004875917,-0.002501415,-0.008967615,-0.011481606,-0.019421486,-0.025708709,"{""deviceId"":""1001"",""nodeId"":4097,""targetChId"":""0010"",""mode"":""inference"",""uptimeMs"":6484424,""debugEnabled"":true,""power"":{""mode"":""24v"",""externalPower"":true,""batteryMv"":65535,""batteryValid"":false,""batteryDetected"":false,""batterySenseStatus"":""not_detected"",""batteryLow"":false,""batteryCritical"":false,""sourceAmbiguous"":false,""serviceHoldActive"":false,""serviceHoldEffective"":false},""batterySession"":{""state"":""inactive"",""startedMs"":0,""stateStartedMs"":0,""validSampleBatches"":0,""requiredSampleBatches"":10,""alarmTxAttempts"":0,""alarmTxAttemptLimit"":3,""alarmAckReceived"":false,""pendingAlarm"":false,""pendingSaveRequired"":false,""persistenceFaultHold"":false,""completionReason"":""session_done""},""bootHealth"":{""adsReady"":true,""adsDrdyLevel"":0,""adsDrdyPulldownLevel"":0,""adsDrdyPullupLevel"":0,""adsMisoPulldownLevel"":0,""adsMisoPullupLevel"":1,""adsCsLevel"":1,""adsSyncLevel"":1,""adsStatus"":54,""adsMux"":15,""adsAdcon"":6,""adsDrate"":240,""adsReason"":""ok"",""tcaOk"":true,""mcpOkCount"":8,""mcpOk"":[true,true,true,true,true,true,true,true],""mcpAddrMask"":[1,1,1,1,1,1,1,1],""mcpControlTested"":true,""mcpControlOkCount"":8,""mcpControlOk"":[true,true,true,true,true,true,true,true],""dacReady"":true,""radioReady"":true,""mlReady"":true,""nullingProfileApplied"":true,""modelProfileReady"":false},""runtimeMcpCode"":[255,519,795,706,799,865,665,139],""model"":{""profileId"":""cnn-dualbranch-datasheet-v1-unbound"",""scalerProfileId"":""cnn-dualbranch-datasheet-v1-unbound"",""productionApproved"":true,""boundNullingProfileId"":8,""activeNullingProfileId"":9,""bindingValid"":true,""bindingModelMatches"":true,""profileReady"":false,""inferenceValid"":false,""sensorFault"":true},""lora"":{""beginState"":0,""lastTxState"":0,""lastTxOk"":false,""txSeq"":0,""txCounter"":0,""aesKeyProvisioned"":true,""aesKeyPresent"":true,""aesKeySource"":""nvs"",""keyId"":1,""lastDownlinkCommandId"":0,""freqMHz"":920,""bwKHz"":125,""sf"":7,""cr"":5,""syncWord"":18,""txPowerDbm"":17,""preamble"":8,""tcxoVoltage"":1.600000024,""xtalVoltage"":0},""dataset"":{""state"":""idle"",""step"":""idle"",""label"":"""",""seq"":0,""targetSamples"":0,""sampleIntervalMs"":500,""maxDurationMs"":0,""useFanIntake"":true,""fanOnMs"":1000,""postFanSettleMs"":0,""nullingProfileId"":9,""queuePending"":0,""queueCapacity"":16,""queueEnqueued"":0,""queueDropped"":0,""publishFailCount"":0,""retryCount"":0,""retryFailCount"":0,""rejectedSamples"":0,""lastRejectReason"":""none"",""lastRejectChannel"":-1,""lastRejectOkFiniteCount"":0,""lastRejectStatus"":255,""lastRejectGain"":0,""lastRejectSaturated"":false},""recovery"":{""wifiReconnectCount"":0,""wifiReconnectFailCount"":0,""mqttReconnectCount"":0,""mqttConnectFailCount"":0,""lastMqttState"":0,""adsRecoveryCount"":0,""adsRecoveryFailCount"":0,""adsReadFailStreak"":0,""lastReason"":""none"",""lastRecoveryMs"":0,""bootRecoveryArmed"":false,""bootRecoveryDueMs"":0,""bootRecoveryReason"":""none"",""bootRecoveryNonAdsFailure"":false,""bootRecoveryRestartCount"":0},""nulling"":{""done"":false,""retryArmed"":false,""attemptCount"":0,""nextRetryMs"":0,""thresholdV"":9.999999747E-06,""minFinalV"":0},""telemetry"":{""valid"":true,""sampleMs"":6484017,""gasClass"":6,""gasName"":""CO2"",""confidence"":0,""alarm"":false,""sensorVoltage"":[0.10313163,0.004004198,0.004875917,-0.002501415,-0.008967615,-0.011481606,-0.019421486,-0.025708709],""sensorGain"":[32,64,64,64,64,64,64,64],""sensorStatus"":[0,0,0,0,0,0,0,0],""featureOrder"":[""MQ8"",""MQ135"",""MQ3"",""MQ5"",""MQ4"",""MQ7"",""MQ6"",""MQ2""]},""alarmLatched"":false}"
2026-08-04 11:09:08.758 +07:00,107.640,HOT_SWEEP_70,70,700,300,1,0,0.103150427,0.003991751,0.004902895,-0.002582314,-0.009020978,-0.011493651,-0.019429093,-0.025635872,"{""deviceId"":""1001"",""nodeId"":4097,""targetChId"":""0010"",""mode"":""inference"",""uptimeMs"":6485108,""debugEnabled"":true,""power"":{""mode"":""24v"",""externalPower"":true,""batteryMv"":65535,""batteryValid"":false,""batteryDetected"":false,""batterySenseStatus"":""not_detected"",""batteryLow"":false,""batteryCritical"":false,""sourceAmbiguous"":false,""serviceHoldActive"":false,""serviceHoldEffective"":false},""batterySession"":{""state"":""inactive"",""startedMs"":0,""stateStartedMs"":0,""validSampleBatches"":0,""requiredSampleBatches"":10,""alarmTxAttempts"":0,""alarmTxAttemptLimit"":3,""alarmAckReceived"":false,""pendingAlarm"":false,""pendingSaveRequired"":false,""persistenceFaultHold"":false,""completionReason"":""session_done""},""bootHealth"":{""adsReady"":true,""adsDrdyLevel"":0,""adsDrdyPulldownLevel"":0,""adsDrdyPullupLevel"":0,""adsMisoPulldownLevel"":0,""adsMisoPullupLevel"":1,""adsCsLevel"":1,""adsSyncLevel"":1,""adsStatus"":54,""adsMux"":15,""adsAdcon"":6,""adsDrate"":240,""adsReason"":""ok"",""tcaOk"":true,""mcpOkCount"":8,""mcpOk"":[true,true,true,true,true,true,true,true],""mcpAddrMask"":[1,1,1,1,1,1,1,1],""mcpControlTested"":true,""mcpControlOkCount"":8,""mcpControlOk"":[true,true,true,true,true,true,true,true],""dacReady"":true,""radioReady"":true,""mlReady"":true,""nullingProfileApplied"":true,""modelProfileReady"":false},""runtimeMcpCode"":[255,519,795,706,799,865,665,139],""model"":{""profileId"":""cnn-dualbranch-datasheet-v1-unbound"",""scalerProfileId"":""cnn-dualbranch-datasheet-v1-unbound"",""productionApproved"":true,""boundNullingProfileId"":8,""activeNullingProfileId"":9,""bindingValid"":true,""bindingModelMatches"":true,""profileReady"":false,""inferenceValid"":false,""sensorFault"":true},""lora"":{""beginState"":0,""lastTxState"":0,""lastTxOk"":false,""txSeq"":0,""txCounter"":0,""aesKeyProvisioned"":true,""aesKeyPresent"":true,""aesKeySource"":""nvs"",""keyId"":1,""lastDownlinkCommandId"":0,""freqMHz"":920,""bwKHz"":125,""sf"":7,""cr"":5,""syncWord"":18,""txPowerDbm"":17,""preamble"":8,""tcxoVoltage"":1.600000024,""xtalVoltage"":0},""dataset"":{""state"":""idle"",""step"":""idle"",""label"":"""",""seq"":0,""targetSamples"":0,""sampleIntervalMs"":500,""maxDurationMs"":0,""useFanIntake"":true,""fanOnMs"":1000,""postFanSettleMs"":0,""nullingProfileId"":9,""queuePending"":0,""queueCapacity"":16,""queueEnqueued"":0,""queueDropped"":0,""publishFailCount"":0,""retryCount"":0,""retryFailCount"":0,""rejectedSamples"":0,""lastRejectReason"":""none"",""lastRejectChannel"":-1,""lastRejectOkFiniteCount"":0,""lastRejectStatus"":255,""lastRejectGain"":0,""lastRejectSaturated"":false},""recovery"":{""wifiReconnectCount"":0,""wifiReconnectFailCount"":0,""mqttReconnectCount"":0,""mqttConnectFailCount"":0,""lastMqttState"":0,""adsRecoveryCount"":0,""adsRecoveryFailCount"":0,""adsReadFailStreak"":0,""lastReason"":""none"",""lastRecoveryMs"":0,""bootRecoveryArmed"":false,""bootRecoveryDueMs"":0,""bootRecoveryReason"":""none"",""bootRecoveryNonAdsFailure"":false,""bootRecoveryRestartCount"":0},""nulling"":{""done"":false,""retryArmed"":false,""attemptCount"":0,""nextRetryMs"":0,""thresholdV"":9.999999747E-06,""minFinalV"":0},""telemetry"":{""valid"":true,""sampleMs"":6484702,""gasClass"":6,""gasName"":""CO2"",""confidence"":0,""alarm"":false,""sensorVoltage"":[0.103150427,0.003991751,0.004902895,-0.002582314,-0.009020978,-0.011493651,-0.019429093,-0.025635872],""sensorGain"":[32,64,64,64,64,64,64,64],""sensorStatus"":[0,0,0,0,0,0,0,0],""featureOrder"":[""MQ8"",""MQ135"",""MQ3"",""MQ5"",""MQ4"",""MQ7"",""MQ6"",""MQ2""]},""alarmLatched"":false}"
2026-08-04 11:09:09.433 +07:00,108.314,HOT_SWEEP_70,70,700,300,1,0,0.103171587,0.003989226,0.004928277,-0.002580042,-0.009050151,-0.01150153,-0.019407697,-0.02563777,"{""deviceId"":""1001"",""nodeId"":4097,""targetChId"":""0010"",""mode"":""inference"",""uptimeMs"":6485777,""debugEnabled"":true,""power"":{""mode"":""24v"",""externalPower"":true,""batteryMv"":65535,""batteryValid"":false,""batteryDetected"":false,""batterySenseStatus"":""not_detected"",""batteryLow"":false,""batteryCritical"":false,""sourceAmbiguous"":false,""serviceHoldActive"":false,""serviceHoldEffective"":false},""batterySession"":{""state"":""inactive"",""startedMs"":0,""stateStartedMs"":0,""validSampleBatches"":0,""requiredSampleBatches"":10,""alarmTxAttempts"":0,""alarmTxAttemptLimit"":3,""alarmAckReceived"":false,""pendingAlarm"":false,""pendingSaveRequired"":false,""persistenceFaultHold"":false,""completionReason"":""session_done""},""bootHealth"":{""adsReady"":true,""adsDrdyLevel"":0,""adsDrdyPulldownLevel"":0,""adsDrdyPullupLevel"":0,""adsMisoPulldownLevel"":0,""adsMisoPullupLevel"":1,""adsCsLevel"":1,""adsSyncLevel"":1,""adsStatus"":54,""adsMux"":15,""adsAdcon"":6,""adsDrate"":240,""adsReason"":""ok"",""tcaOk"":true,""mcpOkCount"":8,""mcpOk"":[true,true,true,true,true,true,true,true],""mcpAddrMask"":[1,1,1,1,1,1,1,1],""mcpControlTested"":true,""mcpControlOkCount"":8,""mcpControlOk"":[true,true,true,true,true,true,true,true],""dacReady"":true,""radioReady"":true,""mlReady"":true,""nullingProfileApplied"":true,""modelProfileReady"":false},""runtimeMcpCode"":[255,519,795,706,799,865,665,139],""model"":{""profileId"":""cnn-dualbranch-datasheet-v1-unbound"",""scalerProfileId"":""cnn-dualbranch-datasheet-v1-unbound"",""productionApproved"":true,""boundNullingProfileId"":8,""activeNullingProfileId"":9,""bindingValid"":true,""bindingModelMatches"":true,""profileReady"":false,""inferenceValid"":false,""sensorFault"":true},""lora"":{""beginState"":0,""lastTxState"":0,""lastTxOk"":false,""txSeq"":0,""txCounter"":0,""aesKeyProvisioned"":true,""aesKeyPresent"":true,""aesKeySource"":""nvs"",""keyId"":1,""lastDownlinkCommandId"":0,""freqMHz"":920,""bwKHz"":125,""sf"":7,""cr"":5,""syncWord"":18,""txPowerDbm"":17,""preamble"":8,""tcxoVoltage"":1.600000024,""xtalVoltage"":0},""dataset"":{""state"":""idle"",""step"":""idle"",""label"":"""",""seq"":0,""targetSamples"":0,""sampleIntervalMs"":500,""maxDurationMs"":0,""useFanIntake"":true,""fanOnMs"":1000,""postFanSettleMs"":0,""nullingProfileId"":9,""queuePending"":0,""queueCapacity"":16,""queueEnqueued"":0,""queueDropped"":0,""publishFailCount"":0,""retryCount"":0,""retryFailCount"":0,""rejectedSamples"":0,""lastRejectReason"":""none"",""lastRejectChannel"":-1,""lastRejectOkFiniteCount"":0,""lastRejectStatus"":255,""lastRejectGain"":0,""lastRejectSaturated"":false},""recovery"":{""wifiReconnectCount"":0,""wifiReconnectFailCount"":0,""mqttReconnectCount"":0,""mqttConnectFailCount"":0,""lastMqttState"":0,""adsRecoveryCount"":0,""adsRecoveryFailCount"":0,""adsReadFailStreak"":0,""lastReason"":""none"",""lastRecoveryMs"":0,""bootRecoveryArmed"":false,""bootRecoveryDueMs"":0,""bootRecoveryReason"":""none"",""bootRecoveryNonAdsFailure"":false,""bootRecoveryRestartCount"":0},""nulling"":{""done"":false,""retryArmed"":false,""attemptCount"":0,""nextRetryMs"":0,""thresholdV"":9.999999747E-06,""minFinalV"":0},""telemetry"":{""valid"":true,""sampleMs"":6485418,""gasClass"":6,""gasName"":""CO2"",""confidence"":0,""alarm"":false,""sensorVoltage"":[0.103171587,0.003989226,0.004928277,-0.002580042,-0.009050151,-0.01150153,-0.019407697,-0.02563777],""sensorGain"":[32,64,64,64,64,64,64,64],""sensorStatus"":[0,0,0,0,0,0,0,0],""featureOrder"":[""MQ8"",""MQ135"",""MQ3"",""MQ5"",""MQ4"",""MQ7"",""MQ6"",""MQ2""]},""alarmLatched"":false}"
2026-08-04 11:09:10.126 +07:00,109.008,HOT_SWEEP_70,70,700,300,1,0,0.104439631,0.00398761,0.004880998,-0.002561242,-0.007945499,-0.011503326,-0.019426923,-0.025633659,"{""deviceId"":""1001"",""nodeId"":4097,""targetChId"":""0010"",""mode"":""inference"",""uptimeMs"":6486470,""debugEnabled"":true,""power"":{""mode"":""24v"",""externalPower"":true,""batteryMv"":65535,""batteryValid"":false,""batteryDetected"":false,""batterySenseStatus"":""not_detected"",""batteryLow"":false,""batteryCritical"":false,""sourceAmbiguous"":false,""serviceHoldActive"":false,""serviceHoldEffective"":false},""batterySession"":{""state"":""inactive"",""startedMs"":0,""stateStartedMs"":0,""validSampleBatches"":0,""requiredSampleBatches"":10,""alarmTxAttempts"":0,""alarmTxAttemptLimit"":3,""alarmAckReceived"":false,""pendingAlarm"":false,""pendingSaveRequired"":false,""persistenceFaultHold"":false,""completionReason"":""session_done""},""bootHealth"":{""adsReady"":true,""adsDrdyLevel"":0,""adsDrdyPulldownLevel"":0,""adsDrdyPullupLevel"":0,""adsMisoPulldownLevel"":0,""adsMisoPullupLevel"":1,""adsCsLevel"":1,""adsSyncLevel"":1,""adsStatus"":54,""adsMux"":15,""adsAdcon"":6,""adsDrate"":240,""adsReason"":""ok"",""tcaOk"":true,""mcpOkCount"":8,""mcpOk"":[true,true,true,true,true,true,true,true],""mcpAddrMask"":[1,1,1,1,1,1,1,1],""mcpControlTested"":true,""mcpControlOkCount"":8,""mcpControlOk"":[true,true,true,true,true,true,true,true],""dacReady"":true,""radioReady"":true,""mlReady"":true,""nullingProfileApplied"":true,""modelProfileReady"":false},""runtimeMcpCode"":[255,519,795,706,799,865,665,139],""model"":{""profileId"":""cnn-dualbranch-datasheet-v1-unbound"",""scalerProfileId"":""cnn-dualbranch-datasheet-v1-unbound"",""productionApproved"":true,""boundNullingProfileId"":8,""activeNullingProfileId"":9,""bindingValid"":true,""bindingModelMatches"":true,""profileReady"":false,""inferenceValid"":false,""sensorFault"":true},""lora"":{""beginState"":0,""lastTxState"":0,""lastTxOk"":false,""txSeq"":0,""txCounter"":0,""aesKeyProvisioned"":true,""aesKeyPresent"":true,""aesKeySource"":""nvs"",""keyId"":1,""lastDownlinkCommandId"":0,""freqMHz"":920,""bwKHz"":125,""sf"":7,""cr"":5,""syncWord"":18,""txPowerDbm"":17,""preamble"":8,""tcxoVoltage"":1.600000024,""xtalVoltage"":0},""dataset"":{""state"":""idle"",""step"":""idle"",""label"":"""",""seq"":0,""targetSamples"":0,""sampleIntervalMs"":500,""maxDurationMs"":0,""useFanIntake"":true,""fanOnMs"":1000,""postFanSettleMs"":0,""nullingProfileId"":9,""queuePending"":0,""queueCapacity"":16,""queueEnqueued"":0,""queueDropped"":0,""publishFailCount"":0,""retryCount"":0,""retryFailCount"":0,""rejectedSamples"":0,""lastRejectReason"":""none"",""lastRejectChannel"":-1,""lastRejectOkFiniteCount"":0,""lastRejectStatus"":255,""lastRejectGain"":0,""lastRejectSaturated"":false},""recovery"":{""wifiReconnectCount"":0,""wifiReconnectFailCount"":0,""mqttReconnectCount"":0,""mqttConnectFailCount"":0,""lastMqttState"":0,""adsRecoveryCount"":0,""adsRecoveryFailCount"":0,""adsReadFailStreak"":0,""lastReason"":""none"",""lastRecoveryMs"":0,""bootRecoveryArmed"":false,""bootRecoveryDueMs"":0,""bootRecoveryReason"":""none"",""bootRecoveryNonAdsFailure"":false,""bootRecoveryRestartCount"":0},""nulling"":{""done"":false,""retryArmed"":false,""attemptCount"":0,""nextRetryMs"":0,""thresholdV"":9.999999747E-06,""minFinalV"":0},""telemetry"":{""valid"":true,""sampleMs"":6486055,""gasClass"":6,""gasName"":""CO2"",""confidence"":0,""alarm"":false,""sensorVoltage"":[0.104439631,0.00398761,0.004880998,-0.002561242,-0.007945499,-0.011503326,-0.019426923,-0.025633659],""sensorGain"":[32,64,64,64,64,64,64,64],""sensorStatus"":[0,0,0,0,0,0,0,0],""featureOrder"":[""MQ8"",""MQ135"",""MQ3"",""MQ5"",""MQ4"",""MQ7"",""MQ6"",""MQ2""]},""alarmLatched"":false}"
2026-08-04 11:09:10.871 +07:00,109.752,HOT_SWEEP_70,70,700,300,1,0,0.104216158,0.004004176,0.004856519,-0.00262741,-0.008003214,-0.011612239,-0.019439589,-0.025717095,"{""deviceId"":""1001"",""nodeId"":4097,""targetChId"":""0010"",""mode"":""inference"",""uptimeMs"":6487222,""debugEnabled"":true,""power"":{""mode"":""24v"",""externalPower"":true,""batteryMv"":65535,""batteryValid"":false,""batteryDetected"":false,""batterySenseStatus"":""not_detected"",""batteryLow"":false,""batteryCritical"":false,""sourceAmbiguous"":false,""serviceHoldActive"":false,""serviceHoldEffective"":false},""batterySession"":{""state"":""inactive"",""startedMs"":0,""stateStartedMs"":0,""validSampleBatches"":0,""requiredSampleBatches"":10,""alarmTxAttempts"":0,""alarmTxAttemptLimit"":3,""alarmAckReceived"":false,""pendingAlarm"":false,""pendingSaveRequired"":false,""persistenceFaultHold"":false,""completionReason"":""session_done""},""bootHealth"":{""adsReady"":true,""adsDrdyLevel"":0,""adsDrdyPulldownLevel"":0,""adsDrdyPullupLevel"":0,""adsMisoPulldownLevel"":0,""adsMisoPullupLevel"":1,""adsCsLevel"":1,""adsSyncLevel"":1,""adsStatus"":54,""adsMux"":15,""adsAdcon"":6,""adsDrate"":240,""adsReason"":""ok"",""tcaOk"":true,""mcpOkCount"":8,""mcpOk"":[true,true,true,true,true,true,true,true],""mcpAddrMask"":[1,1,1,1,1,1,1,1],""mcpControlTested"":true,""mcpControlOkCount"":8,""mcpControlOk"":[true,true,true,true,true,true,true,true],""dacReady"":true,""radioReady"":true,""mlReady"":true,""nullingProfileApplied"":true,""modelProfileReady"":false},""runtimeMcpCode"":[255,519,795,706,799,865,665,139],""model"":{""profileId"":""cnn-dualbranch-datasheet-v1-unbound"",""scalerProfileId"":""cnn-dualbranch-datasheet-v1-unbound"",""productionApproved"":true,""boundNullingProfileId"":8,""activeNullingProfileId"":9,""bindingValid"":true,""bindingModelMatches"":true,""profileReady"":false,""inferenceValid"":false,""sensorFault"":true},""lora"":{""beginState"":0,""lastTxState"":0,""lastTxOk"":false,""txSeq"":0,""txCounter"":0,""aesKeyProvisioned"":true,""aesKeyPresent"":true,""aesKeySource"":""nvs"",""keyId"":1,""lastDownlinkCommandId"":0,""freqMHz"":920,""bwKHz"":125,""sf"":7,""cr"":5,""syncWord"":18,""txPowerDbm"":17,""preamble"":8,""tcxoVoltage"":1.600000024,""xtalVoltage"":0},""dataset"":{""state"":""idle"",""step"":""idle"",""label"":"""",""seq"":0,""targetSamples"":0,""sampleIntervalMs"":500,""maxDurationMs"":0,""useFanIntake"":true,""fanOnMs"":1000,""postFanSettleMs"":0,""nullingProfileId"":9,""queuePending"":0,""queueCapacity"":16,""queueEnqueued"":0,""queueDropped"":0,""publishFailCount"":0,""retryCount"":0,""retryFailCount"":0,""rejectedSamples"":0,""lastRejectReason"":""none"",""lastRejectChannel"":-1,""lastRejectOkFiniteCount"":0,""lastRejectStatus"":255,""lastRejectGain"":0,""lastRejectSaturated"":false},""recovery"":{""wifiReconnectCount"":0,""wifiReconnectFailCount"":0,""mqttReconnectCount"":0,""mqttConnectFailCount"":0,""lastMqttState"":0,""adsRecoveryCount"":0,""adsRecoveryFailCount"":0,""adsReadFailStreak"":0,""lastReason"":""none"",""lastRecoveryMs"":0,""bootRecoveryArmed"":false,""bootRecoveryDueMs"":0,""bootRecoveryReason"":""none"",""bootRecoveryNonAdsFailure"":false,""bootRecoveryRestartCount"":0},""nulling"":{""done"":false,""retryArmed"":false,""attemptCount"":0,""nextRetryMs"":0,""thresholdV"":9.999999747E-06,""minFinalV"":0},""telemetry"":{""valid"":true,""sampleMs"":6486748,""gasClass"":6,""gasName"":""CO2"",""confidence"":0,""alarm"":false,""sensorVoltage"":[0.104216158,0.004004176,0.004856519,-0.00262741,-0.008003214,-0.011612239,-0.019439589,-0.025717095],""sensorGain"":[32,64,64,64,64,64,64,64],""sensorStatus"":[0,0,0,0,0,0,0,0],""featureOrder"":[""MQ8"",""MQ135"",""MQ3"",""MQ5"",""MQ4"",""MQ7"",""MQ6"",""MQ2""]},""alarmLatched"":false}"
2026-08-04 11:09:11.562 +07:00,110.433,HOT_SWEEP_70,70,700,300,1,0,0.104129292,0.003983093,0.004866679,-0.002606703,-0.008014699,-0.011620287,-0.019374968,-0.025737822,"{""deviceId"":""1001"",""nodeId"":4097,""targetChId"":""0010"",""mode"":""inference"",""uptimeMs"":6487904,""debugEnabled"":true,""power"":{""mode"":""24v"",""externalPower"":true,""batteryMv"":65535,""batteryValid"":false,""batteryDetected"":false,""batterySenseStatus"":""not_detected"",""batteryLow"":false,""batteryCritical"":false,""sourceAmbiguous"":false,""serviceHoldActive"":false,""serviceHoldEffective"":false},""batterySession"":{""state"":""inactive"",""startedMs"":0,""stateStartedMs"":0,""validSampleBatches"":0,""requiredSampleBatches"":10,""alarmTxAttempts"":0,""alarmTxAttemptLimit"":3,""alarmAckReceived"":false,""pendingAlarm"":false,""pendingSaveRequired"":false,""persistenceFaultHold"":false,""completionReason"":""session_done""},""bootHealth"":{""adsReady"":true,""adsDrdyLevel"":0,""adsDrdyPulldownLevel"":0,""adsDrdyPullupLevel"":0,""adsMisoPulldownLevel"":0,""adsMisoPullupLevel"":1,""adsCsLevel"":1,""adsSyncLevel"":1,""adsStatus"":54,""adsMux"":15,""adsAdcon"":6,""adsDrate"":240,""adsReason"":""ok"",""tcaOk"":true,""mcpOkCount"":8,""mcpOk"":[true,true,true,true,true,true,true,true],""mcpAddrMask"":[1,1,1,1,1,1,1,1],""mcpControlTested"":true,""mcpControlOkCount"":8,""mcpControlOk"":[true,true,true,true,true,true,true,true],""dacReady"":true,""radioReady"":true,""mlReady"":true,""nullingProfileApplied"":true,""modelProfileReady"":false},""runtimeMcpCode"":[255,519,795,706,799,865,665,139],""model"":{""profileId"":""cnn-dualbranch-datasheet-v1-unbound"",""scalerProfileId"":""cnn-dualbranch-datasheet-v1-unbound"",""productionApproved"":true,""boundNullingProfileId"":8,""activeNullingProfileId"":9,""bindingValid"":true,""bindingModelMatches"":true,""profileReady"":false,""inferenceValid"":false,""sensorFault"":true},""lora"":{""beginState"":0,""lastTxState"":0,""lastTxOk"":false,""txSeq"":0,""txCounter"":0,""aesKeyProvisioned"":true,""aesKeyPresent"":true,""aesKeySource"":""nvs"",""keyId"":1,""lastDownlinkCommandId"":0,""freqMHz"":920,""bwKHz"":125,""sf"":7,""cr"":5,""syncWord"":18,""txPowerDbm"":17,""preamble"":8,""tcxoVoltage"":1.600000024,""xtalVoltage"":0},""dataset"":{""state"":""idle"",""step"":""idle"",""label"":"""",""seq"":0,""targetSamples"":0,""sampleIntervalMs"":500,""maxDurationMs"":0,""useFanIntake"":true,""fanOnMs"":1000,""postFanSettleMs"":0,""nullingProfileId"":9,""queuePending"":0,""queueCapacity"":16,""queueEnqueued"":0,""queueDropped"":0,""publishFailCount"":0,""retryCount"":0,""retryFailCount"":0,""rejectedSamples"":0,""lastRejectReason"":""none"",""lastRejectChannel"":-1,""lastRejectOkFiniteCount"":0,""lastRejectStatus"":255,""lastRejectGain"":0,""lastRejectSaturated"":false},""recovery"":{""wifiReconnectCount"":0,""wifiReconnectFailCount"":0,""mqttReconnectCount"":0,""mqttConnectFailCount"":0,""lastMqttState"":0,""adsRecoveryCount"":0,""adsRecoveryFailCount"":0,""adsReadFailStreak"":0,""lastReason"":""none"",""lastRecoveryMs"":0,""bootRecoveryArmed"":false,""bootRecoveryDueMs"":0,""bootRecoveryReason"":""none"",""bootRecoveryNonAdsFailure"":false,""bootRecoveryRestartCount"":0},""nulling"":{""done"":false,""retryArmed"":false,""attemptCount"":0,""nextRetryMs"":0,""thresholdV"":9.999999747E-06,""minFinalV"":0},""telemetry"":{""valid"":true,""sampleMs"":6487532,""gasClass"":6,""gasName"":""CO2"",""confidence"":0,""alarm"":false,""sensorVoltage"":[0.104129292,0.003983093,0.004866679,-0.002606703,-0.008014699,-0.011620287,-0.019374968,-0.025737822],""sensorGain"":[32,64,64,64,64,64,64,64],""sensorStatus"":[0,0,0,0,0,0,0,0],""featureOrder"":[""MQ8"",""MQ135"",""MQ3"",""MQ5"",""MQ4"",""MQ7"",""MQ6"",""MQ2""]},""alarmLatched"":false}"
2026-08-04 11:09:12.258 +07:00,111.139,HOT_SWEEP_70,70,700,300,1,0,0.104351684,0.003935366,0.004812903,-0.002625132,-0.008029873,-0.011645809,-0.019327097,-0.025721958,"{""deviceId"":""1001"",""nodeId"":4097,""targetChId"":""0010"",""mode"":""inference"",""uptimeMs"":6488601,""debugEnabled"":true,""power"":{""mode"":""24v"",""externalPower"":true,""batteryMv"":65535,""batteryValid"":false,""batteryDetected"":false,""batterySenseStatus"":""not_detected"",""batteryLow"":false,""batteryCritical"":false,""sourceAmbiguous"":false,""serviceHoldActive"":false,""serviceHoldEffective"":false},""batterySession"":{""state"":""inactive"",""startedMs"":0,""stateStartedMs"":0,""validSampleBatches"":0,""requiredSampleBatches"":10,""alarmTxAttempts"":0,""alarmTxAttemptLimit"":3,""alarmAckReceived"":false,""pendingAlarm"":false,""pendingSaveRequired"":false,""persistenceFaultHold"":false,""completionReason"":""session_done""},""bootHealth"":{""adsReady"":true,""adsDrdyLevel"":0,""adsDrdyPulldownLevel"":0,""adsDrdyPullupLevel"":0,""adsMisoPulldownLevel"":0,""adsMisoPullupLevel"":1,""adsCsLevel"":1,""adsSyncLevel"":1,""adsStatus"":54,""adsMux"":15,""adsAdcon"":6,""adsDrate"":240,""adsReason"":""ok"",""tcaOk"":true,""mcpOkCount"":8,""mcpOk"":[true,true,true,true,true,true,true,true],""mcpAddrMask"":[1,1,1,1,1,1,1,1],""mcpControlTested"":true,""mcpControlOkCount"":8,""mcpControlOk"":[true,true,true,true,true,true,true,true],""dacReady"":true,""radioReady"":true,""mlReady"":true,""nullingProfileApplied"":true,""modelProfileReady"":false},""runtimeMcpCode"":[255,519,795,706,799,865,665,139],""model"":{""profileId"":""cnn-dualbranch-datasheet-v1-unbound"",""scalerProfileId"":""cnn-dualbranch-datasheet-v1-unbound"",""productionApproved"":true,""boundNullingProfileId"":8,""activeNullingProfileId"":9,""bindingValid"":true,""bindingModelMatches"":true,""profileReady"":false,""inferenceValid"":false,""sensorFault"":true},""lora"":{""beginState"":0,""lastTxState"":0,""lastTxOk"":false,""txSeq"":0,""txCounter"":0,""aesKeyProvisioned"":true,""aesKeyPresent"":true,""aesKeySource"":""nvs"",""keyId"":1,""lastDownlinkCommandId"":0,""freqMHz"":920,""bwKHz"":125,""sf"":7,""cr"":5,""syncWord"":18,""txPowerDbm"":17,""preamble"":8,""tcxoVoltage"":1.600000024,""xtalVoltage"":0},""dataset"":{""state"":""idle"",""step"":""idle"",""label"":"""",""seq"":0,""targetSamples"":0,""sampleIntervalMs"":500,""maxDurationMs"":0,""useFanIntake"":true,""fanOnMs"":1000,""postFanSettleMs"":0,""nullingProfileId"":9,""queuePending"":0,""queueCapacity"":16,""queueEnqueued"":0,""queueDropped"":0,""publishFailCount"":0,""retryCount"":0,""retryFailCount"":0,""rejectedSamples"":0,""lastRejectReason"":""none"",""lastRejectChannel"":-1,""lastRejectOkFiniteCount"":0,""lastRejectStatus"":255,""lastRejectGain"":0,""lastRejectSaturated"":false},""recovery"":{""wifiReconnectCount"":0,""wifiReconnectFailCount"":0,""mqttReconnectCount"":0,""mqttConnectFailCount"":0,""lastMqttState"":0,""adsRecoveryCount"":0,""adsRecoveryFailCount"":0,""adsReadFailStreak"":0,""lastReason"":""none"",""lastRecoveryMs"":0,""bootRecoveryArmed"":false,""bootRecoveryDueMs"":0,""bootRecoveryReason"":""none"",""bootRecoveryNonAdsFailure"":false,""bootRecoveryRestartCount"":0},""nulling"":{""done"":false,""retryArmed"":false,""attemptCount"":0,""nextRetryMs"":0,""thresholdV"":9.999999747E-06,""minFinalV"":0},""telemetry"":{""valid"":true,""sampleMs"":6488182,""gasClass"":6,""gasName"":""CO2"",""confidence"":0,""alarm"":false,""sensorVoltage"":[0.104351684,0.003935366,0.004812903,-0.002625132,-0.008029873,-0.011645809,-0.019327097,-0.025721958],""sensorGain"":[32,64,64,64,64,64,64,64],""sensorStatus"":[0,0,0,0,0,0,0,0],""featureOrder"":[""MQ8"",""MQ135"",""MQ3"",""MQ5"",""MQ4"",""MQ7"",""MQ6"",""MQ2""]},""alarmLatched"":false}"
2026-08-04 11:09:12.936 +07:00,111.817,HOT_SWEEP_70,70,700,300,1,0,0.104790524,0.003853171,0.0048368,-0.002586566,-0.007988433,-0.011694012,-0.019309437,-0.025273103,"{""deviceId"":""1001"",""nodeId"":4097,""targetChId"":""0010"",""mode"":""inference"",""uptimeMs"":6489280,""debugEnabled"":true,""power"":{""mode"":""24v"",""externalPower"":true,""batteryMv"":65535,""batteryValid"":false,""batteryDetected"":false,""batterySenseStatus"":""not_detected"",""batteryLow"":false,""batteryCritical"":false,""sourceAmbiguous"":false,""serviceHoldActive"":false,""serviceHoldEffective"":false},""batterySession"":{""state"":""inactive"",""startedMs"":0,""stateStartedMs"":0,""validSampleBatches"":0,""requiredSampleBatches"":10,""alarmTxAttempts"":0,""alarmTxAttemptLimit"":3,""alarmAckReceived"":false,""pendingAlarm"":false,""pendingSaveRequired"":false,""persistenceFaultHold"":false,""completionReason"":""session_done""},""bootHealth"":{""adsReady"":true,""adsDrdyLevel"":0,""adsDrdyPulldownLevel"":0,""adsDrdyPullupLevel"":0,""adsMisoPulldownLevel"":0,""adsMisoPullupLevel"":1,""adsCsLevel"":1,""adsSyncLevel"":1,""adsStatus"":54,""adsMux"":15,""adsAdcon"":6,""adsDrate"":240,""adsReason"":""ok"",""tcaOk"":true,""mcpOkCount"":8,""mcpOk"":[true,true,true,true,true,true,true,true],""mcpAddrMask"":[1,1,1,1,1,1,1,1],""mcpControlTested"":true,""mcpControlOkCount"":8,""mcpControlOk"":[true,true,true,true,true,true,true,true],""dacReady"":true,""radioReady"":true,""mlReady"":true,""nullingProfileApplied"":true,""modelProfileReady"":false},""runtimeMcpCode"":[255,519,795,706,799,865,665,139],""model"":{""profileId"":""cnn-dualbranch-datasheet-v1-unbound"",""scalerProfileId"":""cnn-dualbranch-datasheet-v1-unbound"",""productionApproved"":true,""boundNullingProfileId"":8,""activeNullingProfileId"":9,""bindingValid"":true,""bindingModelMatches"":true,""profileReady"":false,""inferenceValid"":false,""sensorFault"":true},""lora"":{""beginState"":0,""lastTxState"":0,""lastTxOk"":false,""txSeq"":0,""txCounter"":0,""aesKeyProvisioned"":true,""aesKeyPresent"":true,""aesKeySource"":""nvs"",""keyId"":1,""lastDownlinkCommandId"":0,""freqMHz"":920,""bwKHz"":125,""sf"":7,""cr"":5,""syncWord"":18,""txPowerDbm"":17,""preamble"":8,""tcxoVoltage"":1.600000024,""xtalVoltage"":0},""dataset"":{""state"":""idle"",""step"":""idle"",""label"":"""",""seq"":0,""targetSamples"":0,""sampleIntervalMs"":500,""maxDurationMs"":0,""useFanIntake"":true,""fanOnMs"":1000,""postFanSettleMs"":0,""nullingProfileId"":9,""queuePending"":0,""queueCapacity"":16,""queueEnqueued"":0,""queueDropped"":0,""publishFailCount"":0,""retryCount"":0,""retryFailCount"":0,""rejectedSamples"":0,""lastRejectReason"":""none"",""lastRejectChannel"":-1,""lastRejectOkFiniteCount"":0,""lastRejectStatus"":255,""lastRejectGain"":0,""lastRejectSaturated"":false},""recovery"":{""wifiReconnectCount"":0,""wifiReconnectFailCount"":0,""mqttReconnectCount"":0,""mqttConnectFailCount"":0,""lastMqttState"":0,""adsRecoveryCount"":0,""adsRecoveryFailCount"":0,""adsReadFailStreak"":0,""lastReason"":""none"",""lastRecoveryMs"":0,""bootRecoveryArmed"":false,""bootRecoveryDueMs"":0,""bootRecoveryReason"":""none"",""bootRecoveryNonAdsFailure"":false,""bootRecoveryRestartCount"":0},""nulling"":{""done"":false,""retryArmed"":false,""attemptCount"":0,""nextRetryMs"":0,""thresholdV"":9.999999747E-06,""minFinalV"":0},""telemetry"":{""valid"":true,""sampleMs"":6488879,""gasClass"":6,""gasName"":""CO2"",""confidence"":0,""alarm"":false,""sensorVoltage"":[0.104790524,0.003853171,0.0048368,-0.002586566,-0.007988433,-0.011694012,-0.019309437,-0.025273103],""sensorGain"":[32,64,64,64,64,64,64,64],""sensorStatus"":[0,0,0,0,0,0,0,0],""featureOrder"":[""MQ8"",""MQ135"",""MQ3"",""MQ5"",""MQ4"",""MQ7"",""MQ6"",""MQ2""]},""alarmLatched"":false}"
2026-08-04 11:09:13.629 +07:00,112.508,HOT_SWEEP_70,70,700,300,1,0,0.104783222,0.003870899,0.004838692,-0.002510112,-0.007993334,-0.011724704,-0.019316781,-0.025262574,"{""deviceId"":""1001"",""nodeId"":4097,""targetChId"":""0010"",""mode"":""inference"",""uptimeMs"":6489971,""debugEnabled"":true,""power"":{""mode"":""24v"",""externalPower"":true,""batteryMv"":65535,""batteryValid"":false,""batteryDetected"":false,""batterySenseStatus"":""not_detected"",""batteryLow"":false,""batteryCritical"":false,""sourceAmbiguous"":false,""serviceHoldActive"":false,""serviceHoldEffective"":false},""batterySession"":{""state"":""inactive"",""startedMs"":0,""stateStartedMs"":0,""validSampleBatches"":0,""requiredSampleBatches"":10,""alarmTxAttempts"":0,""alarmTxAttemptLimit"":3,""alarmAckReceived"":false,""pendingAlarm"":false,""pendingSaveRequired"":false,""persistenceFaultHold"":false,""completionReason"":""session_done""},""bootHealth"":{""adsReady"":true,""adsDrdyLevel"":0,""adsDrdyPulldownLevel"":0,""adsDrdyPullupLevel"":0,""adsMisoPulldownLevel"":0,""adsMisoPullupLevel"":1,""adsCsLevel"":1,""adsSyncLevel"":1,""adsStatus"":54,""adsMux"":15,""adsAdcon"":6,""adsDrate"":240,""adsReason"":""ok"",""tcaOk"":true,""mcpOkCount"":8,""mcpOk"":[true,true,true,true,true,true,true,true],""mcpAddrMask"":[1,1,1,1,1,1,1,1],""mcpControlTested"":true,""mcpControlOkCount"":8,""mcpControlOk"":[true,true,true,true,true,true,true,true],""dacReady"":true,""radioReady"":true,""mlReady"":true,""nullingProfileApplied"":true,""modelProfileReady"":false},""runtimeMcpCode"":[255,519,795,706,799,865,665,139],""model"":{""profileId"":""cnn-dualbranch-datasheet-v1-unbound"",""scalerProfileId"":""cnn-dualbranch-datasheet-v1-unbound"",""productionApproved"":true,""boundNullingProfileId"":8,""activeNullingProfileId"":9,""bindingValid"":true,""bindingModelMatches"":true,""profileReady"":false,""inferenceValid"":false,""sensorFault"":true},""lora"":{""beginState"":0,""lastTxState"":0,""lastTxOk"":false,""txSeq"":0,""txCounter"":0,""aesKeyProvisioned"":true,""aesKeyPresent"":true,""aesKeySource"":""nvs"",""keyId"":1,""lastDownlinkCommandId"":0,""freqMHz"":920,""bwKHz"":125,""sf"":7,""cr"":5,""syncWord"":18,""txPowerDbm"":17,""preamble"":8,""tcxoVoltage"":1.600000024,""xtalVoltage"":0},""dataset"":{""state"":""idle"",""step"":""idle"",""label"":"""",""seq"":0,""targetSamples"":0,""sampleIntervalMs"":500,""maxDurationMs"":0,""useFanIntake"":true,""fanOnMs"":1000,""postFanSettleMs"":0,""nullingProfileId"":9,""queuePending"":0,""queueCapacity"":16,""queueEnqueued"":0,""queueDropped"":0,""publishFailCount"":0,""retryCount"":0,""retryFailCount"":0,""rejectedSamples"":0,""lastRejectReason"":""none"",""lastRejectChannel"":-1,""lastRejectOkFiniteCount"":0,""lastRejectStatus"":255,""lastRejectGain"":0,""lastRejectSaturated"":false},""recovery"":{""wifiReconnectCount"":0,""wifiReconnectFailCount"":0,""mqttReconnectCount"":0,""mqttConnectFailCount"":0,""lastMqttState"":0,""adsRecoveryCount"":0,""adsRecoveryFailCount"":0,""adsReadFailStreak"":0,""lastReason"":""none"",""lastRecoveryMs"":0,""bootRecoveryArmed"":false,""bootRecoveryDueMs"":0,""bootRecoveryReason"":""none"",""bootRecoveryNonAdsFailure"":false,""bootRecoveryRestartCount"":0},""nulling"":{""done"":false,""retryArmed"":false,""attemptCount"":0,""nextRetryMs"":0,""thresholdV"":9.999999747E-06,""minFinalV"":0},""telemetry"":{""valid"":true,""sampleMs"":6489590,""gasClass"":6,""gasName"":""CO2"",""confidence"":0,""alarm"":false,""sensorVoltage"":[0.104783222,0.003870899,0.004838692,-0.002510112,-0.007993334,-0.011724704,-0.019316781,-0.025262574],""sensorGain"":[32,64,64,64,64,64,64,64],""sensorStatus"":[0,0,0,0,0,0,0,0],""featureOrder"":[""MQ8"",""MQ135"",""MQ3"",""MQ5"",""MQ4"",""MQ7"",""MQ6"",""MQ2""]},""alarmLatched"":false}"
2026-08-04 11:09:14.318 +07:00,113.199,HOT_SWEEP_70,70,700,300,1,0,0.104624309,0.003900457,0.004884519,-0.002529742,-0.008170265,-0.011652812,-0.019323349,-0.025219372,"{""deviceId"":""1001"",""nodeId"":4097,""targetChId"":""0010"",""mode"":""inference"",""uptimeMs"":6490666,""debugEnabled"":true,""power"":{""mode"":""24v"",""externalPower"":true,""batteryMv"":65535,""batteryValid"":false,""batteryDetected"":false,""batterySenseStatus"":""not_detected"",""batteryLow"":false,""batteryCritical"":false,""sourceAmbiguous"":false,""serviceHoldActive"":false,""serviceHoldEffective"":false},""batterySession"":{""state"":""inactive"",""startedMs"":0,""stateStartedMs"":0,""validSampleBatches"":0,""requiredSampleBatches"":10,""alarmTxAttempts"":0,""alarmTxAttemptLimit"":3,""alarmAckReceived"":false,""pendingAlarm"":false,""pendingSaveRequired"":false,""persistenceFaultHold"":false,""completionReason"":""session_done""},""bootHealth"":{""adsReady"":true,""adsDrdyLevel"":0,""adsDrdyPulldownLevel"":0,""adsDrdyPullupLevel"":0,""adsMisoPulldownLevel"":0,""adsMisoPullupLevel"":1,""adsCsLevel"":1,""adsSyncLevel"":1,""adsStatus"":54,""adsMux"":15,""adsAdcon"":6,""adsDrate"":240,""adsReason"":""ok"",""tcaOk"":true,""mcpOkCount"":8,""mcpOk"":[true,true,true,true,true,true,true,true],""mcpAddrMask"":[1,1,1,1,1,1,1,1],""mcpControlTested"":true,""mcpControlOkCount"":8,""mcpControlOk"":[true,true,true,true,true,true,true,true],""dacReady"":true,""radioReady"":true,""mlReady"":true,""nullingProfileApplied"":true,""modelProfileReady"":false},""runtimeMcpCode"":[255,519,795,706,799,865,665,139],""model"":{""profileId"":""cnn-dualbranch-datasheet-v1-unbound"",""scalerProfileId"":""cnn-dualbranch-datasheet-v1-unbound"",""productionApproved"":true,""boundNullingProfileId"":8,""activeNullingProfileId"":9,""bindingValid"":true,""bindingModelMatches"":true,""profileReady"":false,""inferenceValid"":false,""sensorFault"":true},""lora"":{""beginState"":0,""lastTxState"":0,""lastTxOk"":false,""txSeq"":0,""txCounter"":0,""aesKeyProvisioned"":true,""aesKeyPresent"":true,""aesKeySource"":""nvs"",""keyId"":1,""lastDownlinkCommandId"":0,""freqMHz"":920,""bwKHz"":125,""sf"":7,""cr"":5,""syncWord"":18,""txPowerDbm"":17,""preamble"":8,""tcxoVoltage"":1.600000024,""xtalVoltage"":0},""dataset"":{""state"":""idle"",""step"":""idle"",""label"":"""",""seq"":0,""targetSamples"":0,""sampleIntervalMs"":500,""maxDurationMs"":0,""useFanIntake"":true,""fanOnMs"":1000,""postFanSettleMs"":0,""nullingProfileId"":9,""queuePending"":0,""queueCapacity"":16,""queueEnqueued"":0,""queueDropped"":0,""publishFailCount"":0,""retryCount"":0,""retryFailCount"":0,""rejectedSamples"":0,""lastRejectReason"":""none"",""lastRejectChannel"":-1,""lastRejectOkFiniteCount"":0,""lastRejectStatus"":255,""lastRejectGain"":0,""lastRejectSaturated"":false},""recovery"":{""wifiReconnectCount"":0,""wifiReconnectFailCount"":0,""mqttReconnectCount"":0,""mqttConnectFailCount"":0,""lastMqttState"":0,""adsRecoveryCount"":0,""adsRecoveryFailCount"":0,""adsReadFailStreak"":0,""lastReason"":""none"",""lastRecoveryMs"":0,""bootRecoveryArmed"":false,""bootRecoveryDueMs"":0,""bootRecoveryReason"":""none"",""bootRecoveryNonAdsFailure"":false,""bootRecoveryRestartCount"":0},""nulling"":{""done"":false,""retryArmed"":false,""attemptCount"":0,""nextRetryMs"":0,""thresholdV"":9.999999747E-06,""minFinalV"":0},""telemetry"":{""valid"":true,""sampleMs"":6490249,""gasClass"":6,""gasName"":""CO2"",""confidence"":0,""alarm"":false,""sensorVoltage"":[0.104624309,0.003900457,0.004884519,-0.002529742,-0.008170265,-0.011652812,-0.019323349,-0.025219372],""sensorGain"":[32,64,64,64,64,64,64,64],""sensorStatus"":[0,0,0,0,0,0,0,0],""featureOrder"":[""MQ8"",""MQ135"",""MQ3"",""MQ5"",""MQ4"",""MQ7"",""MQ6"",""MQ2""]},""alarmLatched"":false}"
2026-08-04 11:09:14.997 +07:00,113.878,HOT_SWEEP_70,70,700,300,1,0,0.105194427,0.003833052,0.004878681,-0.002447011,-0.007923114,-0.011357022,-0.018984284,-0.024775323,"{""deviceId"":""1001"",""nodeId"":4097,""targetChId"":""0010"",""mode"":""inference"",""uptimeMs"":6491352,""debugEnabled"":true,""power"":{""mode"":""24v"",""externalPower"":true,""batteryMv"":65535,""batteryValid"":false,""batteryDetected"":false,""batterySenseStatus"":""not_detected"",""batteryLow"":false,""batteryCritical"":false,""sourceAmbiguous"":false,""serviceHoldActive"":false,""serviceHoldEffective"":false},""batterySession"":{""state"":""inactive"",""startedMs"":0,""stateStartedMs"":0,""validSampleBatches"":0,""requiredSampleBatches"":10,""alarmTxAttempts"":0,""alarmTxAttemptLimit"":3,""alarmAckReceived"":false,""pendingAlarm"":false,""pendingSaveRequired"":false,""persistenceFaultHold"":false,""completionReason"":""session_done""},""bootHealth"":{""adsReady"":true,""adsDrdyLevel"":0,""adsDrdyPulldownLevel"":0,""adsDrdyPullupLevel"":0,""adsMisoPulldownLevel"":0,""adsMisoPullupLevel"":1,""adsCsLevel"":1,""adsSyncLevel"":1,""adsStatus"":54,""adsMux"":15,""adsAdcon"":6,""adsDrate"":240,""adsReason"":""ok"",""tcaOk"":true,""mcpOkCount"":8,""mcpOk"":[true,true,true,true,true,true,true,true],""mcpAddrMask"":[1,1,1,1,1,1,1,1],""mcpControlTested"":true,""mcpControlOkCount"":8,""mcpControlOk"":[true,true,true,true,true,true,true,true],""dacReady"":true,""radioReady"":true,""mlReady"":true,""nullingProfileApplied"":true,""modelProfileReady"":false},""runtimeMcpCode"":[255,519,795,706,799,865,665,139],""model"":{""profileId"":""cnn-dualbranch-datasheet-v1-unbound"",""scalerProfileId"":""cnn-dualbranch-datasheet-v1-unbound"",""productionApproved"":true,""boundNullingProfileId"":8,""activeNullingProfileId"":9,""bindingValid"":true,""bindingModelMatches"":true,""profileReady"":false,""inferenceValid"":false,""sensorFault"":true},""lora"":{""beginState"":0,""lastTxState"":0,""lastTxOk"":false,""txSeq"":0,""txCounter"":0,""aesKeyProvisioned"":true,""aesKeyPresent"":true,""aesKeySource"":""nvs"",""keyId"":1,""lastDownlinkCommandId"":0,""freqMHz"":920,""bwKHz"":125,""sf"":7,""cr"":5,""syncWord"":18,""txPowerDbm"":17,""preamble"":8,""tcxoVoltage"":1.600000024,""xtalVoltage"":0},""dataset"":{""state"":""idle"",""step"":""idle"",""label"":"""",""seq"":0,""targetSamples"":0,""sampleIntervalMs"":500,""maxDurationMs"":0,""useFanIntake"":true,""fanOnMs"":1000,""postFanSettleMs"":0,""nullingProfileId"":9,""queuePending"":0,""queueCapacity"":16,""queueEnqueued"":0,""queueDropped"":0,""publishFailCount"":0,""retryCount"":0,""retryFailCount"":0,""rejectedSamples"":0,""lastRejectReason"":""none"",""lastRejectChannel"":-1,""lastRejectOkFiniteCount"":0,""lastRejectStatus"":255,""lastRejectGain"":0,""lastRejectSaturated"":false},""recovery"":{""wifiReconnectCount"":0,""wifiReconnectFailCount"":0,""mqttReconnectCount"":0,""mqttConnectFailCount"":0,""lastMqttState"":0,""adsRecoveryCount"":0,""adsRecoveryFailCount"":0,""adsReadFailStreak"":0,""lastReason"":""none"",""lastRecoveryMs"":0,""bootRecoveryArmed"":false,""bootRecoveryDueMs"":0,""bootRecoveryReason"":""none"",""bootRecoveryNonAdsFailure"":false,""bootRecoveryRestartCount"":0},""nulling"":{""done"":false,""retryArmed"":false,""attemptCount"":0,""nextRetryMs"":0,""thresholdV"":9.999999747E-06,""minFinalV"":0},""telemetry"":{""valid"":true,""sampleMs"":6490944,""gasClass"":6,""gasName"":""CO2"",""confidence"":0,""alarm"":false,""sensorVoltage"":[0.105194427,0.003833052,0.004878681,-0.002447011,-0.007923114,-0.011357022,-0.018984284,-0.024775323],""sensorGain"":[32,64,64,64,64,64,64,64],""sensorStatus"":[0,0,0,0,0,0,0,0],""featureOrder"":[""MQ8"",""MQ135"",""MQ3"",""MQ5"",""MQ4"",""MQ7"",""MQ6"",""MQ2""]},""alarmLatched"":false}"
2026-08-04 11:09:15.668 +07:00,114.549,HOT_SWEEP_70,70,700,300,1,0,0.105040394,0.00384092,0.004883611,-0.002453787,-0.008232825,-0.011625678,-0.019333843,-0.024852309,"{""deviceId"":""1001"",""nodeId"":4097,""targetChId"":""0010"",""mode"":""inference"",""uptimeMs"":6492020,""debugEnabled"":true,""power"":{""mode"":""24v"",""externalPower"":true,""batteryMv"":65535,""batteryValid"":false,""batteryDetected"":false,""batterySenseStatus"":""not_detected"",""batteryLow"":false,""batteryCritical"":false,""sourceAmbiguous"":false,""serviceHoldActive"":false,""serviceHoldEffective"":false},""batterySession"":{""state"":""inactive"",""startedMs"":0,""stateStartedMs"":0,""validSampleBatches"":0,""requiredSampleBatches"":10,""alarmTxAttempts"":0,""alarmTxAttemptLimit"":3,""alarmAckReceived"":false,""pendingAlarm"":false,""pendingSaveRequired"":false,""persistenceFaultHold"":false,""completionReason"":""session_done""},""bootHealth"":{""adsReady"":true,""adsDrdyLevel"":0,""adsDrdyPulldownLevel"":0,""adsDrdyPullupLevel"":0,""adsMisoPulldownLevel"":0,""adsMisoPullupLevel"":1,""adsCsLevel"":1,""adsSyncLevel"":1,""adsStatus"":54,""adsMux"":15,""adsAdcon"":6,""adsDrate"":240,""adsReason"":""ok"",""tcaOk"":true,""mcpOkCount"":8,""mcpOk"":[true,true,true,true,true,true,true,true],""mcpAddrMask"":[1,1,1,1,1,1,1,1],""mcpControlTested"":true,""mcpControlOkCount"":8,""mcpControlOk"":[true,true,true,true,true,true,true,true],""dacReady"":true,""radioReady"":true,""mlReady"":true,""nullingProfileApplied"":true,""modelProfileReady"":false},""runtimeMcpCode"":[255,519,795,706,799,865,665,139],""model"":{""profileId"":""cnn-dualbranch-datasheet-v1-unbound"",""scalerProfileId"":""cnn-dualbranch-datasheet-v1-unbound"",""productionApproved"":true,""boundNullingProfileId"":8,""activeNullingProfileId"":9,""bindingValid"":true,""bindingModelMatches"":true,""profileReady"":false,""inferenceValid"":false,""sensorFault"":true},""lora"":{""beginState"":0,""lastTxState"":0,""lastTxOk"":false,""txSeq"":0,""txCounter"":0,""aesKeyProvisioned"":true,""aesKeyPresent"":true,""aesKeySource"":""nvs"",""keyId"":1,""lastDownlinkCommandId"":0,""freqMHz"":920,""bwKHz"":125,""sf"":7,""cr"":5,""syncWord"":18,""txPowerDbm"":17,""preamble"":8,""tcxoVoltage"":1.600000024,""xtalVoltage"":0},""dataset"":{""state"":""idle"",""step"":""idle"",""label"":"""",""seq"":0,""targetSamples"":0,""sampleIntervalMs"":500,""maxDurationMs"":0,""useFanIntake"":true,""fanOnMs"":1000,""postFanSettleMs"":0,""nullingProfileId"":9,""queuePending"":0,""queueCapacity"":16,""queueEnqueued"":0,""queueDropped"":0,""publishFailCount"":0,""retryCount"":0,""retryFailCount"":0,""rejectedSamples"":0,""lastRejectReason"":""none"",""lastRejectChannel"":-1,""lastRejectOkFiniteCount"":0,""lastRejectStatus"":255,""lastRejectGain"":0,""lastRejectSaturated"":false},""recovery"":{""wifiReconnectCount"":0,""wifiReconnectFailCount"":0,""mqttReconnectCount"":0,""mqttConnectFailCount"":0,""lastMqttState"":0,""adsRecoveryCount"":0,""adsRecoveryFailCount"":0,""adsReadFailStreak"":0,""lastReason"":""none"",""lastRecoveryMs"":0,""bootRecoveryArmed"":false,""bootRecoveryDueMs"":0,""bootRecoveryReason"":""none"",""bootRecoveryNonAdsFailure"":false,""bootRecoveryRestartCount"":0},""nulling"":{""done"":false,""retryArmed"":false,""attemptCount"":0,""nextRetryMs"":0,""thresholdV"":9.999999747E-06,""minFinalV"":0},""telemetry"":{""valid"":true,""sampleMs"":6491662,""gasClass"":6,""gasName"":""CO2"",""confidence"":0,""alarm"":false,""sensorVoltage"":[0.105040394,0.00384092,0.004883611,-0.002453787,-0.008232825,-0.011625678,-0.019333843,-0.024852309],""sensorGain"":[32,64,64,64,64,64,64,64],""sensorStatus"":[0,0,0,0,0,0,0,0],""featureOrder"":[""MQ8"",""MQ135"",""MQ3"",""MQ5"",""MQ4"",""MQ7"",""MQ6"",""MQ2""]},""alarmLatched"":false}"
2026-08-04 11:09:16.358 +07:00,115.238,HOT_SWEEP_70,70,700,300,1,0,0.104611754,0.003831478,0.004900944,-0.002434893,-0.008227171,-0.011643375,-0.019380579,-0.024962282,"{""deviceId"":""1001"",""nodeId"":4097,""targetChId"":""0010"",""mode"":""inference"",""uptimeMs"":6492700,""debugEnabled"":true,""power"":{""mode"":""24v"",""externalPower"":true,""batteryMv"":65535,""batteryValid"":false,""batteryDetected"":false,""batterySenseStatus"":""not_detected"",""batteryLow"":false,""batteryCritical"":false,""sourceAmbiguous"":false,""serviceHoldActive"":false,""serviceHoldEffective"":false},""batterySession"":{""state"":""inactive"",""startedMs"":0,""stateStartedMs"":0,""validSampleBatches"":0,""requiredSampleBatches"":10,""alarmTxAttempts"":0,""alarmTxAttemptLimit"":3,""alarmAckReceived"":false,""pendingAlarm"":false,""pendingSaveRequired"":false,""persistenceFaultHold"":false,""completionReason"":""session_done""},""bootHealth"":{""adsReady"":true,""adsDrdyLevel"":0,""adsDrdyPulldownLevel"":0,""adsDrdyPullupLevel"":0,""adsMisoPulldownLevel"":0,""adsMisoPullupLevel"":1,""adsCsLevel"":1,""adsSyncLevel"":1,""adsStatus"":54,""adsMux"":15,""adsAdcon"":6,""adsDrate"":240,""adsReason"":""ok"",""tcaOk"":true,""mcpOkCount"":8,""mcpOk"":[true,true,true,true,true,true,true,true],""mcpAddrMask"":[1,1,1,1,1,1,1,1],""mcpControlTested"":true,""mcpControlOkCount"":8,""mcpControlOk"":[true,true,true,true,true,true,true,true],""dacReady"":true,""radioReady"":true,""mlReady"":true,""nullingProfileApplied"":true,""modelProfileReady"":false},""runtimeMcpCode"":[255,519,795,706,799,865,665,139],""model"":{""profileId"":""cnn-dualbranch-datasheet-v1-unbound"",""scalerProfileId"":""cnn-dualbranch-datasheet-v1-unbound"",""productionApproved"":true,""boundNullingProfileId"":8,""activeNullingProfileId"":9,""bindingValid"":true,""bindingModelMatches"":true,""profileReady"":false,""inferenceValid"":false,""sensorFault"":true},""lora"":{""beginState"":0,""lastTxState"":0,""lastTxOk"":false,""txSeq"":0,""txCounter"":0,""aesKeyProvisioned"":true,""aesKeyPresent"":true,""aesKeySource"":""nvs"",""keyId"":1,""lastDownlinkCommandId"":0,""freqMHz"":920,""bwKHz"":125,""sf"":7,""cr"":5,""syncWord"":18,""txPowerDbm"":17,""preamble"":8,""tcxoVoltage"":1.600000024,""xtalVoltage"":0},""dataset"":{""state"":""idle"",""step"":""idle"",""label"":"""",""seq"":0,""targetSamples"":0,""sampleIntervalMs"":500,""maxDurationMs"":0,""useFanIntake"":true,""fanOnMs"":1000,""postFanSettleMs"":0,""nullingProfileId"":9,""queuePending"":0,""queueCapacity"":16,""queueEnqueued"":0,""queueDropped"":0,""publishFailCount"":0,""retryCount"":0,""retryFailCount"":0,""rejectedSamples"":0,""lastRejectReason"":""none"",""lastRejectChannel"":-1,""lastRejectOkFiniteCount"":0,""lastRejectStatus"":255,""lastRejectGain"":0,""lastRejectSaturated"":false},""recovery"":{""wifiReconnectCount"":0,""wifiReconnectFailCount"":0,""mqttReconnectCount"":0,""mqttConnectFailCount"":0,""lastMqttState"":0,""adsRecoveryCount"":0,""adsRecoveryFailCount"":0,""adsReadFailStreak"":0,""lastReason"":""none"",""lastRecoveryMs"":0,""bootRecoveryArmed"":false,""bootRecoveryDueMs"":0,""bootRecoveryReason"":""none"",""bootRecoveryNonAdsFailure"":false,""bootRecoveryRestartCount"":0},""nulling"":{""done"":false,""retryArmed"":false,""attemptCount"":0,""nextRetryMs"":0,""thresholdV"":9.999999747E-06,""minFinalV"":0},""telemetry"":{""valid"":true,""sampleMs"":6492298,""gasClass"":6,""gasName"":""CO2"",""confidence"":0,""alarm"":false,""sensorVoltage"":[0.104611754,0.003831478,0.004900944,-0.002434893,-0.008227171,-0.011643375,-0.019380579,-0.024962282],""sensorGain"":[32,64,64,64,64,64,64,64],""sensorStatus"":[0,0,0,0,0,0,0,0],""featureOrder"":[""MQ8"",""MQ135"",""MQ3"",""MQ5"",""MQ4"",""MQ7"",""MQ6"",""MQ2""]},""alarmLatched"":false}"
2026-08-04 11:09:17.045 +07:00,115.925,HOT_SWEEP_70,70,700,300,1,0,0.105355524,0.003839036,0.004902669,-0.00239068,-0.009057699,-0.011366998,-0.019375879,-0.024942677,"{""deviceId"":""1001"",""nodeId"":4097,""targetChId"":""0010"",""mode"":""inference"",""uptimeMs"":6493387,""debugEnabled"":true,""power"":{""mode"":""24v"",""externalPower"":true,""batteryMv"":65535,""batteryValid"":false,""batteryDetected"":false,""batterySenseStatus"":""not_detected"",""batteryLow"":false,""batteryCritical"":false,""sourceAmbiguous"":false,""serviceHoldActive"":false,""serviceHoldEffective"":false},""batterySession"":{""state"":""inactive"",""startedMs"":0,""stateStartedMs"":0,""validSampleBatches"":0,""requiredSampleBatches"":10,""alarmTxAttempts"":0,""alarmTxAttemptLimit"":3,""alarmAckReceived"":false,""pendingAlarm"":false,""pendingSaveRequired"":false,""persistenceFaultHold"":false,""completionReason"":""session_done""},""bootHealth"":{""adsReady"":true,""adsDrdyLevel"":0,""adsDrdyPulldownLevel"":0,""adsDrdyPullupLevel"":0,""adsMisoPulldownLevel"":0,""adsMisoPullupLevel"":1,""adsCsLevel"":1,""adsSyncLevel"":1,""adsStatus"":54,""adsMux"":15,""adsAdcon"":6,""adsDrate"":240,""adsReason"":""ok"",""tcaOk"":true,""mcpOkCount"":8,""mcpOk"":[true,true,true,true,true,true,true,true],""mcpAddrMask"":[1,1,1,1,1,1,1,1],""mcpControlTested"":true,""mcpControlOkCount"":8,""mcpControlOk"":[true,true,true,true,true,true,true,true],""dacReady"":true,""radioReady"":true,""mlReady"":true,""nullingProfileApplied"":true,""modelProfileReady"":false},""runtimeMcpCode"":[255,519,795,706,799,865,665,139],""model"":{""profileId"":""cnn-dualbranch-datasheet-v1-unbound"",""scalerProfileId"":""cnn-dualbranch-datasheet-v1-unbound"",""productionApproved"":true,""boundNullingProfileId"":8,""activeNullingProfileId"":9,""bindingValid"":true,""bindingModelMatches"":true,""profileReady"":false,""inferenceValid"":false,""sensorFault"":true},""lora"":{""beginState"":0,""lastTxState"":0,""lastTxOk"":false,""txSeq"":0,""txCounter"":0,""aesKeyProvisioned"":true,""aesKeyPresent"":true,""aesKeySource"":""nvs"",""keyId"":1,""lastDownlinkCommandId"":0,""freqMHz"":920,""bwKHz"":125,""sf"":7,""cr"":5,""syncWord"":18,""txPowerDbm"":17,""preamble"":8,""tcxoVoltage"":1.600000024,""xtalVoltage"":0},""dataset"":{""state"":""idle"",""step"":""idle"",""label"":"""",""seq"":0,""targetSamples"":0,""sampleIntervalMs"":500,""maxDurationMs"":0,""useFanIntake"":true,""fanOnMs"":1000,""postFanSettleMs"":0,""nullingProfileId"":9,""queuePending"":0,""queueCapacity"":16,""queueEnqueued"":0,""queueDropped"":0,""publishFailCount"":0,""retryCount"":0,""retryFailCount"":0,""rejectedSamples"":0,""lastRejectReason"":""none"",""lastRejectChannel"":-1,""lastRejectOkFiniteCount"":0,""lastRejectStatus"":255,""lastRejectGain"":0,""lastRejectSaturated"":false},""recovery"":{""wifiReconnectCount"":0,""wifiReconnectFailCount"":0,""mqttReconnectCount"":0,""mqttConnectFailCount"":0,""lastMqttState"":0,""adsRecoveryCount"":0,""adsRecoveryFailCount"":0,""adsReadFailStreak"":0,""lastReason"":""none"",""lastRecoveryMs"":0,""bootRecoveryArmed"":false,""bootRecoveryDueMs"":0,""bootRecoveryReason"":""none"",""bootRecoveryNonAdsFailure"":false,""bootRecoveryRestartCount"":0},""nulling"":{""done"":false,""retryArmed"":false,""attemptCount"":0,""nextRetryMs"":0,""thresholdV"":9.999999747E-06,""minFinalV"":0},""telemetry"":{""valid"":true,""sampleMs"":6492978,""gasClass"":6,""gasName"":""CO2"",""confidence"":0,""alarm"":false,""sensorVoltage"":[0.105355524,0.003839036,0.004902669,-0.00239068,-0.009057699,-0.011366998,-0.019375879,-0.024942677],""sensorGain"":[32,64,64,64,64,64,64,64],""sensorStatus"":[0,0,0,0,0,0,0,0],""featureOrder"":[""MQ8"",""MQ135"",""MQ3"",""MQ5"",""MQ4"",""MQ7"",""MQ6"",""MQ2""]},""alarmLatched"":false}"
2026-08-04 11:09:17.732 +07:00,116.613,HOT_SWEEP_70,70,700,300,1,0,0.105271317,0.003847882,0.004905215,-0.002403936,-0.009272425,-0.011564208,-0.019350786,-0.024921456,"{""deviceId"":""1001"",""nodeId"":4097,""targetChId"":""0010"",""mode"":""inference"",""uptimeMs"":6494085,""debugEnabled"":true,""power"":{""mode"":""24v"",""externalPower"":true,""batteryMv"":65535,""batteryValid"":false,""batteryDetected"":false,""batterySenseStatus"":""not_detected"",""batteryLow"":false,""batteryCritical"":false,""sourceAmbiguous"":false,""serviceHoldActive"":false,""serviceHoldEffective"":false},""batterySession"":{""state"":""inactive"",""startedMs"":0,""stateStartedMs"":0,""validSampleBatches"":0,""requiredSampleBatches"":10,""alarmTxAttempts"":0,""alarmTxAttemptLimit"":3,""alarmAckReceived"":false,""pendingAlarm"":false,""pendingSaveRequired"":false,""persistenceFaultHold"":false,""completionReason"":""session_done""},""bootHealth"":{""adsReady"":true,""adsDrdyLevel"":0,""adsDrdyPulldownLevel"":0,""adsDrdyPullupLevel"":0,""adsMisoPulldownLevel"":0,""adsMisoPullupLevel"":1,""adsCsLevel"":1,""adsSyncLevel"":1,""adsStatus"":54,""adsMux"":15,""adsAdcon"":6,""adsDrate"":240,""adsReason"":""ok"",""tcaOk"":true,""mcpOkCount"":8,""mcpOk"":[true,true,true,true,true,true,true,true],""mcpAddrMask"":[1,1,1,1,1,1,1,1],""mcpControlTested"":true,""mcpControlOkCount"":8,""mcpControlOk"":[true,true,true,true,true,true,true,true],""dacReady"":true,""radioReady"":true,""mlReady"":true,""nullingProfileApplied"":true,""modelProfileReady"":false},""runtimeMcpCode"":[255,519,795,706,799,865,665,139],""model"":{""profileId"":""cnn-dualbranch-datasheet-v1-unbound"",""scalerProfileId"":""cnn-dualbranch-datasheet-v1-unbound"",""productionApproved"":true,""boundNullingProfileId"":8,""activeNullingProfileId"":9,""bindingValid"":true,""bindingModelMatches"":true,""profileReady"":false,""inferenceValid"":false,""sensorFault"":true},""lora"":{""beginState"":0,""lastTxState"":0,""lastTxOk"":false,""txSeq"":0,""txCounter"":0,""aesKeyProvisioned"":true,""aesKeyPresent"":true,""aesKeySource"":""nvs"",""keyId"":1,""lastDownlinkCommandId"":0,""freqMHz"":920,""bwKHz"":125,""sf"":7,""cr"":5,""syncWord"":18,""txPowerDbm"":17,""preamble"":8,""tcxoVoltage"":1.600000024,""xtalVoltage"":0},""dataset"":{""state"":""idle"",""step"":""idle"",""label"":"""",""seq"":0,""targetSamples"":0,""sampleIntervalMs"":500,""maxDurationMs"":0,""useFanIntake"":true,""fanOnMs"":1000,""postFanSettleMs"":0,""nullingProfileId"":9,""queuePending"":0,""queueCapacity"":16,""queueEnqueued"":0,""queueDropped"":0,""publishFailCount"":0,""retryCount"":0,""retryFailCount"":0,""rejectedSamples"":0,""lastRejectReason"":""none"",""lastRejectChannel"":-1,""lastRejectOkFiniteCount"":0,""lastRejectStatus"":255,""lastRejectGain"":0,""lastRejectSaturated"":false},""recovery"":{""wifiReconnectCount"":0,""wifiReconnectFailCount"":0,""mqttReconnectCount"":0,""mqttConnectFailCount"":0,""lastMqttState"":0,""adsRecoveryCount"":0,""adsRecoveryFailCount"":0,""adsReadFailStreak"":0,""lastReason"":""none"",""lastRecoveryMs"":0,""bootRecoveryArmed"":false,""bootRecoveryDueMs"":0,""bootRecoveryReason"":""none"",""bootRecoveryNonAdsFailure"":false,""bootRecoveryRestartCount"":0},""nulling"":{""done"":false,""retryArmed"":false,""attemptCount"":0,""nextRetryMs"":0,""thresholdV"":9.999999747E-06,""minFinalV"":0},""telemetry"":{""valid"":true,""sampleMs"":6493697,""gasClass"":6,""gasName"":""CO2"",""confidence"":0,""alarm"":false,""sensorVoltage"":[0.105271317,0.003847882,0.004905215,-0.002403936,-0.009272425,-0.011564208,-0.019350786,-0.024921456],""sensorGain"":[32,64,64,64,64,64,64,64],""sensorStatus"":[0,0,0,0,0,0,0,0],""featureOrder"":[""MQ8"",""MQ135"",""MQ3"",""MQ5"",""MQ4"",""MQ7"",""MQ6"",""MQ2""]},""alarmLatched"":false}"
2026-08-04 11:09:18.429 +07:00,117.309,HOT_SWEEP_70,70,700,300,1,0,0.104690291,0.003856578,0.004932317,-0.002415081,-0.008221637,-0.01156635,-0.019315189,-0.024868509,"{""deviceId"":""1001"",""nodeId"":4097,""targetChId"":""0010"",""mode"":""inference"",""uptimeMs"":6494771,""debugEnabled"":true,""power"":{""mode"":""24v"",""externalPower"":true,""batteryMv"":65535,""batteryValid"":false,""batteryDetected"":false,""batterySenseStatus"":""not_detected"",""batteryLow"":false,""batteryCritical"":false,""sourceAmbiguous"":false,""serviceHoldActive"":false,""serviceHoldEffective"":false},""batterySession"":{""state"":""inactive"",""startedMs"":0,""stateStartedMs"":0,""validSampleBatches"":0,""requiredSampleBatches"":10,""alarmTxAttempts"":0,""alarmTxAttemptLimit"":3,""alarmAckReceived"":false,""pendingAlarm"":false,""pendingSaveRequired"":false,""persistenceFaultHold"":false,""completionReason"":""session_done""},""bootHealth"":{""adsReady"":true,""adsDrdyLevel"":0,""adsDrdyPulldownLevel"":0,""adsDrdyPullupLevel"":0,""adsMisoPulldownLevel"":0,""adsMisoPullupLevel"":1,""adsCsLevel"":1,""adsSyncLevel"":1,""adsStatus"":54,""adsMux"":15,""adsAdcon"":6,""adsDrate"":240,""adsReason"":""ok"",""tcaOk"":true,""mcpOkCount"":8,""mcpOk"":[true,true,true,true,true,true,true,true],""mcpAddrMask"":[1,1,1,1,1,1,1,1],""mcpControlTested"":true,""mcpControlOkCount"":8,""mcpControlOk"":[true,true,true,true,true,true,true,true],""dacReady"":true,""radioReady"":true,""mlReady"":true,""nullingProfileApplied"":true,""modelProfileReady"":false},""runtimeMcpCode"":[255,519,795,706,799,865,665,139],""model"":{""profileId"":""cnn-dualbranch-datasheet-v1-unbound"",""scalerProfileId"":""cnn-dualbranch-datasheet-v1-unbound"",""productionApproved"":true,""boundNullingProfileId"":8,""activeNullingProfileId"":9,""bindingValid"":true,""bindingModelMatches"":true,""profileReady"":false,""inferenceValid"":false,""sensorFault"":true},""lora"":{""beginState"":0,""lastTxState"":0,""lastTxOk"":false,""txSeq"":0,""txCounter"":0,""aesKeyProvisioned"":true,""aesKeyPresent"":true,""aesKeySource"":""nvs"",""keyId"":1,""lastDownlinkCommandId"":0,""freqMHz"":920,""bwKHz"":125,""sf"":7,""cr"":5,""syncWord"":18,""txPowerDbm"":17,""preamble"":8,""tcxoVoltage"":1.600000024,""xtalVoltage"":0},""dataset"":{""state"":""idle"",""step"":""idle"",""label"":"""",""seq"":0,""targetSamples"":0,""sampleIntervalMs"":500,""maxDurationMs"":0,""useFanIntake"":true,""fanOnMs"":1000,""postFanSettleMs"":0,""nullingProfileId"":9,""queuePending"":0,""queueCapacity"":16,""queueEnqueued"":0,""queueDropped"":0,""publishFailCount"":0,""retryCount"":0,""retryFailCount"":0,""rejectedSamples"":0,""lastRejectReason"":""none"",""lastRejectChannel"":-1,""lastRejectOkFiniteCount"":0,""lastRejectStatus"":255,""lastRejectGain"":0,""lastRejectSaturated"":false},""recovery"":{""wifiReconnectCount"":0,""wifiReconnectFailCount"":0,""mqttReconnectCount"":0,""mqttConnectFailCount"":0,""lastMqttState"":0,""adsRecoveryCount"":0,""adsRecoveryFailCount"":0,""adsReadFailStreak"":0,""lastReason"":""none"",""lastRecoveryMs"":0,""bootRecoveryArmed"":false,""bootRecoveryDueMs"":0,""bootRecoveryReason"":""none"",""bootRecoveryNonAdsFailure"":false,""bootRecoveryRestartCount"":0},""nulling"":{""done"":false,""retryArmed"":false,""attemptCount"":0,""nextRetryMs"":0,""thresholdV"":9.999999747E-06,""minFinalV"":0},""telemetry"":{""valid"":true,""sampleMs"":6494363,""gasClass"":6,""gasName"":""CO2"",""confidence"":0,""alarm"":false,""sensorVoltage"":[0.104690291,0.003856578,0.004932317,-0.002415081,-0.008221637,-0.01156635,-0.019315189,-0.024868509],""sensorGain"":[32,64,64,64,64,64,64,64],""sensorStatus"":[0,0,0,0,0,0,0,0],""featureOrder"":[""MQ8"",""MQ135"",""MQ3"",""MQ5"",""MQ4"",""MQ7"",""MQ6"",""MQ2""]},""alarmLatched"":false}"
2026-08-04 11:09:19.100 +07:00,117.981,HOT_SWEEP_70,70,700,300,1,0,0.106001757,0.003852275,0.004917214,-0.002349335,-0.008138714,-0.011545567,-0.019315217,-0.024888799,"{""deviceId"":""1001"",""nodeId"":4097,""targetChId"":""0010"",""mode"":""inference"",""uptimeMs"":6495452,""debugEnabled"":true,""power"":{""mode"":""24v"",""externalPower"":true,""batteryMv"":65535,""batteryValid"":false,""batteryDetected"":false,""batterySenseStatus"":""not_detected"",""batteryLow"":false,""batteryCritical"":false,""sourceAmbiguous"":false,""serviceHoldActive"":false,""serviceHoldEffective"":false},""batterySession"":{""state"":""inactive"",""startedMs"":0,""stateStartedMs"":0,""validSampleBatches"":0,""requiredSampleBatches"":10,""alarmTxAttempts"":0,""alarmTxAttemptLimit"":3,""alarmAckReceived"":false,""pendingAlarm"":false,""pendingSaveRequired"":false,""persistenceFaultHold"":false,""completionReason"":""session_done""},""bootHealth"":{""adsReady"":true,""adsDrdyLevel"":0,""adsDrdyPulldownLevel"":0,""adsDrdyPullupLevel"":0,""adsMisoPulldownLevel"":0,""adsMisoPullupLevel"":1,""adsCsLevel"":1,""adsSyncLevel"":1,""adsStatus"":54,""adsMux"":15,""adsAdcon"":6,""adsDrate"":240,""adsReason"":""ok"",""tcaOk"":true,""mcpOkCount"":8,""mcpOk"":[true,true,true,true,true,true,true,true],""mcpAddrMask"":[1,1,1,1,1,1,1,1],""mcpControlTested"":true,""mcpControlOkCount"":8,""mcpControlOk"":[true,true,true,true,true,true,true,true],""dacReady"":true,""radioReady"":true,""mlReady"":true,""nullingProfileApplied"":true,""modelProfileReady"":false},""runtimeMcpCode"":[255,519,795,706,799,865,665,139],""model"":{""profileId"":""cnn-dualbranch-datasheet-v1-unbound"",""scalerProfileId"":""cnn-dualbranch-datasheet-v1-unbound"",""productionApproved"":true,""boundNullingProfileId"":8,""activeNullingProfileId"":9,""bindingValid"":true,""bindingModelMatches"":true,""profileReady"":false,""inferenceValid"":false,""sensorFault"":true},""lora"":{""beginState"":0,""lastTxState"":0,""lastTxOk"":false,""txSeq"":0,""txCounter"":0,""aesKeyProvisioned"":true,""aesKeyPresent"":true,""aesKeySource"":""nvs"",""keyId"":1,""lastDownlinkCommandId"":0,""freqMHz"":920,""bwKHz"":125,""sf"":7,""cr"":5,""syncWord"":18,""txPowerDbm"":17,""preamble"":8,""tcxoVoltage"":1.600000024,""xtalVoltage"":0},""dataset"":{""state"":""idle"",""step"":""idle"",""label"":"""",""seq"":0,""targetSamples"":0,""sampleIntervalMs"":500,""maxDurationMs"":0,""useFanIntake"":true,""fanOnMs"":1000,""postFanSettleMs"":0,""nullingProfileId"":9,""queuePending"":0,""queueCapacity"":16,""queueEnqueued"":0,""queueDropped"":0,""publishFailCount"":0,""retryCount"":0,""retryFailCount"":0,""rejectedSamples"":0,""lastRejectReason"":""none"",""lastRejectChannel"":-1,""lastRejectOkFiniteCount"":0,""lastRejectStatus"":255,""lastRejectGain"":0,""lastRejectSaturated"":false},""recovery"":{""wifiReconnectCount"":0,""wifiReconnectFailCount"":0,""mqttReconnectCount"":0,""mqttConnectFailCount"":0,""lastMqttState"":0,""adsRecoveryCount"":0,""adsRecoveryFailCount"":0,""adsReadFailStreak"":0,""lastReason"":""none"",""lastRecoveryMs"":0,""bootRecoveryArmed"":false,""bootRecoveryDueMs"":0,""bootRecoveryReason"":""none"",""bootRecoveryNonAdsFailure"":false,""bootRecoveryRestartCount"":0},""nulling"":{""done"":false,""retryArmed"":false,""attemptCount"":0,""nextRetryMs"":0,""thresholdV"":9.999999747E-06,""minFinalV"":0},""telemetry"":{""valid"":true,""sampleMs"":6495049,""gasClass"":6,""gasName"":""CO2"",""confidence"":0,""alarm"":false,""sensorVoltage"":[0.106001757,0.003852275,0.004917214,-0.002349335,-0.008138714,-0.011545567,-0.019315217,-0.024888799],""sensorGain"":[32,64,64,64,64,64,64,64],""sensorStatus"":[0,0,0,0,0,0,0,0],""featureOrder"":[""MQ8"",""MQ135"",""MQ3"",""MQ5"",""MQ4"",""MQ7"",""MQ6"",""MQ2""]},""alarmLatched"":false}"
2026-08-04 11:09:19.781 +07:00,118.648,HOT_SWEEP_70,70,700,300,1,0,0.105870351,0.003921118,0.004960151,-0.002382445,-0.008236961,-0.011481563,-0.019360237,-0.024871007,"{""deviceId"":""1001"",""nodeId"":4097,""targetChId"":""0010"",""mode"":""inference"",""uptimeMs"":6496123,""debugEnabled"":true,""power"":{""mode"":""24v"",""externalPower"":true,""batteryMv"":65535,""batteryValid"":false,""batteryDetected"":false,""batterySenseStatus"":""not_detected"",""batteryLow"":false,""batteryCritical"":false,""sourceAmbiguous"":false,""serviceHoldActive"":false,""serviceHoldEffective"":false},""batterySession"":{""state"":""inactive"",""startedMs"":0,""stateStartedMs"":0,""validSampleBatches"":0,""requiredSampleBatches"":10,""alarmTxAttempts"":0,""alarmTxAttemptLimit"":3,""alarmAckReceived"":false,""pendingAlarm"":false,""pendingSaveRequired"":false,""persistenceFaultHold"":false,""completionReason"":""session_done""},""bootHealth"":{""adsReady"":true,""adsDrdyLevel"":0,""adsDrdyPulldownLevel"":0,""adsDrdyPullupLevel"":0,""adsMisoPulldownLevel"":0,""adsMisoPullupLevel"":1,""adsCsLevel"":1,""adsSyncLevel"":1,""adsStatus"":54,""adsMux"":15,""adsAdcon"":6,""adsDrate"":240,""adsReason"":""ok"",""tcaOk"":true,""mcpOkCount"":8,""mcpOk"":[true,true,true,true,true,true,true,true],""mcpAddrMask"":[1,1,1,1,1,1,1,1],""mcpControlTested"":true,""mcpControlOkCount"":8,""mcpControlOk"":[true,true,true,true,true,true,true,true],""dacReady"":true,""radioReady"":true,""mlReady"":true,""nullingProfileApplied"":true,""modelProfileReady"":false},""runtimeMcpCode"":[255,519,795,706,799,865,665,139],""model"":{""profileId"":""cnn-dualbranch-datasheet-v1-unbound"",""scalerProfileId"":""cnn-dualbranch-datasheet-v1-unbound"",""productionApproved"":true,""boundNullingProfileId"":8,""activeNullingProfileId"":9,""bindingValid"":true,""bindingModelMatches"":true,""profileReady"":false,""inferenceValid"":false,""sensorFault"":true},""lora"":{""beginState"":0,""lastTxState"":0,""lastTxOk"":false,""txSeq"":0,""txCounter"":0,""aesKeyProvisioned"":true,""aesKeyPresent"":true,""aesKeySource"":""nvs"",""keyId"":1,""lastDownlinkCommandId"":0,""freqMHz"":920,""bwKHz"":125,""sf"":7,""cr"":5,""syncWord"":18,""txPowerDbm"":17,""preamble"":8,""tcxoVoltage"":1.600000024,""xtalVoltage"":0},""dataset"":{""state"":""idle"",""step"":""idle"",""label"":"""",""seq"":0,""targetSamples"":0,""sampleIntervalMs"":500,""maxDurationMs"":0,""useFanIntake"":true,""fanOnMs"":1000,""postFanSettleMs"":0,""nullingProfileId"":9,""queuePending"":0,""queueCapacity"":16,""queueEnqueued"":0,""queueDropped"":0,""publishFailCount"":0,""retryCount"":0,""retryFailCount"":0,""rejectedSamples"":0,""lastRejectReason"":""none"",""lastRejectChannel"":-1,""lastRejectOkFiniteCount"":0,""lastRejectStatus"":255,""lastRejectGain"":0,""lastRejectSaturated"":false},""recovery"":{""wifiReconnectCount"":0,""wifiReconnectFailCount"":0,""mqttReconnectCount"":0,""mqttConnectFailCount"":0,""lastMqttState"":0,""adsRecoveryCount"":0,""adsRecoveryFailCount"":0,""adsReadFailStreak"":0,""lastReason"":""none"",""lastRecoveryMs"":0,""bootRecoveryArmed"":false,""bootRecoveryDueMs"":0,""bootRecoveryReason"":""none"",""bootRecoveryNonAdsFailure"":false,""bootRecoveryRestartCount"":0},""nulling"":{""done"":false,""retryArmed"":false,""attemptCount"":0,""nextRetryMs"":0,""thresholdV"":9.999999747E-06,""minFinalV"":0},""telemetry"":{""valid"":true,""sampleMs"":6495762,""gasClass"":6,""gasName"":""CO2"",""confidence"":0,""alarm"":false,""sensorVoltage"":[0.105870351,0.003921118,0.004960151,-0.002382445,-0.008236961,-0.011481563,-0.019360237,-0.024871007],""sensorGain"":[32,64,64,64,64,64,64,64],""sensorStatus"":[0,0,0,0,0,0,0,0],""featureOrder"":[""MQ8"",""MQ135"",""MQ3"",""MQ5"",""MQ4"",""MQ7"",""MQ6"",""MQ2""]},""alarmLatched"":false}"
2026-08-04 11:09:20.472 +07:00,119.353,HOT_SWEEP_70,70,700,300,1,0,0.105148159,0.00391981,0.004960398,-0.002458357,-0.008234583,-0.011491548,-0.019407619,-0.024941506,"{""deviceId"":""1001"",""nodeId"":4097,""targetChId"":""0010"",""mode"":""inference"",""uptimeMs"":6496818,""debugEnabled"":true,""power"":{""mode"":""24v"",""externalPower"":true,""batteryMv"":65535,""batteryValid"":false,""batteryDetected"":false,""batterySenseStatus"":""not_detected"",""batteryLow"":false,""batteryCritical"":false,""sourceAmbiguous"":false,""serviceHoldActive"":false,""serviceHoldEffective"":false},""batterySession"":{""state"":""inactive"",""startedMs"":0,""stateStartedMs"":0,""validSampleBatches"":0,""requiredSampleBatches"":10,""alarmTxAttempts"":0,""alarmTxAttemptLimit"":3,""alarmAckReceived"":false,""pendingAlarm"":false,""pendingSaveRequired"":false,""persistenceFaultHold"":false,""completionReason"":""session_done""},""bootHealth"":{""adsReady"":true,""adsDrdyLevel"":0,""adsDrdyPulldownLevel"":0,""adsDrdyPullupLevel"":0,""adsMisoPulldownLevel"":0,""adsMisoPullupLevel"":1,""adsCsLevel"":1,""adsSyncLevel"":1,""adsStatus"":54,""adsMux"":15,""adsAdcon"":6,""adsDrate"":240,""adsReason"":""ok"",""tcaOk"":true,""mcpOkCount"":8,""mcpOk"":[true,true,true,true,true,true,true,true],""mcpAddrMask"":[1,1,1,1,1,1,1,1],""mcpControlTested"":true,""mcpControlOkCount"":8,""mcpControlOk"":[true,true,true,true,true,true,true,true],""dacReady"":true,""radioReady"":true,""mlReady"":true,""nullingProfileApplied"":true,""modelProfileReady"":false},""runtimeMcpCode"":[255,519,795,706,799,865,665,139],""model"":{""profileId"":""cnn-dualbranch-datasheet-v1-unbound"",""scalerProfileId"":""cnn-dualbranch-datasheet-v1-unbound"",""productionApproved"":true,""boundNullingProfileId"":8,""activeNullingProfileId"":9,""bindingValid"":true,""bindingModelMatches"":true,""profileReady"":false,""inferenceValid"":false,""sensorFault"":true},""lora"":{""beginState"":0,""lastTxState"":0,""lastTxOk"":false,""txSeq"":0,""txCounter"":0,""aesKeyProvisioned"":true,""aesKeyPresent"":true,""aesKeySource"":""nvs"",""keyId"":1,""lastDownlinkCommandId"":0,""freqMHz"":920,""bwKHz"":125,""sf"":7,""cr"":5,""syncWord"":18,""txPowerDbm"":17,""preamble"":8,""tcxoVoltage"":1.600000024,""xtalVoltage"":0},""dataset"":{""state"":""idle"",""step"":""idle"",""label"":"""",""seq"":0,""targetSamples"":0,""sampleIntervalMs"":500,""maxDurationMs"":0,""useFanIntake"":true,""fanOnMs"":1000,""postFanSettleMs"":0,""nullingProfileId"":9,""queuePending"":0,""queueCapacity"":16,""queueEnqueued"":0,""queueDropped"":0,""publishFailCount"":0,""retryCount"":0,""retryFailCount"":0,""rejectedSamples"":0,""lastRejectReason"":""none"",""lastRejectChannel"":-1,""lastRejectOkFiniteCount"":0,""lastRejectStatus"":255,""lastRejectGain"":0,""lastRejectSaturated"":false},""recovery"":{""wifiReconnectCount"":0,""wifiReconnectFailCount"":0,""mqttReconnectCount"":0,""mqttConnectFailCount"":0,""lastMqttState"":0,""adsRecoveryCount"":0,""adsRecoveryFailCount"":0,""adsReadFailStreak"":0,""lastReason"":""none"",""lastRecoveryMs"":0,""bootRecoveryArmed"":false,""bootRecoveryDueMs"":0,""bootRecoveryReason"":""none"",""bootRecoveryNonAdsFailure"":false,""bootRecoveryRestartCount"":0},""nulling"":{""done"":false,""retryArmed"":false,""attemptCount"":0,""nextRetryMs"":0,""thresholdV"":9.999999747E-06,""minFinalV"":0},""telemetry"":{""valid"":true,""sampleMs"":6496401,""gasClass"":6,""gasName"":""CO2"",""confidence"":0,""alarm"":false,""sensorVoltage"":[0.105148159,0.00391981,0.004960398,-0.002458357,-0.008234583,-0.011491548,-0.019407619,-0.024941506],""sensorGain"":[32,64,64,64,64,64,64,64],""sensorStatus"":[0,0,0,0,0,0,0,0],""featureOrder"":[""MQ8"",""MQ135"",""MQ3"",""MQ5"",""MQ4"",""MQ7"",""MQ6"",""MQ2""]},""alarmLatched"":false}"
2026-08-04 11:09:21.156 +07:00,120.035,HOT_SWEEP_70,70,700,300,1,0,0.106077231,0.003876593,0.004852173,-0.002436494,-0.00823251,-0.011556616,-0.019413507,-0.024947632,"{""deviceId"":""1001"",""nodeId"":4097,""targetChId"":""0010"",""mode"":""inference"",""uptimeMs"":6497497,""debugEnabled"":true,""power"":{""mode"":""24v"",""externalPower"":true,""batteryMv"":65535,""batteryValid"":false,""batteryDetected"":false,""batterySenseStatus"":""not_detected"",""batteryLow"":false,""batteryCritical"":false,""sourceAmbiguous"":false,""serviceHoldActive"":false,""serviceHoldEffective"":false},""batterySession"":{""state"":""inactive"",""startedMs"":0,""stateStartedMs"":0,""validSampleBatches"":0,""requiredSampleBatches"":10,""alarmTxAttempts"":0,""alarmTxAttemptLimit"":3,""alarmAckReceived"":false,""pendingAlarm"":false,""pendingSaveRequired"":false,""persistenceFaultHold"":false,""completionReason"":""session_done""},""bootHealth"":{""adsReady"":true,""adsDrdyLevel"":0,""adsDrdyPulldownLevel"":0,""adsDrdyPullupLevel"":0,""adsMisoPulldownLevel"":0,""adsMisoPullupLevel"":1,""adsCsLevel"":1,""adsSyncLevel"":1,""adsStatus"":54,""adsMux"":15,""adsAdcon"":6,""adsDrate"":240,""adsReason"":""ok"",""tcaOk"":true,""mcpOkCount"":8,""mcpOk"":[true,true,true,true,true,true,true,true],""mcpAddrMask"":[1,1,1,1,1,1,1,1],""mcpControlTested"":true,""mcpControlOkCount"":8,""mcpControlOk"":[true,true,true,true,true,true,true,true],""dacReady"":true,""radioReady"":true,""mlReady"":true,""nullingProfileApplied"":true,""modelProfileReady"":false},""runtimeMcpCode"":[255,519,795,706,799,865,665,139],""model"":{""profileId"":""cnn-dualbranch-datasheet-v1-unbound"",""scalerProfileId"":""cnn-dualbranch-datasheet-v1-unbound"",""productionApproved"":true,""boundNullingProfileId"":8,""activeNullingProfileId"":9,""bindingValid"":true,""bindingModelMatches"":true,""profileReady"":false,""inferenceValid"":false,""sensorFault"":true},""lora"":{""beginState"":0,""lastTxState"":0,""lastTxOk"":false,""txSeq"":0,""txCounter"":0,""aesKeyProvisioned"":true,""aesKeyPresent"":true,""aesKeySource"":""nvs"",""keyId"":1,""lastDownlinkCommandId"":0,""freqMHz"":920,""bwKHz"":125,""sf"":7,""cr"":5,""syncWord"":18,""txPowerDbm"":17,""preamble"":8,""tcxoVoltage"":1.600000024,""xtalVoltage"":0},""dataset"":{""state"":""idle"",""step"":""idle"",""label"":"""",""seq"":0,""targetSamples"":0,""sampleIntervalMs"":500,""maxDurationMs"":0,""useFanIntake"":true,""fanOnMs"":1000,""postFanSettleMs"":0,""nullingProfileId"":9,""queuePending"":0,""queueCapacity"":16,""queueEnqueued"":0,""queueDropped"":0,""publishFailCount"":0,""retryCount"":0,""retryFailCount"":0,""rejectedSamples"":0,""lastRejectReason"":""none"",""lastRejectChannel"":-1,""lastRejectOkFiniteCount"":0,""lastRejectStatus"":255,""lastRejectGain"":0,""lastRejectSaturated"":false},""recovery"":{""wifiReconnectCount"":0,""wifiReconnectFailCount"":0,""mqttReconnectCount"":0,""mqttConnectFailCount"":0,""lastMqttState"":0,""adsRecoveryCount"":0,""adsRecoveryFailCount"":0,""adsReadFailStreak"":0,""lastReason"":""none"",""lastRecoveryMs"":0,""bootRecoveryArmed"":false,""bootRecoveryDueMs"":0,""bootRecoveryReason"":""none"",""bootRecoveryNonAdsFailure"":false,""bootRecoveryRestartCount"":0},""nulling"":{""done"":false,""retryArmed"":false,""attemptCount"":0,""nextRetryMs"":0,""thresholdV"":9.999999747E-06,""minFinalV"":0},""telemetry"":{""valid"":true,""sampleMs"":6497096,""gasClass"":6,""gasName"":""CO2"",""confidence"":0,""alarm"":false,""sensorVoltage"":[0.106077231,0.003876593,0.004852173,-0.002436494,-0.00823251,-0.011556616,-0.019413507,-0.024947632],""sensorGain"":[32,64,64,64,64,64,64,64],""sensorStatus"":[0,0,0,0,0,0,0,0],""featureOrder"":[""MQ8"",""MQ135"",""MQ3"",""MQ5"",""MQ4"",""MQ7"",""MQ6"",""MQ2""]},""alarmLatched"":false}"
2026-08-04 11:09:21.842 +07:00,120.721,HOT_SWEEP_70,70,700,300,1,0,0.106006742,0.003992117,0.004859914,-0.002453642,-0.0082414,-0.011518329,-0.019407813,-0.024961816,"{""deviceId"":""1001"",""nodeId"":4097,""targetChId"":""0010"",""mode"":""inference"",""uptimeMs"":6498184,""debugEnabled"":true,""power"":{""mode"":""24v"",""externalPower"":true,""batteryMv"":65535,""batteryValid"":false,""batteryDetected"":false,""batterySenseStatus"":""not_detected"",""batteryLow"":false,""batteryCritical"":false,""sourceAmbiguous"":false,""serviceHoldActive"":false,""serviceHoldEffective"":false},""batterySession"":{""state"":""inactive"",""startedMs"":0,""stateStartedMs"":0,""validSampleBatches"":0,""requiredSampleBatches"":10,""alarmTxAttempts"":0,""alarmTxAttemptLimit"":3,""alarmAckReceived"":false,""pendingAlarm"":false,""pendingSaveRequired"":false,""persistenceFaultHold"":false,""completionReason"":""session_done""},""bootHealth"":{""adsReady"":true,""adsDrdyLevel"":0,""adsDrdyPulldownLevel"":0,""adsDrdyPullupLevel"":0,""adsMisoPulldownLevel"":0,""adsMisoPullupLevel"":1,""adsCsLevel"":1,""adsSyncLevel"":1,""adsStatus"":54,""adsMux"":15,""adsAdcon"":6,""adsDrate"":240,""adsReason"":""ok"",""tcaOk"":true,""mcpOkCount"":8,""mcpOk"":[true,true,true,true,true,true,true,true],""mcpAddrMask"":[1,1,1,1,1,1,1,1],""mcpControlTested"":true,""mcpControlOkCount"":8,""mcpControlOk"":[true,true,true,true,true,true,true,true],""dacReady"":true,""radioReady"":true,""mlReady"":true,""nullingProfileApplied"":true,""modelProfileReady"":false},""runtimeMcpCode"":[255,519,795,706,799,865,665,139],""model"":{""profileId"":""cnn-dualbranch-datasheet-v1-unbound"",""scalerProfileId"":""cnn-dualbranch-datasheet-v1-unbound"",""productionApproved"":true,""boundNullingProfileId"":8,""activeNullingProfileId"":9,""bindingValid"":true,""bindingModelMatches"":true,""profileReady"":false,""inferenceValid"":false,""sensorFault"":true},""lora"":{""beginState"":0,""lastTxState"":0,""lastTxOk"":false,""txSeq"":0,""txCounter"":0,""aesKeyProvisioned"":true,""aesKeyPresent"":true,""aesKeySource"":""nvs"",""keyId"":1,""lastDownlinkCommandId"":0,""freqMHz"":920,""bwKHz"":125,""sf"":7,""cr"":5,""syncWord"":18,""txPowerDbm"":17,""preamble"":8,""tcxoVoltage"":1.600000024,""xtalVoltage"":0},""dataset"":{""state"":""idle"",""step"":""idle"",""label"":"""",""seq"":0,""targetSamples"":0,""sampleIntervalMs"":500,""maxDurationMs"":0,""useFanIntake"":true,""fanOnMs"":1000,""postFanSettleMs"":0,""nullingProfileId"":9,""queuePending"":0,""queueCapacity"":16,""queueEnqueued"":0,""queueDropped"":0,""publishFailCount"":0,""retryCount"":0,""retryFailCount"":0,""rejectedSamples"":0,""lastRejectReason"":""none"",""lastRejectChannel"":-1,""lastRejectOkFiniteCount"":0,""lastRejectStatus"":255,""lastRejectGain"":0,""lastRejectSaturated"":false},""recovery"":{""wifiReconnectCount"":0,""wifiReconnectFailCount"":0,""mqttReconnectCount"":0,""mqttConnectFailCount"":0,""lastMqttState"":0,""adsRecoveryCount"":0,""adsRecoveryFailCount"":0,""adsReadFailStreak"":0,""lastReason"":""none"",""lastRecoveryMs"":0,""bootRecoveryArmed"":false,""bootRecoveryDueMs"":0,""bootRecoveryReason"":""none"",""bootRecoveryNonAdsFailure"":false,""bootRecoveryRestartCount"":0},""nulling"":{""done"":false,""retryArmed"":false,""attemptCount"":0,""nextRetryMs"":0,""thresholdV"":9.999999747E-06,""minFinalV"":0},""telemetry"":{""valid"":true,""sampleMs"":6497807,""gasClass"":6,""gasName"":""CO2"",""confidence"":0,""alarm"":false,""sensorVoltage"":[0.106006742,0.003992117,0.004859914,-0.002453642,-0.0082414,-0.011518329,-0.019407813,-0.024961816],""sensorGain"":[32,64,64,64,64,64,64,64],""sensorStatus"":[0,0,0,0,0,0,0,0],""featureOrder"":[""MQ8"",""MQ135"",""MQ3"",""MQ5"",""MQ4"",""MQ7"",""MQ6"",""MQ2""]},""alarmLatched"":false}"
2026-08-04 11:09:22.522 +07:00,121.403,HOT_SWEEP_70,70,700,300,1,0,0.105170108,0.00396957,0.004848233,-0.002452277,-0.008277453,-0.011503419,-0.019511309,-0.025413945,"{""deviceId"":""1001"",""nodeId"":4097,""targetChId"":""0010"",""mode"":""inference"",""uptimeMs"":6498878,""debugEnabled"":true,""power"":{""mode"":""24v"",""externalPower"":true,""batteryMv"":65535,""batteryValid"":false,""batteryDetected"":false,""batterySenseStatus"":""not_detected"",""batteryLow"":false,""batteryCritical"":false,""sourceAmbiguous"":false,""serviceHoldActive"":false,""serviceHoldEffective"":false},""batterySession"":{""state"":""inactive"",""startedMs"":0,""stateStartedMs"":0,""validSampleBatches"":0,""requiredSampleBatches"":10,""alarmTxAttempts"":0,""alarmTxAttemptLimit"":3,""alarmAckReceived"":false,""pendingAlarm"":false,""pendingSaveRequired"":false,""persistenceFaultHold"":false,""completionReason"":""session_done""},""bootHealth"":{""adsReady"":true,""adsDrdyLevel"":0,""adsDrdyPulldownLevel"":0,""adsDrdyPullupLevel"":0,""adsMisoPulldownLevel"":0,""adsMisoPullupLevel"":1,""adsCsLevel"":1,""adsSyncLevel"":1,""adsStatus"":54,""adsMux"":15,""adsAdcon"":6,""adsDrate"":240,""adsReason"":""ok"",""tcaOk"":true,""mcpOkCount"":8,""mcpOk"":[true,true,true,true,true,true,true,true],""mcpAddrMask"":[1,1,1,1,1,1,1,1],""mcpControlTested"":true,""mcpControlOkCount"":8,""mcpControlOk"":[true,true,true,true,true,true,true,true],""dacReady"":true,""radioReady"":true,""mlReady"":true,""nullingProfileApplied"":true,""modelProfileReady"":false},""runtimeMcpCode"":[255,519,795,706,799,865,665,139],""model"":{""profileId"":""cnn-dualbranch-datasheet-v1-unbound"",""scalerProfileId"":""cnn-dualbranch-datasheet-v1-unbound"",""productionApproved"":true,""boundNullingProfileId"":8,""activeNullingProfileId"":9,""bindingValid"":true,""bindingModelMatches"":true,""profileReady"":false,""inferenceValid"":false,""sensorFault"":true},""lora"":{""beginState"":0,""lastTxState"":0,""lastTxOk"":false,""txSeq"":0,""txCounter"":0,""aesKeyProvisioned"":true,""aesKeyPresent"":true,""aesKeySource"":""nvs"",""keyId"":1,""lastDownlinkCommandId"":0,""freqMHz"":920,""bwKHz"":125,""sf"":7,""cr"":5,""syncWord"":18,""txPowerDbm"":17,""preamble"":8,""tcxoVoltage"":1.600000024,""xtalVoltage"":0},""dataset"":{""state"":""idle"",""step"":""idle"",""label"":"""",""seq"":0,""targetSamples"":0,""sampleIntervalMs"":500,""maxDurationMs"":0,""useFanIntake"":true,""fanOnMs"":1000,""postFanSettleMs"":0,""nullingProfileId"":9,""queuePending"":0,""queueCapacity"":16,""queueEnqueued"":0,""queueDropped"":0,""publishFailCount"":0,""retryCount"":0,""retryFailCount"":0,""rejectedSamples"":0,""lastRejectReason"":""none"",""lastRejectChannel"":-1,""lastRejectOkFiniteCount"":0,""lastRejectStatus"":255,""lastRejectGain"":0,""lastRejectSaturated"":false},""recovery"":{""wifiReconnectCount"":0,""wifiReconnectFailCount"":0,""mqttReconnectCount"":0,""mqttConnectFailCount"":0,""lastMqttState"":0,""adsRecoveryCount"":0,""adsRecoveryFailCount"":0,""adsReadFailStreak"":0,""lastReason"":""none"",""lastRecoveryMs"":0,""bootRecoveryArmed"":false,""bootRecoveryDueMs"":0,""bootRecoveryReason"":""none"",""bootRecoveryNonAdsFailure"":false,""bootRecoveryRestartCount"":0},""nulling"":{""done"":false,""retryArmed"":false,""attemptCount"":0,""nextRetryMs"":0,""thresholdV"":9.999999747E-06,""minFinalV"":0},""telemetry"":{""valid"":true,""sampleMs"":6498462,""gasClass"":6,""gasName"":""CO2"",""confidence"":0,""alarm"":false,""sensorVoltage"":[0.105170108,0.00396957,0.004848233,-0.002452277,-0.008277453,-0.011503419,-0.019511309,-0.025413945],""sensorGain"":[32,64,64,64,64,64,64,64],""sensorStatus"":[0,0,0,0,0,0,0,0],""featureOrder"":[""MQ8"",""MQ135"",""MQ3"",""MQ5"",""MQ4"",""MQ7"",""MQ6"",""MQ2""]},""alarmLatched"":false}"
2026-08-04 11:09:23.205 +07:00,122.085,HOT_SWEEP_70,70,700,300,1,0,0.105539463,0.00397969,0.004811971,-0.002473625,-0.008134106,-0.011493362,-0.019518523,-0.02540046,"{""deviceId"":""1001"",""nodeId"":4097,""targetChId"":""0010"",""mode"":""inference"",""uptimeMs"":6499547,""debugEnabled"":true,""power"":{""mode"":""24v"",""externalPower"":true,""batteryMv"":65535,""batteryValid"":false,""batteryDetected"":false,""batterySenseStatus"":""not_detected"",""batteryLow"":false,""batteryCritical"":false,""sourceAmbiguous"":false,""serviceHoldActive"":false,""serviceHoldEffective"":false},""batterySession"":{""state"":""inactive"",""startedMs"":0,""stateStartedMs"":0,""validSampleBatches"":0,""requiredSampleBatches"":10,""alarmTxAttempts"":0,""alarmTxAttemptLimit"":3,""alarmAckReceived"":false,""pendingAlarm"":false,""pendingSaveRequired"":false,""persistenceFaultHold"":false,""completionReason"":""session_done""},""bootHealth"":{""adsReady"":true,""adsDrdyLevel"":0,""adsDrdyPulldownLevel"":0,""adsDrdyPullupLevel"":0,""adsMisoPulldownLevel"":0,""adsMisoPullupLevel"":1,""adsCsLevel"":1,""adsSyncLevel"":1,""adsStatus"":54,""adsMux"":15,""adsAdcon"":6,""adsDrate"":240,""adsReason"":""ok"",""tcaOk"":true,""mcpOkCount"":8,""mcpOk"":[true,true,true,true,true,true,true,true],""mcpAddrMask"":[1,1,1,1,1,1,1,1],""mcpControlTested"":true,""mcpControlOkCount"":8,""mcpControlOk"":[true,true,true,true,true,true,true,true],""dacReady"":true,""radioReady"":true,""mlReady"":true,""nullingProfileApplied"":true,""modelProfileReady"":false},""runtimeMcpCode"":[255,519,795,706,799,865,665,139],""model"":{""profileId"":""cnn-dualbranch-datasheet-v1-unbound"",""scalerProfileId"":""cnn-dualbranch-datasheet-v1-unbound"",""productionApproved"":true,""boundNullingProfileId"":8,""activeNullingProfileId"":9,""bindingValid"":true,""bindingModelMatches"":true,""profileReady"":false,""inferenceValid"":false,""sensorFault"":true},""lora"":{""beginState"":0,""lastTxState"":0,""lastTxOk"":false,""txSeq"":0,""txCounter"":0,""aesKeyProvisioned"":true,""aesKeyPresent"":true,""aesKeySource"":""nvs"",""keyId"":1,""lastDownlinkCommandId"":0,""freqMHz"":920,""bwKHz"":125,""sf"":7,""cr"":5,""syncWord"":18,""txPowerDbm"":17,""preamble"":8,""tcxoVoltage"":1.600000024,""xtalVoltage"":0},""dataset"":{""state"":""idle"",""step"":""idle"",""label"":"""",""seq"":0,""targetSamples"":0,""sampleIntervalMs"":500,""maxDurationMs"":0,""useFanIntake"":true,""fanOnMs"":1000,""postFanSettleMs"":0,""nullingProfileId"":9,""queuePending"":0,""queueCapacity"":16,""queueEnqueued"":0,""queueDropped"":0,""publishFailCount"":0,""retryCount"":0,""retryFailCount"":0,""rejectedSamples"":0,""lastRejectReason"":""none"",""lastRejectChannel"":-1,""lastRejectOkFiniteCount"":0,""lastRejectStatus"":255,""lastRejectGain"":0,""lastRejectSaturated"":false},""recovery"":{""wifiReconnectCount"":0,""wifiReconnectFailCount"":0,""mqttReconnectCount"":0,""mqttConnectFailCount"":0,""lastMqttState"":0,""adsRecoveryCount"":0,""adsRecoveryFailCount"":0,""adsReadFailStreak"":0,""lastReason"":""none"",""lastRecoveryMs"":0,""bootRecoveryArmed"":false,""bootRecoveryDueMs"":0,""bootRecoveryReason"":""none"",""bootRecoveryNonAdsFailure"":false,""bootRecoveryRestartCount"":0},""nulling"":{""done"":false,""retryArmed"":false,""attemptCount"":0,""nextRetryMs"":0,""thresholdV"":9.999999747E-06,""minFinalV"":0},""telemetry"":{""valid"":true,""sampleMs"":6499156,""gasClass"":6,""gasName"":""CO2"",""confidence"":0,""alarm"":false,""sensorVoltage"":[0.105539463,0.00397969,0.004811971,-0.002473625,-0.008134106,-0.011493362,-0.019518523,-0.02540046],""sensorGain"":[32,64,64,64,64,64,64,64],""sensorStatus"":[0,0,0,0,0,0,0,0],""featureOrder"":[""MQ8"",""MQ135"",""MQ3"",""MQ5"",""MQ4"",""MQ7"",""MQ6"",""MQ2""]},""alarmLatched"":false}"
2026-08-04 11:09:23.901 +07:00,122.778,HOT_SWEEP_70,70,700,300,1,0,0.105934143,0.003993505,0.004817539,-0.002554605,-0.008161205,-0.011451581,-0.019130439,-0.024956265,"{""deviceId"":""1001"",""nodeId"":4097,""targetChId"":""0010"",""mode"":""inference"",""uptimeMs"":6500239,""debugEnabled"":true,""power"":{""mode"":""24v"",""externalPower"":true,""batteryMv"":65535,""batteryValid"":false,""batteryDetected"":false,""batterySenseStatus"":""not_detected"",""batteryLow"":false,""batteryCritical"":false,""sourceAmbiguous"":false,""serviceHoldActive"":false,""serviceHoldEffective"":false},""batterySession"":{""state"":""inactive"",""startedMs"":0,""stateStartedMs"":0,""validSampleBatches"":0,""requiredSampleBatches"":10,""alarmTxAttempts"":0,""alarmTxAttemptLimit"":3,""alarmAckReceived"":false,""pendingAlarm"":false,""pendingSaveRequired"":false,""persistenceFaultHold"":false,""completionReason"":""session_done""},""bootHealth"":{""adsReady"":true,""adsDrdyLevel"":0,""adsDrdyPulldownLevel"":0,""adsDrdyPullupLevel"":0,""adsMisoPulldownLevel"":0,""adsMisoPullupLevel"":1,""adsCsLevel"":1,""adsSyncLevel"":1,""adsStatus"":54,""adsMux"":15,""adsAdcon"":6,""adsDrate"":240,""adsReason"":""ok"",""tcaOk"":true,""mcpOkCount"":8,""mcpOk"":[true,true,true,true,true,true,true,true],""mcpAddrMask"":[1,1,1,1,1,1,1,1],""mcpControlTested"":true,""mcpControlOkCount"":8,""mcpControlOk"":[true,true,true,true,true,true,true,true],""dacReady"":true,""radioReady"":true,""mlReady"":true,""nullingProfileApplied"":true,""modelProfileReady"":false},""runtimeMcpCode"":[255,519,795,706,799,865,665,139],""model"":{""profileId"":""cnn-dualbranch-datasheet-v1-unbound"",""scalerProfileId"":""cnn-dualbranch-datasheet-v1-unbound"",""productionApproved"":true,""boundNullingProfileId"":8,""activeNullingProfileId"":9,""bindingValid"":true,""bindingModelMatches"":true,""profileReady"":false,""inferenceValid"":false,""sensorFault"":true},""lora"":{""beginState"":0,""lastTxState"":0,""lastTxOk"":false,""txSeq"":0,""txCounter"":0,""aesKeyProvisioned"":true,""aesKeyPresent"":true,""aesKeySource"":""nvs"",""keyId"":1,""lastDownlinkCommandId"":0,""freqMHz"":920,""bwKHz"":125,""sf"":7,""cr"":5,""syncWord"":18,""txPowerDbm"":17,""preamble"":8,""tcxoVoltage"":1.600000024,""xtalVoltage"":0},""dataset"":{""state"":""idle"",""step"":""idle"",""label"":"""",""seq"":0,""targetSamples"":0,""sampleIntervalMs"":500,""maxDurationMs"":0,""useFanIntake"":true,""fanOnMs"":1000,""postFanSettleMs"":0,""nullingProfileId"":9,""queuePending"":0,""queueCapacity"":16,""queueEnqueued"":0,""queueDropped"":0,""publishFailCount"":0,""retryCount"":0,""retryFailCount"":0,""rejectedSamples"":0,""lastRejectReason"":""none"",""lastRejectChannel"":-1,""lastRejectOkFiniteCount"":0,""lastRejectStatus"":255,""lastRejectGain"":0,""lastRejectSaturated"":false},""recovery"":{""wifiReconnectCount"":0,""wifiReconnectFailCount"":0,""mqttReconnectCount"":0,""mqttConnectFailCount"":0,""lastMqttState"":0,""adsRecoveryCount"":0,""adsRecoveryFailCount"":0,""adsReadFailStreak"":0,""lastReason"":""none"",""lastRecoveryMs"":0,""bootRecoveryArmed"":false,""bootRecoveryDueMs"":0,""bootRecoveryReason"":""none"",""bootRecoveryNonAdsFailure"":false,""bootRecoveryRestartCount"":0},""nulling"":{""done"":false,""retryArmed"":false,""attemptCount"":0,""nextRetryMs"":0,""thresholdV"":9.999999747E-06,""minFinalV"":0},""telemetry"":{""valid"":true,""sampleMs"":6499857,""gasClass"":6,""gasName"":""CO2"",""confidence"":0,""alarm"":false,""sensorVoltage"":[0.105934143,0.003993505,0.004817539,-0.002554605,-0.008161205,-0.011451581,-0.019130439,-0.024956265],""sensorGain"":[32,64,64,64,64,64,64,64],""sensorStatus"":[0,0,0,0,0,0,0,0],""featureOrder"":[""MQ8"",""MQ135"",""MQ3"",""MQ5"",""MQ4"",""MQ7"",""MQ6"",""MQ2""]},""alarmLatched"":false}"
2026-08-04 11:09:24.591 +07:00,123.472,HOT_SWEEP_70,70,700,300,1,0,0.105282187,0.003979035,0.00481395,-0.002568571,-0.008183346,-0.01147971,-0.019471936,-0.02542055,"{""deviceId"":""1001"",""nodeId"":4097,""targetChId"":""0010"",""mode"":""inference"",""uptimeMs"":6500946,""debugEnabled"":true,""power"":{""mode"":""24v"",""externalPower"":true,""batteryMv"":65535,""batteryValid"":false,""batteryDetected"":false,""batterySenseStatus"":""not_detected"",""batteryLow"":false,""batteryCritical"":false,""sourceAmbiguous"":false,""serviceHoldActive"":false,""serviceHoldEffective"":false},""batterySession"":{""state"":""inactive"",""startedMs"":0,""stateStartedMs"":0,""validSampleBatches"":0,""requiredSampleBatches"":10,""alarmTxAttempts"":0,""alarmTxAttemptLimit"":3,""alarmAckReceived"":false,""pendingAlarm"":false,""pendingSaveRequired"":false,""persistenceFaultHold"":false,""completionReason"":""session_done""},""bootHealth"":{""adsReady"":true,""adsDrdyLevel"":0,""adsDrdyPulldownLevel"":0,""adsDrdyPullupLevel"":0,""adsMisoPulldownLevel"":0,""adsMisoPullupLevel"":1,""adsCsLevel"":1,""adsSyncLevel"":1,""adsStatus"":54,""adsMux"":15,""adsAdcon"":6,""adsDrate"":240,""adsReason"":""ok"",""tcaOk"":true,""mcpOkCount"":8,""mcpOk"":[true,true,true,true,true,true,true,true],""mcpAddrMask"":[1,1,1,1,1,1,1,1],""mcpControlTested"":true,""mcpControlOkCount"":8,""mcpControlOk"":[true,true,true,true,true,true,true,true],""dacReady"":true,""radioReady"":true,""mlReady"":true,""nullingProfileApplied"":true,""modelProfileReady"":false},""runtimeMcpCode"":[255,519,795,706,799,865,665,139],""model"":{""profileId"":""cnn-dualbranch-datasheet-v1-unbound"",""scalerProfileId"":""cnn-dualbranch-datasheet-v1-unbound"",""productionApproved"":true,""boundNullingProfileId"":8,""activeNullingProfileId"":9,""bindingValid"":true,""bindingModelMatches"":true,""profileReady"":false,""inferenceValid"":false,""sensorFault"":true},""lora"":{""beginState"":0,""lastTxState"":0,""lastTxOk"":false,""txSeq"":0,""txCounter"":0,""aesKeyProvisioned"":true,""aesKeyPresent"":true,""aesKeySource"":""nvs"",""keyId"":1,""lastDownlinkCommandId"":0,""freqMHz"":920,""bwKHz"":125,""sf"":7,""cr"":5,""syncWord"":18,""txPowerDbm"":17,""preamble"":8,""tcxoVoltage"":1.600000024,""xtalVoltage"":0},""dataset"":{""state"":""idle"",""step"":""idle"",""label"":"""",""seq"":0,""targetSamples"":0,""sampleIntervalMs"":500,""maxDurationMs"":0,""useFanIntake"":true,""fanOnMs"":1000,""postFanSettleMs"":0,""nullingProfileId"":9,""queuePending"":0,""queueCapacity"":16,""queueEnqueued"":0,""queueDropped"":0,""publishFailCount"":0,""retryCount"":0,""retryFailCount"":0,""rejectedSamples"":0,""lastRejectReason"":""none"",""lastRejectChannel"":-1,""lastRejectOkFiniteCount"":0,""lastRejectStatus"":255,""lastRejectGain"":0,""lastRejectSaturated"":false},""recovery"":{""wifiReconnectCount"":0,""wifiReconnectFailCount"":0,""mqttReconnectCount"":0,""mqttConnectFailCount"":0,""lastMqttState"":0,""adsRecoveryCount"":0,""adsRecoveryFailCount"":0,""adsReadFailStreak"":0,""lastReason"":""none"",""lastRecoveryMs"":0,""bootRecoveryArmed"":false,""bootRecoveryDueMs"":0,""bootRecoveryReason"":""none"",""bootRecoveryNonAdsFailure"":false,""bootRecoveryRestartCount"":0},""nulling"":{""done"":false,""retryArmed"":false,""attemptCount"":0,""nextRetryMs"":0,""thresholdV"":9.999999747E-06,""minFinalV"":0},""telemetry"":{""valid"":true,""sampleMs"":6500517,""gasClass"":6,""gasName"":""CO2"",""confidence"":0,""alarm"":false,""sensorVoltage"":[0.105282187,0.003979035,0.00481395,-0.002568571,-0.008183346,-0.01147971,-0.019471936,-0.02542055],""sensorGain"":[32,64,64,64,64,64,64,64],""sensorStatus"":[0,0,0,0,0,0,0,0],""featureOrder"":[""MQ8"",""MQ135"",""MQ3"",""MQ5"",""MQ4"",""MQ7"",""MQ6"",""MQ2""]},""alarmLatched"":false}"
2026-08-04 11:09:25.270 +07:00,124.150,HOT_SWEEP_70,70,700,300,1,0,0.105138838,0.00396863,0.004783625,-0.002597552,-0.009243039,-0.011461481,-0.019570585,-0.025432497,"{""deviceId"":""1001"",""nodeId"":4097,""targetChId"":""0010"",""mode"":""inference"",""uptimeMs"":6501611,""debugEnabled"":true,""power"":{""mode"":""24v"",""externalPower"":true,""batteryMv"":65535,""batteryValid"":false,""batteryDetected"":false,""batterySenseStatus"":""not_detected"",""batteryLow"":false,""batteryCritical"":false,""sourceAmbiguous"":false,""serviceHoldActive"":false,""serviceHoldEffective"":false},""batterySession"":{""state"":""inactive"",""startedMs"":0,""stateStartedMs"":0,""validSampleBatches"":0,""requiredSampleBatches"":10,""alarmTxAttempts"":0,""alarmTxAttemptLimit"":3,""alarmAckReceived"":false,""pendingAlarm"":false,""pendingSaveRequired"":false,""persistenceFaultHold"":false,""completionReason"":""session_done""},""bootHealth"":{""adsReady"":true,""adsDrdyLevel"":0,""adsDrdyPulldownLevel"":0,""adsDrdyPullupLevel"":0,""adsMisoPulldownLevel"":0,""adsMisoPullupLevel"":1,""adsCsLevel"":1,""adsSyncLevel"":1,""adsStatus"":54,""adsMux"":15,""adsAdcon"":6,""adsDrate"":240,""adsReason"":""ok"",""tcaOk"":true,""mcpOkCount"":8,""mcpOk"":[true,true,true,true,true,true,true,true],""mcpAddrMask"":[1,1,1,1,1,1,1,1],""mcpControlTested"":true,""mcpControlOkCount"":8,""mcpControlOk"":[true,true,true,true,true,true,true,true],""dacReady"":true,""radioReady"":true,""mlReady"":true,""nullingProfileApplied"":true,""modelProfileReady"":false},""runtimeMcpCode"":[255,519,795,706,799,865,665,139],""model"":{""profileId"":""cnn-dualbranch-datasheet-v1-unbound"",""scalerProfileId"":""cnn-dualbranch-datasheet-v1-unbound"",""productionApproved"":true,""boundNullingProfileId"":8,""activeNullingProfileId"":9,""bindingValid"":true,""bindingModelMatches"":true,""profileReady"":false,""inferenceValid"":false,""sensorFault"":true},""lora"":{""beginState"":0,""lastTxState"":0,""lastTxOk"":false,""txSeq"":0,""txCounter"":0,""aesKeyProvisioned"":true,""aesKeyPresent"":true,""aesKeySource"":""nvs"",""keyId"":1,""lastDownlinkCommandId"":0,""freqMHz"":920,""bwKHz"":125,""sf"":7,""cr"":5,""syncWord"":18,""txPowerDbm"":17,""preamble"":8,""tcxoVoltage"":1.600000024,""xtalVoltage"":0},""dataset"":{""state"":""idle"",""step"":""idle"",""label"":"""",""seq"":0,""targetSamples"":0,""sampleIntervalMs"":500,""maxDurationMs"":0,""useFanIntake"":true,""fanOnMs"":1000,""postFanSettleMs"":0,""nullingProfileId"":9,""queuePending"":0,""queueCapacity"":16,""queueEnqueued"":0,""queueDropped"":0,""publishFailCount"":0,""retryCount"":0,""retryFailCount"":0,""rejectedSamples"":0,""lastRejectReason"":""none"",""lastRejectChannel"":-1,""lastRejectOkFiniteCount"":0,""lastRejectStatus"":255,""lastRejectGain"":0,""lastRejectSaturated"":false},""recovery"":{""wifiReconnectCount"":0,""wifiReconnectFailCount"":0,""mqttReconnectCount"":0,""mqttConnectFailCount"":0,""lastMqttState"":0,""adsRecoveryCount"":0,""adsRecoveryFailCount"":0,""adsReadFailStreak"":0,""lastReason"":""none"",""lastRecoveryMs"":0,""bootRecoveryArmed"":false,""bootRecoveryDueMs"":0,""bootRecoveryReason"":""none"",""bootRecoveryNonAdsFailure"":false,""bootRecoveryRestartCount"":0},""nulling"":{""done"":false,""retryArmed"":false,""attemptCount"":0,""nextRetryMs"":0,""thresholdV"":9.999999747E-06,""minFinalV"":0},""telemetry"":{""valid"":true,""sampleMs"":6501224,""gasClass"":6,""gasName"":""CO2"",""confidence"":0,""alarm"":false,""sensorVoltage"":[0.105138838,0.00396863,0.004783625,-0.002597552,-0.009243039,-0.011461481,-0.019570585,-0.025432497],""sensorGain"":[32,64,64,64,64,64,64,64],""sensorStatus"":[0,0,0,0,0,0,0,0],""featureOrder"":[""MQ8"",""MQ135"",""MQ3"",""MQ5"",""MQ4"",""MQ7"",""MQ6"",""MQ2""]},""alarmLatched"":false}"
2026-08-04 11:09:25.950 +07:00,124.830,HOT_SWEEP_70,70,700,300,1,0,0.105939604,0.00402934,0.004746095,-0.002640918,-0.009101523,-0.011196585,-0.019235035,-0.024968278,"{""deviceId"":""1001"",""nodeId"":4097,""targetChId"":""0010"",""mode"":""inference"",""uptimeMs"":6502292,""debugEnabled"":true,""power"":{""mode"":""24v"",""externalPower"":true,""batteryMv"":65535,""batteryValid"":false,""batteryDetected"":false,""batterySenseStatus"":""not_detected"",""batteryLow"":false,""batteryCritical"":false,""sourceAmbiguous"":false,""serviceHoldActive"":false,""serviceHoldEffective"":false},""batterySession"":{""state"":""inactive"",""startedMs"":0,""stateStartedMs"":0,""validSampleBatches"":0,""requiredSampleBatches"":10,""alarmTxAttempts"":0,""alarmTxAttemptLimit"":3,""alarmAckReceived"":false,""pendingAlarm"":false,""pendingSaveRequired"":false,""persistenceFaultHold"":false,""completionReason"":""session_done""},""bootHealth"":{""adsReady"":true,""adsDrdyLevel"":0,""adsDrdyPulldownLevel"":0,""adsDrdyPullupLevel"":0,""adsMisoPulldownLevel"":0,""adsMisoPullupLevel"":1,""adsCsLevel"":1,""adsSyncLevel"":1,""adsStatus"":54,""adsMux"":15,""adsAdcon"":6,""adsDrate"":240,""adsReason"":""ok"",""tcaOk"":true,""mcpOkCount"":8,""mcpOk"":[true,true,true,true,true,true,true,true],""mcpAddrMask"":[1,1,1,1,1,1,1,1],""mcpControlTested"":true,""mcpControlOkCount"":8,""mcpControlOk"":[true,true,true,true,true,true,true,true],""dacReady"":true,""radioReady"":true,""mlReady"":true,""nullingProfileApplied"":true,""modelProfileReady"":false},""runtimeMcpCode"":[255,519,795,706,799,865,665,139],""model"":{""profileId"":""cnn-dualbranch-datasheet-v1-unbound"",""scalerProfileId"":""cnn-dualbranch-datasheet-v1-unbound"",""productionApproved"":true,""boundNullingProfileId"":8,""activeNullingProfileId"":9,""bindingValid"":true,""bindingModelMatches"":true,""profileReady"":false,""inferenceValid"":false,""sensorFault"":true},""lora"":{""beginState"":0,""lastTxState"":0,""lastTxOk"":false,""txSeq"":0,""txCounter"":0,""aesKeyProvisioned"":true,""aesKeyPresent"":true,""aesKeySource"":""nvs"",""keyId"":1,""lastDownlinkCommandId"":0,""freqMHz"":920,""bwKHz"":125,""sf"":7,""cr"":5,""syncWord"":18,""txPowerDbm"":17,""preamble"":8,""tcxoVoltage"":1.600000024,""xtalVoltage"":0},""dataset"":{""state"":""idle"",""step"":""idle"",""label"":"""",""seq"":0,""targetSamples"":0,""sampleIntervalMs"":500,""maxDurationMs"":0,""useFanIntake"":true,""fanOnMs"":1000,""postFanSettleMs"":0,""nullingProfileId"":9,""queuePending"":0,""queueCapacity"":16,""queueEnqueued"":0,""queueDropped"":0,""publishFailCount"":0,""retryCount"":0,""retryFailCount"":0,""rejectedSamples"":0,""lastRejectReason"":""none"",""lastRejectChannel"":-1,""lastRejectOkFiniteCount"":0,""lastRejectStatus"":255,""lastRejectGain"":0,""lastRejectSaturated"":false},""recovery"":{""wifiReconnectCount"":0,""wifiReconnectFailCount"":0,""mqttReconnectCount"":0,""mqttConnectFailCount"":0,""lastMqttState"":0,""adsRecoveryCount"":0,""adsRecoveryFailCount"":0,""adsReadFailStreak"":0,""lastReason"":""none"",""lastRecoveryMs"":0,""bootRecoveryArmed"":false,""bootRecoveryDueMs"":0,""bootRecoveryReason"":""none"",""bootRecoveryNonAdsFailure"":false,""bootRecoveryRestartCount"":0},""nulling"":{""done"":false,""retryArmed"":false,""attemptCount"":0,""nextRetryMs"":0,""thresholdV"":9.999999747E-06,""minFinalV"":0},""telemetry"":{""valid"":true,""sampleMs"":6501921,""gasClass"":6,""gasName"":""CO2"",""confidence"":0,""alarm"":false,""sensorVoltage"":[0.105939604,0.00402934,0.004746095,-0.002640918,-0.009101523,-0.011196585,-0.019235035,-0.024968278],""sensorGain"":[32,64,64,64,64,64,64,64],""sensorStatus"":[0,0,0,0,0,0,0,0],""featureOrder"":[""MQ8"",""MQ135"",""MQ3"",""MQ5"",""MQ4"",""MQ7"",""MQ6"",""MQ2""]},""alarmLatched"":false}"
2026-08-04 11:09:26.627 +07:00,125.508,HOT_SWEEP_70,70,700,300,1,0,0.104878046,0.004033328,0.004719239,-0.002663907,-0.009206419,-0.011420484,-0.019607849,-0.025390137,"{""deviceId"":""1001"",""nodeId"":4097,""targetChId"":""0010"",""mode"":""inference"",""uptimeMs"":6502980,""debugEnabled"":true,""power"":{""mode"":""24v"",""externalPower"":true,""batteryMv"":65535,""batteryValid"":false,""batteryDetected"":false,""batterySenseStatus"":""not_detected"",""batteryLow"":false,""batteryCritical"":false,""sourceAmbiguous"":false,""serviceHoldActive"":false,""serviceHoldEffective"":false},""batterySession"":{""state"":""inactive"",""startedMs"":0,""stateStartedMs"":0,""validSampleBatches"":0,""requiredSampleBatches"":10,""alarmTxAttempts"":0,""alarmTxAttemptLimit"":3,""alarmAckReceived"":false,""pendingAlarm"":false,""pendingSaveRequired"":false,""persistenceFaultHold"":false,""completionReason"":""session_done""},""bootHealth"":{""adsReady"":true,""adsDrdyLevel"":0,""adsDrdyPulldownLevel"":0,""adsDrdyPullupLevel"":0,""adsMisoPulldownLevel"":0,""adsMisoPullupLevel"":1,""adsCsLevel"":1,""adsSyncLevel"":1,""adsStatus"":54,""adsMux"":15,""adsAdcon"":6,""adsDrate"":240,""adsReason"":""ok"",""tcaOk"":true,""mcpOkCount"":8,""mcpOk"":[true,true,true,true,true,true,true,true],""mcpAddrMask"":[1,1,1,1,1,1,1,1],""mcpControlTested"":true,""mcpControlOkCount"":8,""mcpControlOk"":[true,true,true,true,true,true,true,true],""dacReady"":true,""radioReady"":true,""mlReady"":true,""nullingProfileApplied"":true,""modelProfileReady"":false},""runtimeMcpCode"":[255,519,795,706,799,865,665,139],""model"":{""profileId"":""cnn-dualbranch-datasheet-v1-unbound"",""scalerProfileId"":""cnn-dualbranch-datasheet-v1-unbound"",""productionApproved"":true,""boundNullingProfileId"":8,""activeNullingProfileId"":9,""bindingValid"":true,""bindingModelMatches"":true,""profileReady"":false,""inferenceValid"":false,""sensorFault"":true},""lora"":{""beginState"":0,""lastTxState"":0,""lastTxOk"":false,""txSeq"":0,""txCounter"":0,""aesKeyProvisioned"":true,""aesKeyPresent"":true,""aesKeySource"":""nvs"",""keyId"":1,""lastDownlinkCommandId"":0,""freqMHz"":920,""bwKHz"":125,""sf"":7,""cr"":5,""syncWord"":18,""txPowerDbm"":17,""preamble"":8,""tcxoVoltage"":1.600000024,""xtalVoltage"":0},""dataset"":{""state"":""idle"",""step"":""idle"",""label"":"""",""seq"":0,""targetSamples"":0,""sampleIntervalMs"":500,""maxDurationMs"":0,""useFanIntake"":true,""fanOnMs"":1000,""postFanSettleMs"":0,""nullingProfileId"":9,""queuePending"":0,""queueCapacity"":16,""queueEnqueued"":0,""queueDropped"":0,""publishFailCount"":0,""retryCount"":0,""retryFailCount"":0,""rejectedSamples"":0,""lastRejectReason"":""none"",""lastRejectChannel"":-1,""lastRejectOkFiniteCount"":0,""lastRejectStatus"":255,""lastRejectGain"":0,""lastRejectSaturated"":false},""recovery"":{""wifiReconnectCount"":0,""wifiReconnectFailCount"":0,""mqttReconnectCount"":0,""mqttConnectFailCount"":0,""lastMqttState"":0,""adsRecoveryCount"":0,""adsRecoveryFailCount"":0,""adsReadFailStreak"":0,""lastReason"":""none"",""lastRecoveryMs"":0,""bootRecoveryArmed"":false,""bootRecoveryDueMs"":0,""bootRecoveryReason"":""none"",""bootRecoveryNonAdsFailure"":false,""bootRecoveryRestartCount"":0},""nulling"":{""done"":false,""retryArmed"":false,""attemptCount"":0,""nextRetryMs"":0,""thresholdV"":9.999999747E-06,""minFinalV"":0},""telemetry"":{""valid"":true,""sampleMs"":6502570,""gasClass"":6,""gasName"":""CO2"",""confidence"":0,""alarm"":false,""sensorVoltage"":[0.104878046,0.004033328,0.004719239,-0.002663907,-0.009206419,-0.011420484,-0.019607849,-0.025390137],""sensorGain"":[32,64,64,64,64,64,64,64],""sensorStatus"":[0,0,0,0,0,0,0,0],""featureOrder"":[""MQ8"",""MQ135"",""MQ3"",""MQ5"",""MQ4"",""MQ7"",""MQ6"",""MQ2""]},""alarmLatched"":false}"
2026-08-04 11:09:27.323 +07:00,126.199,HOT_SWEEP_70,70,700,300,1,0,0.10458605,0.004041304,0.004724666,-0.00265781,-0.009226843,-0.011393124,-0.019634502,-0.025326874,"{""deviceId"":""1001"",""nodeId"":4097,""targetChId"":""0010"",""mode"":""inference"",""uptimeMs"":6503660,""debugEnabled"":true,""power"":{""mode"":""24v"",""externalPower"":true,""batteryMv"":65535,""batteryValid"":false,""batteryDetected"":false,""batterySenseStatus"":""not_detected"",""batteryLow"":false,""batteryCritical"":false,""sourceAmbiguous"":false,""serviceHoldActive"":false,""serviceHoldEffective"":false},""batterySession"":{""state"":""inactive"",""startedMs"":0,""stateStartedMs"":0,""validSampleBatches"":0,""requiredSampleBatches"":10,""alarmTxAttempts"":0,""alarmTxAttemptLimit"":3,""alarmAckReceived"":false,""pendingAlarm"":false,""pendingSaveRequired"":false,""persistenceFaultHold"":false,""completionReason"":""session_done""},""bootHealth"":{""adsReady"":true,""adsDrdyLevel"":0,""adsDrdyPulldownLevel"":0,""adsDrdyPullupLevel"":0,""adsMisoPulldownLevel"":0,""adsMisoPullupLevel"":1,""adsCsLevel"":1,""adsSyncLevel"":1,""adsStatus"":54,""adsMux"":15,""adsAdcon"":6,""adsDrate"":240,""adsReason"":""ok"",""tcaOk"":true,""mcpOkCount"":8,""mcpOk"":[true,true,true,true,true,true,true,true],""mcpAddrMask"":[1,1,1,1,1,1,1,1],""mcpControlTested"":true,""mcpControlOkCount"":8,""mcpControlOk"":[true,true,true,true,true,true,true,true],""dacReady"":true,""radioReady"":true,""mlReady"":true,""nullingProfileApplied"":true,""modelProfileReady"":false},""runtimeMcpCode"":[255,519,795,706,799,865,665,139],""model"":{""profileId"":""cnn-dualbranch-datasheet-v1-unbound"",""scalerProfileId"":""cnn-dualbranch-datasheet-v1-unbound"",""productionApproved"":true,""boundNullingProfileId"":8,""activeNullingProfileId"":9,""bindingValid"":true,""bindingModelMatches"":true,""profileReady"":false,""inferenceValid"":false,""sensorFault"":true},""lora"":{""beginState"":0,""lastTxState"":0,""lastTxOk"":false,""txSeq"":0,""txCounter"":0,""aesKeyProvisioned"":true,""aesKeyPresent"":true,""aesKeySource"":""nvs"",""keyId"":1,""lastDownlinkCommandId"":0,""freqMHz"":920,""bwKHz"":125,""sf"":7,""cr"":5,""syncWord"":18,""txPowerDbm"":17,""preamble"":8,""tcxoVoltage"":1.600000024,""xtalVoltage"":0},""dataset"":{""state"":""idle"",""step"":""idle"",""label"":"""",""seq"":0,""targetSamples"":0,""sampleIntervalMs"":500,""maxDurationMs"":0,""useFanIntake"":true,""fanOnMs"":1000,""postFanSettleMs"":0,""nullingProfileId"":9,""queuePending"":0,""queueCapacity"":16,""queueEnqueued"":0,""queueDropped"":0,""publishFailCount"":0,""retryCount"":0,""retryFailCount"":0,""rejectedSamples"":0,""lastRejectReason"":""none"",""lastRejectChannel"":-1,""lastRejectOkFiniteCount"":0,""lastRejectStatus"":255,""lastRejectGain"":0,""lastRejectSaturated"":false},""recovery"":{""wifiReconnectCount"":0,""wifiReconnectFailCount"":0,""mqttReconnectCount"":0,""mqttConnectFailCount"":0,""lastMqttState"":0,""adsRecoveryCount"":0,""adsRecoveryFailCount"":0,""adsReadFailStreak"":0,""lastReason"":""none"",""lastRecoveryMs"":0,""bootRecoveryArmed"":false,""bootRecoveryDueMs"":0,""bootRecoveryReason"":""none"",""bootRecoveryNonAdsFailure"":false,""bootRecoveryRestartCount"":0},""nulling"":{""done"":false,""retryArmed"":false,""attemptCount"":0,""nextRetryMs"":0,""thresholdV"":9.999999747E-06,""minFinalV"":0},""telemetry"":{""valid"":true,""sampleMs"":6503258,""gasClass"":6,""gasName"":""CO2"",""confidence"":0,""alarm"":false,""sensorVoltage"":[0.10458605,0.004041304,0.004724666,-0.00265781,-0.009226843,-0.011393124,-0.019634502,-0.025326874],""sensorGain"":[32,64,64,64,64,64,64,64],""sensorStatus"":[0,0,0,0,0,0,0,0],""featureOrder"":[""MQ8"",""MQ135"",""MQ3"",""MQ5"",""MQ4"",""MQ7"",""MQ6"",""MQ2""]},""alarmLatched"":false}"
2026-08-04 11:09:28.006 +07:00,126.886,HOT_SWEEP_70,70,700,300,1,0,0.105683111,0.004022925,0.004729768,-0.002641596,-0.008990904,-0.011120455,-0.019263882,-0.025280077,"{""deviceId"":""1001"",""nodeId"":4097,""targetChId"":""0010"",""mode"":""inference"",""uptimeMs"":6504347,""debugEnabled"":true,""power"":{""mode"":""24v"",""externalPower"":true,""batteryMv"":65535,""batteryValid"":false,""batteryDetected"":false,""batterySenseStatus"":""not_detected"",""batteryLow"":false,""batteryCritical"":false,""sourceAmbiguous"":false,""serviceHoldActive"":false,""serviceHoldEffective"":false},""batterySession"":{""state"":""inactive"",""startedMs"":0,""stateStartedMs"":0,""validSampleBatches"":0,""requiredSampleBatches"":10,""alarmTxAttempts"":0,""alarmTxAttemptLimit"":3,""alarmAckReceived"":false,""pendingAlarm"":false,""pendingSaveRequired"":false,""persistenceFaultHold"":false,""completionReason"":""session_done""},""bootHealth"":{""adsReady"":true,""adsDrdyLevel"":0,""adsDrdyPulldownLevel"":0,""adsDrdyPullupLevel"":0,""adsMisoPulldownLevel"":0,""adsMisoPullupLevel"":1,""adsCsLevel"":1,""adsSyncLevel"":1,""adsStatus"":54,""adsMux"":15,""adsAdcon"":6,""adsDrate"":240,""adsReason"":""ok"",""tcaOk"":true,""mcpOkCount"":8,""mcpOk"":[true,true,true,true,true,true,true,true],""mcpAddrMask"":[1,1,1,1,1,1,1,1],""mcpControlTested"":true,""mcpControlOkCount"":8,""mcpControlOk"":[true,true,true,true,true,true,true,true],""dacReady"":true,""radioReady"":true,""mlReady"":true,""nullingProfileApplied"":true,""modelProfileReady"":false},""runtimeMcpCode"":[255,519,795,706,799,865,665,139],""model"":{""profileId"":""cnn-dualbranch-datasheet-v1-unbound"",""scalerProfileId"":""cnn-dualbranch-datasheet-v1-unbound"",""productionApproved"":true,""boundNullingProfileId"":8,""activeNullingProfileId"":9,""bindingValid"":true,""bindingModelMatches"":true,""profileReady"":false,""inferenceValid"":false,""sensorFault"":true},""lora"":{""beginState"":0,""lastTxState"":0,""lastTxOk"":false,""txSeq"":0,""txCounter"":0,""aesKeyProvisioned"":true,""aesKeyPresent"":true,""aesKeySource"":""nvs"",""keyId"":1,""lastDownlinkCommandId"":0,""freqMHz"":920,""bwKHz"":125,""sf"":7,""cr"":5,""syncWord"":18,""txPowerDbm"":17,""preamble"":8,""tcxoVoltage"":1.600000024,""xtalVoltage"":0},""dataset"":{""state"":""idle"",""step"":""idle"",""label"":"""",""seq"":0,""targetSamples"":0,""sampleIntervalMs"":500,""maxDurationMs"":0,""useFanIntake"":true,""fanOnMs"":1000,""postFanSettleMs"":0,""nullingProfileId"":9,""queuePending"":0,""queueCapacity"":16,""queueEnqueued"":0,""queueDropped"":0,""publishFailCount"":0,""retryCount"":0,""retryFailCount"":0,""rejectedSamples"":0,""lastRejectReason"":""none"",""lastRejectChannel"":-1,""lastRejectOkFiniteCount"":0,""lastRejectStatus"":255,""lastRejectGain"":0,""lastRejectSaturated"":false},""recovery"":{""wifiReconnectCount"":0,""wifiReconnectFailCount"":0,""mqttReconnectCount"":0,""mqttConnectFailCount"":0,""lastMqttState"":0,""adsRecoveryCount"":0,""adsRecoveryFailCount"":0,""adsReadFailStreak"":0,""lastReason"":""none"",""lastRecoveryMs"":0,""bootRecoveryArmed"":false,""bootRecoveryDueMs"":0,""bootRecoveryReason"":""none"",""bootRecoveryNonAdsFailure"":false,""bootRecoveryRestartCount"":0},""nulling"":{""done"":false,""retryArmed"":false,""attemptCount"":0,""nextRetryMs"":0,""thresholdV"":9.999999747E-06,""minFinalV"":0},""telemetry"":{""valid"":true,""sampleMs"":6503970,""gasClass"":6,""gasName"":""CO2"",""confidence"":0,""alarm"":false,""sensorVoltage"":[0.105683111,0.004022925,0.004729768,-0.002641596,-0.008990904,-0.011120455,-0.019263882,-0.025280077],""sensorGain"":[32,64,64,64,64,64,64,64],""sensorStatus"":[0,0,0,0,0,0,0,0],""featureOrder"":[""MQ8"",""MQ135"",""MQ3"",""MQ5"",""MQ4"",""MQ7"",""MQ6"",""MQ2""]},""alarmLatched"":false}"
2026-08-04 11:09:28.694 +07:00,127.575,HOT_SWEEP_70,70,700,300,1,0,0.105151415,0.004016411,0.004773419,-0.002668309,-0.009231234,-0.0114629,-0.019604724,-0.02573647,"{""deviceId"":""1001"",""nodeId"":4097,""targetChId"":""0010"",""mode"":""inference"",""uptimeMs"":6505038,""debugEnabled"":true,""power"":{""mode"":""24v"",""externalPower"":true,""batteryMv"":65535,""batteryValid"":false,""batteryDetected"":false,""batterySenseStatus"":""not_detected"",""batteryLow"":false,""batteryCritical"":false,""sourceAmbiguous"":false,""serviceHoldActive"":false,""serviceHoldEffective"":false},""batterySession"":{""state"":""inactive"",""startedMs"":0,""stateStartedMs"":0,""validSampleBatches"":0,""requiredSampleBatches"":10,""alarmTxAttempts"":0,""alarmTxAttemptLimit"":3,""alarmAckReceived"":false,""pendingAlarm"":false,""pendingSaveRequired"":false,""persistenceFaultHold"":false,""completionReason"":""session_done""},""bootHealth"":{""adsReady"":true,""adsDrdyLevel"":0,""adsDrdyPulldownLevel"":0,""adsDrdyPullupLevel"":0,""adsMisoPulldownLevel"":0,""adsMisoPullupLevel"":1,""adsCsLevel"":1,""adsSyncLevel"":1,""adsStatus"":54,""adsMux"":15,""adsAdcon"":6,""adsDrate"":240,""adsReason"":""ok"",""tcaOk"":true,""mcpOkCount"":8,""mcpOk"":[true,true,true,true,true,true,true,true],""mcpAddrMask"":[1,1,1,1,1,1,1,1],""mcpControlTested"":true,""mcpControlOkCount"":8,""mcpControlOk"":[true,true,true,true,true,true,true,true],""dacReady"":true,""radioReady"":true,""mlReady"":true,""nullingProfileApplied"":true,""modelProfileReady"":false},""runtimeMcpCode"":[255,519,795,706,799,865,665,139],""model"":{""profileId"":""cnn-dualbranch-datasheet-v1-unbound"",""scalerProfileId"":""cnn-dualbranch-datasheet-v1-unbound"",""productionApproved"":true,""boundNullingProfileId"":8,""activeNullingProfileId"":9,""bindingValid"":true,""bindingModelMatches"":true,""profileReady"":false,""inferenceValid"":false,""sensorFault"":true},""lora"":{""beginState"":0,""lastTxState"":0,""lastTxOk"":false,""txSeq"":0,""txCounter"":0,""aesKeyProvisioned"":true,""aesKeyPresent"":true,""aesKeySource"":""nvs"",""keyId"":1,""lastDownlinkCommandId"":0,""freqMHz"":920,""bwKHz"":125,""sf"":7,""cr"":5,""syncWord"":18,""txPowerDbm"":17,""preamble"":8,""tcxoVoltage"":1.600000024,""xtalVoltage"":0},""dataset"":{""state"":""idle"",""step"":""idle"",""label"":"""",""seq"":0,""targetSamples"":0,""sampleIntervalMs"":500,""maxDurationMs"":0,""useFanIntake"":true,""fanOnMs"":1000,""postFanSettleMs"":0,""nullingProfileId"":9,""queuePending"":0,""queueCapacity"":16,""queueEnqueued"":0,""queueDropped"":0,""publishFailCount"":0,""retryCount"":0,""retryFailCount"":0,""rejectedSamples"":0,""lastRejectReason"":""none"",""lastRejectChannel"":-1,""lastRejectOkFiniteCount"":0,""lastRejectStatus"":255,""lastRejectGain"":0,""lastRejectSaturated"":false},""recovery"":{""wifiReconnectCount"":0,""wifiReconnectFailCount"":0,""mqttReconnectCount"":0,""mqttConnectFailCount"":0,""lastMqttState"":0,""adsRecoveryCount"":0,""adsRecoveryFailCount"":0,""adsReadFailStreak"":0,""lastReason"":""none"",""lastRecoveryMs"":0,""bootRecoveryArmed"":false,""bootRecoveryDueMs"":0,""bootRecoveryReason"":""none"",""bootRecoveryNonAdsFailure"":false,""bootRecoveryRestartCount"":0},""nulling"":{""done"":false,""retryArmed"":false,""attemptCount"":0,""nextRetryMs"":0,""thresholdV"":9.999999747E-06,""minFinalV"":0},""telemetry"":{""valid"":true,""sampleMs"":6504625,""gasClass"":6,""gasName"":""CO2"",""confidence"":0,""alarm"":false,""sensorVoltage"":[0.105151415,0.004016411,0.004773419,-0.002668309,-0.009231234,-0.0114629,-0.019604724,-0.02573647],""sensorGain"":[32,64,64,64,64,64,64,64],""sensorStatus"":[0,0,0,0,0,0,0,0],""featureOrder"":[""MQ8"",""MQ135"",""MQ3"",""MQ5"",""MQ4"",""MQ7"",""MQ6"",""MQ2""]},""alarmLatched"":false}"
2026-08-04 11:09:29.380 +07:00,128.261,HOT_SWEEP_70,70,700,300,1,0,0.10469012,0.004045684,0.004750018,-0.002658104,-0.009229175,-0.011488447,-0.019536998,-0.025781846,"{""deviceId"":""1001"",""nodeId"":4097,""targetChId"":""0010"",""mode"":""inference"",""uptimeMs"":6505727,""debugEnabled"":true,""power"":{""mode"":""24v"",""externalPower"":true,""batteryMv"":65535,""batteryValid"":false,""batteryDetected"":false,""batterySenseStatus"":""not_detected"",""batteryLow"":false,""batteryCritical"":false,""sourceAmbiguous"":false,""serviceHoldActive"":false,""serviceHoldEffective"":false},""batterySession"":{""state"":""inactive"",""startedMs"":0,""stateStartedMs"":0,""validSampleBatches"":0,""requiredSampleBatches"":10,""alarmTxAttempts"":0,""alarmTxAttemptLimit"":3,""alarmAckReceived"":false,""pendingAlarm"":false,""pendingSaveRequired"":false,""persistenceFaultHold"":false,""completionReason"":""session_done""},""bootHealth"":{""adsReady"":true,""adsDrdyLevel"":0,""adsDrdyPulldownLevel"":0,""adsDrdyPullupLevel"":0,""adsMisoPulldownLevel"":0,""adsMisoPullupLevel"":1,""adsCsLevel"":1,""adsSyncLevel"":1,""adsStatus"":54,""adsMux"":15,""adsAdcon"":6,""adsDrate"":240,""adsReason"":""ok"",""tcaOk"":true,""mcpOkCount"":8,""mcpOk"":[true,true,true,true,true,true,true,true],""mcpAddrMask"":[1,1,1,1,1,1,1,1],""mcpControlTested"":true,""mcpControlOkCount"":8,""mcpControlOk"":[true,true,true,true,true,true,true,true],""dacReady"":true,""radioReady"":true,""mlReady"":true,""nullingProfileApplied"":true,""modelProfileReady"":false},""runtimeMcpCode"":[255,519,795,706,799,865,665,139],""model"":{""profileId"":""cnn-dualbranch-datasheet-v1-unbound"",""scalerProfileId"":""cnn-dualbranch-datasheet-v1-unbound"",""productionApproved"":true,""boundNullingProfileId"":8,""activeNullingProfileId"":9,""bindingValid"":true,""bindingModelMatches"":true,""profileReady"":false,""inferenceValid"":false,""sensorFault"":true},""lora"":{""beginState"":0,""lastTxState"":0,""lastTxOk"":false,""txSeq"":0,""txCounter"":0,""aesKeyProvisioned"":true,""aesKeyPresent"":true,""aesKeySource"":""nvs"",""keyId"":1,""lastDownlinkCommandId"":0,""freqMHz"":920,""bwKHz"":125,""sf"":7,""cr"":5,""syncWord"":18,""txPowerDbm"":17,""preamble"":8,""tcxoVoltage"":1.600000024,""xtalVoltage"":0},""dataset"":{""state"":""idle"",""step"":""idle"",""label"":"""",""seq"":0,""targetSamples"":0,""sampleIntervalMs"":500,""maxDurationMs"":0,""useFanIntake"":true,""fanOnMs"":1000,""postFanSettleMs"":0,""nullingProfileId"":9,""queuePending"":0,""queueCapacity"":16,""queueEnqueued"":0,""queueDropped"":0,""publishFailCount"":0,""retryCount"":0,""retryFailCount"":0,""rejectedSamples"":0,""lastRejectReason"":""none"",""lastRejectChannel"":-1,""lastRejectOkFiniteCount"":0,""lastRejectStatus"":255,""lastRejectGain"":0,""lastRejectSaturated"":false},""recovery"":{""wifiReconnectCount"":0,""wifiReconnectFailCount"":0,""mqttReconnectCount"":0,""mqttConnectFailCount"":0,""lastMqttState"":0,""adsRecoveryCount"":0,""adsRecoveryFailCount"":0,""adsReadFailStreak"":0,""lastReason"":""none"",""lastRecoveryMs"":0,""bootRecoveryArmed"":false,""bootRecoveryDueMs"":0,""bootRecoveryReason"":""none"",""bootRecoveryNonAdsFailure"":false,""bootRecoveryRestartCount"":0},""nulling"":{""done"":false,""retryArmed"":false,""attemptCount"":0,""nextRetryMs"":0,""thresholdV"":9.999999747E-06,""minFinalV"":0},""telemetry"":{""valid"":true,""sampleMs"":6505316,""gasClass"":6,""gasName"":""CO2"",""confidence"":0,""alarm"":false,""sensorVoltage"":[0.10469012,0.004045684,0.004750018,-0.002658104,-0.009229175,-0.011488447,-0.019536998,-0.025781846],""sensorGain"":[32,64,64,64,64,64,64,64],""sensorStatus"":[0,0,0,0,0,0,0,0],""featureOrder"":[""MQ8"",""MQ135"",""MQ3"",""MQ5"",""MQ4"",""MQ7"",""MQ6"",""MQ2""]},""alarmLatched"":false}"
2026-08-04 11:09:30.066 +07:00,128.944,HOT_SWEEP_70,70,700,300,1,0,0.105890855,0.004013311,0.004681559,-0.002602627,-0.009358386,-0.011492883,-0.019529611,-0.025701413,"{""deviceId"":""1001"",""nodeId"":4097,""targetChId"":""0010"",""mode"":""inference"",""uptimeMs"":6506405,""debugEnabled"":true,""power"":{""mode"":""24v"",""externalPower"":true,""batteryMv"":65535,""batteryValid"":false,""batteryDetected"":false,""batterySenseStatus"":""not_detected"",""batteryLow"":false,""batteryCritical"":false,""sourceAmbiguous"":false,""serviceHoldActive"":false,""serviceHoldEffective"":false},""batterySession"":{""state"":""inactive"",""startedMs"":0,""stateStartedMs"":0,""validSampleBatches"":0,""requiredSampleBatches"":10,""alarmTxAttempts"":0,""alarmTxAttemptLimit"":3,""alarmAckReceived"":false,""pendingAlarm"":false,""pendingSaveRequired"":false,""persistenceFaultHold"":false,""completionReason"":""session_done""},""bootHealth"":{""adsReady"":true,""adsDrdyLevel"":0,""adsDrdyPulldownLevel"":0,""adsDrdyPullupLevel"":0,""adsMisoPulldownLevel"":0,""adsMisoPullupLevel"":1,""adsCsLevel"":1,""adsSyncLevel"":1,""adsStatus"":54,""adsMux"":15,""adsAdcon"":6,""adsDrate"":240,""adsReason"":""ok"",""tcaOk"":true,""mcpOkCount"":8,""mcpOk"":[true,true,true,true,true,true,true,true],""mcpAddrMask"":[1,1,1,1,1,1,1,1],""mcpControlTested"":true,""mcpControlOkCount"":8,""mcpControlOk"":[true,true,true,true,true,true,true,true],""dacReady"":true,""radioReady"":true,""mlReady"":true,""nullingProfileApplied"":true,""modelProfileReady"":false},""runtimeMcpCode"":[255,519,795,706,799,865,665,139],""model"":{""profileId"":""cnn-dualbranch-datasheet-v1-unbound"",""scalerProfileId"":""cnn-dualbranch-datasheet-v1-unbound"",""productionApproved"":true,""boundNullingProfileId"":8,""activeNullingProfileId"":9,""bindingValid"":true,""bindingModelMatches"":true,""profileReady"":false,""inferenceValid"":false,""sensorFault"":true},""lora"":{""beginState"":0,""lastTxState"":0,""lastTxOk"":false,""txSeq"":0,""txCounter"":0,""aesKeyProvisioned"":true,""aesKeyPresent"":true,""aesKeySource"":""nvs"",""keyId"":1,""lastDownlinkCommandId"":0,""freqMHz"":920,""bwKHz"":125,""sf"":7,""cr"":5,""syncWord"":18,""txPowerDbm"":17,""preamble"":8,""tcxoVoltage"":1.600000024,""xtalVoltage"":0},""dataset"":{""state"":""idle"",""step"":""idle"",""label"":"""",""seq"":0,""targetSamples"":0,""sampleIntervalMs"":500,""maxDurationMs"":0,""useFanIntake"":true,""fanOnMs"":1000,""postFanSettleMs"":0,""nullingProfileId"":9,""queuePending"":0,""queueCapacity"":16,""queueEnqueued"":0,""queueDropped"":0,""publishFailCount"":0,""retryCount"":0,""retryFailCount"":0,""rejectedSamples"":0,""lastRejectReason"":""none"",""lastRejectChannel"":-1,""lastRejectOkFiniteCount"":0,""lastRejectStatus"":255,""lastRejectGain"":0,""lastRejectSaturated"":false},""recovery"":{""wifiReconnectCount"":0,""wifiReconnectFailCount"":0,""mqttReconnectCount"":0,""mqttConnectFailCount"":0,""lastMqttState"":0,""adsRecoveryCount"":0,""adsRecoveryFailCount"":0,""adsReadFailStreak"":0,""lastReason"":""none"",""lastRecoveryMs"":0,""bootRecoveryArmed"":false,""bootRecoveryDueMs"":0,""bootRecoveryReason"":""none"",""bootRecoveryNonAdsFailure"":false,""bootRecoveryRestartCount"":0},""nulling"":{""done"":false,""retryArmed"":false,""attemptCount"":0,""nextRetryMs"":0,""thresholdV"":9.999999747E-06,""minFinalV"":0},""telemetry"":{""valid"":true,""sampleMs"":6506037,""gasClass"":6,""gasName"":""CO2"",""confidence"":0,""alarm"":false,""sensorVoltage"":[0.105890855,0.004013311,0.004681559,-0.002602627,-0.009358386,-0.011492883,-0.019529611,-0.025701413],""sensorGain"":[32,64,64,64,64,64,64,64],""sensorStatus"":[0,0,0,0,0,0,0,0],""featureOrder"":[""MQ8"",""MQ135"",""MQ3"",""MQ5"",""MQ4"",""MQ7"",""MQ6"",""MQ2""]},""alarmLatched"":false}"
2026-08-04 11:09:30.748 +07:00,129.629,HOT_SWEEP_70,70,700,300,1,0,0.105336763,0.004009241,0.004742212,-0.002605946,-0.009186837,-0.011787171,-0.019536136,-0.025742382,"{""deviceId"":""1001"",""nodeId"":4097,""targetChId"":""0010"",""mode"":""inference"",""uptimeMs"":6507095,""debugEnabled"":true,""power"":{""mode"":""24v"",""externalPower"":true,""batteryMv"":65535,""batteryValid"":false,""batteryDetected"":false,""batterySenseStatus"":""not_detected"",""batteryLow"":false,""batteryCritical"":false,""sourceAmbiguous"":false,""serviceHoldActive"":false,""serviceHoldEffective"":false},""batterySession"":{""state"":""inactive"",""startedMs"":0,""stateStartedMs"":0,""validSampleBatches"":0,""requiredSampleBatches"":10,""alarmTxAttempts"":0,""alarmTxAttemptLimit"":3,""alarmAckReceived"":false,""pendingAlarm"":false,""pendingSaveRequired"":false,""persistenceFaultHold"":false,""completionReason"":""session_done""},""bootHealth"":{""adsReady"":true,""adsDrdyLevel"":0,""adsDrdyPulldownLevel"":0,""adsDrdyPullupLevel"":0,""adsMisoPulldownLevel"":0,""adsMisoPullupLevel"":1,""adsCsLevel"":1,""adsSyncLevel"":1,""adsStatus"":54,""adsMux"":15,""adsAdcon"":6,""adsDrate"":240,""adsReason"":""ok"",""tcaOk"":true,""mcpOkCount"":8,""mcpOk"":[true,true,true,true,true,true,true,true],""mcpAddrMask"":[1,1,1,1,1,1,1,1],""mcpControlTested"":true,""mcpControlOkCount"":8,""mcpControlOk"":[true,true,true,true,true,true,true,true],""dacReady"":true,""radioReady"":true,""mlReady"":true,""nullingProfileApplied"":true,""modelProfileReady"":false},""runtimeMcpCode"":[255,519,795,706,799,865,665,139],""model"":{""profileId"":""cnn-dualbranch-datasheet-v1-unbound"",""scalerProfileId"":""cnn-dualbranch-datasheet-v1-unbound"",""productionApproved"":true,""boundNullingProfileId"":8,""activeNullingProfileId"":9,""bindingValid"":true,""bindingModelMatches"":true,""profileReady"":false,""inferenceValid"":false,""sensorFault"":true},""lora"":{""beginState"":0,""lastTxState"":0,""lastTxOk"":false,""txSeq"":0,""txCounter"":0,""aesKeyProvisioned"":true,""aesKeyPresent"":true,""aesKeySource"":""nvs"",""keyId"":1,""lastDownlinkCommandId"":0,""freqMHz"":920,""bwKHz"":125,""sf"":7,""cr"":5,""syncWord"":18,""txPowerDbm"":17,""preamble"":8,""tcxoVoltage"":1.600000024,""xtalVoltage"":0},""dataset"":{""state"":""idle"",""step"":""idle"",""label"":"""",""seq"":0,""targetSamples"":0,""sampleIntervalMs"":500,""maxDurationMs"":0,""useFanIntake"":true,""fanOnMs"":1000,""postFanSettleMs"":0,""nullingProfileId"":9,""queuePending"":0,""queueCapacity"":16,""queueEnqueued"":0,""queueDropped"":0,""publishFailCount"":0,""retryCount"":0,""retryFailCount"":0,""rejectedSamples"":0,""lastRejectReason"":""none"",""lastRejectChannel"":-1,""lastRejectOkFiniteCount"":0,""lastRejectStatus"":255,""lastRejectGain"":0,""lastRejectSaturated"":false},""recovery"":{""wifiReconnectCount"":0,""wifiReconnectFailCount"":0,""mqttReconnectCount"":0,""mqttConnectFailCount"":0,""lastMqttState"":0,""adsRecoveryCount"":0,""adsRecoveryFailCount"":0,""adsReadFailStreak"":0,""lastReason"":""none"",""lastRecoveryMs"":0,""bootRecoveryArmed"":false,""bootRecoveryDueMs"":0,""bootRecoveryReason"":""none"",""bootRecoveryNonAdsFailure"":false,""bootRecoveryRestartCount"":0},""nulling"":{""done"":false,""retryArmed"":false,""attemptCount"":0,""nextRetryMs"":0,""thresholdV"":9.999999747E-06,""minFinalV"":0},""telemetry"":{""valid"":true,""sampleMs"":6506683,""gasClass"":6,""gasName"":""CO2"",""confidence"":0,""alarm"":false,""sensorVoltage"":[0.105336763,0.004009241,0.004742212,-0.002605946,-0.009186837,-0.011787171,-0.019536136,-0.025742382],""sensorGain"":[32,64,64,64,64,64,64,64],""sensorStatus"":[0,0,0,0,0,0,0,0],""featureOrder"":[""MQ8"",""MQ135"",""MQ3"",""MQ5"",""MQ4"",""MQ7"",""MQ6"",""MQ2""]},""alarmLatched"":false}"
2026-08-04 11:09:31.459 +07:00,130.332,HOT_SWEEP_70,70,700,300,1,0,0.104845129,0.004014784,0.004743652,-0.002625647,-0.008283765,-0.011779202,-0.019581072,-0.025760761,"{""deviceId"":""1001"",""nodeId"":4097,""targetChId"":""0010"",""mode"":""inference"",""uptimeMs"":6507801,""debugEnabled"":true,""power"":{""mode"":""24v"",""externalPower"":true,""batteryMv"":65535,""batteryValid"":false,""batteryDetected"":false,""batterySenseStatus"":""not_detected"",""batteryLow"":false,""batteryCritical"":false,""sourceAmbiguous"":false,""serviceHoldActive"":false,""serviceHoldEffective"":false},""batterySession"":{""state"":""inactive"",""startedMs"":0,""stateStartedMs"":0,""validSampleBatches"":0,""requiredSampleBatches"":10,""alarmTxAttempts"":0,""alarmTxAttemptLimit"":3,""alarmAckReceived"":false,""pendingAlarm"":false,""pendingSaveRequired"":false,""persistenceFaultHold"":false,""completionReason"":""session_done""},""bootHealth"":{""adsReady"":true,""adsDrdyLevel"":0,""adsDrdyPulldownLevel"":0,""adsDrdyPullupLevel"":0,""adsMisoPulldownLevel"":0,""adsMisoPullupLevel"":1,""adsCsLevel"":1,""adsSyncLevel"":1,""adsStatus"":54,""adsMux"":15,""adsAdcon"":6,""adsDrate"":240,""adsReason"":""ok"",""tcaOk"":true,""mcpOkCount"":8,""mcpOk"":[true,true,true,true,true,true,true,true],""mcpAddrMask"":[1,1,1,1,1,1,1,1],""mcpControlTested"":true,""mcpControlOkCount"":8,""mcpControlOk"":[true,true,true,true,true,true,true,true],""dacReady"":true,""radioReady"":true,""mlReady"":true,""nullingProfileApplied"":true,""modelProfileReady"":false},""runtimeMcpCode"":[255,519,795,706,799,865,665,139],""model"":{""profileId"":""cnn-dualbranch-datasheet-v1-unbound"",""scalerProfileId"":""cnn-dualbranch-datasheet-v1-unbound"",""productionApproved"":true,""boundNullingProfileId"":8,""activeNullingProfileId"":9,""bindingValid"":true,""bindingModelMatches"":true,""profileReady"":false,""inferenceValid"":false,""sensorFault"":true},""lora"":{""beginState"":0,""lastTxState"":0,""lastTxOk"":false,""txSeq"":0,""txCounter"":0,""aesKeyProvisioned"":true,""aesKeyPresent"":true,""aesKeySource"":""nvs"",""keyId"":1,""lastDownlinkCommandId"":0,""freqMHz"":920,""bwKHz"":125,""sf"":7,""cr"":5,""syncWord"":18,""txPowerDbm"":17,""preamble"":8,""tcxoVoltage"":1.600000024,""xtalVoltage"":0},""dataset"":{""state"":""idle"",""step"":""idle"",""label"":"""",""seq"":0,""targetSamples"":0,""sampleIntervalMs"":500,""maxDurationMs"":0,""useFanIntake"":true,""fanOnMs"":1000,""postFanSettleMs"":0,""nullingProfileId"":9,""queuePending"":0,""queueCapacity"":16,""queueEnqueued"":0,""queueDropped"":0,""publishFailCount"":0,""retryCount"":0,""retryFailCount"":0,""rejectedSamples"":0,""lastRejectReason"":""none"",""lastRejectChannel"":-1,""lastRejectOkFiniteCount"":0,""lastRejectStatus"":255,""lastRejectGain"":0,""lastRejectSaturated"":false},""recovery"":{""wifiReconnectCount"":0,""wifiReconnectFailCount"":0,""mqttReconnectCount"":0,""mqttConnectFailCount"":0,""lastMqttState"":0,""adsRecoveryCount"":0,""adsRecoveryFailCount"":0,""adsReadFailStreak"":0,""lastReason"":""none"",""lastRecoveryMs"":0,""bootRecoveryArmed"":false,""bootRecoveryDueMs"":0,""bootRecoveryReason"":""none"",""bootRecoveryNonAdsFailure"":false,""bootRecoveryRestartCount"":0},""nulling"":{""done"":false,""retryArmed"":false,""attemptCount"":0,""nextRetryMs"":0,""thresholdV"":9.999999747E-06,""minFinalV"":0},""telemetry"":{""valid"":true,""sampleMs"":6507378,""gasClass"":6,""gasName"":""CO2"",""confidence"":0,""alarm"":false,""sensorVoltage"":[0.104845129,0.004014784,0.004743652,-0.002625647,-0.008283765,-0.011779202,-0.019581072,-0.025760761],""sensorGain"":[32,64,64,64,64,64,64,64],""sensorStatus"":[0,0,0,0,0,0,0,0],""featureOrder"":[""MQ8"",""MQ135"",""MQ3"",""MQ5"",""MQ4"",""MQ7"",""MQ6"",""MQ2""]},""alarmLatched"":false}"
2026-08-04 11:09:32.163 +07:00,131.027,HOT_SWEEP_70,70,700,300,1,0,0.105701707,0.004021368,0.00473936,-0.00261897,-0.008258318,-0.011775191,-0.019511316,-0.02579717,"{""deviceId"":""1001"",""nodeId"":4097,""targetChId"":""0010"",""mode"":""inference"",""uptimeMs"":6508489,""debugEnabled"":true,""power"":{""mode"":""24v"",""externalPower"":true,""batteryMv"":65535,""batteryValid"":false,""batteryDetected"":false,""batterySenseStatus"":""not_detected"",""batteryLow"":false,""batteryCritical"":false,""sourceAmbiguous"":false,""serviceHoldActive"":false,""serviceHoldEffective"":false},""batterySession"":{""state"":""inactive"",""startedMs"":0,""stateStartedMs"":0,""validSampleBatches"":0,""requiredSampleBatches"":10,""alarmTxAttempts"":0,""alarmTxAttemptLimit"":3,""alarmAckReceived"":false,""pendingAlarm"":false,""pendingSaveRequired"":false,""persistenceFaultHold"":false,""completionReason"":""session_done""},""bootHealth"":{""adsReady"":true,""adsDrdyLevel"":0,""adsDrdyPulldownLevel"":0,""adsDrdyPullupLevel"":0,""adsMisoPulldownLevel"":0,""adsMisoPullupLevel"":1,""adsCsLevel"":1,""adsSyncLevel"":1,""adsStatus"":54,""adsMux"":15,""adsAdcon"":6,""adsDrate"":240,""adsReason"":""ok"",""tcaOk"":true,""mcpOkCount"":8,""mcpOk"":[true,true,true,true,true,true,true,true],""mcpAddrMask"":[1,1,1,1,1,1,1,1],""mcpControlTested"":true,""mcpControlOkCount"":8,""mcpControlOk"":[true,true,true,true,true,true,true,true],""dacReady"":true,""radioReady"":true,""mlReady"":true,""nullingProfileApplied"":true,""modelProfileReady"":false},""runtimeMcpCode"":[255,519,795,706,799,865,665,139],""model"":{""profileId"":""cnn-dualbranch-datasheet-v1-unbound"",""scalerProfileId"":""cnn-dualbranch-datasheet-v1-unbound"",""productionApproved"":true,""boundNullingProfileId"":8,""activeNullingProfileId"":9,""bindingValid"":true,""bindingModelMatches"":true,""profileReady"":false,""inferenceValid"":false,""sensorFault"":true},""lora"":{""beginState"":0,""lastTxState"":0,""lastTxOk"":false,""txSeq"":0,""txCounter"":0,""aesKeyProvisioned"":true,""aesKeyPresent"":true,""aesKeySource"":""nvs"",""keyId"":1,""lastDownlinkCommandId"":0,""freqMHz"":920,""bwKHz"":125,""sf"":7,""cr"":5,""syncWord"":18,""txPowerDbm"":17,""preamble"":8,""tcxoVoltage"":1.600000024,""xtalVoltage"":0},""dataset"":{""state"":""idle"",""step"":""idle"",""label"":"""",""seq"":0,""targetSamples"":0,""sampleIntervalMs"":500,""maxDurationMs"":0,""useFanIntake"":true,""fanOnMs"":1000,""postFanSettleMs"":0,""nullingProfileId"":9,""queuePending"":0,""queueCapacity"":16,""queueEnqueued"":0,""queueDropped"":0,""publishFailCount"":0,""retryCount"":0,""retryFailCount"":0,""rejectedSamples"":0,""lastRejectReason"":""none"",""lastRejectChannel"":-1,""lastRejectOkFiniteCount"":0,""lastRejectStatus"":255,""lastRejectGain"":0,""lastRejectSaturated"":false},""recovery"":{""wifiReconnectCount"":0,""wifiReconnectFailCount"":0,""mqttReconnectCount"":0,""mqttConnectFailCount"":0,""lastMqttState"":0,""adsRecoveryCount"":0,""adsRecoveryFailCount"":0,""adsReadFailStreak"":0,""lastReason"":""none"",""lastRecoveryMs"":0,""bootRecoveryArmed"":false,""bootRecoveryDueMs"":0,""bootRecoveryReason"":""none"",""bootRecoveryNonAdsFailure"":false,""bootRecoveryRestartCount"":0},""nulling"":{""done"":false,""retryArmed"":false,""attemptCount"":0,""nextRetryMs"":0,""thresholdV"":9.999999747E-06,""minFinalV"":0},""telemetry"":{""valid"":true,""sampleMs"":6508111,""gasClass"":6,""gasName"":""CO2"",""confidence"":0,""alarm"":false,""sensorVoltage"":[0.105701707,0.004021368,0.00473936,-0.00261897,-0.008258318,-0.011775191,-0.019511316,-0.02579717],""sensorGain"":[32,64,64,64,64,64,64,64],""sensorStatus"":[0,0,0,0,0,0,0,0],""featureOrder"":[""MQ8"",""MQ135"",""MQ3"",""MQ5"",""MQ4"",""MQ7"",""MQ6"",""MQ2""]},""alarmLatched"":false}"
2026-08-04 11:09:32.854 +07:00,131.733,HOT_SWEEP_70,70,700,300,1,0,0.10545107,0.00408295,0.004794599,-0.002612738,-0.008212954,-0.011834847,-0.019554174,-0.025805255,"{""deviceId"":""1001"",""nodeId"":4097,""targetChId"":""0010"",""mode"":""inference"",""uptimeMs"":6509195,""debugEnabled"":true,""power"":{""mode"":""24v"",""externalPower"":true,""batteryMv"":65535,""batteryValid"":false,""batteryDetected"":false,""batterySenseStatus"":""not_detected"",""batteryLow"":false,""batteryCritical"":false,""sourceAmbiguous"":false,""serviceHoldActive"":false,""serviceHoldEffective"":false},""batterySession"":{""state"":""inactive"",""startedMs"":0,""stateStartedMs"":0,""validSampleBatches"":0,""requiredSampleBatches"":10,""alarmTxAttempts"":0,""alarmTxAttemptLimit"":3,""alarmAckReceived"":false,""pendingAlarm"":false,""pendingSaveRequired"":false,""persistenceFaultHold"":false,""completionReason"":""session_done""},""bootHealth"":{""adsReady"":true,""adsDrdyLevel"":0,""adsDrdyPulldownLevel"":0,""adsDrdyPullupLevel"":0,""adsMisoPulldownLevel"":0,""adsMisoPullupLevel"":1,""adsCsLevel"":1,""adsSyncLevel"":1,""adsStatus"":54,""adsMux"":15,""adsAdcon"":6,""adsDrate"":240,""adsReason"":""ok"",""tcaOk"":true,""mcpOkCount"":8,""mcpOk"":[true,true,true,true,true,true,true,true],""mcpAddrMask"":[1,1,1,1,1,1,1,1],""mcpControlTested"":true,""mcpControlOkCount"":8,""mcpControlOk"":[true,true,true,true,true,true,true,true],""dacReady"":true,""radioReady"":true,""mlReady"":true,""nullingProfileApplied"":true,""modelProfileReady"":false},""runtimeMcpCode"":[255,519,795,706,799,865,665,139],""model"":{""profileId"":""cnn-dualbranch-datasheet-v1-unbound"",""scalerProfileId"":""cnn-dualbranch-datasheet-v1-unbound"",""productionApproved"":true,""boundNullingProfileId"":8,""activeNullingProfileId"":9,""bindingValid"":true,""bindingModelMatches"":true,""profileReady"":false,""inferenceValid"":false,""sensorFault"":true},""lora"":{""beginState"":0,""lastTxState"":0,""lastTxOk"":false,""txSeq"":0,""txCounter"":0,""aesKeyProvisioned"":true,""aesKeyPresent"":true,""aesKeySource"":""nvs"",""keyId"":1,""lastDownlinkCommandId"":0,""freqMHz"":920,""bwKHz"":125,""sf"":7,""cr"":5,""syncWord"":18,""txPowerDbm"":17,""preamble"":8,""tcxoVoltage"":1.600000024,""xtalVoltage"":0},""dataset"":{""state"":""idle"",""step"":""idle"",""label"":"""",""seq"":0,""targetSamples"":0,""sampleIntervalMs"":500,""maxDurationMs"":0,""useFanIntake"":true,""fanOnMs"":1000,""postFanSettleMs"":0,""nullingProfileId"":9,""queuePending"":0,""queueCapacity"":16,""queueEnqueued"":0,""queueDropped"":0,""publishFailCount"":0,""retryCount"":0,""retryFailCount"":0,""rejectedSamples"":0,""lastRejectReason"":""none"",""lastRejectChannel"":-1,""lastRejectOkFiniteCount"":0,""lastRejectStatus"":255,""lastRejectGain"":0,""lastRejectSaturated"":false},""recovery"":{""wifiReconnectCount"":0,""wifiReconnectFailCount"":0,""mqttReconnectCount"":0,""mqttConnectFailCount"":0,""lastMqttState"":0,""adsRecoveryCount"":0,""adsRecoveryFailCount"":0,""adsReadFailStreak"":0,""lastReason"":""none"",""lastRecoveryMs"":0,""bootRecoveryArmed"":false,""bootRecoveryDueMs"":0,""bootRecoveryReason"":""none"",""bootRecoveryNonAdsFailure"":false,""bootRecoveryRestartCount"":0},""nulling"":{""done"":false,""retryArmed"":false,""attemptCount"":0,""nextRetryMs"":0,""thresholdV"":9.999999747E-06,""minFinalV"":0},""telemetry"":{""valid"":true,""sampleMs"":6508767,""gasClass"":6,""gasName"":""CO2"",""confidence"":0,""alarm"":false,""sensorVoltage"":[0.10545107,0.00408295,0.004794599,-0.002612738,-0.008212954,-0.011834847,-0.019554174,-0.025805255],""sensorGain"":[32,64,64,64,64,64,64,64],""sensorStatus"":[0,0,0,0,0,0,0,0],""featureOrder"":[""MQ8"",""MQ135"",""MQ3"",""MQ5"",""MQ4"",""MQ7"",""MQ6"",""MQ2""]},""alarmLatched"":false}"
2026-08-04 11:09:33.547 +07:00,132.426,HOT_SWEEP_70,70,700,300,1,0,0.105223097,0.004083239,0.004799729,-0.002636134,-0.008291097,-0.011906468,-0.019603616,-0.025872212,"{""deviceId"":""1001"",""nodeId"":4097,""targetChId"":""0010"",""mode"":""inference"",""uptimeMs"":6509887,""debugEnabled"":true,""power"":{""mode"":""24v"",""externalPower"":true,""batteryMv"":65535,""batteryValid"":false,""batteryDetected"":false,""batterySenseStatus"":""not_detected"",""batteryLow"":false,""batteryCritical"":false,""sourceAmbiguous"":false,""serviceHoldActive"":false,""serviceHoldEffective"":false},""batterySession"":{""state"":""inactive"",""startedMs"":0,""stateStartedMs"":0,""validSampleBatches"":0,""requiredSampleBatches"":10,""alarmTxAttempts"":0,""alarmTxAttemptLimit"":3,""alarmAckReceived"":false,""pendingAlarm"":false,""pendingSaveRequired"":false,""persistenceFaultHold"":false,""completionReason"":""session_done""},""bootHealth"":{""adsReady"":true,""adsDrdyLevel"":0,""adsDrdyPulldownLevel"":0,""adsDrdyPullupLevel"":0,""adsMisoPulldownLevel"":0,""adsMisoPullupLevel"":1,""adsCsLevel"":1,""adsSyncLevel"":1,""adsStatus"":54,""adsMux"":15,""adsAdcon"":6,""adsDrate"":240,""adsReason"":""ok"",""tcaOk"":true,""mcpOkCount"":8,""mcpOk"":[true,true,true,true,true,true,true,true],""mcpAddrMask"":[1,1,1,1,1,1,1,1],""mcpControlTested"":true,""mcpControlOkCount"":8,""mcpControlOk"":[true,true,true,true,true,true,true,true],""dacReady"":true,""radioReady"":true,""mlReady"":true,""nullingProfileApplied"":true,""modelProfileReady"":false},""runtimeMcpCode"":[255,519,795,706,799,865,665,139],""model"":{""profileId"":""cnn-dualbranch-datasheet-v1-unbound"",""scalerProfileId"":""cnn-dualbranch-datasheet-v1-unbound"",""productionApproved"":true,""boundNullingProfileId"":8,""activeNullingProfileId"":9,""bindingValid"":true,""bindingModelMatches"":true,""profileReady"":false,""inferenceValid"":false,""sensorFault"":true},""lora"":{""beginState"":0,""lastTxState"":0,""lastTxOk"":false,""txSeq"":0,""txCounter"":0,""aesKeyProvisioned"":true,""aesKeyPresent"":true,""aesKeySource"":""nvs"",""keyId"":1,""lastDownlinkCommandId"":0,""freqMHz"":920,""bwKHz"":125,""sf"":7,""cr"":5,""syncWord"":18,""txPowerDbm"":17,""preamble"":8,""tcxoVoltage"":1.600000024,""xtalVoltage"":0},""dataset"":{""state"":""idle"",""step"":""idle"",""label"":"""",""seq"":0,""targetSamples"":0,""sampleIntervalMs"":500,""maxDurationMs"":0,""useFanIntake"":true,""fanOnMs"":1000,""postFanSettleMs"":0,""nullingProfileId"":9,""queuePending"":0,""queueCapacity"":16,""queueEnqueued"":0,""queueDropped"":0,""publishFailCount"":0,""retryCount"":0,""retryFailCount"":0,""rejectedSamples"":0,""lastRejectReason"":""none"",""lastRejectChannel"":-1,""lastRejectOkFiniteCount"":0,""lastRejectStatus"":255,""lastRejectGain"":0,""lastRejectSaturated"":false},""recovery"":{""wifiReconnectCount"":0,""wifiReconnectFailCount"":0,""mqttReconnectCount"":0,""mqttConnectFailCount"":0,""lastMqttState"":0,""adsRecoveryCount"":0,""adsRecoveryFailCount"":0,""adsReadFailStreak"":0,""lastReason"":""none"",""lastRecoveryMs"":0,""bootRecoveryArmed"":false,""bootRecoveryDueMs"":0,""bootRecoveryReason"":""none"",""bootRecoveryNonAdsFailure"":false,""bootRecoveryRestartCount"":0},""nulling"":{""done"":false,""retryArmed"":false,""attemptCount"":0,""nextRetryMs"":0,""thresholdV"":9.999999747E-06,""minFinalV"":0},""telemetry"":{""valid"":true,""sampleMs"":6509473,""gasClass"":6,""gasName"":""CO2"",""confidence"":0,""alarm"":false,""sensorVoltage"":[0.105223097,0.004083239,0.004799729,-0.002636134,-0.008291097,-0.011906468,-0.019603616,-0.025872212],""sensorGain"":[32,64,64,64,64,64,64,64],""sensorStatus"":[0,0,0,0,0,0,0,0],""featureOrder"":[""MQ8"",""MQ135"",""MQ3"",""MQ5"",""MQ4"",""MQ7"",""MQ6"",""MQ2""]},""alarmLatched"":false}"
2026-08-04 11:09:34.243 +07:00,133.124,HOT_SWEEP_70,70,700,300,1,0,0.105515942,0.00406783,0.004784941,-0.002645564,-0.007877849,-0.011936173,-0.019523641,-0.025894472,"{""deviceId"":""1001"",""nodeId"":4097,""targetChId"":""0010"",""mode"":""inference"",""uptimeMs"":6510585,""debugEnabled"":true,""power"":{""mode"":""24v"",""externalPower"":true,""batteryMv"":65535,""batteryValid"":false,""batteryDetected"":false,""batterySenseStatus"":""not_detected"",""batteryLow"":false,""batteryCritical"":false,""sourceAmbiguous"":false,""serviceHoldActive"":false,""serviceHoldEffective"":false},""batterySession"":{""state"":""inactive"",""startedMs"":0,""stateStartedMs"":0,""validSampleBatches"":0,""requiredSampleBatches"":10,""alarmTxAttempts"":0,""alarmTxAttemptLimit"":3,""alarmAckReceived"":false,""pendingAlarm"":false,""pendingSaveRequired"":false,""persistenceFaultHold"":false,""completionReason"":""session_done""},""bootHealth"":{""adsReady"":true,""adsDrdyLevel"":0,""adsDrdyPulldownLevel"":0,""adsDrdyPullupLevel"":0,""adsMisoPulldownLevel"":0,""adsMisoPullupLevel"":1,""adsCsLevel"":1,""adsSyncLevel"":1,""adsStatus"":54,""adsMux"":15,""adsAdcon"":6,""adsDrate"":240,""adsReason"":""ok"",""tcaOk"":true,""mcpOkCount"":8,""mcpOk"":[true,true,true,true,true,true,true,true],""mcpAddrMask"":[1,1,1,1,1,1,1,1],""mcpControlTested"":true,""mcpControlOkCount"":8,""mcpControlOk"":[true,true,true,true,true,true,true,true],""dacReady"":true,""radioReady"":true,""mlReady"":true,""nullingProfileApplied"":true,""modelProfileReady"":false},""runtimeMcpCode"":[255,519,795,706,799,865,665,139],""model"":{""profileId"":""cnn-dualbranch-datasheet-v1-unbound"",""scalerProfileId"":""cnn-dualbranch-datasheet-v1-unbound"",""productionApproved"":true,""boundNullingProfileId"":8,""activeNullingProfileId"":9,""bindingValid"":true,""bindingModelMatches"":true,""profileReady"":false,""inferenceValid"":false,""sensorFault"":true},""lora"":{""beginState"":0,""lastTxState"":0,""lastTxOk"":false,""txSeq"":0,""txCounter"":0,""aesKeyProvisioned"":true,""aesKeyPresent"":true,""aesKeySource"":""nvs"",""keyId"":1,""lastDownlinkCommandId"":0,""freqMHz"":920,""bwKHz"":125,""sf"":7,""cr"":5,""syncWord"":18,""txPowerDbm"":17,""preamble"":8,""tcxoVoltage"":1.600000024,""xtalVoltage"":0},""dataset"":{""state"":""idle"",""step"":""idle"",""label"":"""",""seq"":0,""targetSamples"":0,""sampleIntervalMs"":500,""maxDurationMs"":0,""useFanIntake"":true,""fanOnMs"":1000,""postFanSettleMs"":0,""nullingProfileId"":9,""queuePending"":0,""queueCapacity"":16,""queueEnqueued"":0,""queueDropped"":0,""publishFailCount"":0,""retryCount"":0,""retryFailCount"":0,""rejectedSamples"":0,""lastRejectReason"":""none"",""lastRejectChannel"":-1,""lastRejectOkFiniteCount"":0,""lastRejectStatus"":255,""lastRejectGain"":0,""lastRejectSaturated"":false},""recovery"":{""wifiReconnectCount"":0,""wifiReconnectFailCount"":0,""mqttReconnectCount"":0,""mqttConnectFailCount"":0,""lastMqttState"":0,""adsRecoveryCount"":0,""adsRecoveryFailCount"":0,""adsReadFailStreak"":0,""lastReason"":""none"",""lastRecoveryMs"":0,""bootRecoveryArmed"":false,""bootRecoveryDueMs"":0,""bootRecoveryReason"":""none"",""bootRecoveryNonAdsFailure"":false,""bootRecoveryRestartCount"":0},""nulling"":{""done"":false,""retryArmed"":false,""attemptCount"":0,""nextRetryMs"":0,""thresholdV"":9.999999747E-06,""minFinalV"":0},""telemetry"":{""valid"":true,""sampleMs"":6510197,""gasClass"":6,""gasName"":""CO2"",""confidence"":0,""alarm"":false,""sensorVoltage"":[0.105515942,0.00406783,0.004784941,-0.002645564,-0.007877849,-0.011936173,-0.019523641,-0.025894472],""sensorGain"":[32,64,64,64,64,64,64,64],""sensorStatus"":[0,0,0,0,0,0,0,0],""featureOrder"":[""MQ8"",""MQ135"",""MQ3"",""MQ5"",""MQ4"",""MQ7"",""MQ6"",""MQ2""]},""alarmLatched"":false}"
2026-08-04 11:09:34.921 +07:00,133.802,HOT_SWEEP_70,70,700,300,1,0,0.105829611,0.004086959,0.004799857,-0.002638336,-0.007814796,-0.011930214,-0.019526592,-0.025484804,"{""deviceId"":""1001"",""nodeId"":4097,""targetChId"":""0010"",""mode"":""inference"",""uptimeMs"":6511263,""debugEnabled"":true,""power"":{""mode"":""24v"",""externalPower"":true,""batteryMv"":65535,""batteryValid"":false,""batteryDetected"":false,""batterySenseStatus"":""not_detected"",""batteryLow"":false,""batteryCritical"":false,""sourceAmbiguous"":false,""serviceHoldActive"":false,""serviceHoldEffective"":false},""batterySession"":{""state"":""inactive"",""startedMs"":0,""stateStartedMs"":0,""validSampleBatches"":0,""requiredSampleBatches"":10,""alarmTxAttempts"":0,""alarmTxAttemptLimit"":3,""alarmAckReceived"":false,""pendingAlarm"":false,""pendingSaveRequired"":false,""persistenceFaultHold"":false,""completionReason"":""session_done""},""bootHealth"":{""adsReady"":true,""adsDrdyLevel"":0,""adsDrdyPulldownLevel"":0,""adsDrdyPullupLevel"":0,""adsMisoPulldownLevel"":0,""adsMisoPullupLevel"":1,""adsCsLevel"":1,""adsSyncLevel"":1,""adsStatus"":54,""adsMux"":15,""adsAdcon"":6,""adsDrate"":240,""adsReason"":""ok"",""tcaOk"":true,""mcpOkCount"":8,""mcpOk"":[true,true,true,true,true,true,true,true],""mcpAddrMask"":[1,1,1,1,1,1,1,1],""mcpControlTested"":true,""mcpControlOkCount"":8,""mcpControlOk"":[true,true,true,true,true,true,true,true],""dacReady"":true,""radioReady"":true,""mlReady"":true,""nullingProfileApplied"":true,""modelProfileReady"":false},""runtimeMcpCode"":[255,519,795,706,799,865,665,139],""model"":{""profileId"":""cnn-dualbranch-datasheet-v1-unbound"",""scalerProfileId"":""cnn-dualbranch-datasheet-v1-unbound"",""productionApproved"":true,""boundNullingProfileId"":8,""activeNullingProfileId"":9,""bindingValid"":true,""bindingModelMatches"":true,""profileReady"":false,""inferenceValid"":false,""sensorFault"":true},""lora"":{""beginState"":0,""lastTxState"":0,""lastTxOk"":false,""txSeq"":0,""txCounter"":0,""aesKeyProvisioned"":true,""aesKeyPresent"":true,""aesKeySource"":""nvs"",""keyId"":1,""lastDownlinkCommandId"":0,""freqMHz"":920,""bwKHz"":125,""sf"":7,""cr"":5,""syncWord"":18,""txPowerDbm"":17,""preamble"":8,""tcxoVoltage"":1.600000024,""xtalVoltage"":0},""dataset"":{""state"":""idle"",""step"":""idle"",""label"":"""",""seq"":0,""targetSamples"":0,""sampleIntervalMs"":500,""maxDurationMs"":0,""useFanIntake"":true,""fanOnMs"":1000,""postFanSettleMs"":0,""nullingProfileId"":9,""queuePending"":0,""queueCapacity"":16,""queueEnqueued"":0,""queueDropped"":0,""publishFailCount"":0,""retryCount"":0,""retryFailCount"":0,""rejectedSamples"":0,""lastRejectReason"":""none"",""lastRejectChannel"":-1,""lastRejectOkFiniteCount"":0,""lastRejectStatus"":255,""lastRejectGain"":0,""lastRejectSaturated"":false},""recovery"":{""wifiReconnectCount"":0,""wifiReconnectFailCount"":0,""mqttReconnectCount"":0,""mqttConnectFailCount"":0,""lastMqttState"":0,""adsRecoveryCount"":0,""adsRecoveryFailCount"":0,""adsReadFailStreak"":0,""lastReason"":""none"",""lastRecoveryMs"":0,""bootRecoveryArmed"":false,""bootRecoveryDueMs"":0,""bootRecoveryReason"":""none"",""bootRecoveryNonAdsFailure"":false,""bootRecoveryRestartCount"":0},""nulling"":{""done"":false,""retryArmed"":false,""attemptCount"":0,""nextRetryMs"":0,""thresholdV"":9.999999747E-06,""minFinalV"":0},""telemetry"":{""valid"":true,""sampleMs"":6510863,""gasClass"":6,""gasName"":""CO2"",""confidence"":0,""alarm"":false,""sensorVoltage"":[0.105829611,0.004086959,0.004799857,-0.002638336,-0.007814796,-0.011930214,-0.019526592,-0.025484804],""sensorGain"":[32,64,64,64,64,64,64,64],""sensorStatus"":[0,0,0,0,0,0,0,0],""featureOrder"":[""MQ8"",""MQ135"",""MQ3"",""MQ5"",""MQ4"",""MQ7"",""MQ6"",""MQ2""]},""alarmLatched"":false}"
2026-08-04 11:09:35.608 +07:00,134.489,HOT_SWEEP_70,70,700,300,1,0,0.105472848,0.004145036,0.004804891,-0.002639047,-0.007834358,-0.011940329,-0.019562803,-0.025472786,"{""deviceId"":""1001"",""nodeId"":4097,""targetChId"":""0010"",""mode"":""inference"",""uptimeMs"":6511957,""debugEnabled"":true,""power"":{""mode"":""24v"",""externalPower"":true,""batteryMv"":65535,""batteryValid"":false,""batteryDetected"":false,""batterySenseStatus"":""not_detected"",""batteryLow"":false,""batteryCritical"":false,""sourceAmbiguous"":false,""serviceHoldActive"":false,""serviceHoldEffective"":false},""batterySession"":{""state"":""inactive"",""startedMs"":0,""stateStartedMs"":0,""validSampleBatches"":0,""requiredSampleBatches"":10,""alarmTxAttempts"":0,""alarmTxAttemptLimit"":3,""alarmAckReceived"":false,""pendingAlarm"":false,""pendingSaveRequired"":false,""persistenceFaultHold"":false,""completionReason"":""session_done""},""bootHealth"":{""adsReady"":true,""adsDrdyLevel"":0,""adsDrdyPulldownLevel"":0,""adsDrdyPullupLevel"":0,""adsMisoPulldownLevel"":0,""adsMisoPullupLevel"":1,""adsCsLevel"":1,""adsSyncLevel"":1,""adsStatus"":54,""adsMux"":15,""adsAdcon"":6,""adsDrate"":240,""adsReason"":""ok"",""tcaOk"":true,""mcpOkCount"":8,""mcpOk"":[true,true,true,true,true,true,true,true],""mcpAddrMask"":[1,1,1,1,1,1,1,1],""mcpControlTested"":true,""mcpControlOkCount"":8,""mcpControlOk"":[true,true,true,true,true,true,true,true],""dacReady"":true,""radioReady"":true,""mlReady"":true,""nullingProfileApplied"":true,""modelProfileReady"":false},""runtimeMcpCode"":[255,519,795,706,799,865,665,139],""model"":{""profileId"":""cnn-dualbranch-datasheet-v1-unbound"",""scalerProfileId"":""cnn-dualbranch-datasheet-v1-unbound"",""productionApproved"":true,""boundNullingProfileId"":8,""activeNullingProfileId"":9,""bindingValid"":true,""bindingModelMatches"":true,""profileReady"":false,""inferenceValid"":false,""sensorFault"":true},""lora"":{""beginState"":0,""lastTxState"":0,""lastTxOk"":false,""txSeq"":0,""txCounter"":0,""aesKeyProvisioned"":true,""aesKeyPresent"":true,""aesKeySource"":""nvs"",""keyId"":1,""lastDownlinkCommandId"":0,""freqMHz"":920,""bwKHz"":125,""sf"":7,""cr"":5,""syncWord"":18,""txPowerDbm"":17,""preamble"":8,""tcxoVoltage"":1.600000024,""xtalVoltage"":0},""dataset"":{""state"":""idle"",""step"":""idle"",""label"":"""",""seq"":0,""targetSamples"":0,""sampleIntervalMs"":500,""maxDurationMs"":0,""useFanIntake"":true,""fanOnMs"":1000,""postFanSettleMs"":0,""nullingProfileId"":9,""queuePending"":0,""queueCapacity"":16,""queueEnqueued"":0,""queueDropped"":0,""publishFailCount"":0,""retryCount"":0,""retryFailCount"":0,""rejectedSamples"":0,""lastRejectReason"":""none"",""lastRejectChannel"":-1,""lastRejectOkFiniteCount"":0,""lastRejectStatus"":255,""lastRejectGain"":0,""lastRejectSaturated"":false},""recovery"":{""wifiReconnectCount"":0,""wifiReconnectFailCount"":0,""mqttReconnectCount"":0,""mqttConnectFailCount"":0,""lastMqttState"":0,""adsRecoveryCount"":0,""adsRecoveryFailCount"":0,""adsReadFailStreak"":0,""lastReason"":""none"",""lastRecoveryMs"":0,""bootRecoveryArmed"":false,""bootRecoveryDueMs"":0,""bootRecoveryReason"":""none"",""bootRecoveryNonAdsFailure"":false,""bootRecoveryRestartCount"":0},""nulling"":{""done"":false,""retryArmed"":false,""attemptCount"":0,""nextRetryMs"":0,""thresholdV"":9.999999747E-06,""minFinalV"":0},""telemetry"":{""valid"":true,""sampleMs"":6511541,""gasClass"":6,""gasName"":""CO2"",""confidence"":0,""alarm"":false,""sensorVoltage"":[0.105472848,0.004145036,0.004804891,-0.002639047,-0.007834358,-0.011940329,-0.019562803,-0.025472786],""sensorGain"":[32,64,64,64,64,64,64,64],""sensorStatus"":[0,0,0,0,0,0,0,0],""featureOrder"":[""MQ8"",""MQ135"",""MQ3"",""MQ5"",""MQ4"",""MQ7"",""MQ6"",""MQ2""]},""alarmLatched"":false}"
2026-08-04 11:09:36.296 +07:00,135.177,HOT_SWEEP_70,70,700,300,1,0,0.105561234,0.004131473,0.004824486,-0.002604726,-0.007562391,-0.01192805,-0.01955181,-0.025418758,"{""deviceId"":""1001"",""nodeId"":4097,""targetChId"":""0010"",""mode"":""inference"",""uptimeMs"":6512640,""debugEnabled"":true,""power"":{""mode"":""24v"",""externalPower"":true,""batteryMv"":65535,""batteryValid"":false,""batteryDetected"":false,""batterySenseStatus"":""not_detected"",""batteryLow"":false,""batteryCritical"":false,""sourceAmbiguous"":false,""serviceHoldActive"":false,""serviceHoldEffective"":false},""batterySession"":{""state"":""inactive"",""startedMs"":0,""stateStartedMs"":0,""validSampleBatches"":0,""requiredSampleBatches"":10,""alarmTxAttempts"":0,""alarmTxAttemptLimit"":3,""alarmAckReceived"":false,""pendingAlarm"":false,""pendingSaveRequired"":false,""persistenceFaultHold"":false,""completionReason"":""session_done""},""bootHealth"":{""adsReady"":true,""adsDrdyLevel"":0,""adsDrdyPulldownLevel"":0,""adsDrdyPullupLevel"":0,""adsMisoPulldownLevel"":0,""adsMisoPullupLevel"":1,""adsCsLevel"":1,""adsSyncLevel"":1,""adsStatus"":54,""adsMux"":15,""adsAdcon"":6,""adsDrate"":240,""adsReason"":""ok"",""tcaOk"":true,""mcpOkCount"":8,""mcpOk"":[true,true,true,true,true,true,true,true],""mcpAddrMask"":[1,1,1,1,1,1,1,1],""mcpControlTested"":true,""mcpControlOkCount"":8,""mcpControlOk"":[true,true,true,true,true,true,true,true],""dacReady"":true,""radioReady"":true,""mlReady"":true,""nullingProfileApplied"":true,""modelProfileReady"":false},""runtimeMcpCode"":[255,519,795,706,799,865,665,139],""model"":{""profileId"":""cnn-dualbranch-datasheet-v1-unbound"",""scalerProfileId"":""cnn-dualbranch-datasheet-v1-unbound"",""productionApproved"":true,""boundNullingProfileId"":8,""activeNullingProfileId"":9,""bindingValid"":true,""bindingModelMatches"":true,""profileReady"":false,""inferenceValid"":false,""sensorFault"":true},""lora"":{""beginState"":0,""lastTxState"":0,""lastTxOk"":false,""txSeq"":0,""txCounter"":0,""aesKeyProvisioned"":true,""aesKeyPresent"":true,""aesKeySource"":""nvs"",""keyId"":1,""lastDownlinkCommandId"":0,""freqMHz"":920,""bwKHz"":125,""sf"":7,""cr"":5,""syncWord"":18,""txPowerDbm"":17,""preamble"":8,""tcxoVoltage"":1.600000024,""xtalVoltage"":0},""dataset"":{""state"":""idle"",""step"":""idle"",""label"":"""",""seq"":0,""targetSamples"":0,""sampleIntervalMs"":500,""maxDurationMs"":0,""useFanIntake"":true,""fanOnMs"":1000,""postFanSettleMs"":0,""nullingProfileId"":9,""queuePending"":0,""queueCapacity"":16,""queueEnqueued"":0,""queueDropped"":0,""publishFailCount"":0,""retryCount"":0,""retryFailCount"":0,""rejectedSamples"":0,""lastRejectReason"":""none"",""lastRejectChannel"":-1,""lastRejectOkFiniteCount"":0,""lastRejectStatus"":255,""lastRejectGain"":0,""lastRejectSaturated"":false},""recovery"":{""wifiReconnectCount"":0,""wifiReconnectFailCount"":0,""mqttReconnectCount"":0,""mqttConnectFailCount"":0,""lastMqttState"":0,""adsRecoveryCount"":0,""adsRecoveryFailCount"":0,""adsReadFailStreak"":0,""lastReason"":""none"",""lastRecoveryMs"":0,""bootRecoveryArmed"":false,""bootRecoveryDueMs"":0,""bootRecoveryReason"":""none"",""bootRecoveryNonAdsFailure"":false,""bootRecoveryRestartCount"":0},""nulling"":{""done"":false,""retryArmed"":false,""attemptCount"":0,""nextRetryMs"":0,""thresholdV"":9.999999747E-06,""minFinalV"":0},""telemetry"":{""valid"":true,""sampleMs"":6512267,""gasClass"":6,""gasName"":""CO2"",""confidence"":0,""alarm"":false,""sensorVoltage"":[0.105561234,0.004131473,0.004824486,-0.002604726,-0.007562391,-0.01192805,-0.01955181,-0.025418758],""sensorGain"":[32,64,64,64,64,64,64,64],""sensorStatus"":[0,0,0,0,0,0,0,0],""featureOrder"":[""MQ8"",""MQ135"",""MQ3"",""MQ5"",""MQ4"",""MQ7"",""MQ6"",""MQ2""]},""alarmLatched"":false}"
2026-08-04 11:09:36.984 +07:00,135.862,HOT_SWEEP_70,70,700,300,1,0,0.106211402,0.004066116,0.004861424,-0.002568947,-0.007328139,-0.011633215,-0.019177854,-0.024994597,"{""deviceId"":""1001"",""nodeId"":4097,""targetChId"":""0010"",""mode"":""inference"",""uptimeMs"":6513324,""debugEnabled"":true,""power"":{""mode"":""24v"",""externalPower"":true,""batteryMv"":65535,""batteryValid"":false,""batteryDetected"":false,""batterySenseStatus"":""not_detected"",""batteryLow"":false,""batteryCritical"":false,""sourceAmbiguous"":false,""serviceHoldActive"":false,""serviceHoldEffective"":false},""batterySession"":{""state"":""inactive"",""startedMs"":0,""stateStartedMs"":0,""validSampleBatches"":0,""requiredSampleBatches"":10,""alarmTxAttempts"":0,""alarmTxAttemptLimit"":3,""alarmAckReceived"":false,""pendingAlarm"":false,""pendingSaveRequired"":false,""persistenceFaultHold"":false,""completionReason"":""session_done""},""bootHealth"":{""adsReady"":true,""adsDrdyLevel"":0,""adsDrdyPulldownLevel"":0,""adsDrdyPullupLevel"":0,""adsMisoPulldownLevel"":0,""adsMisoPullupLevel"":1,""adsCsLevel"":1,""adsSyncLevel"":1,""adsStatus"":54,""adsMux"":15,""adsAdcon"":6,""adsDrate"":240,""adsReason"":""ok"",""tcaOk"":true,""mcpOkCount"":8,""mcpOk"":[true,true,true,true,true,true,true,true],""mcpAddrMask"":[1,1,1,1,1,1,1,1],""mcpControlTested"":true,""mcpControlOkCount"":8,""mcpControlOk"":[true,true,true,true,true,true,true,true],""dacReady"":true,""radioReady"":true,""mlReady"":true,""nullingProfileApplied"":true,""modelProfileReady"":false},""runtimeMcpCode"":[255,519,795,706,799,865,665,139],""model"":{""profileId"":""cnn-dualbranch-datasheet-v1-unbound"",""scalerProfileId"":""cnn-dualbranch-datasheet-v1-unbound"",""productionApproved"":true,""boundNullingProfileId"":8,""activeNullingProfileId"":9,""bindingValid"":true,""bindingModelMatches"":true,""profileReady"":false,""inferenceValid"":false,""sensorFault"":true},""lora"":{""beginState"":0,""lastTxState"":0,""lastTxOk"":false,""txSeq"":0,""txCounter"":0,""aesKeyProvisioned"":true,""aesKeyPresent"":true,""aesKeySource"":""nvs"",""keyId"":1,""lastDownlinkCommandId"":0,""freqMHz"":920,""bwKHz"":125,""sf"":7,""cr"":5,""syncWord"":18,""txPowerDbm"":17,""preamble"":8,""tcxoVoltage"":1.600000024,""xtalVoltage"":0},""dataset"":{""state"":""idle"",""step"":""idle"",""label"":"""",""seq"":0,""targetSamples"":0,""sampleIntervalMs"":500,""maxDurationMs"":0,""useFanIntake"":true,""fanOnMs"":1000,""postFanSettleMs"":0,""nullingProfileId"":9,""queuePending"":0,""queueCapacity"":16,""queueEnqueued"":0,""queueDropped"":0,""publishFailCount"":0,""retryCount"":0,""retryFailCount"":0,""rejectedSamples"":0,""lastRejectReason"":""none"",""lastRejectChannel"":-1,""lastRejectOkFiniteCount"":0,""lastRejectStatus"":255,""lastRejectGain"":0,""lastRejectSaturated"":false},""recovery"":{""wifiReconnectCount"":0,""wifiReconnectFailCount"":0,""mqttReconnectCount"":0,""mqttConnectFailCount"":0,""lastMqttState"":0,""adsRecoveryCount"":0,""adsRecoveryFailCount"":0,""adsReadFailStreak"":0,""lastReason"":""none"",""lastRecoveryMs"":0,""bootRecoveryArmed"":false,""bootRecoveryDueMs"":0,""bootRecoveryReason"":""none"",""bootRecoveryNonAdsFailure"":false,""bootRecoveryRestartCount"":0},""nulling"":{""done"":false,""retryArmed"":false,""attemptCount"":0,""nextRetryMs"":0,""thresholdV"":9.999999747E-06,""minFinalV"":0},""telemetry"":{""valid"":true,""sampleMs"":6512918,""gasClass"":6,""gasName"":""CO2"",""confidence"":0,""alarm"":false,""sensorVoltage"":[0.106211402,0.004066116,0.004861424,-0.002568947,-0.007328139,-0.011633215,-0.019177854,-0.024994597],""sensorGain"":[32,64,64,64,64,64,64,64],""sensorStatus"":[0,0,0,0,0,0,0,0],""featureOrder"":[""MQ8"",""MQ135"",""MQ3"",""MQ5"",""MQ4"",""MQ7"",""MQ6"",""MQ2""]},""alarmLatched"":false}"
2026-08-04 11:09:37.684 +07:00,136.562,HOT_SWEEP_70,70,700,300,1,0,0.105900347,0.004080534,0.004894576,-0.002527313,-0.007667941,-0.011586197,-0.019553637,-0.02538766,"{""deviceId"":""1001"",""nodeId"":4097,""targetChId"":""0010"",""mode"":""inference"",""uptimeMs"":6514024,""debugEnabled"":true,""power"":{""mode"":""24v"",""externalPower"":true,""batteryMv"":65535,""batteryValid"":false,""batteryDetected"":false,""batterySenseStatus"":""not_detected"",""batteryLow"":false,""batteryCritical"":false,""sourceAmbiguous"":false,""serviceHoldActive"":false,""serviceHoldEffective"":false},""batterySession"":{""state"":""inactive"",""startedMs"":0,""stateStartedMs"":0,""validSampleBatches"":0,""requiredSampleBatches"":10,""alarmTxAttempts"":0,""alarmTxAttemptLimit"":3,""alarmAckReceived"":false,""pendingAlarm"":false,""pendingSaveRequired"":false,""persistenceFaultHold"":false,""completionReason"":""session_done""},""bootHealth"":{""adsReady"":true,""adsDrdyLevel"":0,""adsDrdyPulldownLevel"":0,""adsDrdyPullupLevel"":0,""adsMisoPulldownLevel"":0,""adsMisoPullupLevel"":1,""adsCsLevel"":1,""adsSyncLevel"":1,""adsStatus"":54,""adsMux"":15,""adsAdcon"":6,""adsDrate"":240,""adsReason"":""ok"",""tcaOk"":true,""mcpOkCount"":8,""mcpOk"":[true,true,true,true,true,true,true,true],""mcpAddrMask"":[1,1,1,1,1,1,1,1],""mcpControlTested"":true,""mcpControlOkCount"":8,""mcpControlOk"":[true,true,true,true,true,true,true,true],""dacReady"":true,""radioReady"":true,""mlReady"":true,""nullingProfileApplied"":true,""modelProfileReady"":false},""runtimeMcpCode"":[255,519,795,706,799,865,665,139],""model"":{""profileId"":""cnn-dualbranch-datasheet-v1-unbound"",""scalerProfileId"":""cnn-dualbranch-datasheet-v1-unbound"",""productionApproved"":true,""boundNullingProfileId"":8,""activeNullingProfileId"":9,""bindingValid"":true,""bindingModelMatches"":true,""profileReady"":false,""inferenceValid"":false,""sensorFault"":true},""lora"":{""beginState"":0,""lastTxState"":0,""lastTxOk"":false,""txSeq"":0,""txCounter"":0,""aesKeyProvisioned"":true,""aesKeyPresent"":true,""aesKeySource"":""nvs"",""keyId"":1,""lastDownlinkCommandId"":0,""freqMHz"":920,""bwKHz"":125,""sf"":7,""cr"":5,""syncWord"":18,""txPowerDbm"":17,""preamble"":8,""tcxoVoltage"":1.600000024,""xtalVoltage"":0},""dataset"":{""state"":""idle"",""step"":""idle"",""label"":"""",""seq"":0,""targetSamples"":0,""sampleIntervalMs"":500,""maxDurationMs"":0,""useFanIntake"":true,""fanOnMs"":1000,""postFanSettleMs"":0,""nullingProfileId"":9,""queuePending"":0,""queueCapacity"":16,""queueEnqueued"":0,""queueDropped"":0,""publishFailCount"":0,""retryCount"":0,""retryFailCount"":0,""rejectedSamples"":0,""lastRejectReason"":""none"",""lastRejectChannel"":-1,""lastRejectOkFiniteCount"":0,""lastRejectStatus"":255,""lastRejectGain"":0,""lastRejectSaturated"":false},""recovery"":{""wifiReconnectCount"":0,""wifiReconnectFailCount"":0,""mqttReconnectCount"":0,""mqttConnectFailCount"":0,""lastMqttState"":0,""adsRecoveryCount"":0,""adsRecoveryFailCount"":0,""adsReadFailStreak"":0,""lastReason"":""none"",""lastRecoveryMs"":0,""bootRecoveryArmed"":false,""bootRecoveryDueMs"":0,""bootRecoveryReason"":""none"",""bootRecoveryNonAdsFailure"":false,""bootRecoveryRestartCount"":0},""nulling"":{""done"":false,""retryArmed"":false,""attemptCount"":0,""nextRetryMs"":0,""thresholdV"":9.999999747E-06,""minFinalV"":0},""telemetry"":{""valid"":true,""sampleMs"":6513602,""gasClass"":6,""gasName"":""CO2"",""confidence"":0,""alarm"":false,""sensorVoltage"":[0.105900347,0.004080534,0.004894576,-0.002527313,-0.007667941,-0.011586197,-0.019553637,-0.02538766],""sensorGain"":[32,64,64,64,64,64,64,64],""sensorStatus"":[0,0,0,0,0,0,0,0],""featureOrder"":[""MQ8"",""MQ135"",""MQ3"",""MQ5"",""MQ4"",""MQ7"",""MQ6"",""MQ2""]},""alarmLatched"":false}"
2026-08-04 11:09:38.378 +07:00,137.257,HOT_SWEEP_70,70,700,300,1,0,0.105766572,0.004061257,0.004907576,-0.002480498,-0.008490749,-0.01157013,-0.019512203,-0.025338465,"{""deviceId"":""1001"",""nodeId"":4097,""targetChId"":""0010"",""mode"":""inference"",""uptimeMs"":6514719,""debugEnabled"":true,""power"":{""mode"":""24v"",""externalPower"":true,""batteryMv"":65535,""batteryValid"":false,""batteryDetected"":false,""batterySenseStatus"":""not_detected"",""batteryLow"":false,""batteryCritical"":false,""sourceAmbiguous"":false,""serviceHoldActive"":false,""serviceHoldEffective"":false},""batterySession"":{""state"":""inactive"",""startedMs"":0,""stateStartedMs"":0,""validSampleBatches"":0,""requiredSampleBatches"":10,""alarmTxAttempts"":0,""alarmTxAttemptLimit"":3,""alarmAckReceived"":false,""pendingAlarm"":false,""pendingSaveRequired"":false,""persistenceFaultHold"":false,""completionReason"":""session_done""},""bootHealth"":{""adsReady"":true,""adsDrdyLevel"":0,""adsDrdyPulldownLevel"":0,""adsDrdyPullupLevel"":0,""adsMisoPulldownLevel"":0,""adsMisoPullupLevel"":1,""adsCsLevel"":1,""adsSyncLevel"":1,""adsStatus"":54,""adsMux"":15,""adsAdcon"":6,""adsDrate"":240,""adsReason"":""ok"",""tcaOk"":true,""mcpOkCount"":8,""mcpOk"":[true,true,true,true,true,true,true,true],""mcpAddrMask"":[1,1,1,1,1,1,1,1],""mcpControlTested"":true,""mcpControlOkCount"":8,""mcpControlOk"":[true,true,true,true,true,true,true,true],""dacReady"":true,""radioReady"":true,""mlReady"":true,""nullingProfileApplied"":true,""modelProfileReady"":false},""runtimeMcpCode"":[255,519,795,706,799,865,665,139],""model"":{""profileId"":""cnn-dualbranch-datasheet-v1-unbound"",""scalerProfileId"":""cnn-dualbranch-datasheet-v1-unbound"",""productionApproved"":true,""boundNullingProfileId"":8,""activeNullingProfileId"":9,""bindingValid"":true,""bindingModelMatches"":true,""profileReady"":false,""inferenceValid"":false,""sensorFault"":true},""lora"":{""beginState"":0,""lastTxState"":0,""lastTxOk"":false,""txSeq"":0,""txCounter"":0,""aesKeyProvisioned"":true,""aesKeyPresent"":true,""aesKeySource"":""nvs"",""keyId"":1,""lastDownlinkCommandId"":0,""freqMHz"":920,""bwKHz"":125,""sf"":7,""cr"":5,""syncWord"":18,""txPowerDbm"":17,""preamble"":8,""tcxoVoltage"":1.600000024,""xtalVoltage"":0},""dataset"":{""state"":""idle"",""step"":""idle"",""label"":"""",""seq"":0,""targetSamples"":0,""sampleIntervalMs"":500,""maxDurationMs"":0,""useFanIntake"":true,""fanOnMs"":1000,""postFanSettleMs"":0,""nullingProfileId"":9,""queuePending"":0,""queueCapacity"":16,""queueEnqueued"":0,""queueDropped"":0,""publishFailCount"":0,""retryCount"":0,""retryFailCount"":0,""rejectedSamples"":0,""lastRejectReason"":""none"",""lastRejectChannel"":-1,""lastRejectOkFiniteCount"":0,""lastRejectStatus"":255,""lastRejectGain"":0,""lastRejectSaturated"":false},""recovery"":{""wifiReconnectCount"":0,""wifiReconnectFailCount"":0,""mqttReconnectCount"":0,""mqttConnectFailCount"":0,""lastMqttState"":0,""adsRecoveryCount"":0,""adsRecoveryFailCount"":0,""adsReadFailStreak"":0,""lastReason"":""none"",""lastRecoveryMs"":0,""bootRecoveryArmed"":false,""bootRecoveryDueMs"":0,""bootRecoveryReason"":""none"",""bootRecoveryNonAdsFailure"":false,""bootRecoveryRestartCount"":0},""nulling"":{""done"":false,""retryArmed"":false,""attemptCount"":0,""nextRetryMs"":0,""thresholdV"":9.999999747E-06,""minFinalV"":0},""telemetry"":{""valid"":true,""sampleMs"":6514334,""gasClass"":6,""gasName"":""CO2"",""confidence"":0,""alarm"":false,""sensorVoltage"":[0.105766572,0.004061257,0.004907576,-0.002480498,-0.008490749,-0.01157013,-0.019512203,-0.025338465],""sensorGain"":[32,64,64,64,64,64,64,64],""sensorStatus"":[0,0,0,0,0,0,0,0],""featureOrder"":[""MQ8"",""MQ135"",""MQ3"",""MQ5"",""MQ4"",""MQ7"",""MQ6"",""MQ2""]},""alarmLatched"":false}"
2026-08-04 11:09:39.069 +07:00,137.948,HOT_SWEEP_70,70,700,300,1,0,0.106765464,0.004024422,0.004868209,-0.002431989,-0.007410882,-0.011314914,-0.019503806,-0.025337929,"{""deviceId"":""1001"",""nodeId"":4097,""targetChId"":""0010"",""mode"":""inference"",""uptimeMs"":6515409,""debugEnabled"":true,""power"":{""mode"":""24v"",""externalPower"":true,""batteryMv"":65535,""batteryValid"":false,""batteryDetected"":false,""batterySenseStatus"":""not_detected"",""batteryLow"":false,""batteryCritical"":false,""sourceAmbiguous"":false,""serviceHoldActive"":false,""serviceHoldEffective"":false},""batterySession"":{""state"":""inactive"",""startedMs"":0,""stateStartedMs"":0,""validSampleBatches"":0,""requiredSampleBatches"":10,""alarmTxAttempts"":0,""alarmTxAttemptLimit"":3,""alarmAckReceived"":false,""pendingAlarm"":false,""pendingSaveRequired"":false,""persistenceFaultHold"":false,""completionReason"":""session_done""},""bootHealth"":{""adsReady"":true,""adsDrdyLevel"":0,""adsDrdyPulldownLevel"":0,""adsDrdyPullupLevel"":0,""adsMisoPulldownLevel"":0,""adsMisoPullupLevel"":1,""adsCsLevel"":1,""adsSyncLevel"":1,""adsStatus"":54,""adsMux"":15,""adsAdcon"":6,""adsDrate"":240,""adsReason"":""ok"",""tcaOk"":true,""mcpOkCount"":8,""mcpOk"":[true,true,true,true,true,true,true,true],""mcpAddrMask"":[1,1,1,1,1,1,1,1],""mcpControlTested"":true,""mcpControlOkCount"":8,""mcpControlOk"":[true,true,true,true,true,true,true,true],""dacReady"":true,""radioReady"":true,""mlReady"":true,""nullingProfileApplied"":true,""modelProfileReady"":false},""runtimeMcpCode"":[255,519,795,706,799,865,665,139],""model"":{""profileId"":""cnn-dualbranch-datasheet-v1-unbound"",""scalerProfileId"":""cnn-dualbranch-datasheet-v1-unbound"",""productionApproved"":true,""boundNullingProfileId"":8,""activeNullingProfileId"":9,""bindingValid"":true,""bindingModelMatches"":true,""profileReady"":false,""inferenceValid"":false,""sensorFault"":true},""lora"":{""beginState"":0,""lastTxState"":0,""lastTxOk"":false,""txSeq"":0,""txCounter"":0,""aesKeyProvisioned"":true,""aesKeyPresent"":true,""aesKeySource"":""nvs"",""keyId"":1,""lastDownlinkCommandId"":0,""freqMHz"":920,""bwKHz"":125,""sf"":7,""cr"":5,""syncWord"":18,""txPowerDbm"":17,""preamble"":8,""tcxoVoltage"":1.600000024,""xtalVoltage"":0},""dataset"":{""state"":""idle"",""step"":""idle"",""label"":"""",""seq"":0,""targetSamples"":0,""sampleIntervalMs"":500,""maxDurationMs"":0,""useFanIntake"":true,""fanOnMs"":1000,""postFanSettleMs"":0,""nullingProfileId"":9,""queuePending"":0,""queueCapacity"":16,""queueEnqueued"":0,""queueDropped"":0,""publishFailCount"":0,""retryCount"":0,""retryFailCount"":0,""rejectedSamples"":0,""lastRejectReason"":""none"",""lastRejectChannel"":-1,""lastRejectOkFiniteCount"":0,""lastRejectStatus"":255,""lastRejectGain"":0,""lastRejectSaturated"":false},""recovery"":{""wifiReconnectCount"":0,""wifiReconnectFailCount"":0,""mqttReconnectCount"":0,""mqttConnectFailCount"":0,""lastMqttState"":0,""adsRecoveryCount"":0,""adsRecoveryFailCount"":0,""adsReadFailStreak"":0,""lastReason"":""none"",""lastRecoveryMs"":0,""bootRecoveryArmed"":false,""bootRecoveryDueMs"":0,""bootRecoveryReason"":""none"",""bootRecoveryNonAdsFailure"":false,""bootRecoveryRestartCount"":0},""nulling"":{""done"":false,""retryArmed"":false,""attemptCount"":0,""nextRetryMs"":0,""thresholdV"":9.999999747E-06,""minFinalV"":0},""telemetry"":{""valid"":true,""sampleMs"":6514997,""gasClass"":6,""gasName"":""CO2"",""confidence"":0,""alarm"":false,""sensorVoltage"":[0.106765464,0.004024422,0.004868209,-0.002431989,-0.007410882,-0.011314914,-0.019503806,-0.025337929],""sensorGain"":[32,64,64,64,64,64,64,64],""sensorStatus"":[0,0,0,0,0,0,0,0],""featureOrder"":[""MQ8"",""MQ135"",""MQ3"",""MQ5"",""MQ4"",""MQ7"",""MQ6"",""MQ2""]},""alarmLatched"":false}"
2026-08-04 11:09:39.753 +07:00,138.631,HOT_SWEEP_70,70,700,300,1,0,0.106498204,0.003949034,0.004915248,-0.002523204,-0.007681693,-0.011441685,-0.019841369,-0.025336307,"{""deviceId"":""1001"",""nodeId"":4097,""targetChId"":""0010"",""mode"":""inference"",""uptimeMs"":6516092,""debugEnabled"":true,""power"":{""mode"":""24v"",""externalPower"":true,""batteryMv"":65535,""batteryValid"":false,""batteryDetected"":false,""batterySenseStatus"":""not_detected"",""batteryLow"":false,""batteryCritical"":false,""sourceAmbiguous"":false,""serviceHoldActive"":false,""serviceHoldEffective"":false},""batterySession"":{""state"":""inactive"",""startedMs"":0,""stateStartedMs"":0,""validSampleBatches"":0,""requiredSampleBatches"":10,""alarmTxAttempts"":0,""alarmTxAttemptLimit"":3,""alarmAckReceived"":false,""pendingAlarm"":false,""pendingSaveRequired"":false,""persistenceFaultHold"":false,""completionReason"":""session_done""},""bootHealth"":{""adsReady"":true,""adsDrdyLevel"":0,""adsDrdyPulldownLevel"":0,""adsDrdyPullupLevel"":0,""adsMisoPulldownLevel"":0,""adsMisoPullupLevel"":1,""adsCsLevel"":1,""adsSyncLevel"":1,""adsStatus"":54,""adsMux"":15,""adsAdcon"":6,""adsDrate"":240,""adsReason"":""ok"",""tcaOk"":true,""mcpOkCount"":8,""mcpOk"":[true,true,true,true,true,true,true,true],""mcpAddrMask"":[1,1,1,1,1,1,1,1],""mcpControlTested"":true,""mcpControlOkCount"":8,""mcpControlOk"":[true,true,true,true,true,true,true,true],""dacReady"":true,""radioReady"":true,""mlReady"":true,""nullingProfileApplied"":true,""modelProfileReady"":false},""runtimeMcpCode"":[255,519,795,706,799,865,665,139],""model"":{""profileId"":""cnn-dualbranch-datasheet-v1-unbound"",""scalerProfileId"":""cnn-dualbranch-datasheet-v1-unbound"",""productionApproved"":true,""boundNullingProfileId"":8,""activeNullingProfileId"":9,""bindingValid"":true,""bindingModelMatches"":true,""profileReady"":false,""inferenceValid"":false,""sensorFault"":true},""lora"":{""beginState"":0,""lastTxState"":0,""lastTxOk"":false,""txSeq"":0,""txCounter"":0,""aesKeyProvisioned"":true,""aesKeyPresent"":true,""aesKeySource"":""nvs"",""keyId"":1,""lastDownlinkCommandId"":0,""freqMHz"":920,""bwKHz"":125,""sf"":7,""cr"":5,""syncWord"":18,""txPowerDbm"":17,""preamble"":8,""tcxoVoltage"":1.600000024,""xtalVoltage"":0},""dataset"":{""state"":""idle"",""step"":""idle"",""label"":"""",""seq"":0,""targetSamples"":0,""sampleIntervalMs"":500,""maxDurationMs"":0,""useFanIntake"":true,""fanOnMs"":1000,""postFanSettleMs"":0,""nullingProfileId"":9,""queuePending"":0,""queueCapacity"":16,""queueEnqueued"":0,""queueDropped"":0,""publishFailCount"":0,""retryCount"":0,""retryFailCount"":0,""rejectedSamples"":0,""lastRejectReason"":""none"",""lastRejectChannel"":-1,""lastRejectOkFiniteCount"":0,""lastRejectStatus"":255,""lastRejectGain"":0,""lastRejectSaturated"":false},""recovery"":{""wifiReconnectCount"":0,""wifiReconnectFailCount"":0,""mqttReconnectCount"":0,""mqttConnectFailCount"":0,""lastMqttState"":0,""adsRecoveryCount"":0,""adsRecoveryFailCount"":0,""adsReadFailStreak"":0,""lastReason"":""none"",""lastRecoveryMs"":0,""bootRecoveryArmed"":false,""bootRecoveryDueMs"":0,""bootRecoveryReason"":""none"",""bootRecoveryNonAdsFailure"":false,""bootRecoveryRestartCount"":0},""nulling"":{""done"":false,""retryArmed"":false,""attemptCount"":0,""nextRetryMs"":0,""thresholdV"":9.999999747E-06,""minFinalV"":0},""telemetry"":{""valid"":true,""sampleMs"":6515687,""gasClass"":6,""gasName"":""CO2"",""confidence"":0,""alarm"":false,""sensorVoltage"":[0.106498204,0.003949034,0.004915248,-0.002523204,-0.007681693,-0.011441685,-0.019841369,-0.025336307],""sensorGain"":[32,64,64,64,64,64,64,64],""sensorStatus"":[0,0,0,0,0,0,0,0],""featureOrder"":[""MQ8"",""MQ135"",""MQ3"",""MQ5"",""MQ4"",""MQ7"",""MQ6"",""MQ2""]},""alarmLatched"":false}"
2026-08-04 11:09:40.450 +07:00,139.328,HOT_SWEEP_70,70,700,300,1,0,0.106352173,0.003923861,0.004866852,-0.002534573,-0.00668494,-0.01143607,-0.019796675,-0.025363624,"{""deviceId"":""1001"",""nodeId"":4097,""targetChId"":""0010"",""mode"":""inference"",""uptimeMs"":6516788,""debugEnabled"":true,""power"":{""mode"":""24v"",""externalPower"":true,""batteryMv"":65535,""batteryValid"":false,""batteryDetected"":false,""batterySenseStatus"":""not_detected"",""batteryLow"":false,""batteryCritical"":false,""sourceAmbiguous"":false,""serviceHoldActive"":false,""serviceHoldEffective"":false},""batterySession"":{""state"":""inactive"",""startedMs"":0,""stateStartedMs"":0,""validSampleBatches"":0,""requiredSampleBatches"":10,""alarmTxAttempts"":0,""alarmTxAttemptLimit"":3,""alarmAckReceived"":false,""pendingAlarm"":false,""pendingSaveRequired"":false,""persistenceFaultHold"":false,""completionReason"":""session_done""},""bootHealth"":{""adsReady"":true,""adsDrdyLevel"":0,""adsDrdyPulldownLevel"":0,""adsDrdyPullupLevel"":0,""adsMisoPulldownLevel"":0,""adsMisoPullupLevel"":1,""adsCsLevel"":1,""adsSyncLevel"":1,""adsStatus"":54,""adsMux"":15,""adsAdcon"":6,""adsDrate"":240,""adsReason"":""ok"",""tcaOk"":true,""mcpOkCount"":8,""mcpOk"":[true,true,true,true,true,true,true,true],""mcpAddrMask"":[1,1,1,1,1,1,1,1],""mcpControlTested"":true,""mcpControlOkCount"":8,""mcpControlOk"":[true,true,true,true,true,true,true,true],""dacReady"":true,""radioReady"":true,""mlReady"":true,""nullingProfileApplied"":true,""modelProfileReady"":false},""runtimeMcpCode"":[255,519,795,706,799,865,665,139],""model"":{""profileId"":""cnn-dualbranch-datasheet-v1-unbound"",""scalerProfileId"":""cnn-dualbranch-datasheet-v1-unbound"",""productionApproved"":true,""boundNullingProfileId"":8,""activeNullingProfileId"":9,""bindingValid"":true,""bindingModelMatches"":true,""profileReady"":false,""inferenceValid"":false,""sensorFault"":true},""lora"":{""beginState"":0,""lastTxState"":0,""lastTxOk"":false,""txSeq"":0,""txCounter"":0,""aesKeyProvisioned"":true,""aesKeyPresent"":true,""aesKeySource"":""nvs"",""keyId"":1,""lastDownlinkCommandId"":0,""freqMHz"":920,""bwKHz"":125,""sf"":7,""cr"":5,""syncWord"":18,""txPowerDbm"":17,""preamble"":8,""tcxoVoltage"":1.600000024,""xtalVoltage"":0},""dataset"":{""state"":""idle"",""step"":""idle"",""label"":"""",""seq"":0,""targetSamples"":0,""sampleIntervalMs"":500,""maxDurationMs"":0,""useFanIntake"":true,""fanOnMs"":1000,""postFanSettleMs"":0,""nullingProfileId"":9,""queuePending"":0,""queueCapacity"":16,""queueEnqueued"":0,""queueDropped"":0,""publishFailCount"":0,""retryCount"":0,""retryFailCount"":0,""rejectedSamples"":0,""lastRejectReason"":""none"",""lastRejectChannel"":-1,""lastRejectOkFiniteCount"":0,""lastRejectStatus"":255,""lastRejectGain"":0,""lastRejectSaturated"":false},""recovery"":{""wifiReconnectCount"":0,""wifiReconnectFailCount"":0,""mqttReconnectCount"":0,""mqttConnectFailCount"":0,""lastMqttState"":0,""adsRecoveryCount"":0,""adsRecoveryFailCount"":0,""adsReadFailStreak"":0,""lastReason"":""none"",""lastRecoveryMs"":0,""bootRecoveryArmed"":false,""bootRecoveryDueMs"":0,""bootRecoveryReason"":""none"",""bootRecoveryNonAdsFailure"":false,""bootRecoveryRestartCount"":0},""nulling"":{""done"":false,""retryArmed"":false,""attemptCount"":0,""nextRetryMs"":0,""thresholdV"":9.999999747E-06,""minFinalV"":0},""telemetry"":{""valid"":true,""sampleMs"":6516402,""gasClass"":6,""gasName"":""CO2"",""confidence"":0,""alarm"":false,""sensorVoltage"":[0.106352173,0.003923861,0.004866852,-0.002534573,-0.00668494,-0.01143607,-0.019796675,-0.025363624],""sensorGain"":[32,64,64,64,64,64,64,64],""sensorStatus"":[0,0,0,0,0,0,0,0],""featureOrder"":[""MQ8"",""MQ135"",""MQ3"",""MQ5"",""MQ4"",""MQ7"",""MQ6"",""MQ2""]},""alarmLatched"":false}"
2026-08-04 11:09:41.152 +07:00,140.030,HOT_SWEEP_70,70,700,300,1,0,0.107490316,0.003861869,0.00480163,-0.00253696,-0.006462672,-0.011425411,-0.019812692,-0.025356803,"{""deviceId"":""1001"",""nodeId"":4097,""targetChId"":""0010"",""mode"":""inference"",""uptimeMs"":6517490,""debugEnabled"":true,""power"":{""mode"":""24v"",""externalPower"":true,""batteryMv"":65535,""batteryValid"":false,""batteryDetected"":false,""batterySenseStatus"":""not_detected"",""batteryLow"":false,""batteryCritical"":false,""sourceAmbiguous"":false,""serviceHoldActive"":false,""serviceHoldEffective"":false},""batterySession"":{""state"":""inactive"",""startedMs"":0,""stateStartedMs"":0,""validSampleBatches"":0,""requiredSampleBatches"":10,""alarmTxAttempts"":0,""alarmTxAttemptLimit"":3,""alarmAckReceived"":false,""pendingAlarm"":false,""pendingSaveRequired"":false,""persistenceFaultHold"":false,""completionReason"":""session_done""},""bootHealth"":{""adsReady"":true,""adsDrdyLevel"":0,""adsDrdyPulldownLevel"":0,""adsDrdyPullupLevel"":0,""adsMisoPulldownLevel"":0,""adsMisoPullupLevel"":1,""adsCsLevel"":1,""adsSyncLevel"":1,""adsStatus"":54,""adsMux"":15,""adsAdcon"":6,""adsDrate"":240,""adsReason"":""ok"",""tcaOk"":true,""mcpOkCount"":8,""mcpOk"":[true,true,true,true,true,true,true,true],""mcpAddrMask"":[1,1,1,1,1,1,1,1],""mcpControlTested"":true,""mcpControlOkCount"":8,""mcpControlOk"":[true,true,true,true,true,true,true,true],""dacReady"":true,""radioReady"":true,""mlReady"":true,""nullingProfileApplied"":true,""modelProfileReady"":false},""runtimeMcpCode"":[255,519,795,706,799,865,665,139],""model"":{""profileId"":""cnn-dualbranch-datasheet-v1-unbound"",""scalerProfileId"":""cnn-dualbranch-datasheet-v1-unbound"",""productionApproved"":true,""boundNullingProfileId"":8,""activeNullingProfileId"":9,""bindingValid"":true,""bindingModelMatches"":true,""profileReady"":false,""inferenceValid"":false,""sensorFault"":true},""lora"":{""beginState"":0,""lastTxState"":0,""lastTxOk"":false,""txSeq"":0,""txCounter"":0,""aesKeyProvisioned"":true,""aesKeyPresent"":true,""aesKeySource"":""nvs"",""keyId"":1,""lastDownlinkCommandId"":0,""freqMHz"":920,""bwKHz"":125,""sf"":7,""cr"":5,""syncWord"":18,""txPowerDbm"":17,""preamble"":8,""tcxoVoltage"":1.600000024,""xtalVoltage"":0},""dataset"":{""state"":""idle"",""step"":""idle"",""label"":"""",""seq"":0,""targetSamples"":0,""sampleIntervalMs"":500,""maxDurationMs"":0,""useFanIntake"":true,""fanOnMs"":1000,""postFanSettleMs"":0,""nullingProfileId"":9,""queuePending"":0,""queueCapacity"":16,""queueEnqueued"":0,""queueDropped"":0,""publishFailCount"":0,""retryCount"":0,""retryFailCount"":0,""rejectedSamples"":0,""lastRejectReason"":""none"",""lastRejectChannel"":-1,""lastRejectOkFiniteCount"":0,""lastRejectStatus"":255,""lastRejectGain"":0,""lastRejectSaturated"":false},""recovery"":{""wifiReconnectCount"":0,""wifiReconnectFailCount"":0,""mqttReconnectCount"":0,""mqttConnectFailCount"":0,""lastMqttState"":0,""adsRecoveryCount"":0,""adsRecoveryFailCount"":0,""adsReadFailStreak"":0,""lastReason"":""none"",""lastRecoveryMs"":0,""bootRecoveryArmed"":false,""bootRecoveryDueMs"":0,""bootRecoveryReason"":""none"",""bootRecoveryNonAdsFailure"":false,""bootRecoveryRestartCount"":0},""nulling"":{""done"":false,""retryArmed"":false,""attemptCount"":0,""nextRetryMs"":0,""thresholdV"":9.999999747E-06,""minFinalV"":0},""telemetry"":{""valid"":true,""sampleMs"":6517066,""gasClass"":6,""gasName"":""CO2"",""confidence"":0,""alarm"":false,""sensorVoltage"":[0.107490316,0.003861869,0.00480163,-0.00253696,-0.006462672,-0.011425411,-0.019812692,-0.025356803],""sensorGain"":[32,64,64,64,64,64,64,64],""sensorStatus"":[0,0,0,0,0,0,0,0],""featureOrder"":[""MQ8"",""MQ135"",""MQ3"",""MQ5"",""MQ4"",""MQ7"",""MQ6"",""MQ2""]},""alarmLatched"":false}"
2026-08-04 11:09:41.851 +07:00,140.730,HOT_SWEEP_70,70,700,300,1,0,0.107241675,0.003906781,0.004834227,-0.002525716,-0.005786938,-0.011470638,-0.01978715,-0.025339201,"{""deviceId"":""1001"",""nodeId"":4097,""targetChId"":""0010"",""mode"":""inference"",""uptimeMs"":6518190,""debugEnabled"":true,""power"":{""mode"":""24v"",""externalPower"":true,""batteryMv"":65535,""batteryValid"":false,""batteryDetected"":false,""batterySenseStatus"":""not_detected"",""batteryLow"":false,""batteryCritical"":false,""sourceAmbiguous"":false,""serviceHoldActive"":false,""serviceHoldEffective"":false},""batterySession"":{""state"":""inactive"",""startedMs"":0,""stateStartedMs"":0,""validSampleBatches"":0,""requiredSampleBatches"":10,""alarmTxAttempts"":0,""alarmTxAttemptLimit"":3,""alarmAckReceived"":false,""pendingAlarm"":false,""pendingSaveRequired"":false,""persistenceFaultHold"":false,""completionReason"":""session_done""},""bootHealth"":{""adsReady"":true,""adsDrdyLevel"":0,""adsDrdyPulldownLevel"":0,""adsDrdyPullupLevel"":0,""adsMisoPulldownLevel"":0,""adsMisoPullupLevel"":1,""adsCsLevel"":1,""adsSyncLevel"":1,""adsStatus"":54,""adsMux"":15,""adsAdcon"":6,""adsDrate"":240,""adsReason"":""ok"",""tcaOk"":true,""mcpOkCount"":8,""mcpOk"":[true,true,true,true,true,true,true,true],""mcpAddrMask"":[1,1,1,1,1,1,1,1],""mcpControlTested"":true,""mcpControlOkCount"":8,""mcpControlOk"":[true,true,true,true,true,true,true,true],""dacReady"":true,""radioReady"":true,""mlReady"":true,""nullingProfileApplied"":true,""modelProfileReady"":false},""runtimeMcpCode"":[255,519,795,706,799,865,665,139],""model"":{""profileId"":""cnn-dualbranch-datasheet-v1-unbound"",""scalerProfileId"":""cnn-dualbranch-datasheet-v1-unbound"",""productionApproved"":true,""boundNullingProfileId"":8,""activeNullingProfileId"":9,""bindingValid"":true,""bindingModelMatches"":true,""profileReady"":false,""inferenceValid"":false,""sensorFault"":true},""lora"":{""beginState"":0,""lastTxState"":0,""lastTxOk"":false,""txSeq"":0,""txCounter"":0,""aesKeyProvisioned"":true,""aesKeyPresent"":true,""aesKeySource"":""nvs"",""keyId"":1,""lastDownlinkCommandId"":0,""freqMHz"":920,""bwKHz"":125,""sf"":7,""cr"":5,""syncWord"":18,""txPowerDbm"":17,""preamble"":8,""tcxoVoltage"":1.600000024,""xtalVoltage"":0},""dataset"":{""state"":""idle"",""step"":""idle"",""label"":"""",""seq"":0,""targetSamples"":0,""sampleIntervalMs"":500,""maxDurationMs"":0,""useFanIntake"":true,""fanOnMs"":1000,""postFanSettleMs"":0,""nullingProfileId"":9,""queuePending"":0,""queueCapacity"":16,""queueEnqueued"":0,""queueDropped"":0,""publishFailCount"":0,""retryCount"":0,""retryFailCount"":0,""rejectedSamples"":0,""lastRejectReason"":""none"",""lastRejectChannel"":-1,""lastRejectOkFiniteCount"":0,""lastRejectStatus"":255,""lastRejectGain"":0,""lastRejectSaturated"":false},""recovery"":{""wifiReconnectCount"":0,""wifiReconnectFailCount"":0,""mqttReconnectCount"":0,""mqttConnectFailCount"":0,""lastMqttState"":0,""adsRecoveryCount"":0,""adsRecoveryFailCount"":0,""adsReadFailStreak"":0,""lastReason"":""none"",""lastRecoveryMs"":0,""bootRecoveryArmed"":false,""bootRecoveryDueMs"":0,""bootRecoveryReason"":""none"",""bootRecoveryNonAdsFailure"":false,""bootRecoveryRestartCount"":0},""nulling"":{""done"":false,""retryArmed"":false,""attemptCount"":0,""nextRetryMs"":0,""thresholdV"":9.999999747E-06,""minFinalV"":0},""telemetry"":{""valid"":true,""sampleMs"":6517768,""gasClass"":6,""gasName"":""CO2"",""confidence"":0,""alarm"":false,""sensorVoltage"":[0.107241675,0.003906781,0.004834227,-0.002525716,-0.005786938,-0.011470638,-0.01978715,-0.025339201],""sensorGain"":[32,64,64,64,64,64,64,64],""sensorStatus"":[0,0,0,0,0,0,0,0],""featureOrder"":[""MQ8"",""MQ135"",""MQ3"",""MQ5"",""MQ4"",""MQ7"",""MQ6"",""MQ2""]},""alarmLatched"":false}"
2026-08-04 11:09:42.537 +07:00,141.418,HOT_SWEEP_70,70,700,300,1,0,0.10725943,0.003837781,0.004817071,-0.00254567,-0.005786094,-0.011423271,-0.01979737,-0.025297847,"{""deviceId"":""1001"",""nodeId"":4097,""targetChId"":""0010"",""mode"":""inference"",""uptimeMs"":6518891,""debugEnabled"":true,""power"":{""mode"":""24v"",""externalPower"":true,""batteryMv"":65535,""batteryValid"":false,""batteryDetected"":false,""batterySenseStatus"":""not_detected"",""batteryLow"":false,""batteryCritical"":false,""sourceAmbiguous"":false,""serviceHoldActive"":false,""serviceHoldEffective"":false},""batterySession"":{""state"":""inactive"",""startedMs"":0,""stateStartedMs"":0,""validSampleBatches"":0,""requiredSampleBatches"":10,""alarmTxAttempts"":0,""alarmTxAttemptLimit"":3,""alarmAckReceived"":false,""pendingAlarm"":false,""pendingSaveRequired"":false,""persistenceFaultHold"":false,""completionReason"":""session_done""},""bootHealth"":{""adsReady"":true,""adsDrdyLevel"":0,""adsDrdyPulldownLevel"":0,""adsDrdyPullupLevel"":0,""adsMisoPulldownLevel"":0,""adsMisoPullupLevel"":1,""adsCsLevel"":1,""adsSyncLevel"":1,""adsStatus"":54,""adsMux"":15,""adsAdcon"":6,""adsDrate"":240,""adsReason"":""ok"",""tcaOk"":true,""mcpOkCount"":8,""mcpOk"":[true,true,true,true,true,true,true,true],""mcpAddrMask"":[1,1,1,1,1,1,1,1],""mcpControlTested"":true,""mcpControlOkCount"":8,""mcpControlOk"":[true,true,true,true,true,true,true,true],""dacReady"":true,""radioReady"":true,""mlReady"":true,""nullingProfileApplied"":true,""modelProfileReady"":false},""runtimeMcpCode"":[255,519,795,706,799,865,665,139],""model"":{""profileId"":""cnn-dualbranch-datasheet-v1-unbound"",""scalerProfileId"":""cnn-dualbranch-datasheet-v1-unbound"",""productionApproved"":true,""boundNullingProfileId"":8,""activeNullingProfileId"":9,""bindingValid"":true,""bindingModelMatches"":true,""profileReady"":false,""inferenceValid"":false,""sensorFault"":true},""lora"":{""beginState"":0,""lastTxState"":0,""lastTxOk"":false,""txSeq"":0,""txCounter"":0,""aesKeyProvisioned"":true,""aesKeyPresent"":true,""aesKeySource"":""nvs"",""keyId"":1,""lastDownlinkCommandId"":0,""freqMHz"":920,""bwKHz"":125,""sf"":7,""cr"":5,""syncWord"":18,""txPowerDbm"":17,""preamble"":8,""tcxoVoltage"":1.600000024,""xtalVoltage"":0},""dataset"":{""state"":""idle"",""step"":""idle"",""label"":"""",""seq"":0,""targetSamples"":0,""sampleIntervalMs"":500,""maxDurationMs"":0,""useFanIntake"":true,""fanOnMs"":1000,""postFanSettleMs"":0,""nullingProfileId"":9,""queuePending"":0,""queueCapacity"":16,""queueEnqueued"":0,""queueDropped"":0,""publishFailCount"":0,""retryCount"":0,""retryFailCount"":0,""rejectedSamples"":0,""lastRejectReason"":""none"",""lastRejectChannel"":-1,""lastRejectOkFiniteCount"":0,""lastRejectStatus"":255,""lastRejectGain"":0,""lastRejectSaturated"":false},""recovery"":{""wifiReconnectCount"":0,""wifiReconnectFailCount"":0,""mqttReconnectCount"":0,""mqttConnectFailCount"":0,""lastMqttState"":0,""adsRecoveryCount"":0,""adsRecoveryFailCount"":0,""adsReadFailStreak"":0,""lastReason"":""none"",""lastRecoveryMs"":0,""bootRecoveryArmed"":false,""bootRecoveryDueMs"":0,""bootRecoveryReason"":""none"",""bootRecoveryNonAdsFailure"":false,""bootRecoveryRestartCount"":0},""nulling"":{""done"":false,""retryArmed"":false,""attemptCount"":0,""nextRetryMs"":0,""thresholdV"":9.999999747E-06,""minFinalV"":0},""telemetry"":{""valid"":true,""sampleMs"":6518500,""gasClass"":6,""gasName"":""CO2"",""confidence"":0,""alarm"":false,""sensorVoltage"":[0.10725943,0.003837781,0.004817071,-0.00254567,-0.005786094,-0.011423271,-0.01979737,-0.025297847],""sensorGain"":[32,64,64,64,64,64,64,64],""sensorStatus"":[0,0,0,0,0,0,0,0],""featureOrder"":[""MQ8"",""MQ135"",""MQ3"",""MQ5"",""MQ4"",""MQ7"",""MQ6"",""MQ2""]},""alarmLatched"":false}"
2026-08-04 11:09:43.231 +07:00,142.111,HOT_SWEEP_70,70,700,300,1,0,0.107575297,0.003841124,0.00484464,-0.002605831,-0.006067158,-0.011434379,-0.019763941,-0.025258219,"{""deviceId"":""1001"",""nodeId"":4097,""targetChId"":""0010"",""mode"":""inference"",""uptimeMs"":6519572,""debugEnabled"":true,""power"":{""mode"":""24v"",""externalPower"":true,""batteryMv"":65535,""batteryValid"":false,""batteryDetected"":false,""batterySenseStatus"":""not_detected"",""batteryLow"":false,""batteryCritical"":false,""sourceAmbiguous"":false,""serviceHoldActive"":false,""serviceHoldEffective"":false},""batterySession"":{""state"":""inactive"",""startedMs"":0,""stateStartedMs"":0,""validSampleBatches"":0,""requiredSampleBatches"":10,""alarmTxAttempts"":0,""alarmTxAttemptLimit"":3,""alarmAckReceived"":false,""pendingAlarm"":false,""pendingSaveRequired"":false,""persistenceFaultHold"":false,""completionReason"":""session_done""},""bootHealth"":{""adsReady"":true,""adsDrdyLevel"":0,""adsDrdyPulldownLevel"":0,""adsDrdyPullupLevel"":0,""adsMisoPulldownLevel"":0,""adsMisoPullupLevel"":1,""adsCsLevel"":1,""adsSyncLevel"":1,""adsStatus"":54,""adsMux"":15,""adsAdcon"":6,""adsDrate"":240,""adsReason"":""ok"",""tcaOk"":true,""mcpOkCount"":8,""mcpOk"":[true,true,true,true,true,true,true,true],""mcpAddrMask"":[1,1,1,1,1,1,1,1],""mcpControlTested"":true,""mcpControlOkCount"":8,""mcpControlOk"":[true,true,true,true,true,true,true,true],""dacReady"":true,""radioReady"":true,""mlReady"":true,""nullingProfileApplied"":true,""modelProfileReady"":false},""runtimeMcpCode"":[255,519,795,706,799,865,665,139],""model"":{""profileId"":""cnn-dualbranch-datasheet-v1-unbound"",""scalerProfileId"":""cnn-dualbranch-datasheet-v1-unbound"",""productionApproved"":true,""boundNullingProfileId"":8,""activeNullingProfileId"":9,""bindingValid"":true,""bindingModelMatches"":true,""profileReady"":false,""inferenceValid"":false,""sensorFault"":true},""lora"":{""beginState"":0,""lastTxState"":0,""lastTxOk"":false,""txSeq"":0,""txCounter"":0,""aesKeyProvisioned"":true,""aesKeyPresent"":true,""aesKeySource"":""nvs"",""keyId"":1,""lastDownlinkCommandId"":0,""freqMHz"":920,""bwKHz"":125,""sf"":7,""cr"":5,""syncWord"":18,""txPowerDbm"":17,""preamble"":8,""tcxoVoltage"":1.600000024,""xtalVoltage"":0},""dataset"":{""state"":""idle"",""step"":""idle"",""label"":"""",""seq"":0,""targetSamples"":0,""sampleIntervalMs"":500,""maxDurationMs"":0,""useFanIntake"":true,""fanOnMs"":1000,""postFanSettleMs"":0,""nullingProfileId"":9,""queuePending"":0,""queueCapacity"":16,""queueEnqueued"":0,""queueDropped"":0,""publishFailCount"":0,""retryCount"":0,""retryFailCount"":0,""rejectedSamples"":0,""lastRejectReason"":""none"",""lastRejectChannel"":-1,""lastRejectOkFiniteCount"":0,""lastRejectStatus"":255,""lastRejectGain"":0,""lastRejectSaturated"":false},""recovery"":{""wifiReconnectCount"":0,""wifiReconnectFailCount"":0,""mqttReconnectCount"":0,""mqttConnectFailCount"":0,""lastMqttState"":0,""adsRecoveryCount"":0,""adsRecoveryFailCount"":0,""adsReadFailStreak"":0,""lastReason"":""none"",""lastRecoveryMs"":0,""bootRecoveryArmed"":false,""bootRecoveryDueMs"":0,""bootRecoveryReason"":""none"",""bootRecoveryNonAdsFailure"":false,""bootRecoveryRestartCount"":0},""nulling"":{""done"":false,""retryArmed"":false,""attemptCount"":0,""nextRetryMs"":0,""thresholdV"":9.999999747E-06,""minFinalV"":0},""telemetry"":{""valid"":true,""sampleMs"":6519169,""gasClass"":6,""gasName"":""CO2"",""confidence"":0,""alarm"":false,""sensorVoltage"":[0.107575297,0.003841124,0.00484464,-0.002605831,-0.006067158,-0.011434379,-0.019763941,-0.025258219],""sensorGain"":[32,64,64,64,64,64,64,64],""sensorStatus"":[0,0,0,0,0,0,0,0],""featureOrder"":[""MQ8"",""MQ135"",""MQ3"",""MQ5"",""MQ4"",""MQ7"",""MQ6"",""MQ2""]},""alarmLatched"":false}"
2026-08-04 11:09:43.930 +07:00,142.811,HOT_SWEEP_70,70,700,300,1,0,0.107702412,0.003886963,0.004850965,-0.002662224,-0.005938475,-0.011467435,-0.019730063,-0.025247449,"{""deviceId"":""1001"",""nodeId"":4097,""targetChId"":""0010"",""mode"":""inference"",""uptimeMs"":6520271,""debugEnabled"":true,""power"":{""mode"":""24v"",""externalPower"":true,""batteryMv"":65535,""batteryValid"":false,""batteryDetected"":false,""batterySenseStatus"":""not_detected"",""batteryLow"":false,""batteryCritical"":false,""sourceAmbiguous"":false,""serviceHoldActive"":false,""serviceHoldEffective"":false},""batterySession"":{""state"":""inactive"",""startedMs"":0,""stateStartedMs"":0,""validSampleBatches"":0,""requiredSampleBatches"":10,""alarmTxAttempts"":0,""alarmTxAttemptLimit"":3,""alarmAckReceived"":false,""pendingAlarm"":false,""pendingSaveRequired"":false,""persistenceFaultHold"":false,""completionReason"":""session_done""},""bootHealth"":{""adsReady"":true,""adsDrdyLevel"":0,""adsDrdyPulldownLevel"":0,""adsDrdyPullupLevel"":0,""adsMisoPulldownLevel"":0,""adsMisoPullupLevel"":1,""adsCsLevel"":1,""adsSyncLevel"":1,""adsStatus"":54,""adsMux"":15,""adsAdcon"":6,""adsDrate"":240,""adsReason"":""ok"",""tcaOk"":true,""mcpOkCount"":8,""mcpOk"":[true,true,true,true,true,true,true,true],""mcpAddrMask"":[1,1,1,1,1,1,1,1],""mcpControlTested"":true,""mcpControlOkCount"":8,""mcpControlOk"":[true,true,true,true,true,true,true,true],""dacReady"":true,""radioReady"":true,""mlReady"":true,""nullingProfileApplied"":true,""modelProfileReady"":false},""runtimeMcpCode"":[255,519,795,706,799,865,665,139],""model"":{""profileId"":""cnn-dualbranch-datasheet-v1-unbound"",""scalerProfileId"":""cnn-dualbranch-datasheet-v1-unbound"",""productionApproved"":true,""boundNullingProfileId"":8,""activeNullingProfileId"":9,""bindingValid"":true,""bindingModelMatches"":true,""profileReady"":false,""inferenceValid"":false,""sensorFault"":true},""lora"":{""beginState"":0,""lastTxState"":0,""lastTxOk"":false,""txSeq"":0,""txCounter"":0,""aesKeyProvisioned"":true,""aesKeyPresent"":true,""aesKeySource"":""nvs"",""keyId"":1,""lastDownlinkCommandId"":0,""freqMHz"":920,""bwKHz"":125,""sf"":7,""cr"":5,""syncWord"":18,""txPowerDbm"":17,""preamble"":8,""tcxoVoltage"":1.600000024,""xtalVoltage"":0},""dataset"":{""state"":""idle"",""step"":""idle"",""label"":"""",""seq"":0,""targetSamples"":0,""sampleIntervalMs"":500,""maxDurationMs"":0,""useFanIntake"":true,""fanOnMs"":1000,""postFanSettleMs"":0,""nullingProfileId"":9,""queuePending"":0,""queueCapacity"":16,""queueEnqueued"":0,""queueDropped"":0,""publishFailCount"":0,""retryCount"":0,""retryFailCount"":0,""rejectedSamples"":0,""lastRejectReason"":""none"",""lastRejectChannel"":-1,""lastRejectOkFiniteCount"":0,""lastRejectStatus"":255,""lastRejectGain"":0,""lastRejectSaturated"":false},""recovery"":{""wifiReconnectCount"":0,""wifiReconnectFailCount"":0,""mqttReconnectCount"":0,""mqttConnectFailCount"":0,""lastMqttState"":0,""adsRecoveryCount"":0,""adsRecoveryFailCount"":0,""adsReadFailStreak"":0,""lastReason"":""none"",""lastRecoveryMs"":0,""bootRecoveryArmed"":false,""bootRecoveryDueMs"":0,""bootRecoveryReason"":""none"",""bootRecoveryNonAdsFailure"":false,""bootRecoveryRestartCount"":0},""nulling"":{""done"":false,""retryArmed"":false,""attemptCount"":0,""nextRetryMs"":0,""thresholdV"":9.999999747E-06,""minFinalV"":0},""telemetry"":{""valid"":true,""sampleMs"":6519850,""gasClass"":6,""gasName"":""CO2"",""confidence"":0,""alarm"":false,""sensorVoltage"":[0.107702412,0.003886963,0.004850965,-0.002662224,-0.005938475,-0.011467435,-0.019730063,-0.025247449],""sensorGain"":[32,64,64,64,64,64,64,64],""sensorStatus"":[0,0,0,0,0,0,0,0],""featureOrder"":[""MQ8"",""MQ135"",""MQ3"",""MQ5"",""MQ4"",""MQ7"",""MQ6"",""MQ2""]},""alarmLatched"":false}"
2026-08-04 11:09:44.622 +07:00,143.503,HOT_SWEEP_70,70,700,300,1,0,0.107712641,0.003888135,0.004784929,-0.002666521,-0.005916382,-0.011569798,-0.019719353,-0.025229713,"{""deviceId"":""1001"",""nodeId"":4097,""targetChId"":""0010"",""mode"":""inference"",""uptimeMs"":6520970,""debugEnabled"":true,""power"":{""mode"":""24v"",""externalPower"":true,""batteryMv"":65535,""batteryValid"":false,""batteryDetected"":false,""batterySenseStatus"":""not_detected"",""batteryLow"":false,""batteryCritical"":false,""sourceAmbiguous"":false,""serviceHoldActive"":false,""serviceHoldEffective"":false},""batterySession"":{""state"":""inactive"",""startedMs"":0,""stateStartedMs"":0,""validSampleBatches"":0,""requiredSampleBatches"":10,""alarmTxAttempts"":0,""alarmTxAttemptLimit"":3,""alarmAckReceived"":false,""pendingAlarm"":false,""pendingSaveRequired"":false,""persistenceFaultHold"":false,""completionReason"":""session_done""},""bootHealth"":{""adsReady"":true,""adsDrdyLevel"":0,""adsDrdyPulldownLevel"":0,""adsDrdyPullupLevel"":0,""adsMisoPulldownLevel"":0,""adsMisoPullupLevel"":1,""adsCsLevel"":1,""adsSyncLevel"":1,""adsStatus"":54,""adsMux"":15,""adsAdcon"":6,""adsDrate"":240,""adsReason"":""ok"",""tcaOk"":true,""mcpOkCount"":8,""mcpOk"":[true,true,true,true,true,true,true,true],""mcpAddrMask"":[1,1,1,1,1,1,1,1],""mcpControlTested"":true,""mcpControlOkCount"":8,""mcpControlOk"":[true,true,true,true,true,true,true,true],""dacReady"":true,""radioReady"":true,""mlReady"":true,""nullingProfileApplied"":true,""modelProfileReady"":false},""runtimeMcpCode"":[255,519,795,706,799,865,665,139],""model"":{""profileId"":""cnn-dualbranch-datasheet-v1-unbound"",""scalerProfileId"":""cnn-dualbranch-datasheet-v1-unbound"",""productionApproved"":true,""boundNullingProfileId"":8,""activeNullingProfileId"":9,""bindingValid"":true,""bindingModelMatches"":true,""profileReady"":false,""inferenceValid"":false,""sensorFault"":true},""lora"":{""beginState"":0,""lastTxState"":0,""lastTxOk"":false,""txSeq"":0,""txCounter"":0,""aesKeyProvisioned"":true,""aesKeyPresent"":true,""aesKeySource"":""nvs"",""keyId"":1,""lastDownlinkCommandId"":0,""freqMHz"":920,""bwKHz"":125,""sf"":7,""cr"":5,""syncWord"":18,""txPowerDbm"":17,""preamble"":8,""tcxoVoltage"":1.600000024,""xtalVoltage"":0},""dataset"":{""state"":""idle"",""step"":""idle"",""label"":"""",""seq"":0,""targetSamples"":0,""sampleIntervalMs"":500,""maxDurationMs"":0,""useFanIntake"":true,""fanOnMs"":1000,""postFanSettleMs"":0,""nullingProfileId"":9,""queuePending"":0,""queueCapacity"":16,""queueEnqueued"":0,""queueDropped"":0,""publishFailCount"":0,""retryCount"":0,""retryFailCount"":0,""rejectedSamples"":0,""lastRejectReason"":""none"",""lastRejectChannel"":-1,""lastRejectOkFiniteCount"":0,""lastRejectStatus"":255,""lastRejectGain"":0,""lastRejectSaturated"":false},""recovery"":{""wifiReconnectCount"":0,""wifiReconnectFailCount"":0,""mqttReconnectCount"":0,""mqttConnectFailCount"":0,""lastMqttState"":0,""adsRecoveryCount"":0,""adsRecoveryFailCount"":0,""adsReadFailStreak"":0,""lastReason"":""none"",""lastRecoveryMs"":0,""bootRecoveryArmed"":false,""bootRecoveryDueMs"":0,""bootRecoveryReason"":""none"",""bootRecoveryNonAdsFailure"":false,""bootRecoveryRestartCount"":0},""nulling"":{""done"":false,""retryArmed"":false,""attemptCount"":0,""nextRetryMs"":0,""thresholdV"":9.999999747E-06,""minFinalV"":0},""telemetry"":{""valid"":true,""sampleMs"":6520581,""gasClass"":6,""gasName"":""CO2"",""confidence"":0,""alarm"":false,""sensorVoltage"":[0.107712641,0.003888135,0.004784929,-0.002666521,-0.005916382,-0.011569798,-0.019719353,-0.025229713],""sensorGain"":[32,64,64,64,64,64,64,64],""sensorStatus"":[0,0,0,0,0,0,0,0],""featureOrder"":[""MQ8"",""MQ135"",""MQ3"",""MQ5"",""MQ4"",""MQ7"",""MQ6"",""MQ2""]},""alarmLatched"":false}"
2026-08-04 11:09:45.352 +07:00,144.229,HOT_SWEEP_70,70,700,300,1,0,0.107785061,0.003891899,0.004837037,-0.002685608,-0.00600553,-0.011566302,-0.019794932,-0.025264863,"{""deviceId"":""1001"",""nodeId"":4097,""targetChId"":""0010"",""mode"":""inference"",""uptimeMs"":6521689,""debugEnabled"":true,""power"":{""mode"":""24v"",""externalPower"":true,""batteryMv"":65535,""batteryValid"":false,""batteryDetected"":false,""batterySenseStatus"":""not_detected"",""batteryLow"":false,""batteryCritical"":false,""sourceAmbiguous"":false,""serviceHoldActive"":false,""serviceHoldEffective"":false},""batterySession"":{""state"":""inactive"",""startedMs"":0,""stateStartedMs"":0,""validSampleBatches"":0,""requiredSampleBatches"":10,""alarmTxAttempts"":0,""alarmTxAttemptLimit"":3,""alarmAckReceived"":false,""pendingAlarm"":false,""pendingSaveRequired"":false,""persistenceFaultHold"":false,""completionReason"":""session_done""},""bootHealth"":{""adsReady"":true,""adsDrdyLevel"":0,""adsDrdyPulldownLevel"":0,""adsDrdyPullupLevel"":0,""adsMisoPulldownLevel"":0,""adsMisoPullupLevel"":1,""adsCsLevel"":1,""adsSyncLevel"":1,""adsStatus"":54,""adsMux"":15,""adsAdcon"":6,""adsDrate"":240,""adsReason"":""ok"",""tcaOk"":true,""mcpOkCount"":8,""mcpOk"":[true,true,true,true,true,true,true,true],""mcpAddrMask"":[1,1,1,1,1,1,1,1],""mcpControlTested"":true,""mcpControlOkCount"":8,""mcpControlOk"":[true,true,true,true,true,true,true,true],""dacReady"":true,""radioReady"":true,""mlReady"":true,""nullingProfileApplied"":true,""modelProfileReady"":false},""runtimeMcpCode"":[255,519,795,706,799,865,665,139],""model"":{""profileId"":""cnn-dualbranch-datasheet-v1-unbound"",""scalerProfileId"":""cnn-dualbranch-datasheet-v1-unbound"",""productionApproved"":true,""boundNullingProfileId"":8,""activeNullingProfileId"":9,""bindingValid"":true,""bindingModelMatches"":true,""profileReady"":false,""inferenceValid"":false,""sensorFault"":true},""lora"":{""beginState"":0,""lastTxState"":0,""lastTxOk"":false,""txSeq"":0,""txCounter"":0,""aesKeyProvisioned"":true,""aesKeyPresent"":true,""aesKeySource"":""nvs"",""keyId"":1,""lastDownlinkCommandId"":0,""freqMHz"":920,""bwKHz"":125,""sf"":7,""cr"":5,""syncWord"":18,""txPowerDbm"":17,""preamble"":8,""tcxoVoltage"":1.600000024,""xtalVoltage"":0},""dataset"":{""state"":""idle"",""step"":""idle"",""label"":"""",""seq"":0,""targetSamples"":0,""sampleIntervalMs"":500,""maxDurationMs"":0,""useFanIntake"":true,""fanOnMs"":1000,""postFanSettleMs"":0,""nullingProfileId"":9,""queuePending"":0,""queueCapacity"":16,""queueEnqueued"":0,""queueDropped"":0,""publishFailCount"":0,""retryCount"":0,""retryFailCount"":0,""rejectedSamples"":0,""lastRejectReason"":""none"",""lastRejectChannel"":-1,""lastRejectOkFiniteCount"":0,""lastRejectStatus"":255,""lastRejectGain"":0,""lastRejectSaturated"":false},""recovery"":{""wifiReconnectCount"":0,""wifiReconnectFailCount"":0,""mqttReconnectCount"":0,""mqttConnectFailCount"":0,""lastMqttState"":0,""adsRecoveryCount"":0,""adsRecoveryFailCount"":0,""adsReadFailStreak"":0,""lastReason"":""none"",""lastRecoveryMs"":0,""bootRecoveryArmed"":false,""bootRecoveryDueMs"":0,""bootRecoveryReason"":""none"",""bootRecoveryNonAdsFailure"":false,""bootRecoveryRestartCount"":0},""nulling"":{""done"":false,""retryArmed"":false,""attemptCount"":0,""nextRetryMs"":0,""thresholdV"":9.999999747E-06,""minFinalV"":0},""telemetry"":{""valid"":true,""sampleMs"":6521248,""gasClass"":6,""gasName"":""CO2"",""confidence"":0,""alarm"":false,""sensorVoltage"":[0.107785061,0.003891899,0.004837037,-0.002685608,-0.00600553,-0.011566302,-0.019794932,-0.025264863],""sensorGain"":[32,64,64,64,64,64,64,64],""sensorStatus"":[0,0,0,0,0,0,0,0],""featureOrder"":[""MQ8"",""MQ135"",""MQ3"",""MQ5"",""MQ4"",""MQ7"",""MQ6"",""MQ2""]},""alarmLatched"":false}"
2026-08-04 11:09:46.031 +07:00,144.908,HOT_SWEEP_70,70,700,300,1,0,0.108159959,0.003922171,0.004832892,-0.002691875,-0.005910298,-0.011565185,-0.019420672,-0.02483445,"{""deviceId"":""1001"",""nodeId"":4097,""targetChId"":""0010"",""mode"":""inference"",""uptimeMs"":6522371,""debugEnabled"":true,""power"":{""mode"":""24v"",""externalPower"":true,""batteryMv"":65535,""batteryValid"":false,""batteryDetected"":false,""batterySenseStatus"":""not_detected"",""batteryLow"":false,""batteryCritical"":false,""sourceAmbiguous"":false,""serviceHoldActive"":false,""serviceHoldEffective"":false},""batterySession"":{""state"":""inactive"",""startedMs"":0,""stateStartedMs"":0,""validSampleBatches"":0,""requiredSampleBatches"":10,""alarmTxAttempts"":0,""alarmTxAttemptLimit"":3,""alarmAckReceived"":false,""pendingAlarm"":false,""pendingSaveRequired"":false,""persistenceFaultHold"":false,""completionReason"":""session_done""},""bootHealth"":{""adsReady"":true,""adsDrdyLevel"":0,""adsDrdyPulldownLevel"":0,""adsDrdyPullupLevel"":0,""adsMisoPulldownLevel"":0,""adsMisoPullupLevel"":1,""adsCsLevel"":1,""adsSyncLevel"":1,""adsStatus"":54,""adsMux"":15,""adsAdcon"":6,""adsDrate"":240,""adsReason"":""ok"",""tcaOk"":true,""mcpOkCount"":8,""mcpOk"":[true,true,true,true,true,true,true,true],""mcpAddrMask"":[1,1,1,1,1,1,1,1],""mcpControlTested"":true,""mcpControlOkCount"":8,""mcpControlOk"":[true,true,true,true,true,true,true,true],""dacReady"":true,""radioReady"":true,""mlReady"":true,""nullingProfileApplied"":true,""modelProfileReady"":false},""runtimeMcpCode"":[255,519,795,706,799,865,665,139],""model"":{""profileId"":""cnn-dualbranch-datasheet-v1-unbound"",""scalerProfileId"":""cnn-dualbranch-datasheet-v1-unbound"",""productionApproved"":true,""boundNullingProfileId"":8,""activeNullingProfileId"":9,""bindingValid"":true,""bindingModelMatches"":true,""profileReady"":false,""inferenceValid"":false,""sensorFault"":true},""lora"":{""beginState"":0,""lastTxState"":0,""lastTxOk"":false,""txSeq"":0,""txCounter"":0,""aesKeyProvisioned"":true,""aesKeyPresent"":true,""aesKeySource"":""nvs"",""keyId"":1,""lastDownlinkCommandId"":0,""freqMHz"":920,""bwKHz"":125,""sf"":7,""cr"":5,""syncWord"":18,""txPowerDbm"":17,""preamble"":8,""tcxoVoltage"":1.600000024,""xtalVoltage"":0},""dataset"":{""state"":""idle"",""step"":""idle"",""label"":"""",""seq"":0,""targetSamples"":0,""sampleIntervalMs"":500,""maxDurationMs"":0,""useFanIntake"":true,""fanOnMs"":1000,""postFanSettleMs"":0,""nullingProfileId"":9,""queuePending"":0,""queueCapacity"":16,""queueEnqueued"":0,""queueDropped"":0,""publishFailCount"":0,""retryCount"":0,""retryFailCount"":0,""rejectedSamples"":0,""lastRejectReason"":""none"",""lastRejectChannel"":-1,""lastRejectOkFiniteCount"":0,""lastRejectStatus"":255,""lastRejectGain"":0,""lastRejectSaturated"":false},""recovery"":{""wifiReconnectCount"":0,""wifiReconnectFailCount"":0,""mqttReconnectCount"":0,""mqttConnectFailCount"":0,""lastMqttState"":0,""adsRecoveryCount"":0,""adsRecoveryFailCount"":0,""adsReadFailStreak"":0,""lastReason"":""none"",""lastRecoveryMs"":0,""bootRecoveryArmed"":false,""bootRecoveryDueMs"":0,""bootRecoveryReason"":""none"",""bootRecoveryNonAdsFailure"":false,""bootRecoveryRestartCount"":0},""nulling"":{""done"":false,""retryArmed"":false,""attemptCount"":0,""nextRetryMs"":0,""thresholdV"":9.999999747E-06,""minFinalV"":0},""telemetry"":{""valid"":true,""sampleMs"":6521967,""gasClass"":6,""gasName"":""CO2"",""confidence"":0,""alarm"":false,""sensorVoltage"":[0.108159959,0.003922171,0.004832892,-0.002691875,-0.005910298,-0.011565185,-0.019420672,-0.02483445],""sensorGain"":[32,64,64,64,64,64,64,64],""sensorStatus"":[0,0,0,0,0,0,0,0],""featureOrder"":[""MQ8"",""MQ135"",""MQ3"",""MQ5"",""MQ4"",""MQ7"",""MQ6"",""MQ2""]},""alarmLatched"":false}"
2026-08-04 11:09:46.723 +07:00,145.602,HOT_SWEEP_70,70,700,300,1,0,0.10816054,0.003936511,0.004788703,-0.002640409,-0.005832141,-0.011637686,-0.019413793,-0.024815548,"{""deviceId"":""1001"",""nodeId"":4097,""targetChId"":""0010"",""mode"":""inference"",""uptimeMs"":6523062,""debugEnabled"":true,""power"":{""mode"":""24v"",""externalPower"":true,""batteryMv"":65535,""batteryValid"":false,""batteryDetected"":false,""batterySenseStatus"":""not_detected"",""batteryLow"":false,""batteryCritical"":false,""sourceAmbiguous"":false,""serviceHoldActive"":false,""serviceHoldEffective"":false},""batterySession"":{""state"":""inactive"",""startedMs"":0,""stateStartedMs"":0,""validSampleBatches"":0,""requiredSampleBatches"":10,""alarmTxAttempts"":0,""alarmTxAttemptLimit"":3,""alarmAckReceived"":false,""pendingAlarm"":false,""pendingSaveRequired"":false,""persistenceFaultHold"":false,""completionReason"":""session_done""},""bootHealth"":{""adsReady"":true,""adsDrdyLevel"":0,""adsDrdyPulldownLevel"":0,""adsDrdyPullupLevel"":0,""adsMisoPulldownLevel"":0,""adsMisoPullupLevel"":1,""adsCsLevel"":1,""adsSyncLevel"":1,""adsStatus"":54,""adsMux"":15,""adsAdcon"":6,""adsDrate"":240,""adsReason"":""ok"",""tcaOk"":true,""mcpOkCount"":8,""mcpOk"":[true,true,true,true,true,true,true,true],""mcpAddrMask"":[1,1,1,1,1,1,1,1],""mcpControlTested"":true,""mcpControlOkCount"":8,""mcpControlOk"":[true,true,true,true,true,true,true,true],""dacReady"":true,""radioReady"":true,""mlReady"":true,""nullingProfileApplied"":true,""modelProfileReady"":false},""runtimeMcpCode"":[255,519,795,706,799,865,665,139],""model"":{""profileId"":""cnn-dualbranch-datasheet-v1-unbound"",""scalerProfileId"":""cnn-dualbranch-datasheet-v1-unbound"",""productionApproved"":true,""boundNullingProfileId"":8,""activeNullingProfileId"":9,""bindingValid"":true,""bindingModelMatches"":true,""profileReady"":false,""inferenceValid"":false,""sensorFault"":true},""lora"":{""beginState"":0,""lastTxState"":0,""lastTxOk"":false,""txSeq"":0,""txCounter"":0,""aesKeyProvisioned"":true,""aesKeyPresent"":true,""aesKeySource"":""nvs"",""keyId"":1,""lastDownlinkCommandId"":0,""freqMHz"":920,""bwKHz"":125,""sf"":7,""cr"":5,""syncWord"":18,""txPowerDbm"":17,""preamble"":8,""tcxoVoltage"":1.600000024,""xtalVoltage"":0},""dataset"":{""state"":""idle"",""step"":""idle"",""label"":"""",""seq"":0,""targetSamples"":0,""sampleIntervalMs"":500,""maxDurationMs"":0,""useFanIntake"":true,""fanOnMs"":1000,""postFanSettleMs"":0,""nullingProfileId"":9,""queuePending"":0,""queueCapacity"":16,""queueEnqueued"":0,""queueDropped"":0,""publishFailCount"":0,""retryCount"":0,""retryFailCount"":0,""rejectedSamples"":0,""lastRejectReason"":""none"",""lastRejectChannel"":-1,""lastRejectOkFiniteCount"":0,""lastRejectStatus"":255,""lastRejectGain"":0,""lastRejectSaturated"":false},""recovery"":{""wifiReconnectCount"":0,""wifiReconnectFailCount"":0,""mqttReconnectCount"":0,""mqttConnectFailCount"":0,""lastMqttState"":0,""adsRecoveryCount"":0,""adsRecoveryFailCount"":0,""adsReadFailStreak"":0,""lastReason"":""none"",""lastRecoveryMs"":0,""bootRecoveryArmed"":false,""bootRecoveryDueMs"":0,""bootRecoveryReason"":""none"",""bootRecoveryNonAdsFailure"":false,""bootRecoveryRestartCount"":0},""nulling"":{""done"":false,""retryArmed"":false,""attemptCount"":0,""nextRetryMs"":0,""thresholdV"":9.999999747E-06,""minFinalV"":0},""telemetry"":{""valid"":true,""sampleMs"":6522681,""gasClass"":6,""gasName"":""CO2"",""confidence"":0,""alarm"":false,""sensorVoltage"":[0.10816054,0.003936511,0.004788703,-0.002640409,-0.005832141,-0.011637686,-0.019413793,-0.024815548],""sensorGain"":[32,64,64,64,64,64,64,64],""sensorStatus"":[0,0,0,0,0,0,0,0],""featureOrder"":[""MQ8"",""MQ135"",""MQ3"",""MQ5"",""MQ4"",""MQ7"",""MQ6"",""MQ2""]},""alarmLatched"":false}"
2026-08-04 11:09:47.415 +07:00,146.295,HOT_SWEEP_70,70,700,300,1,0,0.107939385,0.003944445,0.004843531,-0.002625624,-0.006805136,-0.011629425,-0.019396018,-0.024836857,"{""deviceId"":""1001"",""nodeId"":4097,""targetChId"":""0010"",""mode"":""inference"",""uptimeMs"":6523753,""debugEnabled"":true,""power"":{""mode"":""24v"",""externalPower"":true,""batteryMv"":65535,""batteryValid"":false,""batteryDetected"":false,""batterySenseStatus"":""not_detected"",""batteryLow"":false,""batteryCritical"":false,""sourceAmbiguous"":false,""serviceHoldActive"":false,""serviceHoldEffective"":false},""batterySession"":{""state"":""inactive"",""startedMs"":0,""stateStartedMs"":0,""validSampleBatches"":0,""requiredSampleBatches"":10,""alarmTxAttempts"":0,""alarmTxAttemptLimit"":3,""alarmAckReceived"":false,""pendingAlarm"":false,""pendingSaveRequired"":false,""persistenceFaultHold"":false,""completionReason"":""session_done""},""bootHealth"":{""adsReady"":true,""adsDrdyLevel"":0,""adsDrdyPulldownLevel"":0,""adsDrdyPullupLevel"":0,""adsMisoPulldownLevel"":0,""adsMisoPullupLevel"":1,""adsCsLevel"":1,""adsSyncLevel"":1,""adsStatus"":54,""adsMux"":15,""adsAdcon"":6,""adsDrate"":240,""adsReason"":""ok"",""tcaOk"":true,""mcpOkCount"":8,""mcpOk"":[true,true,true,true,true,true,true,true],""mcpAddrMask"":[1,1,1,1,1,1,1,1],""mcpControlTested"":true,""mcpControlOkCount"":8,""mcpControlOk"":[true,true,true,true,true,true,true,true],""dacReady"":true,""radioReady"":true,""mlReady"":true,""nullingProfileApplied"":true,""modelProfileReady"":false},""runtimeMcpCode"":[255,519,795,706,799,865,665,139],""model"":{""profileId"":""cnn-dualbranch-datasheet-v1-unbound"",""scalerProfileId"":""cnn-dualbranch-datasheet-v1-unbound"",""productionApproved"":true,""boundNullingProfileId"":8,""activeNullingProfileId"":9,""bindingValid"":true,""bindingModelMatches"":true,""profileReady"":false,""inferenceValid"":false,""sensorFault"":true},""lora"":{""beginState"":0,""lastTxState"":0,""lastTxOk"":false,""txSeq"":0,""txCounter"":0,""aesKeyProvisioned"":true,""aesKeyPresent"":true,""aesKeySource"":""nvs"",""keyId"":1,""lastDownlinkCommandId"":0,""freqMHz"":920,""bwKHz"":125,""sf"":7,""cr"":5,""syncWord"":18,""txPowerDbm"":17,""preamble"":8,""tcxoVoltage"":1.600000024,""xtalVoltage"":0},""dataset"":{""state"":""idle"",""step"":""idle"",""label"":"""",""seq"":0,""targetSamples"":0,""sampleIntervalMs"":500,""maxDurationMs"":0,""useFanIntake"":true,""fanOnMs"":1000,""postFanSettleMs"":0,""nullingProfileId"":9,""queuePending"":0,""queueCapacity"":16,""queueEnqueued"":0,""queueDropped"":0,""publishFailCount"":0,""retryCount"":0,""retryFailCount"":0,""rejectedSamples"":0,""lastRejectReason"":""none"",""lastRejectChannel"":-1,""lastRejectOkFiniteCount"":0,""lastRejectStatus"":255,""lastRejectGain"":0,""lastRejectSaturated"":false},""recovery"":{""wifiReconnectCount"":0,""wifiReconnectFailCount"":0,""mqttReconnectCount"":0,""mqttConnectFailCount"":0,""lastMqttState"":0,""adsRecoveryCount"":0,""adsRecoveryFailCount"":0,""adsReadFailStreak"":0,""lastReason"":""none"",""lastRecoveryMs"":0,""bootRecoveryArmed"":false,""bootRecoveryDueMs"":0,""bootRecoveryReason"":""none"",""bootRecoveryNonAdsFailure"":false,""bootRecoveryRestartCount"":0},""nulling"":{""done"":false,""retryArmed"":false,""attemptCount"":0,""nextRetryMs"":0,""thresholdV"":9.999999747E-06,""minFinalV"":0},""telemetry"":{""valid"":true,""sampleMs"":6523340,""gasClass"":6,""gasName"":""CO2"",""confidence"":0,""alarm"":false,""sensorVoltage"":[0.107939385,0.003944445,0.004843531,-0.002625624,-0.006805136,-0.011629425,-0.019396018,-0.024836857],""sensorGain"":[32,64,64,64,64,64,64,64],""sensorStatus"":[0,0,0,0,0,0,0,0],""featureOrder"":[""MQ8"",""MQ135"",""MQ3"",""MQ5"",""MQ4"",""MQ7"",""MQ6"",""MQ2""]},""alarmLatched"":false}"
2026-08-04 11:09:48.095 +07:00,146.975,HOT_SWEEP_70,70,700,300,1,0,0.108348347,0.004022542,0.004855854,-0.002617952,-0.007171812,-0.011615822,-0.019380108,-0.024774015,"{""deviceId"":""1001"",""nodeId"":4097,""targetChId"":""0010"",""mode"":""inference"",""uptimeMs"":6524435,""debugEnabled"":true,""power"":{""mode"":""24v"",""externalPower"":true,""batteryMv"":65535,""batteryValid"":false,""batteryDetected"":false,""batterySenseStatus"":""not_detected"",""batteryLow"":false,""batteryCritical"":false,""sourceAmbiguous"":false,""serviceHoldActive"":false,""serviceHoldEffective"":false},""batterySession"":{""state"":""inactive"",""startedMs"":0,""stateStartedMs"":0,""validSampleBatches"":0,""requiredSampleBatches"":10,""alarmTxAttempts"":0,""alarmTxAttemptLimit"":3,""alarmAckReceived"":false,""pendingAlarm"":false,""pendingSaveRequired"":false,""persistenceFaultHold"":false,""completionReason"":""session_done""},""bootHealth"":{""adsReady"":true,""adsDrdyLevel"":0,""adsDrdyPulldownLevel"":0,""adsDrdyPullupLevel"":0,""adsMisoPulldownLevel"":0,""adsMisoPullupLevel"":1,""adsCsLevel"":1,""adsSyncLevel"":1,""adsStatus"":54,""adsMux"":15,""adsAdcon"":6,""adsDrate"":240,""adsReason"":""ok"",""tcaOk"":true,""mcpOkCount"":8,""mcpOk"":[true,true,true,true,true,true,true,true],""mcpAddrMask"":[1,1,1,1,1,1,1,1],""mcpControlTested"":true,""mcpControlOkCount"":8,""mcpControlOk"":[true,true,true,true,true,true,true,true],""dacReady"":true,""radioReady"":true,""mlReady"":true,""nullingProfileApplied"":true,""modelProfileReady"":false},""runtimeMcpCode"":[255,519,795,706,799,865,665,139],""model"":{""profileId"":""cnn-dualbranch-datasheet-v1-unbound"",""scalerProfileId"":""cnn-dualbranch-datasheet-v1-unbound"",""productionApproved"":true,""boundNullingProfileId"":8,""activeNullingProfileId"":9,""bindingValid"":true,""bindingModelMatches"":true,""profileReady"":false,""inferenceValid"":false,""sensorFault"":true},""lora"":{""beginState"":0,""lastTxState"":0,""lastTxOk"":false,""txSeq"":0,""txCounter"":0,""aesKeyProvisioned"":true,""aesKeyPresent"":true,""aesKeySource"":""nvs"",""keyId"":1,""lastDownlinkCommandId"":0,""freqMHz"":920,""bwKHz"":125,""sf"":7,""cr"":5,""syncWord"":18,""txPowerDbm"":17,""preamble"":8,""tcxoVoltage"":1.600000024,""xtalVoltage"":0},""dataset"":{""state"":""idle"",""step"":""idle"",""label"":"""",""seq"":0,""targetSamples"":0,""sampleIntervalMs"":500,""maxDurationMs"":0,""useFanIntake"":true,""fanOnMs"":1000,""postFanSettleMs"":0,""nullingProfileId"":9,""queuePending"":0,""queueCapacity"":16,""queueEnqueued"":0,""queueDropped"":0,""publishFailCount"":0,""retryCount"":0,""retryFailCount"":0,""rejectedSamples"":0,""lastRejectReason"":""none"",""lastRejectChannel"":-1,""lastRejectOkFiniteCount"":0,""lastRejectStatus"":255,""lastRejectGain"":0,""lastRejectSaturated"":false},""recovery"":{""wifiReconnectCount"":0,""wifiReconnectFailCount"":0,""mqttReconnectCount"":0,""mqttConnectFailCount"":0,""lastMqttState"":0,""adsRecoveryCount"":0,""adsRecoveryFailCount"":0,""adsReadFailStreak"":0,""lastReason"":""none"",""lastRecoveryMs"":0,""bootRecoveryArmed"":false,""bootRecoveryDueMs"":0,""bootRecoveryReason"":""none"",""bootRecoveryNonAdsFailure"":false,""bootRecoveryRestartCount"":0},""nulling"":{""done"":false,""retryArmed"":false,""attemptCount"":0,""nextRetryMs"":0,""thresholdV"":9.999999747E-06,""minFinalV"":0},""telemetry"":{""valid"":true,""sampleMs"":6524031,""gasClass"":6,""gasName"":""CO2"",""confidence"":0,""alarm"":false,""sensorVoltage"":[0.108348347,0.004022542,0.004855854,-0.002617952,-0.007171812,-0.011615822,-0.019380108,-0.024774015],""sensorGain"":[32,64,64,64,64,64,64,64],""sensorStatus"":[0,0,0,0,0,0,0,0],""featureOrder"":[""MQ8"",""MQ135"",""MQ3"",""MQ5"",""MQ4"",""MQ7"",""MQ6"",""MQ2""]},""alarmLatched"":false}"
2026-08-04 11:09:48.775 +07:00,147.656,HOT_SWEEP_70,70,700,300,1,0,0.108326986,0.004022827,0.004842986,-0.00265385,-0.007573963,-0.0116018,-0.019402448,-0.024771428,"{""deviceId"":""1001"",""nodeId"":4097,""targetChId"":""0010"",""mode"":""inference"",""uptimeMs"":6525120,""debugEnabled"":true,""power"":{""mode"":""24v"",""externalPower"":true,""batteryMv"":65535,""batteryValid"":false,""batteryDetected"":false,""batterySenseStatus"":""not_detected"",""batteryLow"":false,""batteryCritical"":false,""sourceAmbiguous"":false,""serviceHoldActive"":false,""serviceHoldEffective"":false},""batterySession"":{""state"":""inactive"",""startedMs"":0,""stateStartedMs"":0,""validSampleBatches"":0,""requiredSampleBatches"":10,""alarmTxAttempts"":0,""alarmTxAttemptLimit"":3,""alarmAckReceived"":false,""pendingAlarm"":false,""pendingSaveRequired"":false,""persistenceFaultHold"":false,""completionReason"":""session_done""},""bootHealth"":{""adsReady"":true,""adsDrdyLevel"":0,""adsDrdyPulldownLevel"":0,""adsDrdyPullupLevel"":0,""adsMisoPulldownLevel"":0,""adsMisoPullupLevel"":1,""adsCsLevel"":1,""adsSyncLevel"":1,""adsStatus"":54,""adsMux"":15,""adsAdcon"":6,""adsDrate"":240,""adsReason"":""ok"",""tcaOk"":true,""mcpOkCount"":8,""mcpOk"":[true,true,true,true,true,true,true,true],""mcpAddrMask"":[1,1,1,1,1,1,1,1],""mcpControlTested"":true,""mcpControlOkCount"":8,""mcpControlOk"":[true,true,true,true,true,true,true,true],""dacReady"":true,""radioReady"":true,""mlReady"":true,""nullingProfileApplied"":true,""modelProfileReady"":false},""runtimeMcpCode"":[255,519,795,706,799,865,665,139],""model"":{""profileId"":""cnn-dualbranch-datasheet-v1-unbound"",""scalerProfileId"":""cnn-dualbranch-datasheet-v1-unbound"",""productionApproved"":true,""boundNullingProfileId"":8,""activeNullingProfileId"":9,""bindingValid"":true,""bindingModelMatches"":true,""profileReady"":false,""inferenceValid"":false,""sensorFault"":true},""lora"":{""beginState"":0,""lastTxState"":0,""lastTxOk"":false,""txSeq"":0,""txCounter"":0,""aesKeyProvisioned"":true,""aesKeyPresent"":true,""aesKeySource"":""nvs"",""keyId"":1,""lastDownlinkCommandId"":0,""freqMHz"":920,""bwKHz"":125,""sf"":7,""cr"":5,""syncWord"":18,""txPowerDbm"":17,""preamble"":8,""tcxoVoltage"":1.600000024,""xtalVoltage"":0},""dataset"":{""state"":""idle"",""step"":""idle"",""label"":"""",""seq"":0,""targetSamples"":0,""sampleIntervalMs"":500,""maxDurationMs"":0,""useFanIntake"":true,""fanOnMs"":1000,""postFanSettleMs"":0,""nullingProfileId"":9,""queuePending"":0,""queueCapacity"":16,""queueEnqueued"":0,""queueDropped"":0,""publishFailCount"":0,""retryCount"":0,""retryFailCount"":0,""rejectedSamples"":0,""lastRejectReason"":""none"",""lastRejectChannel"":-1,""lastRejectOkFiniteCount"":0,""lastRejectStatus"":255,""lastRejectGain"":0,""lastRejectSaturated"":false},""recovery"":{""wifiReconnectCount"":0,""wifiReconnectFailCount"":0,""mqttReconnectCount"":0,""mqttConnectFailCount"":0,""lastMqttState"":0,""adsRecoveryCount"":0,""adsRecoveryFailCount"":0,""adsReadFailStreak"":0,""lastReason"":""none"",""lastRecoveryMs"":0,""bootRecoveryArmed"":false,""bootRecoveryDueMs"":0,""bootRecoveryReason"":""none"",""bootRecoveryNonAdsFailure"":false,""bootRecoveryRestartCount"":0},""nulling"":{""done"":false,""retryArmed"":false,""attemptCount"":0,""nextRetryMs"":0,""thresholdV"":9.999999747E-06,""minFinalV"":0},""telemetry"":{""valid"":true,""sampleMs"":6524745,""gasClass"":6,""gasName"":""CO2"",""confidence"":0,""alarm"":false,""sensorVoltage"":[0.108326986,0.004022827,0.004842986,-0.00265385,-0.007573963,-0.0116018,-0.019402448,-0.024771428],""sensorGain"":[32,64,64,64,64,64,64,64],""sensorStatus"":[0,0,0,0,0,0,0,0],""featureOrder"":[""MQ8"",""MQ135"",""MQ3"",""MQ5"",""MQ4"",""MQ7"",""MQ6"",""MQ2""]},""alarmLatched"":false}"
2026-08-04 11:09:49.462 +07:00,148.341,HOT_SWEEP_70,70,700,300,1,0,0.107870504,0.004020219,0.004780395,-0.002660117,-0.007088104,-0.011603331,-0.019462097,-0.024767343,"{""deviceId"":""1001"",""nodeId"":4097,""targetChId"":""0010"",""mode"":""inference"",""uptimeMs"":6525802,""debugEnabled"":true,""power"":{""mode"":""24v"",""externalPower"":true,""batteryMv"":65535,""batteryValid"":false,""batteryDetected"":false,""batterySenseStatus"":""not_detected"",""batteryLow"":false,""batteryCritical"":false,""sourceAmbiguous"":false,""serviceHoldActive"":false,""serviceHoldEffective"":false},""batterySession"":{""state"":""inactive"",""startedMs"":0,""stateStartedMs"":0,""validSampleBatches"":0,""requiredSampleBatches"":10,""alarmTxAttempts"":0,""alarmTxAttemptLimit"":3,""alarmAckReceived"":false,""pendingAlarm"":false,""pendingSaveRequired"":false,""persistenceFaultHold"":false,""completionReason"":""session_done""},""bootHealth"":{""adsReady"":true,""adsDrdyLevel"":0,""adsDrdyPulldownLevel"":0,""adsDrdyPullupLevel"":0,""adsMisoPulldownLevel"":0,""adsMisoPullupLevel"":1,""adsCsLevel"":1,""adsSyncLevel"":1,""adsStatus"":54,""adsMux"":15,""adsAdcon"":6,""adsDrate"":240,""adsReason"":""ok"",""tcaOk"":true,""mcpOkCount"":8,""mcpOk"":[true,true,true,true,true,true,true,true],""mcpAddrMask"":[1,1,1,1,1,1,1,1],""mcpControlTested"":true,""mcpControlOkCount"":8,""mcpControlOk"":[true,true,true,true,true,true,true,true],""dacReady"":true,""radioReady"":true,""mlReady"":true,""nullingProfileApplied"":true,""modelProfileReady"":false},""runtimeMcpCode"":[255,519,795,706,799,865,665,139],""model"":{""profileId"":""cnn-dualbranch-datasheet-v1-unbound"",""scalerProfileId"":""cnn-dualbranch-datasheet-v1-unbound"",""productionApproved"":true,""boundNullingProfileId"":8,""activeNullingProfileId"":9,""bindingValid"":true,""bindingModelMatches"":true,""profileReady"":false,""inferenceValid"":false,""sensorFault"":true},""lora"":{""beginState"":0,""lastTxState"":0,""lastTxOk"":false,""txSeq"":0,""txCounter"":0,""aesKeyProvisioned"":true,""aesKeyPresent"":true,""aesKeySource"":""nvs"",""keyId"":1,""lastDownlinkCommandId"":0,""freqMHz"":920,""bwKHz"":125,""sf"":7,""cr"":5,""syncWord"":18,""txPowerDbm"":17,""preamble"":8,""tcxoVoltage"":1.600000024,""xtalVoltage"":0},""dataset"":{""state"":""idle"",""step"":""idle"",""label"":"""",""seq"":0,""targetSamples"":0,""sampleIntervalMs"":500,""maxDurationMs"":0,""useFanIntake"":true,""fanOnMs"":1000,""postFanSettleMs"":0,""nullingProfileId"":9,""queuePending"":0,""queueCapacity"":16,""queueEnqueued"":0,""queueDropped"":0,""publishFailCount"":0,""retryCount"":0,""retryFailCount"":0,""rejectedSamples"":0,""lastRejectReason"":""none"",""lastRejectChannel"":-1,""lastRejectOkFiniteCount"":0,""lastRejectStatus"":255,""lastRejectGain"":0,""lastRejectSaturated"":false},""recovery"":{""wifiReconnectCount"":0,""wifiReconnectFailCount"":0,""mqttReconnectCount"":0,""mqttConnectFailCount"":0,""lastMqttState"":0,""adsRecoveryCount"":0,""adsRecoveryFailCount"":0,""adsReadFailStreak"":0,""lastReason"":""none"",""lastRecoveryMs"":0,""bootRecoveryArmed"":false,""bootRecoveryDueMs"":0,""bootRecoveryReason"":""none"",""bootRecoveryNonAdsFailure"":false,""bootRecoveryRestartCount"":0},""nulling"":{""done"":false,""retryArmed"":false,""attemptCount"":0,""nextRetryMs"":0,""thresholdV"":9.999999747E-06,""minFinalV"":0},""telemetry"":{""valid"":true,""sampleMs"":6525398,""gasClass"":6,""gasName"":""CO2"",""confidence"":0,""alarm"":false,""sensorVoltage"":[0.107870504,0.004020219,0.004780395,-0.002660117,-0.007088104,-0.011603331,-0.019462097,-0.024767343],""sensorGain"":[32,64,64,64,64,64,64,64],""sensorStatus"":[0,0,0,0,0,0,0,0],""featureOrder"":[""MQ8"",""MQ135"",""MQ3"",""MQ5"",""MQ4"",""MQ7"",""MQ6"",""MQ2""]},""alarmLatched"":false}"
2026-08-04 11:09:50.146 +07:00,149.025,HOT_SWEEP_70,70,700,300,1,0,0.108902529,0.003976085,0.004739721,-0.002644307,-0.007040306,-0.01157738,-0.019467767,-0.024807092,"{""deviceId"":""1001"",""nodeId"":4097,""targetChId"":""0010"",""mode"":""inference"",""uptimeMs"":6526485,""debugEnabled"":true,""power"":{""mode"":""24v"",""externalPower"":true,""batteryMv"":65535,""batteryValid"":false,""batteryDetected"":false,""batterySenseStatus"":""not_detected"",""batteryLow"":false,""batteryCritical"":false,""sourceAmbiguous"":false,""serviceHoldActive"":false,""serviceHoldEffective"":false},""batterySession"":{""state"":""inactive"",""startedMs"":0,""stateStartedMs"":0,""validSampleBatches"":0,""requiredSampleBatches"":10,""alarmTxAttempts"":0,""alarmTxAttemptLimit"":3,""alarmAckReceived"":false,""pendingAlarm"":false,""pendingSaveRequired"":false,""persistenceFaultHold"":false,""completionReason"":""session_done""},""bootHealth"":{""adsReady"":true,""adsDrdyLevel"":0,""adsDrdyPulldownLevel"":0,""adsDrdyPullupLevel"":0,""adsMisoPulldownLevel"":0,""adsMisoPullupLevel"":1,""adsCsLevel"":1,""adsSyncLevel"":1,""adsStatus"":54,""adsMux"":15,""adsAdcon"":6,""adsDrate"":240,""adsReason"":""ok"",""tcaOk"":true,""mcpOkCount"":8,""mcpOk"":[true,true,true,true,true,true,true,true],""mcpAddrMask"":[1,1,1,1,1,1,1,1],""mcpControlTested"":true,""mcpControlOkCount"":8,""mcpControlOk"":[true,true,true,true,true,true,true,true],""dacReady"":true,""radioReady"":true,""mlReady"":true,""nullingProfileApplied"":true,""modelProfileReady"":false},""runtimeMcpCode"":[255,519,795,706,799,865,665,139],""model"":{""profileId"":""cnn-dualbranch-datasheet-v1-unbound"",""scalerProfileId"":""cnn-dualbranch-datasheet-v1-unbound"",""productionApproved"":true,""boundNullingProfileId"":8,""activeNullingProfileId"":9,""bindingValid"":true,""bindingModelMatches"":true,""profileReady"":false,""inferenceValid"":false,""sensorFault"":true},""lora"":{""beginState"":0,""lastTxState"":0,""lastTxOk"":false,""txSeq"":0,""txCounter"":0,""aesKeyProvisioned"":true,""aesKeyPresent"":true,""aesKeySource"":""nvs"",""keyId"":1,""lastDownlinkCommandId"":0,""freqMHz"":920,""bwKHz"":125,""sf"":7,""cr"":5,""syncWord"":18,""txPowerDbm"":17,""preamble"":8,""tcxoVoltage"":1.600000024,""xtalVoltage"":0},""dataset"":{""state"":""idle"",""step"":""idle"",""label"":"""",""seq"":0,""targetSamples"":0,""sampleIntervalMs"":500,""maxDurationMs"":0,""useFanIntake"":true,""fanOnMs"":1000,""postFanSettleMs"":0,""nullingProfileId"":9,""queuePending"":0,""queueCapacity"":16,""queueEnqueued"":0,""queueDropped"":0,""publishFailCount"":0,""retryCount"":0,""retryFailCount"":0,""rejectedSamples"":0,""lastRejectReason"":""none"",""lastRejectChannel"":-1,""lastRejectOkFiniteCount"":0,""lastRejectStatus"":255,""lastRejectGain"":0,""lastRejectSaturated"":false},""recovery"":{""wifiReconnectCount"":0,""wifiReconnectFailCount"":0,""mqttReconnectCount"":0,""mqttConnectFailCount"":0,""lastMqttState"":0,""adsRecoveryCount"":0,""adsRecoveryFailCount"":0,""adsReadFailStreak"":0,""lastReason"":""none"",""lastRecoveryMs"":0,""bootRecoveryArmed"":false,""bootRecoveryDueMs"":0,""bootRecoveryReason"":""none"",""bootRecoveryNonAdsFailure"":false,""bootRecoveryRestartCount"":0},""nulling"":{""done"":false,""retryArmed"":false,""attemptCount"":0,""nextRetryMs"":0,""thresholdV"":9.999999747E-06,""minFinalV"":0},""telemetry"":{""valid"":true,""sampleMs"":6526080,""gasClass"":6,""gasName"":""CO2"",""confidence"":0,""alarm"":false,""sensorVoltage"":[0.108902529,0.003976085,0.004739721,-0.002644307,-0.007040306,-0.01157738,-0.019467767,-0.024807092],""sensorGain"":[32,64,64,64,64,64,64,64],""sensorStatus"":[0,0,0,0,0,0,0,0],""featureOrder"":[""MQ8"",""MQ135"",""MQ3"",""MQ5"",""MQ4"",""MQ7"",""MQ6"",""MQ2""]},""alarmLatched"":false}"
2026-08-04 11:09:50.835 +07:00,149.706,HOT_SWEEP_70,70,700,300,1,0,0.108711042,0.004032386,0.004719848,-0.002637591,-0.007088867,-0.01161081,-0.019498715,-0.024746589,"{""deviceId"":""1001"",""nodeId"":4097,""targetChId"":""0010"",""mode"":""inference"",""uptimeMs"":6527174,""debugEnabled"":true,""power"":{""mode"":""24v"",""externalPower"":true,""batteryMv"":65535,""batteryValid"":false,""batteryDetected"":false,""batterySenseStatus"":""not_detected"",""batteryLow"":false,""batteryCritical"":false,""sourceAmbiguous"":false,""serviceHoldActive"":false,""serviceHoldEffective"":false},""batterySession"":{""state"":""inactive"",""startedMs"":0,""stateStartedMs"":0,""validSampleBatches"":0,""requiredSampleBatches"":10,""alarmTxAttempts"":0,""alarmTxAttemptLimit"":3,""alarmAckReceived"":false,""pendingAlarm"":false,""pendingSaveRequired"":false,""persistenceFaultHold"":false,""completionReason"":""session_done""},""bootHealth"":{""adsReady"":true,""adsDrdyLevel"":0,""adsDrdyPulldownLevel"":0,""adsDrdyPullupLevel"":0,""adsMisoPulldownLevel"":0,""adsMisoPullupLevel"":1,""adsCsLevel"":1,""adsSyncLevel"":1,""adsStatus"":54,""adsMux"":15,""adsAdcon"":6,""adsDrate"":240,""adsReason"":""ok"",""tcaOk"":true,""mcpOkCount"":8,""mcpOk"":[true,true,true,true,true,true,true,true],""mcpAddrMask"":[1,1,1,1,1,1,1,1],""mcpControlTested"":true,""mcpControlOkCount"":8,""mcpControlOk"":[true,true,true,true,true,true,true,true],""dacReady"":true,""radioReady"":true,""mlReady"":true,""nullingProfileApplied"":true,""modelProfileReady"":false},""runtimeMcpCode"":[255,519,795,706,799,865,665,139],""model"":{""profileId"":""cnn-dualbranch-datasheet-v1-unbound"",""scalerProfileId"":""cnn-dualbranch-datasheet-v1-unbound"",""productionApproved"":true,""boundNullingProfileId"":8,""activeNullingProfileId"":9,""bindingValid"":true,""bindingModelMatches"":true,""profileReady"":false,""inferenceValid"":false,""sensorFault"":true},""lora"":{""beginState"":0,""lastTxState"":0,""lastTxOk"":false,""txSeq"":0,""txCounter"":0,""aesKeyProvisioned"":true,""aesKeyPresent"":true,""aesKeySource"":""nvs"",""keyId"":1,""lastDownlinkCommandId"":0,""freqMHz"":920,""bwKHz"":125,""sf"":7,""cr"":5,""syncWord"":18,""txPowerDbm"":17,""preamble"":8,""tcxoVoltage"":1.600000024,""xtalVoltage"":0},""dataset"":{""state"":""idle"",""step"":""idle"",""label"":"""",""seq"":0,""targetSamples"":0,""sampleIntervalMs"":500,""maxDurationMs"":0,""useFanIntake"":true,""fanOnMs"":1000,""postFanSettleMs"":0,""nullingProfileId"":9,""queuePending"":0,""queueCapacity"":16,""queueEnqueued"":0,""queueDropped"":0,""publishFailCount"":0,""retryCount"":0,""retryFailCount"":0,""rejectedSamples"":0,""lastRejectReason"":""none"",""lastRejectChannel"":-1,""lastRejectOkFiniteCount"":0,""lastRejectStatus"":255,""lastRejectGain"":0,""lastRejectSaturated"":false},""recovery"":{""wifiReconnectCount"":0,""wifiReconnectFailCount"":0,""mqttReconnectCount"":0,""mqttConnectFailCount"":0,""lastMqttState"":0,""adsRecoveryCount"":0,""adsRecoveryFailCount"":0,""adsReadFailStreak"":0,""lastReason"":""none"",""lastRecoveryMs"":0,""bootRecoveryArmed"":false,""bootRecoveryDueMs"":0,""bootRecoveryReason"":""none"",""bootRecoveryNonAdsFailure"":false,""bootRecoveryRestartCount"":0},""nulling"":{""done"":false,""retryArmed"":false,""attemptCount"":0,""nextRetryMs"":0,""thresholdV"":9.999999747E-06,""minFinalV"":0},""telemetry"":{""valid"":true,""sampleMs"":6526795,""gasClass"":6,""gasName"":""CO2"",""confidence"":0,""alarm"":false,""sensorVoltage"":[0.108711042,0.004032386,0.004719848,-0.002637591,-0.007088867,-0.01161081,-0.019498715,-0.024746589],""sensorGain"":[32,64,64,64,64,64,64,64],""sensorStatus"":[0,0,0,0,0,0,0,0],""featureOrder"":[""MQ8"",""MQ135"",""MQ3"",""MQ5"",""MQ4"",""MQ7"",""MQ6"",""MQ2""]},""alarmLatched"":false}"
2026-08-04 11:09:51.531 +07:00,150.408,HOT_SWEEP_70,70,700,300,1,0,0.10837432,0.00402564,0.00474331,-0.002634876,-0.0059205,-0.011492563,-0.019558325,-0.024752077,"{""deviceId"":""1001"",""nodeId"":4097,""targetChId"":""0010"",""mode"":""inference"",""uptimeMs"":6527868,""debugEnabled"":true,""power"":{""mode"":""24v"",""externalPower"":true,""batteryMv"":65535,""batteryValid"":false,""batteryDetected"":false,""batterySenseStatus"":""not_detected"",""batteryLow"":false,""batteryCritical"":false,""sourceAmbiguous"":false,""serviceHoldActive"":false,""serviceHoldEffective"":false},""batterySession"":{""state"":""inactive"",""startedMs"":0,""stateStartedMs"":0,""validSampleBatches"":0,""requiredSampleBatches"":10,""alarmTxAttempts"":0,""alarmTxAttemptLimit"":3,""alarmAckReceived"":false,""pendingAlarm"":false,""pendingSaveRequired"":false,""persistenceFaultHold"":false,""completionReason"":""session_done""},""bootHealth"":{""adsReady"":true,""adsDrdyLevel"":0,""adsDrdyPulldownLevel"":0,""adsDrdyPullupLevel"":0,""adsMisoPulldownLevel"":0,""adsMisoPullupLevel"":1,""adsCsLevel"":1,""adsSyncLevel"":1,""adsStatus"":54,""adsMux"":15,""adsAdcon"":6,""adsDrate"":240,""adsReason"":""ok"",""tcaOk"":true,""mcpOkCount"":8,""mcpOk"":[true,true,true,true,true,true,true,true],""mcpAddrMask"":[1,1,1,1,1,1,1,1],""mcpControlTested"":true,""mcpControlOkCount"":8,""mcpControlOk"":[true,true,true,true,true,true,true,true],""dacReady"":true,""radioReady"":true,""mlReady"":true,""nullingProfileApplied"":true,""modelProfileReady"":false},""runtimeMcpCode"":[255,519,795,706,799,865,665,139],""model"":{""profileId"":""cnn-dualbranch-datasheet-v1-unbound"",""scalerProfileId"":""cnn-dualbranch-datasheet-v1-unbound"",""productionApproved"":true,""boundNullingProfileId"":8,""activeNullingProfileId"":9,""bindingValid"":true,""bindingModelMatches"":true,""profileReady"":false,""inferenceValid"":false,""sensorFault"":true},""lora"":{""beginState"":0,""lastTxState"":0,""lastTxOk"":false,""txSeq"":0,""txCounter"":0,""aesKeyProvisioned"":true,""aesKeyPresent"":true,""aesKeySource"":""nvs"",""keyId"":1,""lastDownlinkCommandId"":0,""freqMHz"":920,""bwKHz"":125,""sf"":7,""cr"":5,""syncWord"":18,""txPowerDbm"":17,""preamble"":8,""tcxoVoltage"":1.600000024,""xtalVoltage"":0},""dataset"":{""state"":""idle"",""step"":""idle"",""label"":"""",""seq"":0,""targetSamples"":0,""sampleIntervalMs"":500,""maxDurationMs"":0,""useFanIntake"":true,""fanOnMs"":1000,""postFanSettleMs"":0,""nullingProfileId"":9,""queuePending"":0,""queueCapacity"":16,""queueEnqueued"":0,""queueDropped"":0,""publishFailCount"":0,""retryCount"":0,""retryFailCount"":0,""rejectedSamples"":0,""lastRejectReason"":""none"",""lastRejectChannel"":-1,""lastRejectOkFiniteCount"":0,""lastRejectStatus"":255,""lastRejectGain"":0,""lastRejectSaturated"":false},""recovery"":{""wifiReconnectCount"":0,""wifiReconnectFailCount"":0,""mqttReconnectCount"":0,""mqttConnectFailCount"":0,""lastMqttState"":0,""adsRecoveryCount"":0,""adsRecoveryFailCount"":0,""adsReadFailStreak"":0,""lastReason"":""none"",""lastRecoveryMs"":0,""bootRecoveryArmed"":false,""bootRecoveryDueMs"":0,""bootRecoveryReason"":""none"",""bootRecoveryNonAdsFailure"":false,""bootRecoveryRestartCount"":0},""nulling"":{""done"":false,""retryArmed"":false,""attemptCount"":0,""nextRetryMs"":0,""thresholdV"":9.999999747E-06,""minFinalV"":0},""telemetry"":{""valid"":true,""sampleMs"":6527457,""gasClass"":6,""gasName"":""CO2"",""confidence"":0,""alarm"":false,""sensorVoltage"":[0.10837432,0.00402564,0.00474331,-0.002634876,-0.0059205,-0.011492563,-0.019558325,-0.024752077],""sensorGain"":[32,64,64,64,64,64,64,64],""sensorStatus"":[0,0,0,0,0,0,0,0],""featureOrder"":[""MQ8"",""MQ135"",""MQ3"",""MQ5"",""MQ4"",""MQ7"",""MQ6"",""MQ2""]},""alarmLatched"":false}"
2026-08-04 11:09:52.257 +07:00,151.135,HOT_SWEEP_70,70,700,300,1,0,0.109048106,0.004025585,0.004747425,-0.002640996,-0.005910263,-0.011514893,-0.019500444,-0.024744391,"{""deviceId"":""1001"",""nodeId"":4097,""targetChId"":""0010"",""mode"":""inference"",""uptimeMs"":6528589,""debugEnabled"":true,""power"":{""mode"":""24v"",""externalPower"":true,""batteryMv"":65535,""batteryValid"":false,""batteryDetected"":false,""batterySenseStatus"":""not_detected"",""batteryLow"":false,""batteryCritical"":false,""sourceAmbiguous"":false,""serviceHoldActive"":false,""serviceHoldEffective"":false},""batterySession"":{""state"":""inactive"",""startedMs"":0,""stateStartedMs"":0,""validSampleBatches"":0,""requiredSampleBatches"":10,""alarmTxAttempts"":0,""alarmTxAttemptLimit"":3,""alarmAckReceived"":false,""pendingAlarm"":false,""pendingSaveRequired"":false,""persistenceFaultHold"":false,""completionReason"":""session_done""},""bootHealth"":{""adsReady"":true,""adsDrdyLevel"":0,""adsDrdyPulldownLevel"":0,""adsDrdyPullupLevel"":0,""adsMisoPulldownLevel"":0,""adsMisoPullupLevel"":1,""adsCsLevel"":1,""adsSyncLevel"":1,""adsStatus"":54,""adsMux"":15,""adsAdcon"":6,""adsDrate"":240,""adsReason"":""ok"",""tcaOk"":true,""mcpOkCount"":8,""mcpOk"":[true,true,true,true,true,true,true,true],""mcpAddrMask"":[1,1,1,1,1,1,1,1],""mcpControlTested"":true,""mcpControlOkCount"":8,""mcpControlOk"":[true,true,true,true,true,true,true,true],""dacReady"":true,""radioReady"":true,""mlReady"":true,""nullingProfileApplied"":true,""modelProfileReady"":false},""runtimeMcpCode"":[255,519,795,706,799,865,665,139],""model"":{""profileId"":""cnn-dualbranch-datasheet-v1-unbound"",""scalerProfileId"":""cnn-dualbranch-datasheet-v1-unbound"",""productionApproved"":true,""boundNullingProfileId"":8,""activeNullingProfileId"":9,""bindingValid"":true,""bindingModelMatches"":true,""profileReady"":false,""inferenceValid"":false,""sensorFault"":true},""lora"":{""beginState"":0,""lastTxState"":0,""lastTxOk"":false,""txSeq"":0,""txCounter"":0,""aesKeyProvisioned"":true,""aesKeyPresent"":true,""aesKeySource"":""nvs"",""keyId"":1,""lastDownlinkCommandId"":0,""freqMHz"":920,""bwKHz"":125,""sf"":7,""cr"":5,""syncWord"":18,""txPowerDbm"":17,""preamble"":8,""tcxoVoltage"":1.600000024,""xtalVoltage"":0},""dataset"":{""state"":""idle"",""step"":""idle"",""label"":"""",""seq"":0,""targetSamples"":0,""sampleIntervalMs"":500,""maxDurationMs"":0,""useFanIntake"":true,""fanOnMs"":1000,""postFanSettleMs"":0,""nullingProfileId"":9,""queuePending"":0,""queueCapacity"":16,""queueEnqueued"":0,""queueDropped"":0,""publishFailCount"":0,""retryCount"":0,""retryFailCount"":0,""rejectedSamples"":0,""lastRejectReason"":""none"",""lastRejectChannel"":-1,""lastRejectOkFiniteCount"":0,""lastRejectStatus"":255,""lastRejectGain"":0,""lastRejectSaturated"":false},""recovery"":{""wifiReconnectCount"":0,""wifiReconnectFailCount"":0,""mqttReconnectCount"":0,""mqttConnectFailCount"":0,""lastMqttState"":0,""adsRecoveryCount"":0,""adsRecoveryFailCount"":0,""adsReadFailStreak"":0,""lastReason"":""none"",""lastRecoveryMs"":0,""bootRecoveryArmed"":false,""bootRecoveryDueMs"":0,""bootRecoveryReason"":""none"",""bootRecoveryNonAdsFailure"":false,""bootRecoveryRestartCount"":0},""nulling"":{""done"":false,""retryArmed"":false,""attemptCount"":0,""nextRetryMs"":0,""thresholdV"":9.999999747E-06,""minFinalV"":0},""telemetry"":{""valid"":true,""sampleMs"":6528146,""gasClass"":6,""gasName"":""CO2"",""confidence"":0,""alarm"":false,""sensorVoltage"":[0.109048106,0.004025585,0.004747425,-0.002640996,-0.005910263,-0.011514893,-0.019500444,-0.024744391],""sensorGain"":[32,64,64,64,64,64,64,64],""sensorStatus"":[0,0,0,0,0,0,0,0],""featureOrder"":[""MQ8"",""MQ135"",""MQ3"",""MQ5"",""MQ4"",""MQ7"",""MQ6"",""MQ2""]},""alarmLatched"":false}"
2026-08-04 11:09:52.943 +07:00,151.824,HOT_SWEEP_70,70,700,300,1,0,0.109412275,0.004000257,0.004733504,-0.002628369,-0.006762029,-0.011474248,-0.019501813,-0.024756227,"{""deviceId"":""1001"",""nodeId"":4097,""targetChId"":""0010"",""mode"":""inference"",""uptimeMs"":6529284,""debugEnabled"":true,""power"":{""mode"":""24v"",""externalPower"":true,""batteryMv"":65535,""batteryValid"":false,""batteryDetected"":false,""batterySenseStatus"":""not_detected"",""batteryLow"":false,""batteryCritical"":false,""sourceAmbiguous"":false,""serviceHoldActive"":false,""serviceHoldEffective"":false},""batterySession"":{""state"":""inactive"",""startedMs"":0,""stateStartedMs"":0,""validSampleBatches"":0,""requiredSampleBatches"":10,""alarmTxAttempts"":0,""alarmTxAttemptLimit"":3,""alarmAckReceived"":false,""pendingAlarm"":false,""pendingSaveRequired"":false,""persistenceFaultHold"":false,""completionReason"":""session_done""},""bootHealth"":{""adsReady"":true,""adsDrdyLevel"":0,""adsDrdyPulldownLevel"":0,""adsDrdyPullupLevel"":0,""adsMisoPulldownLevel"":0,""adsMisoPullupLevel"":1,""adsCsLevel"":1,""adsSyncLevel"":1,""adsStatus"":54,""adsMux"":15,""adsAdcon"":6,""adsDrate"":240,""adsReason"":""ok"",""tcaOk"":true,""mcpOkCount"":8,""mcpOk"":[true,true,true,true,true,true,true,true],""mcpAddrMask"":[1,1,1,1,1,1,1,1],""mcpControlTested"":true,""mcpControlOkCount"":8,""mcpControlOk"":[true,true,true,true,true,true,true,true],""dacReady"":true,""radioReady"":true,""mlReady"":true,""nullingProfileApplied"":true,""modelProfileReady"":false},""runtimeMcpCode"":[255,519,795,706,799,865,665,139],""model"":{""profileId"":""cnn-dualbranch-datasheet-v1-unbound"",""scalerProfileId"":""cnn-dualbranch-datasheet-v1-unbound"",""productionApproved"":true,""boundNullingProfileId"":8,""activeNullingProfileId"":9,""bindingValid"":true,""bindingModelMatches"":true,""profileReady"":false,""inferenceValid"":false,""sensorFault"":true},""lora"":{""beginState"":0,""lastTxState"":0,""lastTxOk"":false,""txSeq"":0,""txCounter"":0,""aesKeyProvisioned"":true,""aesKeyPresent"":true,""aesKeySource"":""nvs"",""keyId"":1,""lastDownlinkCommandId"":0,""freqMHz"":920,""bwKHz"":125,""sf"":7,""cr"":5,""syncWord"":18,""txPowerDbm"":17,""preamble"":8,""tcxoVoltage"":1.600000024,""xtalVoltage"":0},""dataset"":{""state"":""idle"",""step"":""idle"",""label"":"""",""seq"":0,""targetSamples"":0,""sampleIntervalMs"":500,""maxDurationMs"":0,""useFanIntake"":true,""fanOnMs"":1000,""postFanSettleMs"":0,""nullingProfileId"":9,""queuePending"":0,""queueCapacity"":16,""queueEnqueued"":0,""queueDropped"":0,""publishFailCount"":0,""retryCount"":0,""retryFailCount"":0,""rejectedSamples"":0,""lastRejectReason"":""none"",""lastRejectChannel"":-1,""lastRejectOkFiniteCount"":0,""lastRejectStatus"":255,""lastRejectGain"":0,""lastRejectSaturated"":false},""recovery"":{""wifiReconnectCount"":0,""wifiReconnectFailCount"":0,""mqttReconnectCount"":0,""mqttConnectFailCount"":0,""lastMqttState"":0,""adsRecoveryCount"":0,""adsRecoveryFailCount"":0,""adsReadFailStreak"":0,""lastReason"":""none"",""lastRecoveryMs"":0,""bootRecoveryArmed"":false,""bootRecoveryDueMs"":0,""bootRecoveryReason"":""none"",""bootRecoveryNonAdsFailure"":false,""bootRecoveryRestartCount"":0},""nulling"":{""done"":false,""retryArmed"":false,""attemptCount"":0,""nextRetryMs"":0,""thresholdV"":9.999999747E-06,""minFinalV"":0},""telemetry"":{""valid"":true,""sampleMs"":6528899,""gasClass"":6,""gasName"":""CO2"",""confidence"":0,""alarm"":false,""sensorVoltage"":[0.109412275,0.004000257,0.004733504,-0.002628369,-0.006762029,-0.011474248,-0.019501813,-0.024756227],""sensorGain"":[32,64,64,64,64,64,64,64],""sensorStatus"":[0,0,0,0,0,0,0,0],""featureOrder"":[""MQ8"",""MQ135"",""MQ3"",""MQ5"",""MQ4"",""MQ7"",""MQ6"",""MQ2""]},""alarmLatched"":false}"
2026-08-04 11:09:53.633 +07:00,152.513,HOT_SWEEP_70,70,700,300,1,0,0.109122612,0.003969083,0.0047317,-0.002537116,-0.006589838,-0.011464877,-0.019524947,-0.025192693,"{""deviceId"":""1001"",""nodeId"":4097,""targetChId"":""0010"",""mode"":""inference"",""uptimeMs"":6529973,""debugEnabled"":true,""power"":{""mode"":""24v"",""externalPower"":true,""batteryMv"":65535,""batteryValid"":false,""batteryDetected"":false,""batterySenseStatus"":""not_detected"",""batteryLow"":false,""batteryCritical"":false,""sourceAmbiguous"":false,""serviceHoldActive"":false,""serviceHoldEffective"":false},""batterySession"":{""state"":""inactive"",""startedMs"":0,""stateStartedMs"":0,""validSampleBatches"":0,""requiredSampleBatches"":10,""alarmTxAttempts"":0,""alarmTxAttemptLimit"":3,""alarmAckReceived"":false,""pendingAlarm"":false,""pendingSaveRequired"":false,""persistenceFaultHold"":false,""completionReason"":""session_done""},""bootHealth"":{""adsReady"":true,""adsDrdyLevel"":0,""adsDrdyPulldownLevel"":0,""adsDrdyPullupLevel"":0,""adsMisoPulldownLevel"":0,""adsMisoPullupLevel"":1,""adsCsLevel"":1,""adsSyncLevel"":1,""adsStatus"":54,""adsMux"":15,""adsAdcon"":6,""adsDrate"":240,""adsReason"":""ok"",""tcaOk"":true,""mcpOkCount"":8,""mcpOk"":[true,true,true,true,true,true,true,true],""mcpAddrMask"":[1,1,1,1,1,1,1,1],""mcpControlTested"":true,""mcpControlOkCount"":8,""mcpControlOk"":[true,true,true,true,true,true,true,true],""dacReady"":true,""radioReady"":true,""mlReady"":true,""nullingProfileApplied"":true,""modelProfileReady"":false},""runtimeMcpCode"":[255,519,795,706,799,865,665,139],""model"":{""profileId"":""cnn-dualbranch-datasheet-v1-unbound"",""scalerProfileId"":""cnn-dualbranch-datasheet-v1-unbound"",""productionApproved"":true,""boundNullingProfileId"":8,""activeNullingProfileId"":9,""bindingValid"":true,""bindingModelMatches"":true,""profileReady"":false,""inferenceValid"":false,""sensorFault"":true},""lora"":{""beginState"":0,""lastTxState"":0,""lastTxOk"":false,""txSeq"":0,""txCounter"":0,""aesKeyProvisioned"":true,""aesKeyPresent"":true,""aesKeySource"":""nvs"",""keyId"":1,""lastDownlinkCommandId"":0,""freqMHz"":920,""bwKHz"":125,""sf"":7,""cr"":5,""syncWord"":18,""txPowerDbm"":17,""preamble"":8,""tcxoVoltage"":1.600000024,""xtalVoltage"":0},""dataset"":{""state"":""idle"",""step"":""idle"",""label"":"""",""seq"":0,""targetSamples"":0,""sampleIntervalMs"":500,""maxDurationMs"":0,""useFanIntake"":true,""fanOnMs"":1000,""postFanSettleMs"":0,""nullingProfileId"":9,""queuePending"":0,""queueCapacity"":16,""queueEnqueued"":0,""queueDropped"":0,""publishFailCount"":0,""retryCount"":0,""retryFailCount"":0,""rejectedSamples"":0,""lastRejectReason"":""none"",""lastRejectChannel"":-1,""lastRejectOkFiniteCount"":0,""lastRejectStatus"":255,""lastRejectGain"":0,""lastRejectSaturated"":false},""recovery"":{""wifiReconnectCount"":0,""wifiReconnectFailCount"":0,""mqttReconnectCount"":0,""mqttConnectFailCount"":0,""lastMqttState"":0,""adsRecoveryCount"":0,""adsRecoveryFailCount"":0,""adsReadFailStreak"":0,""lastReason"":""none"",""lastRecoveryMs"":0,""bootRecoveryArmed"":false,""bootRecoveryDueMs"":0,""bootRecoveryReason"":""none"",""bootRecoveryNonAdsFailure"":false,""bootRecoveryRestartCount"":0},""nulling"":{""done"":false,""retryArmed"":false,""attemptCount"":0,""nextRetryMs"":0,""thresholdV"":9.999999747E-06,""minFinalV"":0},""telemetry"":{""valid"":true,""sampleMs"":6529562,""gasClass"":6,""gasName"":""CO2"",""confidence"":0,""alarm"":false,""sensorVoltage"":[0.109122612,0.003969083,0.0047317,-0.002537116,-0.006589838,-0.011464877,-0.019524947,-0.025192693],""sensorGain"":[32,64,64,64,64,64,64,64],""sensorStatus"":[0,0,0,0,0,0,0,0],""featureOrder"":[""MQ8"",""MQ135"",""MQ3"",""MQ5"",""MQ4"",""MQ7"",""MQ6"",""MQ2""]},""alarmLatched"":false}"
2026-08-04 11:09:54.324 +07:00,153.205,HOT_SWEEP_70,70,700,300,1,0,0.109218717,0.003969524,0.004659376,-0.002543469,-0.006595378,-0.011486541,-0.019505236,-0.025114004,"{""deviceId"":""1001"",""nodeId"":4097,""targetChId"":""0010"",""mode"":""inference"",""uptimeMs"":6530665,""debugEnabled"":true,""power"":{""mode"":""24v"",""externalPower"":true,""batteryMv"":65535,""batteryValid"":false,""batteryDetected"":false,""batterySenseStatus"":""not_detected"",""batteryLow"":false,""batteryCritical"":false,""sourceAmbiguous"":false,""serviceHoldActive"":false,""serviceHoldEffective"":false},""batterySession"":{""state"":""inactive"",""startedMs"":0,""stateStartedMs"":0,""validSampleBatches"":0,""requiredSampleBatches"":10,""alarmTxAttempts"":0,""alarmTxAttemptLimit"":3,""alarmAckReceived"":false,""pendingAlarm"":false,""pendingSaveRequired"":false,""persistenceFaultHold"":false,""completionReason"":""session_done""},""bootHealth"":{""adsReady"":true,""adsDrdyLevel"":0,""adsDrdyPulldownLevel"":0,""adsDrdyPullupLevel"":0,""adsMisoPulldownLevel"":0,""adsMisoPullupLevel"":1,""adsCsLevel"":1,""adsSyncLevel"":1,""adsStatus"":54,""adsMux"":15,""adsAdcon"":6,""adsDrate"":240,""adsReason"":""ok"",""tcaOk"":true,""mcpOkCount"":8,""mcpOk"":[true,true,true,true,true,true,true,true],""mcpAddrMask"":[1,1,1,1,1,1,1,1],""mcpControlTested"":true,""mcpControlOkCount"":8,""mcpControlOk"":[true,true,true,true,true,true,true,true],""dacReady"":true,""radioReady"":true,""mlReady"":true,""nullingProfileApplied"":true,""modelProfileReady"":false},""runtimeMcpCode"":[255,519,795,706,799,865,665,139],""model"":{""profileId"":""cnn-dualbranch-datasheet-v1-unbound"",""scalerProfileId"":""cnn-dualbranch-datasheet-v1-unbound"",""productionApproved"":true,""boundNullingProfileId"":8,""activeNullingProfileId"":9,""bindingValid"":true,""bindingModelMatches"":true,""profileReady"":false,""inferenceValid"":false,""sensorFault"":true},""lora"":{""beginState"":0,""lastTxState"":0,""lastTxOk"":false,""txSeq"":0,""txCounter"":0,""aesKeyProvisioned"":true,""aesKeyPresent"":true,""aesKeySource"":""nvs"",""keyId"":1,""lastDownlinkCommandId"":0,""freqMHz"":920,""bwKHz"":125,""sf"":7,""cr"":5,""syncWord"":18,""txPowerDbm"":17,""preamble"":8,""tcxoVoltage"":1.600000024,""xtalVoltage"":0},""dataset"":{""state"":""idle"",""step"":""idle"",""label"":"""",""seq"":0,""targetSamples"":0,""sampleIntervalMs"":500,""maxDurationMs"":0,""useFanIntake"":true,""fanOnMs"":1000,""postFanSettleMs"":0,""nullingProfileId"":9,""queuePending"":0,""queueCapacity"":16,""queueEnqueued"":0,""queueDropped"":0,""publishFailCount"":0,""retryCount"":0,""retryFailCount"":0,""rejectedSamples"":0,""lastRejectReason"":""none"",""lastRejectChannel"":-1,""lastRejectOkFiniteCount"":0,""lastRejectStatus"":255,""lastRejectGain"":0,""lastRejectSaturated"":false},""recovery"":{""wifiReconnectCount"":0,""wifiReconnectFailCount"":0,""mqttReconnectCount"":0,""mqttConnectFailCount"":0,""lastMqttState"":0,""adsRecoveryCount"":0,""adsRecoveryFailCount"":0,""adsReadFailStreak"":0,""lastReason"":""none"",""lastRecoveryMs"":0,""bootRecoveryArmed"":false,""bootRecoveryDueMs"":0,""bootRecoveryReason"":""none"",""bootRecoveryNonAdsFailure"":false,""bootRecoveryRestartCount"":0},""nulling"":{""done"":false,""retryArmed"":false,""attemptCount"":0,""nextRetryMs"":0,""thresholdV"":9.999999747E-06,""minFinalV"":0},""telemetry"":{""valid"":true,""sampleMs"":6530251,""gasClass"":6,""gasName"":""CO2"",""confidence"":0,""alarm"":false,""sensorVoltage"":[0.109218717,0.003969524,0.004659376,-0.002543469,-0.006595378,-0.011486541,-0.019505236,-0.025114004],""sensorGain"":[32,64,64,64,64,64,64,64],""sensorStatus"":[0,0,0,0,0,0,0,0],""featureOrder"":[""MQ8"",""MQ135"",""MQ3"",""MQ5"",""MQ4"",""MQ7"",""MQ6"",""MQ2""]},""alarmLatched"":false}"
2026-08-04 11:09:55.016 +07:00,153.895,HOT_SWEEP_70,70,700,300,1,0,0.109679803,0.00390707,0.00468351,-0.002471133,-0.006635187,-0.011229435,-0.019115252,-0.0247149,"{""deviceId"":""1001"",""nodeId"":4097,""targetChId"":""0010"",""mode"":""inference"",""uptimeMs"":6531356,""debugEnabled"":true,""power"":{""mode"":""24v"",""externalPower"":true,""batteryMv"":65535,""batteryValid"":false,""batteryDetected"":false,""batterySenseStatus"":""not_detected"",""batteryLow"":false,""batteryCritical"":false,""sourceAmbiguous"":false,""serviceHoldActive"":false,""serviceHoldEffective"":false},""batterySession"":{""state"":""inactive"",""startedMs"":0,""stateStartedMs"":0,""validSampleBatches"":0,""requiredSampleBatches"":10,""alarmTxAttempts"":0,""alarmTxAttemptLimit"":3,""alarmAckReceived"":false,""pendingAlarm"":false,""pendingSaveRequired"":false,""persistenceFaultHold"":false,""completionReason"":""session_done""},""bootHealth"":{""adsReady"":true,""adsDrdyLevel"":0,""adsDrdyPulldownLevel"":0,""adsDrdyPullupLevel"":0,""adsMisoPulldownLevel"":0,""adsMisoPullupLevel"":1,""adsCsLevel"":1,""adsSyncLevel"":1,""adsStatus"":54,""adsMux"":15,""adsAdcon"":6,""adsDrate"":240,""adsReason"":""ok"",""tcaOk"":true,""mcpOkCount"":8,""mcpOk"":[true,true,true,true,true,true,true,true],""mcpAddrMask"":[1,1,1,1,1,1,1,1],""mcpControlTested"":true,""mcpControlOkCount"":8,""mcpControlOk"":[true,true,true,true,true,true,true,true],""dacReady"":true,""radioReady"":true,""mlReady"":true,""nullingProfileApplied"":true,""modelProfileReady"":false},""runtimeMcpCode"":[255,519,795,706,799,865,665,139],""model"":{""profileId"":""cnn-dualbranch-datasheet-v1-unbound"",""scalerProfileId"":""cnn-dualbranch-datasheet-v1-unbound"",""productionApproved"":true,""boundNullingProfileId"":8,""activeNullingProfileId"":9,""bindingValid"":true,""bindingModelMatches"":true,""profileReady"":false,""inferenceValid"":false,""sensorFault"":true},""lora"":{""beginState"":0,""lastTxState"":0,""lastTxOk"":false,""txSeq"":0,""txCounter"":0,""aesKeyProvisioned"":true,""aesKeyPresent"":true,""aesKeySource"":""nvs"",""keyId"":1,""lastDownlinkCommandId"":0,""freqMHz"":920,""bwKHz"":125,""sf"":7,""cr"":5,""syncWord"":18,""txPowerDbm"":17,""preamble"":8,""tcxoVoltage"":1.600000024,""xtalVoltage"":0},""dataset"":{""state"":""idle"",""step"":""idle"",""label"":"""",""seq"":0,""targetSamples"":0,""sampleIntervalMs"":500,""maxDurationMs"":0,""useFanIntake"":true,""fanOnMs"":1000,""postFanSettleMs"":0,""nullingProfileId"":9,""queuePending"":0,""queueCapacity"":16,""queueEnqueued"":0,""queueDropped"":0,""publishFailCount"":0,""retryCount"":0,""retryFailCount"":0,""rejectedSamples"":0,""lastRejectReason"":""none"",""lastRejectChannel"":-1,""lastRejectOkFiniteCount"":0,""lastRejectStatus"":255,""lastRejectGain"":0,""lastRejectSaturated"":false},""recovery"":{""wifiReconnectCount"":0,""wifiReconnectFailCount"":0,""mqttReconnectCount"":0,""mqttConnectFailCount"":0,""lastMqttState"":0,""adsRecoveryCount"":0,""adsRecoveryFailCount"":0,""adsReadFailStreak"":0,""lastReason"":""none"",""lastRecoveryMs"":0,""bootRecoveryArmed"":false,""bootRecoveryDueMs"":0,""bootRecoveryReason"":""none"",""bootRecoveryNonAdsFailure"":false,""bootRecoveryRestartCount"":0},""nulling"":{""done"":false,""retryArmed"":false,""attemptCount"":0,""nextRetryMs"":0,""thresholdV"":9.999999747E-06,""minFinalV"":0},""telemetry"":{""valid"":true,""sampleMs"":6530975,""gasClass"":6,""gasName"":""CO2"",""confidence"":0,""alarm"":false,""sensorVoltage"":[0.109679803,0.00390707,0.00468351,-0.002471133,-0.006635187,-0.011229435,-0.019115252,-0.0247149],""sensorGain"":[32,64,64,64,64,64,64,64],""sensorStatus"":[0,0,0,0,0,0,0,0],""featureOrder"":[""MQ8"",""MQ135"",""MQ3"",""MQ5"",""MQ4"",""MQ7"",""MQ6"",""MQ2""]},""alarmLatched"":false}"
2026-08-04 11:09:55.702 +07:00,154.581,HOT_SWEEP_70,70,700,300,1,0,0.109410904,0.00389505,0.004705994,-0.00246174,-0.005791537,-0.011471683,-0.019490097,-0.025179589,"{""deviceId"":""1001"",""nodeId"":4097,""targetChId"":""0010"",""mode"":""inference"",""uptimeMs"":6532041,""debugEnabled"":true,""power"":{""mode"":""24v"",""externalPower"":true,""batteryMv"":65535,""batteryValid"":false,""batteryDetected"":false,""batterySenseStatus"":""not_detected"",""batteryLow"":false,""batteryCritical"":false,""sourceAmbiguous"":false,""serviceHoldActive"":false,""serviceHoldEffective"":false},""batterySession"":{""state"":""inactive"",""startedMs"":0,""stateStartedMs"":0,""validSampleBatches"":0,""requiredSampleBatches"":10,""alarmTxAttempts"":0,""alarmTxAttemptLimit"":3,""alarmAckReceived"":false,""pendingAlarm"":false,""pendingSaveRequired"":false,""persistenceFaultHold"":false,""completionReason"":""session_done""},""bootHealth"":{""adsReady"":true,""adsDrdyLevel"":0,""adsDrdyPulldownLevel"":0,""adsDrdyPullupLevel"":0,""adsMisoPulldownLevel"":0,""adsMisoPullupLevel"":1,""adsCsLevel"":1,""adsSyncLevel"":1,""adsStatus"":54,""adsMux"":15,""adsAdcon"":6,""adsDrate"":240,""adsReason"":""ok"",""tcaOk"":true,""mcpOkCount"":8,""mcpOk"":[true,true,true,true,true,true,true,true],""mcpAddrMask"":[1,1,1,1,1,1,1,1],""mcpControlTested"":true,""mcpControlOkCount"":8,""mcpControlOk"":[true,true,true,true,true,true,true,true],""dacReady"":true,""radioReady"":true,""mlReady"":true,""nullingProfileApplied"":true,""modelProfileReady"":false},""runtimeMcpCode"":[255,519,795,706,799,865,665,139],""model"":{""profileId"":""cnn-dualbranch-datasheet-v1-unbound"",""scalerProfileId"":""cnn-dualbranch-datasheet-v1-unbound"",""productionApproved"":true,""boundNullingProfileId"":8,""activeNullingProfileId"":9,""bindingValid"":true,""bindingModelMatches"":true,""profileReady"":false,""inferenceValid"":false,""sensorFault"":true},""lora"":{""beginState"":0,""lastTxState"":0,""lastTxOk"":false,""txSeq"":0,""txCounter"":0,""aesKeyProvisioned"":true,""aesKeyPresent"":true,""aesKeySource"":""nvs"",""keyId"":1,""lastDownlinkCommandId"":0,""freqMHz"":920,""bwKHz"":125,""sf"":7,""cr"":5,""syncWord"":18,""txPowerDbm"":17,""preamble"":8,""tcxoVoltage"":1.600000024,""xtalVoltage"":0},""dataset"":{""state"":""idle"",""step"":""idle"",""label"":"""",""seq"":0,""targetSamples"":0,""sampleIntervalMs"":500,""maxDurationMs"":0,""useFanIntake"":true,""fanOnMs"":1000,""postFanSettleMs"":0,""nullingProfileId"":9,""queuePending"":0,""queueCapacity"":16,""queueEnqueued"":0,""queueDropped"":0,""publishFailCount"":0,""retryCount"":0,""retryFailCount"":0,""rejectedSamples"":0,""lastRejectReason"":""none"",""lastRejectChannel"":-1,""lastRejectOkFiniteCount"":0,""lastRejectStatus"":255,""lastRejectGain"":0,""lastRejectSaturated"":false},""recovery"":{""wifiReconnectCount"":0,""wifiReconnectFailCount"":0,""mqttReconnectCount"":0,""mqttConnectFailCount"":0,""lastMqttState"":0,""adsRecoveryCount"":0,""adsRecoveryFailCount"":0,""adsReadFailStreak"":0,""lastReason"":""none"",""lastRecoveryMs"":0,""bootRecoveryArmed"":false,""bootRecoveryDueMs"":0,""bootRecoveryReason"":""none"",""bootRecoveryNonAdsFailure"":false,""bootRecoveryRestartCount"":0},""nulling"":{""done"":false,""retryArmed"":false,""attemptCount"":0,""nextRetryMs"":0,""thresholdV"":9.999999747E-06,""minFinalV"":0},""telemetry"":{""valid"":true,""sampleMs"":6531634,""gasClass"":6,""gasName"":""CO2"",""confidence"":0,""alarm"":false,""sensorVoltage"":[0.109410904,0.00389505,0.004705994,-0.00246174,-0.005791537,-0.011471683,-0.019490097,-0.025179589],""sensorGain"":[32,64,64,64,64,64,64,64],""sensorStatus"":[0,0,0,0,0,0,0,0],""featureOrder"":[""MQ8"",""MQ135"",""MQ3"",""MQ5"",""MQ4"",""MQ7"",""MQ6"",""MQ2""]},""alarmLatched"":false}"
2026-08-04 11:09:56.386 +07:00,155.267,HOT_SWEEP_70,70,700,300,1,0,0.109379746,0.003901065,0.00477058,-0.002378383,-0.006028836,-0.011487896,-0.019383691,-0.025206918,"{""deviceId"":""1001"",""nodeId"":4097,""targetChId"":""0010"",""mode"":""inference"",""uptimeMs"":6532731,""debugEnabled"":true,""power"":{""mode"":""24v"",""externalPower"":true,""batteryMv"":65535,""batteryValid"":false,""batteryDetected"":false,""batterySenseStatus"":""not_detected"",""batteryLow"":false,""batteryCritical"":false,""sourceAmbiguous"":false,""serviceHoldActive"":false,""serviceHoldEffective"":false},""batterySession"":{""state"":""inactive"",""startedMs"":0,""stateStartedMs"":0,""validSampleBatches"":0,""requiredSampleBatches"":10,""alarmTxAttempts"":0,""alarmTxAttemptLimit"":3,""alarmAckReceived"":false,""pendingAlarm"":false,""pendingSaveRequired"":false,""persistenceFaultHold"":false,""completionReason"":""session_done""},""bootHealth"":{""adsReady"":true,""adsDrdyLevel"":0,""adsDrdyPulldownLevel"":0,""adsDrdyPullupLevel"":0,""adsMisoPulldownLevel"":0,""adsMisoPullupLevel"":1,""adsCsLevel"":1,""adsSyncLevel"":1,""adsStatus"":54,""adsMux"":15,""adsAdcon"":6,""adsDrate"":240,""adsReason"":""ok"",""tcaOk"":true,""mcpOkCount"":8,""mcpOk"":[true,true,true,true,true,true,true,true],""mcpAddrMask"":[1,1,1,1,1,1,1,1],""mcpControlTested"":true,""mcpControlOkCount"":8,""mcpControlOk"":[true,true,true,true,true,true,true,true],""dacReady"":true,""radioReady"":true,""mlReady"":true,""nullingProfileApplied"":true,""modelProfileReady"":false},""runtimeMcpCode"":[255,519,795,706,799,865,665,139],""model"":{""profileId"":""cnn-dualbranch-datasheet-v1-unbound"",""scalerProfileId"":""cnn-dualbranch-datasheet-v1-unbound"",""productionApproved"":true,""boundNullingProfileId"":8,""activeNullingProfileId"":9,""bindingValid"":true,""bindingModelMatches"":true,""profileReady"":false,""inferenceValid"":false,""sensorFault"":true},""lora"":{""beginState"":0,""lastTxState"":0,""lastTxOk"":false,""txSeq"":0,""txCounter"":0,""aesKeyProvisioned"":true,""aesKeyPresent"":true,""aesKeySource"":""nvs"",""keyId"":1,""lastDownlinkCommandId"":0,""freqMHz"":920,""bwKHz"":125,""sf"":7,""cr"":5,""syncWord"":18,""txPowerDbm"":17,""preamble"":8,""tcxoVoltage"":1.600000024,""xtalVoltage"":0},""dataset"":{""state"":""idle"",""step"":""idle"",""label"":"""",""seq"":0,""targetSamples"":0,""sampleIntervalMs"":500,""maxDurationMs"":0,""useFanIntake"":true,""fanOnMs"":1000,""postFanSettleMs"":0,""nullingProfileId"":9,""queuePending"":0,""queueCapacity"":16,""queueEnqueued"":0,""queueDropped"":0,""publishFailCount"":0,""retryCount"":0,""retryFailCount"":0,""rejectedSamples"":0,""lastRejectReason"":""none"",""lastRejectChannel"":-1,""lastRejectOkFiniteCount"":0,""lastRejectStatus"":255,""lastRejectGain"":0,""lastRejectSaturated"":false},""recovery"":{""wifiReconnectCount"":0,""wifiReconnectFailCount"":0,""mqttReconnectCount"":0,""mqttConnectFailCount"":0,""lastMqttState"":0,""adsRecoveryCount"":0,""adsRecoveryFailCount"":0,""adsReadFailStreak"":0,""lastReason"":""none"",""lastRecoveryMs"":0,""bootRecoveryArmed"":false,""bootRecoveryDueMs"":0,""bootRecoveryReason"":""none"",""bootRecoveryNonAdsFailure"":false,""bootRecoveryRestartCount"":0},""nulling"":{""done"":false,""retryArmed"":false,""attemptCount"":0,""nextRetryMs"":0,""thresholdV"":9.999999747E-06,""minFinalV"":0},""telemetry"":{""valid"":true,""sampleMs"":6532319,""gasClass"":6,""gasName"":""CO2"",""confidence"":0,""alarm"":false,""sensorVoltage"":[0.109379746,0.003901065,0.00477058,-0.002378383,-0.006028836,-0.011487896,-0.019383691,-0.025206918],""sensorGain"":[32,64,64,64,64,64,64,64],""sensorStatus"":[0,0,0,0,0,0,0,0],""featureOrder"":[""MQ8"",""MQ135"",""MQ3"",""MQ5"",""MQ4"",""MQ7"",""MQ6"",""MQ2""]},""alarmLatched"":false}"
2026-08-04 11:09:57.082 +07:00,155.960,HOT_SWEEP_70,70,700,300,1,0,0.109755002,0.003914533,0.004730372,-0.00233707,-0.005791172,-0.011495121,-0.019415084,-0.025160119,"{""deviceId"":""1001"",""nodeId"":4097,""targetChId"":""0010"",""mode"":""inference"",""uptimeMs"":6533415,""debugEnabled"":true,""power"":{""mode"":""24v"",""externalPower"":true,""batteryMv"":65535,""batteryValid"":false,""batteryDetected"":false,""batterySenseStatus"":""not_detected"",""batteryLow"":false,""batteryCritical"":false,""sourceAmbiguous"":false,""serviceHoldActive"":false,""serviceHoldEffective"":false},""batterySession"":{""state"":""inactive"",""startedMs"":0,""stateStartedMs"":0,""validSampleBatches"":0,""requiredSampleBatches"":10,""alarmTxAttempts"":0,""alarmTxAttemptLimit"":3,""alarmAckReceived"":false,""pendingAlarm"":false,""pendingSaveRequired"":false,""persistenceFaultHold"":false,""completionReason"":""session_done""},""bootHealth"":{""adsReady"":true,""adsDrdyLevel"":0,""adsDrdyPulldownLevel"":0,""adsDrdyPullupLevel"":0,""adsMisoPulldownLevel"":0,""adsMisoPullupLevel"":1,""adsCsLevel"":1,""adsSyncLevel"":1,""adsStatus"":54,""adsMux"":15,""adsAdcon"":6,""adsDrate"":240,""adsReason"":""ok"",""tcaOk"":true,""mcpOkCount"":8,""mcpOk"":[true,true,true,true,true,true,true,true],""mcpAddrMask"":[1,1,1,1,1,1,1,1],""mcpControlTested"":true,""mcpControlOkCount"":8,""mcpControlOk"":[true,true,true,true,true,true,true,true],""dacReady"":true,""radioReady"":true,""mlReady"":true,""nullingProfileApplied"":true,""modelProfileReady"":false},""runtimeMcpCode"":[255,519,795,706,799,865,665,139],""model"":{""profileId"":""cnn-dualbranch-datasheet-v1-unbound"",""scalerProfileId"":""cnn-dualbranch-datasheet-v1-unbound"",""productionApproved"":true,""boundNullingProfileId"":8,""activeNullingProfileId"":9,""bindingValid"":true,""bindingModelMatches"":true,""profileReady"":false,""inferenceValid"":false,""sensorFault"":true},""lora"":{""beginState"":0,""lastTxState"":0,""lastTxOk"":false,""txSeq"":0,""txCounter"":0,""aesKeyProvisioned"":true,""aesKeyPresent"":true,""aesKeySource"":""nvs"",""keyId"":1,""lastDownlinkCommandId"":0,""freqMHz"":920,""bwKHz"":125,""sf"":7,""cr"":5,""syncWord"":18,""txPowerDbm"":17,""preamble"":8,""tcxoVoltage"":1.600000024,""xtalVoltage"":0},""dataset"":{""state"":""idle"",""step"":""idle"",""label"":"""",""seq"":0,""targetSamples"":0,""sampleIntervalMs"":500,""maxDurationMs"":0,""useFanIntake"":true,""fanOnMs"":1000,""postFanSettleMs"":0,""nullingProfileId"":9,""queuePending"":0,""queueCapacity"":16,""queueEnqueued"":0,""queueDropped"":0,""publishFailCount"":0,""retryCount"":0,""retryFailCount"":0,""rejectedSamples"":0,""lastRejectReason"":""none"",""lastRejectChannel"":-1,""lastRejectOkFiniteCount"":0,""lastRejectStatus"":255,""lastRejectGain"":0,""lastRejectSaturated"":false},""recovery"":{""wifiReconnectCount"":0,""wifiReconnectFailCount"":0,""mqttReconnectCount"":0,""mqttConnectFailCount"":0,""lastMqttState"":0,""adsRecoveryCount"":0,""adsRecoveryFailCount"":0,""adsReadFailStreak"":0,""lastReason"":""none"",""lastRecoveryMs"":0,""bootRecoveryArmed"":false,""bootRecoveryDueMs"":0,""bootRecoveryReason"":""none"",""bootRecoveryNonAdsFailure"":false,""bootRecoveryRestartCount"":0},""nulling"":{""done"":false,""retryArmed"":false,""attemptCount"":0,""nextRetryMs"":0,""thresholdV"":9.999999747E-06,""minFinalV"":0},""telemetry"":{""valid"":true,""sampleMs"":6533041,""gasClass"":6,""gasName"":""CO2"",""confidence"":0,""alarm"":false,""sensorVoltage"":[0.109755002,0.003914533,0.004730372,-0.00233707,-0.005791172,-0.011495121,-0.019415084,-0.025160119],""sensorGain"":[32,64,64,64,64,64,64,64],""sensorStatus"":[0,0,0,0,0,0,0,0],""featureOrder"":[""MQ8"",""MQ135"",""MQ3"",""MQ5"",""MQ4"",""MQ7"",""MQ6"",""MQ2""]},""alarmLatched"":false}"
2026-08-04 11:09:57.776 +07:00,156.655,HOT_SWEEP_70,70,700,300,1,0,0.109600589,0.003900633,0.004709846,-0.002360405,-0.006123004,-0.011733021,-0.019792467,-0.025233608,"{""deviceId"":""1001"",""nodeId"":4097,""targetChId"":""0010"",""mode"":""inference"",""uptimeMs"":6534116,""debugEnabled"":true,""power"":{""mode"":""24v"",""externalPower"":true,""batteryMv"":65535,""batteryValid"":false,""batteryDetected"":false,""batterySenseStatus"":""not_detected"",""batteryLow"":false,""batteryCritical"":false,""sourceAmbiguous"":false,""serviceHoldActive"":false,""serviceHoldEffective"":false},""batterySession"":{""state"":""inactive"",""startedMs"":0,""stateStartedMs"":0,""validSampleBatches"":0,""requiredSampleBatches"":10,""alarmTxAttempts"":0,""alarmTxAttemptLimit"":3,""alarmAckReceived"":false,""pendingAlarm"":false,""pendingSaveRequired"":false,""persistenceFaultHold"":false,""completionReason"":""session_done""},""bootHealth"":{""adsReady"":true,""adsDrdyLevel"":0,""adsDrdyPulldownLevel"":0,""adsDrdyPullupLevel"":0,""adsMisoPulldownLevel"":0,""adsMisoPullupLevel"":1,""adsCsLevel"":1,""adsSyncLevel"":1,""adsStatus"":54,""adsMux"":15,""adsAdcon"":6,""adsDrate"":240,""adsReason"":""ok"",""tcaOk"":true,""mcpOkCount"":8,""mcpOk"":[true,true,true,true,true,true,true,true],""mcpAddrMask"":[1,1,1,1,1,1,1,1],""mcpControlTested"":true,""mcpControlOkCount"":8,""mcpControlOk"":[true,true,true,true,true,true,true,true],""dacReady"":true,""radioReady"":true,""mlReady"":true,""nullingProfileApplied"":true,""modelProfileReady"":false},""runtimeMcpCode"":[255,519,795,706,799,865,665,139],""model"":{""profileId"":""cnn-dualbranch-datasheet-v1-unbound"",""scalerProfileId"":""cnn-dualbranch-datasheet-v1-unbound"",""productionApproved"":true,""boundNullingProfileId"":8,""activeNullingProfileId"":9,""bindingValid"":true,""bindingModelMatches"":true,""profileReady"":false,""inferenceValid"":false,""sensorFault"":true},""lora"":{""beginState"":0,""lastTxState"":0,""lastTxOk"":false,""txSeq"":0,""txCounter"":0,""aesKeyProvisioned"":true,""aesKeyPresent"":true,""aesKeySource"":""nvs"",""keyId"":1,""lastDownlinkCommandId"":0,""freqMHz"":920,""bwKHz"":125,""sf"":7,""cr"":5,""syncWord"":18,""txPowerDbm"":17,""preamble"":8,""tcxoVoltage"":1.600000024,""xtalVoltage"":0},""dataset"":{""state"":""idle"",""step"":""idle"",""label"":"""",""seq"":0,""targetSamples"":0,""sampleIntervalMs"":500,""maxDurationMs"":0,""useFanIntake"":true,""fanOnMs"":1000,""postFanSettleMs"":0,""nullingProfileId"":9,""queuePending"":0,""queueCapacity"":16,""queueEnqueued"":0,""queueDropped"":0,""publishFailCount"":0,""retryCount"":0,""retryFailCount"":0,""rejectedSamples"":0,""lastRejectReason"":""none"",""lastRejectChannel"":-1,""lastRejectOkFiniteCount"":0,""lastRejectStatus"":255,""lastRejectGain"":0,""lastRejectSaturated"":false},""recovery"":{""wifiReconnectCount"":0,""wifiReconnectFailCount"":0,""mqttReconnectCount"":0,""mqttConnectFailCount"":0,""lastMqttState"":0,""adsRecoveryCount"":0,""adsRecoveryFailCount"":0,""adsReadFailStreak"":0,""lastReason"":""none"",""lastRecoveryMs"":0,""bootRecoveryArmed"":false,""bootRecoveryDueMs"":0,""bootRecoveryReason"":""none"",""bootRecoveryNonAdsFailure"":false,""bootRecoveryRestartCount"":0},""nulling"":{""done"":false,""retryArmed"":false,""attemptCount"":0,""nextRetryMs"":0,""thresholdV"":9.999999747E-06,""minFinalV"":0},""telemetry"":{""valid"":true,""sampleMs"":6533693,""gasClass"":6,""gasName"":""CO2"",""confidence"":0,""alarm"":false,""sensorVoltage"":[0.109600589,0.003900633,0.004709846,-0.002360405,-0.006123004,-0.011733021,-0.019792467,-0.025233608],""sensorGain"":[32,64,64,64,64,64,64,64],""sensorStatus"":[0,0,0,0,0,0,0,0],""featureOrder"":[""MQ8"",""MQ135"",""MQ3"",""MQ5"",""MQ4"",""MQ7"",""MQ6"",""MQ2""]},""alarmLatched"":false}"
2026-08-04 11:09:58.468 +07:00,157.349,HOT_SWEEP_70,70,700,300,1,0,0.109375954,0.00391798,0.004690309,-0.002373928,-0.006315782,-0.011801651,-0.019702274,-0.025276819,"{""deviceId"":""1001"",""nodeId"":4097,""targetChId"":""0010"",""mode"":""inference"",""uptimeMs"":6534807,""debugEnabled"":true,""power"":{""mode"":""24v"",""externalPower"":true,""batteryMv"":65535,""batteryValid"":false,""batteryDetected"":false,""batterySenseStatus"":""not_detected"",""batteryLow"":false,""batteryCritical"":false,""sourceAmbiguous"":false,""serviceHoldActive"":false,""serviceHoldEffective"":false},""batterySession"":{""state"":""inactive"",""startedMs"":0,""stateStartedMs"":0,""validSampleBatches"":0,""requiredSampleBatches"":10,""alarmTxAttempts"":0,""alarmTxAttemptLimit"":3,""alarmAckReceived"":false,""pendingAlarm"":false,""pendingSaveRequired"":false,""persistenceFaultHold"":false,""completionReason"":""session_done""},""bootHealth"":{""adsReady"":true,""adsDrdyLevel"":0,""adsDrdyPulldownLevel"":0,""adsDrdyPullupLevel"":0,""adsMisoPulldownLevel"":0,""adsMisoPullupLevel"":1,""adsCsLevel"":1,""adsSyncLevel"":1,""adsStatus"":54,""adsMux"":15,""adsAdcon"":6,""adsDrate"":240,""adsReason"":""ok"",""tcaOk"":true,""mcpOkCount"":8,""mcpOk"":[true,true,true,true,true,true,true,true],""mcpAddrMask"":[1,1,1,1,1,1,1,1],""mcpControlTested"":true,""mcpControlOkCount"":8,""mcpControlOk"":[true,true,true,true,true,true,true,true],""dacReady"":true,""radioReady"":true,""mlReady"":true,""nullingProfileApplied"":true,""modelProfileReady"":false},""runtimeMcpCode"":[255,519,795,706,799,865,665,139],""model"":{""profileId"":""cnn-dualbranch-datasheet-v1-unbound"",""scalerProfileId"":""cnn-dualbranch-datasheet-v1-unbound"",""productionApproved"":true,""boundNullingProfileId"":8,""activeNullingProfileId"":9,""bindingValid"":true,""bindingModelMatches"":true,""profileReady"":false,""inferenceValid"":false,""sensorFault"":true},""lora"":{""beginState"":0,""lastTxState"":0,""lastTxOk"":false,""txSeq"":0,""txCounter"":0,""aesKeyProvisioned"":true,""aesKeyPresent"":true,""aesKeySource"":""nvs"",""keyId"":1,""lastDownlinkCommandId"":0,""freqMHz"":920,""bwKHz"":125,""sf"":7,""cr"":5,""syncWord"":18,""txPowerDbm"":17,""preamble"":8,""tcxoVoltage"":1.600000024,""xtalVoltage"":0},""dataset"":{""state"":""idle"",""step"":""idle"",""label"":"""",""seq"":0,""targetSamples"":0,""sampleIntervalMs"":500,""maxDurationMs"":0,""useFanIntake"":true,""fanOnMs"":1000,""postFanSettleMs"":0,""nullingProfileId"":9,""queuePending"":0,""queueCapacity"":16,""queueEnqueued"":0,""queueDropped"":0,""publishFailCount"":0,""retryCount"":0,""retryFailCount"":0,""rejectedSamples"":0,""lastRejectReason"":""none"",""lastRejectChannel"":-1,""lastRejectOkFiniteCount"":0,""lastRejectStatus"":255,""lastRejectGain"":0,""lastRejectSaturated"":false},""recovery"":{""wifiReconnectCount"":0,""wifiReconnectFailCount"":0,""mqttReconnectCount"":0,""mqttConnectFailCount"":0,""lastMqttState"":0,""adsRecoveryCount"":0,""adsRecoveryFailCount"":0,""adsReadFailStreak"":0,""lastReason"":""none"",""lastRecoveryMs"":0,""bootRecoveryArmed"":false,""bootRecoveryDueMs"":0,""bootRecoveryReason"":""none"",""bootRecoveryNonAdsFailure"":false,""bootRecoveryRestartCount"":0},""nulling"":{""done"":false,""retryArmed"":false,""attemptCount"":0,""nextRetryMs"":0,""thresholdV"":9.999999747E-06,""minFinalV"":0},""telemetry"":{""valid"":true,""sampleMs"":6534394,""gasClass"":6,""gasName"":""CO2"",""confidence"":0,""alarm"":false,""sensorVoltage"":[0.109375954,0.00391798,0.004690309,-0.002373928,-0.006315782,-0.011801651,-0.019702274,-0.025276819],""sensorGain"":[32,64,64,64,64,64,64,64],""sensorStatus"":[0,0,0,0,0,0,0,0],""featureOrder"":[""MQ8"",""MQ135"",""MQ3"",""MQ5"",""MQ4"",""MQ7"",""MQ6"",""MQ2""]},""alarmLatched"":false}"
2026-08-04 11:09:59.173 +07:00,158.054,HOT_SWEEP_70,70,700,300,1,0,0.109804645,0.003908186,0.004693688,-0.002359841,-0.004999094,-0.011777409,-0.019730423,-0.025287282,"{""deviceId"":""1001"",""nodeId"":4097,""targetChId"":""0010"",""mode"":""inference"",""uptimeMs"":6535517,""debugEnabled"":true,""power"":{""mode"":""24v"",""externalPower"":true,""batteryMv"":65535,""batteryValid"":false,""batteryDetected"":false,""batterySenseStatus"":""not_detected"",""batteryLow"":false,""batteryCritical"":false,""sourceAmbiguous"":false,""serviceHoldActive"":false,""serviceHoldEffective"":false},""batterySession"":{""state"":""inactive"",""startedMs"":0,""stateStartedMs"":0,""validSampleBatches"":0,""requiredSampleBatches"":10,""alarmTxAttempts"":0,""alarmTxAttemptLimit"":3,""alarmAckReceived"":false,""pendingAlarm"":false,""pendingSaveRequired"":false,""persistenceFaultHold"":false,""completionReason"":""session_done""},""bootHealth"":{""adsReady"":true,""adsDrdyLevel"":0,""adsDrdyPulldownLevel"":0,""adsDrdyPullupLevel"":0,""adsMisoPulldownLevel"":0,""adsMisoPullupLevel"":1,""adsCsLevel"":1,""adsSyncLevel"":1,""adsStatus"":54,""adsMux"":15,""adsAdcon"":6,""adsDrate"":240,""adsReason"":""ok"",""tcaOk"":true,""mcpOkCount"":8,""mcpOk"":[true,true,true,true,true,true,true,true],""mcpAddrMask"":[1,1,1,1,1,1,1,1],""mcpControlTested"":true,""mcpControlOkCount"":8,""mcpControlOk"":[true,true,true,true,true,true,true,true],""dacReady"":true,""radioReady"":true,""mlReady"":true,""nullingProfileApplied"":true,""modelProfileReady"":false},""runtimeMcpCode"":[255,519,795,706,799,865,665,139],""model"":{""profileId"":""cnn-dualbranch-datasheet-v1-unbound"",""scalerProfileId"":""cnn-dualbranch-datasheet-v1-unbound"",""productionApproved"":true,""boundNullingProfileId"":8,""activeNullingProfileId"":9,""bindingValid"":true,""bindingModelMatches"":true,""profileReady"":false,""inferenceValid"":false,""sensorFault"":true},""lora"":{""beginState"":0,""lastTxState"":0,""lastTxOk"":false,""txSeq"":0,""txCounter"":0,""aesKeyProvisioned"":true,""aesKeyPresent"":true,""aesKeySource"":""nvs"",""keyId"":1,""lastDownlinkCommandId"":0,""freqMHz"":920,""bwKHz"":125,""sf"":7,""cr"":5,""syncWord"":18,""txPowerDbm"":17,""preamble"":8,""tcxoVoltage"":1.600000024,""xtalVoltage"":0},""dataset"":{""state"":""idle"",""step"":""idle"",""label"":"""",""seq"":0,""targetSamples"":0,""sampleIntervalMs"":500,""maxDurationMs"":0,""useFanIntake"":true,""fanOnMs"":1000,""postFanSettleMs"":0,""nullingProfileId"":9,""queuePending"":0,""queueCapacity"":16,""queueEnqueued"":0,""queueDropped"":0,""publishFailCount"":0,""retryCount"":0,""retryFailCount"":0,""rejectedSamples"":0,""lastRejectReason"":""none"",""lastRejectChannel"":-1,""lastRejectOkFiniteCount"":0,""lastRejectStatus"":255,""lastRejectGain"":0,""lastRejectSaturated"":false},""recovery"":{""wifiReconnectCount"":0,""wifiReconnectFailCount"":0,""mqttReconnectCount"":0,""mqttConnectFailCount"":0,""lastMqttState"":0,""adsRecoveryCount"":0,""adsRecoveryFailCount"":0,""adsReadFailStreak"":0,""lastReason"":""none"",""lastRecoveryMs"":0,""bootRecoveryArmed"":false,""bootRecoveryDueMs"":0,""bootRecoveryReason"":""none"",""bootRecoveryNonAdsFailure"":false,""bootRecoveryRestartCount"":0},""nulling"":{""done"":false,""retryArmed"":false,""attemptCount"":0,""nextRetryMs"":0,""thresholdV"":9.999999747E-06,""minFinalV"":0},""telemetry"":{""valid"":true,""sampleMs"":6535117,""gasClass"":6,""gasName"":""CO2"",""confidence"":0,""alarm"":false,""sensorVoltage"":[0.109804645,0.003908186,0.004693688,-0.002359841,-0.004999094,-0.011777409,-0.019730423,-0.025287282],""sensorGain"":[32,64,64,64,64,64,64,64],""sensorStatus"":[0,0,0,0,0,0,0,0],""featureOrder"":[""MQ8"",""MQ135"",""MQ3"",""MQ5"",""MQ4"",""MQ7"",""MQ6"",""MQ2""]},""alarmLatched"":false}"
2026-08-04 11:09:59.862 +07:00,158.741,HOT_SWEEP_70,70,700,300,1,0,0.109420702,0.003944292,0.004744536,-0.00243407,-0.005083031,-0.011829689,-0.019748373,-0.025239751,"{""deviceId"":""1001"",""nodeId"":4097,""targetChId"":""0010"",""mode"":""inference"",""uptimeMs"":6536201,""debugEnabled"":true,""power"":{""mode"":""24v"",""externalPower"":true,""batteryMv"":65535,""batteryValid"":false,""batteryDetected"":false,""batterySenseStatus"":""not_detected"",""batteryLow"":false,""batteryCritical"":false,""sourceAmbiguous"":false,""serviceHoldActive"":false,""serviceHoldEffective"":false},""batterySession"":{""state"":""inactive"",""startedMs"":0,""stateStartedMs"":0,""validSampleBatches"":0,""requiredSampleBatches"":10,""alarmTxAttempts"":0,""alarmTxAttemptLimit"":3,""alarmAckReceived"":false,""pendingAlarm"":false,""pendingSaveRequired"":false,""persistenceFaultHold"":false,""completionReason"":""session_done""},""bootHealth"":{""adsReady"":true,""adsDrdyLevel"":0,""adsDrdyPulldownLevel"":0,""adsDrdyPullupLevel"":0,""adsMisoPulldownLevel"":0,""adsMisoPullupLevel"":1,""adsCsLevel"":1,""adsSyncLevel"":1,""adsStatus"":54,""adsMux"":15,""adsAdcon"":6,""adsDrate"":240,""adsReason"":""ok"",""tcaOk"":true,""mcpOkCount"":8,""mcpOk"":[true,true,true,true,true,true,true,true],""mcpAddrMask"":[1,1,1,1,1,1,1,1],""mcpControlTested"":true,""mcpControlOkCount"":8,""mcpControlOk"":[true,true,true,true,true,true,true,true],""dacReady"":true,""radioReady"":true,""mlReady"":true,""nullingProfileApplied"":true,""modelProfileReady"":false},""runtimeMcpCode"":[255,519,795,706,799,865,665,139],""model"":{""profileId"":""cnn-dualbranch-datasheet-v1-unbound"",""scalerProfileId"":""cnn-dualbranch-datasheet-v1-unbound"",""productionApproved"":true,""boundNullingProfileId"":8,""activeNullingProfileId"":9,""bindingValid"":true,""bindingModelMatches"":true,""profileReady"":false,""inferenceValid"":false,""sensorFault"":true},""lora"":{""beginState"":0,""lastTxState"":0,""lastTxOk"":false,""txSeq"":0,""txCounter"":0,""aesKeyProvisioned"":true,""aesKeyPresent"":true,""aesKeySource"":""nvs"",""keyId"":1,""lastDownlinkCommandId"":0,""freqMHz"":920,""bwKHz"":125,""sf"":7,""cr"":5,""syncWord"":18,""txPowerDbm"":17,""preamble"":8,""tcxoVoltage"":1.600000024,""xtalVoltage"":0},""dataset"":{""state"":""idle"",""step"":""idle"",""label"":"""",""seq"":0,""targetSamples"":0,""sampleIntervalMs"":500,""maxDurationMs"":0,""useFanIntake"":true,""fanOnMs"":1000,""postFanSettleMs"":0,""nullingProfileId"":9,""queuePending"":0,""queueCapacity"":16,""queueEnqueued"":0,""queueDropped"":0,""publishFailCount"":0,""retryCount"":0,""retryFailCount"":0,""rejectedSamples"":0,""lastRejectReason"":""none"",""lastRejectChannel"":-1,""lastRejectOkFiniteCount"":0,""lastRejectStatus"":255,""lastRejectGain"":0,""lastRejectSaturated"":false},""recovery"":{""wifiReconnectCount"":0,""wifiReconnectFailCount"":0,""mqttReconnectCount"":0,""mqttConnectFailCount"":0,""lastMqttState"":0,""adsRecoveryCount"":0,""adsRecoveryFailCount"":0,""adsReadFailStreak"":0,""lastReason"":""none"",""lastRecoveryMs"":0,""bootRecoveryArmed"":false,""bootRecoveryDueMs"":0,""bootRecoveryReason"":""none"",""bootRecoveryNonAdsFailure"":false,""bootRecoveryRestartCount"":0},""nulling"":{""done"":false,""retryArmed"":false,""attemptCount"":0,""nextRetryMs"":0,""thresholdV"":9.999999747E-06,""minFinalV"":0},""telemetry"":{""valid"":true,""sampleMs"":6535795,""gasClass"":6,""gasName"":""CO2"",""confidence"":0,""alarm"":false,""sensorVoltage"":[0.109420702,0.003944292,0.004744536,-0.00243407,-0.005083031,-0.011829689,-0.019748373,-0.025239751],""sensorGain"":[32,64,64,64,64,64,64,64],""sensorStatus"":[0,0,0,0,0,0,0,0],""featureOrder"":[""MQ8"",""MQ135"",""MQ3"",""MQ5"",""MQ4"",""MQ7"",""MQ6"",""MQ2""]},""alarmLatched"":false}"
2026-08-04 11:10:00.559 +07:00,159.438,HOT_SWEEP_70,70,700,300,1,0,0.109155618,0.003990066,0.004760846,-0.002494866,-0.005323384,-0.011847348,-0.019774171,-0.025343021,"{""deviceId"":""1001"",""nodeId"":4097,""targetChId"":""0010"",""mode"":""inference"",""uptimeMs"":6536897,""debugEnabled"":true,""power"":{""mode"":""24v"",""externalPower"":true,""batteryMv"":65535,""batteryValid"":false,""batteryDetected"":false,""batterySenseStatus"":""not_detected"",""batteryLow"":false,""batteryCritical"":false,""sourceAmbiguous"":false,""serviceHoldActive"":false,""serviceHoldEffective"":false},""batterySession"":{""state"":""inactive"",""startedMs"":0,""stateStartedMs"":0,""validSampleBatches"":0,""requiredSampleBatches"":10,""alarmTxAttempts"":0,""alarmTxAttemptLimit"":3,""alarmAckReceived"":false,""pendingAlarm"":false,""pendingSaveRequired"":false,""persistenceFaultHold"":false,""completionReason"":""session_done""},""bootHealth"":{""adsReady"":true,""adsDrdyLevel"":0,""adsDrdyPulldownLevel"":0,""adsDrdyPullupLevel"":0,""adsMisoPulldownLevel"":0,""adsMisoPullupLevel"":1,""adsCsLevel"":1,""adsSyncLevel"":1,""adsStatus"":54,""adsMux"":15,""adsAdcon"":6,""adsDrate"":240,""adsReason"":""ok"",""tcaOk"":true,""mcpOkCount"":8,""mcpOk"":[true,true,true,true,true,true,true,true],""mcpAddrMask"":[1,1,1,1,1,1,1,1],""mcpControlTested"":true,""mcpControlOkCount"":8,""mcpControlOk"":[true,true,true,true,true,true,true,true],""dacReady"":true,""radioReady"":true,""mlReady"":true,""nullingProfileApplied"":true,""modelProfileReady"":false},""runtimeMcpCode"":[255,519,795,706,799,865,665,139],""model"":{""profileId"":""cnn-dualbranch-datasheet-v1-unbound"",""scalerProfileId"":""cnn-dualbranch-datasheet-v1-unbound"",""productionApproved"":true,""boundNullingProfileId"":8,""activeNullingProfileId"":9,""bindingValid"":true,""bindingModelMatches"":true,""profileReady"":false,""inferenceValid"":false,""sensorFault"":true},""lora"":{""beginState"":0,""lastTxState"":0,""lastTxOk"":false,""txSeq"":0,""txCounter"":0,""aesKeyProvisioned"":true,""aesKeyPresent"":true,""aesKeySource"":""nvs"",""keyId"":1,""lastDownlinkCommandId"":0,""freqMHz"":920,""bwKHz"":125,""sf"":7,""cr"":5,""syncWord"":18,""txPowerDbm"":17,""preamble"":8,""tcxoVoltage"":1.600000024,""xtalVoltage"":0},""dataset"":{""state"":""idle"",""step"":""idle"",""label"":"""",""seq"":0,""targetSamples"":0,""sampleIntervalMs"":500,""maxDurationMs"":0,""useFanIntake"":true,""fanOnMs"":1000,""postFanSettleMs"":0,""nullingProfileId"":9,""queuePending"":0,""queueCapacity"":16,""queueEnqueued"":0,""queueDropped"":0,""publishFailCount"":0,""retryCount"":0,""retryFailCount"":0,""rejectedSamples"":0,""lastRejectReason"":""none"",""lastRejectChannel"":-1,""lastRejectOkFiniteCount"":0,""lastRejectStatus"":255,""lastRejectGain"":0,""lastRejectSaturated"":false},""recovery"":{""wifiReconnectCount"":0,""wifiReconnectFailCount"":0,""mqttReconnectCount"":0,""mqttConnectFailCount"":0,""lastMqttState"":0,""adsRecoveryCount"":0,""adsRecoveryFailCount"":0,""adsReadFailStreak"":0,""lastReason"":""none"",""lastRecoveryMs"":0,""bootRecoveryArmed"":false,""bootRecoveryDueMs"":0,""bootRecoveryReason"":""none"",""bootRecoveryNonAdsFailure"":false,""bootRecoveryRestartCount"":0},""nulling"":{""done"":false,""retryArmed"":false,""attemptCount"":0,""nextRetryMs"":0,""thresholdV"":9.999999747E-06,""minFinalV"":0},""telemetry"":{""valid"":true,""sampleMs"":6536479,""gasClass"":6,""gasName"":""CO2"",""confidence"":0,""alarm"":false,""sensorVoltage"":[0.109155618,0.003990066,0.004760846,-0.002494866,-0.005323384,-0.011847348,-0.019774171,-0.025343021],""sensorGain"":[32,64,64,64,64,64,64,64],""sensorStatus"":[0,0,0,0,0,0,0,0],""featureOrder"":[""MQ8"",""MQ135"",""MQ3"",""MQ5"",""MQ4"",""MQ7"",""MQ6"",""MQ2""]},""alarmLatched"":false}"
2026-08-04 11:10:01.250 +07:00,160.129,HOT_SWEEP_70,70,700,300,1,0,0.10944321,0.003992252,0.004864068,-0.002483821,-0.005325784,-0.011843771,-0.019775648,-0.025409192,"{""deviceId"":""1001"",""nodeId"":4097,""targetChId"":""0010"",""mode"":""inference"",""uptimeMs"":6537588,""debugEnabled"":true,""power"":{""mode"":""24v"",""externalPower"":true,""batteryMv"":65535,""batteryValid"":false,""batteryDetected"":false,""batterySenseStatus"":""not_detected"",""batteryLow"":false,""batteryCritical"":false,""sourceAmbiguous"":false,""serviceHoldActive"":false,""serviceHoldEffective"":false},""batterySession"":{""state"":""inactive"",""startedMs"":0,""stateStartedMs"":0,""validSampleBatches"":0,""requiredSampleBatches"":10,""alarmTxAttempts"":0,""alarmTxAttemptLimit"":3,""alarmAckReceived"":false,""pendingAlarm"":false,""pendingSaveRequired"":false,""persistenceFaultHold"":false,""completionReason"":""session_done""},""bootHealth"":{""adsReady"":true,""adsDrdyLevel"":0,""adsDrdyPulldownLevel"":0,""adsDrdyPullupLevel"":0,""adsMisoPulldownLevel"":0,""adsMisoPullupLevel"":1,""adsCsLevel"":1,""adsSyncLevel"":1,""adsStatus"":54,""adsMux"":15,""adsAdcon"":6,""adsDrate"":240,""adsReason"":""ok"",""tcaOk"":true,""mcpOkCount"":8,""mcpOk"":[true,true,true,true,true,true,true,true],""mcpAddrMask"":[1,1,1,1,1,1,1,1],""mcpControlTested"":true,""mcpControlOkCount"":8,""mcpControlOk"":[true,true,true,true,true,true,true,true],""dacReady"":true,""radioReady"":true,""mlReady"":true,""nullingProfileApplied"":true,""modelProfileReady"":false},""runtimeMcpCode"":[255,519,795,706,799,865,665,139],""model"":{""profileId"":""cnn-dualbranch-datasheet-v1-unbound"",""scalerProfileId"":""cnn-dualbranch-datasheet-v1-unbound"",""productionApproved"":true,""boundNullingProfileId"":8,""activeNullingProfileId"":9,""bindingValid"":true,""bindingModelMatches"":true,""profileReady"":false,""inferenceValid"":false,""sensorFault"":true},""lora"":{""beginState"":0,""lastTxState"":0,""lastTxOk"":false,""txSeq"":0,""txCounter"":0,""aesKeyProvisioned"":true,""aesKeyPresent"":true,""aesKeySource"":""nvs"",""keyId"":1,""lastDownlinkCommandId"":0,""freqMHz"":920,""bwKHz"":125,""sf"":7,""cr"":5,""syncWord"":18,""txPowerDbm"":17,""preamble"":8,""tcxoVoltage"":1.600000024,""xtalVoltage"":0},""dataset"":{""state"":""idle"",""step"":""idle"",""label"":"""",""seq"":0,""targetSamples"":0,""sampleIntervalMs"":500,""maxDurationMs"":0,""useFanIntake"":true,""fanOnMs"":1000,""postFanSettleMs"":0,""nullingProfileId"":9,""queuePending"":0,""queueCapacity"":16,""queueEnqueued"":0,""queueDropped"":0,""publishFailCount"":0,""retryCount"":0,""retryFailCount"":0,""rejectedSamples"":0,""lastRejectReason"":""none"",""lastRejectChannel"":-1,""lastRejectOkFiniteCount"":0,""lastRejectStatus"":255,""lastRejectGain"":0,""lastRejectSaturated"":false},""recovery"":{""wifiReconnectCount"":0,""wifiReconnectFailCount"":0,""mqttReconnectCount"":0,""mqttConnectFailCount"":0,""lastMqttState"":0,""adsRecoveryCount"":0,""adsRecoveryFailCount"":0,""adsReadFailStreak"":0,""lastReason"":""none"",""lastRecoveryMs"":0,""bootRecoveryArmed"":false,""bootRecoveryDueMs"":0,""bootRecoveryReason"":""none"",""bootRecoveryNonAdsFailure"":false,""bootRecoveryRestartCount"":0},""nulling"":{""done"":false,""retryArmed"":false,""attemptCount"":0,""nextRetryMs"":0,""thresholdV"":9.999999747E-06,""minFinalV"":0},""telemetry"":{""valid"":true,""sampleMs"":6537207,""gasClass"":6,""gasName"":""CO2"",""confidence"":0,""alarm"":false,""sensorVoltage"":[0.10944321,0.003992252,0.004864068,-0.002483821,-0.005325784,-0.011843771,-0.019775648,-0.025409192],""sensorGain"":[32,64,64,64,64,64,64,64],""sensorStatus"":[0,0,0,0,0,0,0,0],""featureOrder"":[""MQ8"",""MQ135"",""MQ3"",""MQ5"",""MQ4"",""MQ7"",""MQ6"",""MQ2""]},""alarmLatched"":false}"
2026-08-04 11:10:01.946 +07:00,160.819,HOT_SWEEP_70,70,700,300,1,0,0.109672271,0.003986337,0.004834281,-0.002520179,-0.005320942,-0.011847567,-0.019802369,-0.025390616,"{""deviceId"":""1001"",""nodeId"":4097,""targetChId"":""0010"",""mode"":""inference"",""uptimeMs"":6538278,""debugEnabled"":true,""power"":{""mode"":""24v"",""externalPower"":true,""batteryMv"":65535,""batteryValid"":false,""batteryDetected"":false,""batterySenseStatus"":""not_detected"",""batteryLow"":false,""batteryCritical"":false,""sourceAmbiguous"":false,""serviceHoldActive"":false,""serviceHoldEffective"":false},""batterySession"":{""state"":""inactive"",""startedMs"":0,""stateStartedMs"":0,""validSampleBatches"":0,""requiredSampleBatches"":10,""alarmTxAttempts"":0,""alarmTxAttemptLimit"":3,""alarmAckReceived"":false,""pendingAlarm"":false,""pendingSaveRequired"":false,""persistenceFaultHold"":false,""completionReason"":""session_done""},""bootHealth"":{""adsReady"":true,""adsDrdyLevel"":0,""adsDrdyPulldownLevel"":0,""adsDrdyPullupLevel"":0,""adsMisoPulldownLevel"":0,""adsMisoPullupLevel"":1,""adsCsLevel"":1,""adsSyncLevel"":1,""adsStatus"":54,""adsMux"":15,""adsAdcon"":6,""adsDrate"":240,""adsReason"":""ok"",""tcaOk"":true,""mcpOkCount"":8,""mcpOk"":[true,true,true,true,true,true,true,true],""mcpAddrMask"":[1,1,1,1,1,1,1,1],""mcpControlTested"":true,""mcpControlOkCount"":8,""mcpControlOk"":[true,true,true,true,true,true,true,true],""dacReady"":true,""radioReady"":true,""mlReady"":true,""nullingProfileApplied"":true,""modelProfileReady"":false},""runtimeMcpCode"":[255,519,795,706,799,865,665,139],""model"":{""profileId"":""cnn-dualbranch-datasheet-v1-unbound"",""scalerProfileId"":""cnn-dualbranch-datasheet-v1-unbound"",""productionApproved"":true,""boundNullingProfileId"":8,""activeNullingProfileId"":9,""bindingValid"":true,""bindingModelMatches"":true,""profileReady"":false,""inferenceValid"":false,""sensorFault"":true},""lora"":{""beginState"":0,""lastTxState"":0,""lastTxOk"":false,""txSeq"":0,""txCounter"":0,""aesKeyProvisioned"":true,""aesKeyPresent"":true,""aesKeySource"":""nvs"",""keyId"":1,""lastDownlinkCommandId"":0,""freqMHz"":920,""bwKHz"":125,""sf"":7,""cr"":5,""syncWord"":18,""txPowerDbm"":17,""preamble"":8,""tcxoVoltage"":1.600000024,""xtalVoltage"":0},""dataset"":{""state"":""idle"",""step"":""idle"",""label"":"""",""seq"":0,""targetSamples"":0,""sampleIntervalMs"":500,""maxDurationMs"":0,""useFanIntake"":true,""fanOnMs"":1000,""postFanSettleMs"":0,""nullingProfileId"":9,""queuePending"":0,""queueCapacity"":16,""queueEnqueued"":0,""queueDropped"":0,""publishFailCount"":0,""retryCount"":0,""retryFailCount"":0,""rejectedSamples"":0,""lastRejectReason"":""none"",""lastRejectChannel"":-1,""lastRejectOkFiniteCount"":0,""lastRejectStatus"":255,""lastRejectGain"":0,""lastRejectSaturated"":false},""recovery"":{""wifiReconnectCount"":0,""wifiReconnectFailCount"":0,""mqttReconnectCount"":0,""mqttConnectFailCount"":0,""lastMqttState"":0,""adsRecoveryCount"":0,""adsRecoveryFailCount"":0,""adsReadFailStreak"":0,""lastReason"":""none"",""lastRecoveryMs"":0,""bootRecoveryArmed"":false,""bootRecoveryDueMs"":0,""bootRecoveryReason"":""none"",""bootRecoveryNonAdsFailure"":false,""bootRecoveryRestartCount"":0},""nulling"":{""done"":false,""retryArmed"":false,""attemptCount"":0,""nextRetryMs"":0,""thresholdV"":9.999999747E-06,""minFinalV"":0},""telemetry"":{""valid"":true,""sampleMs"":6537866,""gasClass"":6,""gasName"":""CO2"",""confidence"":0,""alarm"":false,""sensorVoltage"":[0.109672271,0.003986337,0.004834281,-0.002520179,-0.005320942,-0.011847567,-0.019802369,-0.025390616],""sensorGain"":[32,64,64,64,64,64,64,64],""sensorStatus"":[0,0,0,0,0,0,0,0],""featureOrder"":[""MQ8"",""MQ135"",""MQ3"",""MQ5"",""MQ4"",""MQ7"",""MQ6"",""MQ2""]},""alarmLatched"":false}"
2026-08-04 11:10:02.625 +07:00,161.490,HOT_SWEEP_70,70,700,300,1,0,0.109309949,0.003990432,0.004842443,-0.002550471,-0.006717306,-0.011839035,-0.019823069,-0.025419649,"{""deviceId"":""1001"",""nodeId"":4097,""targetChId"":""0010"",""mode"":""inference"",""uptimeMs"":6538963,""debugEnabled"":true,""power"":{""mode"":""24v"",""externalPower"":true,""batteryMv"":65535,""batteryValid"":false,""batteryDetected"":false,""batterySenseStatus"":""not_detected"",""batteryLow"":false,""batteryCritical"":false,""sourceAmbiguous"":false,""serviceHoldActive"":false,""serviceHoldEffective"":false},""batterySession"":{""state"":""inactive"",""startedMs"":0,""stateStartedMs"":0,""validSampleBatches"":0,""requiredSampleBatches"":10,""alarmTxAttempts"":0,""alarmTxAttemptLimit"":3,""alarmAckReceived"":false,""pendingAlarm"":false,""pendingSaveRequired"":false,""persistenceFaultHold"":false,""completionReason"":""session_done""},""bootHealth"":{""adsReady"":true,""adsDrdyLevel"":0,""adsDrdyPulldownLevel"":0,""adsDrdyPullupLevel"":0,""adsMisoPulldownLevel"":0,""adsMisoPullupLevel"":1,""adsCsLevel"":1,""adsSyncLevel"":1,""adsStatus"":54,""adsMux"":15,""adsAdcon"":6,""adsDrate"":240,""adsReason"":""ok"",""tcaOk"":true,""mcpOkCount"":8,""mcpOk"":[true,true,true,true,true,true,true,true],""mcpAddrMask"":[1,1,1,1,1,1,1,1],""mcpControlTested"":true,""mcpControlOkCount"":8,""mcpControlOk"":[true,true,true,true,true,true,true,true],""dacReady"":true,""radioReady"":true,""mlReady"":true,""nullingProfileApplied"":true,""modelProfileReady"":false},""runtimeMcpCode"":[255,519,795,706,799,865,665,139],""model"":{""profileId"":""cnn-dualbranch-datasheet-v1-unbound"",""scalerProfileId"":""cnn-dualbranch-datasheet-v1-unbound"",""productionApproved"":true,""boundNullingProfileId"":8,""activeNullingProfileId"":9,""bindingValid"":true,""bindingModelMatches"":true,""profileReady"":false,""inferenceValid"":false,""sensorFault"":true},""lora"":{""beginState"":0,""lastTxState"":0,""lastTxOk"":false,""txSeq"":0,""txCounter"":0,""aesKeyProvisioned"":true,""aesKeyPresent"":true,""aesKeySource"":""nvs"",""keyId"":1,""lastDownlinkCommandId"":0,""freqMHz"":920,""bwKHz"":125,""sf"":7,""cr"":5,""syncWord"":18,""txPowerDbm"":17,""preamble"":8,""tcxoVoltage"":1.600000024,""xtalVoltage"":0},""dataset"":{""state"":""idle"",""step"":""idle"",""label"":"""",""seq"":0,""targetSamples"":0,""sampleIntervalMs"":500,""maxDurationMs"":0,""useFanIntake"":true,""fanOnMs"":1000,""postFanSettleMs"":0,""nullingProfileId"":9,""queuePending"":0,""queueCapacity"":16,""queueEnqueued"":0,""queueDropped"":0,""publishFailCount"":0,""retryCount"":0,""retryFailCount"":0,""rejectedSamples"":0,""lastRejectReason"":""none"",""lastRejectChannel"":-1,""lastRejectOkFiniteCount"":0,""lastRejectStatus"":255,""lastRejectGain"":0,""lastRejectSaturated"":false},""recovery"":{""wifiReconnectCount"":0,""wifiReconnectFailCount"":0,""mqttReconnectCount"":0,""mqttConnectFailCount"":0,""lastMqttState"":0,""adsRecoveryCount"":0,""adsRecoveryFailCount"":0,""adsReadFailStreak"":0,""lastReason"":""none"",""lastRecoveryMs"":0,""bootRecoveryArmed"":false,""bootRecoveryDueMs"":0,""bootRecoveryReason"":""none"",""bootRecoveryNonAdsFailure"":false,""bootRecoveryRestartCount"":0},""nulling"":{""done"":false,""retryArmed"":false,""attemptCount"":0,""nextRetryMs"":0,""thresholdV"":9.999999747E-06,""minFinalV"":0},""telemetry"":{""valid"":true,""sampleMs"":6538556,""gasClass"":6,""gasName"":""CO2"",""confidence"":0,""alarm"":false,""sensorVoltage"":[0.109309949,0.003990432,0.004842443,-0.002550471,-0.006717306,-0.011839035,-0.019823069,-0.025419649],""sensorGain"":[32,64,64,64,64,64,64,64],""sensorStatus"":[0,0,0,0,0,0,0,0],""featureOrder"":[""MQ8"",""MQ135"",""MQ3"",""MQ5"",""MQ4"",""MQ7"",""MQ6"",""MQ2""]},""alarmLatched"":false}"
2026-08-04 11:10:03.319 +07:00,162.200,HOT_SWEEP_70,70,700,300,1,0,0.109304592,0.003973209,0.004855177,-0.002650493,-0.006945735,-0.011800522,-0.019858424,-0.025434887,"{""deviceId"":""1001"",""nodeId"":4097,""targetChId"":""0010"",""mode"":""inference"",""uptimeMs"":6539661,""debugEnabled"":true,""power"":{""mode"":""24v"",""externalPower"":true,""batteryMv"":65535,""batteryValid"":false,""batteryDetected"":false,""batterySenseStatus"":""not_detected"",""batteryLow"":false,""batteryCritical"":false,""sourceAmbiguous"":false,""serviceHoldActive"":false,""serviceHoldEffective"":false},""batterySession"":{""state"":""inactive"",""startedMs"":0,""stateStartedMs"":0,""validSampleBatches"":0,""requiredSampleBatches"":10,""alarmTxAttempts"":0,""alarmTxAttemptLimit"":3,""alarmAckReceived"":false,""pendingAlarm"":false,""pendingSaveRequired"":false,""persistenceFaultHold"":false,""completionReason"":""session_done""},""bootHealth"":{""adsReady"":true,""adsDrdyLevel"":0,""adsDrdyPulldownLevel"":0,""adsDrdyPullupLevel"":0,""adsMisoPulldownLevel"":0,""adsMisoPullupLevel"":1,""adsCsLevel"":1,""adsSyncLevel"":1,""adsStatus"":54,""adsMux"":15,""adsAdcon"":6,""adsDrate"":240,""adsReason"":""ok"",""tcaOk"":true,""mcpOkCount"":8,""mcpOk"":[true,true,true,true,true,true,true,true],""mcpAddrMask"":[1,1,1,1,1,1,1,1],""mcpControlTested"":true,""mcpControlOkCount"":8,""mcpControlOk"":[true,true,true,true,true,true,true,true],""dacReady"":true,""radioReady"":true,""mlReady"":true,""nullingProfileApplied"":true,""modelProfileReady"":false},""runtimeMcpCode"":[255,519,795,706,799,865,665,139],""model"":{""profileId"":""cnn-dualbranch-datasheet-v1-unbound"",""scalerProfileId"":""cnn-dualbranch-datasheet-v1-unbound"",""productionApproved"":true,""boundNullingProfileId"":8,""activeNullingProfileId"":9,""bindingValid"":true,""bindingModelMatches"":true,""profileReady"":false,""inferenceValid"":false,""sensorFault"":true},""lora"":{""beginState"":0,""lastTxState"":0,""lastTxOk"":false,""txSeq"":0,""txCounter"":0,""aesKeyProvisioned"":true,""aesKeyPresent"":true,""aesKeySource"":""nvs"",""keyId"":1,""lastDownlinkCommandId"":0,""freqMHz"":920,""bwKHz"":125,""sf"":7,""cr"":5,""syncWord"":18,""txPowerDbm"":17,""preamble"":8,""tcxoVoltage"":1.600000024,""xtalVoltage"":0},""dataset"":{""state"":""idle"",""step"":""idle"",""label"":"""",""seq"":0,""targetSamples"":0,""sampleIntervalMs"":500,""maxDurationMs"":0,""useFanIntake"":true,""fanOnMs"":1000,""postFanSettleMs"":0,""nullingProfileId"":9,""queuePending"":0,""queueCapacity"":16,""queueEnqueued"":0,""queueDropped"":0,""publishFailCount"":0,""retryCount"":0,""retryFailCount"":0,""rejectedSamples"":0,""lastRejectReason"":""none"",""lastRejectChannel"":-1,""lastRejectOkFiniteCount"":0,""lastRejectStatus"":255,""lastRejectGain"":0,""lastRejectSaturated"":false},""recovery"":{""wifiReconnectCount"":0,""wifiReconnectFailCount"":0,""mqttReconnectCount"":0,""mqttConnectFailCount"":0,""lastMqttState"":0,""adsRecoveryCount"":0,""adsRecoveryFailCount"":0,""adsReadFailStreak"":0,""lastReason"":""none"",""lastRecoveryMs"":0,""bootRecoveryArmed"":false,""bootRecoveryDueMs"":0,""bootRecoveryReason"":""none"",""bootRecoveryNonAdsFailure"":false,""bootRecoveryRestartCount"":0},""nulling"":{""done"":false,""retryArmed"":false,""attemptCount"":0,""nextRetryMs"":0,""thresholdV"":9.999999747E-06,""minFinalV"":0},""telemetry"":{""valid"":true,""sampleMs"":6539273,""gasClass"":6,""gasName"":""CO2"",""confidence"":0,""alarm"":false,""sensorVoltage"":[0.109304592,0.003973209,0.004855177,-0.002650493,-0.006945735,-0.011800522,-0.019858424,-0.025434887],""sensorGain"":[32,64,64,64,64,64,64,64],""sensorStatus"":[0,0,0,0,0,0,0,0],""featureOrder"":[""MQ8"",""MQ135"",""MQ3"",""MQ5"",""MQ4"",""MQ7"",""MQ6"",""MQ2""]},""alarmLatched"":false}"
2026-08-04 11:10:04.010 +07:00,162.875,HOT_SWEEP_70,70,700,300,1,0,0.109907225,0.003970162,0.004887008,-0.00264481,-0.00695545,-0.01160656,-0.019485507,-0.025013909,"{""deviceId"":""1001"",""nodeId"":4097,""targetChId"":""0010"",""mode"":""inference"",""uptimeMs"":6540350,""debugEnabled"":true,""power"":{""mode"":""24v"",""externalPower"":true,""batteryMv"":65535,""batteryValid"":false,""batteryDetected"":false,""batterySenseStatus"":""not_detected"",""batteryLow"":false,""batteryCritical"":false,""sourceAmbiguous"":false,""serviceHoldActive"":false,""serviceHoldEffective"":false},""batterySession"":{""state"":""inactive"",""startedMs"":0,""stateStartedMs"":0,""validSampleBatches"":0,""requiredSampleBatches"":10,""alarmTxAttempts"":0,""alarmTxAttemptLimit"":3,""alarmAckReceived"":false,""pendingAlarm"":false,""pendingSaveRequired"":false,""persistenceFaultHold"":false,""completionReason"":""session_done""},""bootHealth"":{""adsReady"":true,""adsDrdyLevel"":0,""adsDrdyPulldownLevel"":0,""adsDrdyPullupLevel"":0,""adsMisoPulldownLevel"":0,""adsMisoPullupLevel"":1,""adsCsLevel"":1,""adsSyncLevel"":1,""adsStatus"":54,""adsMux"":15,""adsAdcon"":6,""adsDrate"":240,""adsReason"":""ok"",""tcaOk"":true,""mcpOkCount"":8,""mcpOk"":[true,true,true,true,true,true,true,true],""mcpAddrMask"":[1,1,1,1,1,1,1,1],""mcpControlTested"":true,""mcpControlOkCount"":8,""mcpControlOk"":[true,true,true,true,true,true,true,true],""dacReady"":true,""radioReady"":true,""mlReady"":true,""nullingProfileApplied"":true,""modelProfileReady"":false},""runtimeMcpCode"":[255,519,795,706,799,865,665,139],""model"":{""profileId"":""cnn-dualbranch-datasheet-v1-unbound"",""scalerProfileId"":""cnn-dualbranch-datasheet-v1-unbound"",""productionApproved"":true,""boundNullingProfileId"":8,""activeNullingProfileId"":9,""bindingValid"":true,""bindingModelMatches"":true,""profileReady"":false,""inferenceValid"":false,""sensorFault"":true},""lora"":{""beginState"":0,""lastTxState"":0,""lastTxOk"":false,""txSeq"":0,""txCounter"":0,""aesKeyProvisioned"":true,""aesKeyPresent"":true,""aesKeySource"":""nvs"",""keyId"":1,""lastDownlinkCommandId"":0,""freqMHz"":920,""bwKHz"":125,""sf"":7,""cr"":5,""syncWord"":18,""txPowerDbm"":17,""preamble"":8,""tcxoVoltage"":1.600000024,""xtalVoltage"":0},""dataset"":{""state"":""idle"",""step"":""idle"",""label"":"""",""seq"":0,""targetSamples"":0,""sampleIntervalMs"":500,""maxDurationMs"":0,""useFanIntake"":true,""fanOnMs"":1000,""postFanSettleMs"":0,""nullingProfileId"":9,""queuePending"":0,""queueCapacity"":16,""queueEnqueued"":0,""queueDropped"":0,""publishFailCount"":0,""retryCount"":0,""retryFailCount"":0,""rejectedSamples"":0,""lastRejectReason"":""none"",""lastRejectChannel"":-1,""lastRejectOkFiniteCount"":0,""lastRejectStatus"":255,""lastRejectGain"":0,""lastRejectSaturated"":false},""recovery"":{""wifiReconnectCount"":0,""wifiReconnectFailCount"":0,""mqttReconnectCount"":0,""mqttConnectFailCount"":0,""lastMqttState"":0,""adsRecoveryCount"":0,""adsRecoveryFailCount"":0,""adsReadFailStreak"":0,""lastReason"":""none"",""lastRecoveryMs"":0,""bootRecoveryArmed"":false,""bootRecoveryDueMs"":0,""bootRecoveryReason"":""none"",""bootRecoveryNonAdsFailure"":false,""bootRecoveryRestartCount"":0},""nulling"":{""done"":false,""retryArmed"":false,""attemptCount"":0,""nextRetryMs"":0,""thresholdV"":9.999999747E-06,""minFinalV"":0},""telemetry"":{""valid"":true,""sampleMs"":6539939,""gasClass"":6,""gasName"":""CO2"",""confidence"":0,""alarm"":false,""sensorVoltage"":[0.109907225,0.003970162,0.004887008,-0.00264481,-0.00695545,-0.01160656,-0.019485507,-0.025013909],""sensorGain"":[32,64,64,64,64,64,64,64],""sensorStatus"":[0,0,0,0,0,0,0,0],""featureOrder"":[""MQ8"",""MQ135"",""MQ3"",""MQ5"",""MQ4"",""MQ7"",""MQ6"",""MQ2""]},""alarmLatched"":false}"
2026-08-04 11:10:04.691 +07:00,163.572,HOT_SWEEP_70,70,700,300,1,0,0.109522678,0.003973673,0.005002098,-0.002669192,-0.006913976,-0.011596782,-0.019496264,-0.025525283,"{""deviceId"":""1001"",""nodeId"":4097,""targetChId"":""0010"",""mode"":""inference"",""uptimeMs"":6541033,""debugEnabled"":true,""power"":{""mode"":""24v"",""externalPower"":true,""batteryMv"":65535,""batteryValid"":false,""batteryDetected"":false,""batterySenseStatus"":""not_detected"",""batteryLow"":false,""batteryCritical"":false,""sourceAmbiguous"":false,""serviceHoldActive"":false,""serviceHoldEffective"":false},""batterySession"":{""state"":""inactive"",""startedMs"":0,""stateStartedMs"":0,""validSampleBatches"":0,""requiredSampleBatches"":10,""alarmTxAttempts"":0,""alarmTxAttemptLimit"":3,""alarmAckReceived"":false,""pendingAlarm"":false,""pendingSaveRequired"":false,""persistenceFaultHold"":false,""completionReason"":""session_done""},""bootHealth"":{""adsReady"":true,""adsDrdyLevel"":0,""adsDrdyPulldownLevel"":0,""adsDrdyPullupLevel"":0,""adsMisoPulldownLevel"":0,""adsMisoPullupLevel"":1,""adsCsLevel"":1,""adsSyncLevel"":1,""adsStatus"":54,""adsMux"":15,""adsAdcon"":6,""adsDrate"":240,""adsReason"":""ok"",""tcaOk"":true,""mcpOkCount"":8,""mcpOk"":[true,true,true,true,true,true,true,true],""mcpAddrMask"":[1,1,1,1,1,1,1,1],""mcpControlTested"":true,""mcpControlOkCount"":8,""mcpControlOk"":[true,true,true,true,true,true,true,true],""dacReady"":true,""radioReady"":true,""mlReady"":true,""nullingProfileApplied"":true,""modelProfileReady"":false},""runtimeMcpCode"":[255,519,795,706,799,865,665,139],""model"":{""profileId"":""cnn-dualbranch-datasheet-v1-unbound"",""scalerProfileId"":""cnn-dualbranch-datasheet-v1-unbound"",""productionApproved"":true,""boundNullingProfileId"":8,""activeNullingProfileId"":9,""bindingValid"":true,""bindingModelMatches"":true,""profileReady"":false,""inferenceValid"":false,""sensorFault"":true},""lora"":{""beginState"":0,""lastTxState"":0,""lastTxOk"":false,""txSeq"":0,""txCounter"":0,""aesKeyProvisioned"":true,""aesKeyPresent"":true,""aesKeySource"":""nvs"",""keyId"":1,""lastDownlinkCommandId"":0,""freqMHz"":920,""bwKHz"":125,""sf"":7,""cr"":5,""syncWord"":18,""txPowerDbm"":17,""preamble"":8,""tcxoVoltage"":1.600000024,""xtalVoltage"":0},""dataset"":{""state"":""idle"",""step"":""idle"",""label"":"""",""seq"":0,""targetSamples"":0,""sampleIntervalMs"":500,""maxDurationMs"":0,""useFanIntake"":true,""fanOnMs"":1000,""postFanSettleMs"":0,""nullingProfileId"":9,""queuePending"":0,""queueCapacity"":16,""queueEnqueued"":0,""queueDropped"":0,""publishFailCount"":0,""retryCount"":0,""retryFailCount"":0,""rejectedSamples"":0,""lastRejectReason"":""none"",""lastRejectChannel"":-1,""lastRejectOkFiniteCount"":0,""lastRejectStatus"":255,""lastRejectGain"":0,""lastRejectSaturated"":false},""recovery"":{""wifiReconnectCount"":0,""wifiReconnectFailCount"":0,""mqttReconnectCount"":0,""mqttConnectFailCount"":0,""lastMqttState"":0,""adsRecoveryCount"":0,""adsRecoveryFailCount"":0,""adsReadFailStreak"":0,""lastReason"":""none"",""lastRecoveryMs"":0,""bootRecoveryArmed"":false,""bootRecoveryDueMs"":0,""bootRecoveryReason"":""none"",""bootRecoveryNonAdsFailure"":false,""bootRecoveryRestartCount"":0},""nulling"":{""done"":false,""retryArmed"":false,""attemptCount"":0,""nextRetryMs"":0,""thresholdV"":9.999999747E-06,""minFinalV"":0},""telemetry"":{""valid"":true,""sampleMs"":6540628,""gasClass"":6,""gasName"":""CO2"",""confidence"":0,""alarm"":false,""sensorVoltage"":[0.109522678,0.003973673,0.005002098,-0.002669192,-0.006913976,-0.011596782,-0.019496264,-0.025525283],""sensorGain"":[32,64,64,64,64,64,64,64],""sensorStatus"":[0,0,0,0,0,0,0,0],""featureOrder"":[""MQ8"",""MQ135"",""MQ3"",""MQ5"",""MQ4"",""MQ7"",""MQ6"",""MQ2""]},""alarmLatched"":false}"
2026-08-04 11:10:05.378 +07:00,164.259,HOT_SWEEP_70,70,700,300,1,0,0.109543517,0.003961018,0.005011297,-0.002653247,-0.006647964,-0.011602466,-0.019543085,-0.025524909,"{""deviceId"":""1001"",""nodeId"":4097,""targetChId"":""0010"",""mode"":""inference"",""uptimeMs"":6541721,""debugEnabled"":true,""power"":{""mode"":""24v"",""externalPower"":true,""batteryMv"":65535,""batteryValid"":false,""batteryDetected"":false,""batterySenseStatus"":""not_detected"",""batteryLow"":false,""batteryCritical"":false,""sourceAmbiguous"":false,""serviceHoldActive"":false,""serviceHoldEffective"":false},""batterySession"":{""state"":""inactive"",""startedMs"":0,""stateStartedMs"":0,""validSampleBatches"":0,""requiredSampleBatches"":10,""alarmTxAttempts"":0,""alarmTxAttemptLimit"":3,""alarmAckReceived"":false,""pendingAlarm"":false,""pendingSaveRequired"":false,""persistenceFaultHold"":false,""completionReason"":""session_done""},""bootHealth"":{""adsReady"":true,""adsDrdyLevel"":0,""adsDrdyPulldownLevel"":0,""adsDrdyPullupLevel"":0,""adsMisoPulldownLevel"":0,""adsMisoPullupLevel"":1,""adsCsLevel"":1,""adsSyncLevel"":1,""adsStatus"":54,""adsMux"":15,""adsAdcon"":6,""adsDrate"":240,""adsReason"":""ok"",""tcaOk"":true,""mcpOkCount"":8,""mcpOk"":[true,true,true,true,true,true,true,true],""mcpAddrMask"":[1,1,1,1,1,1,1,1],""mcpControlTested"":true,""mcpControlOkCount"":8,""mcpControlOk"":[true,true,true,true,true,true,true,true],""dacReady"":true,""radioReady"":true,""mlReady"":true,""nullingProfileApplied"":true,""modelProfileReady"":false},""runtimeMcpCode"":[255,519,795,706,799,865,665,139],""model"":{""profileId"":""cnn-dualbranch-datasheet-v1-unbound"",""scalerProfileId"":""cnn-dualbranch-datasheet-v1-unbound"",""productionApproved"":true,""boundNullingProfileId"":8,""activeNullingProfileId"":9,""bindingValid"":true,""bindingModelMatches"":true,""profileReady"":false,""inferenceValid"":false,""sensorFault"":true},""lora"":{""beginState"":0,""lastTxState"":0,""lastTxOk"":false,""txSeq"":0,""txCounter"":0,""aesKeyProvisioned"":true,""aesKeyPresent"":true,""aesKeySource"":""nvs"",""keyId"":1,""lastDownlinkCommandId"":0,""freqMHz"":920,""bwKHz"":125,""sf"":7,""cr"":5,""syncWord"":18,""txPowerDbm"":17,""preamble"":8,""tcxoVoltage"":1.600000024,""xtalVoltage"":0},""dataset"":{""state"":""idle"",""step"":""idle"",""label"":"""",""seq"":0,""targetSamples"":0,""sampleIntervalMs"":500,""maxDurationMs"":0,""useFanIntake"":true,""fanOnMs"":1000,""postFanSettleMs"":0,""nullingProfileId"":9,""queuePending"":0,""queueCapacity"":16,""queueEnqueued"":0,""queueDropped"":0,""publishFailCount"":0,""retryCount"":0,""retryFailCount"":0,""rejectedSamples"":0,""lastRejectReason"":""none"",""lastRejectChannel"":-1,""lastRejectOkFiniteCount"":0,""lastRejectStatus"":255,""lastRejectGain"":0,""lastRejectSaturated"":false},""recovery"":{""wifiReconnectCount"":0,""wifiReconnectFailCount"":0,""mqttReconnectCount"":0,""mqttConnectFailCount"":0,""lastMqttState"":0,""adsRecoveryCount"":0,""adsRecoveryFailCount"":0,""adsReadFailStreak"":0,""lastReason"":""none"",""lastRecoveryMs"":0,""bootRecoveryArmed"":false,""bootRecoveryDueMs"":0,""bootRecoveryReason"":""none"",""bootRecoveryNonAdsFailure"":false,""bootRecoveryRestartCount"":0},""nulling"":{""done"":false,""retryArmed"":false,""attemptCount"":0,""nextRetryMs"":0,""thresholdV"":9.999999747E-06,""minFinalV"":0},""telemetry"":{""valid"":true,""sampleMs"":6541343,""gasClass"":6,""gasName"":""CO2"",""confidence"":0,""alarm"":false,""sensorVoltage"":[0.109543517,0.003961018,0.005011297,-0.002653247,-0.006647964,-0.011602466,-0.019543085,-0.025524909],""sensorGain"":[32,64,64,64,64,64,64,64],""sensorStatus"":[0,0,0,0,0,0,0,0],""featureOrder"":[""MQ8"",""MQ135"",""MQ3"",""MQ5"",""MQ4"",""MQ7"",""MQ6"",""MQ2""]},""alarmLatched"":false}"
2026-08-04 11:10:06.085 +07:00,164.966,HOT_SWEEP_70,70,700,300,1,0,0.110536017,0.00395488,0.004976695,-0.002630229,-0.007737778,-0.011336387,-0.019169172,-0.025521979,"{""deviceId"":""1001"",""nodeId"":4097,""targetChId"":""0010"",""mode"":""inference"",""uptimeMs"":6542426,""debugEnabled"":true,""power"":{""mode"":""24v"",""externalPower"":true,""batteryMv"":65535,""batteryValid"":false,""batteryDetected"":false,""batterySenseStatus"":""not_detected"",""batteryLow"":false,""batteryCritical"":false,""sourceAmbiguous"":false,""serviceHoldActive"":false,""serviceHoldEffective"":false},""batterySession"":{""state"":""inactive"",""startedMs"":0,""stateStartedMs"":0,""validSampleBatches"":0,""requiredSampleBatches"":10,""alarmTxAttempts"":0,""alarmTxAttemptLimit"":3,""alarmAckReceived"":false,""pendingAlarm"":false,""pendingSaveRequired"":false,""persistenceFaultHold"":false,""completionReason"":""session_done""},""bootHealth"":{""adsReady"":true,""adsDrdyLevel"":0,""adsDrdyPulldownLevel"":0,""adsDrdyPullupLevel"":0,""adsMisoPulldownLevel"":0,""adsMisoPullupLevel"":1,""adsCsLevel"":1,""adsSyncLevel"":1,""adsStatus"":54,""adsMux"":15,""adsAdcon"":6,""adsDrate"":240,""adsReason"":""ok"",""tcaOk"":true,""mcpOkCount"":8,""mcpOk"":[true,true,true,true,true,true,true,true],""mcpAddrMask"":[1,1,1,1,1,1,1,1],""mcpControlTested"":true,""mcpControlOkCount"":8,""mcpControlOk"":[true,true,true,true,true,true,true,true],""dacReady"":true,""radioReady"":true,""mlReady"":true,""nullingProfileApplied"":true,""modelProfileReady"":false},""runtimeMcpCode"":[255,519,795,706,799,865,665,139],""model"":{""profileId"":""cnn-dualbranch-datasheet-v1-unbound"",""scalerProfileId"":""cnn-dualbranch-datasheet-v1-unbound"",""productionApproved"":true,""boundNullingProfileId"":8,""activeNullingProfileId"":9,""bindingValid"":true,""bindingModelMatches"":true,""profileReady"":false,""inferenceValid"":false,""sensorFault"":true},""lora"":{""beginState"":0,""lastTxState"":0,""lastTxOk"":false,""txSeq"":0,""txCounter"":0,""aesKeyProvisioned"":true,""aesKeyPresent"":true,""aesKeySource"":""nvs"",""keyId"":1,""lastDownlinkCommandId"":0,""freqMHz"":920,""bwKHz"":125,""sf"":7,""cr"":5,""syncWord"":18,""txPowerDbm"":17,""preamble"":8,""tcxoVoltage"":1.600000024,""xtalVoltage"":0},""dataset"":{""state"":""idle"",""step"":""idle"",""label"":"""",""seq"":0,""targetSamples"":0,""sampleIntervalMs"":500,""maxDurationMs"":0,""useFanIntake"":true,""fanOnMs"":1000,""postFanSettleMs"":0,""nullingProfileId"":9,""queuePending"":0,""queueCapacity"":16,""queueEnqueued"":0,""queueDropped"":0,""publishFailCount"":0,""retryCount"":0,""retryFailCount"":0,""rejectedSamples"":0,""lastRejectReason"":""none"",""lastRejectChannel"":-1,""lastRejectOkFiniteCount"":0,""lastRejectStatus"":255,""lastRejectGain"":0,""lastRejectSaturated"":false},""recovery"":{""wifiReconnectCount"":0,""wifiReconnectFailCount"":0,""mqttReconnectCount"":0,""mqttConnectFailCount"":0,""lastMqttState"":0,""adsRecoveryCount"":0,""adsRecoveryFailCount"":0,""adsReadFailStreak"":0,""lastReason"":""none"",""lastRecoveryMs"":0,""bootRecoveryArmed"":false,""bootRecoveryDueMs"":0,""bootRecoveryReason"":""none"",""bootRecoveryNonAdsFailure"":false,""bootRecoveryRestartCount"":0},""nulling"":{""done"":false,""retryArmed"":false,""attemptCount"":0,""nextRetryMs"":0,""thresholdV"":9.999999747E-06,""minFinalV"":0},""telemetry"":{""valid"":true,""sampleMs"":6541999,""gasClass"":6,""gasName"":""CO2"",""confidence"":0,""alarm"":false,""sensorVoltage"":[0.110536017,0.00395488,0.004976695,-0.002630229,-0.007737778,-0.011336387,-0.019169172,-0.025521979],""sensorGain"":[32,64,64,64,64,64,64,64],""sensorStatus"":[0,0,0,0,0,0,0,0],""featureOrder"":[""MQ8"",""MQ135"",""MQ3"",""MQ5"",""MQ4"",""MQ7"",""MQ6"",""MQ2""]},""alarmLatched"":false}"
2026-08-04 11:10:06.773 +07:00,165.647,HOT_SWEEP_70,70,700,300,1,0,0.110339269,0.003943427,0.004977965,-0.00259192,-0.006478338,-0.01163516,-0.019540291,-0.025534892,"{""deviceId"":""1001"",""nodeId"":4097,""targetChId"":""0010"",""mode"":""inference"",""uptimeMs"":6543111,""debugEnabled"":true,""power"":{""mode"":""24v"",""externalPower"":true,""batteryMv"":65535,""batteryValid"":false,""batteryDetected"":false,""batterySenseStatus"":""not_detected"",""batteryLow"":false,""batteryCritical"":false,""sourceAmbiguous"":false,""serviceHoldActive"":false,""serviceHoldEffective"":false},""batterySession"":{""state"":""inactive"",""startedMs"":0,""stateStartedMs"":0,""validSampleBatches"":0,""requiredSampleBatches"":10,""alarmTxAttempts"":0,""alarmTxAttemptLimit"":3,""alarmAckReceived"":false,""pendingAlarm"":false,""pendingSaveRequired"":false,""persistenceFaultHold"":false,""completionReason"":""session_done""},""bootHealth"":{""adsReady"":true,""adsDrdyLevel"":0,""adsDrdyPulldownLevel"":0,""adsDrdyPullupLevel"":0,""adsMisoPulldownLevel"":0,""adsMisoPullupLevel"":1,""adsCsLevel"":1,""adsSyncLevel"":1,""adsStatus"":54,""adsMux"":15,""adsAdcon"":6,""adsDrate"":240,""adsReason"":""ok"",""tcaOk"":true,""mcpOkCount"":8,""mcpOk"":[true,true,true,true,true,true,true,true],""mcpAddrMask"":[1,1,1,1,1,1,1,1],""mcpControlTested"":true,""mcpControlOkCount"":8,""mcpControlOk"":[true,true,true,true,true,true,true,true],""dacReady"":true,""radioReady"":true,""mlReady"":true,""nullingProfileApplied"":true,""modelProfileReady"":false},""runtimeMcpCode"":[255,519,795,706,799,865,665,139],""model"":{""profileId"":""cnn-dualbranch-datasheet-v1-unbound"",""scalerProfileId"":""cnn-dualbranch-datasheet-v1-unbound"",""productionApproved"":true,""boundNullingProfileId"":8,""activeNullingProfileId"":9,""bindingValid"":true,""bindingModelMatches"":true,""profileReady"":false,""inferenceValid"":false,""sensorFault"":true},""lora"":{""beginState"":0,""lastTxState"":0,""lastTxOk"":false,""txSeq"":0,""txCounter"":0,""aesKeyProvisioned"":true,""aesKeyPresent"":true,""aesKeySource"":""nvs"",""keyId"":1,""lastDownlinkCommandId"":0,""freqMHz"":920,""bwKHz"":125,""sf"":7,""cr"":5,""syncWord"":18,""txPowerDbm"":17,""preamble"":8,""tcxoVoltage"":1.600000024,""xtalVoltage"":0},""dataset"":{""state"":""idle"",""step"":""idle"",""label"":"""",""seq"":0,""targetSamples"":0,""sampleIntervalMs"":500,""maxDurationMs"":0,""useFanIntake"":true,""fanOnMs"":1000,""postFanSettleMs"":0,""nullingProfileId"":9,""queuePending"":0,""queueCapacity"":16,""queueEnqueued"":0,""queueDropped"":0,""publishFailCount"":0,""retryCount"":0,""retryFailCount"":0,""rejectedSamples"":0,""lastRejectReason"":""none"",""lastRejectChannel"":-1,""lastRejectOkFiniteCount"":0,""lastRejectStatus"":255,""lastRejectGain"":0,""lastRejectSaturated"":false},""recovery"":{""wifiReconnectCount"":0,""wifiReconnectFailCount"":0,""mqttReconnectCount"":0,""mqttConnectFailCount"":0,""lastMqttState"":0,""adsRecoveryCount"":0,""adsRecoveryFailCount"":0,""adsReadFailStreak"":0,""lastReason"":""none"",""lastRecoveryMs"":0,""bootRecoveryArmed"":false,""bootRecoveryDueMs"":0,""bootRecoveryReason"":""none"",""bootRecoveryNonAdsFailure"":false,""bootRecoveryRestartCount"":0},""nulling"":{""done"":false,""retryArmed"":false,""attemptCount"":0,""nextRetryMs"":0,""thresholdV"":9.999999747E-06,""minFinalV"":0},""telemetry"":{""valid"":true,""sampleMs"":6542704,""gasClass"":6,""gasName"":""CO2"",""confidence"":0,""alarm"":false,""sensorVoltage"":[0.110339269,0.003943427,0.004977965,-0.00259192,-0.006478338,-0.01163516,-0.019540291,-0.025534892],""sensorGain"":[32,64,64,64,64,64,64,64],""sensorStatus"":[0,0,0,0,0,0,0,0],""featureOrder"":[""MQ8"",""MQ135"",""MQ3"",""MQ5"",""MQ4"",""MQ7"",""MQ6"",""MQ2""]},""alarmLatched"":false}"
2026-08-04 11:10:07.462 +07:00,166.341,HOT_SWEEP_70,70,700,300,1,0,0.110150121,0.003900222,0.004905642,-0.002601986,-0.005965714,-0.011643899,-0.019509099,-0.025536573,"{""deviceId"":""1001"",""nodeId"":4097,""targetChId"":""0010"",""mode"":""inference"",""uptimeMs"":6543801,""debugEnabled"":true,""power"":{""mode"":""24v"",""externalPower"":true,""batteryMv"":65535,""batteryValid"":false,""batteryDetected"":false,""batterySenseStatus"":""not_detected"",""batteryLow"":false,""batteryCritical"":false,""sourceAmbiguous"":false,""serviceHoldActive"":false,""serviceHoldEffective"":false},""batterySession"":{""state"":""inactive"",""startedMs"":0,""stateStartedMs"":0,""validSampleBatches"":0,""requiredSampleBatches"":10,""alarmTxAttempts"":0,""alarmTxAttemptLimit"":3,""alarmAckReceived"":false,""pendingAlarm"":false,""pendingSaveRequired"":false,""persistenceFaultHold"":false,""completionReason"":""session_done""},""bootHealth"":{""adsReady"":true,""adsDrdyLevel"":0,""adsDrdyPulldownLevel"":0,""adsDrdyPullupLevel"":0,""adsMisoPulldownLevel"":0,""adsMisoPullupLevel"":1,""adsCsLevel"":1,""adsSyncLevel"":1,""adsStatus"":54,""adsMux"":15,""adsAdcon"":6,""adsDrate"":240,""adsReason"":""ok"",""tcaOk"":true,""mcpOkCount"":8,""mcpOk"":[true,true,true,true,true,true,true,true],""mcpAddrMask"":[1,1,1,1,1,1,1,1],""mcpControlTested"":true,""mcpControlOkCount"":8,""mcpControlOk"":[true,true,true,true,true,true,true,true],""dacReady"":true,""radioReady"":true,""mlReady"":true,""nullingProfileApplied"":true,""modelProfileReady"":false},""runtimeMcpCode"":[255,519,795,706,799,865,665,139],""model"":{""profileId"":""cnn-dualbranch-datasheet-v1-unbound"",""scalerProfileId"":""cnn-dualbranch-datasheet-v1-unbound"",""productionApproved"":true,""boundNullingProfileId"":8,""activeNullingProfileId"":9,""bindingValid"":true,""bindingModelMatches"":true,""profileReady"":false,""inferenceValid"":false,""sensorFault"":true},""lora"":{""beginState"":0,""lastTxState"":0,""lastTxOk"":false,""txSeq"":0,""txCounter"":0,""aesKeyProvisioned"":true,""aesKeyPresent"":true,""aesKeySource"":""nvs"",""keyId"":1,""lastDownlinkCommandId"":0,""freqMHz"":920,""bwKHz"":125,""sf"":7,""cr"":5,""syncWord"":18,""txPowerDbm"":17,""preamble"":8,""tcxoVoltage"":1.600000024,""xtalVoltage"":0},""dataset"":{""state"":""idle"",""step"":""idle"",""label"":"""",""seq"":0,""targetSamples"":0,""sampleIntervalMs"":500,""maxDurationMs"":0,""useFanIntake"":true,""fanOnMs"":1000,""postFanSettleMs"":0,""nullingProfileId"":9,""queuePending"":0,""queueCapacity"":16,""queueEnqueued"":0,""queueDropped"":0,""publishFailCount"":0,""retryCount"":0,""retryFailCount"":0,""rejectedSamples"":0,""lastRejectReason"":""none"",""lastRejectChannel"":-1,""lastRejectOkFiniteCount"":0,""lastRejectStatus"":255,""lastRejectGain"":0,""lastRejectSaturated"":false},""recovery"":{""wifiReconnectCount"":0,""wifiReconnectFailCount"":0,""mqttReconnectCount"":0,""mqttConnectFailCount"":0,""lastMqttState"":0,""adsRecoveryCount"":0,""adsRecoveryFailCount"":0,""adsReadFailStreak"":0,""lastReason"":""none"",""lastRecoveryMs"":0,""bootRecoveryArmed"":false,""bootRecoveryDueMs"":0,""bootRecoveryReason"":""none"",""bootRecoveryNonAdsFailure"":false,""bootRecoveryRestartCount"":0},""nulling"":{""done"":false,""retryArmed"":false,""attemptCount"":0,""nextRetryMs"":0,""thresholdV"":9.999999747E-06,""minFinalV"":0},""telemetry"":{""valid"":true,""sampleMs"":6543421,""gasClass"":6,""gasName"":""CO2"",""confidence"":0,""alarm"":false,""sensorVoltage"":[0.110150121,0.003900222,0.004905642,-0.002601986,-0.005965714,-0.011643899,-0.019509099,-0.025536573],""sensorGain"":[32,64,64,64,64,64,64,64],""sensorStatus"":[0,0,0,0,0,0,0,0],""featureOrder"":[""MQ8"",""MQ135"",""MQ3"",""MQ5"",""MQ4"",""MQ7"",""MQ6"",""MQ2""]},""alarmLatched"":false}"
2026-08-04 11:10:08.139 +07:00,167.020,HOT_SWEEP_70,70,700,300,1,0,0.11132358,0.00388029,0.004818252,-0.002579797,-0.00596423,-0.011562778,-0.019519486,-0.025493965,"{""deviceId"":""1001"",""nodeId"":4097,""targetChId"":""0010"",""mode"":""inference"",""uptimeMs"":6544493,""debugEnabled"":true,""power"":{""mode"":""24v"",""externalPower"":true,""batteryMv"":65535,""batteryValid"":false,""batteryDetected"":false,""batterySenseStatus"":""not_detected"",""batteryLow"":false,""batteryCritical"":false,""sourceAmbiguous"":false,""serviceHoldActive"":false,""serviceHoldEffective"":false},""batterySession"":{""state"":""inactive"",""startedMs"":0,""stateStartedMs"":0,""validSampleBatches"":0,""requiredSampleBatches"":10,""alarmTxAttempts"":0,""alarmTxAttemptLimit"":3,""alarmAckReceived"":false,""pendingAlarm"":false,""pendingSaveRequired"":false,""persistenceFaultHold"":false,""completionReason"":""session_done""},""bootHealth"":{""adsReady"":true,""adsDrdyLevel"":0,""adsDrdyPulldownLevel"":0,""adsDrdyPullupLevel"":0,""adsMisoPulldownLevel"":0,""adsMisoPullupLevel"":1,""adsCsLevel"":1,""adsSyncLevel"":1,""adsStatus"":54,""adsMux"":15,""adsAdcon"":6,""adsDrate"":240,""adsReason"":""ok"",""tcaOk"":true,""mcpOkCount"":8,""mcpOk"":[true,true,true,true,true,true,true,true],""mcpAddrMask"":[1,1,1,1,1,1,1,1],""mcpControlTested"":true,""mcpControlOkCount"":8,""mcpControlOk"":[true,true,true,true,true,true,true,true],""dacReady"":true,""radioReady"":true,""mlReady"":true,""nullingProfileApplied"":true,""modelProfileReady"":false},""runtimeMcpCode"":[255,519,795,706,799,865,665,139],""model"":{""profileId"":""cnn-dualbranch-datasheet-v1-unbound"",""scalerProfileId"":""cnn-dualbranch-datasheet-v1-unbound"",""productionApproved"":true,""boundNullingProfileId"":8,""activeNullingProfileId"":9,""bindingValid"":true,""bindingModelMatches"":true,""profileReady"":false,""inferenceValid"":false,""sensorFault"":true},""lora"":{""beginState"":0,""lastTxState"":0,""lastTxOk"":false,""txSeq"":0,""txCounter"":0,""aesKeyProvisioned"":true,""aesKeyPresent"":true,""aesKeySource"":""nvs"",""keyId"":1,""lastDownlinkCommandId"":0,""freqMHz"":920,""bwKHz"":125,""sf"":7,""cr"":5,""syncWord"":18,""txPowerDbm"":17,""preamble"":8,""tcxoVoltage"":1.600000024,""xtalVoltage"":0},""dataset"":{""state"":""idle"",""step"":""idle"",""label"":"""",""seq"":0,""targetSamples"":0,""sampleIntervalMs"":500,""maxDurationMs"":0,""useFanIntake"":true,""fanOnMs"":1000,""postFanSettleMs"":0,""nullingProfileId"":9,""queuePending"":0,""queueCapacity"":16,""queueEnqueued"":0,""queueDropped"":0,""publishFailCount"":0,""retryCount"":0,""retryFailCount"":0,""rejectedSamples"":0,""lastRejectReason"":""none"",""lastRejectChannel"":-1,""lastRejectOkFiniteCount"":0,""lastRejectStatus"":255,""lastRejectGain"":0,""lastRejectSaturated"":false},""recovery"":{""wifiReconnectCount"":0,""wifiReconnectFailCount"":0,""mqttReconnectCount"":0,""mqttConnectFailCount"":0,""lastMqttState"":0,""adsRecoveryCount"":0,""adsRecoveryFailCount"":0,""adsReadFailStreak"":0,""lastReason"":""none"",""lastRecoveryMs"":0,""bootRecoveryArmed"":false,""bootRecoveryDueMs"":0,""bootRecoveryReason"":""none"",""bootRecoveryNonAdsFailure"":false,""bootRecoveryRestartCount"":0},""nulling"":{""done"":false,""retryArmed"":false,""attemptCount"":0,""nextRetryMs"":0,""thresholdV"":9.999999747E-06,""minFinalV"":0},""telemetry"":{""valid"":true,""sampleMs"":6544079,""gasClass"":6,""gasName"":""CO2"",""confidence"":0,""alarm"":false,""sensorVoltage"":[0.11132358,0.00388029,0.004818252,-0.002579797,-0.00596423,-0.011562778,-0.019519486,-0.025493965],""sensorGain"":[32,64,64,64,64,64,64,64],""sensorStatus"":[0,0,0,0,0,0,0,0],""featureOrder"":[""MQ8"",""MQ135"",""MQ3"",""MQ5"",""MQ4"",""MQ7"",""MQ6"",""MQ2""]},""alarmLatched"":false}"
2026-08-04 11:10:08.854 +07:00,167.735,HOT_SWEEP_70,70,700,300,1,0,0.111092784,0.003927025,0.004872951,-0.002623656,-0.005955006,-0.011550644,-0.019517472,-0.025432128,"{""deviceId"":""1001"",""nodeId"":4097,""targetChId"":""0010"",""mode"":""inference"",""uptimeMs"":6545195,""debugEnabled"":true,""power"":{""mode"":""24v"",""externalPower"":true,""batteryMv"":65535,""batteryValid"":false,""batteryDetected"":false,""batterySenseStatus"":""not_detected"",""batteryLow"":false,""batteryCritical"":false,""sourceAmbiguous"":false,""serviceHoldActive"":false,""serviceHoldEffective"":false},""batterySession"":{""state"":""inactive"",""startedMs"":0,""stateStartedMs"":0,""validSampleBatches"":0,""requiredSampleBatches"":10,""alarmTxAttempts"":0,""alarmTxAttemptLimit"":3,""alarmAckReceived"":false,""pendingAlarm"":false,""pendingSaveRequired"":false,""persistenceFaultHold"":false,""completionReason"":""session_done""},""bootHealth"":{""adsReady"":true,""adsDrdyLevel"":0,""adsDrdyPulldownLevel"":0,""adsDrdyPullupLevel"":0,""adsMisoPulldownLevel"":0,""adsMisoPullupLevel"":1,""adsCsLevel"":1,""adsSyncLevel"":1,""adsStatus"":54,""adsMux"":15,""adsAdcon"":6,""adsDrate"":240,""adsReason"":""ok"",""tcaOk"":true,""mcpOkCount"":8,""mcpOk"":[true,true,true,true,true,true,true,true],""mcpAddrMask"":[1,1,1,1,1,1,1,1],""mcpControlTested"":true,""mcpControlOkCount"":8,""mcpControlOk"":[true,true,true,true,true,true,true,true],""dacReady"":true,""radioReady"":true,""mlReady"":true,""nullingProfileApplied"":true,""modelProfileReady"":false},""runtimeMcpCode"":[255,519,795,706,799,865,665,139],""model"":{""profileId"":""cnn-dualbranch-datasheet-v1-unbound"",""scalerProfileId"":""cnn-dualbranch-datasheet-v1-unbound"",""productionApproved"":true,""boundNullingProfileId"":8,""activeNullingProfileId"":9,""bindingValid"":true,""bindingModelMatches"":true,""profileReady"":false,""inferenceValid"":false,""sensorFault"":true},""lora"":{""beginState"":0,""lastTxState"":0,""lastTxOk"":false,""txSeq"":0,""txCounter"":0,""aesKeyProvisioned"":true,""aesKeyPresent"":true,""aesKeySource"":""nvs"",""keyId"":1,""lastDownlinkCommandId"":0,""freqMHz"":920,""bwKHz"":125,""sf"":7,""cr"":5,""syncWord"":18,""txPowerDbm"":17,""preamble"":8,""tcxoVoltage"":1.600000024,""xtalVoltage"":0},""dataset"":{""state"":""idle"",""step"":""idle"",""label"":"""",""seq"":0,""targetSamples"":0,""sampleIntervalMs"":500,""maxDurationMs"":0,""useFanIntake"":true,""fanOnMs"":1000,""postFanSettleMs"":0,""nullingProfileId"":9,""queuePending"":0,""queueCapacity"":16,""queueEnqueued"":0,""queueDropped"":0,""publishFailCount"":0,""retryCount"":0,""retryFailCount"":0,""rejectedSamples"":0,""lastRejectReason"":""none"",""lastRejectChannel"":-1,""lastRejectOkFiniteCount"":0,""lastRejectStatus"":255,""lastRejectGain"":0,""lastRejectSaturated"":false},""recovery"":{""wifiReconnectCount"":0,""wifiReconnectFailCount"":0,""mqttReconnectCount"":0,""mqttConnectFailCount"":0,""lastMqttState"":0,""adsRecoveryCount"":0,""adsRecoveryFailCount"":0,""adsReadFailStreak"":0,""lastReason"":""none"",""lastRecoveryMs"":0,""bootRecoveryArmed"":false,""bootRecoveryDueMs"":0,""bootRecoveryReason"":""none"",""bootRecoveryNonAdsFailure"":false,""bootRecoveryRestartCount"":0},""nulling"":{""done"":false,""retryArmed"":false,""attemptCount"":0,""nextRetryMs"":0,""thresholdV"":9.999999747E-06,""minFinalV"":0},""telemetry"":{""valid"":true,""sampleMs"":6544771,""gasClass"":6,""gasName"":""CO2"",""confidence"":0,""alarm"":false,""sensorVoltage"":[0.111092784,0.003927025,0.004872951,-0.002623656,-0.005955006,-0.011550644,-0.019517472,-0.025432128],""sensorGain"":[32,64,64,64,64,64,64,64],""sensorStatus"":[0,0,0,0,0,0,0,0],""featureOrder"":[""MQ8"",""MQ135"",""MQ3"",""MQ5"",""MQ4"",""MQ7"",""MQ6"",""MQ2""]},""alarmLatched"":false}"
2026-08-04 11:10:09.547 +07:00,168.428,HOT_SWEEP_70,70,700,300,1,0,0.110917188,0.003994741,0.004840109,-0.002612288,-0.005948545,-0.011501009,-0.019465046,-0.025424641,"{""deviceId"":""1001"",""nodeId"":4097,""targetChId"":""0010"",""mode"":""inference"",""uptimeMs"":6545891,""debugEnabled"":true,""power"":{""mode"":""24v"",""externalPower"":true,""batteryMv"":65535,""batteryValid"":false,""batteryDetected"":false,""batterySenseStatus"":""not_detected"",""batteryLow"":false,""batteryCritical"":false,""sourceAmbiguous"":false,""serviceHoldActive"":false,""serviceHoldEffective"":false},""batterySession"":{""state"":""inactive"",""startedMs"":0,""stateStartedMs"":0,""validSampleBatches"":0,""requiredSampleBatches"":10,""alarmTxAttempts"":0,""alarmTxAttemptLimit"":3,""alarmAckReceived"":false,""pendingAlarm"":false,""pendingSaveRequired"":false,""persistenceFaultHold"":false,""completionReason"":""session_done""},""bootHealth"":{""adsReady"":true,""adsDrdyLevel"":0,""adsDrdyPulldownLevel"":0,""adsDrdyPullupLevel"":0,""adsMisoPulldownLevel"":0,""adsMisoPullupLevel"":1,""adsCsLevel"":1,""adsSyncLevel"":1,""adsStatus"":54,""adsMux"":15,""adsAdcon"":6,""adsDrate"":240,""adsReason"":""ok"",""tcaOk"":true,""mcpOkCount"":8,""mcpOk"":[true,true,true,true,true,true,true,true],""mcpAddrMask"":[1,1,1,1,1,1,1,1],""mcpControlTested"":true,""mcpControlOkCount"":8,""mcpControlOk"":[true,true,true,true,true,true,true,true],""dacReady"":true,""radioReady"":true,""mlReady"":true,""nullingProfileApplied"":true,""modelProfileReady"":false},""runtimeMcpCode"":[255,519,795,706,799,865,665,139],""model"":{""profileId"":""cnn-dualbranch-datasheet-v1-unbound"",""scalerProfileId"":""cnn-dualbranch-datasheet-v1-unbound"",""productionApproved"":true,""boundNullingProfileId"":8,""activeNullingProfileId"":9,""bindingValid"":true,""bindingModelMatches"":true,""profileReady"":false,""inferenceValid"":false,""sensorFault"":true},""lora"":{""beginState"":0,""lastTxState"":0,""lastTxOk"":false,""txSeq"":0,""txCounter"":0,""aesKeyProvisioned"":true,""aesKeyPresent"":true,""aesKeySource"":""nvs"",""keyId"":1,""lastDownlinkCommandId"":0,""freqMHz"":920,""bwKHz"":125,""sf"":7,""cr"":5,""syncWord"":18,""txPowerDbm"":17,""preamble"":8,""tcxoVoltage"":1.600000024,""xtalVoltage"":0},""dataset"":{""state"":""idle"",""step"":""idle"",""label"":"""",""seq"":0,""targetSamples"":0,""sampleIntervalMs"":500,""maxDurationMs"":0,""useFanIntake"":true,""fanOnMs"":1000,""postFanSettleMs"":0,""nullingProfileId"":9,""queuePending"":0,""queueCapacity"":16,""queueEnqueued"":0,""queueDropped"":0,""publishFailCount"":0,""retryCount"":0,""retryFailCount"":0,""rejectedSamples"":0,""lastRejectReason"":""none"",""lastRejectChannel"":-1,""lastRejectOkFiniteCount"":0,""lastRejectStatus"":255,""lastRejectGain"":0,""lastRejectSaturated"":false},""recovery"":{""wifiReconnectCount"":0,""wifiReconnectFailCount"":0,""mqttReconnectCount"":0,""mqttConnectFailCount"":0,""lastMqttState"":0,""adsRecoveryCount"":0,""adsRecoveryFailCount"":0,""adsReadFailStreak"":0,""lastReason"":""none"",""lastRecoveryMs"":0,""bootRecoveryArmed"":false,""bootRecoveryDueMs"":0,""bootRecoveryReason"":""none"",""bootRecoveryNonAdsFailure"":false,""bootRecoveryRestartCount"":0},""nulling"":{""done"":false,""retryArmed"":false,""attemptCount"":0,""nextRetryMs"":0,""thresholdV"":9.999999747E-06,""minFinalV"":0},""telemetry"":{""valid"":true,""sampleMs"":6545505,""gasClass"":6,""gasName"":""CO2"",""confidence"":0,""alarm"":false,""sensorVoltage"":[0.110917188,0.003994741,0.004840109,-0.002612288,-0.005948545,-0.011501009,-0.019465046,-0.025424641],""sensorGain"":[32,64,64,64,64,64,64,64],""sensorStatus"":[0,0,0,0,0,0,0,0],""featureOrder"":[""MQ8"",""MQ135"",""MQ3"",""MQ5"",""MQ4"",""MQ7"",""MQ6"",""MQ2""]},""alarmLatched"":false}"
2026-08-04 11:10:10.231 +07:00,169.112,HOT_SWEEP_70,70,700,300,1,0,0.111502707,0.003997748,0.004848863,-0.002572884,-0.004632256,-0.011509547,-0.019533085,-0.025494531,"{""deviceId"":""1001"",""nodeId"":4097,""targetChId"":""0010"",""mode"":""inference"",""uptimeMs"":6546574,""debugEnabled"":true,""power"":{""mode"":""24v"",""externalPower"":true,""batteryMv"":65535,""batteryValid"":false,""batteryDetected"":false,""batterySenseStatus"":""not_detected"",""batteryLow"":false,""batteryCritical"":false,""sourceAmbiguous"":false,""serviceHoldActive"":false,""serviceHoldEffective"":false},""batterySession"":{""state"":""inactive"",""startedMs"":0,""stateStartedMs"":0,""validSampleBatches"":0,""requiredSampleBatches"":10,""alarmTxAttempts"":0,""alarmTxAttemptLimit"":3,""alarmAckReceived"":false,""pendingAlarm"":false,""pendingSaveRequired"":false,""persistenceFaultHold"":false,""completionReason"":""session_done""},""bootHealth"":{""adsReady"":true,""adsDrdyLevel"":0,""adsDrdyPulldownLevel"":0,""adsDrdyPullupLevel"":0,""adsMisoPulldownLevel"":0,""adsMisoPullupLevel"":1,""adsCsLevel"":1,""adsSyncLevel"":1,""adsStatus"":54,""adsMux"":15,""adsAdcon"":6,""adsDrate"":240,""adsReason"":""ok"",""tcaOk"":true,""mcpOkCount"":8,""mcpOk"":[true,true,true,true,true,true,true,true],""mcpAddrMask"":[1,1,1,1,1,1,1,1],""mcpControlTested"":true,""mcpControlOkCount"":8,""mcpControlOk"":[true,true,true,true,true,true,true,true],""dacReady"":true,""radioReady"":true,""mlReady"":true,""nullingProfileApplied"":true,""modelProfileReady"":false},""runtimeMcpCode"":[255,519,795,706,799,865,665,139],""model"":{""profileId"":""cnn-dualbranch-datasheet-v1-unbound"",""scalerProfileId"":""cnn-dualbranch-datasheet-v1-unbound"",""productionApproved"":true,""boundNullingProfileId"":8,""activeNullingProfileId"":9,""bindingValid"":true,""bindingModelMatches"":true,""profileReady"":false,""inferenceValid"":false,""sensorFault"":true},""lora"":{""beginState"":0,""lastTxState"":0,""lastTxOk"":false,""txSeq"":0,""txCounter"":0,""aesKeyProvisioned"":true,""aesKeyPresent"":true,""aesKeySource"":""nvs"",""keyId"":1,""lastDownlinkCommandId"":0,""freqMHz"":920,""bwKHz"":125,""sf"":7,""cr"":5,""syncWord"":18,""txPowerDbm"":17,""preamble"":8,""tcxoVoltage"":1.600000024,""xtalVoltage"":0},""dataset"":{""state"":""idle"",""step"":""idle"",""label"":"""",""seq"":0,""targetSamples"":0,""sampleIntervalMs"":500,""maxDurationMs"":0,""useFanIntake"":true,""fanOnMs"":1000,""postFanSettleMs"":0,""nullingProfileId"":9,""queuePending"":0,""queueCapacity"":16,""queueEnqueued"":0,""queueDropped"":0,""publishFailCount"":0,""retryCount"":0,""retryFailCount"":0,""rejectedSamples"":0,""lastRejectReason"":""none"",""lastRejectChannel"":-1,""lastRejectOkFiniteCount"":0,""lastRejectStatus"":255,""lastRejectGain"":0,""lastRejectSaturated"":false},""recovery"":{""wifiReconnectCount"":0,""wifiReconnectFailCount"":0,""mqttReconnectCount"":0,""mqttConnectFailCount"":0,""lastMqttState"":0,""adsRecoveryCount"":0,""adsRecoveryFailCount"":0,""adsReadFailStreak"":0,""lastReason"":""none"",""lastRecoveryMs"":0,""bootRecoveryArmed"":false,""bootRecoveryDueMs"":0,""bootRecoveryReason"":""none"",""bootRecoveryNonAdsFailure"":false,""bootRecoveryRestartCount"":0},""nulling"":{""done"":false,""retryArmed"":false,""attemptCount"":0,""nextRetryMs"":0,""thresholdV"":9.999999747E-06,""minFinalV"":0},""telemetry"":{""valid"":true,""sampleMs"":6546169,""gasClass"":6,""gasName"":""CO2"",""confidence"":0,""alarm"":false,""sensorVoltage"":[0.111502707,0.003997748,0.004848863,-0.002572884,-0.004632256,-0.011509547,-0.019533085,-0.025494531],""sensorGain"":[32,64,64,64,64,64,64,64],""sensorStatus"":[0,0,0,0,0,0,0,0],""featureOrder"":[""MQ8"",""MQ135"",""MQ3"",""MQ5"",""MQ4"",""MQ7"",""MQ6"",""MQ2""]},""alarmLatched"":false}"
2026-08-04 11:10:10.922 +07:00,169.788,HOT_SWEEP_70,70,700,300,1,0,0.111604258,0.004008556,0.004827629,-0.002605794,-0.004640462,-0.01147378,-0.019620106,-0.025509506,"{""deviceId"":""1001"",""nodeId"":4097,""targetChId"":""0010"",""mode"":""inference"",""uptimeMs"":6547260,""debugEnabled"":true,""power"":{""mode"":""24v"",""externalPower"":true,""batteryMv"":65535,""batteryValid"":false,""batteryDetected"":false,""batterySenseStatus"":""not_detected"",""batteryLow"":false,""batteryCritical"":false,""sourceAmbiguous"":false,""serviceHoldActive"":false,""serviceHoldEffective"":false},""batterySession"":{""state"":""inactive"",""startedMs"":0,""stateStartedMs"":0,""validSampleBatches"":0,""requiredSampleBatches"":10,""alarmTxAttempts"":0,""alarmTxAttemptLimit"":3,""alarmAckReceived"":false,""pendingAlarm"":false,""pendingSaveRequired"":false,""persistenceFaultHold"":false,""completionReason"":""session_done""},""bootHealth"":{""adsReady"":true,""adsDrdyLevel"":0,""adsDrdyPulldownLevel"":0,""adsDrdyPullupLevel"":0,""adsMisoPulldownLevel"":0,""adsMisoPullupLevel"":1,""adsCsLevel"":1,""adsSyncLevel"":1,""adsStatus"":54,""adsMux"":15,""adsAdcon"":6,""adsDrate"":240,""adsReason"":""ok"",""tcaOk"":true,""mcpOkCount"":8,""mcpOk"":[true,true,true,true,true,true,true,true],""mcpAddrMask"":[1,1,1,1,1,1,1,1],""mcpControlTested"":true,""mcpControlOkCount"":8,""mcpControlOk"":[true,true,true,true,true,true,true,true],""dacReady"":true,""radioReady"":true,""mlReady"":true,""nullingProfileApplied"":true,""modelProfileReady"":false},""runtimeMcpCode"":[255,519,795,706,799,865,665,139],""model"":{""profileId"":""cnn-dualbranch-datasheet-v1-unbound"",""scalerProfileId"":""cnn-dualbranch-datasheet-v1-unbound"",""productionApproved"":true,""boundNullingProfileId"":8,""activeNullingProfileId"":9,""bindingValid"":true,""bindingModelMatches"":true,""profileReady"":false,""inferenceValid"":false,""sensorFault"":true},""lora"":{""beginState"":0,""lastTxState"":0,""lastTxOk"":false,""txSeq"":0,""txCounter"":0,""aesKeyProvisioned"":true,""aesKeyPresent"":true,""aesKeySource"":""nvs"",""keyId"":1,""lastDownlinkCommandId"":0,""freqMHz"":920,""bwKHz"":125,""sf"":7,""cr"":5,""syncWord"":18,""txPowerDbm"":17,""preamble"":8,""tcxoVoltage"":1.600000024,""xtalVoltage"":0},""dataset"":{""state"":""idle"",""step"":""idle"",""label"":"""",""seq"":0,""targetSamples"":0,""sampleIntervalMs"":500,""maxDurationMs"":0,""useFanIntake"":true,""fanOnMs"":1000,""postFanSettleMs"":0,""nullingProfileId"":9,""queuePending"":0,""queueCapacity"":16,""queueEnqueued"":0,""queueDropped"":0,""publishFailCount"":0,""retryCount"":0,""retryFailCount"":0,""rejectedSamples"":0,""lastRejectReason"":""none"",""lastRejectChannel"":-1,""lastRejectOkFiniteCount"":0,""lastRejectStatus"":255,""lastRejectGain"":0,""lastRejectSaturated"":false},""recovery"":{""wifiReconnectCount"":0,""wifiReconnectFailCount"":0,""mqttReconnectCount"":0,""mqttConnectFailCount"":0,""lastMqttState"":0,""adsRecoveryCount"":0,""adsRecoveryFailCount"":0,""adsReadFailStreak"":0,""lastReason"":""none"",""lastRecoveryMs"":0,""bootRecoveryArmed"":false,""bootRecoveryDueMs"":0,""bootRecoveryReason"":""none"",""bootRecoveryNonAdsFailure"":false,""bootRecoveryRestartCount"":0},""nulling"":{""done"":false,""retryArmed"":false,""attemptCount"":0,""nextRetryMs"":0,""thresholdV"":9.999999747E-06,""minFinalV"":0},""telemetry"":{""valid"":true,""sampleMs"":6546852,""gasClass"":6,""gasName"":""CO2"",""confidence"":0,""alarm"":false,""sensorVoltage"":[0.111604258,0.004008556,0.004827629,-0.002605794,-0.004640462,-0.01147378,-0.019620106,-0.025509506],""sensorGain"":[32,64,64,64,64,64,64,64],""sensorStatus"":[0,0,0,0,0,0,0,0],""featureOrder"":[""MQ8"",""MQ135"",""MQ3"",""MQ5"",""MQ4"",""MQ7"",""MQ6"",""MQ2""]},""alarmLatched"":false}"
2026-08-04 11:10:11.615 +07:00,170.492,HOT_SWEEP_70,70,700,300,1,0,0.111518994,0.004005841,0.004789474,-0.002583847,-0.004652771,-0.011482696,-0.019624112,-0.025443396,"{""deviceId"":""1001"",""nodeId"":4097,""targetChId"":""0010"",""mode"":""inference"",""uptimeMs"":6547952,""debugEnabled"":true,""power"":{""mode"":""24v"",""externalPower"":true,""batteryMv"":65535,""batteryValid"":false,""batteryDetected"":false,""batterySenseStatus"":""not_detected"",""batteryLow"":false,""batteryCritical"":false,""sourceAmbiguous"":false,""serviceHoldActive"":false,""serviceHoldEffective"":false},""batterySession"":{""state"":""inactive"",""startedMs"":0,""stateStartedMs"":0,""validSampleBatches"":0,""requiredSampleBatches"":10,""alarmTxAttempts"":0,""alarmTxAttemptLimit"":3,""alarmAckReceived"":false,""pendingAlarm"":false,""pendingSaveRequired"":false,""persistenceFaultHold"":false,""completionReason"":""session_done""},""bootHealth"":{""adsReady"":true,""adsDrdyLevel"":0,""adsDrdyPulldownLevel"":0,""adsDrdyPullupLevel"":0,""adsMisoPulldownLevel"":0,""adsMisoPullupLevel"":1,""adsCsLevel"":1,""adsSyncLevel"":1,""adsStatus"":54,""adsMux"":15,""adsAdcon"":6,""adsDrate"":240,""adsReason"":""ok"",""tcaOk"":true,""mcpOkCount"":8,""mcpOk"":[true,true,true,true,true,true,true,true],""mcpAddrMask"":[1,1,1,1,1,1,1,1],""mcpControlTested"":true,""mcpControlOkCount"":8,""mcpControlOk"":[true,true,true,true,true,true,true,true],""dacReady"":true,""radioReady"":true,""mlReady"":true,""nullingProfileApplied"":true,""modelProfileReady"":false},""runtimeMcpCode"":[255,519,795,706,799,865,665,139],""model"":{""profileId"":""cnn-dualbranch-datasheet-v1-unbound"",""scalerProfileId"":""cnn-dualbranch-datasheet-v1-unbound"",""productionApproved"":true,""boundNullingProfileId"":8,""activeNullingProfileId"":9,""bindingValid"":true,""bindingModelMatches"":true,""profileReady"":false,""inferenceValid"":false,""sensorFault"":true},""lora"":{""beginState"":0,""lastTxState"":0,""lastTxOk"":false,""txSeq"":0,""txCounter"":0,""aesKeyProvisioned"":true,""aesKeyPresent"":true,""aesKeySource"":""nvs"",""keyId"":1,""lastDownlinkCommandId"":0,""freqMHz"":920,""bwKHz"":125,""sf"":7,""cr"":5,""syncWord"":18,""txPowerDbm"":17,""preamble"":8,""tcxoVoltage"":1.600000024,""xtalVoltage"":0},""dataset"":{""state"":""idle"",""step"":""idle"",""label"":"""",""seq"":0,""targetSamples"":0,""sampleIntervalMs"":500,""maxDurationMs"":0,""useFanIntake"":true,""fanOnMs"":1000,""postFanSettleMs"":0,""nullingProfileId"":9,""queuePending"":0,""queueCapacity"":16,""queueEnqueued"":0,""queueDropped"":0,""publishFailCount"":0,""retryCount"":0,""retryFailCount"":0,""rejectedSamples"":0,""lastRejectReason"":""none"",""lastRejectChannel"":-1,""lastRejectOkFiniteCount"":0,""lastRejectStatus"":255,""lastRejectGain"":0,""lastRejectSaturated"":false},""recovery"":{""wifiReconnectCount"":0,""wifiReconnectFailCount"":0,""mqttReconnectCount"":0,""mqttConnectFailCount"":0,""lastMqttState"":0,""adsRecoveryCount"":0,""adsRecoveryFailCount"":0,""adsReadFailStreak"":0,""lastReason"":""none"",""lastRecoveryMs"":0,""bootRecoveryArmed"":false,""bootRecoveryDueMs"":0,""bootRecoveryReason"":""none"",""bootRecoveryNonAdsFailure"":false,""bootRecoveryRestartCount"":0},""nulling"":{""done"":false,""retryArmed"":false,""attemptCount"":0,""nextRetryMs"":0,""thresholdV"":9.999999747E-06,""minFinalV"":0},""telemetry"":{""valid"":true,""sampleMs"":6547575,""gasClass"":6,""gasName"":""CO2"",""confidence"":0,""alarm"":false,""sensorVoltage"":[0.111518994,0.004005841,0.004789474,-0.002583847,-0.004652771,-0.011482696,-0.019624112,-0.025443396],""sensorGain"":[32,64,64,64,64,64,64,64],""sensorStatus"":[0,0,0,0,0,0,0,0],""featureOrder"":[""MQ8"",""MQ135"",""MQ3"",""MQ5"",""MQ4"",""MQ7"",""MQ6"",""MQ2""]},""alarmLatched"":false}"
2026-08-04 11:10:12.297 +07:00,171.178,HOT_SWEEP_70,70,700,300,1,0,0.111387596,0.004021774,0.004795792,-0.002601119,-0.005969229,-0.011474991,-0.019634483,-0.025391733,"{""deviceId"":""1001"",""nodeId"":4097,""targetChId"":""0010"",""mode"":""inference"",""uptimeMs"":6548637,""debugEnabled"":true,""power"":{""mode"":""24v"",""externalPower"":true,""batteryMv"":65535,""batteryValid"":false,""batteryDetected"":false,""batterySenseStatus"":""not_detected"",""batteryLow"":false,""batteryCritical"":false,""sourceAmbiguous"":false,""serviceHoldActive"":false,""serviceHoldEffective"":false},""batterySession"":{""state"":""inactive"",""startedMs"":0,""stateStartedMs"":0,""validSampleBatches"":0,""requiredSampleBatches"":10,""alarmTxAttempts"":0,""alarmTxAttemptLimit"":3,""alarmAckReceived"":false,""pendingAlarm"":false,""pendingSaveRequired"":false,""persistenceFaultHold"":false,""completionReason"":""session_done""},""bootHealth"":{""adsReady"":true,""adsDrdyLevel"":0,""adsDrdyPulldownLevel"":0,""adsDrdyPullupLevel"":0,""adsMisoPulldownLevel"":0,""adsMisoPullupLevel"":1,""adsCsLevel"":1,""adsSyncLevel"":1,""adsStatus"":54,""adsMux"":15,""adsAdcon"":6,""adsDrate"":240,""adsReason"":""ok"",""tcaOk"":true,""mcpOkCount"":8,""mcpOk"":[true,true,true,true,true,true,true,true],""mcpAddrMask"":[1,1,1,1,1,1,1,1],""mcpControlTested"":true,""mcpControlOkCount"":8,""mcpControlOk"":[true,true,true,true,true,true,true,true],""dacReady"":true,""radioReady"":true,""mlReady"":true,""nullingProfileApplied"":true,""modelProfileReady"":false},""runtimeMcpCode"":[255,519,795,706,799,865,665,139],""model"":{""profileId"":""cnn-dualbranch-datasheet-v1-unbound"",""scalerProfileId"":""cnn-dualbranch-datasheet-v1-unbound"",""productionApproved"":true,""boundNullingProfileId"":8,""activeNullingProfileId"":9,""bindingValid"":true,""bindingModelMatches"":true,""profileReady"":false,""inferenceValid"":false,""sensorFault"":true},""lora"":{""beginState"":0,""lastTxState"":0,""lastTxOk"":false,""txSeq"":0,""txCounter"":0,""aesKeyProvisioned"":true,""aesKeyPresent"":true,""aesKeySource"":""nvs"",""keyId"":1,""lastDownlinkCommandId"":0,""freqMHz"":920,""bwKHz"":125,""sf"":7,""cr"":5,""syncWord"":18,""txPowerDbm"":17,""preamble"":8,""tcxoVoltage"":1.600000024,""xtalVoltage"":0},""dataset"":{""state"":""idle"",""step"":""idle"",""label"":"""",""seq"":0,""targetSamples"":0,""sampleIntervalMs"":500,""maxDurationMs"":0,""useFanIntake"":true,""fanOnMs"":1000,""postFanSettleMs"":0,""nullingProfileId"":9,""queuePending"":0,""queueCapacity"":16,""queueEnqueued"":0,""queueDropped"":0,""publishFailCount"":0,""retryCount"":0,""retryFailCount"":0,""rejectedSamples"":0,""lastRejectReason"":""none"",""lastRejectChannel"":-1,""lastRejectOkFiniteCount"":0,""lastRejectStatus"":255,""lastRejectGain"":0,""lastRejectSaturated"":false},""recovery"":{""wifiReconnectCount"":0,""wifiReconnectFailCount"":0,""mqttReconnectCount"":0,""mqttConnectFailCount"":0,""lastMqttState"":0,""adsRecoveryCount"":0,""adsRecoveryFailCount"":0,""adsReadFailStreak"":0,""lastReason"":""none"",""lastRecoveryMs"":0,""bootRecoveryArmed"":false,""bootRecoveryDueMs"":0,""bootRecoveryReason"":""none"",""bootRecoveryNonAdsFailure"":false,""bootRecoveryRestartCount"":0},""nulling"":{""done"":false,""retryArmed"":false,""attemptCount"":0,""nextRetryMs"":0,""thresholdV"":9.999999747E-06,""minFinalV"":0},""telemetry"":{""valid"":true,""sampleMs"":6548230,""gasClass"":6,""gasName"":""CO2"",""confidence"":0,""alarm"":false,""sensorVoltage"":[0.111387596,0.004021774,0.004795792,-0.002601119,-0.005969229,-0.011474991,-0.019634483,-0.025391733],""sensorGain"":[32,64,64,64,64,64,64,64],""sensorStatus"":[0,0,0,0,0,0,0,0],""featureOrder"":[""MQ8"",""MQ135"",""MQ3"",""MQ5"",""MQ4"",""MQ7"",""MQ6"",""MQ2""]},""alarmLatched"":false}"
2026-08-04 11:10:12.986 +07:00,171.867,HOT_SWEEP_70,70,700,300,1,0,0.111769617,0.004040646,0.004804708,-0.002573045,-0.005266553,-0.01146541,-0.01963117,-0.024939265,"{""deviceId"":""1001"",""nodeId"":4097,""targetChId"":""0010"",""mode"":""inference"",""uptimeMs"":6549328,""debugEnabled"":true,""power"":{""mode"":""24v"",""externalPower"":true,""batteryMv"":65535,""batteryValid"":false,""batteryDetected"":false,""batterySenseStatus"":""not_detected"",""batteryLow"":false,""batteryCritical"":false,""sourceAmbiguous"":false,""serviceHoldActive"":false,""serviceHoldEffective"":false},""batterySession"":{""state"":""inactive"",""startedMs"":0,""stateStartedMs"":0,""validSampleBatches"":0,""requiredSampleBatches"":10,""alarmTxAttempts"":0,""alarmTxAttemptLimit"":3,""alarmAckReceived"":false,""pendingAlarm"":false,""pendingSaveRequired"":false,""persistenceFaultHold"":false,""completionReason"":""session_done""},""bootHealth"":{""adsReady"":true,""adsDrdyLevel"":0,""adsDrdyPulldownLevel"":0,""adsDrdyPullupLevel"":0,""adsMisoPulldownLevel"":0,""adsMisoPullupLevel"":1,""adsCsLevel"":1,""adsSyncLevel"":1,""adsStatus"":54,""adsMux"":15,""adsAdcon"":6,""adsDrate"":240,""adsReason"":""ok"",""tcaOk"":true,""mcpOkCount"":8,""mcpOk"":[true,true,true,true,true,true,true,true],""mcpAddrMask"":[1,1,1,1,1,1,1,1],""mcpControlTested"":true,""mcpControlOkCount"":8,""mcpControlOk"":[true,true,true,true,true,true,true,true],""dacReady"":true,""radioReady"":true,""mlReady"":true,""nullingProfileApplied"":true,""modelProfileReady"":false},""runtimeMcpCode"":[255,519,795,706,799,865,665,139],""model"":{""profileId"":""cnn-dualbranch-datasheet-v1-unbound"",""scalerProfileId"":""cnn-dualbranch-datasheet-v1-unbound"",""productionApproved"":true,""boundNullingProfileId"":8,""activeNullingProfileId"":9,""bindingValid"":true,""bindingModelMatches"":true,""profileReady"":false,""inferenceValid"":false,""sensorFault"":true},""lora"":{""beginState"":0,""lastTxState"":0,""lastTxOk"":false,""txSeq"":0,""txCounter"":0,""aesKeyProvisioned"":true,""aesKeyPresent"":true,""aesKeySource"":""nvs"",""keyId"":1,""lastDownlinkCommandId"":0,""freqMHz"":920,""bwKHz"":125,""sf"":7,""cr"":5,""syncWord"":18,""txPowerDbm"":17,""preamble"":8,""tcxoVoltage"":1.600000024,""xtalVoltage"":0},""dataset"":{""state"":""idle"",""step"":""idle"",""label"":"""",""seq"":0,""targetSamples"":0,""sampleIntervalMs"":500,""maxDurationMs"":0,""useFanIntake"":true,""fanOnMs"":1000,""postFanSettleMs"":0,""nullingProfileId"":9,""queuePending"":0,""queueCapacity"":16,""queueEnqueued"":0,""queueDropped"":0,""publishFailCount"":0,""retryCount"":0,""retryFailCount"":0,""rejectedSamples"":0,""lastRejectReason"":""none"",""lastRejectChannel"":-1,""lastRejectOkFiniteCount"":0,""lastRejectStatus"":255,""lastRejectGain"":0,""lastRejectSaturated"":false},""recovery"":{""wifiReconnectCount"":0,""wifiReconnectFailCount"":0,""mqttReconnectCount"":0,""mqttConnectFailCount"":0,""lastMqttState"":0,""adsRecoveryCount"":0,""adsRecoveryFailCount"":0,""adsReadFailStreak"":0,""lastReason"":""none"",""lastRecoveryMs"":0,""bootRecoveryArmed"":false,""bootRecoveryDueMs"":0,""bootRecoveryReason"":""none"",""bootRecoveryNonAdsFailure"":false,""bootRecoveryRestartCount"":0},""nulling"":{""done"":false,""retryArmed"":false,""attemptCount"":0,""nextRetryMs"":0,""thresholdV"":9.999999747E-06,""minFinalV"":0},""telemetry"":{""valid"":true,""sampleMs"":6548915,""gasClass"":6,""gasName"":""CO2"",""confidence"":0,""alarm"":false,""sensorVoltage"":[0.111769617,0.004040646,0.004804708,-0.002573045,-0.005266553,-0.01146541,-0.01963117,-0.024939265],""sensorGain"":[32,64,64,64,64,64,64,64],""sensorStatus"":[0,0,0,0,0,0,0,0],""featureOrder"":[""MQ8"",""MQ135"",""MQ3"",""MQ5"",""MQ4"",""MQ7"",""MQ6"",""MQ2""]},""alarmLatched"":false}"
2026-08-04 11:10:13.677 +07:00,172.555,HOT_SWEEP_70,70,700,300,1,0,0.111390337,0.004012956,0.0048146,-0.002563767,-0.006794523,-0.011354624,-0.019623179,-0.025396895,"{""deviceId"":""1001"",""nodeId"":4097,""targetChId"":""0010"",""mode"":""inference"",""uptimeMs"":6550015,""debugEnabled"":true,""power"":{""mode"":""24v"",""externalPower"":true,""batteryMv"":65535,""batteryValid"":false,""batteryDetected"":false,""batterySenseStatus"":""not_detected"",""batteryLow"":false,""batteryCritical"":false,""sourceAmbiguous"":false,""serviceHoldActive"":false,""serviceHoldEffective"":false},""batterySession"":{""state"":""inactive"",""startedMs"":0,""stateStartedMs"":0,""validSampleBatches"":0,""requiredSampleBatches"":10,""alarmTxAttempts"":0,""alarmTxAttemptLimit"":3,""alarmAckReceived"":false,""pendingAlarm"":false,""pendingSaveRequired"":false,""persistenceFaultHold"":false,""completionReason"":""session_done""},""bootHealth"":{""adsReady"":true,""adsDrdyLevel"":0,""adsDrdyPulldownLevel"":0,""adsDrdyPullupLevel"":0,""adsMisoPulldownLevel"":0,""adsMisoPullupLevel"":1,""adsCsLevel"":1,""adsSyncLevel"":1,""adsStatus"":54,""adsMux"":15,""adsAdcon"":6,""adsDrate"":240,""adsReason"":""ok"",""tcaOk"":true,""mcpOkCount"":8,""mcpOk"":[true,true,true,true,true,true,true,true],""mcpAddrMask"":[1,1,1,1,1,1,1,1],""mcpControlTested"":true,""mcpControlOkCount"":8,""mcpControlOk"":[true,true,true,true,true,true,true,true],""dacReady"":true,""radioReady"":true,""mlReady"":true,""nullingProfileApplied"":true,""modelProfileReady"":false},""runtimeMcpCode"":[255,519,795,706,799,865,665,139],""model"":{""profileId"":""cnn-dualbranch-datasheet-v1-unbound"",""scalerProfileId"":""cnn-dualbranch-datasheet-v1-unbound"",""productionApproved"":true,""boundNullingProfileId"":8,""activeNullingProfileId"":9,""bindingValid"":true,""bindingModelMatches"":true,""profileReady"":false,""inferenceValid"":false,""sensorFault"":true},""lora"":{""beginState"":0,""lastTxState"":0,""lastTxOk"":false,""txSeq"":0,""txCounter"":0,""aesKeyProvisioned"":true,""aesKeyPresent"":true,""aesKeySource"":""nvs"",""keyId"":1,""lastDownlinkCommandId"":0,""freqMHz"":920,""bwKHz"":125,""sf"":7,""cr"":5,""syncWord"":18,""txPowerDbm"":17,""preamble"":8,""tcxoVoltage"":1.600000024,""xtalVoltage"":0},""dataset"":{""state"":""idle"",""step"":""idle"",""label"":"""",""seq"":0,""targetSamples"":0,""sampleIntervalMs"":500,""maxDurationMs"":0,""useFanIntake"":true,""fanOnMs"":1000,""postFanSettleMs"":0,""nullingProfileId"":9,""queuePending"":0,""queueCapacity"":16,""queueEnqueued"":0,""queueDropped"":0,""publishFailCount"":0,""retryCount"":0,""retryFailCount"":0,""rejectedSamples"":0,""lastRejectReason"":""none"",""lastRejectChannel"":-1,""lastRejectOkFiniteCount"":0,""lastRejectStatus"":255,""lastRejectGain"":0,""lastRejectSaturated"":false},""recovery"":{""wifiReconnectCount"":0,""wifiReconnectFailCount"":0,""mqttReconnectCount"":0,""mqttConnectFailCount"":0,""lastMqttState"":0,""adsRecoveryCount"":0,""adsRecoveryFailCount"":0,""adsReadFailStreak"":0,""lastReason"":""none"",""lastRecoveryMs"":0,""bootRecoveryArmed"":false,""bootRecoveryDueMs"":0,""bootRecoveryReason"":""none"",""bootRecoveryNonAdsFailure"":false,""bootRecoveryRestartCount"":0},""nulling"":{""done"":false,""retryArmed"":false,""attemptCount"":0,""nextRetryMs"":0,""thresholdV"":9.999999747E-06,""minFinalV"":0},""telemetry"":{""valid"":true,""sampleMs"":6549638,""gasClass"":6,""gasName"":""CO2"",""confidence"":0,""alarm"":false,""sensorVoltage"":[0.111390337,0.004012956,0.0048146,-0.002563767,-0.006794523,-0.011354624,-0.019623179,-0.025396895],""sensorGain"":[32,64,64,64,64,64,64,64],""sensorStatus"":[0,0,0,0,0,0,0,0],""featureOrder"":[""MQ8"",""MQ135"",""MQ3"",""MQ5"",""MQ4"",""MQ7"",""MQ6"",""MQ2""]},""alarmLatched"":false}"
2026-08-04 11:10:14.359 +07:00,173.227,HOT_SWEEP_70,70,700,300,1,0,0.111006938,0.004031199,0.004869331,-0.002562052,-0.006759119,-0.011348773,-0.019596351,-0.025311962,"{""deviceId"":""1001"",""nodeId"":4097,""targetChId"":""0010"",""mode"":""inference"",""uptimeMs"":6550698,""debugEnabled"":true,""power"":{""mode"":""24v"",""externalPower"":true,""batteryMv"":65535,""batteryValid"":false,""batteryDetected"":false,""batterySenseStatus"":""not_detected"",""batteryLow"":false,""batteryCritical"":false,""sourceAmbiguous"":false,""serviceHoldActive"":false,""serviceHoldEffective"":false},""batterySession"":{""state"":""inactive"",""startedMs"":0,""stateStartedMs"":0,""validSampleBatches"":0,""requiredSampleBatches"":10,""alarmTxAttempts"":0,""alarmTxAttemptLimit"":3,""alarmAckReceived"":false,""pendingAlarm"":false,""pendingSaveRequired"":false,""persistenceFaultHold"":false,""completionReason"":""session_done""},""bootHealth"":{""adsReady"":true,""adsDrdyLevel"":0,""adsDrdyPulldownLevel"":0,""adsDrdyPullupLevel"":0,""adsMisoPulldownLevel"":0,""adsMisoPullupLevel"":1,""adsCsLevel"":1,""adsSyncLevel"":1,""adsStatus"":54,""adsMux"":15,""adsAdcon"":6,""adsDrate"":240,""adsReason"":""ok"",""tcaOk"":true,""mcpOkCount"":8,""mcpOk"":[true,true,true,true,true,true,true,true],""mcpAddrMask"":[1,1,1,1,1,1,1,1],""mcpControlTested"":true,""mcpControlOkCount"":8,""mcpControlOk"":[true,true,true,true,true,true,true,true],""dacReady"":true,""radioReady"":true,""mlReady"":true,""nullingProfileApplied"":true,""modelProfileReady"":false},""runtimeMcpCode"":[255,519,795,706,799,865,665,139],""model"":{""profileId"":""cnn-dualbranch-datasheet-v1-unbound"",""scalerProfileId"":""cnn-dualbranch-datasheet-v1-unbound"",""productionApproved"":true,""boundNullingProfileId"":8,""activeNullingProfileId"":9,""bindingValid"":true,""bindingModelMatches"":true,""profileReady"":false,""inferenceValid"":false,""sensorFault"":true},""lora"":{""beginState"":0,""lastTxState"":0,""lastTxOk"":false,""txSeq"":0,""txCounter"":0,""aesKeyProvisioned"":true,""aesKeyPresent"":true,""aesKeySource"":""nvs"",""keyId"":1,""lastDownlinkCommandId"":0,""freqMHz"":920,""bwKHz"":125,""sf"":7,""cr"":5,""syncWord"":18,""txPowerDbm"":17,""preamble"":8,""tcxoVoltage"":1.600000024,""xtalVoltage"":0},""dataset"":{""state"":""idle"",""step"":""idle"",""label"":"""",""seq"":0,""targetSamples"":0,""sampleIntervalMs"":500,""maxDurationMs"":0,""useFanIntake"":true,""fanOnMs"":1000,""postFanSettleMs"":0,""nullingProfileId"":9,""queuePending"":0,""queueCapacity"":16,""queueEnqueued"":0,""queueDropped"":0,""publishFailCount"":0,""retryCount"":0,""retryFailCount"":0,""rejectedSamples"":0,""lastRejectReason"":""none"",""lastRejectChannel"":-1,""lastRejectOkFiniteCount"":0,""lastRejectStatus"":255,""lastRejectGain"":0,""lastRejectSaturated"":false},""recovery"":{""wifiReconnectCount"":0,""wifiReconnectFailCount"":0,""mqttReconnectCount"":0,""mqttConnectFailCount"":0,""lastMqttState"":0,""adsRecoveryCount"":0,""adsRecoveryFailCount"":0,""adsReadFailStreak"":0,""lastReason"":""none"",""lastRecoveryMs"":0,""bootRecoveryArmed"":false,""bootRecoveryDueMs"":0,""bootRecoveryReason"":""none"",""bootRecoveryNonAdsFailure"":false,""bootRecoveryRestartCount"":0},""nulling"":{""done"":false,""retryArmed"":false,""attemptCount"":0,""nextRetryMs"":0,""thresholdV"":9.999999747E-06,""minFinalV"":0},""telemetry"":{""valid"":true,""sampleMs"":6550293,""gasClass"":6,""gasName"":""CO2"",""confidence"":0,""alarm"":false,""sensorVoltage"":[0.111006938,0.004031199,0.004869331,-0.002562052,-0.006759119,-0.011348773,-0.019596351,-0.025311962],""sensorGain"":[32,64,64,64,64,64,64,64],""sensorStatus"":[0,0,0,0,0,0,0,0],""featureOrder"":[""MQ8"",""MQ135"",""MQ3"",""MQ5"",""MQ4"",""MQ7"",""MQ6"",""MQ2""]},""alarmLatched"":false}"
2026-08-04 11:10:15.049 +07:00,173.930,HOT_SWEEP_70,70,700,300,1,0,0.111778639,0.004024967,0.00479975,-0.002560048,-0.006079442,-0.011168802,-0.019223597,-0.024837414,"{""deviceId"":""1001"",""nodeId"":4097,""targetChId"":""0010"",""mode"":""inference"",""uptimeMs"":6551393,""debugEnabled"":true,""power"":{""mode"":""24v"",""externalPower"":true,""batteryMv"":65535,""batteryValid"":false,""batteryDetected"":false,""batterySenseStatus"":""not_detected"",""batteryLow"":false,""batteryCritical"":false,""sourceAmbiguous"":false,""serviceHoldActive"":false,""serviceHoldEffective"":false},""batterySession"":{""state"":""inactive"",""startedMs"":0,""stateStartedMs"":0,""validSampleBatches"":0,""requiredSampleBatches"":10,""alarmTxAttempts"":0,""alarmTxAttemptLimit"":3,""alarmAckReceived"":false,""pendingAlarm"":false,""pendingSaveRequired"":false,""persistenceFaultHold"":false,""completionReason"":""session_done""},""bootHealth"":{""adsReady"":true,""adsDrdyLevel"":0,""adsDrdyPulldownLevel"":0,""adsDrdyPullupLevel"":0,""adsMisoPulldownLevel"":0,""adsMisoPullupLevel"":1,""adsCsLevel"":1,""adsSyncLevel"":1,""adsStatus"":54,""adsMux"":15,""adsAdcon"":6,""adsDrate"":240,""adsReason"":""ok"",""tcaOk"":true,""mcpOkCount"":8,""mcpOk"":[true,true,true,true,true,true,true,true],""mcpAddrMask"":[1,1,1,1,1,1,1,1],""mcpControlTested"":true,""mcpControlOkCount"":8,""mcpControlOk"":[true,true,true,true,true,true,true,true],""dacReady"":true,""radioReady"":true,""mlReady"":true,""nullingProfileApplied"":true,""modelProfileReady"":false},""runtimeMcpCode"":[255,519,795,706,799,865,665,139],""model"":{""profileId"":""cnn-dualbranch-datasheet-v1-unbound"",""scalerProfileId"":""cnn-dualbranch-datasheet-v1-unbound"",""productionApproved"":true,""boundNullingProfileId"":8,""activeNullingProfileId"":9,""bindingValid"":true,""bindingModelMatches"":true,""profileReady"":false,""inferenceValid"":false,""sensorFault"":true},""lora"":{""beginState"":0,""lastTxState"":0,""lastTxOk"":false,""txSeq"":0,""txCounter"":0,""aesKeyProvisioned"":true,""aesKeyPresent"":true,""aesKeySource"":""nvs"",""keyId"":1,""lastDownlinkCommandId"":0,""freqMHz"":920,""bwKHz"":125,""sf"":7,""cr"":5,""syncWord"":18,""txPowerDbm"":17,""preamble"":8,""tcxoVoltage"":1.600000024,""xtalVoltage"":0},""dataset"":{""state"":""idle"",""step"":""idle"",""label"":"""",""seq"":0,""targetSamples"":0,""sampleIntervalMs"":500,""maxDurationMs"":0,""useFanIntake"":true,""fanOnMs"":1000,""postFanSettleMs"":0,""nullingProfileId"":9,""queuePending"":0,""queueCapacity"":16,""queueEnqueued"":0,""queueDropped"":0,""publishFailCount"":0,""retryCount"":0,""retryFailCount"":0,""rejectedSamples"":0,""lastRejectReason"":""none"",""lastRejectChannel"":-1,""lastRejectOkFiniteCount"":0,""lastRejectStatus"":255,""lastRejectGain"":0,""lastRejectSaturated"":false},""recovery"":{""wifiReconnectCount"":0,""wifiReconnectFailCount"":0,""mqttReconnectCount"":0,""mqttConnectFailCount"":0,""lastMqttState"":0,""adsRecoveryCount"":0,""adsRecoveryFailCount"":0,""adsReadFailStreak"":0,""lastReason"":""none"",""lastRecoveryMs"":0,""bootRecoveryArmed"":false,""bootRecoveryDueMs"":0,""bootRecoveryReason"":""none"",""bootRecoveryNonAdsFailure"":false,""bootRecoveryRestartCount"":0},""nulling"":{""done"":false,""retryArmed"":false,""attemptCount"":0,""nextRetryMs"":0,""thresholdV"":9.999999747E-06,""minFinalV"":0},""telemetry"":{""valid"":true,""sampleMs"":6550976,""gasClass"":6,""gasName"":""CO2"",""confidence"":0,""alarm"":false,""sensorVoltage"":[0.111778639,0.004024967,0.00479975,-0.002560048,-0.006079442,-0.011168802,-0.019223597,-0.024837414],""sensorGain"":[32,64,64,64,64,64,64,64],""sensorStatus"":[0,0,0,0,0,0,0,0],""featureOrder"":[""MQ8"",""MQ135"",""MQ3"",""MQ5"",""MQ4"",""MQ7"",""MQ6"",""MQ2""]},""alarmLatched"":false}"
2026-08-04 11:10:15.740 +07:00,174.619,HOT_SWEEP_70,70,700,300,1,0,0.111470856,0.004017984,0.004816673,-0.00258218,-0.006325677,-0.011443032,-0.01962561,-0.024886463,"{""deviceId"":""1001"",""nodeId"":4097,""targetChId"":""0010"",""mode"":""inference"",""uptimeMs"":6552080,""debugEnabled"":true,""power"":{""mode"":""24v"",""externalPower"":true,""batteryMv"":65535,""batteryValid"":false,""batteryDetected"":false,""batterySenseStatus"":""not_detected"",""batteryLow"":false,""batteryCritical"":false,""sourceAmbiguous"":false,""serviceHoldActive"":false,""serviceHoldEffective"":false},""batterySession"":{""state"":""inactive"",""startedMs"":0,""stateStartedMs"":0,""validSampleBatches"":0,""requiredSampleBatches"":10,""alarmTxAttempts"":0,""alarmTxAttemptLimit"":3,""alarmAckReceived"":false,""pendingAlarm"":false,""pendingSaveRequired"":false,""persistenceFaultHold"":false,""completionReason"":""session_done""},""bootHealth"":{""adsReady"":true,""adsDrdyLevel"":0,""adsDrdyPulldownLevel"":0,""adsDrdyPullupLevel"":0,""adsMisoPulldownLevel"":0,""adsMisoPullupLevel"":1,""adsCsLevel"":1,""adsSyncLevel"":1,""adsStatus"":54,""adsMux"":15,""adsAdcon"":6,""adsDrate"":240,""adsReason"":""ok"",""tcaOk"":true,""mcpOkCount"":8,""mcpOk"":[true,true,true,true,true,true,true,true],""mcpAddrMask"":[1,1,1,1,1,1,1,1],""mcpControlTested"":true,""mcpControlOkCount"":8,""mcpControlOk"":[true,true,true,true,true,true,true,true],""dacReady"":true,""radioReady"":true,""mlReady"":true,""nullingProfileApplied"":true,""modelProfileReady"":false},""runtimeMcpCode"":[255,519,795,706,799,865,665,139],""model"":{""profileId"":""cnn-dualbranch-datasheet-v1-unbound"",""scalerProfileId"":""cnn-dualbranch-datasheet-v1-unbound"",""productionApproved"":true,""boundNullingProfileId"":8,""activeNullingProfileId"":9,""bindingValid"":true,""bindingModelMatches"":true,""profileReady"":false,""inferenceValid"":false,""sensorFault"":true},""lora"":{""beginState"":0,""lastTxState"":0,""lastTxOk"":false,""txSeq"":0,""txCounter"":0,""aesKeyProvisioned"":true,""aesKeyPresent"":true,""aesKeySource"":""nvs"",""keyId"":1,""lastDownlinkCommandId"":0,""freqMHz"":920,""bwKHz"":125,""sf"":7,""cr"":5,""syncWord"":18,""txPowerDbm"":17,""preamble"":8,""tcxoVoltage"":1.600000024,""xtalVoltage"":0},""dataset"":{""state"":""idle"",""step"":""idle"",""label"":"""",""seq"":0,""targetSamples"":0,""sampleIntervalMs"":500,""maxDurationMs"":0,""useFanIntake"":true,""fanOnMs"":1000,""postFanSettleMs"":0,""nullingProfileId"":9,""queuePending"":0,""queueCapacity"":16,""queueEnqueued"":0,""queueDropped"":0,""publishFailCount"":0,""retryCount"":0,""retryFailCount"":0,""rejectedSamples"":0,""lastRejectReason"":""none"",""lastRejectChannel"":-1,""lastRejectOkFiniteCount"":0,""lastRejectStatus"":255,""lastRejectGain"":0,""lastRejectSaturated"":false},""recovery"":{""wifiReconnectCount"":0,""wifiReconnectFailCount"":0,""mqttReconnectCount"":0,""mqttConnectFailCount"":0,""lastMqttState"":0,""adsRecoveryCount"":0,""adsRecoveryFailCount"":0,""adsReadFailStreak"":0,""lastReason"":""none"",""lastRecoveryMs"":0,""bootRecoveryArmed"":false,""bootRecoveryDueMs"":0,""bootRecoveryReason"":""none"",""bootRecoveryNonAdsFailure"":false,""bootRecoveryRestartCount"":0},""nulling"":{""done"":false,""retryArmed"":false,""attemptCount"":0,""nextRetryMs"":0,""thresholdV"":9.999999747E-06,""minFinalV"":0},""telemetry"":{""valid"":true,""sampleMs"":6551703,""gasClass"":6,""gasName"":""CO2"",""confidence"":0,""alarm"":false,""sensorVoltage"":[0.111470856,0.004017984,0.004816673,-0.00258218,-0.006325677,-0.011443032,-0.01962561,-0.024886463],""sensorGain"":[32,64,64,64,64,64,64,64],""sensorStatus"":[0,0,0,0,0,0,0,0],""featureOrder"":[""MQ8"",""MQ135"",""MQ3"",""MQ5"",""MQ4"",""MQ7"",""MQ6"",""MQ2""]},""alarmLatched"":false}"
2026-08-04 11:10:16.432 +07:00,175.313,HOT_SWEEP_70,70,700,300,1,0,0.11085023,0.003944149,0.004883308,-0.002572684,-0.005670397,-0.011515528,-0.019654874,-0.024828773,"{""deviceId"":""1001"",""nodeId"":4097,""targetChId"":""0010"",""mode"":""inference"",""uptimeMs"":6552774,""debugEnabled"":true,""power"":{""mode"":""24v"",""externalPower"":true,""batteryMv"":65535,""batteryValid"":false,""batteryDetected"":false,""batterySenseStatus"":""not_detected"",""batteryLow"":false,""batteryCritical"":false,""sourceAmbiguous"":false,""serviceHoldActive"":false,""serviceHoldEffective"":false},""batterySession"":{""state"":""inactive"",""startedMs"":0,""stateStartedMs"":0,""validSampleBatches"":0,""requiredSampleBatches"":10,""alarmTxAttempts"":0,""alarmTxAttemptLimit"":3,""alarmAckReceived"":false,""pendingAlarm"":false,""pendingSaveRequired"":false,""persistenceFaultHold"":false,""completionReason"":""session_done""},""bootHealth"":{""adsReady"":true,""adsDrdyLevel"":0,""adsDrdyPulldownLevel"":0,""adsDrdyPullupLevel"":0,""adsMisoPulldownLevel"":0,""adsMisoPullupLevel"":1,""adsCsLevel"":1,""adsSyncLevel"":1,""adsStatus"":54,""adsMux"":15,""adsAdcon"":6,""adsDrate"":240,""adsReason"":""ok"",""tcaOk"":true,""mcpOkCount"":8,""mcpOk"":[true,true,true,true,true,true,true,true],""mcpAddrMask"":[1,1,1,1,1,1,1,1],""mcpControlTested"":true,""mcpControlOkCount"":8,""mcpControlOk"":[true,true,true,true,true,true,true,true],""dacReady"":true,""radioReady"":true,""mlReady"":true,""nullingProfileApplied"":true,""modelProfileReady"":false},""runtimeMcpCode"":[255,519,795,706,799,865,665,139],""model"":{""profileId"":""cnn-dualbranch-datasheet-v1-unbound"",""scalerProfileId"":""cnn-dualbranch-datasheet-v1-unbound"",""productionApproved"":true,""boundNullingProfileId"":8,""activeNullingProfileId"":9,""bindingValid"":true,""bindingModelMatches"":true,""profileReady"":false,""inferenceValid"":false,""sensorFault"":true},""lora"":{""beginState"":0,""lastTxState"":0,""lastTxOk"":false,""txSeq"":0,""txCounter"":0,""aesKeyProvisioned"":true,""aesKeyPresent"":true,""aesKeySource"":""nvs"",""keyId"":1,""lastDownlinkCommandId"":0,""freqMHz"":920,""bwKHz"":125,""sf"":7,""cr"":5,""syncWord"":18,""txPowerDbm"":17,""preamble"":8,""tcxoVoltage"":1.600000024,""xtalVoltage"":0},""dataset"":{""state"":""idle"",""step"":""idle"",""label"":"""",""seq"":0,""targetSamples"":0,""sampleIntervalMs"":500,""maxDurationMs"":0,""useFanIntake"":true,""fanOnMs"":1000,""postFanSettleMs"":0,""nullingProfileId"":9,""queuePending"":0,""queueCapacity"":16,""queueEnqueued"":0,""queueDropped"":0,""publishFailCount"":0,""retryCount"":0,""retryFailCount"":0,""rejectedSamples"":0,""lastRejectReason"":""none"",""lastRejectChannel"":-1,""lastRejectOkFiniteCount"":0,""lastRejectStatus"":255,""lastRejectGain"":0,""lastRejectSaturated"":false},""recovery"":{""wifiReconnectCount"":0,""wifiReconnectFailCount"":0,""mqttReconnectCount"":0,""mqttConnectFailCount"":0,""lastMqttState"":0,""adsRecoveryCount"":0,""adsRecoveryFailCount"":0,""adsReadFailStreak"":0,""lastReason"":""none"",""lastRecoveryMs"":0,""bootRecoveryArmed"":false,""bootRecoveryDueMs"":0,""bootRecoveryReason"":""none"",""bootRecoveryNonAdsFailure"":false,""bootRecoveryRestartCount"":0},""nulling"":{""done"":false,""retryArmed"":false,""attemptCount"":0,""nextRetryMs"":0,""thresholdV"":9.999999747E-06,""minFinalV"":0},""telemetry"":{""valid"":true,""sampleMs"":6552358,""gasClass"":6,""gasName"":""CO2"",""confidence"":0,""alarm"":false,""sensorVoltage"":[0.11085023,0.003944149,0.004883308,-0.002572684,-0.005670397,-0.011515528,-0.019654874,-0.024828773],""sensorGain"":[32,64,64,64,64,64,64,64],""sensorStatus"":[0,0,0,0,0,0,0,0],""featureOrder"":[""MQ8"",""MQ135"",""MQ3"",""MQ5"",""MQ4"",""MQ7"",""MQ6"",""MQ2""]},""alarmLatched"":false}"
2026-08-04 11:10:17.125 +07:00,176.004,HOT_SWEEP_70,70,700,300,1,0,0.111972034,0.003923815,0.004853856,-0.002543783,-0.006737818,-0.011543814,-0.019588925,-0.024741521,"{""deviceId"":""1001"",""nodeId"":4097,""targetChId"":""0010"",""mode"":""inference"",""uptimeMs"":6553462,""debugEnabled"":true,""power"":{""mode"":""24v"",""externalPower"":true,""batteryMv"":65535,""batteryValid"":false,""batteryDetected"":false,""batterySenseStatus"":""not_detected"",""batteryLow"":false,""batteryCritical"":false,""sourceAmbiguous"":false,""serviceHoldActive"":false,""serviceHoldEffective"":false},""batterySession"":{""state"":""inactive"",""startedMs"":0,""stateStartedMs"":0,""validSampleBatches"":0,""requiredSampleBatches"":10,""alarmTxAttempts"":0,""alarmTxAttemptLimit"":3,""alarmAckReceived"":false,""pendingAlarm"":false,""pendingSaveRequired"":false,""persistenceFaultHold"":false,""completionReason"":""session_done""},""bootHealth"":{""adsReady"":true,""adsDrdyLevel"":0,""adsDrdyPulldownLevel"":0,""adsDrdyPullupLevel"":0,""adsMisoPulldownLevel"":0,""adsMisoPullupLevel"":1,""adsCsLevel"":1,""adsSyncLevel"":1,""adsStatus"":54,""adsMux"":15,""adsAdcon"":6,""adsDrate"":240,""adsReason"":""ok"",""tcaOk"":true,""mcpOkCount"":8,""mcpOk"":[true,true,true,true,true,true,true,true],""mcpAddrMask"":[1,1,1,1,1,1,1,1],""mcpControlTested"":true,""mcpControlOkCount"":8,""mcpControlOk"":[true,true,true,true,true,true,true,true],""dacReady"":true,""radioReady"":true,""mlReady"":true,""nullingProfileApplied"":true,""modelProfileReady"":false},""runtimeMcpCode"":[255,519,795,706,799,865,665,139],""model"":{""profileId"":""cnn-dualbranch-datasheet-v1-unbound"",""scalerProfileId"":""cnn-dualbranch-datasheet-v1-unbound"",""productionApproved"":true,""boundNullingProfileId"":8,""activeNullingProfileId"":9,""bindingValid"":true,""bindingModelMatches"":true,""profileReady"":false,""inferenceValid"":false,""sensorFault"":true},""lora"":{""beginState"":0,""lastTxState"":0,""lastTxOk"":false,""txSeq"":0,""txCounter"":0,""aesKeyProvisioned"":true,""aesKeyPresent"":true,""aesKeySource"":""nvs"",""keyId"":1,""lastDownlinkCommandId"":0,""freqMHz"":920,""bwKHz"":125,""sf"":7,""cr"":5,""syncWord"":18,""txPowerDbm"":17,""preamble"":8,""tcxoVoltage"":1.600000024,""xtalVoltage"":0},""dataset"":{""state"":""idle"",""step"":""idle"",""label"":"""",""seq"":0,""targetSamples"":0,""sampleIntervalMs"":500,""maxDurationMs"":0,""useFanIntake"":true,""fanOnMs"":1000,""postFanSettleMs"":0,""nullingProfileId"":9,""queuePending"":0,""queueCapacity"":16,""queueEnqueued"":0,""queueDropped"":0,""publishFailCount"":0,""retryCount"":0,""retryFailCount"":0,""rejectedSamples"":0,""lastRejectReason"":""none"",""lastRejectChannel"":-1,""lastRejectOkFiniteCount"":0,""lastRejectStatus"":255,""lastRejectGain"":0,""lastRejectSaturated"":false},""recovery"":{""wifiReconnectCount"":0,""wifiReconnectFailCount"":0,""mqttReconnectCount"":0,""mqttConnectFailCount"":0,""lastMqttState"":0,""adsRecoveryCount"":0,""adsRecoveryFailCount"":0,""adsReadFailStreak"":0,""lastReason"":""none"",""lastRecoveryMs"":0,""bootRecoveryArmed"":false,""bootRecoveryDueMs"":0,""bootRecoveryReason"":""none"",""bootRecoveryNonAdsFailure"":false,""bootRecoveryRestartCount"":0},""nulling"":{""done"":false,""retryArmed"":false,""attemptCount"":0,""nextRetryMs"":0,""thresholdV"":9.999999747E-06,""minFinalV"":0},""telemetry"":{""valid"":true,""sampleMs"":6553052,""gasClass"":6,""gasName"":""CO2"",""confidence"":0,""alarm"":false,""sensorVoltage"":[0.111972034,0.003923815,0.004853856,-0.002543783,-0.006737818,-0.011543814,-0.019588925,-0.024741521],""sensorGain"":[32,64,64,64,64,64,64,64],""sensorStatus"":[0,0,0,0,0,0,0,0],""featureOrder"":[""MQ8"",""MQ135"",""MQ3"",""MQ5"",""MQ4"",""MQ7"",""MQ6"",""MQ2""]},""alarmLatched"":false}"
2026-08-04 11:10:17.811 +07:00,176.692,HOT_SWEEP_70,70,700,300,1,0,0.111507453,0.003933252,0.004942901,-0.002558906,-0.00677567,-0.011521486,-0.019494526,-0.02473467,"{""deviceId"":""1001"",""nodeId"":4097,""targetChId"":""0010"",""mode"":""inference"",""uptimeMs"":6554152,""debugEnabled"":true,""power"":{""mode"":""24v"",""externalPower"":true,""batteryMv"":65535,""batteryValid"":false,""batteryDetected"":false,""batterySenseStatus"":""not_detected"",""batteryLow"":false,""batteryCritical"":false,""sourceAmbiguous"":false,""serviceHoldActive"":false,""serviceHoldEffective"":false},""batterySession"":{""state"":""inactive"",""startedMs"":0,""stateStartedMs"":0,""validSampleBatches"":0,""requiredSampleBatches"":10,""alarmTxAttempts"":0,""alarmTxAttemptLimit"":3,""alarmAckReceived"":false,""pendingAlarm"":false,""pendingSaveRequired"":false,""persistenceFaultHold"":false,""completionReason"":""session_done""},""bootHealth"":{""adsReady"":true,""adsDrdyLevel"":0,""adsDrdyPulldownLevel"":0,""adsDrdyPullupLevel"":0,""adsMisoPulldownLevel"":0,""adsMisoPullupLevel"":1,""adsCsLevel"":1,""adsSyncLevel"":1,""adsStatus"":54,""adsMux"":15,""adsAdcon"":6,""adsDrate"":240,""adsReason"":""ok"",""tcaOk"":true,""mcpOkCount"":8,""mcpOk"":[true,true,true,true,true,true,true,true],""mcpAddrMask"":[1,1,1,1,1,1,1,1],""mcpControlTested"":true,""mcpControlOkCount"":8,""mcpControlOk"":[true,true,true,true,true,true,true,true],""dacReady"":true,""radioReady"":true,""mlReady"":true,""nullingProfileApplied"":true,""modelProfileReady"":false},""runtimeMcpCode"":[255,519,795,706,799,865,665,139],""model"":{""profileId"":""cnn-dualbranch-datasheet-v1-unbound"",""scalerProfileId"":""cnn-dualbranch-datasheet-v1-unbound"",""productionApproved"":true,""boundNullingProfileId"":8,""activeNullingProfileId"":9,""bindingValid"":true,""bindingModelMatches"":true,""profileReady"":false,""inferenceValid"":false,""sensorFault"":true},""lora"":{""beginState"":0,""lastTxState"":0,""lastTxOk"":false,""txSeq"":0,""txCounter"":0,""aesKeyProvisioned"":true,""aesKeyPresent"":true,""aesKeySource"":""nvs"",""keyId"":1,""lastDownlinkCommandId"":0,""freqMHz"":920,""bwKHz"":125,""sf"":7,""cr"":5,""syncWord"":18,""txPowerDbm"":17,""preamble"":8,""tcxoVoltage"":1.600000024,""xtalVoltage"":0},""dataset"":{""state"":""idle"",""step"":""idle"",""label"":"""",""seq"":0,""targetSamples"":0,""sampleIntervalMs"":500,""maxDurationMs"":0,""useFanIntake"":true,""fanOnMs"":1000,""postFanSettleMs"":0,""nullingProfileId"":9,""queuePending"":0,""queueCapacity"":16,""queueEnqueued"":0,""queueDropped"":0,""publishFailCount"":0,""retryCount"":0,""retryFailCount"":0,""rejectedSamples"":0,""lastRejectReason"":""none"",""lastRejectChannel"":-1,""lastRejectOkFiniteCount"":0,""lastRejectStatus"":255,""lastRejectGain"":0,""lastRejectSaturated"":false},""recovery"":{""wifiReconnectCount"":0,""wifiReconnectFailCount"":0,""mqttReconnectCount"":0,""mqttConnectFailCount"":0,""lastMqttState"":0,""adsRecoveryCount"":0,""adsRecoveryFailCount"":0,""adsReadFailStreak"":0,""lastReason"":""none"",""lastRecoveryMs"":0,""bootRecoveryArmed"":false,""bootRecoveryDueMs"":0,""bootRecoveryReason"":""none"",""bootRecoveryNonAdsFailure"":false,""bootRecoveryRestartCount"":0},""nulling"":{""done"":false,""retryArmed"":false,""attemptCount"":0,""nextRetryMs"":0,""thresholdV"":9.999999747E-06,""minFinalV"":0},""telemetry"":{""valid"":true,""sampleMs"":6553772,""gasClass"":6,""gasName"":""CO2"",""confidence"":0,""alarm"":false,""sensorVoltage"":[0.111507453,0.003933252,0.004942901,-0.002558906,-0.00677567,-0.011521486,-0.019494526,-0.02473467],""sensorGain"":[32,64,64,64,64,64,64,64],""sensorStatus"":[0,0,0,0,0,0,0,0],""featureOrder"":[""MQ8"",""MQ135"",""MQ3"",""MQ5"",""MQ4"",""MQ7"",""MQ6"",""MQ2""]},""alarmLatched"":false}"
2026-08-04 11:10:18.500 +07:00,177.368,HOT_SWEEP_70,70,700,300,1,0,0.111006953,0.00395026,0.004944061,-0.002551183,-0.006811867,-0.011520824,-0.019458054,-0.024696205,"{""deviceId"":""1001"",""nodeId"":4097,""targetChId"":""0010"",""mode"":""inference"",""uptimeMs"":6554839,""debugEnabled"":true,""power"":{""mode"":""24v"",""externalPower"":true,""batteryMv"":65535,""batteryValid"":false,""batteryDetected"":false,""batterySenseStatus"":""not_detected"",""batteryLow"":false,""batteryCritical"":false,""sourceAmbiguous"":false,""serviceHoldActive"":false,""serviceHoldEffective"":false},""batterySession"":{""state"":""inactive"",""startedMs"":0,""stateStartedMs"":0,""validSampleBatches"":0,""requiredSampleBatches"":10,""alarmTxAttempts"":0,""alarmTxAttemptLimit"":3,""alarmAckReceived"":false,""pendingAlarm"":false,""pendingSaveRequired"":false,""persistenceFaultHold"":false,""completionReason"":""session_done""},""bootHealth"":{""adsReady"":true,""adsDrdyLevel"":0,""adsDrdyPulldownLevel"":0,""adsDrdyPullupLevel"":0,""adsMisoPulldownLevel"":0,""adsMisoPullupLevel"":1,""adsCsLevel"":1,""adsSyncLevel"":1,""adsStatus"":54,""adsMux"":15,""adsAdcon"":6,""adsDrate"":240,""adsReason"":""ok"",""tcaOk"":true,""mcpOkCount"":8,""mcpOk"":[true,true,true,true,true,true,true,true],""mcpAddrMask"":[1,1,1,1,1,1,1,1],""mcpControlTested"":true,""mcpControlOkCount"":8,""mcpControlOk"":[true,true,true,true,true,true,true,true],""dacReady"":true,""radioReady"":true,""mlReady"":true,""nullingProfileApplied"":true,""modelProfileReady"":false},""runtimeMcpCode"":[255,519,795,706,799,865,665,139],""model"":{""profileId"":""cnn-dualbranch-datasheet-v1-unbound"",""scalerProfileId"":""cnn-dualbranch-datasheet-v1-unbound"",""productionApproved"":true,""boundNullingProfileId"":8,""activeNullingProfileId"":9,""bindingValid"":true,""bindingModelMatches"":true,""profileReady"":false,""inferenceValid"":false,""sensorFault"":true},""lora"":{""beginState"":0,""lastTxState"":0,""lastTxOk"":false,""txSeq"":0,""txCounter"":0,""aesKeyProvisioned"":true,""aesKeyPresent"":true,""aesKeySource"":""nvs"",""keyId"":1,""lastDownlinkCommandId"":0,""freqMHz"":920,""bwKHz"":125,""sf"":7,""cr"":5,""syncWord"":18,""txPowerDbm"":17,""preamble"":8,""tcxoVoltage"":1.600000024,""xtalVoltage"":0},""dataset"":{""state"":""idle"",""step"":""idle"",""label"":"""",""seq"":0,""targetSamples"":0,""sampleIntervalMs"":500,""maxDurationMs"":0,""useFanIntake"":true,""fanOnMs"":1000,""postFanSettleMs"":0,""nullingProfileId"":9,""queuePending"":0,""queueCapacity"":16,""queueEnqueued"":0,""queueDropped"":0,""publishFailCount"":0,""retryCount"":0,""retryFailCount"":0,""rejectedSamples"":0,""lastRejectReason"":""none"",""lastRejectChannel"":-1,""lastRejectOkFiniteCount"":0,""lastRejectStatus"":255,""lastRejectGain"":0,""lastRejectSaturated"":false},""recovery"":{""wifiReconnectCount"":0,""wifiReconnectFailCount"":0,""mqttReconnectCount"":0,""mqttConnectFailCount"":0,""lastMqttState"":0,""adsRecoveryCount"":0,""adsRecoveryFailCount"":0,""adsReadFailStreak"":0,""lastReason"":""none"",""lastRecoveryMs"":0,""bootRecoveryArmed"":false,""bootRecoveryDueMs"":0,""bootRecoveryReason"":""none"",""bootRecoveryNonAdsFailure"":false,""bootRecoveryRestartCount"":0},""nulling"":{""done"":false,""retryArmed"":false,""attemptCount"":0,""nextRetryMs"":0,""thresholdV"":9.999999747E-06,""minFinalV"":0},""telemetry"":{""valid"":true,""sampleMs"":6554430,""gasClass"":6,""gasName"":""CO2"",""confidence"":0,""alarm"":false,""sensorVoltage"":[0.111006953,0.00395026,0.004944061,-0.002551183,-0.006811867,-0.011520824,-0.019458054,-0.024696205],""sensorGain"":[32,64,64,64,64,64,64,64],""sensorStatus"":[0,0,0,0,0,0,0,0],""featureOrder"":[""MQ8"",""MQ135"",""MQ3"",""MQ5"",""MQ4"",""MQ7"",""MQ6"",""MQ2""]},""alarmLatched"":false}"
2026-08-04 11:10:19.191 +07:00,178.072,HOT_SWEEP_70,70,700,300,1,0,0.111997925,0.003844108,0.00494862,-0.002560368,-0.006816369,-0.011541845,-0.019452324,-0.024758048,"{""deviceId"":""1001"",""nodeId"":4097,""targetChId"":""0010"",""mode"":""inference"",""uptimeMs"":6555537,""debugEnabled"":true,""power"":{""mode"":""24v"",""externalPower"":true,""batteryMv"":65535,""batteryValid"":false,""batteryDetected"":false,""batterySenseStatus"":""not_detected"",""batteryLow"":false,""batteryCritical"":false,""sourceAmbiguous"":false,""serviceHoldActive"":false,""serviceHoldEffective"":false},""batterySession"":{""state"":""inactive"",""startedMs"":0,""stateStartedMs"":0,""validSampleBatches"":0,""requiredSampleBatches"":10,""alarmTxAttempts"":0,""alarmTxAttemptLimit"":3,""alarmAckReceived"":false,""pendingAlarm"":false,""pendingSaveRequired"":false,""persistenceFaultHold"":false,""completionReason"":""session_done""},""bootHealth"":{""adsReady"":true,""adsDrdyLevel"":0,""adsDrdyPulldownLevel"":0,""adsDrdyPullupLevel"":0,""adsMisoPulldownLevel"":0,""adsMisoPullupLevel"":1,""adsCsLevel"":1,""adsSyncLevel"":1,""adsStatus"":54,""adsMux"":15,""adsAdcon"":6,""adsDrate"":240,""adsReason"":""ok"",""tcaOk"":true,""mcpOkCount"":8,""mcpOk"":[true,true,true,true,true,true,true,true],""mcpAddrMask"":[1,1,1,1,1,1,1,1],""mcpControlTested"":true,""mcpControlOkCount"":8,""mcpControlOk"":[true,true,true,true,true,true,true,true],""dacReady"":true,""radioReady"":true,""mlReady"":true,""nullingProfileApplied"":true,""modelProfileReady"":false},""runtimeMcpCode"":[255,519,795,706,799,865,665,139],""model"":{""profileId"":""cnn-dualbranch-datasheet-v1-unbound"",""scalerProfileId"":""cnn-dualbranch-datasheet-v1-unbound"",""productionApproved"":true,""boundNullingProfileId"":8,""activeNullingProfileId"":9,""bindingValid"":true,""bindingModelMatches"":true,""profileReady"":false,""inferenceValid"":false,""sensorFault"":true},""lora"":{""beginState"":0,""lastTxState"":0,""lastTxOk"":false,""txSeq"":0,""txCounter"":0,""aesKeyProvisioned"":true,""aesKeyPresent"":true,""aesKeySource"":""nvs"",""keyId"":1,""lastDownlinkCommandId"":0,""freqMHz"":920,""bwKHz"":125,""sf"":7,""cr"":5,""syncWord"":18,""txPowerDbm"":17,""preamble"":8,""tcxoVoltage"":1.600000024,""xtalVoltage"":0},""dataset"":{""state"":""idle"",""step"":""idle"",""label"":"""",""seq"":0,""targetSamples"":0,""sampleIntervalMs"":500,""maxDurationMs"":0,""useFanIntake"":true,""fanOnMs"":1000,""postFanSettleMs"":0,""nullingProfileId"":9,""queuePending"":0,""queueCapacity"":16,""queueEnqueued"":0,""queueDropped"":0,""publishFailCount"":0,""retryCount"":0,""retryFailCount"":0,""rejectedSamples"":0,""lastRejectReason"":""none"",""lastRejectChannel"":-1,""lastRejectOkFiniteCount"":0,""lastRejectStatus"":255,""lastRejectGain"":0,""lastRejectSaturated"":false},""recovery"":{""wifiReconnectCount"":0,""wifiReconnectFailCount"":0,""mqttReconnectCount"":0,""mqttConnectFailCount"":0,""lastMqttState"":0,""adsRecoveryCount"":0,""adsRecoveryFailCount"":0,""adsReadFailStreak"":0,""lastReason"":""none"",""lastRecoveryMs"":0,""bootRecoveryArmed"":false,""bootRecoveryDueMs"":0,""bootRecoveryReason"":""none"",""bootRecoveryNonAdsFailure"":false,""bootRecoveryRestartCount"":0},""nulling"":{""done"":false,""retryArmed"":false,""attemptCount"":0,""nextRetryMs"":0,""thresholdV"":9.999999747E-06,""minFinalV"":0},""telemetry"":{""valid"":true,""sampleMs"":6555117,""gasClass"":6,""gasName"":""CO2"",""confidence"":0,""alarm"":false,""sensorVoltage"":[0.111997925,0.003844108,0.00494862,-0.002560368,-0.006816369,-0.011541845,-0.019452324,-0.024758048],""sensorGain"":[32,64,64,64,64,64,64,64],""sensorStatus"":[0,0,0,0,0,0,0,0],""featureOrder"":[""MQ8"",""MQ135"",""MQ3"",""MQ5"",""MQ4"",""MQ7"",""MQ6"",""MQ2""]},""alarmLatched"":false}"
2026-08-04 11:10:19.889 +07:00,178.770,HOT_SWEEP_70,70,700,300,1,0,0.111874364,0.003763162,0.004941046,-0.002602023,-0.007496536,-0.011623124,-0.019459192,-0.024764227,"{""deviceId"":""1001"",""nodeId"":4097,""targetChId"":""0010"",""mode"":""inference"",""uptimeMs"":6556232,""debugEnabled"":true,""power"":{""mode"":""24v"",""externalPower"":true,""batteryMv"":65535,""batteryValid"":false,""batteryDetected"":false,""batterySenseStatus"":""not_detected"",""batteryLow"":false,""batteryCritical"":false,""sourceAmbiguous"":false,""serviceHoldActive"":false,""serviceHoldEffective"":false},""batterySession"":{""state"":""inactive"",""startedMs"":0,""stateStartedMs"":0,""validSampleBatches"":0,""requiredSampleBatches"":10,""alarmTxAttempts"":0,""alarmTxAttemptLimit"":3,""alarmAckReceived"":false,""pendingAlarm"":false,""pendingSaveRequired"":false,""persistenceFaultHold"":false,""completionReason"":""session_done""},""bootHealth"":{""adsReady"":true,""adsDrdyLevel"":0,""adsDrdyPulldownLevel"":0,""adsDrdyPullupLevel"":0,""adsMisoPulldownLevel"":0,""adsMisoPullupLevel"":1,""adsCsLevel"":1,""adsSyncLevel"":1,""adsStatus"":54,""adsMux"":15,""adsAdcon"":6,""adsDrate"":240,""adsReason"":""ok"",""tcaOk"":true,""mcpOkCount"":8,""mcpOk"":[true,true,true,true,true,true,true,true],""mcpAddrMask"":[1,1,1,1,1,1,1,1],""mcpControlTested"":true,""mcpControlOkCount"":8,""mcpControlOk"":[true,true,true,true,true,true,true,true],""dacReady"":true,""radioReady"":true,""mlReady"":true,""nullingProfileApplied"":true,""modelProfileReady"":false},""runtimeMcpCode"":[255,519,795,706,799,865,665,139],""model"":{""profileId"":""cnn-dualbranch-datasheet-v1-unbound"",""scalerProfileId"":""cnn-dualbranch-datasheet-v1-unbound"",""productionApproved"":true,""boundNullingProfileId"":8,""activeNullingProfileId"":9,""bindingValid"":true,""bindingModelMatches"":true,""profileReady"":false,""inferenceValid"":false,""sensorFault"":true},""lora"":{""beginState"":0,""lastTxState"":0,""lastTxOk"":false,""txSeq"":0,""txCounter"":0,""aesKeyProvisioned"":true,""aesKeyPresent"":true,""aesKeySource"":""nvs"",""keyId"":1,""lastDownlinkCommandId"":0,""freqMHz"":920,""bwKHz"":125,""sf"":7,""cr"":5,""syncWord"":18,""txPowerDbm"":17,""preamble"":8,""tcxoVoltage"":1.600000024,""xtalVoltage"":0},""dataset"":{""state"":""idle"",""step"":""idle"",""label"":"""",""seq"":0,""targetSamples"":0,""sampleIntervalMs"":500,""maxDurationMs"":0,""useFanIntake"":true,""fanOnMs"":1000,""postFanSettleMs"":0,""nullingProfileId"":9,""queuePending"":0,""queueCapacity"":16,""queueEnqueued"":0,""queueDropped"":0,""publishFailCount"":0,""retryCount"":0,""retryFailCount"":0,""rejectedSamples"":0,""lastRejectReason"":""none"",""lastRejectChannel"":-1,""lastRejectOkFiniteCount"":0,""lastRejectStatus"":255,""lastRejectGain"":0,""lastRejectSaturated"":false},""recovery"":{""wifiReconnectCount"":0,""wifiReconnectFailCount"":0,""mqttReconnectCount"":0,""mqttConnectFailCount"":0,""lastMqttState"":0,""adsRecoveryCount"":0,""adsRecoveryFailCount"":0,""adsReadFailStreak"":0,""lastReason"":""none"",""lastRecoveryMs"":0,""bootRecoveryArmed"":false,""bootRecoveryDueMs"":0,""bootRecoveryReason"":""none"",""bootRecoveryNonAdsFailure"":false,""bootRecoveryRestartCount"":0},""nulling"":{""done"":false,""retryArmed"":false,""attemptCount"":0,""nextRetryMs"":0,""thresholdV"":9.999999747E-06,""minFinalV"":0},""telemetry"":{""valid"":true,""sampleMs"":6555847,""gasClass"":6,""gasName"":""CO2"",""confidence"":0,""alarm"":false,""sensorVoltage"":[0.111874364,0.003763162,0.004941046,-0.002602023,-0.007496536,-0.011623124,-0.019459192,-0.024764227],""sensorGain"":[32,64,64,64,64,64,64,64],""sensorStatus"":[0,0,0,0,0,0,0,0],""featureOrder"":[""MQ8"",""MQ135"",""MQ3"",""MQ5"",""MQ4"",""MQ7"",""MQ6"",""MQ2""]},""alarmLatched"":false}"
2026-08-04 11:10:20.568 +07:00,179.449,HOT_SWEEP_70,70,700,300,1,0,0.111524917,0.003793805,0.004870052,-0.002613543,-0.007475724,-0.011685332,-0.019414131,-0.024754351,"{""deviceId"":""1001"",""nodeId"":4097,""targetChId"":""0010"",""mode"":""inference"",""uptimeMs"":6556916,""debugEnabled"":true,""power"":{""mode"":""24v"",""externalPower"":true,""batteryMv"":65535,""batteryValid"":false,""batteryDetected"":false,""batterySenseStatus"":""not_detected"",""batteryLow"":false,""batteryCritical"":false,""sourceAmbiguous"":false,""serviceHoldActive"":false,""serviceHoldEffective"":false},""batterySession"":{""state"":""inactive"",""startedMs"":0,""stateStartedMs"":0,""validSampleBatches"":0,""requiredSampleBatches"":10,""alarmTxAttempts"":0,""alarmTxAttemptLimit"":3,""alarmAckReceived"":false,""pendingAlarm"":false,""pendingSaveRequired"":false,""persistenceFaultHold"":false,""completionReason"":""session_done""},""bootHealth"":{""adsReady"":true,""adsDrdyLevel"":0,""adsDrdyPulldownLevel"":0,""adsDrdyPullupLevel"":0,""adsMisoPulldownLevel"":0,""adsMisoPullupLevel"":1,""adsCsLevel"":1,""adsSyncLevel"":1,""adsStatus"":54,""adsMux"":15,""adsAdcon"":6,""adsDrate"":240,""adsReason"":""ok"",""tcaOk"":true,""mcpOkCount"":8,""mcpOk"":[true,true,true,true,true,true,true,true],""mcpAddrMask"":[1,1,1,1,1,1,1,1],""mcpControlTested"":true,""mcpControlOkCount"":8,""mcpControlOk"":[true,true,true,true,true,true,true,true],""dacReady"":true,""radioReady"":true,""mlReady"":true,""nullingProfileApplied"":true,""modelProfileReady"":false},""runtimeMcpCode"":[255,519,795,706,799,865,665,139],""model"":{""profileId"":""cnn-dualbranch-datasheet-v1-unbound"",""scalerProfileId"":""cnn-dualbranch-datasheet-v1-unbound"",""productionApproved"":true,""boundNullingProfileId"":8,""activeNullingProfileId"":9,""bindingValid"":true,""bindingModelMatches"":true,""profileReady"":false,""inferenceValid"":false,""sensorFault"":true},""lora"":{""beginState"":0,""lastTxState"":0,""lastTxOk"":false,""txSeq"":0,""txCounter"":0,""aesKeyProvisioned"":true,""aesKeyPresent"":true,""aesKeySource"":""nvs"",""keyId"":1,""lastDownlinkCommandId"":0,""freqMHz"":920,""bwKHz"":125,""sf"":7,""cr"":5,""syncWord"":18,""txPowerDbm"":17,""preamble"":8,""tcxoVoltage"":1.600000024,""xtalVoltage"":0},""dataset"":{""state"":""idle"",""step"":""idle"",""label"":"""",""seq"":0,""targetSamples"":0,""sampleIntervalMs"":500,""maxDurationMs"":0,""useFanIntake"":true,""fanOnMs"":1000,""postFanSettleMs"":0,""nullingProfileId"":9,""queuePending"":0,""queueCapacity"":16,""queueEnqueued"":0,""queueDropped"":0,""publishFailCount"":0,""retryCount"":0,""retryFailCount"":0,""rejectedSamples"":0,""lastRejectReason"":""none"",""lastRejectChannel"":-1,""lastRejectOkFiniteCount"":0,""lastRejectStatus"":255,""lastRejectGain"":0,""lastRejectSaturated"":false},""recovery"":{""wifiReconnectCount"":0,""wifiReconnectFailCount"":0,""mqttReconnectCount"":0,""mqttConnectFailCount"":0,""lastMqttState"":0,""adsRecoveryCount"":0,""adsRecoveryFailCount"":0,""adsReadFailStreak"":0,""lastReason"":""none"",""lastRecoveryMs"":0,""bootRecoveryArmed"":false,""bootRecoveryDueMs"":0,""bootRecoveryReason"":""none"",""bootRecoveryNonAdsFailure"":false,""bootRecoveryRestartCount"":0},""nulling"":{""done"":false,""retryArmed"":false,""attemptCount"":0,""nextRetryMs"":0,""thresholdV"":9.999999747E-06,""minFinalV"":0},""telemetry"":{""valid"":true,""sampleMs"":6556510,""gasClass"":6,""gasName"":""CO2"",""confidence"":0,""alarm"":false,""sensorVoltage"":[0.111524917,0.003793805,0.004870052,-0.002613543,-0.007475724,-0.011685332,-0.019414131,-0.024754351],""sensorGain"":[32,64,64,64,64,64,64,64],""sensorStatus"":[0,0,0,0,0,0,0,0],""featureOrder"":[""MQ8"",""MQ135"",""MQ3"",""MQ5"",""MQ4"",""MQ7"",""MQ6"",""MQ2""]},""alarmLatched"":false}"
2026-08-04 11:10:21.261 +07:00,180.140,HOT_SWEEP_70,70,700,300,1,0,0.112021185,0.003799272,0.004863667,-0.002618066,-0.008023856,-0.011680376,-0.019389648,-0.024822418,"{""deviceId"":""1001"",""nodeId"":4097,""targetChId"":""0010"",""mode"":""inference"",""uptimeMs"":6557600,""debugEnabled"":true,""power"":{""mode"":""24v"",""externalPower"":true,""batteryMv"":65535,""batteryValid"":false,""batteryDetected"":false,""batterySenseStatus"":""not_detected"",""batteryLow"":false,""batteryCritical"":false,""sourceAmbiguous"":false,""serviceHoldActive"":false,""serviceHoldEffective"":false},""batterySession"":{""state"":""inactive"",""startedMs"":0,""stateStartedMs"":0,""validSampleBatches"":0,""requiredSampleBatches"":10,""alarmTxAttempts"":0,""alarmTxAttemptLimit"":3,""alarmAckReceived"":false,""pendingAlarm"":false,""pendingSaveRequired"":false,""persistenceFaultHold"":false,""completionReason"":""session_done""},""bootHealth"":{""adsReady"":true,""adsDrdyLevel"":0,""adsDrdyPulldownLevel"":0,""adsDrdyPullupLevel"":0,""adsMisoPulldownLevel"":0,""adsMisoPullupLevel"":1,""adsCsLevel"":1,""adsSyncLevel"":1,""adsStatus"":54,""adsMux"":15,""adsAdcon"":6,""adsDrate"":240,""adsReason"":""ok"",""tcaOk"":true,""mcpOkCount"":8,""mcpOk"":[true,true,true,true,true,true,true,true],""mcpAddrMask"":[1,1,1,1,1,1,1,1],""mcpControlTested"":true,""mcpControlOkCount"":8,""mcpControlOk"":[true,true,true,true,true,true,true,true],""dacReady"":true,""radioReady"":true,""mlReady"":true,""nullingProfileApplied"":true,""modelProfileReady"":false},""runtimeMcpCode"":[255,519,795,706,799,865,665,139],""model"":{""profileId"":""cnn-dualbranch-datasheet-v1-unbound"",""scalerProfileId"":""cnn-dualbranch-datasheet-v1-unbound"",""productionApproved"":true,""boundNullingProfileId"":8,""activeNullingProfileId"":9,""bindingValid"":true,""bindingModelMatches"":true,""profileReady"":false,""inferenceValid"":false,""sensorFault"":true},""lora"":{""beginState"":0,""lastTxState"":0,""lastTxOk"":false,""txSeq"":0,""txCounter"":0,""aesKeyProvisioned"":true,""aesKeyPresent"":true,""aesKeySource"":""nvs"",""keyId"":1,""lastDownlinkCommandId"":0,""freqMHz"":920,""bwKHz"":125,""sf"":7,""cr"":5,""syncWord"":18,""txPowerDbm"":17,""preamble"":8,""tcxoVoltage"":1.600000024,""xtalVoltage"":0},""dataset"":{""state"":""idle"",""step"":""idle"",""label"":"""",""seq"":0,""targetSamples"":0,""sampleIntervalMs"":500,""maxDurationMs"":0,""useFanIntake"":true,""fanOnMs"":1000,""postFanSettleMs"":0,""nullingProfileId"":9,""queuePending"":0,""queueCapacity"":16,""queueEnqueued"":0,""queueDropped"":0,""publishFailCount"":0,""retryCount"":0,""retryFailCount"":0,""rejectedSamples"":0,""lastRejectReason"":""none"",""lastRejectChannel"":-1,""lastRejectOkFiniteCount"":0,""lastRejectStatus"":255,""lastRejectGain"":0,""lastRejectSaturated"":false},""recovery"":{""wifiReconnectCount"":0,""wifiReconnectFailCount"":0,""mqttReconnectCount"":0,""mqttConnectFailCount"":0,""lastMqttState"":0,""adsRecoveryCount"":0,""adsRecoveryFailCount"":0,""adsReadFailStreak"":0,""lastReason"":""none"",""lastRecoveryMs"":0,""bootRecoveryArmed"":false,""bootRecoveryDueMs"":0,""bootRecoveryReason"":""none"",""bootRecoveryNonAdsFailure"":false,""bootRecoveryRestartCount"":0},""nulling"":{""done"":false,""retryArmed"":false,""attemptCount"":0,""nextRetryMs"":0,""thresholdV"":9.999999747E-06,""minFinalV"":0},""telemetry"":{""valid"":true,""sampleMs"":6557194,""gasClass"":6,""gasName"":""CO2"",""confidence"":0,""alarm"":false,""sensorVoltage"":[0.112021185,0.003799272,0.004863667,-0.002618066,-0.008023856,-0.011680376,-0.019389648,-0.024822418],""sensorGain"":[32,64,64,64,64,64,64,64],""sensorStatus"":[0,0,0,0,0,0,0,0],""featureOrder"":[""MQ8"",""MQ135"",""MQ3"",""MQ5"",""MQ4"",""MQ7"",""MQ6"",""MQ2""]},""alarmLatched"":false}"
2026-08-04 11:10:21.933 +07:00,180.814,HOT_SWEEP_70,70,700,300,1,0,0.11233554,0.003796056,0.004966431,-0.002611184,-0.008475855,-0.011672379,-0.019397603,-0.024812026,"{""deviceId"":""1001"",""nodeId"":4097,""targetChId"":""0010"",""mode"":""inference"",""uptimeMs"":6558281,""debugEnabled"":true,""power"":{""mode"":""24v"",""externalPower"":true,""batteryMv"":65535,""batteryValid"":false,""batteryDetected"":false,""batterySenseStatus"":""not_detected"",""batteryLow"":false,""batteryCritical"":false,""sourceAmbiguous"":false,""serviceHoldActive"":false,""serviceHoldEffective"":false},""batterySession"":{""state"":""inactive"",""startedMs"":0,""stateStartedMs"":0,""validSampleBatches"":0,""requiredSampleBatches"":10,""alarmTxAttempts"":0,""alarmTxAttemptLimit"":3,""alarmAckReceived"":false,""pendingAlarm"":false,""pendingSaveRequired"":false,""persistenceFaultHold"":false,""completionReason"":""session_done""},""bootHealth"":{""adsReady"":true,""adsDrdyLevel"":0,""adsDrdyPulldownLevel"":0,""adsDrdyPullupLevel"":0,""adsMisoPulldownLevel"":0,""adsMisoPullupLevel"":1,""adsCsLevel"":1,""adsSyncLevel"":1,""adsStatus"":54,""adsMux"":15,""adsAdcon"":6,""adsDrate"":240,""adsReason"":""ok"",""tcaOk"":true,""mcpOkCount"":8,""mcpOk"":[true,true,true,true,true,true,true,true],""mcpAddrMask"":[1,1,1,1,1,1,1,1],""mcpControlTested"":true,""mcpControlOkCount"":8,""mcpControlOk"":[true,true,true,true,true,true,true,true],""dacReady"":true,""radioReady"":true,""mlReady"":true,""nullingProfileApplied"":true,""modelProfileReady"":false},""runtimeMcpCode"":[255,519,795,706,799,865,665,139],""model"":{""profileId"":""cnn-dualbranch-datasheet-v1-unbound"",""scalerProfileId"":""cnn-dualbranch-datasheet-v1-unbound"",""productionApproved"":true,""boundNullingProfileId"":8,""activeNullingProfileId"":9,""bindingValid"":true,""bindingModelMatches"":true,""profileReady"":false,""inferenceValid"":false,""sensorFault"":true},""lora"":{""beginState"":0,""lastTxState"":0,""lastTxOk"":false,""txSeq"":0,""txCounter"":0,""aesKeyProvisioned"":true,""aesKeyPresent"":true,""aesKeySource"":""nvs"",""keyId"":1,""lastDownlinkCommandId"":0,""freqMHz"":920,""bwKHz"":125,""sf"":7,""cr"":5,""syncWord"":18,""txPowerDbm"":17,""preamble"":8,""tcxoVoltage"":1.600000024,""xtalVoltage"":0},""dataset"":{""state"":""idle"",""step"":""idle"",""label"":"""",""seq"":0,""targetSamples"":0,""sampleIntervalMs"":500,""maxDurationMs"":0,""useFanIntake"":true,""fanOnMs"":1000,""postFanSettleMs"":0,""nullingProfileId"":9,""queuePending"":0,""queueCapacity"":16,""queueEnqueued"":0,""queueDropped"":0,""publishFailCount"":0,""retryCount"":0,""retryFailCount"":0,""rejectedSamples"":0,""lastRejectReason"":""none"",""lastRejectChannel"":-1,""lastRejectOkFiniteCount"":0,""lastRejectStatus"":255,""lastRejectGain"":0,""lastRejectSaturated"":false},""recovery"":{""wifiReconnectCount"":0,""wifiReconnectFailCount"":0,""mqttReconnectCount"":0,""mqttConnectFailCount"":0,""lastMqttState"":0,""adsRecoveryCount"":0,""adsRecoveryFailCount"":0,""adsReadFailStreak"":0,""lastReason"":""none"",""lastRecoveryMs"":0,""bootRecoveryArmed"":false,""bootRecoveryDueMs"":0,""bootRecoveryReason"":""none"",""bootRecoveryNonAdsFailure"":false,""bootRecoveryRestartCount"":0},""nulling"":{""done"":false,""retryArmed"":false,""attemptCount"":0,""nextRetryMs"":0,""thresholdV"":9.999999747E-06,""minFinalV"":0},""telemetry"":{""valid"":true,""sampleMs"":6557910,""gasClass"":6,""gasName"":""CO2"",""confidence"":0,""alarm"":false,""sensorVoltage"":[0.11233554,0.003796056,0.004966431,-0.002611184,-0.008475855,-0.011672379,-0.019397603,-0.024812026],""sensorGain"":[32,64,64,64,64,64,64,64],""sensorStatus"":[0,0,0,0,0,0,0,0],""featureOrder"":[""MQ8"",""MQ135"",""MQ3"",""MQ5"",""MQ4"",""MQ7"",""MQ6"",""MQ2""]},""alarmLatched"":false}"
2026-08-04 11:10:22.616 +07:00,181.497,HOT_SWEEP_70,70,700,300,1,0,0.111966908,0.003818953,0.004900216,-0.002602388,-0.008462756,-0.011669691,-0.019384153,-0.025291294,"{""deviceId"":""1001"",""nodeId"":4097,""targetChId"":""0010"",""mode"":""inference"",""uptimeMs"":6558964,""debugEnabled"":true,""power"":{""mode"":""24v"",""externalPower"":true,""batteryMv"":65535,""batteryValid"":false,""batteryDetected"":false,""batterySenseStatus"":""not_detected"",""batteryLow"":false,""batteryCritical"":false,""sourceAmbiguous"":false,""serviceHoldActive"":false,""serviceHoldEffective"":false},""batterySession"":{""state"":""inactive"",""startedMs"":0,""stateStartedMs"":0,""validSampleBatches"":0,""requiredSampleBatches"":10,""alarmTxAttempts"":0,""alarmTxAttemptLimit"":3,""alarmAckReceived"":false,""pendingAlarm"":false,""pendingSaveRequired"":false,""persistenceFaultHold"":false,""completionReason"":""session_done""},""bootHealth"":{""adsReady"":true,""adsDrdyLevel"":0,""adsDrdyPulldownLevel"":0,""adsDrdyPullupLevel"":0,""adsMisoPulldownLevel"":0,""adsMisoPullupLevel"":1,""adsCsLevel"":1,""adsSyncLevel"":1,""adsStatus"":54,""adsMux"":15,""adsAdcon"":6,""adsDrate"":240,""adsReason"":""ok"",""tcaOk"":true,""mcpOkCount"":8,""mcpOk"":[true,true,true,true,true,true,true,true],""mcpAddrMask"":[1,1,1,1,1,1,1,1],""mcpControlTested"":true,""mcpControlOkCount"":8,""mcpControlOk"":[true,true,true,true,true,true,true,true],""dacReady"":true,""radioReady"":true,""mlReady"":true,""nullingProfileApplied"":true,""modelProfileReady"":false},""runtimeMcpCode"":[255,519,795,706,799,865,665,139],""model"":{""profileId"":""cnn-dualbranch-datasheet-v1-unbound"",""scalerProfileId"":""cnn-dualbranch-datasheet-v1-unbound"",""productionApproved"":true,""boundNullingProfileId"":8,""activeNullingProfileId"":9,""bindingValid"":true,""bindingModelMatches"":true,""profileReady"":false,""inferenceValid"":false,""sensorFault"":true},""lora"":{""beginState"":0,""lastTxState"":0,""lastTxOk"":false,""txSeq"":0,""txCounter"":0,""aesKeyProvisioned"":true,""aesKeyPresent"":true,""aesKeySource"":""nvs"",""keyId"":1,""lastDownlinkCommandId"":0,""freqMHz"":920,""bwKHz"":125,""sf"":7,""cr"":5,""syncWord"":18,""txPowerDbm"":17,""preamble"":8,""tcxoVoltage"":1.600000024,""xtalVoltage"":0},""dataset"":{""state"":""idle"",""step"":""idle"",""label"":"""",""seq"":0,""targetSamples"":0,""sampleIntervalMs"":500,""maxDurationMs"":0,""useFanIntake"":true,""fanOnMs"":1000,""postFanSettleMs"":0,""nullingProfileId"":9,""queuePending"":0,""queueCapacity"":16,""queueEnqueued"":0,""queueDropped"":0,""publishFailCount"":0,""retryCount"":0,""retryFailCount"":0,""rejectedSamples"":0,""lastRejectReason"":""none"",""lastRejectChannel"":-1,""lastRejectOkFiniteCount"":0,""lastRejectStatus"":255,""lastRejectGain"":0,""lastRejectSaturated"":false},""recovery"":{""wifiReconnectCount"":0,""wifiReconnectFailCount"":0,""mqttReconnectCount"":0,""mqttConnectFailCount"":0,""lastMqttState"":0,""adsRecoveryCount"":0,""adsRecoveryFailCount"":0,""adsReadFailStreak"":0,""lastReason"":""none"",""lastRecoveryMs"":0,""bootRecoveryArmed"":false,""bootRecoveryDueMs"":0,""bootRecoveryReason"":""none"",""bootRecoveryNonAdsFailure"":false,""bootRecoveryRestartCount"":0},""nulling"":{""done"":false,""retryArmed"":false,""attemptCount"":0,""nextRetryMs"":0,""thresholdV"":9.999999747E-06,""minFinalV"":0},""telemetry"":{""valid"":true,""sampleMs"":6558559,""gasClass"":6,""gasName"":""CO2"",""confidence"":0,""alarm"":false,""sensorVoltage"":[0.111966908,0.003818953,0.004900216,-0.002602388,-0.008462756,-0.011669691,-0.019384153,-0.025291294],""sensorGain"":[32,64,64,64,64,64,64,64],""sensorStatus"":[0,0,0,0,0,0,0,0],""featureOrder"":[""MQ8"",""MQ135"",""MQ3"",""MQ5"",""MQ4"",""MQ7"",""MQ6"",""MQ2""]},""alarmLatched"":false}"
2026-08-04 11:10:23.309 +07:00,182.188,HOT_SWEEP_70,70,700,300,1,0,0.112192258,0.003808566,0.004787732,-0.002599242,-0.009059113,-0.011668757,-0.019443188,-0.025335008,"{""deviceId"":""1001"",""nodeId"":4097,""targetChId"":""0010"",""mode"":""inference"",""uptimeMs"":6559648,""debugEnabled"":true,""power"":{""mode"":""24v"",""externalPower"":true,""batteryMv"":65535,""batteryValid"":false,""batteryDetected"":false,""batterySenseStatus"":""not_detected"",""batteryLow"":false,""batteryCritical"":false,""sourceAmbiguous"":false,""serviceHoldActive"":false,""serviceHoldEffective"":false},""batterySession"":{""state"":""inactive"",""startedMs"":0,""stateStartedMs"":0,""validSampleBatches"":0,""requiredSampleBatches"":10,""alarmTxAttempts"":0,""alarmTxAttemptLimit"":3,""alarmAckReceived"":false,""pendingAlarm"":false,""pendingSaveRequired"":false,""persistenceFaultHold"":false,""completionReason"":""session_done""},""bootHealth"":{""adsReady"":true,""adsDrdyLevel"":0,""adsDrdyPulldownLevel"":0,""adsDrdyPullupLevel"":0,""adsMisoPulldownLevel"":0,""adsMisoPullupLevel"":1,""adsCsLevel"":1,""adsSyncLevel"":1,""adsStatus"":54,""adsMux"":15,""adsAdcon"":6,""adsDrate"":240,""adsReason"":""ok"",""tcaOk"":true,""mcpOkCount"":8,""mcpOk"":[true,true,true,true,true,true,true,true],""mcpAddrMask"":[1,1,1,1,1,1,1,1],""mcpControlTested"":true,""mcpControlOkCount"":8,""mcpControlOk"":[true,true,true,true,true,true,true,true],""dacReady"":true,""radioReady"":true,""mlReady"":true,""nullingProfileApplied"":true,""modelProfileReady"":false},""runtimeMcpCode"":[255,519,795,706,799,865,665,139],""model"":{""profileId"":""cnn-dualbranch-datasheet-v1-unbound"",""scalerProfileId"":""cnn-dualbranch-datasheet-v1-unbound"",""productionApproved"":true,""boundNullingProfileId"":8,""activeNullingProfileId"":9,""bindingValid"":true,""bindingModelMatches"":true,""profileReady"":false,""inferenceValid"":false,""sensorFault"":true},""lora"":{""beginState"":0,""lastTxState"":0,""lastTxOk"":false,""txSeq"":0,""txCounter"":0,""aesKeyProvisioned"":true,""aesKeyPresent"":true,""aesKeySource"":""nvs"",""keyId"":1,""lastDownlinkCommandId"":0,""freqMHz"":920,""bwKHz"":125,""sf"":7,""cr"":5,""syncWord"":18,""txPowerDbm"":17,""preamble"":8,""tcxoVoltage"":1.600000024,""xtalVoltage"":0},""dataset"":{""state"":""idle"",""step"":""idle"",""label"":"""",""seq"":0,""targetSamples"":0,""sampleIntervalMs"":500,""maxDurationMs"":0,""useFanIntake"":true,""fanOnMs"":1000,""postFanSettleMs"":0,""nullingProfileId"":9,""queuePending"":0,""queueCapacity"":16,""queueEnqueued"":0,""queueDropped"":0,""publishFailCount"":0,""retryCount"":0,""retryFailCount"":0,""rejectedSamples"":0,""lastRejectReason"":""none"",""lastRejectChannel"":-1,""lastRejectOkFiniteCount"":0,""lastRejectStatus"":255,""lastRejectGain"":0,""lastRejectSaturated"":false},""recovery"":{""wifiReconnectCount"":0,""wifiReconnectFailCount"":0,""mqttReconnectCount"":0,""mqttConnectFailCount"":0,""lastMqttState"":0,""adsRecoveryCount"":0,""adsRecoveryFailCount"":0,""adsReadFailStreak"":0,""lastReason"":""none"",""lastRecoveryMs"":0,""bootRecoveryArmed"":false,""bootRecoveryDueMs"":0,""bootRecoveryReason"":""none"",""bootRecoveryNonAdsFailure"":false,""bootRecoveryRestartCount"":0},""nulling"":{""done"":false,""retryArmed"":false,""attemptCount"":0,""nextRetryMs"":0,""thresholdV"":9.999999747E-06,""minFinalV"":0},""telemetry"":{""valid"":true,""sampleMs"":6559242,""gasClass"":6,""gasName"":""CO2"",""confidence"":0,""alarm"":false,""sensorVoltage"":[0.112192258,0.003808566,0.004787732,-0.002599242,-0.009059113,-0.011668757,-0.019443188,-0.025335008],""sensorGain"":[32,64,64,64,64,64,64,64],""sensorStatus"":[0,0,0,0,0,0,0,0],""featureOrder"":[""MQ8"",""MQ135"",""MQ3"",""MQ5"",""MQ4"",""MQ7"",""MQ6"",""MQ2""]},""alarmLatched"":false}"
2026-08-04 11:10:23.997 +07:00,182.878,HOT_SWEEP_70,70,700,300,1,0,0.112706818,0.003827665,0.004739874,-0.00260593,-0.008957567,-0.011396686,-0.019059854,-0.024884349,"{""deviceId"":""1001"",""nodeId"":4097,""targetChId"":""0010"",""mode"":""inference"",""uptimeMs"":6560339,""debugEnabled"":true,""power"":{""mode"":""24v"",""externalPower"":true,""batteryMv"":65535,""batteryValid"":false,""batteryDetected"":false,""batterySenseStatus"":""not_detected"",""batteryLow"":false,""batteryCritical"":false,""sourceAmbiguous"":false,""serviceHoldActive"":false,""serviceHoldEffective"":false},""batterySession"":{""state"":""inactive"",""startedMs"":0,""stateStartedMs"":0,""validSampleBatches"":0,""requiredSampleBatches"":10,""alarmTxAttempts"":0,""alarmTxAttemptLimit"":3,""alarmAckReceived"":false,""pendingAlarm"":false,""pendingSaveRequired"":false,""persistenceFaultHold"":false,""completionReason"":""session_done""},""bootHealth"":{""adsReady"":true,""adsDrdyLevel"":0,""adsDrdyPulldownLevel"":0,""adsDrdyPullupLevel"":0,""adsMisoPulldownLevel"":0,""adsMisoPullupLevel"":1,""adsCsLevel"":1,""adsSyncLevel"":1,""adsStatus"":54,""adsMux"":15,""adsAdcon"":6,""adsDrate"":240,""adsReason"":""ok"",""tcaOk"":true,""mcpOkCount"":8,""mcpOk"":[true,true,true,true,true,true,true,true],""mcpAddrMask"":[1,1,1,1,1,1,1,1],""mcpControlTested"":true,""mcpControlOkCount"":8,""mcpControlOk"":[true,true,true,true,true,true,true,true],""dacReady"":true,""radioReady"":true,""mlReady"":true,""nullingProfileApplied"":true,""modelProfileReady"":false},""runtimeMcpCode"":[255,519,795,706,799,865,665,139],""model"":{""profileId"":""cnn-dualbranch-datasheet-v1-unbound"",""scalerProfileId"":""cnn-dualbranch-datasheet-v1-unbound"",""productionApproved"":true,""boundNullingProfileId"":8,""activeNullingProfileId"":9,""bindingValid"":true,""bindingModelMatches"":true,""profileReady"":false,""inferenceValid"":false,""sensorFault"":true},""lora"":{""beginState"":0,""lastTxState"":0,""lastTxOk"":false,""txSeq"":0,""txCounter"":0,""aesKeyProvisioned"":true,""aesKeyPresent"":true,""aesKeySource"":""nvs"",""keyId"":1,""lastDownlinkCommandId"":0,""freqMHz"":920,""bwKHz"":125,""sf"":7,""cr"":5,""syncWord"":18,""txPowerDbm"":17,""preamble"":8,""tcxoVoltage"":1.600000024,""xtalVoltage"":0},""dataset"":{""state"":""idle"",""step"":""idle"",""label"":"""",""seq"":0,""targetSamples"":0,""sampleIntervalMs"":500,""maxDurationMs"":0,""useFanIntake"":true,""fanOnMs"":1000,""postFanSettleMs"":0,""nullingProfileId"":9,""queuePending"":0,""queueCapacity"":16,""queueEnqueued"":0,""queueDropped"":0,""publishFailCount"":0,""retryCount"":0,""retryFailCount"":0,""rejectedSamples"":0,""lastRejectReason"":""none"",""lastRejectChannel"":-1,""lastRejectOkFiniteCount"":0,""lastRejectStatus"":255,""lastRejectGain"":0,""lastRejectSaturated"":false},""recovery"":{""wifiReconnectCount"":0,""wifiReconnectFailCount"":0,""mqttReconnectCount"":0,""mqttConnectFailCount"":0,""lastMqttState"":0,""adsRecoveryCount"":0,""adsRecoveryFailCount"":0,""adsReadFailStreak"":0,""lastReason"":""none"",""lastRecoveryMs"":0,""bootRecoveryArmed"":false,""bootRecoveryDueMs"":0,""bootRecoveryReason"":""none"",""bootRecoveryNonAdsFailure"":false,""bootRecoveryRestartCount"":0},""nulling"":{""done"":false,""retryArmed"":false,""attemptCount"":0,""nextRetryMs"":0,""thresholdV"":9.999999747E-06,""minFinalV"":0},""telemetry"":{""valid"":true,""sampleMs"":6559958,""gasClass"":6,""gasName"":""CO2"",""confidence"":0,""alarm"":false,""sensorVoltage"":[0.112706818,0.003827665,0.004739874,-0.00260593,-0.008957567,-0.011396686,-0.019059854,-0.024884349],""sensorGain"":[32,64,64,64,64,64,64,64],""sensorStatus"":[0,0,0,0,0,0,0,0],""featureOrder"":[""MQ8"",""MQ135"",""MQ3"",""MQ5"",""MQ4"",""MQ7"",""MQ6"",""MQ2""]},""alarmLatched"":false}"
2026-08-04 11:10:24.674 +07:00,183.555,HOT_SWEEP_70,70,700,300,1,0,0.112402484,0.003829245,0.00468651,-0.002618367,-0.009141204,-0.011670964,-0.019407846,-0.025361439,"{""deviceId"":""1001"",""nodeId"":4097,""targetChId"":""0010"",""mode"":""inference"",""uptimeMs"":6561026,""debugEnabled"":true,""power"":{""mode"":""24v"",""externalPower"":true,""batteryMv"":65535,""batteryValid"":false,""batteryDetected"":false,""batterySenseStatus"":""not_detected"",""batteryLow"":false,""batteryCritical"":false,""sourceAmbiguous"":false,""serviceHoldActive"":false,""serviceHoldEffective"":false},""batterySession"":{""state"":""inactive"",""startedMs"":0,""stateStartedMs"":0,""validSampleBatches"":0,""requiredSampleBatches"":10,""alarmTxAttempts"":0,""alarmTxAttemptLimit"":3,""alarmAckReceived"":false,""pendingAlarm"":false,""pendingSaveRequired"":false,""persistenceFaultHold"":false,""completionReason"":""session_done""},""bootHealth"":{""adsReady"":true,""adsDrdyLevel"":0,""adsDrdyPulldownLevel"":0,""adsDrdyPullupLevel"":0,""adsMisoPulldownLevel"":0,""adsMisoPullupLevel"":1,""adsCsLevel"":1,""adsSyncLevel"":1,""adsStatus"":54,""adsMux"":15,""adsAdcon"":6,""adsDrate"":240,""adsReason"":""ok"",""tcaOk"":true,""mcpOkCount"":8,""mcpOk"":[true,true,true,true,true,true,true,true],""mcpAddrMask"":[1,1,1,1,1,1,1,1],""mcpControlTested"":true,""mcpControlOkCount"":8,""mcpControlOk"":[true,true,true,true,true,true,true,true],""dacReady"":true,""radioReady"":true,""mlReady"":true,""nullingProfileApplied"":true,""modelProfileReady"":false},""runtimeMcpCode"":[255,519,795,706,799,865,665,139],""model"":{""profileId"":""cnn-dualbranch-datasheet-v1-unbound"",""scalerProfileId"":""cnn-dualbranch-datasheet-v1-unbound"",""productionApproved"":true,""boundNullingProfileId"":8,""activeNullingProfileId"":9,""bindingValid"":true,""bindingModelMatches"":true,""profileReady"":false,""inferenceValid"":false,""sensorFault"":true},""lora"":{""beginState"":0,""lastTxState"":0,""lastTxOk"":false,""txSeq"":0,""txCounter"":0,""aesKeyProvisioned"":true,""aesKeyPresent"":true,""aesKeySource"":""nvs"",""keyId"":1,""lastDownlinkCommandId"":0,""freqMHz"":920,""bwKHz"":125,""sf"":7,""cr"":5,""syncWord"":18,""txPowerDbm"":17,""preamble"":8,""tcxoVoltage"":1.600000024,""xtalVoltage"":0},""dataset"":{""state"":""idle"",""step"":""idle"",""label"":"""",""seq"":0,""targetSamples"":0,""sampleIntervalMs"":500,""maxDurationMs"":0,""useFanIntake"":true,""fanOnMs"":1000,""postFanSettleMs"":0,""nullingProfileId"":9,""queuePending"":0,""queueCapacity"":16,""queueEnqueued"":0,""queueDropped"":0,""publishFailCount"":0,""retryCount"":0,""retryFailCount"":0,""rejectedSamples"":0,""lastRejectReason"":""none"",""lastRejectChannel"":-1,""lastRejectOkFiniteCount"":0,""lastRejectStatus"":255,""lastRejectGain"":0,""lastRejectSaturated"":false},""recovery"":{""wifiReconnectCount"":0,""wifiReconnectFailCount"":0,""mqttReconnectCount"":0,""mqttConnectFailCount"":0,""lastMqttState"":0,""adsRecoveryCount"":0,""adsRecoveryFailCount"":0,""adsReadFailStreak"":0,""lastReason"":""none"",""lastRecoveryMs"":0,""bootRecoveryArmed"":false,""bootRecoveryDueMs"":0,""bootRecoveryReason"":""none"",""bootRecoveryNonAdsFailure"":false,""bootRecoveryRestartCount"":0},""nulling"":{""done"":false,""retryArmed"":false,""attemptCount"":0,""nextRetryMs"":0,""thresholdV"":9.999999747E-06,""minFinalV"":0},""telemetry"":{""valid"":true,""sampleMs"":6560617,""gasClass"":6,""gasName"":""CO2"",""confidence"":0,""alarm"":false,""sensorVoltage"":[0.112402484,0.003829245,0.00468651,-0.002618367,-0.009141204,-0.011670964,-0.019407846,-0.025361439],""sensorGain"":[32,64,64,64,64,64,64,64],""sensorStatus"":[0,0,0,0,0,0,0,0],""featureOrder"":[""MQ8"",""MQ135"",""MQ3"",""MQ5"",""MQ4"",""MQ7"",""MQ6"",""MQ2""]},""alarmLatched"":false}"
2026-08-04 11:10:25.358 +07:00,184.240,HOT_SWEEP_70,70,700,300,1,0,0.1122538,0.003825678,0.004689978,-0.002632741,-0.00815999,-0.01165053,-0.019415781,-0.025378725,"{""deviceId"":""1001"",""nodeId"":4097,""targetChId"":""0010"",""mode"":""inference"",""uptimeMs"":6561709,""debugEnabled"":true,""power"":{""mode"":""24v"",""externalPower"":true,""batteryMv"":65535,""batteryValid"":false,""batteryDetected"":false,""batterySenseStatus"":""not_detected"",""batteryLow"":false,""batteryCritical"":false,""sourceAmbiguous"":false,""serviceHoldActive"":false,""serviceHoldEffective"":false},""batterySession"":{""state"":""inactive"",""startedMs"":0,""stateStartedMs"":0,""validSampleBatches"":0,""requiredSampleBatches"":10,""alarmTxAttempts"":0,""alarmTxAttemptLimit"":3,""alarmAckReceived"":false,""pendingAlarm"":false,""pendingSaveRequired"":false,""persistenceFaultHold"":false,""completionReason"":""session_done""},""bootHealth"":{""adsReady"":true,""adsDrdyLevel"":0,""adsDrdyPulldownLevel"":0,""adsDrdyPullupLevel"":0,""adsMisoPulldownLevel"":0,""adsMisoPullupLevel"":1,""adsCsLevel"":1,""adsSyncLevel"":1,""adsStatus"":54,""adsMux"":15,""adsAdcon"":6,""adsDrate"":240,""adsReason"":""ok"",""tcaOk"":true,""mcpOkCount"":8,""mcpOk"":[true,true,true,true,true,true,true,true],""mcpAddrMask"":[1,1,1,1,1,1,1,1],""mcpControlTested"":true,""mcpControlOkCount"":8,""mcpControlOk"":[true,true,true,true,true,true,true,true],""dacReady"":true,""radioReady"":true,""mlReady"":true,""nullingProfileApplied"":true,""modelProfileReady"":false},""runtimeMcpCode"":[255,519,795,706,799,865,665,139],""model"":{""profileId"":""cnn-dualbranch-datasheet-v1-unbound"",""scalerProfileId"":""cnn-dualbranch-datasheet-v1-unbound"",""productionApproved"":true,""boundNullingProfileId"":8,""activeNullingProfileId"":9,""bindingValid"":true,""bindingModelMatches"":true,""profileReady"":false,""inferenceValid"":false,""sensorFault"":true},""lora"":{""beginState"":0,""lastTxState"":0,""lastTxOk"":false,""txSeq"":0,""txCounter"":0,""aesKeyProvisioned"":true,""aesKeyPresent"":true,""aesKeySource"":""nvs"",""keyId"":1,""lastDownlinkCommandId"":0,""freqMHz"":920,""bwKHz"":125,""sf"":7,""cr"":5,""syncWord"":18,""txPowerDbm"":17,""preamble"":8,""tcxoVoltage"":1.600000024,""xtalVoltage"":0},""dataset"":{""state"":""idle"",""step"":""idle"",""label"":"""",""seq"":0,""targetSamples"":0,""sampleIntervalMs"":500,""maxDurationMs"":0,""useFanIntake"":true,""fanOnMs"":1000,""postFanSettleMs"":0,""nullingProfileId"":9,""queuePending"":0,""queueCapacity"":16,""queueEnqueued"":0,""queueDropped"":0,""publishFailCount"":0,""retryCount"":0,""retryFailCount"":0,""rejectedSamples"":0,""lastRejectReason"":""none"",""lastRejectChannel"":-1,""lastRejectOkFiniteCount"":0,""lastRejectStatus"":255,""lastRejectGain"":0,""lastRejectSaturated"":false},""recovery"":{""wifiReconnectCount"":0,""wifiReconnectFailCount"":0,""mqttReconnectCount"":0,""mqttConnectFailCount"":0,""lastMqttState"":0,""adsRecoveryCount"":0,""adsRecoveryFailCount"":0,""adsReadFailStreak"":0,""lastReason"":""none"",""lastRecoveryMs"":0,""bootRecoveryArmed"":false,""bootRecoveryDueMs"":0,""bootRecoveryReason"":""none"",""bootRecoveryNonAdsFailure"":false,""bootRecoveryRestartCount"":0},""nulling"":{""done"":false,""retryArmed"":false,""attemptCount"":0,""nextRetryMs"":0,""thresholdV"":9.999999747E-06,""minFinalV"":0},""telemetry"":{""valid"":true,""sampleMs"":6561304,""gasClass"":6,""gasName"":""CO2"",""confidence"":0,""alarm"":false,""sensorVoltage"":[0.1122538,0.003825678,0.004689978,-0.002632741,-0.00815999,-0.01165053,-0.019415781,-0.025378725],""sensorGain"":[32,64,64,64,64,64,64,64],""sensorStatus"":[0,0,0,0,0,0,0,0],""featureOrder"":[""MQ8"",""MQ135"",""MQ3"",""MQ5"",""MQ4"",""MQ7"",""MQ6"",""MQ2""]},""alarmLatched"":false}"
2026-08-04 11:10:26.044 +07:00,184.925,HOT_SWEEP_70,70,700,300,1,0,0.113126002,0.003889214,0.004659713,-0.002584195,-0.007922592,-0.011361009,-0.0190189,-0.025325928,"{""deviceId"":""1001"",""nodeId"":4097,""targetChId"":""0010"",""mode"":""inference"",""uptimeMs"":6562386,""debugEnabled"":true,""power"":{""mode"":""24v"",""externalPower"":true,""batteryMv"":65535,""batteryValid"":false,""batteryDetected"":false,""batterySenseStatus"":""not_detected"",""batteryLow"":false,""batteryCritical"":false,""sourceAmbiguous"":false,""serviceHoldActive"":false,""serviceHoldEffective"":false},""batterySession"":{""state"":""inactive"",""startedMs"":0,""stateStartedMs"":0,""validSampleBatches"":0,""requiredSampleBatches"":10,""alarmTxAttempts"":0,""alarmTxAttemptLimit"":3,""alarmAckReceived"":false,""pendingAlarm"":false,""pendingSaveRequired"":false,""persistenceFaultHold"":false,""completionReason"":""session_done""},""bootHealth"":{""adsReady"":true,""adsDrdyLevel"":0,""adsDrdyPulldownLevel"":0,""adsDrdyPullupLevel"":0,""adsMisoPulldownLevel"":0,""adsMisoPullupLevel"":1,""adsCsLevel"":1,""adsSyncLevel"":1,""adsStatus"":54,""adsMux"":15,""adsAdcon"":6,""adsDrate"":240,""adsReason"":""ok"",""tcaOk"":true,""mcpOkCount"":8,""mcpOk"":[true,true,true,true,true,true,true,true],""mcpAddrMask"":[1,1,1,1,1,1,1,1],""mcpControlTested"":true,""mcpControlOkCount"":8,""mcpControlOk"":[true,true,true,true,true,true,true,true],""dacReady"":true,""radioReady"":true,""mlReady"":true,""nullingProfileApplied"":true,""modelProfileReady"":false},""runtimeMcpCode"":[255,519,795,706,799,865,665,139],""model"":{""profileId"":""cnn-dualbranch-datasheet-v1-unbound"",""scalerProfileId"":""cnn-dualbranch-datasheet-v1-unbound"",""productionApproved"":true,""boundNullingProfileId"":8,""activeNullingProfileId"":9,""bindingValid"":true,""bindingModelMatches"":true,""profileReady"":false,""inferenceValid"":false,""sensorFault"":true},""lora"":{""beginState"":0,""lastTxState"":0,""lastTxOk"":false,""txSeq"":0,""txCounter"":0,""aesKeyProvisioned"":true,""aesKeyPresent"":true,""aesKeySource"":""nvs"",""keyId"":1,""lastDownlinkCommandId"":0,""freqMHz"":920,""bwKHz"":125,""sf"":7,""cr"":5,""syncWord"":18,""txPowerDbm"":17,""preamble"":8,""tcxoVoltage"":1.600000024,""xtalVoltage"":0},""dataset"":{""state"":""idle"",""step"":""idle"",""label"":"""",""seq"":0,""targetSamples"":0,""sampleIntervalMs"":500,""maxDurationMs"":0,""useFanIntake"":true,""fanOnMs"":1000,""postFanSettleMs"":0,""nullingProfileId"":9,""queuePending"":0,""queueCapacity"":16,""queueEnqueued"":0,""queueDropped"":0,""publishFailCount"":0,""retryCount"":0,""retryFailCount"":0,""rejectedSamples"":0,""lastRejectReason"":""none"",""lastRejectChannel"":-1,""lastRejectOkFiniteCount"":0,""lastRejectStatus"":255,""lastRejectGain"":0,""lastRejectSaturated"":false},""recovery"":{""wifiReconnectCount"":0,""wifiReconnectFailCount"":0,""mqttReconnectCount"":0,""mqttConnectFailCount"":0,""lastMqttState"":0,""adsRecoveryCount"":0,""adsRecoveryFailCount"":0,""adsReadFailStreak"":0,""lastReason"":""none"",""lastRecoveryMs"":0,""bootRecoveryArmed"":false,""bootRecoveryDueMs"":0,""bootRecoveryReason"":""none"",""bootRecoveryNonAdsFailure"":false,""bootRecoveryRestartCount"":0},""nulling"":{""done"":false,""retryArmed"":false,""attemptCount"":0,""nextRetryMs"":0,""thresholdV"":9.999999747E-06,""minFinalV"":0},""telemetry"":{""valid"":true,""sampleMs"":6562019,""gasClass"":6,""gasName"":""CO2"",""confidence"":0,""alarm"":false,""sensorVoltage"":[0.113126002,0.003889214,0.004659713,-0.002584195,-0.007922592,-0.011361009,-0.0190189,-0.025325928],""sensorGain"":[32,64,64,64,64,64,64,64],""sensorStatus"":[0,0,0,0,0,0,0,0],""featureOrder"":[""MQ8"",""MQ135"",""MQ3"",""MQ5"",""MQ4"",""MQ7"",""MQ6"",""MQ2""]},""alarmLatched"":false}"
2026-08-04 11:10:26.740 +07:00,185.621,HOT_SWEEP_70,70,700,300,1,0,0.112408921,0.003991343,0.004700762,-0.002625483,-0.008191673,-0.011567622,-0.019402619,-0.025740812,"{""deviceId"":""1001"",""nodeId"":4097,""targetChId"":""0010"",""mode"":""inference"",""uptimeMs"":6563090,""debugEnabled"":true,""power"":{""mode"":""24v"",""externalPower"":true,""batteryMv"":65535,""batteryValid"":false,""batteryDetected"":false,""batterySenseStatus"":""not_detected"",""batteryLow"":false,""batteryCritical"":false,""sourceAmbiguous"":false,""serviceHoldActive"":false,""serviceHoldEffective"":false},""batterySession"":{""state"":""inactive"",""startedMs"":0,""stateStartedMs"":0,""validSampleBatches"":0,""requiredSampleBatches"":10,""alarmTxAttempts"":0,""alarmTxAttemptLimit"":3,""alarmAckReceived"":false,""pendingAlarm"":false,""pendingSaveRequired"":false,""persistenceFaultHold"":false,""completionReason"":""session_done""},""bootHealth"":{""adsReady"":true,""adsDrdyLevel"":0,""adsDrdyPulldownLevel"":0,""adsDrdyPullupLevel"":0,""adsMisoPulldownLevel"":0,""adsMisoPullupLevel"":1,""adsCsLevel"":1,""adsSyncLevel"":1,""adsStatus"":54,""adsMux"":15,""adsAdcon"":6,""adsDrate"":240,""adsReason"":""ok"",""tcaOk"":true,""mcpOkCount"":8,""mcpOk"":[true,true,true,true,true,true,true,true],""mcpAddrMask"":[1,1,1,1,1,1,1,1],""mcpControlTested"":true,""mcpControlOkCount"":8,""mcpControlOk"":[true,true,true,true,true,true,true,true],""dacReady"":true,""radioReady"":true,""mlReady"":true,""nullingProfileApplied"":true,""modelProfileReady"":false},""runtimeMcpCode"":[255,519,795,706,799,865,665,139],""model"":{""profileId"":""cnn-dualbranch-datasheet-v1-unbound"",""scalerProfileId"":""cnn-dualbranch-datasheet-v1-unbound"",""productionApproved"":true,""boundNullingProfileId"":8,""activeNullingProfileId"":9,""bindingValid"":true,""bindingModelMatches"":true,""profileReady"":false,""inferenceValid"":false,""sensorFault"":true},""lora"":{""beginState"":0,""lastTxState"":0,""lastTxOk"":false,""txSeq"":0,""txCounter"":0,""aesKeyProvisioned"":true,""aesKeyPresent"":true,""aesKeySource"":""nvs"",""keyId"":1,""lastDownlinkCommandId"":0,""freqMHz"":920,""bwKHz"":125,""sf"":7,""cr"":5,""syncWord"":18,""txPowerDbm"":17,""preamble"":8,""tcxoVoltage"":1.600000024,""xtalVoltage"":0},""dataset"":{""state"":""idle"",""step"":""idle"",""label"":"""",""seq"":0,""targetSamples"":0,""sampleIntervalMs"":500,""maxDurationMs"":0,""useFanIntake"":true,""fanOnMs"":1000,""postFanSettleMs"":0,""nullingProfileId"":9,""queuePending"":0,""queueCapacity"":16,""queueEnqueued"":0,""queueDropped"":0,""publishFailCount"":0,""retryCount"":0,""retryFailCount"":0,""rejectedSamples"":0,""lastRejectReason"":""none"",""lastRejectChannel"":-1,""lastRejectOkFiniteCount"":0,""lastRejectStatus"":255,""lastRejectGain"":0,""lastRejectSaturated"":false},""recovery"":{""wifiReconnectCount"":0,""wifiReconnectFailCount"":0,""mqttReconnectCount"":0,""mqttConnectFailCount"":0,""lastMqttState"":0,""adsRecoveryCount"":0,""adsRecoveryFailCount"":0,""adsReadFailStreak"":0,""lastReason"":""none"",""lastRecoveryMs"":0,""bootRecoveryArmed"":false,""bootRecoveryDueMs"":0,""bootRecoveryReason"":""none"",""bootRecoveryNonAdsFailure"":false,""bootRecoveryRestartCount"":0},""nulling"":{""done"":false,""retryArmed"":false,""attemptCount"":0,""nextRetryMs"":0,""thresholdV"":9.999999747E-06,""minFinalV"":0},""telemetry"":{""valid"":true,""sampleMs"":6562664,""gasClass"":6,""gasName"":""CO2"",""confidence"":0,""alarm"":false,""sensorVoltage"":[0.112408921,0.003991343,0.004700762,-0.002625483,-0.008191673,-0.011567622,-0.019402619,-0.025740812],""sensorGain"":[32,64,64,64,64,64,64,64],""sensorStatus"":[0,0,0,0,0,0,0,0],""featureOrder"":[""MQ8"",""MQ135"",""MQ3"",""MQ5"",""MQ4"",""MQ7"",""MQ6"",""MQ2""]},""alarmLatched"":false}"
2026-08-04 11:10:27.443 +07:00,186.324,HOT_SWEEP_70,70,700,300,1,0,0.112060681,0.004014607,0.004799576,-0.002561572,-0.007258861,-0.011505369,-0.019425135,-0.025726411,"{""deviceId"":""1001"",""nodeId"":4097,""targetChId"":""0010"",""mode"":""inference"",""uptimeMs"":6563772,""debugEnabled"":true,""power"":{""mode"":""24v"",""externalPower"":true,""batteryMv"":65535,""batteryValid"":false,""batteryDetected"":false,""batterySenseStatus"":""not_detected"",""batteryLow"":false,""batteryCritical"":false,""sourceAmbiguous"":false,""serviceHoldActive"":false,""serviceHoldEffective"":false},""batterySession"":{""state"":""inactive"",""startedMs"":0,""stateStartedMs"":0,""validSampleBatches"":0,""requiredSampleBatches"":10,""alarmTxAttempts"":0,""alarmTxAttemptLimit"":3,""alarmAckReceived"":false,""pendingAlarm"":false,""pendingSaveRequired"":false,""persistenceFaultHold"":false,""completionReason"":""session_done""},""bootHealth"":{""adsReady"":true,""adsDrdyLevel"":0,""adsDrdyPulldownLevel"":0,""adsDrdyPullupLevel"":0,""adsMisoPulldownLevel"":0,""adsMisoPullupLevel"":1,""adsCsLevel"":1,""adsSyncLevel"":1,""adsStatus"":54,""adsMux"":15,""adsAdcon"":6,""adsDrate"":240,""adsReason"":""ok"",""tcaOk"":true,""mcpOkCount"":8,""mcpOk"":[true,true,true,true,true,true,true,true],""mcpAddrMask"":[1,1,1,1,1,1,1,1],""mcpControlTested"":true,""mcpControlOkCount"":8,""mcpControlOk"":[true,true,true,true,true,true,true,true],""dacReady"":true,""radioReady"":true,""mlReady"":true,""nullingProfileApplied"":true,""modelProfileReady"":false},""runtimeMcpCode"":[255,519,795,706,799,865,665,139],""model"":{""profileId"":""cnn-dualbranch-datasheet-v1-unbound"",""scalerProfileId"":""cnn-dualbranch-datasheet-v1-unbound"",""productionApproved"":true,""boundNullingProfileId"":8,""activeNullingProfileId"":9,""bindingValid"":true,""bindingModelMatches"":true,""profileReady"":false,""inferenceValid"":false,""sensorFault"":true},""lora"":{""beginState"":0,""lastTxState"":0,""lastTxOk"":false,""txSeq"":0,""txCounter"":0,""aesKeyProvisioned"":true,""aesKeyPresent"":true,""aesKeySource"":""nvs"",""keyId"":1,""lastDownlinkCommandId"":0,""freqMHz"":920,""bwKHz"":125,""sf"":7,""cr"":5,""syncWord"":18,""txPowerDbm"":17,""preamble"":8,""tcxoVoltage"":1.600000024,""xtalVoltage"":0},""dataset"":{""state"":""idle"",""step"":""idle"",""label"":"""",""seq"":0,""targetSamples"":0,""sampleIntervalMs"":500,""maxDurationMs"":0,""useFanIntake"":true,""fanOnMs"":1000,""postFanSettleMs"":0,""nullingProfileId"":9,""queuePending"":0,""queueCapacity"":16,""queueEnqueued"":0,""queueDropped"":0,""publishFailCount"":0,""retryCount"":0,""retryFailCount"":0,""rejectedSamples"":0,""lastRejectReason"":""none"",""lastRejectChannel"":-1,""lastRejectOkFiniteCount"":0,""lastRejectStatus"":255,""lastRejectGain"":0,""lastRejectSaturated"":false},""recovery"":{""wifiReconnectCount"":0,""wifiReconnectFailCount"":0,""mqttReconnectCount"":0,""mqttConnectFailCount"":0,""lastMqttState"":0,""adsRecoveryCount"":0,""adsRecoveryFailCount"":0,""adsReadFailStreak"":0,""lastReason"":""none"",""lastRecoveryMs"":0,""bootRecoveryArmed"":false,""bootRecoveryDueMs"":0,""bootRecoveryReason"":""none"",""bootRecoveryNonAdsFailure"":false,""bootRecoveryRestartCount"":0},""nulling"":{""done"":false,""retryArmed"":false,""attemptCount"":0,""nextRetryMs"":0,""thresholdV"":9.999999747E-06,""minFinalV"":0},""telemetry"":{""valid"":true,""sampleMs"":6563368,""gasClass"":6,""gasName"":""CO2"",""confidence"":0,""alarm"":false,""sensorVoltage"":[0.112060681,0.004014607,0.004799576,-0.002561572,-0.007258861,-0.011505369,-0.019425135,-0.025726411],""sensorGain"":[32,64,64,64,64,64,64,64],""sensorStatus"":[0,0,0,0,0,0,0,0],""featureOrder"":[""MQ8"",""MQ135"",""MQ3"",""MQ5"",""MQ4"",""MQ7"",""MQ6"",""MQ2""]},""alarmLatched"":false}"
2026-08-04 11:10:28.121 +07:00,187.002,HOT_SWEEP_70,70,700,300,1,0,0.113106355,0.003972032,0.004768464,-0.00251,-0.00721451,-0.011503288,-0.0194674,-0.025665522,"{""deviceId"":""1001"",""nodeId"":4097,""targetChId"":""0010"",""mode"":""inference"",""uptimeMs"":6564469,""debugEnabled"":true,""power"":{""mode"":""24v"",""externalPower"":true,""batteryMv"":65535,""batteryValid"":false,""batteryDetected"":false,""batterySenseStatus"":""not_detected"",""batteryLow"":false,""batteryCritical"":false,""sourceAmbiguous"":false,""serviceHoldActive"":false,""serviceHoldEffective"":false},""batterySession"":{""state"":""inactive"",""startedMs"":0,""stateStartedMs"":0,""validSampleBatches"":0,""requiredSampleBatches"":10,""alarmTxAttempts"":0,""alarmTxAttemptLimit"":3,""alarmAckReceived"":false,""pendingAlarm"":false,""pendingSaveRequired"":false,""persistenceFaultHold"":false,""completionReason"":""session_done""},""bootHealth"":{""adsReady"":true,""adsDrdyLevel"":0,""adsDrdyPulldownLevel"":0,""adsDrdyPullupLevel"":0,""adsMisoPulldownLevel"":0,""adsMisoPullupLevel"":1,""adsCsLevel"":1,""adsSyncLevel"":1,""adsStatus"":54,""adsMux"":15,""adsAdcon"":6,""adsDrate"":240,""adsReason"":""ok"",""tcaOk"":true,""mcpOkCount"":8,""mcpOk"":[true,true,true,true,true,true,true,true],""mcpAddrMask"":[1,1,1,1,1,1,1,1],""mcpControlTested"":true,""mcpControlOkCount"":8,""mcpControlOk"":[true,true,true,true,true,true,true,true],""dacReady"":true,""radioReady"":true,""mlReady"":true,""nullingProfileApplied"":true,""modelProfileReady"":false},""runtimeMcpCode"":[255,519,795,706,799,865,665,139],""model"":{""profileId"":""cnn-dualbranch-datasheet-v1-unbound"",""scalerProfileId"":""cnn-dualbranch-datasheet-v1-unbound"",""productionApproved"":true,""boundNullingProfileId"":8,""activeNullingProfileId"":9,""bindingValid"":true,""bindingModelMatches"":true,""profileReady"":false,""inferenceValid"":false,""sensorFault"":true},""lora"":{""beginState"":0,""lastTxState"":0,""lastTxOk"":false,""txSeq"":0,""txCounter"":0,""aesKeyProvisioned"":true,""aesKeyPresent"":true,""aesKeySource"":""nvs"",""keyId"":1,""lastDownlinkCommandId"":0,""freqMHz"":920,""bwKHz"":125,""sf"":7,""cr"":5,""syncWord"":18,""txPowerDbm"":17,""preamble"":8,""tcxoVoltage"":1.600000024,""xtalVoltage"":0},""dataset"":{""state"":""idle"",""step"":""idle"",""label"":"""",""seq"":0,""targetSamples"":0,""sampleIntervalMs"":500,""maxDurationMs"":0,""useFanIntake"":true,""fanOnMs"":1000,""postFanSettleMs"":0,""nullingProfileId"":9,""queuePending"":0,""queueCapacity"":16,""queueEnqueued"":0,""queueDropped"":0,""publishFailCount"":0,""retryCount"":0,""retryFailCount"":0,""rejectedSamples"":0,""lastRejectReason"":""none"",""lastRejectChannel"":-1,""lastRejectOkFiniteCount"":0,""lastRejectStatus"":255,""lastRejectGain"":0,""lastRejectSaturated"":false},""recovery"":{""wifiReconnectCount"":0,""wifiReconnectFailCount"":0,""mqttReconnectCount"":0,""mqttConnectFailCount"":0,""lastMqttState"":0,""adsRecoveryCount"":0,""adsRecoveryFailCount"":0,""adsReadFailStreak"":0,""lastReason"":""none"",""lastRecoveryMs"":0,""bootRecoveryArmed"":false,""bootRecoveryDueMs"":0,""bootRecoveryReason"":""none"",""bootRecoveryNonAdsFailure"":false,""bootRecoveryRestartCount"":0},""nulling"":{""done"":false,""retryArmed"":false,""attemptCount"":0,""nextRetryMs"":0,""thresholdV"":9.999999747E-06,""minFinalV"":0},""telemetry"":{""valid"":true,""sampleMs"":6564082,""gasClass"":6,""gasName"":""CO2"",""confidence"":0,""alarm"":false,""sensorVoltage"":[0.113106355,0.003972032,0.004768464,-0.00251,-0.00721451,-0.011503288,-0.0194674,-0.025665522],""sensorGain"":[32,64,64,64,64,64,64,64],""sensorStatus"":[0,0,0,0,0,0,0,0],""featureOrder"":[""MQ8"",""MQ135"",""MQ3"",""MQ5"",""MQ4"",""MQ7"",""MQ6"",""MQ2""]},""alarmLatched"":false}"
2026-08-04 11:10:28.798 +07:00,187.671,HOT_SWEEP_70,70,700,300,1,0,0.112546824,0.004017719,0.004812855,-0.002558675,-0.006847714,-0.011767157,-0.019436155,-0.025693942,"{""deviceId"":""1001"",""nodeId"":4097,""targetChId"":""0010"",""mode"":""inference"",""uptimeMs"":6565137,""debugEnabled"":true,""power"":{""mode"":""24v"",""externalPower"":true,""batteryMv"":65535,""batteryValid"":false,""batteryDetected"":false,""batterySenseStatus"":""not_detected"",""batteryLow"":false,""batteryCritical"":false,""sourceAmbiguous"":false,""serviceHoldActive"":false,""serviceHoldEffective"":false},""batterySession"":{""state"":""inactive"",""startedMs"":0,""stateStartedMs"":0,""validSampleBatches"":0,""requiredSampleBatches"":10,""alarmTxAttempts"":0,""alarmTxAttemptLimit"":3,""alarmAckReceived"":false,""pendingAlarm"":false,""pendingSaveRequired"":false,""persistenceFaultHold"":false,""completionReason"":""session_done""},""bootHealth"":{""adsReady"":true,""adsDrdyLevel"":0,""adsDrdyPulldownLevel"":0,""adsDrdyPullupLevel"":0,""adsMisoPulldownLevel"":0,""adsMisoPullupLevel"":1,""adsCsLevel"":1,""adsSyncLevel"":1,""adsStatus"":54,""adsMux"":15,""adsAdcon"":6,""adsDrate"":240,""adsReason"":""ok"",""tcaOk"":true,""mcpOkCount"":8,""mcpOk"":[true,true,true,true,true,true,true,true],""mcpAddrMask"":[1,1,1,1,1,1,1,1],""mcpControlTested"":true,""mcpControlOkCount"":8,""mcpControlOk"":[true,true,true,true,true,true,true,true],""dacReady"":true,""radioReady"":true,""mlReady"":true,""nullingProfileApplied"":true,""modelProfileReady"":false},""runtimeMcpCode"":[255,519,795,706,799,865,665,139],""model"":{""profileId"":""cnn-dualbranch-datasheet-v1-unbound"",""scalerProfileId"":""cnn-dualbranch-datasheet-v1-unbound"",""productionApproved"":true,""boundNullingProfileId"":8,""activeNullingProfileId"":9,""bindingValid"":true,""bindingModelMatches"":true,""profileReady"":false,""inferenceValid"":false,""sensorFault"":true},""lora"":{""beginState"":0,""lastTxState"":0,""lastTxOk"":false,""txSeq"":0,""txCounter"":0,""aesKeyProvisioned"":true,""aesKeyPresent"":true,""aesKeySource"":""nvs"",""keyId"":1,""lastDownlinkCommandId"":0,""freqMHz"":920,""bwKHz"":125,""sf"":7,""cr"":5,""syncWord"":18,""txPowerDbm"":17,""preamble"":8,""tcxoVoltage"":1.600000024,""xtalVoltage"":0},""dataset"":{""state"":""idle"",""step"":""idle"",""label"":"""",""seq"":0,""targetSamples"":0,""sampleIntervalMs"":500,""maxDurationMs"":0,""useFanIntake"":true,""fanOnMs"":1000,""postFanSettleMs"":0,""nullingProfileId"":9,""queuePending"":0,""queueCapacity"":16,""queueEnqueued"":0,""queueDropped"":0,""publishFailCount"":0,""retryCount"":0,""retryFailCount"":0,""rejectedSamples"":0,""lastRejectReason"":""none"",""lastRejectChannel"":-1,""lastRejectOkFiniteCount"":0,""lastRejectStatus"":255,""lastRejectGain"":0,""lastRejectSaturated"":false},""recovery"":{""wifiReconnectCount"":0,""wifiReconnectFailCount"":0,""mqttReconnectCount"":0,""mqttConnectFailCount"":0,""lastMqttState"":0,""adsRecoveryCount"":0,""adsRecoveryFailCount"":0,""adsReadFailStreak"":0,""lastReason"":""none"",""lastRecoveryMs"":0,""bootRecoveryArmed"":false,""bootRecoveryDueMs"":0,""bootRecoveryReason"":""none"",""bootRecoveryNonAdsFailure"":false,""bootRecoveryRestartCount"":0},""nulling"":{""done"":false,""retryArmed"":false,""attemptCount"":0,""nextRetryMs"":0,""thresholdV"":9.999999747E-06,""minFinalV"":0},""telemetry"":{""valid"":true,""sampleMs"":6564747,""gasClass"":6,""gasName"":""CO2"",""confidence"":0,""alarm"":false,""sensorVoltage"":[0.112546824,0.004017719,0.004812855,-0.002558675,-0.006847714,-0.011767157,-0.019436155,-0.025693942],""sensorGain"":[32,64,64,64,64,64,64,64],""sensorStatus"":[0,0,0,0,0,0,0,0],""featureOrder"":[""MQ8"",""MQ135"",""MQ3"",""MQ5"",""MQ4"",""MQ7"",""MQ6"",""MQ2""]},""alarmLatched"":false}"
2026-08-04 11:10:29.496 +07:00,188.377,HOT_SWEEP_70,70,700,300,1,0,0.11196579,0.004096766,0.004883715,-0.002541649,-0.006006171,-0.011776325,-0.019428074,-0.025695657,"{""deviceId"":""1001"",""nodeId"":4097,""targetChId"":""0010"",""mode"":""inference"",""uptimeMs"":6565835,""debugEnabled"":true,""power"":{""mode"":""24v"",""externalPower"":true,""batteryMv"":65535,""batteryValid"":false,""batteryDetected"":false,""batterySenseStatus"":""not_detected"",""batteryLow"":false,""batteryCritical"":false,""sourceAmbiguous"":false,""serviceHoldActive"":false,""serviceHoldEffective"":false},""batterySession"":{""state"":""inactive"",""startedMs"":0,""stateStartedMs"":0,""validSampleBatches"":0,""requiredSampleBatches"":10,""alarmTxAttempts"":0,""alarmTxAttemptLimit"":3,""alarmAckReceived"":false,""pendingAlarm"":false,""pendingSaveRequired"":false,""persistenceFaultHold"":false,""completionReason"":""session_done""},""bootHealth"":{""adsReady"":true,""adsDrdyLevel"":0,""adsDrdyPulldownLevel"":0,""adsDrdyPullupLevel"":0,""adsMisoPulldownLevel"":0,""adsMisoPullupLevel"":1,""adsCsLevel"":1,""adsSyncLevel"":1,""adsStatus"":54,""adsMux"":15,""adsAdcon"":6,""adsDrate"":240,""adsReason"":""ok"",""tcaOk"":true,""mcpOkCount"":8,""mcpOk"":[true,true,true,true,true,true,true,true],""mcpAddrMask"":[1,1,1,1,1,1,1,1],""mcpControlTested"":true,""mcpControlOkCount"":8,""mcpControlOk"":[true,true,true,true,true,true,true,true],""dacReady"":true,""radioReady"":true,""mlReady"":true,""nullingProfileApplied"":true,""modelProfileReady"":false},""runtimeMcpCode"":[255,519,795,706,799,865,665,139],""model"":{""profileId"":""cnn-dualbranch-datasheet-v1-unbound"",""scalerProfileId"":""cnn-dualbranch-datasheet-v1-unbound"",""productionApproved"":true,""boundNullingProfileId"":8,""activeNullingProfileId"":9,""bindingValid"":true,""bindingModelMatches"":true,""profileReady"":false,""inferenceValid"":false,""sensorFault"":true},""lora"":{""beginState"":0,""lastTxState"":0,""lastTxOk"":false,""txSeq"":0,""txCounter"":0,""aesKeyProvisioned"":true,""aesKeyPresent"":true,""aesKeySource"":""nvs"",""keyId"":1,""lastDownlinkCommandId"":0,""freqMHz"":920,""bwKHz"":125,""sf"":7,""cr"":5,""syncWord"":18,""txPowerDbm"":17,""preamble"":8,""tcxoVoltage"":1.600000024,""xtalVoltage"":0},""dataset"":{""state"":""idle"",""step"":""idle"",""label"":"""",""seq"":0,""targetSamples"":0,""sampleIntervalMs"":500,""maxDurationMs"":0,""useFanIntake"":true,""fanOnMs"":1000,""postFanSettleMs"":0,""nullingProfileId"":9,""queuePending"":0,""queueCapacity"":16,""queueEnqueued"":0,""queueDropped"":0,""publishFailCount"":0,""retryCount"":0,""retryFailCount"":0,""rejectedSamples"":0,""lastRejectReason"":""none"",""lastRejectChannel"":-1,""lastRejectOkFiniteCount"":0,""lastRejectStatus"":255,""lastRejectGain"":0,""lastRejectSaturated"":false},""recovery"":{""wifiReconnectCount"":0,""wifiReconnectFailCount"":0,""mqttReconnectCount"":0,""mqttConnectFailCount"":0,""lastMqttState"":0,""adsRecoveryCount"":0,""adsRecoveryFailCount"":0,""adsReadFailStreak"":0,""lastReason"":""none"",""lastRecoveryMs"":0,""bootRecoveryArmed"":false,""bootRecoveryDueMs"":0,""bootRecoveryReason"":""none"",""bootRecoveryNonAdsFailure"":false,""bootRecoveryRestartCount"":0},""nulling"":{""done"":false,""retryArmed"":false,""attemptCount"":0,""nextRetryMs"":0,""thresholdV"":9.999999747E-06,""minFinalV"":0},""telemetry"":{""valid"":true,""sampleMs"":6565415,""gasClass"":6,""gasName"":""CO2"",""confidence"":0,""alarm"":false,""sensorVoltage"":[0.11196579,0.004096766,0.004883715,-0.002541649,-0.006006171,-0.011776325,-0.019428074,-0.025695657],""sensorGain"":[32,64,64,64,64,64,64,64],""sensorStatus"":[0,0,0,0,0,0,0,0],""featureOrder"":[""MQ8"",""MQ135"",""MQ3"",""MQ5"",""MQ4"",""MQ7"",""MQ6"",""MQ2""]},""alarmLatched"":false}"
2026-08-04 11:10:30.188 +07:00,189.069,HOT_SWEEP_70,70,700,300,1,0,0.112821579,0.004109746,0.00495261,-0.002552692,-0.006106236,-0.011773129,-0.019363428,-0.025681267,"{""deviceId"":""1001"",""nodeId"":4097,""targetChId"":""0010"",""mode"":""inference"",""uptimeMs"":6566532,""debugEnabled"":true,""power"":{""mode"":""24v"",""externalPower"":true,""batteryMv"":65535,""batteryValid"":false,""batteryDetected"":false,""batterySenseStatus"":""not_detected"",""batteryLow"":false,""batteryCritical"":false,""sourceAmbiguous"":false,""serviceHoldActive"":false,""serviceHoldEffective"":false},""batterySession"":{""state"":""inactive"",""startedMs"":0,""stateStartedMs"":0,""validSampleBatches"":0,""requiredSampleBatches"":10,""alarmTxAttempts"":0,""alarmTxAttemptLimit"":3,""alarmAckReceived"":false,""pendingAlarm"":false,""pendingSaveRequired"":false,""persistenceFaultHold"":false,""completionReason"":""session_done""},""bootHealth"":{""adsReady"":true,""adsDrdyLevel"":0,""adsDrdyPulldownLevel"":0,""adsDrdyPullupLevel"":0,""adsMisoPulldownLevel"":0,""adsMisoPullupLevel"":1,""adsCsLevel"":1,""adsSyncLevel"":1,""adsStatus"":54,""adsMux"":15,""adsAdcon"":6,""adsDrate"":240,""adsReason"":""ok"",""tcaOk"":true,""mcpOkCount"":8,""mcpOk"":[true,true,true,true,true,true,true,true],""mcpAddrMask"":[1,1,1,1,1,1,1,1],""mcpControlTested"":true,""mcpControlOkCount"":8,""mcpControlOk"":[true,true,true,true,true,true,true,true],""dacReady"":true,""radioReady"":true,""mlReady"":true,""nullingProfileApplied"":true,""modelProfileReady"":false},""runtimeMcpCode"":[255,519,795,706,799,865,665,139],""model"":{""profileId"":""cnn-dualbranch-datasheet-v1-unbound"",""scalerProfileId"":""cnn-dualbranch-datasheet-v1-unbound"",""productionApproved"":true,""boundNullingProfileId"":8,""activeNullingProfileId"":9,""bindingValid"":true,""bindingModelMatches"":true,""profileReady"":false,""inferenceValid"":false,""sensorFault"":true},""lora"":{""beginState"":0,""lastTxState"":0,""lastTxOk"":false,""txSeq"":0,""txCounter"":0,""aesKeyProvisioned"":true,""aesKeyPresent"":true,""aesKeySource"":""nvs"",""keyId"":1,""lastDownlinkCommandId"":0,""freqMHz"":920,""bwKHz"":125,""sf"":7,""cr"":5,""syncWord"":18,""txPowerDbm"":17,""preamble"":8,""tcxoVoltage"":1.600000024,""xtalVoltage"":0},""dataset"":{""state"":""idle"",""step"":""idle"",""label"":"""",""seq"":0,""targetSamples"":0,""sampleIntervalMs"":500,""maxDurationMs"":0,""useFanIntake"":true,""fanOnMs"":1000,""postFanSettleMs"":0,""nullingProfileId"":9,""queuePending"":0,""queueCapacity"":16,""queueEnqueued"":0,""queueDropped"":0,""publishFailCount"":0,""retryCount"":0,""retryFailCount"":0,""rejectedSamples"":0,""lastRejectReason"":""none"",""lastRejectChannel"":-1,""lastRejectOkFiniteCount"":0,""lastRejectStatus"":255,""lastRejectGain"":0,""lastRejectSaturated"":false},""recovery"":{""wifiReconnectCount"":0,""wifiReconnectFailCount"":0,""mqttReconnectCount"":0,""mqttConnectFailCount"":0,""lastMqttState"":0,""adsRecoveryCount"":0,""adsRecoveryFailCount"":0,""adsReadFailStreak"":0,""lastReason"":""none"",""lastRecoveryMs"":0,""bootRecoveryArmed"":false,""bootRecoveryDueMs"":0,""bootRecoveryReason"":""none"",""bootRecoveryNonAdsFailure"":false,""bootRecoveryRestartCount"":0},""nulling"":{""done"":false,""retryArmed"":false,""attemptCount"":0,""nextRetryMs"":0,""thresholdV"":9.999999747E-06,""minFinalV"":0},""telemetry"":{""valid"":true,""sampleMs"":6566145,""gasClass"":6,""gasName"":""CO2"",""confidence"":0,""alarm"":false,""sensorVoltage"":[0.112821579,0.004109746,0.00495261,-0.002552692,-0.006106236,-0.011773129,-0.019363428,-0.025681267],""sensorGain"":[32,64,64,64,64,64,64,64],""sensorStatus"":[0,0,0,0,0,0,0,0],""featureOrder"":[""MQ8"",""MQ135"",""MQ3"",""MQ5"",""MQ4"",""MQ7"",""MQ6"",""MQ2""]},""alarmLatched"":false}"
2026-08-04 11:10:30.867 +07:00,189.748,HOT_SWEEP_70,70,700,300,1,0,0.11257571,0.004140529,0.004959236,-0.002563333,-0.006230983,-0.011770895,-0.019379107,-0.025688797,"{""deviceId"":""1001"",""nodeId"":4097,""targetChId"":""0010"",""mode"":""inference"",""uptimeMs"":6567217,""debugEnabled"":true,""power"":{""mode"":""24v"",""externalPower"":true,""batteryMv"":65535,""batteryValid"":false,""batteryDetected"":false,""batterySenseStatus"":""not_detected"",""batteryLow"":false,""batteryCritical"":false,""sourceAmbiguous"":false,""serviceHoldActive"":false,""serviceHoldEffective"":false},""batterySession"":{""state"":""inactive"",""startedMs"":0,""stateStartedMs"":0,""validSampleBatches"":0,""requiredSampleBatches"":10,""alarmTxAttempts"":0,""alarmTxAttemptLimit"":3,""alarmAckReceived"":false,""pendingAlarm"":false,""pendingSaveRequired"":false,""persistenceFaultHold"":false,""completionReason"":""session_done""},""bootHealth"":{""adsReady"":true,""adsDrdyLevel"":0,""adsDrdyPulldownLevel"":0,""adsDrdyPullupLevel"":0,""adsMisoPulldownLevel"":0,""adsMisoPullupLevel"":1,""adsCsLevel"":1,""adsSyncLevel"":1,""adsStatus"":54,""adsMux"":15,""adsAdcon"":6,""adsDrate"":240,""adsReason"":""ok"",""tcaOk"":true,""mcpOkCount"":8,""mcpOk"":[true,true,true,true,true,true,true,true],""mcpAddrMask"":[1,1,1,1,1,1,1,1],""mcpControlTested"":true,""mcpControlOkCount"":8,""mcpControlOk"":[true,true,true,true,true,true,true,true],""dacReady"":true,""radioReady"":true,""mlReady"":true,""nullingProfileApplied"":true,""modelProfileReady"":false},""runtimeMcpCode"":[255,519,795,706,799,865,665,139],""model"":{""profileId"":""cnn-dualbranch-datasheet-v1-unbound"",""scalerProfileId"":""cnn-dualbranch-datasheet-v1-unbound"",""productionApproved"":true,""boundNullingProfileId"":8,""activeNullingProfileId"":9,""bindingValid"":true,""bindingModelMatches"":true,""profileReady"":false,""inferenceValid"":false,""sensorFault"":true},""lora"":{""beginState"":0,""lastTxState"":0,""lastTxOk"":false,""txSeq"":0,""txCounter"":0,""aesKeyProvisioned"":true,""aesKeyPresent"":true,""aesKeySource"":""nvs"",""keyId"":1,""lastDownlinkCommandId"":0,""freqMHz"":920,""bwKHz"":125,""sf"":7,""cr"":5,""syncWord"":18,""txPowerDbm"":17,""preamble"":8,""tcxoVoltage"":1.600000024,""xtalVoltage"":0},""dataset"":{""state"":""idle"",""step"":""idle"",""label"":"""",""seq"":0,""targetSamples"":0,""sampleIntervalMs"":500,""maxDurationMs"":0,""useFanIntake"":true,""fanOnMs"":1000,""postFanSettleMs"":0,""nullingProfileId"":9,""queuePending"":0,""queueCapacity"":16,""queueEnqueued"":0,""queueDropped"":0,""publishFailCount"":0,""retryCount"":0,""retryFailCount"":0,""rejectedSamples"":0,""lastRejectReason"":""none"",""lastRejectChannel"":-1,""lastRejectOkFiniteCount"":0,""lastRejectStatus"":255,""lastRejectGain"":0,""lastRejectSaturated"":false},""recovery"":{""wifiReconnectCount"":0,""wifiReconnectFailCount"":0,""mqttReconnectCount"":0,""mqttConnectFailCount"":0,""lastMqttState"":0,""adsRecoveryCount"":0,""adsRecoveryFailCount"":0,""adsReadFailStreak"":0,""lastReason"":""none"",""lastRecoveryMs"":0,""bootRecoveryArmed"":false,""bootRecoveryDueMs"":0,""bootRecoveryReason"":""none"",""bootRecoveryNonAdsFailure"":false,""bootRecoveryRestartCount"":0},""nulling"":{""done"":false,""retryArmed"":false,""attemptCount"":0,""nextRetryMs"":0,""thresholdV"":9.999999747E-06,""minFinalV"":0},""telemetry"":{""valid"":true,""sampleMs"":6566810,""gasClass"":6,""gasName"":""CO2"",""confidence"":0,""alarm"":false,""sensorVoltage"":[0.11257571,0.004140529,0.004959236,-0.002563333,-0.006230983,-0.011770895,-0.019379107,-0.025688797],""sensorGain"":[32,64,64,64,64,64,64,64],""sensorStatus"":[0,0,0,0,0,0,0,0],""featureOrder"":[""MQ8"",""MQ135"",""MQ3"",""MQ5"",""MQ4"",""MQ7"",""MQ6"",""MQ2""]},""alarmLatched"":false}"
2026-08-04 11:10:31.558 +07:00,190.435,HOT_SWEEP_70,70,700,300,1,0,0.111938573,0.004153642,0.004936198,-0.002547847,-0.00615157,-0.011759317,-0.019424941,-0.025663933,"{""deviceId"":""1001"",""nodeId"":4097,""targetChId"":""0010"",""mode"":""inference"",""uptimeMs"":6567897,""debugEnabled"":true,""power"":{""mode"":""24v"",""externalPower"":true,""batteryMv"":65535,""batteryValid"":false,""batteryDetected"":false,""batterySenseStatus"":""not_detected"",""batteryLow"":false,""batteryCritical"":false,""sourceAmbiguous"":false,""serviceHoldActive"":false,""serviceHoldEffective"":false},""batterySession"":{""state"":""inactive"",""startedMs"":0,""stateStartedMs"":0,""validSampleBatches"":0,""requiredSampleBatches"":10,""alarmTxAttempts"":0,""alarmTxAttemptLimit"":3,""alarmAckReceived"":false,""pendingAlarm"":false,""pendingSaveRequired"":false,""persistenceFaultHold"":false,""completionReason"":""session_done""},""bootHealth"":{""adsReady"":true,""adsDrdyLevel"":0,""adsDrdyPulldownLevel"":0,""adsDrdyPullupLevel"":0,""adsMisoPulldownLevel"":0,""adsMisoPullupLevel"":1,""adsCsLevel"":1,""adsSyncLevel"":1,""adsStatus"":54,""adsMux"":15,""adsAdcon"":6,""adsDrate"":240,""adsReason"":""ok"",""tcaOk"":true,""mcpOkCount"":8,""mcpOk"":[true,true,true,true,true,true,true,true],""mcpAddrMask"":[1,1,1,1,1,1,1,1],""mcpControlTested"":true,""mcpControlOkCount"":8,""mcpControlOk"":[true,true,true,true,true,true,true,true],""dacReady"":true,""radioReady"":true,""mlReady"":true,""nullingProfileApplied"":true,""modelProfileReady"":false},""runtimeMcpCode"":[255,519,795,706,799,865,665,139],""model"":{""profileId"":""cnn-dualbranch-datasheet-v1-unbound"",""scalerProfileId"":""cnn-dualbranch-datasheet-v1-unbound"",""productionApproved"":true,""boundNullingProfileId"":8,""activeNullingProfileId"":9,""bindingValid"":true,""bindingModelMatches"":true,""profileReady"":false,""inferenceValid"":false,""sensorFault"":true},""lora"":{""beginState"":0,""lastTxState"":0,""lastTxOk"":false,""txSeq"":0,""txCounter"":0,""aesKeyProvisioned"":true,""aesKeyPresent"":true,""aesKeySource"":""nvs"",""keyId"":1,""lastDownlinkCommandId"":0,""freqMHz"":920,""bwKHz"":125,""sf"":7,""cr"":5,""syncWord"":18,""txPowerDbm"":17,""preamble"":8,""tcxoVoltage"":1.600000024,""xtalVoltage"":0},""dataset"":{""state"":""idle"",""step"":""idle"",""label"":"""",""seq"":0,""targetSamples"":0,""sampleIntervalMs"":500,""maxDurationMs"":0,""useFanIntake"":true,""fanOnMs"":1000,""postFanSettleMs"":0,""nullingProfileId"":9,""queuePending"":0,""queueCapacity"":16,""queueEnqueued"":0,""queueDropped"":0,""publishFailCount"":0,""retryCount"":0,""retryFailCount"":0,""rejectedSamples"":0,""lastRejectReason"":""none"",""lastRejectChannel"":-1,""lastRejectOkFiniteCount"":0,""lastRejectStatus"":255,""lastRejectGain"":0,""lastRejectSaturated"":false},""recovery"":{""wifiReconnectCount"":0,""wifiReconnectFailCount"":0,""mqttReconnectCount"":0,""mqttConnectFailCount"":0,""lastMqttState"":0,""adsRecoveryCount"":0,""adsRecoveryFailCount"":0,""adsReadFailStreak"":0,""lastReason"":""none"",""lastRecoveryMs"":0,""bootRecoveryArmed"":false,""bootRecoveryDueMs"":0,""bootRecoveryReason"":""none"",""bootRecoveryNonAdsFailure"":false,""bootRecoveryRestartCount"":0},""nulling"":{""done"":false,""retryArmed"":false,""attemptCount"":0,""nextRetryMs"":0,""thresholdV"":9.999999747E-06,""minFinalV"":0},""telemetry"":{""valid"":true,""sampleMs"":6567495,""gasClass"":6,""gasName"":""CO2"",""confidence"":0,""alarm"":false,""sensorVoltage"":[0.111938573,0.004153642,0.004936198,-0.002547847,-0.00615157,-0.011759317,-0.019424941,-0.025663933],""sensorGain"":[32,64,64,64,64,64,64,64],""sensorStatus"":[0,0,0,0,0,0,0,0],""featureOrder"":[""MQ8"",""MQ135"",""MQ3"",""MQ5"",""MQ4"",""MQ7"",""MQ6"",""MQ2""]},""alarmLatched"":false}"
2026-08-04 11:10:32.234 +07:00,191.115,HOT_SWEEP_70,70,700,300,1,0,0.112224996,0.004137377,0.004912317,-0.002556235,-0.007091884,-0.011771146,-0.019440761,-0.025751228,"{""deviceId"":""1001"",""nodeId"":4097,""targetChId"":""0010"",""mode"":""inference"",""uptimeMs"":6568578,""debugEnabled"":true,""power"":{""mode"":""24v"",""externalPower"":true,""batteryMv"":65535,""batteryValid"":false,""batteryDetected"":false,""batterySenseStatus"":""not_detected"",""batteryLow"":false,""batteryCritical"":false,""sourceAmbiguous"":false,""serviceHoldActive"":false,""serviceHoldEffective"":false},""batterySession"":{""state"":""inactive"",""startedMs"":0,""stateStartedMs"":0,""validSampleBatches"":0,""requiredSampleBatches"":10,""alarmTxAttempts"":0,""alarmTxAttemptLimit"":3,""alarmAckReceived"":false,""pendingAlarm"":false,""pendingSaveRequired"":false,""persistenceFaultHold"":false,""completionReason"":""session_done""},""bootHealth"":{""adsReady"":true,""adsDrdyLevel"":0,""adsDrdyPulldownLevel"":0,""adsDrdyPullupLevel"":0,""adsMisoPulldownLevel"":0,""adsMisoPullupLevel"":1,""adsCsLevel"":1,""adsSyncLevel"":1,""adsStatus"":54,""adsMux"":15,""adsAdcon"":6,""adsDrate"":240,""adsReason"":""ok"",""tcaOk"":true,""mcpOkCount"":8,""mcpOk"":[true,true,true,true,true,true,true,true],""mcpAddrMask"":[1,1,1,1,1,1,1,1],""mcpControlTested"":true,""mcpControlOkCount"":8,""mcpControlOk"":[true,true,true,true,true,true,true,true],""dacReady"":true,""radioReady"":true,""mlReady"":true,""nullingProfileApplied"":true,""modelProfileReady"":false},""runtimeMcpCode"":[255,519,795,706,799,865,665,139],""model"":{""profileId"":""cnn-dualbranch-datasheet-v1-unbound"",""scalerProfileId"":""cnn-dualbranch-datasheet-v1-unbound"",""productionApproved"":true,""boundNullingProfileId"":8,""activeNullingProfileId"":9,""bindingValid"":true,""bindingModelMatches"":true,""profileReady"":false,""inferenceValid"":false,""sensorFault"":true},""lora"":{""beginState"":0,""lastTxState"":0,""lastTxOk"":false,""txSeq"":0,""txCounter"":0,""aesKeyProvisioned"":true,""aesKeyPresent"":true,""aesKeySource"":""nvs"",""keyId"":1,""lastDownlinkCommandId"":0,""freqMHz"":920,""bwKHz"":125,""sf"":7,""cr"":5,""syncWord"":18,""txPowerDbm"":17,""preamble"":8,""tcxoVoltage"":1.600000024,""xtalVoltage"":0},""dataset"":{""state"":""idle"",""step"":""idle"",""label"":"""",""seq"":0,""targetSamples"":0,""sampleIntervalMs"":500,""maxDurationMs"":0,""useFanIntake"":true,""fanOnMs"":1000,""postFanSettleMs"":0,""nullingProfileId"":9,""queuePending"":0,""queueCapacity"":16,""queueEnqueued"":0,""queueDropped"":0,""publishFailCount"":0,""retryCount"":0,""retryFailCount"":0,""rejectedSamples"":0,""lastRejectReason"":""none"",""lastRejectChannel"":-1,""lastRejectOkFiniteCount"":0,""lastRejectStatus"":255,""lastRejectGain"":0,""lastRejectSaturated"":false},""recovery"":{""wifiReconnectCount"":0,""wifiReconnectFailCount"":0,""mqttReconnectCount"":0,""mqttConnectFailCount"":0,""lastMqttState"":0,""adsRecoveryCount"":0,""adsRecoveryFailCount"":0,""adsReadFailStreak"":0,""lastReason"":""none"",""lastRecoveryMs"":0,""bootRecoveryArmed"":false,""bootRecoveryDueMs"":0,""bootRecoveryReason"":""none"",""bootRecoveryNonAdsFailure"":false,""bootRecoveryRestartCount"":0},""nulling"":{""done"":false,""retryArmed"":false,""attemptCount"":0,""nextRetryMs"":0,""thresholdV"":9.999999747E-06,""minFinalV"":0},""telemetry"":{""valid"":true,""sampleMs"":6568207,""gasClass"":6,""gasName"":""CO2"",""confidence"":0,""alarm"":false,""sensorVoltage"":[0.112224996,0.004137377,0.004912317,-0.002556235,-0.007091884,-0.011771146,-0.019440761,-0.025751228],""sensorGain"":[32,64,64,64,64,64,64,64],""sensorStatus"":[0,0,0,0,0,0,0,0],""featureOrder"":[""MQ8"",""MQ135"",""MQ3"",""MQ5"",""MQ4"",""MQ7"",""MQ6"",""MQ2""]},""alarmLatched"":false}"
2026-08-04 11:10:32.914 +07:00,191.795,HOT_SWEEP_70,70,700,300,1,0,0.112547025,0.00414909,0.004902781,-0.002542773,-0.006644325,-0.011845464,-0.019463463,-0.025355181,"{""deviceId"":""1001"",""nodeId"":4097,""targetChId"":""0010"",""mode"":""inference"",""uptimeMs"":6569264,""debugEnabled"":true,""power"":{""mode"":""24v"",""externalPower"":true,""batteryMv"":65535,""batteryValid"":false,""batteryDetected"":false,""batterySenseStatus"":""not_detected"",""batteryLow"":false,""batteryCritical"":false,""sourceAmbiguous"":false,""serviceHoldActive"":false,""serviceHoldEffective"":false},""batterySession"":{""state"":""inactive"",""startedMs"":0,""stateStartedMs"":0,""validSampleBatches"":0,""requiredSampleBatches"":10,""alarmTxAttempts"":0,""alarmTxAttemptLimit"":3,""alarmAckReceived"":false,""pendingAlarm"":false,""pendingSaveRequired"":false,""persistenceFaultHold"":false,""completionReason"":""session_done""},""bootHealth"":{""adsReady"":true,""adsDrdyLevel"":0,""adsDrdyPulldownLevel"":0,""adsDrdyPullupLevel"":0,""adsMisoPulldownLevel"":0,""adsMisoPullupLevel"":1,""adsCsLevel"":1,""adsSyncLevel"":1,""adsStatus"":54,""adsMux"":15,""adsAdcon"":6,""adsDrate"":240,""adsReason"":""ok"",""tcaOk"":true,""mcpOkCount"":8,""mcpOk"":[true,true,true,true,true,true,true,true],""mcpAddrMask"":[1,1,1,1,1,1,1,1],""mcpControlTested"":true,""mcpControlOkCount"":8,""mcpControlOk"":[true,true,true,true,true,true,true,true],""dacReady"":true,""radioReady"":true,""mlReady"":true,""nullingProfileApplied"":true,""modelProfileReady"":false},""runtimeMcpCode"":[255,519,795,706,799,865,665,139],""model"":{""profileId"":""cnn-dualbranch-datasheet-v1-unbound"",""scalerProfileId"":""cnn-dualbranch-datasheet-v1-unbound"",""productionApproved"":true,""boundNullingProfileId"":8,""activeNullingProfileId"":9,""bindingValid"":true,""bindingModelMatches"":true,""profileReady"":false,""inferenceValid"":false,""sensorFault"":true},""lora"":{""beginState"":0,""lastTxState"":0,""lastTxOk"":false,""txSeq"":0,""txCounter"":0,""aesKeyProvisioned"":true,""aesKeyPresent"":true,""aesKeySource"":""nvs"",""keyId"":1,""lastDownlinkCommandId"":0,""freqMHz"":920,""bwKHz"":125,""sf"":7,""cr"":5,""syncWord"":18,""txPowerDbm"":17,""preamble"":8,""tcxoVoltage"":1.600000024,""xtalVoltage"":0},""dataset"":{""state"":""idle"",""step"":""idle"",""label"":"""",""seq"":0,""targetSamples"":0,""sampleIntervalMs"":500,""maxDurationMs"":0,""useFanIntake"":true,""fanOnMs"":1000,""postFanSettleMs"":0,""nullingProfileId"":9,""queuePending"":0,""queueCapacity"":16,""queueEnqueued"":0,""queueDropped"":0,""publishFailCount"":0,""retryCount"":0,""retryFailCount"":0,""rejectedSamples"":0,""lastRejectReason"":""none"",""lastRejectChannel"":-1,""lastRejectOkFiniteCount"":0,""lastRejectStatus"":255,""lastRejectGain"":0,""lastRejectSaturated"":false},""recovery"":{""wifiReconnectCount"":0,""wifiReconnectFailCount"":0,""mqttReconnectCount"":0,""mqttConnectFailCount"":0,""lastMqttState"":0,""adsRecoveryCount"":0,""adsRecoveryFailCount"":0,""adsReadFailStreak"":0,""lastReason"":""none"",""lastRecoveryMs"":0,""bootRecoveryArmed"":false,""bootRecoveryDueMs"":0,""bootRecoveryReason"":""none"",""bootRecoveryNonAdsFailure"":false,""bootRecoveryRestartCount"":0},""nulling"":{""done"":false,""retryArmed"":false,""attemptCount"":0,""nextRetryMs"":0,""thresholdV"":9.999999747E-06,""minFinalV"":0},""telemetry"":{""valid"":true,""sampleMs"":6568856,""gasClass"":6,""gasName"":""CO2"",""confidence"":0,""alarm"":false,""sensorVoltage"":[0.112547025,0.00414909,0.004902781,-0.002542773,-0.006644325,-0.011845464,-0.019463463,-0.025355181],""sensorGain"":[32,64,64,64,64,64,64,64],""sensorStatus"":[0,0,0,0,0,0,0,0],""featureOrder"":[""MQ8"",""MQ135"",""MQ3"",""MQ5"",""MQ4"",""MQ7"",""MQ6"",""MQ2""]},""alarmLatched"":false}"
2026-08-04 11:10:33.619 +07:00,192.500,HOT_SWEEP_70,70,700,300,1,0,0.112367466,0.004133816,0.004895278,-0.002511742,-0.006264765,-0.011824383,-0.019415883,-0.025341487,"{""deviceId"":""1001"",""nodeId"":4097,""targetChId"":""0010"",""mode"":""inference"",""uptimeMs"":6569960,""debugEnabled"":true,""power"":{""mode"":""24v"",""externalPower"":true,""batteryMv"":65535,""batteryValid"":false,""batteryDetected"":false,""batterySenseStatus"":""not_detected"",""batteryLow"":false,""batteryCritical"":false,""sourceAmbiguous"":false,""serviceHoldActive"":false,""serviceHoldEffective"":false},""batterySession"":{""state"":""inactive"",""startedMs"":0,""stateStartedMs"":0,""validSampleBatches"":0,""requiredSampleBatches"":10,""alarmTxAttempts"":0,""alarmTxAttemptLimit"":3,""alarmAckReceived"":false,""pendingAlarm"":false,""pendingSaveRequired"":false,""persistenceFaultHold"":false,""completionReason"":""session_done""},""bootHealth"":{""adsReady"":true,""adsDrdyLevel"":0,""adsDrdyPulldownLevel"":0,""adsDrdyPullupLevel"":0,""adsMisoPulldownLevel"":0,""adsMisoPullupLevel"":1,""adsCsLevel"":1,""adsSyncLevel"":1,""adsStatus"":54,""adsMux"":15,""adsAdcon"":6,""adsDrate"":240,""adsReason"":""ok"",""tcaOk"":true,""mcpOkCount"":8,""mcpOk"":[true,true,true,true,true,true,true,true],""mcpAddrMask"":[1,1,1,1,1,1,1,1],""mcpControlTested"":true,""mcpControlOkCount"":8,""mcpControlOk"":[true,true,true,true,true,true,true,true],""dacReady"":true,""radioReady"":true,""mlReady"":true,""nullingProfileApplied"":true,""modelProfileReady"":false},""runtimeMcpCode"":[255,519,795,706,799,865,665,139],""model"":{""profileId"":""cnn-dualbranch-datasheet-v1-unbound"",""scalerProfileId"":""cnn-dualbranch-datasheet-v1-unbound"",""productionApproved"":true,""boundNullingProfileId"":8,""activeNullingProfileId"":9,""bindingValid"":true,""bindingModelMatches"":true,""profileReady"":false,""inferenceValid"":false,""sensorFault"":true},""lora"":{""beginState"":0,""lastTxState"":0,""lastTxOk"":false,""txSeq"":0,""txCounter"":0,""aesKeyProvisioned"":true,""aesKeyPresent"":true,""aesKeySource"":""nvs"",""keyId"":1,""lastDownlinkCommandId"":0,""freqMHz"":920,""bwKHz"":125,""sf"":7,""cr"":5,""syncWord"":18,""txPowerDbm"":17,""preamble"":8,""tcxoVoltage"":1.600000024,""xtalVoltage"":0},""dataset"":{""state"":""idle"",""step"":""idle"",""label"":"""",""seq"":0,""targetSamples"":0,""sampleIntervalMs"":500,""maxDurationMs"":0,""useFanIntake"":true,""fanOnMs"":1000,""postFanSettleMs"":0,""nullingProfileId"":9,""queuePending"":0,""queueCapacity"":16,""queueEnqueued"":0,""queueDropped"":0,""publishFailCount"":0,""retryCount"":0,""retryFailCount"":0,""rejectedSamples"":0,""lastRejectReason"":""none"",""lastRejectChannel"":-1,""lastRejectOkFiniteCount"":0,""lastRejectStatus"":255,""lastRejectGain"":0,""lastRejectSaturated"":false},""recovery"":{""wifiReconnectCount"":0,""wifiReconnectFailCount"":0,""mqttReconnectCount"":0,""mqttConnectFailCount"":0,""lastMqttState"":0,""adsRecoveryCount"":0,""adsRecoveryFailCount"":0,""adsReadFailStreak"":0,""lastReason"":""none"",""lastRecoveryMs"":0,""bootRecoveryArmed"":false,""bootRecoveryDueMs"":0,""bootRecoveryReason"":""none"",""bootRecoveryNonAdsFailure"":false,""bootRecoveryRestartCount"":0},""nulling"":{""done"":false,""retryArmed"":false,""attemptCount"":0,""nextRetryMs"":0,""thresholdV"":9.999999747E-06,""minFinalV"":0},""telemetry"":{""valid"":true,""sampleMs"":6569542,""gasClass"":6,""gasName"":""CO2"",""confidence"":0,""alarm"":false,""sensorVoltage"":[0.112367466,0.004133816,0.004895278,-0.002511742,-0.006264765,-0.011824383,-0.019415883,-0.025341487],""sensorGain"":[32,64,64,64,64,64,64,64],""sensorStatus"":[0,0,0,0,0,0,0,0],""featureOrder"":[""MQ8"",""MQ135"",""MQ3"",""MQ5"",""MQ4"",""MQ7"",""MQ6"",""MQ2""]},""alarmLatched"":false}"
2026-08-04 11:10:34.303 +07:00,193.184,HOT_SWEEP_70,70,700,300,1,0,0.112367943,0.004118877,0.00486138,-0.002580448,-0.006747632,-0.011888123,-0.019451009,-0.025352579,"{""deviceId"":""1001"",""nodeId"":4097,""targetChId"":""0010"",""mode"":""inference"",""uptimeMs"":6570642,""debugEnabled"":true,""power"":{""mode"":""24v"",""externalPower"":true,""batteryMv"":65535,""batteryValid"":false,""batteryDetected"":false,""batterySenseStatus"":""not_detected"",""batteryLow"":false,""batteryCritical"":false,""sourceAmbiguous"":false,""serviceHoldActive"":false,""serviceHoldEffective"":false},""batterySession"":{""state"":""inactive"",""startedMs"":0,""stateStartedMs"":0,""validSampleBatches"":0,""requiredSampleBatches"":10,""alarmTxAttempts"":0,""alarmTxAttemptLimit"":3,""alarmAckReceived"":false,""pendingAlarm"":false,""pendingSaveRequired"":false,""persistenceFaultHold"":false,""completionReason"":""session_done""},""bootHealth"":{""adsReady"":true,""adsDrdyLevel"":0,""adsDrdyPulldownLevel"":0,""adsDrdyPullupLevel"":0,""adsMisoPulldownLevel"":0,""adsMisoPullupLevel"":1,""adsCsLevel"":1,""adsSyncLevel"":1,""adsStatus"":54,""adsMux"":15,""adsAdcon"":6,""adsDrate"":240,""adsReason"":""ok"",""tcaOk"":true,""mcpOkCount"":8,""mcpOk"":[true,true,true,true,true,true,true,true],""mcpAddrMask"":[1,1,1,1,1,1,1,1],""mcpControlTested"":true,""mcpControlOkCount"":8,""mcpControlOk"":[true,true,true,true,true,true,true,true],""dacReady"":true,""radioReady"":true,""mlReady"":true,""nullingProfileApplied"":true,""modelProfileReady"":false},""runtimeMcpCode"":[255,519,795,706,799,865,665,139],""model"":{""profileId"":""cnn-dualbranch-datasheet-v1-unbound"",""scalerProfileId"":""cnn-dualbranch-datasheet-v1-unbound"",""productionApproved"":true,""boundNullingProfileId"":8,""activeNullingProfileId"":9,""bindingValid"":true,""bindingModelMatches"":true,""profileReady"":false,""inferenceValid"":false,""sensorFault"":true},""lora"":{""beginState"":0,""lastTxState"":0,""lastTxOk"":false,""txSeq"":0,""txCounter"":0,""aesKeyProvisioned"":true,""aesKeyPresent"":true,""aesKeySource"":""nvs"",""keyId"":1,""lastDownlinkCommandId"":0,""freqMHz"":920,""bwKHz"":125,""sf"":7,""cr"":5,""syncWord"":18,""txPowerDbm"":17,""preamble"":8,""tcxoVoltage"":1.600000024,""xtalVoltage"":0},""dataset"":{""state"":""idle"",""step"":""idle"",""label"":"""",""seq"":0,""targetSamples"":0,""sampleIntervalMs"":500,""maxDurationMs"":0,""useFanIntake"":true,""fanOnMs"":1000,""postFanSettleMs"":0,""nullingProfileId"":9,""queuePending"":0,""queueCapacity"":16,""queueEnqueued"":0,""queueDropped"":0,""publishFailCount"":0,""retryCount"":0,""retryFailCount"":0,""rejectedSamples"":0,""lastRejectReason"":""none"",""lastRejectChannel"":-1,""lastRejectOkFiniteCount"":0,""lastRejectStatus"":255,""lastRejectGain"":0,""lastRejectSaturated"":false},""recovery"":{""wifiReconnectCount"":0,""wifiReconnectFailCount"":0,""mqttReconnectCount"":0,""mqttConnectFailCount"":0,""lastMqttState"":0,""adsRecoveryCount"":0,""adsRecoveryFailCount"":0,""adsReadFailStreak"":0,""lastReason"":""none"",""lastRecoveryMs"":0,""bootRecoveryArmed"":false,""bootRecoveryDueMs"":0,""bootRecoveryReason"":""none"",""bootRecoveryNonAdsFailure"":false,""bootRecoveryRestartCount"":0},""nulling"":{""done"":false,""retryArmed"":false,""attemptCount"":0,""nextRetryMs"":0,""thresholdV"":9.999999747E-06,""minFinalV"":0},""telemetry"":{""valid"":true,""sampleMs"":6570270,""gasClass"":6,""gasName"":""CO2"",""confidence"":0,""alarm"":false,""sensorVoltage"":[0.112367943,0.004118877,0.00486138,-0.002580448,-0.006747632,-0.011888123,-0.019451009,-0.025352579],""sensorGain"":[32,64,64,64,64,64,64,64],""sensorStatus"":[0,0,0,0,0,0,0,0],""featureOrder"":[""MQ8"",""MQ135"",""MQ3"",""MQ5"",""MQ4"",""MQ7"",""MQ6"",""MQ2""]},""alarmLatched"":false}"
2026-08-04 11:10:34.992 +07:00,193.873,HOT_SWEEP_70,70,700,300,1,0,0.113306202,0.004113483,0.004887781,-0.002587848,-0.006273143,-0.011566678,-0.019047473,-0.024908878,"{""deviceId"":""1001"",""nodeId"":4097,""targetChId"":""0010"",""mode"":""inference"",""uptimeMs"":6571333,""debugEnabled"":true,""power"":{""mode"":""24v"",""externalPower"":true,""batteryMv"":65535,""batteryValid"":false,""batteryDetected"":false,""batterySenseStatus"":""not_detected"",""batteryLow"":false,""batteryCritical"":false,""sourceAmbiguous"":false,""serviceHoldActive"":false,""serviceHoldEffective"":false},""batterySession"":{""state"":""inactive"",""startedMs"":0,""stateStartedMs"":0,""validSampleBatches"":0,""requiredSampleBatches"":10,""alarmTxAttempts"":0,""alarmTxAttemptLimit"":3,""alarmAckReceived"":false,""pendingAlarm"":false,""pendingSaveRequired"":false,""persistenceFaultHold"":false,""completionReason"":""session_done""},""bootHealth"":{""adsReady"":true,""adsDrdyLevel"":0,""adsDrdyPulldownLevel"":0,""adsDrdyPullupLevel"":0,""adsMisoPulldownLevel"":0,""adsMisoPullupLevel"":1,""adsCsLevel"":1,""adsSyncLevel"":1,""adsStatus"":54,""adsMux"":15,""adsAdcon"":6,""adsDrate"":240,""adsReason"":""ok"",""tcaOk"":true,""mcpOkCount"":8,""mcpOk"":[true,true,true,true,true,true,true,true],""mcpAddrMask"":[1,1,1,1,1,1,1,1],""mcpControlTested"":true,""mcpControlOkCount"":8,""mcpControlOk"":[true,true,true,true,true,true,true,true],""dacReady"":true,""radioReady"":true,""mlReady"":true,""nullingProfileApplied"":true,""modelProfileReady"":false},""runtimeMcpCode"":[255,519,795,706,799,865,665,139],""model"":{""profileId"":""cnn-dualbranch-datasheet-v1-unbound"",""scalerProfileId"":""cnn-dualbranch-datasheet-v1-unbound"",""productionApproved"":true,""boundNullingProfileId"":8,""activeNullingProfileId"":9,""bindingValid"":true,""bindingModelMatches"":true,""profileReady"":false,""inferenceValid"":false,""sensorFault"":true},""lora"":{""beginState"":0,""lastTxState"":0,""lastTxOk"":false,""txSeq"":0,""txCounter"":0,""aesKeyProvisioned"":true,""aesKeyPresent"":true,""aesKeySource"":""nvs"",""keyId"":1,""lastDownlinkCommandId"":0,""freqMHz"":920,""bwKHz"":125,""sf"":7,""cr"":5,""syncWord"":18,""txPowerDbm"":17,""preamble"":8,""tcxoVoltage"":1.600000024,""xtalVoltage"":0},""dataset"":{""state"":""idle"",""step"":""idle"",""label"":"""",""seq"":0,""targetSamples"":0,""sampleIntervalMs"":500,""maxDurationMs"":0,""useFanIntake"":true,""fanOnMs"":1000,""postFanSettleMs"":0,""nullingProfileId"":9,""queuePending"":0,""queueCapacity"":16,""queueEnqueued"":0,""queueDropped"":0,""publishFailCount"":0,""retryCount"":0,""retryFailCount"":0,""rejectedSamples"":0,""lastRejectReason"":""none"",""lastRejectChannel"":-1,""lastRejectOkFiniteCount"":0,""lastRejectStatus"":255,""lastRejectGain"":0,""lastRejectSaturated"":false},""recovery"":{""wifiReconnectCount"":0,""wifiReconnectFailCount"":0,""mqttReconnectCount"":0,""mqttConnectFailCount"":0,""lastMqttState"":0,""adsRecoveryCount"":0,""adsRecoveryFailCount"":0,""adsReadFailStreak"":0,""lastReason"":""none"",""lastRecoveryMs"":0,""bootRecoveryArmed"":false,""bootRecoveryDueMs"":0,""bootRecoveryReason"":""none"",""bootRecoveryNonAdsFailure"":false,""bootRecoveryRestartCount"":0},""nulling"":{""done"":false,""retryArmed"":false,""attemptCount"":0,""nextRetryMs"":0,""thresholdV"":9.999999747E-06,""minFinalV"":0},""telemetry"":{""valid"":true,""sampleMs"":6570920,""gasClass"":6,""gasName"":""CO2"",""confidence"":0,""alarm"":false,""sensorVoltage"":[0.113306202,0.004113483,0.004887781,-0.002587848,-0.006273143,-0.011566678,-0.019047473,-0.024908878],""sensorGain"":[32,64,64,64,64,64,64,64],""sensorStatus"":[0,0,0,0,0,0,0,0],""featureOrder"":[""MQ8"",""MQ135"",""MQ3"",""MQ5"",""MQ4"",""MQ7"",""MQ6"",""MQ2""]},""alarmLatched"":false}"
2026-08-04 11:10:35.668 +07:00,194.549,HOT_SWEEP_70,70,700,300,1,0,0.112757228,0.004156888,0.004891745,-0.002564069,-0.006243487,-0.0115734,-0.019448459,-0.025340825,"{""deviceId"":""1001"",""nodeId"":4097,""targetChId"":""0010"",""mode"":""inference"",""uptimeMs"":6572022,""debugEnabled"":true,""power"":{""mode"":""24v"",""externalPower"":true,""batteryMv"":65535,""batteryValid"":false,""batteryDetected"":false,""batterySenseStatus"":""not_detected"",""batteryLow"":false,""batteryCritical"":false,""sourceAmbiguous"":false,""serviceHoldActive"":false,""serviceHoldEffective"":false},""batterySession"":{""state"":""inactive"",""startedMs"":0,""stateStartedMs"":0,""validSampleBatches"":0,""requiredSampleBatches"":10,""alarmTxAttempts"":0,""alarmTxAttemptLimit"":3,""alarmAckReceived"":false,""pendingAlarm"":false,""pendingSaveRequired"":false,""persistenceFaultHold"":false,""completionReason"":""session_done""},""bootHealth"":{""adsReady"":true,""adsDrdyLevel"":0,""adsDrdyPulldownLevel"":0,""adsDrdyPullupLevel"":0,""adsMisoPulldownLevel"":0,""adsMisoPullupLevel"":1,""adsCsLevel"":1,""adsSyncLevel"":1,""adsStatus"":54,""adsMux"":15,""adsAdcon"":6,""adsDrate"":240,""adsReason"":""ok"",""tcaOk"":true,""mcpOkCount"":8,""mcpOk"":[true,true,true,true,true,true,true,true],""mcpAddrMask"":[1,1,1,1,1,1,1,1],""mcpControlTested"":true,""mcpControlOkCount"":8,""mcpControlOk"":[true,true,true,true,true,true,true,true],""dacReady"":true,""radioReady"":true,""mlReady"":true,""nullingProfileApplied"":true,""modelProfileReady"":false},""runtimeMcpCode"":[255,519,795,706,799,865,665,139],""model"":{""profileId"":""cnn-dualbranch-datasheet-v1-unbound"",""scalerProfileId"":""cnn-dualbranch-datasheet-v1-unbound"",""productionApproved"":true,""boundNullingProfileId"":8,""activeNullingProfileId"":9,""bindingValid"":true,""bindingModelMatches"":true,""profileReady"":false,""inferenceValid"":false,""sensorFault"":true},""lora"":{""beginState"":0,""lastTxState"":0,""lastTxOk"":false,""txSeq"":0,""txCounter"":0,""aesKeyProvisioned"":true,""aesKeyPresent"":true,""aesKeySource"":""nvs"",""keyId"":1,""lastDownlinkCommandId"":0,""freqMHz"":920,""bwKHz"":125,""sf"":7,""cr"":5,""syncWord"":18,""txPowerDbm"":17,""preamble"":8,""tcxoVoltage"":1.600000024,""xtalVoltage"":0},""dataset"":{""state"":""idle"",""step"":""idle"",""label"":"""",""seq"":0,""targetSamples"":0,""sampleIntervalMs"":500,""maxDurationMs"":0,""useFanIntake"":true,""fanOnMs"":1000,""postFanSettleMs"":0,""nullingProfileId"":9,""queuePending"":0,""queueCapacity"":16,""queueEnqueued"":0,""queueDropped"":0,""publishFailCount"":0,""retryCount"":0,""retryFailCount"":0,""rejectedSamples"":0,""lastRejectReason"":""none"",""lastRejectChannel"":-1,""lastRejectOkFiniteCount"":0,""lastRejectStatus"":255,""lastRejectGain"":0,""lastRejectSaturated"":false},""recovery"":{""wifiReconnectCount"":0,""wifiReconnectFailCount"":0,""mqttReconnectCount"":0,""mqttConnectFailCount"":0,""lastMqttState"":0,""adsRecoveryCount"":0,""adsRecoveryFailCount"":0,""adsReadFailStreak"":0,""lastReason"":""none"",""lastRecoveryMs"":0,""bootRecoveryArmed"":false,""bootRecoveryDueMs"":0,""bootRecoveryReason"":""none"",""bootRecoveryNonAdsFailure"":false,""bootRecoveryRestartCount"":0},""nulling"":{""done"":false,""retryArmed"":false,""attemptCount"":0,""nextRetryMs"":0,""thresholdV"":9.999999747E-06,""minFinalV"":0},""telemetry"":{""valid"":true,""sampleMs"":6571611,""gasClass"":6,""gasName"":""CO2"",""confidence"":0,""alarm"":false,""sensorVoltage"":[0.112757228,0.004156888,0.004891745,-0.002564069,-0.006243487,-0.0115734,-0.019448459,-0.025340825],""sensorGain"":[32,64,64,64,64,64,64,64],""sensorStatus"":[0,0,0,0,0,0,0,0],""featureOrder"":[""MQ8"",""MQ135"",""MQ3"",""MQ5"",""MQ4"",""MQ7"",""MQ6"",""MQ2""]},""alarmLatched"":false}"
2026-08-04 11:10:36.366 +07:00,195.244,HOT_SWEEP_70,70,700,300,1,0,0.112663731,0.004056771,0.004911107,-0.002560152,-0.007087824,-0.011581915,-0.019511407,-0.025355244,"{""deviceId"":""1001"",""nodeId"":4097,""targetChId"":""0010"",""mode"":""inference"",""uptimeMs"":6572703,""debugEnabled"":true,""power"":{""mode"":""24v"",""externalPower"":true,""batteryMv"":65535,""batteryValid"":false,""batteryDetected"":false,""batterySenseStatus"":""not_detected"",""batteryLow"":false,""batteryCritical"":false,""sourceAmbiguous"":false,""serviceHoldActive"":false,""serviceHoldEffective"":false},""batterySession"":{""state"":""inactive"",""startedMs"":0,""stateStartedMs"":0,""validSampleBatches"":0,""requiredSampleBatches"":10,""alarmTxAttempts"":0,""alarmTxAttemptLimit"":3,""alarmAckReceived"":false,""pendingAlarm"":false,""pendingSaveRequired"":false,""persistenceFaultHold"":false,""completionReason"":""session_done""},""bootHealth"":{""adsReady"":true,""adsDrdyLevel"":0,""adsDrdyPulldownLevel"":0,""adsDrdyPullupLevel"":0,""adsMisoPulldownLevel"":0,""adsMisoPullupLevel"":1,""adsCsLevel"":1,""adsSyncLevel"":1,""adsStatus"":54,""adsMux"":15,""adsAdcon"":6,""adsDrate"":240,""adsReason"":""ok"",""tcaOk"":true,""mcpOkCount"":8,""mcpOk"":[true,true,true,true,true,true,true,true],""mcpAddrMask"":[1,1,1,1,1,1,1,1],""mcpControlTested"":true,""mcpControlOkCount"":8,""mcpControlOk"":[true,true,true,true,true,true,true,true],""dacReady"":true,""radioReady"":true,""mlReady"":true,""nullingProfileApplied"":true,""modelProfileReady"":false},""runtimeMcpCode"":[255,519,795,706,799,865,665,139],""model"":{""profileId"":""cnn-dualbranch-datasheet-v1-unbound"",""scalerProfileId"":""cnn-dualbranch-datasheet-v1-unbound"",""productionApproved"":true,""boundNullingProfileId"":8,""activeNullingProfileId"":9,""bindingValid"":true,""bindingModelMatches"":true,""profileReady"":false,""inferenceValid"":false,""sensorFault"":true},""lora"":{""beginState"":0,""lastTxState"":0,""lastTxOk"":false,""txSeq"":0,""txCounter"":0,""aesKeyProvisioned"":true,""aesKeyPresent"":true,""aesKeySource"":""nvs"",""keyId"":1,""lastDownlinkCommandId"":0,""freqMHz"":920,""bwKHz"":125,""sf"":7,""cr"":5,""syncWord"":18,""txPowerDbm"":17,""preamble"":8,""tcxoVoltage"":1.600000024,""xtalVoltage"":0},""dataset"":{""state"":""idle"",""step"":""idle"",""label"":"""",""seq"":0,""targetSamples"":0,""sampleIntervalMs"":500,""maxDurationMs"":0,""useFanIntake"":true,""fanOnMs"":1000,""postFanSettleMs"":0,""nullingProfileId"":9,""queuePending"":0,""queueCapacity"":16,""queueEnqueued"":0,""queueDropped"":0,""publishFailCount"":0,""retryCount"":0,""retryFailCount"":0,""rejectedSamples"":0,""lastRejectReason"":""none"",""lastRejectChannel"":-1,""lastRejectOkFiniteCount"":0,""lastRejectStatus"":255,""lastRejectGain"":0,""lastRejectSaturated"":false},""recovery"":{""wifiReconnectCount"":0,""wifiReconnectFailCount"":0,""mqttReconnectCount"":0,""mqttConnectFailCount"":0,""lastMqttState"":0,""adsRecoveryCount"":0,""adsRecoveryFailCount"":0,""adsReadFailStreak"":0,""lastReason"":""none"",""lastRecoveryMs"":0,""bootRecoveryArmed"":false,""bootRecoveryDueMs"":0,""bootRecoveryReason"":""none"",""bootRecoveryNonAdsFailure"":false,""bootRecoveryRestartCount"":0},""nulling"":{""done"":false,""retryArmed"":false,""attemptCount"":0,""nextRetryMs"":0,""thresholdV"":9.999999747E-06,""minFinalV"":0},""telemetry"":{""valid"":true,""sampleMs"":6572332,""gasClass"":6,""gasName"":""CO2"",""confidence"":0,""alarm"":false,""sensorVoltage"":[0.112663731,0.004056771,0.004911107,-0.002560152,-0.007087824,-0.011581915,-0.019511407,-0.025355244],""sensorGain"":[32,64,64,64,64,64,64,64],""sensorStatus"":[0,0,0,0,0,0,0,0],""featureOrder"":[""MQ8"",""MQ135"",""MQ3"",""MQ5"",""MQ4"",""MQ7"",""MQ6"",""MQ2""]},""alarmLatched"":false}"
2026-08-04 11:10:37.053 +07:00,195.934,HOT_SWEEP_70,70,700,300,1,0,0.114014365,0.004009489,0.004863508,-0.002528845,-0.006836708,-0.011318385,-0.019138722,-0.02491262,"{""deviceId"":""1001"",""nodeId"":4097,""targetChId"":""0010"",""mode"":""inference"",""uptimeMs"":6573391,""debugEnabled"":true,""power"":{""mode"":""24v"",""externalPower"":true,""batteryMv"":65535,""batteryValid"":false,""batteryDetected"":false,""batterySenseStatus"":""not_detected"",""batteryLow"":false,""batteryCritical"":false,""sourceAmbiguous"":false,""serviceHoldActive"":false,""serviceHoldEffective"":false},""batterySession"":{""state"":""inactive"",""startedMs"":0,""stateStartedMs"":0,""validSampleBatches"":0,""requiredSampleBatches"":10,""alarmTxAttempts"":0,""alarmTxAttemptLimit"":3,""alarmAckReceived"":false,""pendingAlarm"":false,""pendingSaveRequired"":false,""persistenceFaultHold"":false,""completionReason"":""session_done""},""bootHealth"":{""adsReady"":true,""adsDrdyLevel"":0,""adsDrdyPulldownLevel"":0,""adsDrdyPullupLevel"":0,""adsMisoPulldownLevel"":0,""adsMisoPullupLevel"":1,""adsCsLevel"":1,""adsSyncLevel"":1,""adsStatus"":54,""adsMux"":15,""adsAdcon"":6,""adsDrate"":240,""adsReason"":""ok"",""tcaOk"":true,""mcpOkCount"":8,""mcpOk"":[true,true,true,true,true,true,true,true],""mcpAddrMask"":[1,1,1,1,1,1,1,1],""mcpControlTested"":true,""mcpControlOkCount"":8,""mcpControlOk"":[true,true,true,true,true,true,true,true],""dacReady"":true,""radioReady"":true,""mlReady"":true,""nullingProfileApplied"":true,""modelProfileReady"":false},""runtimeMcpCode"":[255,519,795,706,799,865,665,139],""model"":{""profileId"":""cnn-dualbranch-datasheet-v1-unbound"",""scalerProfileId"":""cnn-dualbranch-datasheet-v1-unbound"",""productionApproved"":true,""boundNullingProfileId"":8,""activeNullingProfileId"":9,""bindingValid"":true,""bindingModelMatches"":true,""profileReady"":false,""inferenceValid"":false,""sensorFault"":true},""lora"":{""beginState"":0,""lastTxState"":0,""lastTxOk"":false,""txSeq"":0,""txCounter"":0,""aesKeyProvisioned"":true,""aesKeyPresent"":true,""aesKeySource"":""nvs"",""keyId"":1,""lastDownlinkCommandId"":0,""freqMHz"":920,""bwKHz"":125,""sf"":7,""cr"":5,""syncWord"":18,""txPowerDbm"":17,""preamble"":8,""tcxoVoltage"":1.600000024,""xtalVoltage"":0},""dataset"":{""state"":""idle"",""step"":""idle"",""label"":"""",""seq"":0,""targetSamples"":0,""sampleIntervalMs"":500,""maxDurationMs"":0,""useFanIntake"":true,""fanOnMs"":1000,""postFanSettleMs"":0,""nullingProfileId"":9,""queuePending"":0,""queueCapacity"":16,""queueEnqueued"":0,""queueDropped"":0,""publishFailCount"":0,""retryCount"":0,""retryFailCount"":0,""rejectedSamples"":0,""lastRejectReason"":""none"",""lastRejectChannel"":-1,""lastRejectOkFiniteCount"":0,""lastRejectStatus"":255,""lastRejectGain"":0,""lastRejectSaturated"":false},""recovery"":{""wifiReconnectCount"":0,""wifiReconnectFailCount"":0,""mqttReconnectCount"":0,""mqttConnectFailCount"":0,""lastMqttState"":0,""adsRecoveryCount"":0,""adsRecoveryFailCount"":0,""adsReadFailStreak"":0,""lastReason"":""none"",""lastRecoveryMs"":0,""bootRecoveryArmed"":false,""bootRecoveryDueMs"":0,""bootRecoveryReason"":""none"",""bootRecoveryNonAdsFailure"":false,""bootRecoveryRestartCount"":0},""nulling"":{""done"":false,""retryArmed"":false,""attemptCount"":0,""nextRetryMs"":0,""thresholdV"":9.999999747E-06,""minFinalV"":0},""telemetry"":{""valid"":true,""sampleMs"":6572981,""gasClass"":6,""gasName"":""CO2"",""confidence"":0,""alarm"":false,""sensorVoltage"":[0.114014365,0.004009489,0.004863508,-0.002528845,-0.006836708,-0.011318385,-0.019138722,-0.02491262],""sensorGain"":[32,64,64,64,64,64,64,64],""sensorStatus"":[0,0,0,0,0,0,0,0],""featureOrder"":[""MQ8"",""MQ135"",""MQ3"",""MQ5"",""MQ4"",""MQ7"",""MQ6"",""MQ2""]},""alarmLatched"":false}"
2026-08-04 11:10:37.732 +07:00,196.613,HOT_SWEEP_70,70,700,300,1,0,0.113546327,0.003991047,0.004959836,-0.002536231,-0.005702754,-0.011606638,-0.01951281,-0.025397349,"{""deviceId"":""1001"",""nodeId"":4097,""targetChId"":""0010"",""mode"":""inference"",""uptimeMs"":6574081,""debugEnabled"":true,""power"":{""mode"":""24v"",""externalPower"":true,""batteryMv"":65535,""batteryValid"":false,""batteryDetected"":false,""batterySenseStatus"":""not_detected"",""batteryLow"":false,""batteryCritical"":false,""sourceAmbiguous"":false,""serviceHoldActive"":false,""serviceHoldEffective"":false},""batterySession"":{""state"":""inactive"",""startedMs"":0,""stateStartedMs"":0,""validSampleBatches"":0,""requiredSampleBatches"":10,""alarmTxAttempts"":0,""alarmTxAttemptLimit"":3,""alarmAckReceived"":false,""pendingAlarm"":false,""pendingSaveRequired"":false,""persistenceFaultHold"":false,""completionReason"":""session_done""},""bootHealth"":{""adsReady"":true,""adsDrdyLevel"":0,""adsDrdyPulldownLevel"":0,""adsDrdyPullupLevel"":0,""adsMisoPulldownLevel"":0,""adsMisoPullupLevel"":1,""adsCsLevel"":1,""adsSyncLevel"":1,""adsStatus"":54,""adsMux"":15,""adsAdcon"":6,""adsDrate"":240,""adsReason"":""ok"",""tcaOk"":true,""mcpOkCount"":8,""mcpOk"":[true,true,true,true,true,true,true,true],""mcpAddrMask"":[1,1,1,1,1,1,1,1],""mcpControlTested"":true,""mcpControlOkCount"":8,""mcpControlOk"":[true,true,true,true,true,true,true,true],""dacReady"":true,""radioReady"":true,""mlReady"":true,""nullingProfileApplied"":true,""modelProfileReady"":false},""runtimeMcpCode"":[255,519,795,706,799,865,665,139],""model"":{""profileId"":""cnn-dualbranch-datasheet-v1-unbound"",""scalerProfileId"":""cnn-dualbranch-datasheet-v1-unbound"",""productionApproved"":true,""boundNullingProfileId"":8,""activeNullingProfileId"":9,""bindingValid"":true,""bindingModelMatches"":true,""profileReady"":false,""inferenceValid"":false,""sensorFault"":true},""lora"":{""beginState"":0,""lastTxState"":0,""lastTxOk"":false,""txSeq"":0,""txCounter"":0,""aesKeyProvisioned"":true,""aesKeyPresent"":true,""aesKeySource"":""nvs"",""keyId"":1,""lastDownlinkCommandId"":0,""freqMHz"":920,""bwKHz"":125,""sf"":7,""cr"":5,""syncWord"":18,""txPowerDbm"":17,""preamble"":8,""tcxoVoltage"":1.600000024,""xtalVoltage"":0},""dataset"":{""state"":""idle"",""step"":""idle"",""label"":"""",""seq"":0,""targetSamples"":0,""sampleIntervalMs"":500,""maxDurationMs"":0,""useFanIntake"":true,""fanOnMs"":1000,""postFanSettleMs"":0,""nullingProfileId"":9,""queuePending"":0,""queueCapacity"":16,""queueEnqueued"":0,""queueDropped"":0,""publishFailCount"":0,""retryCount"":0,""retryFailCount"":0,""rejectedSamples"":0,""lastRejectReason"":""none"",""lastRejectChannel"":-1,""lastRejectOkFiniteCount"":0,""lastRejectStatus"":255,""lastRejectGain"":0,""lastRejectSaturated"":false},""recovery"":{""wifiReconnectCount"":0,""wifiReconnectFailCount"":0,""mqttReconnectCount"":0,""mqttConnectFailCount"":0,""lastMqttState"":0,""adsRecoveryCount"":0,""adsRecoveryFailCount"":0,""adsReadFailStreak"":0,""lastReason"":""none"",""lastRecoveryMs"":0,""bootRecoveryArmed"":false,""bootRecoveryDueMs"":0,""bootRecoveryReason"":""none"",""bootRecoveryNonAdsFailure"":false,""bootRecoveryRestartCount"":0},""nulling"":{""done"":false,""retryArmed"":false,""attemptCount"":0,""nextRetryMs"":0,""thresholdV"":9.999999747E-06,""minFinalV"":0},""telemetry"":{""valid"":true,""sampleMs"":6573669,""gasClass"":6,""gasName"":""CO2"",""confidence"":0,""alarm"":false,""sensorVoltage"":[0.113546327,0.003991047,0.004959836,-0.002536231,-0.005702754,-0.011606638,-0.01951281,-0.025397349],""sensorGain"":[32,64,64,64,64,64,64,64],""sensorStatus"":[0,0,0,0,0,0,0,0],""featureOrder"":[""MQ8"",""MQ135"",""MQ3"",""MQ5"",""MQ4"",""MQ7"",""MQ6"",""MQ2""]},""alarmLatched"":false}"
2026-08-04 11:10:38.440 +07:00,197.319,HOT_SWEEP_70,70,700,300,1,0,0.113403082,0.003975119,0.005024847,-0.002527454,-0.005826609,-0.011607675,-0.019501738,-0.025407726,"{""deviceId"":""1001"",""nodeId"":4097,""targetChId"":""0010"",""mode"":""inference"",""uptimeMs"":6574779,""debugEnabled"":true,""power"":{""mode"":""24v"",""externalPower"":true,""batteryMv"":65535,""batteryValid"":false,""batteryDetected"":false,""batterySenseStatus"":""not_detected"",""batteryLow"":false,""batteryCritical"":false,""sourceAmbiguous"":false,""serviceHoldActive"":false,""serviceHoldEffective"":false},""batterySession"":{""state"":""inactive"",""startedMs"":0,""stateStartedMs"":0,""validSampleBatches"":0,""requiredSampleBatches"":10,""alarmTxAttempts"":0,""alarmTxAttemptLimit"":3,""alarmAckReceived"":false,""pendingAlarm"":false,""pendingSaveRequired"":false,""persistenceFaultHold"":false,""completionReason"":""session_done""},""bootHealth"":{""adsReady"":true,""adsDrdyLevel"":0,""adsDrdyPulldownLevel"":0,""adsDrdyPullupLevel"":0,""adsMisoPulldownLevel"":0,""adsMisoPullupLevel"":1,""adsCsLevel"":1,""adsSyncLevel"":1,""adsStatus"":54,""adsMux"":15,""adsAdcon"":6,""adsDrate"":240,""adsReason"":""ok"",""tcaOk"":true,""mcpOkCount"":8,""mcpOk"":[true,true,true,true,true,true,true,true],""mcpAddrMask"":[1,1,1,1,1,1,1,1],""mcpControlTested"":true,""mcpControlOkCount"":8,""mcpControlOk"":[true,true,true,true,true,true,true,true],""dacReady"":true,""radioReady"":true,""mlReady"":true,""nullingProfileApplied"":true,""modelProfileReady"":false},""runtimeMcpCode"":[255,519,795,706,799,865,665,139],""model"":{""profileId"":""cnn-dualbranch-datasheet-v1-unbound"",""scalerProfileId"":""cnn-dualbranch-datasheet-v1-unbound"",""productionApproved"":true,""boundNullingProfileId"":8,""activeNullingProfileId"":9,""bindingValid"":true,""bindingModelMatches"":true,""profileReady"":false,""inferenceValid"":false,""sensorFault"":true},""lora"":{""beginState"":0,""lastTxState"":0,""lastTxOk"":false,""txSeq"":0,""txCounter"":0,""aesKeyProvisioned"":true,""aesKeyPresent"":true,""aesKeySource"":""nvs"",""keyId"":1,""lastDownlinkCommandId"":0,""freqMHz"":920,""bwKHz"":125,""sf"":7,""cr"":5,""syncWord"":18,""txPowerDbm"":17,""preamble"":8,""tcxoVoltage"":1.600000024,""xtalVoltage"":0},""dataset"":{""state"":""idle"",""step"":""idle"",""label"":"""",""seq"":0,""targetSamples"":0,""sampleIntervalMs"":500,""maxDurationMs"":0,""useFanIntake"":true,""fanOnMs"":1000,""postFanSettleMs"":0,""nullingProfileId"":9,""queuePending"":0,""queueCapacity"":16,""queueEnqueued"":0,""queueDropped"":0,""publishFailCount"":0,""retryCount"":0,""retryFailCount"":0,""rejectedSamples"":0,""lastRejectReason"":""none"",""lastRejectChannel"":-1,""lastRejectOkFiniteCount"":0,""lastRejectStatus"":255,""lastRejectGain"":0,""lastRejectSaturated"":false},""recovery"":{""wifiReconnectCount"":0,""wifiReconnectFailCount"":0,""mqttReconnectCount"":0,""mqttConnectFailCount"":0,""lastMqttState"":0,""adsRecoveryCount"":0,""adsRecoveryFailCount"":0,""adsReadFailStreak"":0,""lastReason"":""none"",""lastRecoveryMs"":0,""bootRecoveryArmed"":false,""bootRecoveryDueMs"":0,""bootRecoveryReason"":""none"",""bootRecoveryNonAdsFailure"":false,""bootRecoveryRestartCount"":0},""nulling"":{""done"":false,""retryArmed"":false,""attemptCount"":0,""nextRetryMs"":0,""thresholdV"":9.999999747E-06,""minFinalV"":0},""telemetry"":{""valid"":true,""sampleMs"":6574391,""gasClass"":6,""gasName"":""CO2"",""confidence"":0,""alarm"":false,""sensorVoltage"":[0.113403082,0.003975119,0.005024847,-0.002527454,-0.005826609,-0.011607675,-0.019501738,-0.025407726],""sensorGain"":[32,64,64,64,64,64,64,64],""sensorStatus"":[0,0,0,0,0,0,0,0],""featureOrder"":[""MQ8"",""MQ135"",""MQ3"",""MQ5"",""MQ4"",""MQ7"",""MQ6"",""MQ2""]},""alarmLatched"":false}"
2026-08-04 11:10:39.125 +07:00,198.001,HOT_SWEEP_70,70,700,300,1,0,0.114637457,0.003989046,0.004999028,-0.002483477,-0.004291366,-0.011647564,-0.019496568,-0.025366625,"{""deviceId"":""1001"",""nodeId"":4097,""targetChId"":""0010"",""mode"":""inference"",""uptimeMs"":6575463,""debugEnabled"":true,""power"":{""mode"":""24v"",""externalPower"":true,""batteryMv"":65535,""batteryValid"":false,""batteryDetected"":false,""batterySenseStatus"":""not_detected"",""batteryLow"":false,""batteryCritical"":false,""sourceAmbiguous"":false,""serviceHoldActive"":false,""serviceHoldEffective"":false},""batterySession"":{""state"":""inactive"",""startedMs"":0,""stateStartedMs"":0,""validSampleBatches"":0,""requiredSampleBatches"":10,""alarmTxAttempts"":0,""alarmTxAttemptLimit"":3,""alarmAckReceived"":false,""pendingAlarm"":false,""pendingSaveRequired"":false,""persistenceFaultHold"":false,""completionReason"":""session_done""},""bootHealth"":{""adsReady"":true,""adsDrdyLevel"":0,""adsDrdyPulldownLevel"":0,""adsDrdyPullupLevel"":0,""adsMisoPulldownLevel"":0,""adsMisoPullupLevel"":1,""adsCsLevel"":1,""adsSyncLevel"":1,""adsStatus"":54,""adsMux"":15,""adsAdcon"":6,""adsDrate"":240,""adsReason"":""ok"",""tcaOk"":true,""mcpOkCount"":8,""mcpOk"":[true,true,true,true,true,true,true,true],""mcpAddrMask"":[1,1,1,1,1,1,1,1],""mcpControlTested"":true,""mcpControlOkCount"":8,""mcpControlOk"":[true,true,true,true,true,true,true,true],""dacReady"":true,""radioReady"":true,""mlReady"":true,""nullingProfileApplied"":true,""modelProfileReady"":false},""runtimeMcpCode"":[255,519,795,706,799,865,665,139],""model"":{""profileId"":""cnn-dualbranch-datasheet-v1-unbound"",""scalerProfileId"":""cnn-dualbranch-datasheet-v1-unbound"",""productionApproved"":true,""boundNullingProfileId"":8,""activeNullingProfileId"":9,""bindingValid"":true,""bindingModelMatches"":true,""profileReady"":false,""inferenceValid"":false,""sensorFault"":true},""lora"":{""beginState"":0,""lastTxState"":0,""lastTxOk"":false,""txSeq"":0,""txCounter"":0,""aesKeyProvisioned"":true,""aesKeyPresent"":true,""aesKeySource"":""nvs"",""keyId"":1,""lastDownlinkCommandId"":0,""freqMHz"":920,""bwKHz"":125,""sf"":7,""cr"":5,""syncWord"":18,""txPowerDbm"":17,""preamble"":8,""tcxoVoltage"":1.600000024,""xtalVoltage"":0},""dataset"":{""state"":""idle"",""step"":""idle"",""label"":"""",""seq"":0,""targetSamples"":0,""sampleIntervalMs"":500,""maxDurationMs"":0,""useFanIntake"":true,""fanOnMs"":1000,""postFanSettleMs"":0,""nullingProfileId"":9,""queuePending"":0,""queueCapacity"":16,""queueEnqueued"":0,""queueDropped"":0,""publishFailCount"":0,""retryCount"":0,""retryFailCount"":0,""rejectedSamples"":0,""lastRejectReason"":""none"",""lastRejectChannel"":-1,""lastRejectOkFiniteCount"":0,""lastRejectStatus"":255,""lastRejectGain"":0,""lastRejectSaturated"":false},""recovery"":{""wifiReconnectCount"":0,""wifiReconnectFailCount"":0,""mqttReconnectCount"":0,""mqttConnectFailCount"":0,""lastMqttState"":0,""adsRecoveryCount"":0,""adsRecoveryFailCount"":0,""adsReadFailStreak"":0,""lastReason"":""none"",""lastRecoveryMs"":0,""bootRecoveryArmed"":false,""bootRecoveryDueMs"":0,""bootRecoveryReason"":""none"",""bootRecoveryNonAdsFailure"":false,""bootRecoveryRestartCount"":0},""nulling"":{""done"":false,""retryArmed"":false,""attemptCount"":0,""nextRetryMs"":0,""thresholdV"":9.999999747E-06,""minFinalV"":0},""telemetry"":{""valid"":true,""sampleMs"":6575057,""gasClass"":6,""gasName"":""CO2"",""confidence"":0,""alarm"":false,""sensorVoltage"":[0.114637457,0.003989046,0.004999028,-0.002483477,-0.004291366,-0.011647564,-0.019496568,-0.025366625],""sensorGain"":[32,64,64,64,64,64,64,64],""sensorStatus"":[0,0,0,0,0,0,0,0],""featureOrder"":[""MQ8"",""MQ135"",""MQ3"",""MQ5"",""MQ4"",""MQ7"",""MQ6"",""MQ2""]},""alarmLatched"":false}"
2026-08-04 11:10:39.822 +07:00,198.700,HOT_SWEEP_70,70,700,300,1,0,0.114220403,0.003990349,0.005050515,-0.002540238,-0.00498435,-0.011850566,-0.019567778,-0.025373746,"{""deviceId"":""1001"",""nodeId"":4097,""targetChId"":""0010"",""mode"":""inference"",""uptimeMs"":6576160,""debugEnabled"":true,""power"":{""mode"":""24v"",""externalPower"":true,""batteryMv"":65535,""batteryValid"":false,""batteryDetected"":false,""batterySenseStatus"":""not_detected"",""batteryLow"":false,""batteryCritical"":false,""sourceAmbiguous"":false,""serviceHoldActive"":false,""serviceHoldEffective"":false},""batterySession"":{""state"":""inactive"",""startedMs"":0,""stateStartedMs"":0,""validSampleBatches"":0,""requiredSampleBatches"":10,""alarmTxAttempts"":0,""alarmTxAttemptLimit"":3,""alarmAckReceived"":false,""pendingAlarm"":false,""pendingSaveRequired"":false,""persistenceFaultHold"":false,""completionReason"":""session_done""},""bootHealth"":{""adsReady"":true,""adsDrdyLevel"":0,""adsDrdyPulldownLevel"":0,""adsDrdyPullupLevel"":0,""adsMisoPulldownLevel"":0,""adsMisoPullupLevel"":1,""adsCsLevel"":1,""adsSyncLevel"":1,""adsStatus"":54,""adsMux"":15,""adsAdcon"":6,""adsDrate"":240,""adsReason"":""ok"",""tcaOk"":true,""mcpOkCount"":8,""mcpOk"":[true,true,true,true,true,true,true,true],""mcpAddrMask"":[1,1,1,1,1,1,1,1],""mcpControlTested"":true,""mcpControlOkCount"":8,""mcpControlOk"":[true,true,true,true,true,true,true,true],""dacReady"":true,""radioReady"":true,""mlReady"":true,""nullingProfileApplied"":true,""modelProfileReady"":false},""runtimeMcpCode"":[255,519,795,706,799,865,665,139],""model"":{""profileId"":""cnn-dualbranch-datasheet-v1-unbound"",""scalerProfileId"":""cnn-dualbranch-datasheet-v1-unbound"",""productionApproved"":true,""boundNullingProfileId"":8,""activeNullingProfileId"":9,""bindingValid"":true,""bindingModelMatches"":true,""profileReady"":false,""inferenceValid"":false,""sensorFault"":true},""lora"":{""beginState"":0,""lastTxState"":0,""lastTxOk"":false,""txSeq"":0,""txCounter"":0,""aesKeyProvisioned"":true,""aesKeyPresent"":true,""aesKeySource"":""nvs"",""keyId"":1,""lastDownlinkCommandId"":0,""freqMHz"":920,""bwKHz"":125,""sf"":7,""cr"":5,""syncWord"":18,""txPowerDbm"":17,""preamble"":8,""tcxoVoltage"":1.600000024,""xtalVoltage"":0},""dataset"":{""state"":""idle"",""step"":""idle"",""label"":"""",""seq"":0,""targetSamples"":0,""sampleIntervalMs"":500,""maxDurationMs"":0,""useFanIntake"":true,""fanOnMs"":1000,""postFanSettleMs"":0,""nullingProfileId"":9,""queuePending"":0,""queueCapacity"":16,""queueEnqueued"":0,""queueDropped"":0,""publishFailCount"":0,""retryCount"":0,""retryFailCount"":0,""rejectedSamples"":0,""lastRejectReason"":""none"",""lastRejectChannel"":-1,""lastRejectOkFiniteCount"":0,""lastRejectStatus"":255,""lastRejectGain"":0,""lastRejectSaturated"":false},""recovery"":{""wifiReconnectCount"":0,""wifiReconnectFailCount"":0,""mqttReconnectCount"":0,""mqttConnectFailCount"":0,""lastMqttState"":0,""adsRecoveryCount"":0,""adsRecoveryFailCount"":0,""adsReadFailStreak"":0,""lastReason"":""none"",""lastRecoveryMs"":0,""bootRecoveryArmed"":false,""bootRecoveryDueMs"":0,""bootRecoveryReason"":""none"",""bootRecoveryNonAdsFailure"":false,""bootRecoveryRestartCount"":0},""nulling"":{""done"":false,""retryArmed"":false,""attemptCount"":0,""nextRetryMs"":0,""thresholdV"":9.999999747E-06,""minFinalV"":0},""telemetry"":{""valid"":true,""sampleMs"":6575741,""gasClass"":6,""gasName"":""CO2"",""confidence"":0,""alarm"":false,""sensorVoltage"":[0.114220403,0.003990349,0.005050515,-0.002540238,-0.00498435,-0.011850566,-0.019567778,-0.025373746],""sensorGain"":[32,64,64,64,64,64,64,64],""sensorStatus"":[0,0,0,0,0,0,0,0],""featureOrder"":[""MQ8"",""MQ135"",""MQ3"",""MQ5"",""MQ4"",""MQ7"",""MQ6"",""MQ2""]},""alarmLatched"":false}"
2026-08-04 11:10:40.517 +07:00,199.398,HOT_SWEEP_70,70,700,300,1,0,0.113800906,0.004020779,0.005038273,-0.002546064,-0.00533081,-0.011875946,-0.019587025,-0.025438365,"{""deviceId"":""1001"",""nodeId"":4097,""targetChId"":""0010"",""mode"":""inference"",""uptimeMs"":6576859,""debugEnabled"":true,""power"":{""mode"":""24v"",""externalPower"":true,""batteryMv"":65535,""batteryValid"":false,""batteryDetected"":false,""batterySenseStatus"":""not_detected"",""batteryLow"":false,""batteryCritical"":false,""sourceAmbiguous"":false,""serviceHoldActive"":false,""serviceHoldEffective"":false},""batterySession"":{""state"":""inactive"",""startedMs"":0,""stateStartedMs"":0,""validSampleBatches"":0,""requiredSampleBatches"":10,""alarmTxAttempts"":0,""alarmTxAttemptLimit"":3,""alarmAckReceived"":false,""pendingAlarm"":false,""pendingSaveRequired"":false,""persistenceFaultHold"":false,""completionReason"":""session_done""},""bootHealth"":{""adsReady"":true,""adsDrdyLevel"":0,""adsDrdyPulldownLevel"":0,""adsDrdyPullupLevel"":0,""adsMisoPulldownLevel"":0,""adsMisoPullupLevel"":1,""adsCsLevel"":1,""adsSyncLevel"":1,""adsStatus"":54,""adsMux"":15,""adsAdcon"":6,""adsDrate"":240,""adsReason"":""ok"",""tcaOk"":true,""mcpOkCount"":8,""mcpOk"":[true,true,true,true,true,true,true,true],""mcpAddrMask"":[1,1,1,1,1,1,1,1],""mcpControlTested"":true,""mcpControlOkCount"":8,""mcpControlOk"":[true,true,true,true,true,true,true,true],""dacReady"":true,""radioReady"":true,""mlReady"":true,""nullingProfileApplied"":true,""modelProfileReady"":false},""runtimeMcpCode"":[255,519,795,706,799,865,665,139],""model"":{""profileId"":""cnn-dualbranch-datasheet-v1-unbound"",""scalerProfileId"":""cnn-dualbranch-datasheet-v1-unbound"",""productionApproved"":true,""boundNullingProfileId"":8,""activeNullingProfileId"":9,""bindingValid"":true,""bindingModelMatches"":true,""profileReady"":false,""inferenceValid"":false,""sensorFault"":true},""lora"":{""beginState"":0,""lastTxState"":0,""lastTxOk"":false,""txSeq"":0,""txCounter"":0,""aesKeyProvisioned"":true,""aesKeyPresent"":true,""aesKeySource"":""nvs"",""keyId"":1,""lastDownlinkCommandId"":0,""freqMHz"":920,""bwKHz"":125,""sf"":7,""cr"":5,""syncWord"":18,""txPowerDbm"":17,""preamble"":8,""tcxoVoltage"":1.600000024,""xtalVoltage"":0},""dataset"":{""state"":""idle"",""step"":""idle"",""label"":"""",""seq"":0,""targetSamples"":0,""sampleIntervalMs"":500,""maxDurationMs"":0,""useFanIntake"":true,""fanOnMs"":1000,""postFanSettleMs"":0,""nullingProfileId"":9,""queuePending"":0,""queueCapacity"":16,""queueEnqueued"":0,""queueDropped"":0,""publishFailCount"":0,""retryCount"":0,""retryFailCount"":0,""rejectedSamples"":0,""lastRejectReason"":""none"",""lastRejectChannel"":-1,""lastRejectOkFiniteCount"":0,""lastRejectStatus"":255,""lastRejectGain"":0,""lastRejectSaturated"":false},""recovery"":{""wifiReconnectCount"":0,""wifiReconnectFailCount"":0,""mqttReconnectCount"":0,""mqttConnectFailCount"":0,""lastMqttState"":0,""adsRecoveryCount"":0,""adsRecoveryFailCount"":0,""adsReadFailStreak"":0,""lastReason"":""none"",""lastRecoveryMs"":0,""bootRecoveryArmed"":false,""bootRecoveryDueMs"":0,""bootRecoveryReason"":""none"",""bootRecoveryNonAdsFailure"":false,""bootRecoveryRestartCount"":0},""nulling"":{""done"":false,""retryArmed"":false,""attemptCount"":0,""nextRetryMs"":0,""thresholdV"":9.999999747E-06,""minFinalV"":0},""telemetry"":{""valid"":true,""sampleMs"":6576470,""gasClass"":6,""gasName"":""CO2"",""confidence"":0,""alarm"":false,""sensorVoltage"":[0.113800906,0.004020779,0.005038273,-0.002546064,-0.00533081,-0.011875946,-0.019587025,-0.025438365],""sensorGain"":[32,64,64,64,64,64,64,64],""sensorStatus"":[0,0,0,0,0,0,0,0],""featureOrder"":[""MQ8"",""MQ135"",""MQ3"",""MQ5"",""MQ4"",""MQ7"",""MQ6"",""MQ2""]},""alarmLatched"":false}"
2026-08-04 11:10:41.196 +07:00,200.077,HOT_SWEEP_70,70,700,300,1,0,0.114582181,0.003964583,0.005032435,-0.002468432,-0.005805875,-0.01180882,-0.019564461,-0.025412967,"{""deviceId"":""1001"",""nodeId"":4097,""targetChId"":""0010"",""mode"":""inference"",""uptimeMs"":6577542,""debugEnabled"":true,""power"":{""mode"":""24v"",""externalPower"":true,""batteryMv"":65535,""batteryValid"":false,""batteryDetected"":false,""batterySenseStatus"":""not_detected"",""batteryLow"":false,""batteryCritical"":false,""sourceAmbiguous"":false,""serviceHoldActive"":false,""serviceHoldEffective"":false},""batterySession"":{""state"":""inactive"",""startedMs"":0,""stateStartedMs"":0,""validSampleBatches"":0,""requiredSampleBatches"":10,""alarmTxAttempts"":0,""alarmTxAttemptLimit"":3,""alarmAckReceived"":false,""pendingAlarm"":false,""pendingSaveRequired"":false,""persistenceFaultHold"":false,""completionReason"":""session_done""},""bootHealth"":{""adsReady"":true,""adsDrdyLevel"":0,""adsDrdyPulldownLevel"":0,""adsDrdyPullupLevel"":0,""adsMisoPulldownLevel"":0,""adsMisoPullupLevel"":1,""adsCsLevel"":1,""adsSyncLevel"":1,""adsStatus"":54,""adsMux"":15,""adsAdcon"":6,""adsDrate"":240,""adsReason"":""ok"",""tcaOk"":true,""mcpOkCount"":8,""mcpOk"":[true,true,true,true,true,true,true,true],""mcpAddrMask"":[1,1,1,1,1,1,1,1],""mcpControlTested"":true,""mcpControlOkCount"":8,""mcpControlOk"":[true,true,true,true,true,true,true,true],""dacReady"":true,""radioReady"":true,""mlReady"":true,""nullingProfileApplied"":true,""modelProfileReady"":false},""runtimeMcpCode"":[255,519,795,706,799,865,665,139],""model"":{""profileId"":""cnn-dualbranch-datasheet-v1-unbound"",""scalerProfileId"":""cnn-dualbranch-datasheet-v1-unbound"",""productionApproved"":true,""boundNullingProfileId"":8,""activeNullingProfileId"":9,""bindingValid"":true,""bindingModelMatches"":true,""profileReady"":false,""inferenceValid"":false,""sensorFault"":true},""lora"":{""beginState"":0,""lastTxState"":0,""lastTxOk"":false,""txSeq"":0,""txCounter"":0,""aesKeyProvisioned"":true,""aesKeyPresent"":true,""aesKeySource"":""nvs"",""keyId"":1,""lastDownlinkCommandId"":0,""freqMHz"":920,""bwKHz"":125,""sf"":7,""cr"":5,""syncWord"":18,""txPowerDbm"":17,""preamble"":8,""tcxoVoltage"":1.600000024,""xtalVoltage"":0},""dataset"":{""state"":""idle"",""step"":""idle"",""label"":"""",""seq"":0,""targetSamples"":0,""sampleIntervalMs"":500,""maxDurationMs"":0,""useFanIntake"":true,""fanOnMs"":1000,""postFanSettleMs"":0,""nullingProfileId"":9,""queuePending"":0,""queueCapacity"":16,""queueEnqueued"":0,""queueDropped"":0,""publishFailCount"":0,""retryCount"":0,""retryFailCount"":0,""rejectedSamples"":0,""lastRejectReason"":""none"",""lastRejectChannel"":-1,""lastRejectOkFiniteCount"":0,""lastRejectStatus"":255,""lastRejectGain"":0,""lastRejectSaturated"":false},""recovery"":{""wifiReconnectCount"":0,""wifiReconnectFailCount"":0,""mqttReconnectCount"":0,""mqttConnectFailCount"":0,""lastMqttState"":0,""adsRecoveryCount"":0,""adsRecoveryFailCount"":0,""adsReadFailStreak"":0,""lastReason"":""none"",""lastRecoveryMs"":0,""bootRecoveryArmed"":false,""bootRecoveryDueMs"":0,""bootRecoveryReason"":""none"",""bootRecoveryNonAdsFailure"":false,""bootRecoveryRestartCount"":0},""nulling"":{""done"":false,""retryArmed"":false,""attemptCount"":0,""nextRetryMs"":0,""thresholdV"":9.999999747E-06,""minFinalV"":0},""telemetry"":{""valid"":true,""sampleMs"":6577137,""gasClass"":6,""gasName"":""CO2"",""confidence"":0,""alarm"":false,""sensorVoltage"":[0.114582181,0.003964583,0.005032435,-0.002468432,-0.005805875,-0.01180882,-0.019564461,-0.025412967],""sensorGain"":[32,64,64,64,64,64,64,64],""sensorStatus"":[0,0,0,0,0,0,0,0],""featureOrder"":[""MQ8"",""MQ135"",""MQ3"",""MQ5"",""MQ4"",""MQ7"",""MQ6"",""MQ2""]},""alarmLatched"":false}"
2026-08-04 11:10:41.877 +07:00,200.758,HOT_SWEEP_70,70,700,300,1,0,0.114230677,0.003989628,0.005038759,-0.002491799,-0.005260537,-0.011846408,-0.019590165,-0.025396174,"{""deviceId"":""1001"",""nodeId"":4097,""targetChId"":""0010"",""mode"":""inference"",""uptimeMs"":6578226,""debugEnabled"":true,""power"":{""mode"":""24v"",""externalPower"":true,""batteryMv"":65535,""batteryValid"":false,""batteryDetected"":false,""batterySenseStatus"":""not_detected"",""batteryLow"":false,""batteryCritical"":false,""sourceAmbiguous"":false,""serviceHoldActive"":false,""serviceHoldEffective"":false},""batterySession"":{""state"":""inactive"",""startedMs"":0,""stateStartedMs"":0,""validSampleBatches"":0,""requiredSampleBatches"":10,""alarmTxAttempts"":0,""alarmTxAttemptLimit"":3,""alarmAckReceived"":false,""pendingAlarm"":false,""pendingSaveRequired"":false,""persistenceFaultHold"":false,""completionReason"":""session_done""},""bootHealth"":{""adsReady"":true,""adsDrdyLevel"":0,""adsDrdyPulldownLevel"":0,""adsDrdyPullupLevel"":0,""adsMisoPulldownLevel"":0,""adsMisoPullupLevel"":1,""adsCsLevel"":1,""adsSyncLevel"":1,""adsStatus"":54,""adsMux"":15,""adsAdcon"":6,""adsDrate"":240,""adsReason"":""ok"",""tcaOk"":true,""mcpOkCount"":8,""mcpOk"":[true,true,true,true,true,true,true,true],""mcpAddrMask"":[1,1,1,1,1,1,1,1],""mcpControlTested"":true,""mcpControlOkCount"":8,""mcpControlOk"":[true,true,true,true,true,true,true,true],""dacReady"":true,""radioReady"":true,""mlReady"":true,""nullingProfileApplied"":true,""modelProfileReady"":false},""runtimeMcpCode"":[255,519,795,706,799,865,665,139],""model"":{""profileId"":""cnn-dualbranch-datasheet-v1-unbound"",""scalerProfileId"":""cnn-dualbranch-datasheet-v1-unbound"",""productionApproved"":true,""boundNullingProfileId"":8,""activeNullingProfileId"":9,""bindingValid"":true,""bindingModelMatches"":true,""profileReady"":false,""inferenceValid"":false,""sensorFault"":true},""lora"":{""beginState"":0,""lastTxState"":0,""lastTxOk"":false,""txSeq"":0,""txCounter"":0,""aesKeyProvisioned"":true,""aesKeyPresent"":true,""aesKeySource"":""nvs"",""keyId"":1,""lastDownlinkCommandId"":0,""freqMHz"":920,""bwKHz"":125,""sf"":7,""cr"":5,""syncWord"":18,""txPowerDbm"":17,""preamble"":8,""tcxoVoltage"":1.600000024,""xtalVoltage"":0},""dataset"":{""state"":""idle"",""step"":""idle"",""label"":"""",""seq"":0,""targetSamples"":0,""sampleIntervalMs"":500,""maxDurationMs"":0,""useFanIntake"":true,""fanOnMs"":1000,""postFanSettleMs"":0,""nullingProfileId"":9,""queuePending"":0,""queueCapacity"":16,""queueEnqueued"":0,""queueDropped"":0,""publishFailCount"":0,""retryCount"":0,""retryFailCount"":0,""rejectedSamples"":0,""lastRejectReason"":""none"",""lastRejectChannel"":-1,""lastRejectOkFiniteCount"":0,""lastRejectStatus"":255,""lastRejectGain"":0,""lastRejectSaturated"":false},""recovery"":{""wifiReconnectCount"":0,""wifiReconnectFailCount"":0,""mqttReconnectCount"":0,""mqttConnectFailCount"":0,""lastMqttState"":0,""adsRecoveryCount"":0,""adsRecoveryFailCount"":0,""adsReadFailStreak"":0,""lastReason"":""none"",""lastRecoveryMs"":0,""bootRecoveryArmed"":false,""bootRecoveryDueMs"":0,""bootRecoveryReason"":""none"",""bootRecoveryNonAdsFailure"":false,""bootRecoveryRestartCount"":0},""nulling"":{""done"":false,""retryArmed"":false,""attemptCount"":0,""nextRetryMs"":0,""thresholdV"":9.999999747E-06,""minFinalV"":0},""telemetry"":{""valid"":true,""sampleMs"":6577825,""gasClass"":6,""gasName"":""CO2"",""confidence"":0,""alarm"":false,""sensorVoltage"":[0.114230677,0.003989628,0.005038759,-0.002491799,-0.005260537,-0.011846408,-0.019590165,-0.025396174],""sensorGain"":[32,64,64,64,64,64,64,64],""sensorStatus"":[0,0,0,0,0,0,0,0],""featureOrder"":[""MQ8"",""MQ135"",""MQ3"",""MQ5"",""MQ4"",""MQ7"",""MQ6"",""MQ2""]},""alarmLatched"":false}"
2026-08-04 11:10:42.567 +07:00,201.448,HOT_SWEEP_70,70,700,300,1,0,0.113960698,0.003923359,0.005031628,-0.002512574,-0.005878512,-0.011816917,-0.019554824,-0.025363943,"{""deviceId"":""1001"",""nodeId"":4097,""targetChId"":""0010"",""mode"":""inference"",""uptimeMs"":6578909,""debugEnabled"":true,""power"":{""mode"":""24v"",""externalPower"":true,""batteryMv"":65535,""batteryValid"":false,""batteryDetected"":false,""batterySenseStatus"":""not_detected"",""batteryLow"":false,""batteryCritical"":false,""sourceAmbiguous"":false,""serviceHoldActive"":false,""serviceHoldEffective"":false},""batterySession"":{""state"":""inactive"",""startedMs"":0,""stateStartedMs"":0,""validSampleBatches"":0,""requiredSampleBatches"":10,""alarmTxAttempts"":0,""alarmTxAttemptLimit"":3,""alarmAckReceived"":false,""pendingAlarm"":false,""pendingSaveRequired"":false,""persistenceFaultHold"":false,""completionReason"":""session_done""},""bootHealth"":{""adsReady"":true,""adsDrdyLevel"":0,""adsDrdyPulldownLevel"":0,""adsDrdyPullupLevel"":0,""adsMisoPulldownLevel"":0,""adsMisoPullupLevel"":1,""adsCsLevel"":1,""adsSyncLevel"":1,""adsStatus"":54,""adsMux"":15,""adsAdcon"":6,""adsDrate"":240,""adsReason"":""ok"",""tcaOk"":true,""mcpOkCount"":8,""mcpOk"":[true,true,true,true,true,true,true,true],""mcpAddrMask"":[1,1,1,1,1,1,1,1],""mcpControlTested"":true,""mcpControlOkCount"":8,""mcpControlOk"":[true,true,true,true,true,true,true,true],""dacReady"":true,""radioReady"":true,""mlReady"":true,""nullingProfileApplied"":true,""modelProfileReady"":false},""runtimeMcpCode"":[255,519,795,706,799,865,665,139],""model"":{""profileId"":""cnn-dualbranch-datasheet-v1-unbound"",""scalerProfileId"":""cnn-dualbranch-datasheet-v1-unbound"",""productionApproved"":true,""boundNullingProfileId"":8,""activeNullingProfileId"":9,""bindingValid"":true,""bindingModelMatches"":true,""profileReady"":false,""inferenceValid"":false,""sensorFault"":true},""lora"":{""beginState"":0,""lastTxState"":0,""lastTxOk"":false,""txSeq"":0,""txCounter"":0,""aesKeyProvisioned"":true,""aesKeyPresent"":true,""aesKeySource"":""nvs"",""keyId"":1,""lastDownlinkCommandId"":0,""freqMHz"":920,""bwKHz"":125,""sf"":7,""cr"":5,""syncWord"":18,""txPowerDbm"":17,""preamble"":8,""tcxoVoltage"":1.600000024,""xtalVoltage"":0},""dataset"":{""state"":""idle"",""step"":""idle"",""label"":"""",""seq"":0,""targetSamples"":0,""sampleIntervalMs"":500,""maxDurationMs"":0,""useFanIntake"":true,""fanOnMs"":1000,""postFanSettleMs"":0,""nullingProfileId"":9,""queuePending"":0,""queueCapacity"":16,""queueEnqueued"":0,""queueDropped"":0,""publishFailCount"":0,""retryCount"":0,""retryFailCount"":0,""rejectedSamples"":0,""lastRejectReason"":""none"",""lastRejectChannel"":-1,""lastRejectOkFiniteCount"":0,""lastRejectStatus"":255,""lastRejectGain"":0,""lastRejectSaturated"":false},""recovery"":{""wifiReconnectCount"":0,""wifiReconnectFailCount"":0,""mqttReconnectCount"":0,""mqttConnectFailCount"":0,""lastMqttState"":0,""adsRecoveryCount"":0,""adsRecoveryFailCount"":0,""adsReadFailStreak"":0,""lastReason"":""none"",""lastRecoveryMs"":0,""bootRecoveryArmed"":false,""bootRecoveryDueMs"":0,""bootRecoveryReason"":""none"",""bootRecoveryNonAdsFailure"":false,""bootRecoveryRestartCount"":0},""nulling"":{""done"":false,""retryArmed"":false,""attemptCount"":0,""nextRetryMs"":0,""thresholdV"":9.999999747E-06,""minFinalV"":0},""telemetry"":{""valid"":true,""sampleMs"":6578536,""gasClass"":6,""gasName"":""CO2"",""confidence"":0,""alarm"":false,""sensorVoltage"":[0.113960698,0.003923359,0.005031628,-0.002512574,-0.005878512,-0.011816917,-0.019554824,-0.025363943],""sensorGain"":[32,64,64,64,64,64,64,64],""sensorStatus"":[0,0,0,0,0,0,0,0],""featureOrder"":[""MQ8"",""MQ135"",""MQ3"",""MQ5"",""MQ4"",""MQ7"",""MQ6"",""MQ2""]},""alarmLatched"":false}"
2026-08-04 11:10:43.253 +07:00,202.130,HOT_SWEEP_70,70,700,300,1,0,0.114516355,0.0039503,0.005040971,-0.002516045,-0.005894224,-0.011814596,-0.019486677,-0.025292452,"{""deviceId"":""1001"",""nodeId"":4097,""targetChId"":""0010"",""mode"":""inference"",""uptimeMs"":6579590,""debugEnabled"":true,""power"":{""mode"":""24v"",""externalPower"":true,""batteryMv"":65535,""batteryValid"":false,""batteryDetected"":false,""batterySenseStatus"":""not_detected"",""batteryLow"":false,""batteryCritical"":false,""sourceAmbiguous"":false,""serviceHoldActive"":false,""serviceHoldEffective"":false},""batterySession"":{""state"":""inactive"",""startedMs"":0,""stateStartedMs"":0,""validSampleBatches"":0,""requiredSampleBatches"":10,""alarmTxAttempts"":0,""alarmTxAttemptLimit"":3,""alarmAckReceived"":false,""pendingAlarm"":false,""pendingSaveRequired"":false,""persistenceFaultHold"":false,""completionReason"":""session_done""},""bootHealth"":{""adsReady"":true,""adsDrdyLevel"":0,""adsDrdyPulldownLevel"":0,""adsDrdyPullupLevel"":0,""adsMisoPulldownLevel"":0,""adsMisoPullupLevel"":1,""adsCsLevel"":1,""adsSyncLevel"":1,""adsStatus"":54,""adsMux"":15,""adsAdcon"":6,""adsDrate"":240,""adsReason"":""ok"",""tcaOk"":true,""mcpOkCount"":8,""mcpOk"":[true,true,true,true,true,true,true,true],""mcpAddrMask"":[1,1,1,1,1,1,1,1],""mcpControlTested"":true,""mcpControlOkCount"":8,""mcpControlOk"":[true,true,true,true,true,true,true,true],""dacReady"":true,""radioReady"":true,""mlReady"":true,""nullingProfileApplied"":true,""modelProfileReady"":false},""runtimeMcpCode"":[255,519,795,706,799,865,665,139],""model"":{""profileId"":""cnn-dualbranch-datasheet-v1-unbound"",""scalerProfileId"":""cnn-dualbranch-datasheet-v1-unbound"",""productionApproved"":true,""boundNullingProfileId"":8,""activeNullingProfileId"":9,""bindingValid"":true,""bindingModelMatches"":true,""profileReady"":false,""inferenceValid"":false,""sensorFault"":true},""lora"":{""beginState"":0,""lastTxState"":0,""lastTxOk"":false,""txSeq"":0,""txCounter"":0,""aesKeyProvisioned"":true,""aesKeyPresent"":true,""aesKeySource"":""nvs"",""keyId"":1,""lastDownlinkCommandId"":0,""freqMHz"":920,""bwKHz"":125,""sf"":7,""cr"":5,""syncWord"":18,""txPowerDbm"":17,""preamble"":8,""tcxoVoltage"":1.600000024,""xtalVoltage"":0},""dataset"":{""state"":""idle"",""step"":""idle"",""label"":"""",""seq"":0,""targetSamples"":0,""sampleIntervalMs"":500,""maxDurationMs"":0,""useFanIntake"":true,""fanOnMs"":1000,""postFanSettleMs"":0,""nullingProfileId"":9,""queuePending"":0,""queueCapacity"":16,""queueEnqueued"":0,""queueDropped"":0,""publishFailCount"":0,""retryCount"":0,""retryFailCount"":0,""rejectedSamples"":0,""lastRejectReason"":""none"",""lastRejectChannel"":-1,""lastRejectOkFiniteCount"":0,""lastRejectStatus"":255,""lastRejectGain"":0,""lastRejectSaturated"":false},""recovery"":{""wifiReconnectCount"":0,""wifiReconnectFailCount"":0,""mqttReconnectCount"":0,""mqttConnectFailCount"":0,""lastMqttState"":0,""adsRecoveryCount"":0,""adsRecoveryFailCount"":0,""adsReadFailStreak"":0,""lastReason"":""none"",""lastRecoveryMs"":0,""bootRecoveryArmed"":false,""bootRecoveryDueMs"":0,""bootRecoveryReason"":""none"",""bootRecoveryNonAdsFailure"":false,""bootRecoveryRestartCount"":0},""nulling"":{""done"":false,""retryArmed"":false,""attemptCount"":0,""nextRetryMs"":0,""thresholdV"":9.999999747E-06,""minFinalV"":0},""telemetry"":{""valid"":true,""sampleMs"":6579187,""gasClass"":6,""gasName"":""CO2"",""confidence"":0,""alarm"":false,""sensorVoltage"":[0.114516355,0.0039503,0.005040971,-0.002516045,-0.005894224,-0.011814596,-0.019486677,-0.025292452],""sensorGain"":[32,64,64,64,64,64,64,64],""sensorStatus"":[0,0,0,0,0,0,0,0],""featureOrder"":[""MQ8"",""MQ135"",""MQ3"",""MQ5"",""MQ4"",""MQ7"",""MQ6"",""MQ2""]},""alarmLatched"":false}"
2026-08-04 11:10:43.939 +07:00,202.804,HOT_SWEEP_70,70,700,300,1,0,0.114505425,0.00395414,0.005051856,-0.002524257,-0.005921287,-0.011864156,-0.019488545,-0.025292242,"{""deviceId"":""1001"",""nodeId"":4097,""targetChId"":""0010"",""mode"":""inference"",""uptimeMs"":6580278,""debugEnabled"":true,""power"":{""mode"":""24v"",""externalPower"":true,""batteryMv"":65535,""batteryValid"":false,""batteryDetected"":false,""batterySenseStatus"":""not_detected"",""batteryLow"":false,""batteryCritical"":false,""sourceAmbiguous"":false,""serviceHoldActive"":false,""serviceHoldEffective"":false},""batterySession"":{""state"":""inactive"",""startedMs"":0,""stateStartedMs"":0,""validSampleBatches"":0,""requiredSampleBatches"":10,""alarmTxAttempts"":0,""alarmTxAttemptLimit"":3,""alarmAckReceived"":false,""pendingAlarm"":false,""pendingSaveRequired"":false,""persistenceFaultHold"":false,""completionReason"":""session_done""},""bootHealth"":{""adsReady"":true,""adsDrdyLevel"":0,""adsDrdyPulldownLevel"":0,""adsDrdyPullupLevel"":0,""adsMisoPulldownLevel"":0,""adsMisoPullupLevel"":1,""adsCsLevel"":1,""adsSyncLevel"":1,""adsStatus"":54,""adsMux"":15,""adsAdcon"":6,""adsDrate"":240,""adsReason"":""ok"",""tcaOk"":true,""mcpOkCount"":8,""mcpOk"":[true,true,true,true,true,true,true,true],""mcpAddrMask"":[1,1,1,1,1,1,1,1],""mcpControlTested"":true,""mcpControlOkCount"":8,""mcpControlOk"":[true,true,true,true,true,true,true,true],""dacReady"":true,""radioReady"":true,""mlReady"":true,""nullingProfileApplied"":true,""modelProfileReady"":false},""runtimeMcpCode"":[255,519,795,706,799,865,665,139],""model"":{""profileId"":""cnn-dualbranch-datasheet-v1-unbound"",""scalerProfileId"":""cnn-dualbranch-datasheet-v1-unbound"",""productionApproved"":true,""boundNullingProfileId"":8,""activeNullingProfileId"":9,""bindingValid"":true,""bindingModelMatches"":true,""profileReady"":false,""inferenceValid"":false,""sensorFault"":true},""lora"":{""beginState"":0,""lastTxState"":0,""lastTxOk"":false,""txSeq"":0,""txCounter"":0,""aesKeyProvisioned"":true,""aesKeyPresent"":true,""aesKeySource"":""nvs"",""keyId"":1,""lastDownlinkCommandId"":0,""freqMHz"":920,""bwKHz"":125,""sf"":7,""cr"":5,""syncWord"":18,""txPowerDbm"":17,""preamble"":8,""tcxoVoltage"":1.600000024,""xtalVoltage"":0},""dataset"":{""state"":""idle"",""step"":""idle"",""label"":"""",""seq"":0,""targetSamples"":0,""sampleIntervalMs"":500,""maxDurationMs"":0,""useFanIntake"":true,""fanOnMs"":1000,""postFanSettleMs"":0,""nullingProfileId"":9,""queuePending"":0,""queueCapacity"":16,""queueEnqueued"":0,""queueDropped"":0,""publishFailCount"":0,""retryCount"":0,""retryFailCount"":0,""rejectedSamples"":0,""lastRejectReason"":""none"",""lastRejectChannel"":-1,""lastRejectOkFiniteCount"":0,""lastRejectStatus"":255,""lastRejectGain"":0,""lastRejectSaturated"":false},""recovery"":{""wifiReconnectCount"":0,""wifiReconnectFailCount"":0,""mqttReconnectCount"":0,""mqttConnectFailCount"":0,""lastMqttState"":0,""adsRecoveryCount"":0,""adsRecoveryFailCount"":0,""adsReadFailStreak"":0,""lastReason"":""none"",""lastRecoveryMs"":0,""bootRecoveryArmed"":false,""bootRecoveryDueMs"":0,""bootRecoveryReason"":""none"",""bootRecoveryNonAdsFailure"":false,""bootRecoveryRestartCount"":0},""nulling"":{""done"":false,""retryArmed"":false,""attemptCount"":0,""nextRetryMs"":0,""thresholdV"":9.999999747E-06,""minFinalV"":0},""telemetry"":{""valid"":true,""sampleMs"":6579868,""gasClass"":6,""gasName"":""CO2"",""confidence"":0,""alarm"":false,""sensorVoltage"":[0.114505425,0.00395414,0.005051856,-0.002524257,-0.005921287,-0.011864156,-0.019488545,-0.025292242],""sensorGain"":[32,64,64,64,64,64,64,64],""sensorStatus"":[0,0,0,0,0,0,0,0],""featureOrder"":[""MQ8"",""MQ135"",""MQ3"",""MQ5"",""MQ4"",""MQ7"",""MQ6"",""MQ2""]},""alarmLatched"":false}"
2026-08-04 11:10:44.632 +07:00,203.508,HOT_SWEEP_70,70,700,300,1,0,0.11428275,0.003948578,0.005004794,-0.002555263,-0.005741413,-0.011854241,-0.019499216,-0.025261074,"{""deviceId"":""1001"",""nodeId"":4097,""targetChId"":""0010"",""mode"":""inference"",""uptimeMs"":6580968,""debugEnabled"":true,""power"":{""mode"":""24v"",""externalPower"":true,""batteryMv"":65535,""batteryValid"":false,""batteryDetected"":false,""batterySenseStatus"":""not_detected"",""batteryLow"":false,""batteryCritical"":false,""sourceAmbiguous"":false,""serviceHoldActive"":false,""serviceHoldEffective"":false},""batterySession"":{""state"":""inactive"",""startedMs"":0,""stateStartedMs"":0,""validSampleBatches"":0,""requiredSampleBatches"":10,""alarmTxAttempts"":0,""alarmTxAttemptLimit"":3,""alarmAckReceived"":false,""pendingAlarm"":false,""pendingSaveRequired"":false,""persistenceFaultHold"":false,""completionReason"":""session_done""},""bootHealth"":{""adsReady"":true,""adsDrdyLevel"":0,""adsDrdyPulldownLevel"":0,""adsDrdyPullupLevel"":0,""adsMisoPulldownLevel"":0,""adsMisoPullupLevel"":1,""adsCsLevel"":1,""adsSyncLevel"":1,""adsStatus"":54,""adsMux"":15,""adsAdcon"":6,""adsDrate"":240,""adsReason"":""ok"",""tcaOk"":true,""mcpOkCount"":8,""mcpOk"":[true,true,true,true,true,true,true,true],""mcpAddrMask"":[1,1,1,1,1,1,1,1],""mcpControlTested"":true,""mcpControlOkCount"":8,""mcpControlOk"":[true,true,true,true,true,true,true,true],""dacReady"":true,""radioReady"":true,""mlReady"":true,""nullingProfileApplied"":true,""modelProfileReady"":false},""runtimeMcpCode"":[255,519,795,706,799,865,665,139],""model"":{""profileId"":""cnn-dualbranch-datasheet-v1-unbound"",""scalerProfileId"":""cnn-dualbranch-datasheet-v1-unbound"",""productionApproved"":true,""boundNullingProfileId"":8,""activeNullingProfileId"":9,""bindingValid"":true,""bindingModelMatches"":true,""profileReady"":false,""inferenceValid"":false,""sensorFault"":true},""lora"":{""beginState"":0,""lastTxState"":0,""lastTxOk"":false,""txSeq"":0,""txCounter"":0,""aesKeyProvisioned"":true,""aesKeyPresent"":true,""aesKeySource"":""nvs"",""keyId"":1,""lastDownlinkCommandId"":0,""freqMHz"":920,""bwKHz"":125,""sf"":7,""cr"":5,""syncWord"":18,""txPowerDbm"":17,""preamble"":8,""tcxoVoltage"":1.600000024,""xtalVoltage"":0},""dataset"":{""state"":""idle"",""step"":""idle"",""label"":"""",""seq"":0,""targetSamples"":0,""sampleIntervalMs"":500,""maxDurationMs"":0,""useFanIntake"":true,""fanOnMs"":1000,""postFanSettleMs"":0,""nullingProfileId"":9,""queuePending"":0,""queueCapacity"":16,""queueEnqueued"":0,""queueDropped"":0,""publishFailCount"":0,""retryCount"":0,""retryFailCount"":0,""rejectedSamples"":0,""lastRejectReason"":""none"",""lastRejectChannel"":-1,""lastRejectOkFiniteCount"":0,""lastRejectStatus"":255,""lastRejectGain"":0,""lastRejectSaturated"":false},""recovery"":{""wifiReconnectCount"":0,""wifiReconnectFailCount"":0,""mqttReconnectCount"":0,""mqttConnectFailCount"":0,""lastMqttState"":0,""adsRecoveryCount"":0,""adsRecoveryFailCount"":0,""adsReadFailStreak"":0,""lastReason"":""none"",""lastRecoveryMs"":0,""bootRecoveryArmed"":false,""bootRecoveryDueMs"":0,""bootRecoveryReason"":""none"",""bootRecoveryNonAdsFailure"":false,""bootRecoveryRestartCount"":0},""nulling"":{""done"":false,""retryArmed"":false,""attemptCount"":0,""nextRetryMs"":0,""thresholdV"":9.999999747E-06,""minFinalV"":0},""telemetry"":{""valid"":true,""sampleMs"":6580588,""gasClass"":6,""gasName"":""CO2"",""confidence"":0,""alarm"":false,""sensorVoltage"":[0.11428275,0.003948578,0.005004794,-0.002555263,-0.005741413,-0.011854241,-0.019499216,-0.025261074],""sensorGain"":[32,64,64,64,64,64,64,64],""sensorStatus"":[0,0,0,0,0,0,0,0],""featureOrder"":[""MQ8"",""MQ135"",""MQ3"",""MQ5"",""MQ4"",""MQ7"",""MQ6"",""MQ2""]},""alarmLatched"":false}"
2026-08-04 11:10:45.313 +07:00,204.194,HOT_SWEEP_70,70,700,300,1,0,0.114180401,0.003952227,0.00496695,-0.002566522,-0.005716702,-0.011863527,-0.019527096,-0.02523219,"{""deviceId"":""1001"",""nodeId"":4097,""targetChId"":""0010"",""mode"":""inference"",""uptimeMs"":6581652,""debugEnabled"":true,""power"":{""mode"":""24v"",""externalPower"":true,""batteryMv"":65535,""batteryValid"":false,""batteryDetected"":false,""batterySenseStatus"":""not_detected"",""batteryLow"":false,""batteryCritical"":false,""sourceAmbiguous"":false,""serviceHoldActive"":false,""serviceHoldEffective"":false},""batterySession"":{""state"":""inactive"",""startedMs"":0,""stateStartedMs"":0,""validSampleBatches"":0,""requiredSampleBatches"":10,""alarmTxAttempts"":0,""alarmTxAttemptLimit"":3,""alarmAckReceived"":false,""pendingAlarm"":false,""pendingSaveRequired"":false,""persistenceFaultHold"":false,""completionReason"":""session_done""},""bootHealth"":{""adsReady"":true,""adsDrdyLevel"":0,""adsDrdyPulldownLevel"":0,""adsDrdyPullupLevel"":0,""adsMisoPulldownLevel"":0,""adsMisoPullupLevel"":1,""adsCsLevel"":1,""adsSyncLevel"":1,""adsStatus"":54,""adsMux"":15,""adsAdcon"":6,""adsDrate"":240,""adsReason"":""ok"",""tcaOk"":true,""mcpOkCount"":8,""mcpOk"":[true,true,true,true,true,true,true,true],""mcpAddrMask"":[1,1,1,1,1,1,1,1],""mcpControlTested"":true,""mcpControlOkCount"":8,""mcpControlOk"":[true,true,true,true,true,true,true,true],""dacReady"":true,""radioReady"":true,""mlReady"":true,""nullingProfileApplied"":true,""modelProfileReady"":false},""runtimeMcpCode"":[255,519,795,706,799,865,665,139],""model"":{""profileId"":""cnn-dualbranch-datasheet-v1-unbound"",""scalerProfileId"":""cnn-dualbranch-datasheet-v1-unbound"",""productionApproved"":true,""boundNullingProfileId"":8,""activeNullingProfileId"":9,""bindingValid"":true,""bindingModelMatches"":true,""profileReady"":false,""inferenceValid"":false,""sensorFault"":true},""lora"":{""beginState"":0,""lastTxState"":0,""lastTxOk"":false,""txSeq"":0,""txCounter"":0,""aesKeyProvisioned"":true,""aesKeyPresent"":true,""aesKeySource"":""nvs"",""keyId"":1,""lastDownlinkCommandId"":0,""freqMHz"":920,""bwKHz"":125,""sf"":7,""cr"":5,""syncWord"":18,""txPowerDbm"":17,""preamble"":8,""tcxoVoltage"":1.600000024,""xtalVoltage"":0},""dataset"":{""state"":""idle"",""step"":""idle"",""label"":"""",""seq"":0,""targetSamples"":0,""sampleIntervalMs"":500,""maxDurationMs"":0,""useFanIntake"":true,""fanOnMs"":1000,""postFanSettleMs"":0,""nullingProfileId"":9,""queuePending"":0,""queueCapacity"":16,""queueEnqueued"":0,""queueDropped"":0,""publishFailCount"":0,""retryCount"":0,""retryFailCount"":0,""rejectedSamples"":0,""lastRejectReason"":""none"",""lastRejectChannel"":-1,""lastRejectOkFiniteCount"":0,""lastRejectStatus"":255,""lastRejectGain"":0,""lastRejectSaturated"":false},""recovery"":{""wifiReconnectCount"":0,""wifiReconnectFailCount"":0,""mqttReconnectCount"":0,""mqttConnectFailCount"":0,""lastMqttState"":0,""adsRecoveryCount"":0,""adsRecoveryFailCount"":0,""adsReadFailStreak"":0,""lastReason"":""none"",""lastRecoveryMs"":0,""bootRecoveryArmed"":false,""bootRecoveryDueMs"":0,""bootRecoveryReason"":""none"",""bootRecoveryNonAdsFailure"":false,""bootRecoveryRestartCount"":0},""nulling"":{""done"":false,""retryArmed"":false,""attemptCount"":0,""nextRetryMs"":0,""thresholdV"":9.999999747E-06,""minFinalV"":0},""telemetry"":{""valid"":true,""sampleMs"":6581246,""gasClass"":6,""gasName"":""CO2"",""confidence"":0,""alarm"":false,""sensorVoltage"":[0.114180401,0.003952227,0.00496695,-0.002566522,-0.005716702,-0.011863527,-0.019527096,-0.02523219],""sensorGain"":[32,64,64,64,64,64,64,64],""sensorStatus"":[0,0,0,0,0,0,0,0],""featureOrder"":[""MQ8"",""MQ135"",""MQ3"",""MQ5"",""MQ4"",""MQ7"",""MQ6"",""MQ2""]},""alarmLatched"":false}"
2026-08-04 11:10:45.996 +07:00,204.877,HOT_SWEEP_70,70,700,300,1,0,0.114923202,0.003962847,0.00495004,-0.002519673,-0.007015663,-0.011597333,-0.019168992,-0.024760079,"{""deviceId"":""1001"",""nodeId"":4097,""targetChId"":""0010"",""mode"":""inference"",""uptimeMs"":6582342,""debugEnabled"":true,""power"":{""mode"":""24v"",""externalPower"":true,""batteryMv"":65535,""batteryValid"":false,""batteryDetected"":false,""batterySenseStatus"":""not_detected"",""batteryLow"":false,""batteryCritical"":false,""sourceAmbiguous"":false,""serviceHoldActive"":false,""serviceHoldEffective"":false},""batterySession"":{""state"":""inactive"",""startedMs"":0,""stateStartedMs"":0,""validSampleBatches"":0,""requiredSampleBatches"":10,""alarmTxAttempts"":0,""alarmTxAttemptLimit"":3,""alarmAckReceived"":false,""pendingAlarm"":false,""pendingSaveRequired"":false,""persistenceFaultHold"":false,""completionReason"":""session_done""},""bootHealth"":{""adsReady"":true,""adsDrdyLevel"":0,""adsDrdyPulldownLevel"":0,""adsDrdyPullupLevel"":0,""adsMisoPulldownLevel"":0,""adsMisoPullupLevel"":1,""adsCsLevel"":1,""adsSyncLevel"":1,""adsStatus"":54,""adsMux"":15,""adsAdcon"":6,""adsDrate"":240,""adsReason"":""ok"",""tcaOk"":true,""mcpOkCount"":8,""mcpOk"":[true,true,true,true,true,true,true,true],""mcpAddrMask"":[1,1,1,1,1,1,1,1],""mcpControlTested"":true,""mcpControlOkCount"":8,""mcpControlOk"":[true,true,true,true,true,true,true,true],""dacReady"":true,""radioReady"":true,""mlReady"":true,""nullingProfileApplied"":true,""modelProfileReady"":false},""runtimeMcpCode"":[255,519,795,706,799,865,665,139],""model"":{""profileId"":""cnn-dualbranch-datasheet-v1-unbound"",""scalerProfileId"":""cnn-dualbranch-datasheet-v1-unbound"",""productionApproved"":true,""boundNullingProfileId"":8,""activeNullingProfileId"":9,""bindingValid"":true,""bindingModelMatches"":true,""profileReady"":false,""inferenceValid"":false,""sensorFault"":true},""lora"":{""beginState"":0,""lastTxState"":0,""lastTxOk"":false,""txSeq"":0,""txCounter"":0,""aesKeyProvisioned"":true,""aesKeyPresent"":true,""aesKeySource"":""nvs"",""keyId"":1,""lastDownlinkCommandId"":0,""freqMHz"":920,""bwKHz"":125,""sf"":7,""cr"":5,""syncWord"":18,""txPowerDbm"":17,""preamble"":8,""tcxoVoltage"":1.600000024,""xtalVoltage"":0},""dataset"":{""state"":""idle"",""step"":""idle"",""label"":"""",""seq"":0,""targetSamples"":0,""sampleIntervalMs"":500,""maxDurationMs"":0,""useFanIntake"":true,""fanOnMs"":1000,""postFanSettleMs"":0,""nullingProfileId"":9,""queuePending"":0,""queueCapacity"":16,""queueEnqueued"":0,""queueDropped"":0,""publishFailCount"":0,""retryCount"":0,""retryFailCount"":0,""rejectedSamples"":0,""lastRejectReason"":""none"",""lastRejectChannel"":-1,""lastRejectOkFiniteCount"":0,""lastRejectStatus"":255,""lastRejectGain"":0,""lastRejectSaturated"":false},""recovery"":{""wifiReconnectCount"":0,""wifiReconnectFailCount"":0,""mqttReconnectCount"":0,""mqttConnectFailCount"":0,""lastMqttState"":0,""adsRecoveryCount"":0,""adsRecoveryFailCount"":0,""adsReadFailStreak"":0,""lastReason"":""none"",""lastRecoveryMs"":0,""bootRecoveryArmed"":false,""bootRecoveryDueMs"":0,""bootRecoveryReason"":""none"",""bootRecoveryNonAdsFailure"":false,""bootRecoveryRestartCount"":0},""nulling"":{""done"":false,""retryArmed"":false,""attemptCount"":0,""nextRetryMs"":0,""thresholdV"":9.999999747E-06,""minFinalV"":0},""telemetry"":{""valid"":true,""sampleMs"":6581930,""gasClass"":6,""gasName"":""CO2"",""confidence"":0,""alarm"":false,""sensorVoltage"":[0.114923202,0.003962847,0.00495004,-0.002519673,-0.007015663,-0.011597333,-0.019168992,-0.024760079],""sensorGain"":[32,64,64,64,64,64,64,64],""sensorStatus"":[0,0,0,0,0,0,0,0],""featureOrder"":[""MQ8"",""MQ135"",""MQ3"",""MQ5"",""MQ4"",""MQ7"",""MQ6"",""MQ2""]},""alarmLatched"":false}"
2026-08-04 11:10:46.684 +07:00,205.565,HOT_SWEEP_70,70,700,300,1,0,0.114593767,0.003988757,0.004981321,-0.002511729,-0.006998383,-0.011590669,-0.019471787,-0.025200943,"{""deviceId"":""1001"",""nodeId"":4097,""targetChId"":""0010"",""mode"":""inference"",""uptimeMs"":6583025,""debugEnabled"":true,""power"":{""mode"":""24v"",""externalPower"":true,""batteryMv"":65535,""batteryValid"":false,""batteryDetected"":false,""batterySenseStatus"":""not_detected"",""batteryLow"":false,""batteryCritical"":false,""sourceAmbiguous"":false,""serviceHoldActive"":false,""serviceHoldEffective"":false},""batterySession"":{""state"":""inactive"",""startedMs"":0,""stateStartedMs"":0,""validSampleBatches"":0,""requiredSampleBatches"":10,""alarmTxAttempts"":0,""alarmTxAttemptLimit"":3,""alarmAckReceived"":false,""pendingAlarm"":false,""pendingSaveRequired"":false,""persistenceFaultHold"":false,""completionReason"":""session_done""},""bootHealth"":{""adsReady"":true,""adsDrdyLevel"":0,""adsDrdyPulldownLevel"":0,""adsDrdyPullupLevel"":0,""adsMisoPulldownLevel"":0,""adsMisoPullupLevel"":1,""adsCsLevel"":1,""adsSyncLevel"":1,""adsStatus"":54,""adsMux"":15,""adsAdcon"":6,""adsDrate"":240,""adsReason"":""ok"",""tcaOk"":true,""mcpOkCount"":8,""mcpOk"":[true,true,true,true,true,true,true,true],""mcpAddrMask"":[1,1,1,1,1,1,1,1],""mcpControlTested"":true,""mcpControlOkCount"":8,""mcpControlOk"":[true,true,true,true,true,true,true,true],""dacReady"":true,""radioReady"":true,""mlReady"":true,""nullingProfileApplied"":true,""modelProfileReady"":false},""runtimeMcpCode"":[255,519,795,706,799,865,665,139],""model"":{""profileId"":""cnn-dualbranch-datasheet-v1-unbound"",""scalerProfileId"":""cnn-dualbranch-datasheet-v1-unbound"",""productionApproved"":true,""boundNullingProfileId"":8,""activeNullingProfileId"":9,""bindingValid"":true,""bindingModelMatches"":true,""profileReady"":false,""inferenceValid"":false,""sensorFault"":true},""lora"":{""beginState"":0,""lastTxState"":0,""lastTxOk"":false,""txSeq"":0,""txCounter"":0,""aesKeyProvisioned"":true,""aesKeyPresent"":true,""aesKeySource"":""nvs"",""keyId"":1,""lastDownlinkCommandId"":0,""freqMHz"":920,""bwKHz"":125,""sf"":7,""cr"":5,""syncWord"":18,""txPowerDbm"":17,""preamble"":8,""tcxoVoltage"":1.600000024,""xtalVoltage"":0},""dataset"":{""state"":""idle"",""step"":""idle"",""label"":"""",""seq"":0,""targetSamples"":0,""sampleIntervalMs"":500,""maxDurationMs"":0,""useFanIntake"":true,""fanOnMs"":1000,""postFanSettleMs"":0,""nullingProfileId"":9,""queuePending"":0,""queueCapacity"":16,""queueEnqueued"":0,""queueDropped"":0,""publishFailCount"":0,""retryCount"":0,""retryFailCount"":0,""rejectedSamples"":0,""lastRejectReason"":""none"",""lastRejectChannel"":-1,""lastRejectOkFiniteCount"":0,""lastRejectStatus"":255,""lastRejectGain"":0,""lastRejectSaturated"":false},""recovery"":{""wifiReconnectCount"":0,""wifiReconnectFailCount"":0,""mqttReconnectCount"":0,""mqttConnectFailCount"":0,""lastMqttState"":0,""adsRecoveryCount"":0,""adsRecoveryFailCount"":0,""adsReadFailStreak"":0,""lastReason"":""none"",""lastRecoveryMs"":0,""bootRecoveryArmed"":false,""bootRecoveryDueMs"":0,""bootRecoveryReason"":""none"",""bootRecoveryNonAdsFailure"":false,""bootRecoveryRestartCount"":0},""nulling"":{""done"":false,""retryArmed"":false,""attemptCount"":0,""nextRetryMs"":0,""thresholdV"":9.999999747E-06,""minFinalV"":0},""telemetry"":{""valid"":true,""sampleMs"":6582652,""gasClass"":6,""gasName"":""CO2"",""confidence"":0,""alarm"":false,""sensorVoltage"":[0.114593767,0.003988757,0.004981321,-0.002511729,-0.006998383,-0.011590669,-0.019471787,-0.025200943],""sensorGain"":[32,64,64,64,64,64,64,64],""sensorStatus"":[0,0,0,0,0,0,0,0],""featureOrder"":[""MQ8"",""MQ135"",""MQ3"",""MQ5"",""MQ4"",""MQ7"",""MQ6"",""MQ2""]},""alarmLatched"":false}"
2026-08-04 11:10:47.381 +07:00,206.262,HOT_SWEEP_70,70,700,300,1,0,0.114167951,0.003989811,0.004996567,-0.00250731,-0.006985201,-0.011597392,-0.019462576,-0.025168603,"{""deviceId"":""1001"",""nodeId"":4097,""targetChId"":""0010"",""mode"":""inference"",""uptimeMs"":6583726,""debugEnabled"":true,""power"":{""mode"":""24v"",""externalPower"":true,""batteryMv"":65535,""batteryValid"":false,""batteryDetected"":false,""batterySenseStatus"":""not_detected"",""batteryLow"":false,""batteryCritical"":false,""sourceAmbiguous"":false,""serviceHoldActive"":false,""serviceHoldEffective"":false},""batterySession"":{""state"":""inactive"",""startedMs"":0,""stateStartedMs"":0,""validSampleBatches"":0,""requiredSampleBatches"":10,""alarmTxAttempts"":0,""alarmTxAttemptLimit"":3,""alarmAckReceived"":false,""pendingAlarm"":false,""pendingSaveRequired"":false,""persistenceFaultHold"":false,""completionReason"":""session_done""},""bootHealth"":{""adsReady"":true,""adsDrdyLevel"":0,""adsDrdyPulldownLevel"":0,""adsDrdyPullupLevel"":0,""adsMisoPulldownLevel"":0,""adsMisoPullupLevel"":1,""adsCsLevel"":1,""adsSyncLevel"":1,""adsStatus"":54,""adsMux"":15,""adsAdcon"":6,""adsDrate"":240,""adsReason"":""ok"",""tcaOk"":true,""mcpOkCount"":8,""mcpOk"":[true,true,true,true,true,true,true,true],""mcpAddrMask"":[1,1,1,1,1,1,1,1],""mcpControlTested"":true,""mcpControlOkCount"":8,""mcpControlOk"":[true,true,true,true,true,true,true,true],""dacReady"":true,""radioReady"":true,""mlReady"":true,""nullingProfileApplied"":true,""modelProfileReady"":false},""runtimeMcpCode"":[255,519,795,706,799,865,665,139],""model"":{""profileId"":""cnn-dualbranch-datasheet-v1-unbound"",""scalerProfileId"":""cnn-dualbranch-datasheet-v1-unbound"",""productionApproved"":true,""boundNullingProfileId"":8,""activeNullingProfileId"":9,""bindingValid"":true,""bindingModelMatches"":true,""profileReady"":false,""inferenceValid"":false,""sensorFault"":true},""lora"":{""beginState"":0,""lastTxState"":0,""lastTxOk"":false,""txSeq"":0,""txCounter"":0,""aesKeyProvisioned"":true,""aesKeyPresent"":true,""aesKeySource"":""nvs"",""keyId"":1,""lastDownlinkCommandId"":0,""freqMHz"":920,""bwKHz"":125,""sf"":7,""cr"":5,""syncWord"":18,""txPowerDbm"":17,""preamble"":8,""tcxoVoltage"":1.600000024,""xtalVoltage"":0},""dataset"":{""state"":""idle"",""step"":""idle"",""label"":"""",""seq"":0,""targetSamples"":0,""sampleIntervalMs"":500,""maxDurationMs"":0,""useFanIntake"":true,""fanOnMs"":1000,""postFanSettleMs"":0,""nullingProfileId"":9,""queuePending"":0,""queueCapacity"":16,""queueEnqueued"":0,""queueDropped"":0,""publishFailCount"":0,""retryCount"":0,""retryFailCount"":0,""rejectedSamples"":0,""lastRejectReason"":""none"",""lastRejectChannel"":-1,""lastRejectOkFiniteCount"":0,""lastRejectStatus"":255,""lastRejectGain"":0,""lastRejectSaturated"":false},""recovery"":{""wifiReconnectCount"":0,""wifiReconnectFailCount"":0,""mqttReconnectCount"":0,""mqttConnectFailCount"":0,""lastMqttState"":0,""adsRecoveryCount"":0,""adsRecoveryFailCount"":0,""adsReadFailStreak"":0,""lastReason"":""none"",""lastRecoveryMs"":0,""bootRecoveryArmed"":false,""bootRecoveryDueMs"":0,""bootRecoveryReason"":""none"",""bootRecoveryNonAdsFailure"":false,""bootRecoveryRestartCount"":0},""nulling"":{""done"":false,""retryArmed"":false,""attemptCount"":0,""nextRetryMs"":0,""thresholdV"":9.999999747E-06,""minFinalV"":0},""telemetry"":{""valid"":true,""sampleMs"":6583303,""gasClass"":6,""gasName"":""CO2"",""confidence"":0,""alarm"":false,""sensorVoltage"":[0.114167951,0.003989811,0.004996567,-0.00250731,-0.006985201,-0.011597392,-0.019462576,-0.025168603],""sensorGain"":[32,64,64,64,64,64,64,64],""sensorStatus"":[0,0,0,0,0,0,0,0],""featureOrder"":[""MQ8"",""MQ135"",""MQ3"",""MQ5"",""MQ4"",""MQ7"",""MQ6"",""MQ2""]},""alarmLatched"":false}"
2026-08-04 11:10:48.073 +07:00,206.942,HOT_SWEEP_70,70,700,300,1,0,0.115463808,0.00398172,0.004962104,-0.002536471,-0.006742891,-0.011434771,-0.019080741,-0.024731083,"{""deviceId"":""1001"",""nodeId"":4097,""targetChId"":""0010"",""mode"":""inference"",""uptimeMs"":6584411,""debugEnabled"":true,""power"":{""mode"":""24v"",""externalPower"":true,""batteryMv"":65535,""batteryValid"":false,""batteryDetected"":false,""batterySenseStatus"":""not_detected"",""batteryLow"":false,""batteryCritical"":false,""sourceAmbiguous"":false,""serviceHoldActive"":false,""serviceHoldEffective"":false},""batterySession"":{""state"":""inactive"",""startedMs"":0,""stateStartedMs"":0,""validSampleBatches"":0,""requiredSampleBatches"":10,""alarmTxAttempts"":0,""alarmTxAttemptLimit"":3,""alarmAckReceived"":false,""pendingAlarm"":false,""pendingSaveRequired"":false,""persistenceFaultHold"":false,""completionReason"":""session_done""},""bootHealth"":{""adsReady"":true,""adsDrdyLevel"":0,""adsDrdyPulldownLevel"":0,""adsDrdyPullupLevel"":0,""adsMisoPulldownLevel"":0,""adsMisoPullupLevel"":1,""adsCsLevel"":1,""adsSyncLevel"":1,""adsStatus"":54,""adsMux"":15,""adsAdcon"":6,""adsDrate"":240,""adsReason"":""ok"",""tcaOk"":true,""mcpOkCount"":8,""mcpOk"":[true,true,true,true,true,true,true,true],""mcpAddrMask"":[1,1,1,1,1,1,1,1],""mcpControlTested"":true,""mcpControlOkCount"":8,""mcpControlOk"":[true,true,true,true,true,true,true,true],""dacReady"":true,""radioReady"":true,""mlReady"":true,""nullingProfileApplied"":true,""modelProfileReady"":false},""runtimeMcpCode"":[255,519,795,706,799,865,665,139],""model"":{""profileId"":""cnn-dualbranch-datasheet-v1-unbound"",""scalerProfileId"":""cnn-dualbranch-datasheet-v1-unbound"",""productionApproved"":true,""boundNullingProfileId"":8,""activeNullingProfileId"":9,""bindingValid"":true,""bindingModelMatches"":true,""profileReady"":false,""inferenceValid"":false,""sensorFault"":true},""lora"":{""beginState"":0,""lastTxState"":0,""lastTxOk"":false,""txSeq"":0,""txCounter"":0,""aesKeyProvisioned"":true,""aesKeyPresent"":true,""aesKeySource"":""nvs"",""keyId"":1,""lastDownlinkCommandId"":0,""freqMHz"":920,""bwKHz"":125,""sf"":7,""cr"":5,""syncWord"":18,""txPowerDbm"":17,""preamble"":8,""tcxoVoltage"":1.600000024,""xtalVoltage"":0},""dataset"":{""state"":""idle"",""step"":""idle"",""label"":"""",""seq"":0,""targetSamples"":0,""sampleIntervalMs"":500,""maxDurationMs"":0,""useFanIntake"":true,""fanOnMs"":1000,""postFanSettleMs"":0,""nullingProfileId"":9,""queuePending"":0,""queueCapacity"":16,""queueEnqueued"":0,""queueDropped"":0,""publishFailCount"":0,""retryCount"":0,""retryFailCount"":0,""rejectedSamples"":0,""lastRejectReason"":""none"",""lastRejectChannel"":-1,""lastRejectOkFiniteCount"":0,""lastRejectStatus"":255,""lastRejectGain"":0,""lastRejectSaturated"":false},""recovery"":{""wifiReconnectCount"":0,""wifiReconnectFailCount"":0,""mqttReconnectCount"":0,""mqttConnectFailCount"":0,""lastMqttState"":0,""adsRecoveryCount"":0,""adsRecoveryFailCount"":0,""adsReadFailStreak"":0,""lastReason"":""none"",""lastRecoveryMs"":0,""bootRecoveryArmed"":false,""bootRecoveryDueMs"":0,""bootRecoveryReason"":""none"",""bootRecoveryNonAdsFailure"":false,""bootRecoveryRestartCount"":0},""nulling"":{""done"":false,""retryArmed"":false,""attemptCount"":0,""nextRetryMs"":0,""thresholdV"":9.999999747E-06,""minFinalV"":0},""telemetry"":{""valid"":true,""sampleMs"":6584004,""gasClass"":6,""gasName"":""CO2"",""confidence"":0,""alarm"":false,""sensorVoltage"":[0.115463808,0.00398172,0.004962104,-0.002536471,-0.006742891,-0.011434771,-0.019080741,-0.024731083],""sensorGain"":[32,64,64,64,64,64,64,64],""sensorStatus"":[0,0,0,0,0,0,0,0],""featureOrder"":[""MQ8"",""MQ135"",""MQ3"",""MQ5"",""MQ4"",""MQ7"",""MQ6"",""MQ2""]},""alarmLatched"":false}"
2026-08-04 11:10:48.748 +07:00,207.629,HOT_SWEEP_70,70,700,300,1,0,0.115375862,0.003978904,0.004963933,-0.00257203,-0.006668663,-0.011750067,-0.019517312,-0.02474058,"{""deviceId"":""1001"",""nodeId"":4097,""targetChId"":""0010"",""mode"":""inference"",""uptimeMs"":6585091,""debugEnabled"":true,""power"":{""mode"":""24v"",""externalPower"":true,""batteryMv"":65535,""batteryValid"":false,""batteryDetected"":false,""batterySenseStatus"":""not_detected"",""batteryLow"":false,""batteryCritical"":false,""sourceAmbiguous"":false,""serviceHoldActive"":false,""serviceHoldEffective"":false},""batterySession"":{""state"":""inactive"",""startedMs"":0,""stateStartedMs"":0,""validSampleBatches"":0,""requiredSampleBatches"":10,""alarmTxAttempts"":0,""alarmTxAttemptLimit"":3,""alarmAckReceived"":false,""pendingAlarm"":false,""pendingSaveRequired"":false,""persistenceFaultHold"":false,""completionReason"":""session_done""},""bootHealth"":{""adsReady"":true,""adsDrdyLevel"":0,""adsDrdyPulldownLevel"":0,""adsDrdyPullupLevel"":0,""adsMisoPulldownLevel"":0,""adsMisoPullupLevel"":1,""adsCsLevel"":1,""adsSyncLevel"":1,""adsStatus"":54,""adsMux"":15,""adsAdcon"":6,""adsDrate"":240,""adsReason"":""ok"",""tcaOk"":true,""mcpOkCount"":8,""mcpOk"":[true,true,true,true,true,true,true,true],""mcpAddrMask"":[1,1,1,1,1,1,1,1],""mcpControlTested"":true,""mcpControlOkCount"":8,""mcpControlOk"":[true,true,true,true,true,true,true,true],""dacReady"":true,""radioReady"":true,""mlReady"":true,""nullingProfileApplied"":true,""modelProfileReady"":false},""runtimeMcpCode"":[255,519,795,706,799,865,665,139],""model"":{""profileId"":""cnn-dualbranch-datasheet-v1-unbound"",""scalerProfileId"":""cnn-dualbranch-datasheet-v1-unbound"",""productionApproved"":true,""boundNullingProfileId"":8,""activeNullingProfileId"":9,""bindingValid"":true,""bindingModelMatches"":true,""profileReady"":false,""inferenceValid"":false,""sensorFault"":true},""lora"":{""beginState"":0,""lastTxState"":0,""lastTxOk"":false,""txSeq"":0,""txCounter"":0,""aesKeyProvisioned"":true,""aesKeyPresent"":true,""aesKeySource"":""nvs"",""keyId"":1,""lastDownlinkCommandId"":0,""freqMHz"":920,""bwKHz"":125,""sf"":7,""cr"":5,""syncWord"":18,""txPowerDbm"":17,""preamble"":8,""tcxoVoltage"":1.600000024,""xtalVoltage"":0},""dataset"":{""state"":""idle"",""step"":""idle"",""label"":"""",""seq"":0,""targetSamples"":0,""sampleIntervalMs"":500,""maxDurationMs"":0,""useFanIntake"":true,""fanOnMs"":1000,""postFanSettleMs"":0,""nullingProfileId"":9,""queuePending"":0,""queueCapacity"":16,""queueEnqueued"":0,""queueDropped"":0,""publishFailCount"":0,""retryCount"":0,""retryFailCount"":0,""rejectedSamples"":0,""lastRejectReason"":""none"",""lastRejectChannel"":-1,""lastRejectOkFiniteCount"":0,""lastRejectStatus"":255,""lastRejectGain"":0,""lastRejectSaturated"":false},""recovery"":{""wifiReconnectCount"":0,""wifiReconnectFailCount"":0,""mqttReconnectCount"":0,""mqttConnectFailCount"":0,""lastMqttState"":0,""adsRecoveryCount"":0,""adsRecoveryFailCount"":0,""adsReadFailStreak"":0,""lastReason"":""none"",""lastRecoveryMs"":0,""bootRecoveryArmed"":false,""bootRecoveryDueMs"":0,""bootRecoveryReason"":""none"",""bootRecoveryNonAdsFailure"":false,""bootRecoveryRestartCount"":0},""nulling"":{""done"":false,""retryArmed"":false,""attemptCount"":0,""nextRetryMs"":0,""thresholdV"":9.999999747E-06,""minFinalV"":0},""telemetry"":{""valid"":true,""sampleMs"":6584721,""gasClass"":6,""gasName"":""CO2"",""confidence"":0,""alarm"":false,""sensorVoltage"":[0.115375862,0.003978904,0.004963933,-0.00257203,-0.006668663,-0.011750067,-0.019517312,-0.02474058],""sensorGain"":[32,64,64,64,64,64,64,64],""sensorStatus"":[0,0,0,0,0,0,0,0],""featureOrder"":[""MQ8"",""MQ135"",""MQ3"",""MQ5"",""MQ4"",""MQ7"",""MQ6"",""MQ2""]},""alarmLatched"":false}"
2026-08-04 11:10:49.430 +07:00,208.311,HOT_SWEEP_70,70,700,300,1,0,0.114927053,0.003983337,0.004943522,-0.002565238,-0.006687163,-0.011768756,-0.019570565,-0.024766369,"{""deviceId"":""1001"",""nodeId"":4097,""targetChId"":""0010"",""mode"":""inference"",""uptimeMs"":6585775,""debugEnabled"":true,""power"":{""mode"":""24v"",""externalPower"":true,""batteryMv"":65535,""batteryValid"":false,""batteryDetected"":false,""batterySenseStatus"":""not_detected"",""batteryLow"":false,""batteryCritical"":false,""sourceAmbiguous"":false,""serviceHoldActive"":false,""serviceHoldEffective"":false},""batterySession"":{""state"":""inactive"",""startedMs"":0,""stateStartedMs"":0,""validSampleBatches"":0,""requiredSampleBatches"":10,""alarmTxAttempts"":0,""alarmTxAttemptLimit"":3,""alarmAckReceived"":false,""pendingAlarm"":false,""pendingSaveRequired"":false,""persistenceFaultHold"":false,""completionReason"":""session_done""},""bootHealth"":{""adsReady"":true,""adsDrdyLevel"":0,""adsDrdyPulldownLevel"":0,""adsDrdyPullupLevel"":0,""adsMisoPulldownLevel"":0,""adsMisoPullupLevel"":1,""adsCsLevel"":1,""adsSyncLevel"":1,""adsStatus"":54,""adsMux"":15,""adsAdcon"":6,""adsDrate"":240,""adsReason"":""ok"",""tcaOk"":true,""mcpOkCount"":8,""mcpOk"":[true,true,true,true,true,true,true,true],""mcpAddrMask"":[1,1,1,1,1,1,1,1],""mcpControlTested"":true,""mcpControlOkCount"":8,""mcpControlOk"":[true,true,true,true,true,true,true,true],""dacReady"":true,""radioReady"":true,""mlReady"":true,""nullingProfileApplied"":true,""modelProfileReady"":false},""runtimeMcpCode"":[255,519,795,706,799,865,665,139],""model"":{""profileId"":""cnn-dualbranch-datasheet-v1-unbound"",""scalerProfileId"":""cnn-dualbranch-datasheet-v1-unbound"",""productionApproved"":true,""boundNullingProfileId"":8,""activeNullingProfileId"":9,""bindingValid"":true,""bindingModelMatches"":true,""profileReady"":false,""inferenceValid"":false,""sensorFault"":true},""lora"":{""beginState"":0,""lastTxState"":0,""lastTxOk"":false,""txSeq"":0,""txCounter"":0,""aesKeyProvisioned"":true,""aesKeyPresent"":true,""aesKeySource"":""nvs"",""keyId"":1,""lastDownlinkCommandId"":0,""freqMHz"":920,""bwKHz"":125,""sf"":7,""cr"":5,""syncWord"":18,""txPowerDbm"":17,""preamble"":8,""tcxoVoltage"":1.600000024,""xtalVoltage"":0},""dataset"":{""state"":""idle"",""step"":""idle"",""label"":"""",""seq"":0,""targetSamples"":0,""sampleIntervalMs"":500,""maxDurationMs"":0,""useFanIntake"":true,""fanOnMs"":1000,""postFanSettleMs"":0,""nullingProfileId"":9,""queuePending"":0,""queueCapacity"":16,""queueEnqueued"":0,""queueDropped"":0,""publishFailCount"":0,""retryCount"":0,""retryFailCount"":0,""rejectedSamples"":0,""lastRejectReason"":""none"",""lastRejectChannel"":-1,""lastRejectOkFiniteCount"":0,""lastRejectStatus"":255,""lastRejectGain"":0,""lastRejectSaturated"":false},""recovery"":{""wifiReconnectCount"":0,""wifiReconnectFailCount"":0,""mqttReconnectCount"":0,""mqttConnectFailCount"":0,""lastMqttState"":0,""adsRecoveryCount"":0,""adsRecoveryFailCount"":0,""adsReadFailStreak"":0,""lastReason"":""none"",""lastRecoveryMs"":0,""bootRecoveryArmed"":false,""bootRecoveryDueMs"":0,""bootRecoveryReason"":""none"",""bootRecoveryNonAdsFailure"":false,""bootRecoveryRestartCount"":0},""nulling"":{""done"":false,""retryArmed"":false,""attemptCount"":0,""nextRetryMs"":0,""thresholdV"":9.999999747E-06,""minFinalV"":0},""telemetry"":{""valid"":true,""sampleMs"":6585369,""gasClass"":6,""gasName"":""CO2"",""confidence"":0,""alarm"":false,""sensorVoltage"":[0.114927053,0.003983337,0.004943522,-0.002565238,-0.006687163,-0.011768756,-0.019570565,-0.024766369],""sensorGain"":[32,64,64,64,64,64,64,64],""sensorStatus"":[0,0,0,0,0,0,0,0],""featureOrder"":[""MQ8"",""MQ135"",""MQ3"",""MQ5"",""MQ4"",""MQ7"",""MQ6"",""MQ2""]},""alarmLatched"":false}"
2026-08-04 11:10:50.113 +07:00,208.994,HOT_SWEEP_70,70,700,300,1,0,0.11601086,0.003950921,0.00487332,-0.002529898,-0.006460598,-0.011490336,-0.019561192,-0.024805205,"{""deviceId"":""1001"",""nodeId"":4097,""targetChId"":""0010"",""mode"":""inference"",""uptimeMs"":6586458,""debugEnabled"":true,""power"":{""mode"":""24v"",""externalPower"":true,""batteryMv"":65535,""batteryValid"":false,""batteryDetected"":false,""batterySenseStatus"":""not_detected"",""batteryLow"":false,""batteryCritical"":false,""sourceAmbiguous"":false,""serviceHoldActive"":false,""serviceHoldEffective"":false},""batterySession"":{""state"":""inactive"",""startedMs"":0,""stateStartedMs"":0,""validSampleBatches"":0,""requiredSampleBatches"":10,""alarmTxAttempts"":0,""alarmTxAttemptLimit"":3,""alarmAckReceived"":false,""pendingAlarm"":false,""pendingSaveRequired"":false,""persistenceFaultHold"":false,""completionReason"":""session_done""},""bootHealth"":{""adsReady"":true,""adsDrdyLevel"":0,""adsDrdyPulldownLevel"":0,""adsDrdyPullupLevel"":0,""adsMisoPulldownLevel"":0,""adsMisoPullupLevel"":1,""adsCsLevel"":1,""adsSyncLevel"":1,""adsStatus"":54,""adsMux"":15,""adsAdcon"":6,""adsDrate"":240,""adsReason"":""ok"",""tcaOk"":true,""mcpOkCount"":8,""mcpOk"":[true,true,true,true,true,true,true,true],""mcpAddrMask"":[1,1,1,1,1,1,1,1],""mcpControlTested"":true,""mcpControlOkCount"":8,""mcpControlOk"":[true,true,true,true,true,true,true,true],""dacReady"":true,""radioReady"":true,""mlReady"":true,""nullingProfileApplied"":true,""modelProfileReady"":false},""runtimeMcpCode"":[255,519,795,706,799,865,665,139],""model"":{""profileId"":""cnn-dualbranch-datasheet-v1-unbound"",""scalerProfileId"":""cnn-dualbranch-datasheet-v1-unbound"",""productionApproved"":true,""boundNullingProfileId"":8,""activeNullingProfileId"":9,""bindingValid"":true,""bindingModelMatches"":true,""profileReady"":false,""inferenceValid"":false,""sensorFault"":true},""lora"":{""beginState"":0,""lastTxState"":0,""lastTxOk"":false,""txSeq"":0,""txCounter"":0,""aesKeyProvisioned"":true,""aesKeyPresent"":true,""aesKeySource"":""nvs"",""keyId"":1,""lastDownlinkCommandId"":0,""freqMHz"":920,""bwKHz"":125,""sf"":7,""cr"":5,""syncWord"":18,""txPowerDbm"":17,""preamble"":8,""tcxoVoltage"":1.600000024,""xtalVoltage"":0},""dataset"":{""state"":""idle"",""step"":""idle"",""label"":"""",""seq"":0,""targetSamples"":0,""sampleIntervalMs"":500,""maxDurationMs"":0,""useFanIntake"":true,""fanOnMs"":1000,""postFanSettleMs"":0,""nullingProfileId"":9,""queuePending"":0,""queueCapacity"":16,""queueEnqueued"":0,""queueDropped"":0,""publishFailCount"":0,""retryCount"":0,""retryFailCount"":0,""rejectedSamples"":0,""lastRejectReason"":""none"",""lastRejectChannel"":-1,""lastRejectOkFiniteCount"":0,""lastRejectStatus"":255,""lastRejectGain"":0,""lastRejectSaturated"":false},""recovery"":{""wifiReconnectCount"":0,""wifiReconnectFailCount"":0,""mqttReconnectCount"":0,""mqttConnectFailCount"":0,""lastMqttState"":0,""adsRecoveryCount"":0,""adsRecoveryFailCount"":0,""adsReadFailStreak"":0,""lastReason"":""none"",""lastRecoveryMs"":0,""bootRecoveryArmed"":false,""bootRecoveryDueMs"":0,""bootRecoveryReason"":""none"",""bootRecoveryNonAdsFailure"":false,""bootRecoveryRestartCount"":0},""nulling"":{""done"":false,""retryArmed"":false,""attemptCount"":0,""nextRetryMs"":0,""thresholdV"":9.999999747E-06,""minFinalV"":0},""telemetry"":{""valid"":true,""sampleMs"":6586053,""gasClass"":6,""gasName"":""CO2"",""confidence"":0,""alarm"":false,""sensorVoltage"":[0.11601086,0.003950921,0.00487332,-0.002529898,-0.006460598,-0.011490336,-0.019561192,-0.024805205],""sensorGain"":[32,64,64,64,64,64,64,64],""sensorStatus"":[0,0,0,0,0,0,0,0],""featureOrder"":[""MQ8"",""MQ135"",""MQ3"",""MQ5"",""MQ4"",""MQ7"",""MQ6"",""MQ2""]},""alarmLatched"":false}"
2026-08-04 11:10:50.794 +07:00,209.675,HOT_SWEEP_70,70,700,300,1,0,0.115637995,0.00397824,0.0049258,-0.002540017,-0.006561629,-0.011476666,-0.019557215,-0.024796864,"{""deviceId"":""1001"",""nodeId"":4097,""targetChId"":""0010"",""mode"":""inference"",""uptimeMs"":6587143,""debugEnabled"":true,""power"":{""mode"":""24v"",""externalPower"":true,""batteryMv"":65535,""batteryValid"":false,""batteryDetected"":false,""batterySenseStatus"":""not_detected"",""batteryLow"":false,""batteryCritical"":false,""sourceAmbiguous"":false,""serviceHoldActive"":false,""serviceHoldEffective"":false},""batterySession"":{""state"":""inactive"",""startedMs"":0,""stateStartedMs"":0,""validSampleBatches"":0,""requiredSampleBatches"":10,""alarmTxAttempts"":0,""alarmTxAttemptLimit"":3,""alarmAckReceived"":false,""pendingAlarm"":false,""pendingSaveRequired"":false,""persistenceFaultHold"":false,""completionReason"":""session_done""},""bootHealth"":{""adsReady"":true,""adsDrdyLevel"":0,""adsDrdyPulldownLevel"":0,""adsDrdyPullupLevel"":0,""adsMisoPulldownLevel"":0,""adsMisoPullupLevel"":1,""adsCsLevel"":1,""adsSyncLevel"":1,""adsStatus"":54,""adsMux"":15,""adsAdcon"":6,""adsDrate"":240,""adsReason"":""ok"",""tcaOk"":true,""mcpOkCount"":8,""mcpOk"":[true,true,true,true,true,true,true,true],""mcpAddrMask"":[1,1,1,1,1,1,1,1],""mcpControlTested"":true,""mcpControlOkCount"":8,""mcpControlOk"":[true,true,true,true,true,true,true,true],""dacReady"":true,""radioReady"":true,""mlReady"":true,""nullingProfileApplied"":true,""modelProfileReady"":false},""runtimeMcpCode"":[255,519,795,706,799,865,665,139],""model"":{""profileId"":""cnn-dualbranch-datasheet-v1-unbound"",""scalerProfileId"":""cnn-dualbranch-datasheet-v1-unbound"",""productionApproved"":true,""boundNullingProfileId"":8,""activeNullingProfileId"":9,""bindingValid"":true,""bindingModelMatches"":true,""profileReady"":false,""inferenceValid"":false,""sensorFault"":true},""lora"":{""beginState"":0,""lastTxState"":0,""lastTxOk"":false,""txSeq"":0,""txCounter"":0,""aesKeyProvisioned"":true,""aesKeyPresent"":true,""aesKeySource"":""nvs"",""keyId"":1,""lastDownlinkCommandId"":0,""freqMHz"":920,""bwKHz"":125,""sf"":7,""cr"":5,""syncWord"":18,""txPowerDbm"":17,""preamble"":8,""tcxoVoltage"":1.600000024,""xtalVoltage"":0},""dataset"":{""state"":""idle"",""step"":""idle"",""label"":"""",""seq"":0,""targetSamples"":0,""sampleIntervalMs"":500,""maxDurationMs"":0,""useFanIntake"":true,""fanOnMs"":1000,""postFanSettleMs"":0,""nullingProfileId"":9,""queuePending"":0,""queueCapacity"":16,""queueEnqueued"":0,""queueDropped"":0,""publishFailCount"":0,""retryCount"":0,""retryFailCount"":0,""rejectedSamples"":0,""lastRejectReason"":""none"",""lastRejectChannel"":-1,""lastRejectOkFiniteCount"":0,""lastRejectStatus"":255,""lastRejectGain"":0,""lastRejectSaturated"":false},""recovery"":{""wifiReconnectCount"":0,""wifiReconnectFailCount"":0,""mqttReconnectCount"":0,""mqttConnectFailCount"":0,""lastMqttState"":0,""adsRecoveryCount"":0,""adsRecoveryFailCount"":0,""adsReadFailStreak"":0,""lastReason"":""none"",""lastRecoveryMs"":0,""bootRecoveryArmed"":false,""bootRecoveryDueMs"":0,""bootRecoveryReason"":""none"",""bootRecoveryNonAdsFailure"":false,""bootRecoveryRestartCount"":0},""nulling"":{""done"":false,""retryArmed"":false,""attemptCount"":0,""nextRetryMs"":0,""thresholdV"":9.999999747E-06,""minFinalV"":0},""telemetry"":{""valid"":true,""sampleMs"":6586768,""gasClass"":6,""gasName"":""CO2"",""confidence"":0,""alarm"":false,""sensorVoltage"":[0.115637995,0.00397824,0.0049258,-0.002540017,-0.006561629,-0.011476666,-0.019557215,-0.024796864],""sensorGain"":[32,64,64,64,64,64,64,64],""sensorStatus"":[0,0,0,0,0,0,0,0],""featureOrder"":[""MQ8"",""MQ135"",""MQ3"",""MQ5"",""MQ4"",""MQ7"",""MQ6"",""MQ2""]},""alarmLatched"":false}"
2026-08-04 11:10:51.493 +07:00,210.374,HOT_SWEEP_70,70,700,300,1,0,0.11507313,0.003987555,0.004927332,-0.002522431,-0.008127345,-0.011481607,-0.019552911,-0.024787081,"{""deviceId"":""1001"",""nodeId"":4097,""targetChId"":""0010"",""mode"":""inference"",""uptimeMs"":6587838,""debugEnabled"":true,""power"":{""mode"":""24v"",""externalPower"":true,""batteryMv"":65535,""batteryValid"":false,""batteryDetected"":false,""batterySenseStatus"":""not_detected"",""batteryLow"":false,""batteryCritical"":false,""sourceAmbiguous"":false,""serviceHoldActive"":false,""serviceHoldEffective"":false},""batterySession"":{""state"":""inactive"",""startedMs"":0,""stateStartedMs"":0,""validSampleBatches"":0,""requiredSampleBatches"":10,""alarmTxAttempts"":0,""alarmTxAttemptLimit"":3,""alarmAckReceived"":false,""pendingAlarm"":false,""pendingSaveRequired"":false,""persistenceFaultHold"":false,""completionReason"":""session_done""},""bootHealth"":{""adsReady"":true,""adsDrdyLevel"":0,""adsDrdyPulldownLevel"":0,""adsDrdyPullupLevel"":0,""adsMisoPulldownLevel"":0,""adsMisoPullupLevel"":1,""adsCsLevel"":1,""adsSyncLevel"":1,""adsStatus"":54,""adsMux"":15,""adsAdcon"":6,""adsDrate"":240,""adsReason"":""ok"",""tcaOk"":true,""mcpOkCount"":8,""mcpOk"":[true,true,true,true,true,true,true,true],""mcpAddrMask"":[1,1,1,1,1,1,1,1],""mcpControlTested"":true,""mcpControlOkCount"":8,""mcpControlOk"":[true,true,true,true,true,true,true,true],""dacReady"":true,""radioReady"":true,""mlReady"":true,""nullingProfileApplied"":true,""modelProfileReady"":false},""runtimeMcpCode"":[255,519,795,706,799,865,665,139],""model"":{""profileId"":""cnn-dualbranch-datasheet-v1-unbound"",""scalerProfileId"":""cnn-dualbranch-datasheet-v1-unbound"",""productionApproved"":true,""boundNullingProfileId"":8,""activeNullingProfileId"":9,""bindingValid"":true,""bindingModelMatches"":true,""profileReady"":false,""inferenceValid"":false,""sensorFault"":true},""lora"":{""beginState"":0,""lastTxState"":0,""lastTxOk"":false,""txSeq"":0,""txCounter"":0,""aesKeyProvisioned"":true,""aesKeyPresent"":true,""aesKeySource"":""nvs"",""keyId"":1,""lastDownlinkCommandId"":0,""freqMHz"":920,""bwKHz"":125,""sf"":7,""cr"":5,""syncWord"":18,""txPowerDbm"":17,""preamble"":8,""tcxoVoltage"":1.600000024,""xtalVoltage"":0},""dataset"":{""state"":""idle"",""step"":""idle"",""label"":"""",""seq"":0,""targetSamples"":0,""sampleIntervalMs"":500,""maxDurationMs"":0,""useFanIntake"":true,""fanOnMs"":1000,""postFanSettleMs"":0,""nullingProfileId"":9,""queuePending"":0,""queueCapacity"":16,""queueEnqueued"":0,""queueDropped"":0,""publishFailCount"":0,""retryCount"":0,""retryFailCount"":0,""rejectedSamples"":0,""lastRejectReason"":""none"",""lastRejectChannel"":-1,""lastRejectOkFiniteCount"":0,""lastRejectStatus"":255,""lastRejectGain"":0,""lastRejectSaturated"":false},""recovery"":{""wifiReconnectCount"":0,""wifiReconnectFailCount"":0,""mqttReconnectCount"":0,""mqttConnectFailCount"":0,""lastMqttState"":0,""adsRecoveryCount"":0,""adsRecoveryFailCount"":0,""adsReadFailStreak"":0,""lastReason"":""none"",""lastRecoveryMs"":0,""bootRecoveryArmed"":false,""bootRecoveryDueMs"":0,""bootRecoveryReason"":""none"",""bootRecoveryNonAdsFailure"":false,""bootRecoveryRestartCount"":0},""nulling"":{""done"":false,""retryArmed"":false,""attemptCount"":0,""nextRetryMs"":0,""thresholdV"":9.999999747E-06,""minFinalV"":0},""telemetry"":{""valid"":true,""sampleMs"":6587421,""gasClass"":6,""gasName"":""CO2"",""confidence"":0,""alarm"":false,""sensorVoltage"":[0.11507313,0.003987555,0.004927332,-0.002522431,-0.008127345,-0.011481607,-0.019552911,-0.024787081],""sensorGain"":[32,64,64,64,64,64,64,64],""sensorStatus"":[0,0,0,0,0,0,0,0],""featureOrder"":[""MQ8"",""MQ135"",""MQ3"",""MQ5"",""MQ4"",""MQ7"",""MQ6"",""MQ2""]},""alarmLatched"":false}"
2026-08-04 11:10:52.177 +07:00,211.058,HOT_SWEEP_70,70,700,300,1,0,0.116195858,0.003960811,0.004897149,-0.002515443,-0.008135437,-0.011456812,-0.019535394,-0.024804344,"{""deviceId"":""1001"",""nodeId"":4097,""targetChId"":""0010"",""mode"":""inference"",""uptimeMs"":6588518,""debugEnabled"":true,""power"":{""mode"":""24v"",""externalPower"":true,""batteryMv"":65535,""batteryValid"":false,""batteryDetected"":false,""batterySenseStatus"":""not_detected"",""batteryLow"":false,""batteryCritical"":false,""sourceAmbiguous"":false,""serviceHoldActive"":false,""serviceHoldEffective"":false},""batterySession"":{""state"":""inactive"",""startedMs"":0,""stateStartedMs"":0,""validSampleBatches"":0,""requiredSampleBatches"":10,""alarmTxAttempts"":0,""alarmTxAttemptLimit"":3,""alarmAckReceived"":false,""pendingAlarm"":false,""pendingSaveRequired"":false,""persistenceFaultHold"":false,""completionReason"":""session_done""},""bootHealth"":{""adsReady"":true,""adsDrdyLevel"":0,""adsDrdyPulldownLevel"":0,""adsDrdyPullupLevel"":0,""adsMisoPulldownLevel"":0,""adsMisoPullupLevel"":1,""adsCsLevel"":1,""adsSyncLevel"":1,""adsStatus"":54,""adsMux"":15,""adsAdcon"":6,""adsDrate"":240,""adsReason"":""ok"",""tcaOk"":true,""mcpOkCount"":8,""mcpOk"":[true,true,true,true,true,true,true,true],""mcpAddrMask"":[1,1,1,1,1,1,1,1],""mcpControlTested"":true,""mcpControlOkCount"":8,""mcpControlOk"":[true,true,true,true,true,true,true,true],""dacReady"":true,""radioReady"":true,""mlReady"":true,""nullingProfileApplied"":true,""modelProfileReady"":false},""runtimeMcpCode"":[255,519,795,706,799,865,665,139],""model"":{""profileId"":""cnn-dualbranch-datasheet-v1-unbound"",""scalerProfileId"":""cnn-dualbranch-datasheet-v1-unbound"",""productionApproved"":true,""boundNullingProfileId"":8,""activeNullingProfileId"":9,""bindingValid"":true,""bindingModelMatches"":true,""profileReady"":false,""inferenceValid"":false,""sensorFault"":true},""lora"":{""beginState"":0,""lastTxState"":0,""lastTxOk"":false,""txSeq"":0,""txCounter"":0,""aesKeyProvisioned"":true,""aesKeyPresent"":true,""aesKeySource"":""nvs"",""keyId"":1,""lastDownlinkCommandId"":0,""freqMHz"":920,""bwKHz"":125,""sf"":7,""cr"":5,""syncWord"":18,""txPowerDbm"":17,""preamble"":8,""tcxoVoltage"":1.600000024,""xtalVoltage"":0},""dataset"":{""state"":""idle"",""step"":""idle"",""label"":"""",""seq"":0,""targetSamples"":0,""sampleIntervalMs"":500,""maxDurationMs"":0,""useFanIntake"":true,""fanOnMs"":1000,""postFanSettleMs"":0,""nullingProfileId"":9,""queuePending"":0,""queueCapacity"":16,""queueEnqueued"":0,""queueDropped"":0,""publishFailCount"":0,""retryCount"":0,""retryFailCount"":0,""rejectedSamples"":0,""lastRejectReason"":""none"",""lastRejectChannel"":-1,""lastRejectOkFiniteCount"":0,""lastRejectStatus"":255,""lastRejectGain"":0,""lastRejectSaturated"":false},""recovery"":{""wifiReconnectCount"":0,""wifiReconnectFailCount"":0,""mqttReconnectCount"":0,""mqttConnectFailCount"":0,""lastMqttState"":0,""adsRecoveryCount"":0,""adsRecoveryFailCount"":0,""adsReadFailStreak"":0,""lastReason"":""none"",""lastRecoveryMs"":0,""bootRecoveryArmed"":false,""bootRecoveryDueMs"":0,""bootRecoveryReason"":""none"",""bootRecoveryNonAdsFailure"":false,""bootRecoveryRestartCount"":0},""nulling"":{""done"":false,""retryArmed"":false,""attemptCount"":0,""nextRetryMs"":0,""thresholdV"":9.999999747E-06,""minFinalV"":0},""telemetry"":{""valid"":true,""sampleMs"":6588121,""gasClass"":6,""gasName"":""CO2"",""confidence"":0,""alarm"":false,""sensorVoltage"":[0.116195858,0.003960811,0.004897149,-0.002515443,-0.008135437,-0.011456812,-0.019535394,-0.024804344],""sensorGain"":[32,64,64,64,64,64,64,64],""sensorStatus"":[0,0,0,0,0,0,0,0],""featureOrder"":[""MQ8"",""MQ135"",""MQ3"",""MQ5"",""MQ4"",""MQ7"",""MQ6"",""MQ2""]},""alarmLatched"":false}"
2026-08-04 11:10:52.860 +07:00,211.741,HOT_SWEEP_70,70,700,300,1,0,0.115836285,0.003936582,0.004930465,-0.002566837,-0.008120588,-0.011409609,-0.019514957,-0.024818864,"{""deviceId"":""1001"",""nodeId"":4097,""targetChId"":""0010"",""mode"":""inference"",""uptimeMs"":6589207,""debugEnabled"":true,""power"":{""mode"":""24v"",""externalPower"":true,""batteryMv"":65535,""batteryValid"":false,""batteryDetected"":false,""batterySenseStatus"":""not_detected"",""batteryLow"":false,""batteryCritical"":false,""sourceAmbiguous"":false,""serviceHoldActive"":false,""serviceHoldEffective"":false},""batterySession"":{""state"":""inactive"",""startedMs"":0,""stateStartedMs"":0,""validSampleBatches"":0,""requiredSampleBatches"":10,""alarmTxAttempts"":0,""alarmTxAttemptLimit"":3,""alarmAckReceived"":false,""pendingAlarm"":false,""pendingSaveRequired"":false,""persistenceFaultHold"":false,""completionReason"":""session_done""},""bootHealth"":{""adsReady"":true,""adsDrdyLevel"":0,""adsDrdyPulldownLevel"":0,""adsDrdyPullupLevel"":0,""adsMisoPulldownLevel"":0,""adsMisoPullupLevel"":1,""adsCsLevel"":1,""adsSyncLevel"":1,""adsStatus"":54,""adsMux"":15,""adsAdcon"":6,""adsDrate"":240,""adsReason"":""ok"",""tcaOk"":true,""mcpOkCount"":8,""mcpOk"":[true,true,true,true,true,true,true,true],""mcpAddrMask"":[1,1,1,1,1,1,1,1],""mcpControlTested"":true,""mcpControlOkCount"":8,""mcpControlOk"":[true,true,true,true,true,true,true,true],""dacReady"":true,""radioReady"":true,""mlReady"":true,""nullingProfileApplied"":true,""modelProfileReady"":false},""runtimeMcpCode"":[255,519,795,706,799,865,665,139],""model"":{""profileId"":""cnn-dualbranch-datasheet-v1-unbound"",""scalerProfileId"":""cnn-dualbranch-datasheet-v1-unbound"",""productionApproved"":true,""boundNullingProfileId"":8,""activeNullingProfileId"":9,""bindingValid"":true,""bindingModelMatches"":true,""profileReady"":false,""inferenceValid"":false,""sensorFault"":true},""lora"":{""beginState"":0,""lastTxState"":0,""lastTxOk"":false,""txSeq"":0,""txCounter"":0,""aesKeyProvisioned"":true,""aesKeyPresent"":true,""aesKeySource"":""nvs"",""keyId"":1,""lastDownlinkCommandId"":0,""freqMHz"":920,""bwKHz"":125,""sf"":7,""cr"":5,""syncWord"":18,""txPowerDbm"":17,""preamble"":8,""tcxoVoltage"":1.600000024,""xtalVoltage"":0},""dataset"":{""state"":""idle"",""step"":""idle"",""label"":"""",""seq"":0,""targetSamples"":0,""sampleIntervalMs"":500,""maxDurationMs"":0,""useFanIntake"":true,""fanOnMs"":1000,""postFanSettleMs"":0,""nullingProfileId"":9,""queuePending"":0,""queueCapacity"":16,""queueEnqueued"":0,""queueDropped"":0,""publishFailCount"":0,""retryCount"":0,""retryFailCount"":0,""rejectedSamples"":0,""lastRejectReason"":""none"",""lastRejectChannel"":-1,""lastRejectOkFiniteCount"":0,""lastRejectStatus"":255,""lastRejectGain"":0,""lastRejectSaturated"":false},""recovery"":{""wifiReconnectCount"":0,""wifiReconnectFailCount"":0,""mqttReconnectCount"":0,""mqttConnectFailCount"":0,""lastMqttState"":0,""adsRecoveryCount"":0,""adsRecoveryFailCount"":0,""adsReadFailStreak"":0,""lastReason"":""none"",""lastRecoveryMs"":0,""bootRecoveryArmed"":false,""bootRecoveryDueMs"":0,""bootRecoveryReason"":""none"",""bootRecoveryNonAdsFailure"":false,""bootRecoveryRestartCount"":0},""nulling"":{""done"":false,""retryArmed"":false,""attemptCount"":0,""nextRetryMs"":0,""thresholdV"":9.999999747E-06,""minFinalV"":0},""telemetry"":{""valid"":true,""sampleMs"":6588828,""gasClass"":6,""gasName"":""CO2"",""confidence"":0,""alarm"":false,""sensorVoltage"":[0.115836285,0.003936582,0.004930465,-0.002566837,-0.008120588,-0.011409609,-0.019514957,-0.024818864],""sensorGain"":[32,64,64,64,64,64,64,64],""sensorStatus"":[0,0,0,0,0,0,0,0],""featureOrder"":[""MQ8"",""MQ135"",""MQ3"",""MQ5"",""MQ4"",""MQ7"",""MQ6"",""MQ2""]},""alarmLatched"":false}"
2026-08-04 11:10:53.544 +07:00,212.425,HOT_SWEEP_70,70,700,300,1,0,0.115220025,0.003936783,0.004919431,-0.002555759,-0.008046765,-0.011410016,-0.019473994,-0.024804313,"{""deviceId"":""1001"",""nodeId"":4097,""targetChId"":""0010"",""mode"":""inference"",""uptimeMs"":6589889,""debugEnabled"":true,""power"":{""mode"":""24v"",""externalPower"":true,""batteryMv"":65535,""batteryValid"":false,""batteryDetected"":false,""batterySenseStatus"":""not_detected"",""batteryLow"":false,""batteryCritical"":false,""sourceAmbiguous"":false,""serviceHoldActive"":false,""serviceHoldEffective"":false},""batterySession"":{""state"":""inactive"",""startedMs"":0,""stateStartedMs"":0,""validSampleBatches"":0,""requiredSampleBatches"":10,""alarmTxAttempts"":0,""alarmTxAttemptLimit"":3,""alarmAckReceived"":false,""pendingAlarm"":false,""pendingSaveRequired"":false,""persistenceFaultHold"":false,""completionReason"":""session_done""},""bootHealth"":{""adsReady"":true,""adsDrdyLevel"":0,""adsDrdyPulldownLevel"":0,""adsDrdyPullupLevel"":0,""adsMisoPulldownLevel"":0,""adsMisoPullupLevel"":1,""adsCsLevel"":1,""adsSyncLevel"":1,""adsStatus"":54,""adsMux"":15,""adsAdcon"":6,""adsDrate"":240,""adsReason"":""ok"",""tcaOk"":true,""mcpOkCount"":8,""mcpOk"":[true,true,true,true,true,true,true,true],""mcpAddrMask"":[1,1,1,1,1,1,1,1],""mcpControlTested"":true,""mcpControlOkCount"":8,""mcpControlOk"":[true,true,true,true,true,true,true,true],""dacReady"":true,""radioReady"":true,""mlReady"":true,""nullingProfileApplied"":true,""modelProfileReady"":false},""runtimeMcpCode"":[255,519,795,706,799,865,665,139],""model"":{""profileId"":""cnn-dualbranch-datasheet-v1-unbound"",""scalerProfileId"":""cnn-dualbranch-datasheet-v1-unbound"",""productionApproved"":true,""boundNullingProfileId"":8,""activeNullingProfileId"":9,""bindingValid"":true,""bindingModelMatches"":true,""profileReady"":false,""inferenceValid"":false,""sensorFault"":true},""lora"":{""beginState"":0,""lastTxState"":0,""lastTxOk"":false,""txSeq"":0,""txCounter"":0,""aesKeyProvisioned"":true,""aesKeyPresent"":true,""aesKeySource"":""nvs"",""keyId"":1,""lastDownlinkCommandId"":0,""freqMHz"":920,""bwKHz"":125,""sf"":7,""cr"":5,""syncWord"":18,""txPowerDbm"":17,""preamble"":8,""tcxoVoltage"":1.600000024,""xtalVoltage"":0},""dataset"":{""state"":""idle"",""step"":""idle"",""label"":"""",""seq"":0,""targetSamples"":0,""sampleIntervalMs"":500,""maxDurationMs"":0,""useFanIntake"":true,""fanOnMs"":1000,""postFanSettleMs"":0,""nullingProfileId"":9,""queuePending"":0,""queueCapacity"":16,""queueEnqueued"":0,""queueDropped"":0,""publishFailCount"":0,""retryCount"":0,""retryFailCount"":0,""rejectedSamples"":0,""lastRejectReason"":""none"",""lastRejectChannel"":-1,""lastRejectOkFiniteCount"":0,""lastRejectStatus"":255,""lastRejectGain"":0,""lastRejectSaturated"":false},""recovery"":{""wifiReconnectCount"":0,""wifiReconnectFailCount"":0,""mqttReconnectCount"":0,""mqttConnectFailCount"":0,""lastMqttState"":0,""adsRecoveryCount"":0,""adsRecoveryFailCount"":0,""adsReadFailStreak"":0,""lastReason"":""none"",""lastRecoveryMs"":0,""bootRecoveryArmed"":false,""bootRecoveryDueMs"":0,""bootRecoveryReason"":""none"",""bootRecoveryNonAdsFailure"":false,""bootRecoveryRestartCount"":0},""nulling"":{""done"":false,""retryArmed"":false,""attemptCount"":0,""nextRetryMs"":0,""thresholdV"":9.999999747E-06,""minFinalV"":0},""telemetry"":{""valid"":true,""sampleMs"":6589485,""gasClass"":6,""gasName"":""CO2"",""confidence"":0,""alarm"":false,""sensorVoltage"":[0.115220025,0.003936783,0.004919431,-0.002555759,-0.008046765,-0.011410016,-0.019473994,-0.024804313],""sensorGain"":[32,64,64,64,64,64,64,64],""sensorStatus"":[0,0,0,0,0,0,0,0],""featureOrder"":[""MQ8"",""MQ135"",""MQ3"",""MQ5"",""MQ4"",""MQ7"",""MQ6"",""MQ2""]},""alarmLatched"":false}"
2026-08-04 11:10:54.250 +07:00,213.131,HOT_SWEEP_70,70,700,300,1,0,0.116058961,0.003921249,0.004842938,-0.002576136,-0.007363746,-0.011404404,-0.019510139,-0.024847349,"{""deviceId"":""1001"",""nodeId"":4097,""targetChId"":""0010"",""mode"":""inference"",""uptimeMs"":6590589,""debugEnabled"":true,""power"":{""mode"":""24v"",""externalPower"":true,""batteryMv"":65535,""batteryValid"":false,""batteryDetected"":false,""batterySenseStatus"":""not_detected"",""batteryLow"":false,""batteryCritical"":false,""sourceAmbiguous"":false,""serviceHoldActive"":false,""serviceHoldEffective"":false},""batterySession"":{""state"":""inactive"",""startedMs"":0,""stateStartedMs"":0,""validSampleBatches"":0,""requiredSampleBatches"":10,""alarmTxAttempts"":0,""alarmTxAttemptLimit"":3,""alarmAckReceived"":false,""pendingAlarm"":false,""pendingSaveRequired"":false,""persistenceFaultHold"":false,""completionReason"":""session_done""},""bootHealth"":{""adsReady"":true,""adsDrdyLevel"":0,""adsDrdyPulldownLevel"":0,""adsDrdyPullupLevel"":0,""adsMisoPulldownLevel"":0,""adsMisoPullupLevel"":1,""adsCsLevel"":1,""adsSyncLevel"":1,""adsStatus"":54,""adsMux"":15,""adsAdcon"":6,""adsDrate"":240,""adsReason"":""ok"",""tcaOk"":true,""mcpOkCount"":8,""mcpOk"":[true,true,true,true,true,true,true,true],""mcpAddrMask"":[1,1,1,1,1,1,1,1],""mcpControlTested"":true,""mcpControlOkCount"":8,""mcpControlOk"":[true,true,true,true,true,true,true,true],""dacReady"":true,""radioReady"":true,""mlReady"":true,""nullingProfileApplied"":true,""modelProfileReady"":false},""runtimeMcpCode"":[255,519,795,706,799,865,665,139],""model"":{""profileId"":""cnn-dualbranch-datasheet-v1-unbound"",""scalerProfileId"":""cnn-dualbranch-datasheet-v1-unbound"",""productionApproved"":true,""boundNullingProfileId"":8,""activeNullingProfileId"":9,""bindingValid"":true,""bindingModelMatches"":true,""profileReady"":false,""inferenceValid"":false,""sensorFault"":true},""lora"":{""beginState"":0,""lastTxState"":0,""lastTxOk"":false,""txSeq"":0,""txCounter"":0,""aesKeyProvisioned"":true,""aesKeyPresent"":true,""aesKeySource"":""nvs"",""keyId"":1,""lastDownlinkCommandId"":0,""freqMHz"":920,""bwKHz"":125,""sf"":7,""cr"":5,""syncWord"":18,""txPowerDbm"":17,""preamble"":8,""tcxoVoltage"":1.600000024,""xtalVoltage"":0},""dataset"":{""state"":""idle"",""step"":""idle"",""label"":"""",""seq"":0,""targetSamples"":0,""sampleIntervalMs"":500,""maxDurationMs"":0,""useFanIntake"":true,""fanOnMs"":1000,""postFanSettleMs"":0,""nullingProfileId"":9,""queuePending"":0,""queueCapacity"":16,""queueEnqueued"":0,""queueDropped"":0,""publishFailCount"":0,""retryCount"":0,""retryFailCount"":0,""rejectedSamples"":0,""lastRejectReason"":""none"",""lastRejectChannel"":-1,""lastRejectOkFiniteCount"":0,""lastRejectStatus"":255,""lastRejectGain"":0,""lastRejectSaturated"":false},""recovery"":{""wifiReconnectCount"":0,""wifiReconnectFailCount"":0,""mqttReconnectCount"":0,""mqttConnectFailCount"":0,""lastMqttState"":0,""adsRecoveryCount"":0,""adsRecoveryFailCount"":0,""adsReadFailStreak"":0,""lastReason"":""none"",""lastRecoveryMs"":0,""bootRecoveryArmed"":false,""bootRecoveryDueMs"":0,""bootRecoveryReason"":""none"",""bootRecoveryNonAdsFailure"":false,""bootRecoveryRestartCount"":0},""nulling"":{""done"":false,""retryArmed"":false,""attemptCount"":0,""nextRetryMs"":0,""thresholdV"":9.999999747E-06,""minFinalV"":0},""telemetry"":{""valid"":true,""sampleMs"":6590167,""gasClass"":6,""gasName"":""CO2"",""confidence"":0,""alarm"":false,""sensorVoltage"":[0.116058961,0.003921249,0.004842938,-0.002576136,-0.007363746,-0.011404404,-0.019510139,-0.024847349],""sensorGain"":[32,64,64,64,64,64,64,64],""sensorStatus"":[0,0,0,0,0,0,0,0],""featureOrder"":[""MQ8"",""MQ135"",""MQ3"",""MQ5"",""MQ4"",""MQ7"",""MQ6"",""MQ2""]},""alarmLatched"":false}"
2026-08-04 11:10:54.936 +07:00,213.817,HOT_SWEEP_70,70,700,300,1,0,0.116142131,0.003958897,0.004865331,-0.002586633,-0.007360211,-0.011376456,-0.019525623,-0.024850026,"{""deviceId"":""1001"",""nodeId"":4097,""targetChId"":""0010"",""mode"":""inference"",""uptimeMs"":6591279,""debugEnabled"":true,""power"":{""mode"":""24v"",""externalPower"":true,""batteryMv"":65535,""batteryValid"":false,""batteryDetected"":false,""batterySenseStatus"":""not_detected"",""batteryLow"":false,""batteryCritical"":false,""sourceAmbiguous"":false,""serviceHoldActive"":false,""serviceHoldEffective"":false},""batterySession"":{""state"":""inactive"",""startedMs"":0,""stateStartedMs"":0,""validSampleBatches"":0,""requiredSampleBatches"":10,""alarmTxAttempts"":0,""alarmTxAttemptLimit"":3,""alarmAckReceived"":false,""pendingAlarm"":false,""pendingSaveRequired"":false,""persistenceFaultHold"":false,""completionReason"":""session_done""},""bootHealth"":{""adsReady"":true,""adsDrdyLevel"":0,""adsDrdyPulldownLevel"":0,""adsDrdyPullupLevel"":0,""adsMisoPulldownLevel"":0,""adsMisoPullupLevel"":1,""adsCsLevel"":1,""adsSyncLevel"":1,""adsStatus"":54,""adsMux"":15,""adsAdcon"":6,""adsDrate"":240,""adsReason"":""ok"",""tcaOk"":true,""mcpOkCount"":8,""mcpOk"":[true,true,true,true,true,true,true,true],""mcpAddrMask"":[1,1,1,1,1,1,1,1],""mcpControlTested"":true,""mcpControlOkCount"":8,""mcpControlOk"":[true,true,true,true,true,true,true,true],""dacReady"":true,""radioReady"":true,""mlReady"":true,""nullingProfileApplied"":true,""modelProfileReady"":false},""runtimeMcpCode"":[255,519,795,706,799,865,665,139],""model"":{""profileId"":""cnn-dualbranch-datasheet-v1-unbound"",""scalerProfileId"":""cnn-dualbranch-datasheet-v1-unbound"",""productionApproved"":true,""boundNullingProfileId"":8,""activeNullingProfileId"":9,""bindingValid"":true,""bindingModelMatches"":true,""profileReady"":false,""inferenceValid"":false,""sensorFault"":true},""lora"":{""beginState"":0,""lastTxState"":0,""lastTxOk"":false,""txSeq"":0,""txCounter"":0,""aesKeyProvisioned"":true,""aesKeyPresent"":true,""aesKeySource"":""nvs"",""keyId"":1,""lastDownlinkCommandId"":0,""freqMHz"":920,""bwKHz"":125,""sf"":7,""cr"":5,""syncWord"":18,""txPowerDbm"":17,""preamble"":8,""tcxoVoltage"":1.600000024,""xtalVoltage"":0},""dataset"":{""state"":""idle"",""step"":""idle"",""label"":"""",""seq"":0,""targetSamples"":0,""sampleIntervalMs"":500,""maxDurationMs"":0,""useFanIntake"":true,""fanOnMs"":1000,""postFanSettleMs"":0,""nullingProfileId"":9,""queuePending"":0,""queueCapacity"":16,""queueEnqueued"":0,""queueDropped"":0,""publishFailCount"":0,""retryCount"":0,""retryFailCount"":0,""rejectedSamples"":0,""lastRejectReason"":""none"",""lastRejectChannel"":-1,""lastRejectOkFiniteCount"":0,""lastRejectStatus"":255,""lastRejectGain"":0,""lastRejectSaturated"":false},""recovery"":{""wifiReconnectCount"":0,""wifiReconnectFailCount"":0,""mqttReconnectCount"":0,""mqttConnectFailCount"":0,""lastMqttState"":0,""adsRecoveryCount"":0,""adsRecoveryFailCount"":0,""adsReadFailStreak"":0,""lastReason"":""none"",""lastRecoveryMs"":0,""bootRecoveryArmed"":false,""bootRecoveryDueMs"":0,""bootRecoveryReason"":""none"",""bootRecoveryNonAdsFailure"":false,""bootRecoveryRestartCount"":0},""nulling"":{""done"":false,""retryArmed"":false,""attemptCount"":0,""nextRetryMs"":0,""thresholdV"":9.999999747E-06,""minFinalV"":0},""telemetry"":{""valid"":true,""sampleMs"":6590899,""gasClass"":6,""gasName"":""CO2"",""confidence"":0,""alarm"":false,""sensorVoltage"":[0.116142131,0.003958897,0.004865331,-0.002586633,-0.007360211,-0.011376456,-0.019525623,-0.024850026],""sensorGain"":[32,64,64,64,64,64,64,64],""sensorStatus"":[0,0,0,0,0,0,0,0],""featureOrder"":[""MQ8"",""MQ135"",""MQ3"",""MQ5"",""MQ4"",""MQ7"",""MQ6"",""MQ2""]},""alarmLatched"":false}"
2026-08-04 11:10:55.616 +07:00,214.497,HOT_SWEEP_70,70,700,300,1,0,0.115233019,0.003973412,0.004843635,-0.002570794,-0.008511359,-0.011345672,-0.019465107,-0.025317941,"{""deviceId"":""1001"",""nodeId"":4097,""targetChId"":""0010"",""mode"":""inference"",""uptimeMs"":6591956,""debugEnabled"":true,""power"":{""mode"":""24v"",""externalPower"":true,""batteryMv"":65535,""batteryValid"":false,""batteryDetected"":false,""batterySenseStatus"":""not_detected"",""batteryLow"":false,""batteryCritical"":false,""sourceAmbiguous"":false,""serviceHoldActive"":false,""serviceHoldEffective"":false},""batterySession"":{""state"":""inactive"",""startedMs"":0,""stateStartedMs"":0,""validSampleBatches"":0,""requiredSampleBatches"":10,""alarmTxAttempts"":0,""alarmTxAttemptLimit"":3,""alarmAckReceived"":false,""pendingAlarm"":false,""pendingSaveRequired"":false,""persistenceFaultHold"":false,""completionReason"":""session_done""},""bootHealth"":{""adsReady"":true,""adsDrdyLevel"":0,""adsDrdyPulldownLevel"":0,""adsDrdyPullupLevel"":0,""adsMisoPulldownLevel"":0,""adsMisoPullupLevel"":1,""adsCsLevel"":1,""adsSyncLevel"":1,""adsStatus"":54,""adsMux"":15,""adsAdcon"":6,""adsDrate"":240,""adsReason"":""ok"",""tcaOk"":true,""mcpOkCount"":8,""mcpOk"":[true,true,true,true,true,true,true,true],""mcpAddrMask"":[1,1,1,1,1,1,1,1],""mcpControlTested"":true,""mcpControlOkCount"":8,""mcpControlOk"":[true,true,true,true,true,true,true,true],""dacReady"":true,""radioReady"":true,""mlReady"":true,""nullingProfileApplied"":true,""modelProfileReady"":false},""runtimeMcpCode"":[255,519,795,706,799,865,665,139],""model"":{""profileId"":""cnn-dualbranch-datasheet-v1-unbound"",""scalerProfileId"":""cnn-dualbranch-datasheet-v1-unbound"",""productionApproved"":true,""boundNullingProfileId"":8,""activeNullingProfileId"":9,""bindingValid"":true,""bindingModelMatches"":true,""profileReady"":false,""inferenceValid"":false,""sensorFault"":true},""lora"":{""beginState"":0,""lastTxState"":0,""lastTxOk"":false,""txSeq"":0,""txCounter"":0,""aesKeyProvisioned"":true,""aesKeyPresent"":true,""aesKeySource"":""nvs"",""keyId"":1,""lastDownlinkCommandId"":0,""freqMHz"":920,""bwKHz"":125,""sf"":7,""cr"":5,""syncWord"":18,""txPowerDbm"":17,""preamble"":8,""tcxoVoltage"":1.600000024,""xtalVoltage"":0},""dataset"":{""state"":""idle"",""step"":""idle"",""label"":"""",""seq"":0,""targetSamples"":0,""sampleIntervalMs"":500,""maxDurationMs"":0,""useFanIntake"":true,""fanOnMs"":1000,""postFanSettleMs"":0,""nullingProfileId"":9,""queuePending"":0,""queueCapacity"":16,""queueEnqueued"":0,""queueDropped"":0,""publishFailCount"":0,""retryCount"":0,""retryFailCount"":0,""rejectedSamples"":0,""lastRejectReason"":""none"",""lastRejectChannel"":-1,""lastRejectOkFiniteCount"":0,""lastRejectStatus"":255,""lastRejectGain"":0,""lastRejectSaturated"":false},""recovery"":{""wifiReconnectCount"":0,""wifiReconnectFailCount"":0,""mqttReconnectCount"":0,""mqttConnectFailCount"":0,""lastMqttState"":0,""adsRecoveryCount"":0,""adsRecoveryFailCount"":0,""adsReadFailStreak"":0,""lastReason"":""none"",""lastRecoveryMs"":0,""bootRecoveryArmed"":false,""bootRecoveryDueMs"":0,""bootRecoveryReason"":""none"",""bootRecoveryNonAdsFailure"":false,""bootRecoveryRestartCount"":0},""nulling"":{""done"":false,""retryArmed"":false,""attemptCount"":0,""nextRetryMs"":0,""thresholdV"":9.999999747E-06,""minFinalV"":0},""telemetry"":{""valid"":true,""sampleMs"":6591557,""gasClass"":6,""gasName"":""CO2"",""confidence"":0,""alarm"":false,""sensorVoltage"":[0.115233019,0.003973412,0.004843635,-0.002570794,-0.008511359,-0.011345672,-0.019465107,-0.025317941],""sensorGain"":[32,64,64,64,64,64,64,64],""sensorStatus"":[0,0,0,0,0,0,0,0],""featureOrder"":[""MQ8"",""MQ135"",""MQ3"",""MQ5"",""MQ4"",""MQ7"",""MQ6"",""MQ2""]},""alarmLatched"":false}"
2026-08-04 11:10:56.308 +07:00,215.189,HOT_SWEEP_70,70,700,300,1,0,0.115332209,0.003976311,0.004842284,-0.0025688,-0.008483179,-0.011344304,-0.019462366,-0.025324369,"{""deviceId"":""1001"",""nodeId"":4097,""targetChId"":""0010"",""mode"":""inference"",""uptimeMs"":6592648,""debugEnabled"":true,""power"":{""mode"":""24v"",""externalPower"":true,""batteryMv"":65535,""batteryValid"":false,""batteryDetected"":false,""batterySenseStatus"":""not_detected"",""batteryLow"":false,""batteryCritical"":false,""sourceAmbiguous"":false,""serviceHoldActive"":false,""serviceHoldEffective"":false},""batterySession"":{""state"":""inactive"",""startedMs"":0,""stateStartedMs"":0,""validSampleBatches"":0,""requiredSampleBatches"":10,""alarmTxAttempts"":0,""alarmTxAttemptLimit"":3,""alarmAckReceived"":false,""pendingAlarm"":false,""pendingSaveRequired"":false,""persistenceFaultHold"":false,""completionReason"":""session_done""},""bootHealth"":{""adsReady"":true,""adsDrdyLevel"":0,""adsDrdyPulldownLevel"":0,""adsDrdyPullupLevel"":0,""adsMisoPulldownLevel"":0,""adsMisoPullupLevel"":1,""adsCsLevel"":1,""adsSyncLevel"":1,""adsStatus"":54,""adsMux"":15,""adsAdcon"":6,""adsDrate"":240,""adsReason"":""ok"",""tcaOk"":true,""mcpOkCount"":8,""mcpOk"":[true,true,true,true,true,true,true,true],""mcpAddrMask"":[1,1,1,1,1,1,1,1],""mcpControlTested"":true,""mcpControlOkCount"":8,""mcpControlOk"":[true,true,true,true,true,true,true,true],""dacReady"":true,""radioReady"":true,""mlReady"":true,""nullingProfileApplied"":true,""modelProfileReady"":false},""runtimeMcpCode"":[255,519,795,706,799,865,665,139],""model"":{""profileId"":""cnn-dualbranch-datasheet-v1-unbound"",""scalerProfileId"":""cnn-dualbranch-datasheet-v1-unbound"",""productionApproved"":true,""boundNullingProfileId"":8,""activeNullingProfileId"":9,""bindingValid"":true,""bindingModelMatches"":true,""profileReady"":false,""inferenceValid"":false,""sensorFault"":true},""lora"":{""beginState"":0,""lastTxState"":0,""lastTxOk"":false,""txSeq"":0,""txCounter"":0,""aesKeyProvisioned"":true,""aesKeyPresent"":true,""aesKeySource"":""nvs"",""keyId"":1,""lastDownlinkCommandId"":0,""freqMHz"":920,""bwKHz"":125,""sf"":7,""cr"":5,""syncWord"":18,""txPowerDbm"":17,""preamble"":8,""tcxoVoltage"":1.600000024,""xtalVoltage"":0},""dataset"":{""state"":""idle"",""step"":""idle"",""label"":"""",""seq"":0,""targetSamples"":0,""sampleIntervalMs"":500,""maxDurationMs"":0,""useFanIntake"":true,""fanOnMs"":1000,""postFanSettleMs"":0,""nullingProfileId"":9,""queuePending"":0,""queueCapacity"":16,""queueEnqueued"":0,""queueDropped"":0,""publishFailCount"":0,""retryCount"":0,""retryFailCount"":0,""rejectedSamples"":0,""lastRejectReason"":""none"",""lastRejectChannel"":-1,""lastRejectOkFiniteCount"":0,""lastRejectStatus"":255,""lastRejectGain"":0,""lastRejectSaturated"":false},""recovery"":{""wifiReconnectCount"":0,""wifiReconnectFailCount"":0,""mqttReconnectCount"":0,""mqttConnectFailCount"":0,""lastMqttState"":0,""adsRecoveryCount"":0,""adsRecoveryFailCount"":0,""adsReadFailStreak"":0,""lastReason"":""none"",""lastRecoveryMs"":0,""bootRecoveryArmed"":false,""bootRecoveryDueMs"":0,""bootRecoveryReason"":""none"",""bootRecoveryNonAdsFailure"":false,""bootRecoveryRestartCount"":0},""nulling"":{""done"":false,""retryArmed"":false,""attemptCount"":0,""nextRetryMs"":0,""thresholdV"":9.999999747E-06,""minFinalV"":0},""telemetry"":{""valid"":true,""sampleMs"":6592234,""gasClass"":6,""gasName"":""CO2"",""confidence"":0,""alarm"":false,""sensorVoltage"":[0.115332209,0.003976311,0.004842284,-0.0025688,-0.008483179,-0.011344304,-0.019462366,-0.025324369],""sensorGain"":[32,64,64,64,64,64,64,64],""sensorStatus"":[0,0,0,0,0,0,0,0],""featureOrder"":[""MQ8"",""MQ135"",""MQ3"",""MQ5"",""MQ4"",""MQ7"",""MQ6"",""MQ2""]},""alarmLatched"":false}"
2026-08-04 11:10:56.993 +07:00,215.874,HOT_SWEEP_70,70,700,300,1,0,0.115830466,0.003901673,0.004828582,-0.002544996,-0.008451754,-0.01129052,-0.019096086,-0.024895625,"{""deviceId"":""1001"",""nodeId"":4097,""targetChId"":""0010"",""mode"":""inference"",""uptimeMs"":6593336,""debugEnabled"":true,""power"":{""mode"":""24v"",""externalPower"":true,""batteryMv"":65535,""batteryValid"":false,""batteryDetected"":false,""batterySenseStatus"":""not_detected"",""batteryLow"":false,""batteryCritical"":false,""sourceAmbiguous"":false,""serviceHoldActive"":false,""serviceHoldEffective"":false},""batterySession"":{""state"":""inactive"",""startedMs"":0,""stateStartedMs"":0,""validSampleBatches"":0,""requiredSampleBatches"":10,""alarmTxAttempts"":0,""alarmTxAttemptLimit"":3,""alarmAckReceived"":false,""pendingAlarm"":false,""pendingSaveRequired"":false,""persistenceFaultHold"":false,""completionReason"":""session_done""},""bootHealth"":{""adsReady"":true,""adsDrdyLevel"":0,""adsDrdyPulldownLevel"":0,""adsDrdyPullupLevel"":0,""adsMisoPulldownLevel"":0,""adsMisoPullupLevel"":1,""adsCsLevel"":1,""adsSyncLevel"":1,""adsStatus"":54,""adsMux"":15,""adsAdcon"":6,""adsDrate"":240,""adsReason"":""ok"",""tcaOk"":true,""mcpOkCount"":8,""mcpOk"":[true,true,true,true,true,true,true,true],""mcpAddrMask"":[1,1,1,1,1,1,1,1],""mcpControlTested"":true,""mcpControlOkCount"":8,""mcpControlOk"":[true,true,true,true,true,true,true,true],""dacReady"":true,""radioReady"":true,""mlReady"":true,""nullingProfileApplied"":true,""modelProfileReady"":false},""runtimeMcpCode"":[255,519,795,706,799,865,665,139],""model"":{""profileId"":""cnn-dualbranch-datasheet-v1-unbound"",""scalerProfileId"":""cnn-dualbranch-datasheet-v1-unbound"",""productionApproved"":true,""boundNullingProfileId"":8,""activeNullingProfileId"":9,""bindingValid"":true,""bindingModelMatches"":true,""profileReady"":false,""inferenceValid"":false,""sensorFault"":true},""lora"":{""beginState"":0,""lastTxState"":0,""lastTxOk"":false,""txSeq"":0,""txCounter"":0,""aesKeyProvisioned"":true,""aesKeyPresent"":true,""aesKeySource"":""nvs"",""keyId"":1,""lastDownlinkCommandId"":0,""freqMHz"":920,""bwKHz"":125,""sf"":7,""cr"":5,""syncWord"":18,""txPowerDbm"":17,""preamble"":8,""tcxoVoltage"":1.600000024,""xtalVoltage"":0},""dataset"":{""state"":""idle"",""step"":""idle"",""label"":"""",""seq"":0,""targetSamples"":0,""sampleIntervalMs"":500,""maxDurationMs"":0,""useFanIntake"":true,""fanOnMs"":1000,""postFanSettleMs"":0,""nullingProfileId"":9,""queuePending"":0,""queueCapacity"":16,""queueEnqueued"":0,""queueDropped"":0,""publishFailCount"":0,""retryCount"":0,""retryFailCount"":0,""rejectedSamples"":0,""lastRejectReason"":""none"",""lastRejectChannel"":-1,""lastRejectOkFiniteCount"":0,""lastRejectStatus"":255,""lastRejectGain"":0,""lastRejectSaturated"":false},""recovery"":{""wifiReconnectCount"":0,""wifiReconnectFailCount"":0,""mqttReconnectCount"":0,""mqttConnectFailCount"":0,""lastMqttState"":0,""adsRecoveryCount"":0,""adsRecoveryFailCount"":0,""adsReadFailStreak"":0,""lastReason"":""none"",""lastRecoveryMs"":0,""bootRecoveryArmed"":false,""bootRecoveryDueMs"":0,""bootRecoveryReason"":""none"",""bootRecoveryNonAdsFailure"":false,""bootRecoveryRestartCount"":0},""nulling"":{""done"":false,""retryArmed"":false,""attemptCount"":0,""nextRetryMs"":0,""thresholdV"":9.999999747E-06,""minFinalV"":0},""telemetry"":{""valid"":true,""sampleMs"":6592958,""gasClass"":6,""gasName"":""CO2"",""confidence"":0,""alarm"":false,""sensorVoltage"":[0.115830466,0.003901673,0.004828582,-0.002544996,-0.008451754,-0.01129052,-0.019096086,-0.024895625],""sensorGain"":[32,64,64,64,64,64,64,64],""sensorStatus"":[0,0,0,0,0,0,0,0],""featureOrder"":[""MQ8"",""MQ135"",""MQ3"",""MQ5"",""MQ4"",""MQ7"",""MQ6"",""MQ2""]},""alarmLatched"":false}"
2026-08-04 11:10:57.675 +07:00,216.556,HOT_SWEEP_70,70,700,300,1,0,0.115240335,0.003928999,0.00483076,-0.002550479,-0.008569373,-0.011496594,-0.01946366,-0.025322948,"{""deviceId"":""1001"",""nodeId"":4097,""targetChId"":""0010"",""mode"":""inference"",""uptimeMs"":6594021,""debugEnabled"":true,""power"":{""mode"":""24v"",""externalPower"":true,""batteryMv"":65535,""batteryValid"":false,""batteryDetected"":false,""batterySenseStatus"":""not_detected"",""batteryLow"":false,""batteryCritical"":false,""sourceAmbiguous"":false,""serviceHoldActive"":false,""serviceHoldEffective"":false},""batterySession"":{""state"":""inactive"",""startedMs"":0,""stateStartedMs"":0,""validSampleBatches"":0,""requiredSampleBatches"":10,""alarmTxAttempts"":0,""alarmTxAttemptLimit"":3,""alarmAckReceived"":false,""pendingAlarm"":false,""pendingSaveRequired"":false,""persistenceFaultHold"":false,""completionReason"":""session_done""},""bootHealth"":{""adsReady"":true,""adsDrdyLevel"":0,""adsDrdyPulldownLevel"":0,""adsDrdyPullupLevel"":0,""adsMisoPulldownLevel"":0,""adsMisoPullupLevel"":1,""adsCsLevel"":1,""adsSyncLevel"":1,""adsStatus"":54,""adsMux"":15,""adsAdcon"":6,""adsDrate"":240,""adsReason"":""ok"",""tcaOk"":true,""mcpOkCount"":8,""mcpOk"":[true,true,true,true,true,true,true,true],""mcpAddrMask"":[1,1,1,1,1,1,1,1],""mcpControlTested"":true,""mcpControlOkCount"":8,""mcpControlOk"":[true,true,true,true,true,true,true,true],""dacReady"":true,""radioReady"":true,""mlReady"":true,""nullingProfileApplied"":true,""modelProfileReady"":false},""runtimeMcpCode"":[255,519,795,706,799,865,665,139],""model"":{""profileId"":""cnn-dualbranch-datasheet-v1-unbound"",""scalerProfileId"":""cnn-dualbranch-datasheet-v1-unbound"",""productionApproved"":true,""boundNullingProfileId"":8,""activeNullingProfileId"":9,""bindingValid"":true,""bindingModelMatches"":true,""profileReady"":false,""inferenceValid"":false,""sensorFault"":true},""lora"":{""beginState"":0,""lastTxState"":0,""lastTxOk"":false,""txSeq"":0,""txCounter"":0,""aesKeyProvisioned"":true,""aesKeyPresent"":true,""aesKeySource"":""nvs"",""keyId"":1,""lastDownlinkCommandId"":0,""freqMHz"":920,""bwKHz"":125,""sf"":7,""cr"":5,""syncWord"":18,""txPowerDbm"":17,""preamble"":8,""tcxoVoltage"":1.600000024,""xtalVoltage"":0},""dataset"":{""state"":""idle"",""step"":""idle"",""label"":"""",""seq"":0,""targetSamples"":0,""sampleIntervalMs"":500,""maxDurationMs"":0,""useFanIntake"":true,""fanOnMs"":1000,""postFanSettleMs"":0,""nullingProfileId"":9,""queuePending"":0,""queueCapacity"":16,""queueEnqueued"":0,""queueDropped"":0,""publishFailCount"":0,""retryCount"":0,""retryFailCount"":0,""rejectedSamples"":0,""lastRejectReason"":""none"",""lastRejectChannel"":-1,""lastRejectOkFiniteCount"":0,""lastRejectStatus"":255,""lastRejectGain"":0,""lastRejectSaturated"":false},""recovery"":{""wifiReconnectCount"":0,""wifiReconnectFailCount"":0,""mqttReconnectCount"":0,""mqttConnectFailCount"":0,""lastMqttState"":0,""adsRecoveryCount"":0,""adsRecoveryFailCount"":0,""adsReadFailStreak"":0,""lastReason"":""none"",""lastRecoveryMs"":0,""bootRecoveryArmed"":false,""bootRecoveryDueMs"":0,""bootRecoveryReason"":""none"",""bootRecoveryNonAdsFailure"":false,""bootRecoveryRestartCount"":0},""nulling"":{""done"":false,""retryArmed"":false,""attemptCount"":0,""nextRetryMs"":0,""thresholdV"":9.999999747E-06,""minFinalV"":0},""telemetry"":{""valid"":true,""sampleMs"":6593614,""gasClass"":6,""gasName"":""CO2"",""confidence"":0,""alarm"":false,""sensorVoltage"":[0.115240335,0.003928999,0.00483076,-0.002550479,-0.008569373,-0.011496594,-0.01946366,-0.025322948],""sensorGain"":[32,64,64,64,64,64,64,64],""sensorStatus"":[0,0,0,0,0,0,0,0],""featureOrder"":[""MQ8"",""MQ135"",""MQ3"",""MQ5"",""MQ4"",""MQ7"",""MQ6"",""MQ2""]},""alarmLatched"":false}"
2026-08-04 11:10:58.357 +07:00,217.238,HOT_SWEEP_70,70,700,300,1,0,0.115011118,0.003905209,0.004838762,-0.002559376,-0.008346861,-0.011477786,-0.019440738,-0.025342394,"{""deviceId"":""1001"",""nodeId"":4097,""targetChId"":""0010"",""mode"":""inference"",""uptimeMs"":6594702,""debugEnabled"":true,""power"":{""mode"":""24v"",""externalPower"":true,""batteryMv"":65535,""batteryValid"":false,""batteryDetected"":false,""batterySenseStatus"":""not_detected"",""batteryLow"":false,""batteryCritical"":false,""sourceAmbiguous"":false,""serviceHoldActive"":false,""serviceHoldEffective"":false},""batterySession"":{""state"":""inactive"",""startedMs"":0,""stateStartedMs"":0,""validSampleBatches"":0,""requiredSampleBatches"":10,""alarmTxAttempts"":0,""alarmTxAttemptLimit"":3,""alarmAckReceived"":false,""pendingAlarm"":false,""pendingSaveRequired"":false,""persistenceFaultHold"":false,""completionReason"":""session_done""},""bootHealth"":{""adsReady"":true,""adsDrdyLevel"":0,""adsDrdyPulldownLevel"":0,""adsDrdyPullupLevel"":0,""adsMisoPulldownLevel"":0,""adsMisoPullupLevel"":1,""adsCsLevel"":1,""adsSyncLevel"":1,""adsStatus"":54,""adsMux"":15,""adsAdcon"":6,""adsDrate"":240,""adsReason"":""ok"",""tcaOk"":true,""mcpOkCount"":8,""mcpOk"":[true,true,true,true,true,true,true,true],""mcpAddrMask"":[1,1,1,1,1,1,1,1],""mcpControlTested"":true,""mcpControlOkCount"":8,""mcpControlOk"":[true,true,true,true,true,true,true,true],""dacReady"":true,""radioReady"":true,""mlReady"":true,""nullingProfileApplied"":true,""modelProfileReady"":false},""runtimeMcpCode"":[255,519,795,706,799,865,665,139],""model"":{""profileId"":""cnn-dualbranch-datasheet-v1-unbound"",""scalerProfileId"":""cnn-dualbranch-datasheet-v1-unbound"",""productionApproved"":true,""boundNullingProfileId"":8,""activeNullingProfileId"":9,""bindingValid"":true,""bindingModelMatches"":true,""profileReady"":false,""inferenceValid"":false,""sensorFault"":true},""lora"":{""beginState"":0,""lastTxState"":0,""lastTxOk"":false,""txSeq"":0,""txCounter"":0,""aesKeyProvisioned"":true,""aesKeyPresent"":true,""aesKeySource"":""nvs"",""keyId"":1,""lastDownlinkCommandId"":0,""freqMHz"":920,""bwKHz"":125,""sf"":7,""cr"":5,""syncWord"":18,""txPowerDbm"":17,""preamble"":8,""tcxoVoltage"":1.600000024,""xtalVoltage"":0},""dataset"":{""state"":""idle"",""step"":""idle"",""label"":"""",""seq"":0,""targetSamples"":0,""sampleIntervalMs"":500,""maxDurationMs"":0,""useFanIntake"":true,""fanOnMs"":1000,""postFanSettleMs"":0,""nullingProfileId"":9,""queuePending"":0,""queueCapacity"":16,""queueEnqueued"":0,""queueDropped"":0,""publishFailCount"":0,""retryCount"":0,""retryFailCount"":0,""rejectedSamples"":0,""lastRejectReason"":""none"",""lastRejectChannel"":-1,""lastRejectOkFiniteCount"":0,""lastRejectStatus"":255,""lastRejectGain"":0,""lastRejectSaturated"":false},""recovery"":{""wifiReconnectCount"":0,""wifiReconnectFailCount"":0,""mqttReconnectCount"":0,""mqttConnectFailCount"":0,""lastMqttState"":0,""adsRecoveryCount"":0,""adsRecoveryFailCount"":0,""adsReadFailStreak"":0,""lastReason"":""none"",""lastRecoveryMs"":0,""bootRecoveryArmed"":false,""bootRecoveryDueMs"":0,""bootRecoveryReason"":""none"",""bootRecoveryNonAdsFailure"":false,""bootRecoveryRestartCount"":0},""nulling"":{""done"":false,""retryArmed"":false,""attemptCount"":0,""nextRetryMs"":0,""thresholdV"":9.999999747E-06,""minFinalV"":0},""telemetry"":{""valid"":true,""sampleMs"":6594299,""gasClass"":6,""gasName"":""CO2"",""confidence"":0,""alarm"":false,""sensorVoltage"":[0.115011118,0.003905209,0.004838762,-0.002559376,-0.008346861,-0.011477786,-0.019440738,-0.025342394],""sensorGain"":[32,64,64,64,64,64,64,64],""sensorStatus"":[0,0,0,0,0,0,0,0],""featureOrder"":[""MQ8"",""MQ135"",""MQ3"",""MQ5"",""MQ4"",""MQ7"",""MQ6"",""MQ2""]},""alarmLatched"":false}"
2026-08-04 11:10:59.047 +07:00,217.928,HOT_SWEEP_70,70,700,300,1,0,0.116028763,0.003909358,0.004841184,-0.002549582,-0.008124048,-0.011214736,-0.019056065,-0.02490375,"{""deviceId"":""1001"",""nodeId"":4097,""targetChId"":""0010"",""mode"":""inference"",""uptimeMs"":6595386,""debugEnabled"":true,""power"":{""mode"":""24v"",""externalPower"":true,""batteryMv"":65535,""batteryValid"":false,""batteryDetected"":false,""batterySenseStatus"":""not_detected"",""batteryLow"":false,""batteryCritical"":false,""sourceAmbiguous"":false,""serviceHoldActive"":false,""serviceHoldEffective"":false},""batterySession"":{""state"":""inactive"",""startedMs"":0,""stateStartedMs"":0,""validSampleBatches"":0,""requiredSampleBatches"":10,""alarmTxAttempts"":0,""alarmTxAttemptLimit"":3,""alarmAckReceived"":false,""pendingAlarm"":false,""pendingSaveRequired"":false,""persistenceFaultHold"":false,""completionReason"":""session_done""},""bootHealth"":{""adsReady"":true,""adsDrdyLevel"":0,""adsDrdyPulldownLevel"":0,""adsDrdyPullupLevel"":0,""adsMisoPulldownLevel"":0,""adsMisoPullupLevel"":1,""adsCsLevel"":1,""adsSyncLevel"":1,""adsStatus"":54,""adsMux"":15,""adsAdcon"":6,""adsDrate"":240,""adsReason"":""ok"",""tcaOk"":true,""mcpOkCount"":8,""mcpOk"":[true,true,true,true,true,true,true,true],""mcpAddrMask"":[1,1,1,1,1,1,1,1],""mcpControlTested"":true,""mcpControlOkCount"":8,""mcpControlOk"":[true,true,true,true,true,true,true,true],""dacReady"":true,""radioReady"":true,""mlReady"":true,""nullingProfileApplied"":true,""modelProfileReady"":false},""runtimeMcpCode"":[255,519,795,706,799,865,665,139],""model"":{""profileId"":""cnn-dualbranch-datasheet-v1-unbound"",""scalerProfileId"":""cnn-dualbranch-datasheet-v1-unbound"",""productionApproved"":true,""boundNullingProfileId"":8,""activeNullingProfileId"":9,""bindingValid"":true,""bindingModelMatches"":true,""profileReady"":false,""inferenceValid"":false,""sensorFault"":true},""lora"":{""beginState"":0,""lastTxState"":0,""lastTxOk"":false,""txSeq"":0,""txCounter"":0,""aesKeyProvisioned"":true,""aesKeyPresent"":true,""aesKeySource"":""nvs"",""keyId"":1,""lastDownlinkCommandId"":0,""freqMHz"":920,""bwKHz"":125,""sf"":7,""cr"":5,""syncWord"":18,""txPowerDbm"":17,""preamble"":8,""tcxoVoltage"":1.600000024,""xtalVoltage"":0},""dataset"":{""state"":""idle"",""step"":""idle"",""label"":"""",""seq"":0,""targetSamples"":0,""sampleIntervalMs"":500,""maxDurationMs"":0,""useFanIntake"":true,""fanOnMs"":1000,""postFanSettleMs"":0,""nullingProfileId"":9,""queuePending"":0,""queueCapacity"":16,""queueEnqueued"":0,""queueDropped"":0,""publishFailCount"":0,""retryCount"":0,""retryFailCount"":0,""rejectedSamples"":0,""lastRejectReason"":""none"",""lastRejectChannel"":-1,""lastRejectOkFiniteCount"":0,""lastRejectStatus"":255,""lastRejectGain"":0,""lastRejectSaturated"":false},""recovery"":{""wifiReconnectCount"":0,""wifiReconnectFailCount"":0,""mqttReconnectCount"":0,""mqttConnectFailCount"":0,""lastMqttState"":0,""adsRecoveryCount"":0,""adsRecoveryFailCount"":0,""adsReadFailStreak"":0,""lastReason"":""none"",""lastRecoveryMs"":0,""bootRecoveryArmed"":false,""bootRecoveryDueMs"":0,""bootRecoveryReason"":""none"",""bootRecoveryNonAdsFailure"":false,""bootRecoveryRestartCount"":0},""nulling"":{""done"":false,""retryArmed"":false,""attemptCount"":0,""nextRetryMs"":0,""thresholdV"":9.999999747E-06,""minFinalV"":0},""telemetry"":{""valid"":true,""sampleMs"":6595012,""gasClass"":6,""gasName"":""CO2"",""confidence"":0,""alarm"":false,""sensorVoltage"":[0.116028763,0.003909358,0.004841184,-0.002549582,-0.008124048,-0.011214736,-0.019056065,-0.02490375],""sensorGain"":[32,64,64,64,64,64,64,64],""sensorStatus"":[0,0,0,0,0,0,0,0],""featureOrder"":[""MQ8"",""MQ135"",""MQ3"",""MQ5"",""MQ4"",""MQ7"",""MQ6"",""MQ2""]},""alarmLatched"":false}"
2026-08-04 11:10:59.735 +07:00,218.614,HOT_SWEEP_70,70,700,300,1,0,0.115488693,0.003900725,0.004884677,-0.002585025,-0.007735181,-0.01140978,-0.019505523,-0.025407527,"{""deviceId"":""1001"",""nodeId"":4097,""targetChId"":""0010"",""mode"":""inference"",""uptimeMs"":6596071,""debugEnabled"":true,""power"":{""mode"":""24v"",""externalPower"":true,""batteryMv"":65535,""batteryValid"":false,""batteryDetected"":false,""batterySenseStatus"":""not_detected"",""batteryLow"":false,""batteryCritical"":false,""sourceAmbiguous"":false,""serviceHoldActive"":false,""serviceHoldEffective"":false},""batterySession"":{""state"":""inactive"",""startedMs"":0,""stateStartedMs"":0,""validSampleBatches"":0,""requiredSampleBatches"":10,""alarmTxAttempts"":0,""alarmTxAttemptLimit"":3,""alarmAckReceived"":false,""pendingAlarm"":false,""pendingSaveRequired"":false,""persistenceFaultHold"":false,""completionReason"":""session_done""},""bootHealth"":{""adsReady"":true,""adsDrdyLevel"":0,""adsDrdyPulldownLevel"":0,""adsDrdyPullupLevel"":0,""adsMisoPulldownLevel"":0,""adsMisoPullupLevel"":1,""adsCsLevel"":1,""adsSyncLevel"":1,""adsStatus"":54,""adsMux"":15,""adsAdcon"":6,""adsDrate"":240,""adsReason"":""ok"",""tcaOk"":true,""mcpOkCount"":8,""mcpOk"":[true,true,true,true,true,true,true,true],""mcpAddrMask"":[1,1,1,1,1,1,1,1],""mcpControlTested"":true,""mcpControlOkCount"":8,""mcpControlOk"":[true,true,true,true,true,true,true,true],""dacReady"":true,""radioReady"":true,""mlReady"":true,""nullingProfileApplied"":true,""modelProfileReady"":false},""runtimeMcpCode"":[255,519,795,706,799,865,665,139],""model"":{""profileId"":""cnn-dualbranch-datasheet-v1-unbound"",""scalerProfileId"":""cnn-dualbranch-datasheet-v1-unbound"",""productionApproved"":true,""boundNullingProfileId"":8,""activeNullingProfileId"":9,""bindingValid"":true,""bindingModelMatches"":true,""profileReady"":false,""inferenceValid"":false,""sensorFault"":true},""lora"":{""beginState"":0,""lastTxState"":0,""lastTxOk"":false,""txSeq"":0,""txCounter"":0,""aesKeyProvisioned"":true,""aesKeyPresent"":true,""aesKeySource"":""nvs"",""keyId"":1,""lastDownlinkCommandId"":0,""freqMHz"":920,""bwKHz"":125,""sf"":7,""cr"":5,""syncWord"":18,""txPowerDbm"":17,""preamble"":8,""tcxoVoltage"":1.600000024,""xtalVoltage"":0},""dataset"":{""state"":""idle"",""step"":""idle"",""label"":"""",""seq"":0,""targetSamples"":0,""sampleIntervalMs"":500,""maxDurationMs"":0,""useFanIntake"":true,""fanOnMs"":1000,""postFanSettleMs"":0,""nullingProfileId"":9,""queuePending"":0,""queueCapacity"":16,""queueEnqueued"":0,""queueDropped"":0,""publishFailCount"":0,""retryCount"":0,""retryFailCount"":0,""rejectedSamples"":0,""lastRejectReason"":""none"",""lastRejectChannel"":-1,""lastRejectOkFiniteCount"":0,""lastRejectStatus"":255,""lastRejectGain"":0,""lastRejectSaturated"":false},""recovery"":{""wifiReconnectCount"":0,""wifiReconnectFailCount"":0,""mqttReconnectCount"":0,""mqttConnectFailCount"":0,""lastMqttState"":0,""adsRecoveryCount"":0,""adsRecoveryFailCount"":0,""adsReadFailStreak"":0,""lastReason"":""none"",""lastRecoveryMs"":0,""bootRecoveryArmed"":false,""bootRecoveryDueMs"":0,""bootRecoveryReason"":""none"",""bootRecoveryNonAdsFailure"":false,""bootRecoveryRestartCount"":0},""nulling"":{""done"":false,""retryArmed"":false,""attemptCount"":0,""nextRetryMs"":0,""thresholdV"":9.999999747E-06,""minFinalV"":0},""telemetry"":{""valid"":true,""sampleMs"":6595664,""gasClass"":6,""gasName"":""CO2"",""confidence"":0,""alarm"":false,""sensorVoltage"":[0.115488693,0.003900725,0.004884677,-0.002585025,-0.007735181,-0.01140978,-0.019505523,-0.025407527],""sensorGain"":[32,64,64,64,64,64,64,64],""sensorStatus"":[0,0,0,0,0,0,0,0],""featureOrder"":[""MQ8"",""MQ135"",""MQ3"",""MQ5"",""MQ4"",""MQ7"",""MQ6"",""MQ2""]},""alarmLatched"":false}"
2026-08-04 11:11:00.430 +07:00,219.309,HOT_SWEEP_70,70,700,300,1,0,0.115092233,0.003897988,0.004849077,-0.002596281,-0.007843322,-0.011407753,-0.019530233,-0.02548185,"{""deviceId"":""1001"",""nodeId"":4097,""targetChId"":""0010"",""mode"":""inference"",""uptimeMs"":6596767,""debugEnabled"":true,""power"":{""mode"":""24v"",""externalPower"":true,""batteryMv"":65535,""batteryValid"":false,""batteryDetected"":false,""batterySenseStatus"":""not_detected"",""batteryLow"":false,""batteryCritical"":false,""sourceAmbiguous"":false,""serviceHoldActive"":false,""serviceHoldEffective"":false},""batterySession"":{""state"":""inactive"",""startedMs"":0,""stateStartedMs"":0,""validSampleBatches"":0,""requiredSampleBatches"":10,""alarmTxAttempts"":0,""alarmTxAttemptLimit"":3,""alarmAckReceived"":false,""pendingAlarm"":false,""pendingSaveRequired"":false,""persistenceFaultHold"":false,""completionReason"":""session_done""},""bootHealth"":{""adsReady"":true,""adsDrdyLevel"":0,""adsDrdyPulldownLevel"":0,""adsDrdyPullupLevel"":0,""adsMisoPulldownLevel"":0,""adsMisoPullupLevel"":1,""adsCsLevel"":1,""adsSyncLevel"":1,""adsStatus"":54,""adsMux"":15,""adsAdcon"":6,""adsDrate"":240,""adsReason"":""ok"",""tcaOk"":true,""mcpOkCount"":8,""mcpOk"":[true,true,true,true,true,true,true,true],""mcpAddrMask"":[1,1,1,1,1,1,1,1],""mcpControlTested"":true,""mcpControlOkCount"":8,""mcpControlOk"":[true,true,true,true,true,true,true,true],""dacReady"":true,""radioReady"":true,""mlReady"":true,""nullingProfileApplied"":true,""modelProfileReady"":false},""runtimeMcpCode"":[255,519,795,706,799,865,665,139],""model"":{""profileId"":""cnn-dualbranch-datasheet-v1-unbound"",""scalerProfileId"":""cnn-dualbranch-datasheet-v1-unbound"",""productionApproved"":true,""boundNullingProfileId"":8,""activeNullingProfileId"":9,""bindingValid"":true,""bindingModelMatches"":true,""profileReady"":false,""inferenceValid"":false,""sensorFault"":true},""lora"":{""beginState"":0,""lastTxState"":0,""lastTxOk"":false,""txSeq"":0,""txCounter"":0,""aesKeyProvisioned"":true,""aesKeyPresent"":true,""aesKeySource"":""nvs"",""keyId"":1,""lastDownlinkCommandId"":0,""freqMHz"":920,""bwKHz"":125,""sf"":7,""cr"":5,""syncWord"":18,""txPowerDbm"":17,""preamble"":8,""tcxoVoltage"":1.600000024,""xtalVoltage"":0},""dataset"":{""state"":""idle"",""step"":""idle"",""label"":"""",""seq"":0,""targetSamples"":0,""sampleIntervalMs"":500,""maxDurationMs"":0,""useFanIntake"":true,""fanOnMs"":1000,""postFanSettleMs"":0,""nullingProfileId"":9,""queuePending"":0,""queueCapacity"":16,""queueEnqueued"":0,""queueDropped"":0,""publishFailCount"":0,""retryCount"":0,""retryFailCount"":0,""rejectedSamples"":0,""lastRejectReason"":""none"",""lastRejectChannel"":-1,""lastRejectOkFiniteCount"":0,""lastRejectStatus"":255,""lastRejectGain"":0,""lastRejectSaturated"":false},""recovery"":{""wifiReconnectCount"":0,""wifiReconnectFailCount"":0,""mqttReconnectCount"":0,""mqttConnectFailCount"":0,""lastMqttState"":0,""adsRecoveryCount"":0,""adsRecoveryFailCount"":0,""adsReadFailStreak"":0,""lastReason"":""none"",""lastRecoveryMs"":0,""bootRecoveryArmed"":false,""bootRecoveryDueMs"":0,""bootRecoveryReason"":""none"",""bootRecoveryNonAdsFailure"":false,""bootRecoveryRestartCount"":0},""nulling"":{""done"":false,""retryArmed"":false,""attemptCount"":0,""nextRetryMs"":0,""thresholdV"":9.999999747E-06,""minFinalV"":0},""telemetry"":{""valid"":true,""sampleMs"":6596349,""gasClass"":6,""gasName"":""CO2"",""confidence"":0,""alarm"":false,""sensorVoltage"":[0.115092233,0.003897988,0.004849077,-0.002596281,-0.007843322,-0.011407753,-0.019530233,-0.02548185],""sensorGain"":[32,64,64,64,64,64,64,64],""sensorStatus"":[0,0,0,0,0,0,0,0],""featureOrder"":[""MQ8"",""MQ135"",""MQ3"",""MQ5"",""MQ4"",""MQ7"",""MQ6"",""MQ2""]},""alarmLatched"":false}"
2026-08-04 11:11:01.140 +07:00,220.021,HOT_SWEEP_70,70,700,300,1,0,0.11595422,0.003874317,0.004898525,-0.002555956,-0.00827546,-0.011397799,-0.019518193,-0.02544767,"{""deviceId"":""1001"",""nodeId"":4097,""targetChId"":""0010"",""mode"":""inference"",""uptimeMs"":6597483,""debugEnabled"":true,""power"":{""mode"":""24v"",""externalPower"":true,""batteryMv"":65535,""batteryValid"":false,""batteryDetected"":false,""batterySenseStatus"":""not_detected"",""batteryLow"":false,""batteryCritical"":false,""sourceAmbiguous"":false,""serviceHoldActive"":false,""serviceHoldEffective"":false},""batterySession"":{""state"":""inactive"",""startedMs"":0,""stateStartedMs"":0,""validSampleBatches"":0,""requiredSampleBatches"":10,""alarmTxAttempts"":0,""alarmTxAttemptLimit"":3,""alarmAckReceived"":false,""pendingAlarm"":false,""pendingSaveRequired"":false,""persistenceFaultHold"":false,""completionReason"":""session_done""},""bootHealth"":{""adsReady"":true,""adsDrdyLevel"":0,""adsDrdyPulldownLevel"":0,""adsDrdyPullupLevel"":0,""adsMisoPulldownLevel"":0,""adsMisoPullupLevel"":1,""adsCsLevel"":1,""adsSyncLevel"":1,""adsStatus"":54,""adsMux"":15,""adsAdcon"":6,""adsDrate"":240,""adsReason"":""ok"",""tcaOk"":true,""mcpOkCount"":8,""mcpOk"":[true,true,true,true,true,true,true,true],""mcpAddrMask"":[1,1,1,1,1,1,1,1],""mcpControlTested"":true,""mcpControlOkCount"":8,""mcpControlOk"":[true,true,true,true,true,true,true,true],""dacReady"":true,""radioReady"":true,""mlReady"":true,""nullingProfileApplied"":true,""modelProfileReady"":false},""runtimeMcpCode"":[255,519,795,706,799,865,665,139],""model"":{""profileId"":""cnn-dualbranch-datasheet-v1-unbound"",""scalerProfileId"":""cnn-dualbranch-datasheet-v1-unbound"",""productionApproved"":true,""boundNullingProfileId"":8,""activeNullingProfileId"":9,""bindingValid"":true,""bindingModelMatches"":true,""profileReady"":false,""inferenceValid"":false,""sensorFault"":true},""lora"":{""beginState"":0,""lastTxState"":0,""lastTxOk"":false,""txSeq"":0,""txCounter"":0,""aesKeyProvisioned"":true,""aesKeyPresent"":true,""aesKeySource"":""nvs"",""keyId"":1,""lastDownlinkCommandId"":0,""freqMHz"":920,""bwKHz"":125,""sf"":7,""cr"":5,""syncWord"":18,""txPowerDbm"":17,""preamble"":8,""tcxoVoltage"":1.600000024,""xtalVoltage"":0},""dataset"":{""state"":""idle"",""step"":""idle"",""label"":"""",""seq"":0,""targetSamples"":0,""sampleIntervalMs"":500,""maxDurationMs"":0,""useFanIntake"":true,""fanOnMs"":1000,""postFanSettleMs"":0,""nullingProfileId"":9,""queuePending"":0,""queueCapacity"":16,""queueEnqueued"":0,""queueDropped"":0,""publishFailCount"":0,""retryCount"":0,""retryFailCount"":0,""rejectedSamples"":0,""lastRejectReason"":""none"",""lastRejectChannel"":-1,""lastRejectOkFiniteCount"":0,""lastRejectStatus"":255,""lastRejectGain"":0,""lastRejectSaturated"":false},""recovery"":{""wifiReconnectCount"":0,""wifiReconnectFailCount"":0,""mqttReconnectCount"":0,""mqttConnectFailCount"":0,""lastMqttState"":0,""adsRecoveryCount"":0,""adsRecoveryFailCount"":0,""adsReadFailStreak"":0,""lastReason"":""none"",""lastRecoveryMs"":0,""bootRecoveryArmed"":false,""bootRecoveryDueMs"":0,""bootRecoveryReason"":""none"",""bootRecoveryNonAdsFailure"":false,""bootRecoveryRestartCount"":0},""nulling"":{""done"":false,""retryArmed"":false,""attemptCount"":0,""nextRetryMs"":0,""thresholdV"":9.999999747E-06,""minFinalV"":0},""telemetry"":{""valid"":true,""sampleMs"":6597077,""gasClass"":6,""gasName"":""CO2"",""confidence"":0,""alarm"":false,""sensorVoltage"":[0.11595422,0.003874317,0.004898525,-0.002555956,-0.00827546,-0.011397799,-0.019518193,-0.02544767],""sensorGain"":[32,64,64,64,64,64,64,64],""sensorStatus"":[0,0,0,0,0,0,0,0],""featureOrder"":[""MQ8"",""MQ135"",""MQ3"",""MQ5"",""MQ4"",""MQ7"",""MQ6"",""MQ2""]},""alarmLatched"":false}"
2026-08-04 11:11:01.832 +07:00,220.712,HOT_SWEEP_70,70,700,300,1,0,0.115320131,0.003917258,0.004913594,-0.002575381,-0.008525519,-0.011675857,-0.019502068,-0.025449902,"{""deviceId"":""1001"",""nodeId"":4097,""targetChId"":""0010"",""mode"":""inference"",""uptimeMs"":6598169,""debugEnabled"":true,""power"":{""mode"":""24v"",""externalPower"":true,""batteryMv"":65535,""batteryValid"":false,""batteryDetected"":false,""batterySenseStatus"":""not_detected"",""batteryLow"":false,""batteryCritical"":false,""sourceAmbiguous"":false,""serviceHoldActive"":false,""serviceHoldEffective"":false},""batterySession"":{""state"":""inactive"",""startedMs"":0,""stateStartedMs"":0,""validSampleBatches"":0,""requiredSampleBatches"":10,""alarmTxAttempts"":0,""alarmTxAttemptLimit"":3,""alarmAckReceived"":false,""pendingAlarm"":false,""pendingSaveRequired"":false,""persistenceFaultHold"":false,""completionReason"":""session_done""},""bootHealth"":{""adsReady"":true,""adsDrdyLevel"":0,""adsDrdyPulldownLevel"":0,""adsDrdyPullupLevel"":0,""adsMisoPulldownLevel"":0,""adsMisoPullupLevel"":1,""adsCsLevel"":1,""adsSyncLevel"":1,""adsStatus"":54,""adsMux"":15,""adsAdcon"":6,""adsDrate"":240,""adsReason"":""ok"",""tcaOk"":true,""mcpOkCount"":8,""mcpOk"":[true,true,true,true,true,true,true,true],""mcpAddrMask"":[1,1,1,1,1,1,1,1],""mcpControlTested"":true,""mcpControlOkCount"":8,""mcpControlOk"":[true,true,true,true,true,true,true,true],""dacReady"":true,""radioReady"":true,""mlReady"":true,""nullingProfileApplied"":true,""modelProfileReady"":false},""runtimeMcpCode"":[255,519,795,706,799,865,665,139],""model"":{""profileId"":""cnn-dualbranch-datasheet-v1-unbound"",""scalerProfileId"":""cnn-dualbranch-datasheet-v1-unbound"",""productionApproved"":true,""boundNullingProfileId"":8,""activeNullingProfileId"":9,""bindingValid"":true,""bindingModelMatches"":true,""profileReady"":false,""inferenceValid"":false,""sensorFault"":true},""lora"":{""beginState"":0,""lastTxState"":0,""lastTxOk"":false,""txSeq"":0,""txCounter"":0,""aesKeyProvisioned"":true,""aesKeyPresent"":true,""aesKeySource"":""nvs"",""keyId"":1,""lastDownlinkCommandId"":0,""freqMHz"":920,""bwKHz"":125,""sf"":7,""cr"":5,""syncWord"":18,""txPowerDbm"":17,""preamble"":8,""tcxoVoltage"":1.600000024,""xtalVoltage"":0},""dataset"":{""state"":""idle"",""step"":""idle"",""label"":"""",""seq"":0,""targetSamples"":0,""sampleIntervalMs"":500,""maxDurationMs"":0,""useFanIntake"":true,""fanOnMs"":1000,""postFanSettleMs"":0,""nullingProfileId"":9,""queuePending"":0,""queueCapacity"":16,""queueEnqueued"":0,""queueDropped"":0,""publishFailCount"":0,""retryCount"":0,""retryFailCount"":0,""rejectedSamples"":0,""lastRejectReason"":""none"",""lastRejectChannel"":-1,""lastRejectOkFiniteCount"":0,""lastRejectStatus"":255,""lastRejectGain"":0,""lastRejectSaturated"":false},""recovery"":{""wifiReconnectCount"":0,""wifiReconnectFailCount"":0,""mqttReconnectCount"":0,""mqttConnectFailCount"":0,""lastMqttState"":0,""adsRecoveryCount"":0,""adsRecoveryFailCount"":0,""adsReadFailStreak"":0,""lastReason"":""none"",""lastRecoveryMs"":0,""bootRecoveryArmed"":false,""bootRecoveryDueMs"":0,""bootRecoveryReason"":""none"",""bootRecoveryNonAdsFailure"":false,""bootRecoveryRestartCount"":0},""nulling"":{""done"":false,""retryArmed"":false,""attemptCount"":0,""nextRetryMs"":0,""thresholdV"":9.999999747E-06,""minFinalV"":0},""telemetry"":{""valid"":true,""sampleMs"":6597761,""gasClass"":6,""gasName"":""CO2"",""confidence"":0,""alarm"":false,""sensorVoltage"":[0.115320131,0.003917258,0.004913594,-0.002575381,-0.008525519,-0.011675857,-0.019502068,-0.025449902],""sensorGain"":[32,64,64,64,64,64,64,64],""sensorStatus"":[0,0,0,0,0,0,0,0],""featureOrder"":[""MQ8"",""MQ135"",""MQ3"",""MQ5"",""MQ4"",""MQ7"",""MQ6"",""MQ2""]},""alarmLatched"":false}"
2026-08-04 11:11:02.522 +07:00,221.404,HOT_SWEEP_70,70,700,300,1,0,0.115051702,0.003923505,0.004889548,-0.002570022,-0.007065676,-0.011669411,-0.019531209,-0.025467928,"{""deviceId"":""1001"",""nodeId"":4097,""targetChId"":""0010"",""mode"":""inference"",""uptimeMs"":6598864,""debugEnabled"":true,""power"":{""mode"":""24v"",""externalPower"":true,""batteryMv"":65535,""batteryValid"":false,""batteryDetected"":false,""batterySenseStatus"":""not_detected"",""batteryLow"":false,""batteryCritical"":false,""sourceAmbiguous"":false,""serviceHoldActive"":false,""serviceHoldEffective"":false},""batterySession"":{""state"":""inactive"",""startedMs"":0,""stateStartedMs"":0,""validSampleBatches"":0,""requiredSampleBatches"":10,""alarmTxAttempts"":0,""alarmTxAttemptLimit"":3,""alarmAckReceived"":false,""pendingAlarm"":false,""pendingSaveRequired"":false,""persistenceFaultHold"":false,""completionReason"":""session_done""},""bootHealth"":{""adsReady"":true,""adsDrdyLevel"":0,""adsDrdyPulldownLevel"":0,""adsDrdyPullupLevel"":0,""adsMisoPulldownLevel"":0,""adsMisoPullupLevel"":1,""adsCsLevel"":1,""adsSyncLevel"":1,""adsStatus"":54,""adsMux"":15,""adsAdcon"":6,""adsDrate"":240,""adsReason"":""ok"",""tcaOk"":true,""mcpOkCount"":8,""mcpOk"":[true,true,true,true,true,true,true,true],""mcpAddrMask"":[1,1,1,1,1,1,1,1],""mcpControlTested"":true,""mcpControlOkCount"":8,""mcpControlOk"":[true,true,true,true,true,true,true,true],""dacReady"":true,""radioReady"":true,""mlReady"":true,""nullingProfileApplied"":true,""modelProfileReady"":false},""runtimeMcpCode"":[255,519,795,706,799,865,665,139],""model"":{""profileId"":""cnn-dualbranch-datasheet-v1-unbound"",""scalerProfileId"":""cnn-dualbranch-datasheet-v1-unbound"",""productionApproved"":true,""boundNullingProfileId"":8,""activeNullingProfileId"":9,""bindingValid"":true,""bindingModelMatches"":true,""profileReady"":false,""inferenceValid"":false,""sensorFault"":true},""lora"":{""beginState"":0,""lastTxState"":0,""lastTxOk"":false,""txSeq"":0,""txCounter"":0,""aesKeyProvisioned"":true,""aesKeyPresent"":true,""aesKeySource"":""nvs"",""keyId"":1,""lastDownlinkCommandId"":0,""freqMHz"":920,""bwKHz"":125,""sf"":7,""cr"":5,""syncWord"":18,""txPowerDbm"":17,""preamble"":8,""tcxoVoltage"":1.600000024,""xtalVoltage"":0},""dataset"":{""state"":""idle"",""step"":""idle"",""label"":"""",""seq"":0,""targetSamples"":0,""sampleIntervalMs"":500,""maxDurationMs"":0,""useFanIntake"":true,""fanOnMs"":1000,""postFanSettleMs"":0,""nullingProfileId"":9,""queuePending"":0,""queueCapacity"":16,""queueEnqueued"":0,""queueDropped"":0,""publishFailCount"":0,""retryCount"":0,""retryFailCount"":0,""rejectedSamples"":0,""lastRejectReason"":""none"",""lastRejectChannel"":-1,""lastRejectOkFiniteCount"":0,""lastRejectStatus"":255,""lastRejectGain"":0,""lastRejectSaturated"":false},""recovery"":{""wifiReconnectCount"":0,""wifiReconnectFailCount"":0,""mqttReconnectCount"":0,""mqttConnectFailCount"":0,""lastMqttState"":0,""adsRecoveryCount"":0,""adsRecoveryFailCount"":0,""adsReadFailStreak"":0,""lastReason"":""none"",""lastRecoveryMs"":0,""bootRecoveryArmed"":false,""bootRecoveryDueMs"":0,""bootRecoveryReason"":""none"",""bootRecoveryNonAdsFailure"":false,""bootRecoveryRestartCount"":0},""nulling"":{""done"":false,""retryArmed"":false,""attemptCount"":0,""nextRetryMs"":0,""thresholdV"":9.999999747E-06,""minFinalV"":0},""telemetry"":{""valid"":true,""sampleMs"":6598447,""gasClass"":6,""gasName"":""CO2"",""confidence"":0,""alarm"":false,""sensorVoltage"":[0.115051702,0.003923505,0.004889548,-0.002570022,-0.007065676,-0.011669411,-0.019531209,-0.025467928],""sensorGain"":[32,64,64,64,64,64,64,64],""sensorStatus"":[0,0,0,0,0,0,0,0],""featureOrder"":[""MQ8"",""MQ135"",""MQ3"",""MQ5"",""MQ4"",""MQ7"",""MQ6"",""MQ2""]},""alarmLatched"":false}"
2026-08-04 11:11:03.205 +07:00,222.086,HOT_SWEEP_70,70,700,300,1,0,0.115631402,0.00391877,0.004914811,-0.002577739,-0.006084704,-0.011664296,-0.019526359,-0.025484011,"{""deviceId"":""1001"",""nodeId"":4097,""targetChId"":""0010"",""mode"":""inference"",""uptimeMs"":6599551,""debugEnabled"":true,""power"":{""mode"":""24v"",""externalPower"":true,""batteryMv"":65535,""batteryValid"":false,""batteryDetected"":false,""batterySenseStatus"":""not_detected"",""batteryLow"":false,""batteryCritical"":false,""sourceAmbiguous"":false,""serviceHoldActive"":false,""serviceHoldEffective"":false},""batterySession"":{""state"":""inactive"",""startedMs"":0,""stateStartedMs"":0,""validSampleBatches"":0,""requiredSampleBatches"":10,""alarmTxAttempts"":0,""alarmTxAttemptLimit"":3,""alarmAckReceived"":false,""pendingAlarm"":false,""pendingSaveRequired"":false,""persistenceFaultHold"":false,""completionReason"":""session_done""},""bootHealth"":{""adsReady"":true,""adsDrdyLevel"":0,""adsDrdyPulldownLevel"":0,""adsDrdyPullupLevel"":0,""adsMisoPulldownLevel"":0,""adsMisoPullupLevel"":1,""adsCsLevel"":1,""adsSyncLevel"":1,""adsStatus"":54,""adsMux"":15,""adsAdcon"":6,""adsDrate"":240,""adsReason"":""ok"",""tcaOk"":true,""mcpOkCount"":8,""mcpOk"":[true,true,true,true,true,true,true,true],""mcpAddrMask"":[1,1,1,1,1,1,1,1],""mcpControlTested"":true,""mcpControlOkCount"":8,""mcpControlOk"":[true,true,true,true,true,true,true,true],""dacReady"":true,""radioReady"":true,""mlReady"":true,""nullingProfileApplied"":true,""modelProfileReady"":false},""runtimeMcpCode"":[255,519,795,706,799,865,665,139],""model"":{""profileId"":""cnn-dualbranch-datasheet-v1-unbound"",""scalerProfileId"":""cnn-dualbranch-datasheet-v1-unbound"",""productionApproved"":true,""boundNullingProfileId"":8,""activeNullingProfileId"":9,""bindingValid"":true,""bindingModelMatches"":true,""profileReady"":false,""inferenceValid"":false,""sensorFault"":true},""lora"":{""beginState"":0,""lastTxState"":0,""lastTxOk"":false,""txSeq"":0,""txCounter"":0,""aesKeyProvisioned"":true,""aesKeyPresent"":true,""aesKeySource"":""nvs"",""keyId"":1,""lastDownlinkCommandId"":0,""freqMHz"":920,""bwKHz"":125,""sf"":7,""cr"":5,""syncWord"":18,""txPowerDbm"":17,""preamble"":8,""tcxoVoltage"":1.600000024,""xtalVoltage"":0},""dataset"":{""state"":""idle"",""step"":""idle"",""label"":"""",""seq"":0,""targetSamples"":0,""sampleIntervalMs"":500,""maxDurationMs"":0,""useFanIntake"":true,""fanOnMs"":1000,""postFanSettleMs"":0,""nullingProfileId"":9,""queuePending"":0,""queueCapacity"":16,""queueEnqueued"":0,""queueDropped"":0,""publishFailCount"":0,""retryCount"":0,""retryFailCount"":0,""rejectedSamples"":0,""lastRejectReason"":""none"",""lastRejectChannel"":-1,""lastRejectOkFiniteCount"":0,""lastRejectStatus"":255,""lastRejectGain"":0,""lastRejectSaturated"":false},""recovery"":{""wifiReconnectCount"":0,""wifiReconnectFailCount"":0,""mqttReconnectCount"":0,""mqttConnectFailCount"":0,""lastMqttState"":0,""adsRecoveryCount"":0,""adsRecoveryFailCount"":0,""adsReadFailStreak"":0,""lastReason"":""none"",""lastRecoveryMs"":0,""bootRecoveryArmed"":false,""bootRecoveryDueMs"":0,""bootRecoveryReason"":""none"",""bootRecoveryNonAdsFailure"":false,""bootRecoveryRestartCount"":0},""nulling"":{""done"":false,""retryArmed"":false,""attemptCount"":0,""nextRetryMs"":0,""thresholdV"":9.999999747E-06,""minFinalV"":0},""telemetry"":{""valid"":true,""sampleMs"":6599174,""gasClass"":6,""gasName"":""CO2"",""confidence"":0,""alarm"":false,""sensorVoltage"":[0.115631402,0.00391877,0.004914811,-0.002577739,-0.006084704,-0.011664296,-0.019526359,-0.025484011],""sensorGain"":[32,64,64,64,64,64,64,64],""sensorStatus"":[0,0,0,0,0,0,0,0],""featureOrder"":[""MQ8"",""MQ135"",""MQ3"",""MQ5"",""MQ4"",""MQ7"",""MQ6"",""MQ2""]},""alarmLatched"":false}"
2026-08-04 11:11:03.889 +07:00,222.770,HOT_SWEEP_70,70,700,300,1,0,0.11528077,0.004032652,0.004960604,-0.002625215,-0.00609843,-0.011725196,-0.019531976,-0.025462341,"{""deviceId"":""1001"",""nodeId"":4097,""targetChId"":""0010"",""mode"":""inference"",""uptimeMs"":6600233,""debugEnabled"":true,""power"":{""mode"":""24v"",""externalPower"":true,""batteryMv"":65535,""batteryValid"":false,""batteryDetected"":false,""batterySenseStatus"":""not_detected"",""batteryLow"":false,""batteryCritical"":false,""sourceAmbiguous"":false,""serviceHoldActive"":false,""serviceHoldEffective"":false},""batterySession"":{""state"":""inactive"",""startedMs"":0,""stateStartedMs"":0,""validSampleBatches"":0,""requiredSampleBatches"":10,""alarmTxAttempts"":0,""alarmTxAttemptLimit"":3,""alarmAckReceived"":false,""pendingAlarm"":false,""pendingSaveRequired"":false,""persistenceFaultHold"":false,""completionReason"":""session_done""},""bootHealth"":{""adsReady"":true,""adsDrdyLevel"":0,""adsDrdyPulldownLevel"":0,""adsDrdyPullupLevel"":0,""adsMisoPulldownLevel"":0,""adsMisoPullupLevel"":1,""adsCsLevel"":1,""adsSyncLevel"":1,""adsStatus"":54,""adsMux"":15,""adsAdcon"":6,""adsDrate"":240,""adsReason"":""ok"",""tcaOk"":true,""mcpOkCount"":8,""mcpOk"":[true,true,true,true,true,true,true,true],""mcpAddrMask"":[1,1,1,1,1,1,1,1],""mcpControlTested"":true,""mcpControlOkCount"":8,""mcpControlOk"":[true,true,true,true,true,true,true,true],""dacReady"":true,""radioReady"":true,""mlReady"":true,""nullingProfileApplied"":true,""modelProfileReady"":false},""runtimeMcpCode"":[255,519,795,706,799,865,665,139],""model"":{""profileId"":""cnn-dualbranch-datasheet-v1-unbound"",""scalerProfileId"":""cnn-dualbranch-datasheet-v1-unbound"",""productionApproved"":true,""boundNullingProfileId"":8,""activeNullingProfileId"":9,""bindingValid"":true,""bindingModelMatches"":true,""profileReady"":false,""inferenceValid"":false,""sensorFault"":true},""lora"":{""beginState"":0,""lastTxState"":0,""lastTxOk"":false,""txSeq"":0,""txCounter"":0,""aesKeyProvisioned"":true,""aesKeyPresent"":true,""aesKeySource"":""nvs"",""keyId"":1,""lastDownlinkCommandId"":0,""freqMHz"":920,""bwKHz"":125,""sf"":7,""cr"":5,""syncWord"":18,""txPowerDbm"":17,""preamble"":8,""tcxoVoltage"":1.600000024,""xtalVoltage"":0},""dataset"":{""state"":""idle"",""step"":""idle"",""label"":"""",""seq"":0,""targetSamples"":0,""sampleIntervalMs"":500,""maxDurationMs"":0,""useFanIntake"":true,""fanOnMs"":1000,""postFanSettleMs"":0,""nullingProfileId"":9,""queuePending"":0,""queueCapacity"":16,""queueEnqueued"":0,""queueDropped"":0,""publishFailCount"":0,""retryCount"":0,""retryFailCount"":0,""rejectedSamples"":0,""lastRejectReason"":""none"",""lastRejectChannel"":-1,""lastRejectOkFiniteCount"":0,""lastRejectStatus"":255,""lastRejectGain"":0,""lastRejectSaturated"":false},""recovery"":{""wifiReconnectCount"":0,""wifiReconnectFailCount"":0,""mqttReconnectCount"":0,""mqttConnectFailCount"":0,""lastMqttState"":0,""adsRecoveryCount"":0,""adsRecoveryFailCount"":0,""adsReadFailStreak"":0,""lastReason"":""none"",""lastRecoveryMs"":0,""bootRecoveryArmed"":false,""bootRecoveryDueMs"":0,""bootRecoveryReason"":""none"",""bootRecoveryNonAdsFailure"":false,""bootRecoveryRestartCount"":0},""nulling"":{""done"":false,""retryArmed"":false,""attemptCount"":0,""nextRetryMs"":0,""thresholdV"":9.999999747E-06,""minFinalV"":0},""telemetry"":{""valid"":true,""sampleMs"":6599829,""gasClass"":6,""gasName"":""CO2"",""confidence"":0,""alarm"":false,""sensorVoltage"":[0.11528077,0.004032652,0.004960604,-0.002625215,-0.00609843,-0.011725196,-0.019531976,-0.025462341],""sensorGain"":[32,64,64,64,64,64,64,64],""sensorStatus"":[0,0,0,0,0,0,0,0],""featureOrder"":[""MQ8"",""MQ135"",""MQ3"",""MQ5"",""MQ4"",""MQ7"",""MQ6"",""MQ2""]},""alarmLatched"":false}"
2026-08-04 11:11:04.581 +07:00,223.451,HOT_SWEEP_70,70,700,300,1,0,0.114875913,0.004008546,0.004935754,-0.002614995,-0.006090797,-0.011671981,-0.019531567,-0.025568193,"{""deviceId"":""1001"",""nodeId"":4097,""targetChId"":""0010"",""mode"":""inference"",""uptimeMs"":6600918,""debugEnabled"":true,""power"":{""mode"":""24v"",""externalPower"":true,""batteryMv"":65535,""batteryValid"":false,""batteryDetected"":false,""batterySenseStatus"":""not_detected"",""batteryLow"":false,""batteryCritical"":false,""sourceAmbiguous"":false,""serviceHoldActive"":false,""serviceHoldEffective"":false},""batterySession"":{""state"":""inactive"",""startedMs"":0,""stateStartedMs"":0,""validSampleBatches"":0,""requiredSampleBatches"":10,""alarmTxAttempts"":0,""alarmTxAttemptLimit"":3,""alarmAckReceived"":false,""pendingAlarm"":false,""pendingSaveRequired"":false,""persistenceFaultHold"":false,""completionReason"":""session_done""},""bootHealth"":{""adsReady"":true,""adsDrdyLevel"":0,""adsDrdyPulldownLevel"":0,""adsDrdyPullupLevel"":0,""adsMisoPulldownLevel"":0,""adsMisoPullupLevel"":1,""adsCsLevel"":1,""adsSyncLevel"":1,""adsStatus"":54,""adsMux"":15,""adsAdcon"":6,""adsDrate"":240,""adsReason"":""ok"",""tcaOk"":true,""mcpOkCount"":8,""mcpOk"":[true,true,true,true,true,true,true,true],""mcpAddrMask"":[1,1,1,1,1,1,1,1],""mcpControlTested"":true,""mcpControlOkCount"":8,""mcpControlOk"":[true,true,true,true,true,true,true,true],""dacReady"":true,""radioReady"":true,""mlReady"":true,""nullingProfileApplied"":true,""modelProfileReady"":false},""runtimeMcpCode"":[255,519,795,706,799,865,665,139],""model"":{""profileId"":""cnn-dualbranch-datasheet-v1-unbound"",""scalerProfileId"":""cnn-dualbranch-datasheet-v1-unbound"",""productionApproved"":true,""boundNullingProfileId"":8,""activeNullingProfileId"":9,""bindingValid"":true,""bindingModelMatches"":true,""profileReady"":false,""inferenceValid"":false,""sensorFault"":true},""lora"":{""beginState"":0,""lastTxState"":0,""lastTxOk"":false,""txSeq"":0,""txCounter"":0,""aesKeyProvisioned"":true,""aesKeyPresent"":true,""aesKeySource"":""nvs"",""keyId"":1,""lastDownlinkCommandId"":0,""freqMHz"":920,""bwKHz"":125,""sf"":7,""cr"":5,""syncWord"":18,""txPowerDbm"":17,""preamble"":8,""tcxoVoltage"":1.600000024,""xtalVoltage"":0},""dataset"":{""state"":""idle"",""step"":""idle"",""label"":"""",""seq"":0,""targetSamples"":0,""sampleIntervalMs"":500,""maxDurationMs"":0,""useFanIntake"":true,""fanOnMs"":1000,""postFanSettleMs"":0,""nullingProfileId"":9,""queuePending"":0,""queueCapacity"":16,""queueEnqueued"":0,""queueDropped"":0,""publishFailCount"":0,""retryCount"":0,""retryFailCount"":0,""rejectedSamples"":0,""lastRejectReason"":""none"",""lastRejectChannel"":-1,""lastRejectOkFiniteCount"":0,""lastRejectStatus"":255,""lastRejectGain"":0,""lastRejectSaturated"":false},""recovery"":{""wifiReconnectCount"":0,""wifiReconnectFailCount"":0,""mqttReconnectCount"":0,""mqttConnectFailCount"":0,""lastMqttState"":0,""adsRecoveryCount"":0,""adsRecoveryFailCount"":0,""adsReadFailStreak"":0,""lastReason"":""none"",""lastRecoveryMs"":0,""bootRecoveryArmed"":false,""bootRecoveryDueMs"":0,""bootRecoveryReason"":""none"",""bootRecoveryNonAdsFailure"":false,""bootRecoveryRestartCount"":0},""nulling"":{""done"":false,""retryArmed"":false,""attemptCount"":0,""nextRetryMs"":0,""thresholdV"":9.999999747E-06,""minFinalV"":0},""telemetry"":{""valid"":true,""sampleMs"":6600511,""gasClass"":6,""gasName"":""CO2"",""confidence"":0,""alarm"":false,""sensorVoltage"":[0.114875913,0.004008546,0.004935754,-0.002614995,-0.006090797,-0.011671981,-0.019531567,-0.025568193],""sensorGain"":[32,64,64,64,64,64,64,64],""sensorStatus"":[0,0,0,0,0,0,0,0],""featureOrder"":[""MQ8"",""MQ135"",""MQ3"",""MQ5"",""MQ4"",""MQ7"",""MQ6"",""MQ2""]},""alarmLatched"":false}"
2026-08-04 11:11:05.270 +07:00,224.151,HOT_SWEEP_70,70,700,300,1,0,0.115296185,0.004037074,0.004978517,-0.00259358,-0.006281676,-0.011673311,-0.01953301,-0.025594626999999998,"{""deviceId"":""1001"",""nodeId"":4097,""targetChId"":""0010"",""mode"":""inference"",""uptimeMs"":6601615,""debugEnabled"":true,""power"":{""mode"":""24v"",""externalPower"":true,""batteryMv"":65535,""batteryValid"":false,""batteryDetected"":false,""batterySenseStatus"":""not_detected"",""batteryLow"":false,""batteryCritical"":false,""sourceAmbiguous"":false,""serviceHoldActive"":false,""serviceHoldEffective"":false},""batterySession"":{""state"":""inactive"",""startedMs"":0,""stateStartedMs"":0,""validSampleBatches"":0,""requiredSampleBatches"":10,""alarmTxAttempts"":0,""alarmTxAttemptLimit"":3,""alarmAckReceived"":false,""pendingAlarm"":false,""pendingSaveRequired"":false,""persistenceFaultHold"":false,""completionReason"":""session_done""},""bootHealth"":{""adsReady"":true,""adsDrdyLevel"":0,""adsDrdyPulldownLevel"":0,""adsDrdyPullupLevel"":0,""adsMisoPulldownLevel"":0,""adsMisoPullupLevel"":1,""adsCsLevel"":1,""adsSyncLevel"":1,""adsStatus"":54,""adsMux"":15,""adsAdcon"":6,""adsDrate"":240,""adsReason"":""ok"",""tcaOk"":true,""mcpOkCount"":8,""mcpOk"":[true,true,true,true,true,true,true,true],""mcpAddrMask"":[1,1,1,1,1,1,1,1],""mcpControlTested"":true,""mcpControlOkCount"":8,""mcpControlOk"":[true,true,true,true,true,true,true,true],""dacReady"":true,""radioReady"":true,""mlReady"":true,""nullingProfileApplied"":true,""modelProfileReady"":false},""runtimeMcpCode"":[255,519,795,706,799,865,665,139],""model"":{""profileId"":""cnn-dualbranch-datasheet-v1-unbound"",""scalerProfileId"":""cnn-dualbranch-datasheet-v1-unbound"",""productionApproved"":true,""boundNullingProfileId"":8,""activeNullingProfileId"":9,""bindingValid"":true,""bindingModelMatches"":true,""profileReady"":false,""inferenceValid"":false,""sensorFault"":true},""lora"":{""beginState"":0,""lastTxState"":0,""lastTxOk"":false,""txSeq"":0,""txCounter"":0,""aesKeyProvisioned"":true,""aesKeyPresent"":true,""aesKeySource"":""nvs"",""keyId"":1,""lastDownlinkCommandId"":0,""freqMHz"":920,""bwKHz"":125,""sf"":7,""cr"":5,""syncWord"":18,""txPowerDbm"":17,""preamble"":8,""tcxoVoltage"":1.600000024,""xtalVoltage"":0},""dataset"":{""state"":""idle"",""step"":""idle"",""label"":"""",""seq"":0,""targetSamples"":0,""sampleIntervalMs"":500,""maxDurationMs"":0,""useFanIntake"":true,""fanOnMs"":1000,""postFanSettleMs"":0,""nullingProfileId"":9,""queuePending"":0,""queueCapacity"":16,""queueEnqueued"":0,""queueDropped"":0,""publishFailCount"":0,""retryCount"":0,""retryFailCount"":0,""rejectedSamples"":0,""lastRejectReason"":""none"",""lastRejectChannel"":-1,""lastRejectOkFiniteCount"":0,""lastRejectStatus"":255,""lastRejectGain"":0,""lastRejectSaturated"":false},""recovery"":{""wifiReconnectCount"":0,""wifiReconnectFailCount"":0,""mqttReconnectCount"":0,""mqttConnectFailCount"":0,""lastMqttState"":0,""adsRecoveryCount"":0,""adsRecoveryFailCount"":0,""adsReadFailStreak"":0,""lastReason"":""none"",""lastRecoveryMs"":0,""bootRecoveryArmed"":false,""bootRecoveryDueMs"":0,""bootRecoveryReason"":""none"",""bootRecoveryNonAdsFailure"":false,""bootRecoveryRestartCount"":0},""nulling"":{""done"":false,""retryArmed"":false,""attemptCount"":0,""nextRetryMs"":0,""thresholdV"":9.999999747E-06,""minFinalV"":0},""telemetry"":{""valid"":true,""sampleMs"":6601228,""gasClass"":6,""gasName"":""CO2"",""confidence"":0,""alarm"":false,""sensorVoltage"":[0.115296185,0.004037074,0.004978517,-0.00259358,-0.006281676,-0.011673311,-0.01953301,-0.025594627],""sensorGain"":[32,64,64,64,64,64,64,64],""sensorStatus"":[0,0,0,0,0,0,0,0],""featureOrder"":[""MQ8"",""MQ135"",""MQ3"",""MQ5"",""MQ4"",""MQ7"",""MQ6"",""MQ2""]},""alarmLatched"":false}"
2026-08-04 11:11:05.955 +07:00,224.836,HOT_SWEEP_70,70,700,300,1,0,0.115263678,0.004003569,0.004962458,-0.002574857,-0.006285612,-0.011744298,-0.019564908,-0.025613964,"{""deviceId"":""1001"",""nodeId"":4097,""targetChId"":""0010"",""mode"":""inference"",""uptimeMs"":6602298,""debugEnabled"":true,""power"":{""mode"":""24v"",""externalPower"":true,""batteryMv"":65535,""batteryValid"":false,""batteryDetected"":false,""batterySenseStatus"":""not_detected"",""batteryLow"":false,""batteryCritical"":false,""sourceAmbiguous"":false,""serviceHoldActive"":false,""serviceHoldEffective"":false},""batterySession"":{""state"":""inactive"",""startedMs"":0,""stateStartedMs"":0,""validSampleBatches"":0,""requiredSampleBatches"":10,""alarmTxAttempts"":0,""alarmTxAttemptLimit"":3,""alarmAckReceived"":false,""pendingAlarm"":false,""pendingSaveRequired"":false,""persistenceFaultHold"":false,""completionReason"":""session_done""},""bootHealth"":{""adsReady"":true,""adsDrdyLevel"":0,""adsDrdyPulldownLevel"":0,""adsDrdyPullupLevel"":0,""adsMisoPulldownLevel"":0,""adsMisoPullupLevel"":1,""adsCsLevel"":1,""adsSyncLevel"":1,""adsStatus"":54,""adsMux"":15,""adsAdcon"":6,""adsDrate"":240,""adsReason"":""ok"",""tcaOk"":true,""mcpOkCount"":8,""mcpOk"":[true,true,true,true,true,true,true,true],""mcpAddrMask"":[1,1,1,1,1,1,1,1],""mcpControlTested"":true,""mcpControlOkCount"":8,""mcpControlOk"":[true,true,true,true,true,true,true,true],""dacReady"":true,""radioReady"":true,""mlReady"":true,""nullingProfileApplied"":true,""modelProfileReady"":false},""runtimeMcpCode"":[255,519,795,706,799,865,665,139],""model"":{""profileId"":""cnn-dualbranch-datasheet-v1-unbound"",""scalerProfileId"":""cnn-dualbranch-datasheet-v1-unbound"",""productionApproved"":true,""boundNullingProfileId"":8,""activeNullingProfileId"":9,""bindingValid"":true,""bindingModelMatches"":true,""profileReady"":false,""inferenceValid"":false,""sensorFault"":true},""lora"":{""beginState"":0,""lastTxState"":0,""lastTxOk"":false,""txSeq"":0,""txCounter"":0,""aesKeyProvisioned"":true,""aesKeyPresent"":true,""aesKeySource"":""nvs"",""keyId"":1,""lastDownlinkCommandId"":0,""freqMHz"":920,""bwKHz"":125,""sf"":7,""cr"":5,""syncWord"":18,""txPowerDbm"":17,""preamble"":8,""tcxoVoltage"":1.600000024,""xtalVoltage"":0},""dataset"":{""state"":""idle"",""step"":""idle"",""label"":"""",""seq"":0,""targetSamples"":0,""sampleIntervalMs"":500,""maxDurationMs"":0,""useFanIntake"":true,""fanOnMs"":1000,""postFanSettleMs"":0,""nullingProfileId"":9,""queuePending"":0,""queueCapacity"":16,""queueEnqueued"":0,""queueDropped"":0,""publishFailCount"":0,""retryCount"":0,""retryFailCount"":0,""rejectedSamples"":0,""lastRejectReason"":""none"",""lastRejectChannel"":-1,""lastRejectOkFiniteCount"":0,""lastRejectStatus"":255,""lastRejectGain"":0,""lastRejectSaturated"":false},""recovery"":{""wifiReconnectCount"":0,""wifiReconnectFailCount"":0,""mqttReconnectCount"":0,""mqttConnectFailCount"":0,""lastMqttState"":0,""adsRecoveryCount"":0,""adsRecoveryFailCount"":0,""adsReadFailStreak"":0,""lastReason"":""none"",""lastRecoveryMs"":0,""bootRecoveryArmed"":false,""bootRecoveryDueMs"":0,""bootRecoveryReason"":""none"",""bootRecoveryNonAdsFailure"":false,""bootRecoveryRestartCount"":0},""nulling"":{""done"":false,""retryArmed"":false,""attemptCount"":0,""nextRetryMs"":0,""thresholdV"":9.999999747E-06,""minFinalV"":0},""telemetry"":{""valid"":true,""sampleMs"":6601893,""gasClass"":6,""gasName"":""CO2"",""confidence"":0,""alarm"":false,""sensorVoltage"":[0.115263678,0.004003569,0.004962458,-0.002574857,-0.006285612,-0.011744298,-0.019564908,-0.025613964],""sensorGain"":[32,64,64,64,64,64,64,64],""sensorStatus"":[0,0,0,0,0,0,0,0],""featureOrder"":[""MQ8"",""MQ135"",""MQ3"",""MQ5"",""MQ4"",""MQ7"",""MQ6"",""MQ2""]},""alarmLatched"":false}"
2026-08-04 11:11:06.644 +07:00,225.523,HOT_SWEEP_70,70,700,300,1,0,0.114836834,0.004016106,0.004932513,-0.002559934,-0.006922564,-0.011816383,-0.019481983,-0.025555139,"{""deviceId"":""1001"",""nodeId"":4097,""targetChId"":""0010"",""mode"":""inference"",""uptimeMs"":6602982,""debugEnabled"":true,""power"":{""mode"":""24v"",""externalPower"":true,""batteryMv"":65535,""batteryValid"":false,""batteryDetected"":false,""batterySenseStatus"":""not_detected"",""batteryLow"":false,""batteryCritical"":false,""sourceAmbiguous"":false,""serviceHoldActive"":false,""serviceHoldEffective"":false},""batterySession"":{""state"":""inactive"",""startedMs"":0,""stateStartedMs"":0,""validSampleBatches"":0,""requiredSampleBatches"":10,""alarmTxAttempts"":0,""alarmTxAttemptLimit"":3,""alarmAckReceived"":false,""pendingAlarm"":false,""pendingSaveRequired"":false,""persistenceFaultHold"":false,""completionReason"":""session_done""},""bootHealth"":{""adsReady"":true,""adsDrdyLevel"":0,""adsDrdyPulldownLevel"":0,""adsDrdyPullupLevel"":0,""adsMisoPulldownLevel"":0,""adsMisoPullupLevel"":1,""adsCsLevel"":1,""adsSyncLevel"":1,""adsStatus"":54,""adsMux"":15,""adsAdcon"":6,""adsDrate"":240,""adsReason"":""ok"",""tcaOk"":true,""mcpOkCount"":8,""mcpOk"":[true,true,true,true,true,true,true,true],""mcpAddrMask"":[1,1,1,1,1,1,1,1],""mcpControlTested"":true,""mcpControlOkCount"":8,""mcpControlOk"":[true,true,true,true,true,true,true,true],""dacReady"":true,""radioReady"":true,""mlReady"":true,""nullingProfileApplied"":true,""modelProfileReady"":false},""runtimeMcpCode"":[255,519,795,706,799,865,665,139],""model"":{""profileId"":""cnn-dualbranch-datasheet-v1-unbound"",""scalerProfileId"":""cnn-dualbranch-datasheet-v1-unbound"",""productionApproved"":true,""boundNullingProfileId"":8,""activeNullingProfileId"":9,""bindingValid"":true,""bindingModelMatches"":true,""profileReady"":false,""inferenceValid"":false,""sensorFault"":true},""lora"":{""beginState"":0,""lastTxState"":0,""lastTxOk"":false,""txSeq"":0,""txCounter"":0,""aesKeyProvisioned"":true,""aesKeyPresent"":true,""aesKeySource"":""nvs"",""keyId"":1,""lastDownlinkCommandId"":0,""freqMHz"":920,""bwKHz"":125,""sf"":7,""cr"":5,""syncWord"":18,""txPowerDbm"":17,""preamble"":8,""tcxoVoltage"":1.600000024,""xtalVoltage"":0},""dataset"":{""state"":""idle"",""step"":""idle"",""label"":"""",""seq"":0,""targetSamples"":0,""sampleIntervalMs"":500,""maxDurationMs"":0,""useFanIntake"":true,""fanOnMs"":1000,""postFanSettleMs"":0,""nullingProfileId"":9,""queuePending"":0,""queueCapacity"":16,""queueEnqueued"":0,""queueDropped"":0,""publishFailCount"":0,""retryCount"":0,""retryFailCount"":0,""rejectedSamples"":0,""lastRejectReason"":""none"",""lastRejectChannel"":-1,""lastRejectOkFiniteCount"":0,""lastRejectStatus"":255,""lastRejectGain"":0,""lastRejectSaturated"":false},""recovery"":{""wifiReconnectCount"":0,""wifiReconnectFailCount"":0,""mqttReconnectCount"":0,""mqttConnectFailCount"":0,""lastMqttState"":0,""adsRecoveryCount"":0,""adsRecoveryFailCount"":0,""adsReadFailStreak"":0,""lastReason"":""none"",""lastRecoveryMs"":0,""bootRecoveryArmed"":false,""bootRecoveryDueMs"":0,""bootRecoveryReason"":""none"",""bootRecoveryNonAdsFailure"":false,""bootRecoveryRestartCount"":0},""nulling"":{""done"":false,""retryArmed"":false,""attemptCount"":0,""nextRetryMs"":0,""thresholdV"":9.999999747E-06,""minFinalV"":0},""telemetry"":{""valid"":true,""sampleMs"":6602576,""gasClass"":6,""gasName"":""CO2"",""confidence"":0,""alarm"":false,""sensorVoltage"":[0.114836834,0.004016106,0.004932513,-0.002559934,-0.006922564,-0.011816383,-0.019481983,-0.025555139],""sensorGain"":[32,64,64,64,64,64,64,64],""sensorStatus"":[0,0,0,0,0,0,0,0],""featureOrder"":[""MQ8"",""MQ135"",""MQ3"",""MQ5"",""MQ4"",""MQ7"",""MQ6"",""MQ2""]},""alarmLatched"":false}"
2026-08-04 11:11:07.320 +07:00,226.201,HOT_SWEEP_70,70,700,300,1,0,0.114899859,0.003985725,0.004975026,-0.00253612,-0.00688493,-0.01183459,-0.019459456,-0.02548261,"{""deviceId"":""1001"",""nodeId"":4097,""targetChId"":""0010"",""mode"":""inference"",""uptimeMs"":6603666,""debugEnabled"":true,""power"":{""mode"":""24v"",""externalPower"":true,""batteryMv"":65535,""batteryValid"":false,""batteryDetected"":false,""batterySenseStatus"":""not_detected"",""batteryLow"":false,""batteryCritical"":false,""sourceAmbiguous"":false,""serviceHoldActive"":false,""serviceHoldEffective"":false},""batterySession"":{""state"":""inactive"",""startedMs"":0,""stateStartedMs"":0,""validSampleBatches"":0,""requiredSampleBatches"":10,""alarmTxAttempts"":0,""alarmTxAttemptLimit"":3,""alarmAckReceived"":false,""pendingAlarm"":false,""pendingSaveRequired"":false,""persistenceFaultHold"":false,""completionReason"":""session_done""},""bootHealth"":{""adsReady"":true,""adsDrdyLevel"":0,""adsDrdyPulldownLevel"":0,""adsDrdyPullupLevel"":0,""adsMisoPulldownLevel"":0,""adsMisoPullupLevel"":1,""adsCsLevel"":1,""adsSyncLevel"":1,""adsStatus"":54,""adsMux"":15,""adsAdcon"":6,""adsDrate"":240,""adsReason"":""ok"",""tcaOk"":true,""mcpOkCount"":8,""mcpOk"":[true,true,true,true,true,true,true,true],""mcpAddrMask"":[1,1,1,1,1,1,1,1],""mcpControlTested"":true,""mcpControlOkCount"":8,""mcpControlOk"":[true,true,true,true,true,true,true,true],""dacReady"":true,""radioReady"":true,""mlReady"":true,""nullingProfileApplied"":true,""modelProfileReady"":false},""runtimeMcpCode"":[255,519,795,706,799,865,665,139],""model"":{""profileId"":""cnn-dualbranch-datasheet-v1-unbound"",""scalerProfileId"":""cnn-dualbranch-datasheet-v1-unbound"",""productionApproved"":true,""boundNullingProfileId"":8,""activeNullingProfileId"":9,""bindingValid"":true,""bindingModelMatches"":true,""profileReady"":false,""inferenceValid"":false,""sensorFault"":true},""lora"":{""beginState"":0,""lastTxState"":0,""lastTxOk"":false,""txSeq"":0,""txCounter"":0,""aesKeyProvisioned"":true,""aesKeyPresent"":true,""aesKeySource"":""nvs"",""keyId"":1,""lastDownlinkCommandId"":0,""freqMHz"":920,""bwKHz"":125,""sf"":7,""cr"":5,""syncWord"":18,""txPowerDbm"":17,""preamble"":8,""tcxoVoltage"":1.600000024,""xtalVoltage"":0},""dataset"":{""state"":""idle"",""step"":""idle"",""label"":"""",""seq"":0,""targetSamples"":0,""sampleIntervalMs"":500,""maxDurationMs"":0,""useFanIntake"":true,""fanOnMs"":1000,""postFanSettleMs"":0,""nullingProfileId"":9,""queuePending"":0,""queueCapacity"":16,""queueEnqueued"":0,""queueDropped"":0,""publishFailCount"":0,""retryCount"":0,""retryFailCount"":0,""rejectedSamples"":0,""lastRejectReason"":""none"",""lastRejectChannel"":-1,""lastRejectOkFiniteCount"":0,""lastRejectStatus"":255,""lastRejectGain"":0,""lastRejectSaturated"":false},""recovery"":{""wifiReconnectCount"":0,""wifiReconnectFailCount"":0,""mqttReconnectCount"":0,""mqttConnectFailCount"":0,""lastMqttState"":0,""adsRecoveryCount"":0,""adsRecoveryFailCount"":0,""adsReadFailStreak"":0,""lastReason"":""none"",""lastRecoveryMs"":0,""bootRecoveryArmed"":false,""bootRecoveryDueMs"":0,""bootRecoveryReason"":""none"",""bootRecoveryNonAdsFailure"":false,""bootRecoveryRestartCount"":0},""nulling"":{""done"":false,""retryArmed"":false,""attemptCount"":0,""nextRetryMs"":0,""thresholdV"":9.999999747E-06,""minFinalV"":0},""telemetry"":{""valid"":true,""sampleMs"":6603292,""gasClass"":6,""gasName"":""CO2"",""confidence"":0,""alarm"":false,""sensorVoltage"":[0.114899859,0.003985725,0.004975026,-0.00253612,-0.00688493,-0.01183459,-0.019459456,-0.02548261],""sensorGain"":[32,64,64,64,64,64,64,64],""sensorStatus"":[0,0,0,0,0,0,0,0],""featureOrder"":[""MQ8"",""MQ135"",""MQ3"",""MQ5"",""MQ4"",""MQ7"",""MQ6"",""MQ2""]},""alarmLatched"":false}"
2026-08-04 11:11:08.037 +07:00,226.918,HOT_SWEEP_70,70,700,300,1,0,0.115411855,0.003986429,0.004960954,-0.002539303,-0.006999123,-0.011572721,-0.01909275,-0.025023323,"{""deviceId"":""1001"",""nodeId"":4097,""targetChId"":""0010"",""mode"":""inference"",""uptimeMs"":6604380,""debugEnabled"":true,""power"":{""mode"":""24v"",""externalPower"":true,""batteryMv"":65535,""batteryValid"":false,""batteryDetected"":false,""batterySenseStatus"":""not_detected"",""batteryLow"":false,""batteryCritical"":false,""sourceAmbiguous"":false,""serviceHoldActive"":false,""serviceHoldEffective"":false},""batterySession"":{""state"":""inactive"",""startedMs"":0,""stateStartedMs"":0,""validSampleBatches"":0,""requiredSampleBatches"":10,""alarmTxAttempts"":0,""alarmTxAttemptLimit"":3,""alarmAckReceived"":false,""pendingAlarm"":false,""pendingSaveRequired"":false,""persistenceFaultHold"":false,""completionReason"":""session_done""},""bootHealth"":{""adsReady"":true,""adsDrdyLevel"":0,""adsDrdyPulldownLevel"":0,""adsDrdyPullupLevel"":0,""adsMisoPulldownLevel"":0,""adsMisoPullupLevel"":1,""adsCsLevel"":1,""adsSyncLevel"":1,""adsStatus"":54,""adsMux"":15,""adsAdcon"":6,""adsDrate"":240,""adsReason"":""ok"",""tcaOk"":true,""mcpOkCount"":8,""mcpOk"":[true,true,true,true,true,true,true,true],""mcpAddrMask"":[1,1,1,1,1,1,1,1],""mcpControlTested"":true,""mcpControlOkCount"":8,""mcpControlOk"":[true,true,true,true,true,true,true,true],""dacReady"":true,""radioReady"":true,""mlReady"":true,""nullingProfileApplied"":true,""modelProfileReady"":false},""runtimeMcpCode"":[255,519,795,706,799,865,665,139],""model"":{""profileId"":""cnn-dualbranch-datasheet-v1-unbound"",""scalerProfileId"":""cnn-dualbranch-datasheet-v1-unbound"",""productionApproved"":true,""boundNullingProfileId"":8,""activeNullingProfileId"":9,""bindingValid"":true,""bindingModelMatches"":true,""profileReady"":false,""inferenceValid"":false,""sensorFault"":true},""lora"":{""beginState"":0,""lastTxState"":0,""lastTxOk"":false,""txSeq"":0,""txCounter"":0,""aesKeyProvisioned"":true,""aesKeyPresent"":true,""aesKeySource"":""nvs"",""keyId"":1,""lastDownlinkCommandId"":0,""freqMHz"":920,""bwKHz"":125,""sf"":7,""cr"":5,""syncWord"":18,""txPowerDbm"":17,""preamble"":8,""tcxoVoltage"":1.600000024,""xtalVoltage"":0},""dataset"":{""state"":""idle"",""step"":""idle"",""label"":"""",""seq"":0,""targetSamples"":0,""sampleIntervalMs"":500,""maxDurationMs"":0,""useFanIntake"":true,""fanOnMs"":1000,""postFanSettleMs"":0,""nullingProfileId"":9,""queuePending"":0,""queueCapacity"":16,""queueEnqueued"":0,""queueDropped"":0,""publishFailCount"":0,""retryCount"":0,""retryFailCount"":0,""rejectedSamples"":0,""lastRejectReason"":""none"",""lastRejectChannel"":-1,""lastRejectOkFiniteCount"":0,""lastRejectStatus"":255,""lastRejectGain"":0,""lastRejectSaturated"":false},""recovery"":{""wifiReconnectCount"":0,""wifiReconnectFailCount"":0,""mqttReconnectCount"":0,""mqttConnectFailCount"":0,""lastMqttState"":0,""adsRecoveryCount"":0,""adsRecoveryFailCount"":0,""adsReadFailStreak"":0,""lastReason"":""none"",""lastRecoveryMs"":0,""bootRecoveryArmed"":false,""bootRecoveryDueMs"":0,""bootRecoveryReason"":""none"",""bootRecoveryNonAdsFailure"":false,""bootRecoveryRestartCount"":0},""nulling"":{""done"":false,""retryArmed"":false,""attemptCount"":0,""nextRetryMs"":0,""thresholdV"":9.999999747E-06,""minFinalV"":0},""telemetry"":{""valid"":true,""sampleMs"":6603944,""gasClass"":6,""gasName"":""CO2"",""confidence"":0,""alarm"":false,""sensorVoltage"":[0.115411855,0.003986429,0.004960954,-0.002539303,-0.006999123,-0.011572721,-0.01909275,-0.025023323],""sensorGain"":[32,64,64,64,64,64,64,64],""sensorStatus"":[0,0,0,0,0,0,0,0],""featureOrder"":[""MQ8"",""MQ135"",""MQ3"",""MQ5"",""MQ4"",""MQ7"",""MQ6"",""MQ2""]},""alarmLatched"":false}"
2026-08-04 11:11:08.719 +07:00,227.600,HOT_SWEEP_70,70,700,300,1,0,0.115110204,0.003942461,0.005008416,-0.002559343,-0.00641032,-0.011494933,-0.019484961,-0.025441397,"{""deviceId"":""1001"",""nodeId"":4097,""targetChId"":""0010"",""mode"":""inference"",""uptimeMs"":6605064,""debugEnabled"":true,""power"":{""mode"":""24v"",""externalPower"":true,""batteryMv"":65535,""batteryValid"":false,""batteryDetected"":false,""batterySenseStatus"":""not_detected"",""batteryLow"":false,""batteryCritical"":false,""sourceAmbiguous"":false,""serviceHoldActive"":false,""serviceHoldEffective"":false},""batterySession"":{""state"":""inactive"",""startedMs"":0,""stateStartedMs"":0,""validSampleBatches"":0,""requiredSampleBatches"":10,""alarmTxAttempts"":0,""alarmTxAttemptLimit"":3,""alarmAckReceived"":false,""pendingAlarm"":false,""pendingSaveRequired"":false,""persistenceFaultHold"":false,""completionReason"":""session_done""},""bootHealth"":{""adsReady"":true,""adsDrdyLevel"":0,""adsDrdyPulldownLevel"":0,""adsDrdyPullupLevel"":0,""adsMisoPulldownLevel"":0,""adsMisoPullupLevel"":1,""adsCsLevel"":1,""adsSyncLevel"":1,""adsStatus"":54,""adsMux"":15,""adsAdcon"":6,""adsDrate"":240,""adsReason"":""ok"",""tcaOk"":true,""mcpOkCount"":8,""mcpOk"":[true,true,true,true,true,true,true,true],""mcpAddrMask"":[1,1,1,1,1,1,1,1],""mcpControlTested"":true,""mcpControlOkCount"":8,""mcpControlOk"":[true,true,true,true,true,true,true,true],""dacReady"":true,""radioReady"":true,""mlReady"":true,""nullingProfileApplied"":true,""modelProfileReady"":false},""runtimeMcpCode"":[255,519,795,706,799,865,665,139],""model"":{""profileId"":""cnn-dualbranch-datasheet-v1-unbound"",""scalerProfileId"":""cnn-dualbranch-datasheet-v1-unbound"",""productionApproved"":true,""boundNullingProfileId"":8,""activeNullingProfileId"":9,""bindingValid"":true,""bindingModelMatches"":true,""profileReady"":false,""inferenceValid"":false,""sensorFault"":true},""lora"":{""beginState"":0,""lastTxState"":0,""lastTxOk"":false,""txSeq"":0,""txCounter"":0,""aesKeyProvisioned"":true,""aesKeyPresent"":true,""aesKeySource"":""nvs"",""keyId"":1,""lastDownlinkCommandId"":0,""freqMHz"":920,""bwKHz"":125,""sf"":7,""cr"":5,""syncWord"":18,""txPowerDbm"":17,""preamble"":8,""tcxoVoltage"":1.600000024,""xtalVoltage"":0},""dataset"":{""state"":""idle"",""step"":""idle"",""label"":"""",""seq"":0,""targetSamples"":0,""sampleIntervalMs"":500,""maxDurationMs"":0,""useFanIntake"":true,""fanOnMs"":1000,""postFanSettleMs"":0,""nullingProfileId"":9,""queuePending"":0,""queueCapacity"":16,""queueEnqueued"":0,""queueDropped"":0,""publishFailCount"":0,""retryCount"":0,""retryFailCount"":0,""rejectedSamples"":0,""lastRejectReason"":""none"",""lastRejectChannel"":-1,""lastRejectOkFiniteCount"":0,""lastRejectStatus"":255,""lastRejectGain"":0,""lastRejectSaturated"":false},""recovery"":{""wifiReconnectCount"":0,""wifiReconnectFailCount"":0,""mqttReconnectCount"":0,""mqttConnectFailCount"":0,""lastMqttState"":0,""adsRecoveryCount"":0,""adsRecoveryFailCount"":0,""adsReadFailStreak"":0,""lastReason"":""none"",""lastRecoveryMs"":0,""bootRecoveryArmed"":false,""bootRecoveryDueMs"":0,""bootRecoveryReason"":""none"",""bootRecoveryNonAdsFailure"":false,""bootRecoveryRestartCount"":0},""nulling"":{""done"":false,""retryArmed"":false,""attemptCount"":0,""nextRetryMs"":0,""thresholdV"":9.999999747E-06,""minFinalV"":0},""telemetry"":{""valid"":true,""sampleMs"":6604658,""gasClass"":6,""gasName"":""CO2"",""confidence"":0,""alarm"":false,""sensorVoltage"":[0.115110204,0.003942461,0.005008416,-0.002559343,-0.00641032,-0.011494933,-0.019484961,-0.025441397],""sensorGain"":[32,64,64,64,64,64,64,64],""sensorStatus"":[0,0,0,0,0,0,0,0],""featureOrder"":[""MQ8"",""MQ135"",""MQ3"",""MQ5"",""MQ4"",""MQ7"",""MQ6"",""MQ2""]},""alarmLatched"":false}"
2026-08-04 11:11:09.405 +07:00,228.286,HOT_SWEEP_70,70,700,300,1,0,0.114897951,0.003950183,0.005068582,-0.002556975,-0.007742132,-0.011513384,-0.019416777,-0.025394836,"{""deviceId"":""1001"",""nodeId"":4097,""targetChId"":""0010"",""mode"":""inference"",""uptimeMs"":6605746,""debugEnabled"":true,""power"":{""mode"":""24v"",""externalPower"":true,""batteryMv"":65535,""batteryValid"":false,""batteryDetected"":false,""batterySenseStatus"":""not_detected"",""batteryLow"":false,""batteryCritical"":false,""sourceAmbiguous"":false,""serviceHoldActive"":false,""serviceHoldEffective"":false},""batterySession"":{""state"":""inactive"",""startedMs"":0,""stateStartedMs"":0,""validSampleBatches"":0,""requiredSampleBatches"":10,""alarmTxAttempts"":0,""alarmTxAttemptLimit"":3,""alarmAckReceived"":false,""pendingAlarm"":false,""pendingSaveRequired"":false,""persistenceFaultHold"":false,""completionReason"":""session_done""},""bootHealth"":{""adsReady"":true,""adsDrdyLevel"":0,""adsDrdyPulldownLevel"":0,""adsDrdyPullupLevel"":0,""adsMisoPulldownLevel"":0,""adsMisoPullupLevel"":1,""adsCsLevel"":1,""adsSyncLevel"":1,""adsStatus"":54,""adsMux"":15,""adsAdcon"":6,""adsDrate"":240,""adsReason"":""ok"",""tcaOk"":true,""mcpOkCount"":8,""mcpOk"":[true,true,true,true,true,true,true,true],""mcpAddrMask"":[1,1,1,1,1,1,1,1],""mcpControlTested"":true,""mcpControlOkCount"":8,""mcpControlOk"":[true,true,true,true,true,true,true,true],""dacReady"":true,""radioReady"":true,""mlReady"":true,""nullingProfileApplied"":true,""modelProfileReady"":false},""runtimeMcpCode"":[255,519,795,706,799,865,665,139],""model"":{""profileId"":""cnn-dualbranch-datasheet-v1-unbound"",""scalerProfileId"":""cnn-dualbranch-datasheet-v1-unbound"",""productionApproved"":true,""boundNullingProfileId"":8,""activeNullingProfileId"":9,""bindingValid"":true,""bindingModelMatches"":true,""profileReady"":false,""inferenceValid"":false,""sensorFault"":true},""lora"":{""beginState"":0,""lastTxState"":0,""lastTxOk"":false,""txSeq"":0,""txCounter"":0,""aesKeyProvisioned"":true,""aesKeyPresent"":true,""aesKeySource"":""nvs"",""keyId"":1,""lastDownlinkCommandId"":0,""freqMHz"":920,""bwKHz"":125,""sf"":7,""cr"":5,""syncWord"":18,""txPowerDbm"":17,""preamble"":8,""tcxoVoltage"":1.600000024,""xtalVoltage"":0},""dataset"":{""state"":""idle"",""step"":""idle"",""label"":"""",""seq"":0,""targetSamples"":0,""sampleIntervalMs"":500,""maxDurationMs"":0,""useFanIntake"":true,""fanOnMs"":1000,""postFanSettleMs"":0,""nullingProfileId"":9,""queuePending"":0,""queueCapacity"":16,""queueEnqueued"":0,""queueDropped"":0,""publishFailCount"":0,""retryCount"":0,""retryFailCount"":0,""rejectedSamples"":0,""lastRejectReason"":""none"",""lastRejectChannel"":-1,""lastRejectOkFiniteCount"":0,""lastRejectStatus"":255,""lastRejectGain"":0,""lastRejectSaturated"":false},""recovery"":{""wifiReconnectCount"":0,""wifiReconnectFailCount"":0,""mqttReconnectCount"":0,""mqttConnectFailCount"":0,""lastMqttState"":0,""adsRecoveryCount"":0,""adsRecoveryFailCount"":0,""adsReadFailStreak"":0,""lastReason"":""none"",""lastRecoveryMs"":0,""bootRecoveryArmed"":false,""bootRecoveryDueMs"":0,""bootRecoveryReason"":""none"",""bootRecoveryNonAdsFailure"":false,""bootRecoveryRestartCount"":0},""nulling"":{""done"":false,""retryArmed"":false,""attemptCount"":0,""nextRetryMs"":0,""thresholdV"":9.999999747E-06,""minFinalV"":0},""telemetry"":{""valid"":true,""sampleMs"":6605374,""gasClass"":6,""gasName"":""CO2"",""confidence"":0,""alarm"":false,""sensorVoltage"":[0.114897951,0.003950183,0.005068582,-0.002556975,-0.007742132,-0.011513384,-0.019416777,-0.025394836],""sensorGain"":[32,64,64,64,64,64,64,64],""sensorStatus"":[0,0,0,0,0,0,0,0],""featureOrder"":[""MQ8"",""MQ135"",""MQ3"",""MQ5"",""MQ4"",""MQ7"",""MQ6"",""MQ2""]},""alarmLatched"":false}"
2026-08-04 11:11:10.086 +07:00,228.967,HOT_SWEEP_70,70,700,300,1,0,0.116204545,0.003896082,0.00500516,-0.002512206,-0.008468553,-0.011312368,-0.019045742,-0.024933258,"{""deviceId"":""1001"",""nodeId"":4097,""targetChId"":""0010"",""mode"":""inference"",""uptimeMs"":6606433,""debugEnabled"":true,""power"":{""mode"":""24v"",""externalPower"":true,""batteryMv"":65535,""batteryValid"":false,""batteryDetected"":false,""batterySenseStatus"":""not_detected"",""batteryLow"":false,""batteryCritical"":false,""sourceAmbiguous"":false,""serviceHoldActive"":false,""serviceHoldEffective"":false},""batterySession"":{""state"":""inactive"",""startedMs"":0,""stateStartedMs"":0,""validSampleBatches"":0,""requiredSampleBatches"":10,""alarmTxAttempts"":0,""alarmTxAttemptLimit"":3,""alarmAckReceived"":false,""pendingAlarm"":false,""pendingSaveRequired"":false,""persistenceFaultHold"":false,""completionReason"":""session_done""},""bootHealth"":{""adsReady"":true,""adsDrdyLevel"":0,""adsDrdyPulldownLevel"":0,""adsDrdyPullupLevel"":0,""adsMisoPulldownLevel"":0,""adsMisoPullupLevel"":1,""adsCsLevel"":1,""adsSyncLevel"":1,""adsStatus"":54,""adsMux"":15,""adsAdcon"":6,""adsDrate"":240,""adsReason"":""ok"",""tcaOk"":true,""mcpOkCount"":8,""mcpOk"":[true,true,true,true,true,true,true,true],""mcpAddrMask"":[1,1,1,1,1,1,1,1],""mcpControlTested"":true,""mcpControlOkCount"":8,""mcpControlOk"":[true,true,true,true,true,true,true,true],""dacReady"":true,""radioReady"":true,""mlReady"":true,""nullingProfileApplied"":true,""modelProfileReady"":false},""runtimeMcpCode"":[255,519,795,706,799,865,665,139],""model"":{""profileId"":""cnn-dualbranch-datasheet-v1-unbound"",""scalerProfileId"":""cnn-dualbranch-datasheet-v1-unbound"",""productionApproved"":true,""boundNullingProfileId"":8,""activeNullingProfileId"":9,""bindingValid"":true,""bindingModelMatches"":true,""profileReady"":false,""inferenceValid"":false,""sensorFault"":true},""lora"":{""beginState"":0,""lastTxState"":0,""lastTxOk"":false,""txSeq"":0,""txCounter"":0,""aesKeyProvisioned"":true,""aesKeyPresent"":true,""aesKeySource"":""nvs"",""keyId"":1,""lastDownlinkCommandId"":0,""freqMHz"":920,""bwKHz"":125,""sf"":7,""cr"":5,""syncWord"":18,""txPowerDbm"":17,""preamble"":8,""tcxoVoltage"":1.600000024,""xtalVoltage"":0},""dataset"":{""state"":""idle"",""step"":""idle"",""label"":"""",""seq"":0,""targetSamples"":0,""sampleIntervalMs"":500,""maxDurationMs"":0,""useFanIntake"":true,""fanOnMs"":1000,""postFanSettleMs"":0,""nullingProfileId"":9,""queuePending"":0,""queueCapacity"":16,""queueEnqueued"":0,""queueDropped"":0,""publishFailCount"":0,""retryCount"":0,""retryFailCount"":0,""rejectedSamples"":0,""lastRejectReason"":""none"",""lastRejectChannel"":-1,""lastRejectOkFiniteCount"":0,""lastRejectStatus"":255,""lastRejectGain"":0,""lastRejectSaturated"":false},""recovery"":{""wifiReconnectCount"":0,""wifiReconnectFailCount"":0,""mqttReconnectCount"":0,""mqttConnectFailCount"":0,""lastMqttState"":0,""adsRecoveryCount"":0,""adsRecoveryFailCount"":0,""adsReadFailStreak"":0,""lastReason"":""none"",""lastRecoveryMs"":0,""bootRecoveryArmed"":false,""bootRecoveryDueMs"":0,""bootRecoveryReason"":""none"",""bootRecoveryNonAdsFailure"":false,""bootRecoveryRestartCount"":0},""nulling"":{""done"":false,""retryArmed"":false,""attemptCount"":0,""nextRetryMs"":0,""thresholdV"":9.999999747E-06,""minFinalV"":0},""telemetry"":{""valid"":true,""sampleMs"":6606024,""gasClass"":6,""gasName"":""CO2"",""confidence"":0,""alarm"":false,""sensorVoltage"":[0.116204545,0.003896082,0.00500516,-0.002512206,-0.008468553,-0.011312368,-0.019045742,-0.024933258],""sensorGain"":[32,64,64,64,64,64,64,64],""sensorStatus"":[0,0,0,0,0,0,0,0],""featureOrder"":[""MQ8"",""MQ135"",""MQ3"",""MQ5"",""MQ4"",""MQ7"",""MQ6"",""MQ2""]},""alarmLatched"":false}"
2026-08-04 11:11:10.769 +07:00,229.650,HOT_SWEEP_70,70,700,300,1,0,0.115870833,0.003866343,0.004991878,-0.002536792,-0.007674775,-0.011558136,-0.019485958,-0.025405666,"{""deviceId"":""1001"",""nodeId"":4097,""targetChId"":""0010"",""mode"":""inference"",""uptimeMs"":6607116,""debugEnabled"":true,""power"":{""mode"":""24v"",""externalPower"":true,""batteryMv"":65535,""batteryValid"":false,""batteryDetected"":false,""batterySenseStatus"":""not_detected"",""batteryLow"":false,""batteryCritical"":false,""sourceAmbiguous"":false,""serviceHoldActive"":false,""serviceHoldEffective"":false},""batterySession"":{""state"":""inactive"",""startedMs"":0,""stateStartedMs"":0,""validSampleBatches"":0,""requiredSampleBatches"":10,""alarmTxAttempts"":0,""alarmTxAttemptLimit"":3,""alarmAckReceived"":false,""pendingAlarm"":false,""pendingSaveRequired"":false,""persistenceFaultHold"":false,""completionReason"":""session_done""},""bootHealth"":{""adsReady"":true,""adsDrdyLevel"":0,""adsDrdyPulldownLevel"":0,""adsDrdyPullupLevel"":0,""adsMisoPulldownLevel"":0,""adsMisoPullupLevel"":1,""adsCsLevel"":1,""adsSyncLevel"":1,""adsStatus"":54,""adsMux"":15,""adsAdcon"":6,""adsDrate"":240,""adsReason"":""ok"",""tcaOk"":true,""mcpOkCount"":8,""mcpOk"":[true,true,true,true,true,true,true,true],""mcpAddrMask"":[1,1,1,1,1,1,1,1],""mcpControlTested"":true,""mcpControlOkCount"":8,""mcpControlOk"":[true,true,true,true,true,true,true,true],""dacReady"":true,""radioReady"":true,""mlReady"":true,""nullingProfileApplied"":true,""modelProfileReady"":false},""runtimeMcpCode"":[255,519,795,706,799,865,665,139],""model"":{""profileId"":""cnn-dualbranch-datasheet-v1-unbound"",""scalerProfileId"":""cnn-dualbranch-datasheet-v1-unbound"",""productionApproved"":true,""boundNullingProfileId"":8,""activeNullingProfileId"":9,""bindingValid"":true,""bindingModelMatches"":true,""profileReady"":false,""inferenceValid"":false,""sensorFault"":true},""lora"":{""beginState"":0,""lastTxState"":0,""lastTxOk"":false,""txSeq"":0,""txCounter"":0,""aesKeyProvisioned"":true,""aesKeyPresent"":true,""aesKeySource"":""nvs"",""keyId"":1,""lastDownlinkCommandId"":0,""freqMHz"":920,""bwKHz"":125,""sf"":7,""cr"":5,""syncWord"":18,""txPowerDbm"":17,""preamble"":8,""tcxoVoltage"":1.600000024,""xtalVoltage"":0},""dataset"":{""state"":""idle"",""step"":""idle"",""label"":"""",""seq"":0,""targetSamples"":0,""sampleIntervalMs"":500,""maxDurationMs"":0,""useFanIntake"":true,""fanOnMs"":1000,""postFanSettleMs"":0,""nullingProfileId"":9,""queuePending"":0,""queueCapacity"":16,""queueEnqueued"":0,""queueDropped"":0,""publishFailCount"":0,""retryCount"":0,""retryFailCount"":0,""rejectedSamples"":0,""lastRejectReason"":""none"",""lastRejectChannel"":-1,""lastRejectOkFiniteCount"":0,""lastRejectStatus"":255,""lastRejectGain"":0,""lastRejectSaturated"":false},""recovery"":{""wifiReconnectCount"":0,""wifiReconnectFailCount"":0,""mqttReconnectCount"":0,""mqttConnectFailCount"":0,""lastMqttState"":0,""adsRecoveryCount"":0,""adsRecoveryFailCount"":0,""adsReadFailStreak"":0,""lastReason"":""none"",""lastRecoveryMs"":0,""bootRecoveryArmed"":false,""bootRecoveryDueMs"":0,""bootRecoveryReason"":""none"",""bootRecoveryNonAdsFailure"":false,""bootRecoveryRestartCount"":0},""nulling"":{""done"":false,""retryArmed"":false,""attemptCount"":0,""nextRetryMs"":0,""thresholdV"":9.999999747E-06,""minFinalV"":0},""telemetry"":{""valid"":true,""sampleMs"":6606711,""gasClass"":6,""gasName"":""CO2"",""confidence"":0,""alarm"":false,""sensorVoltage"":[0.115870833,0.003866343,0.004991878,-0.002536792,-0.007674775,-0.011558136,-0.019485958,-0.025405666],""sensorGain"":[32,64,64,64,64,64,64,64],""sensorStatus"":[0,0,0,0,0,0,0,0],""featureOrder"":[""MQ8"",""MQ135"",""MQ3"",""MQ5"",""MQ4"",""MQ7"",""MQ6"",""MQ2""]},""alarmLatched"":false}"
2026-08-04 11:11:11.451 +07:00,230.332,HOT_SWEEP_70,70,700,300,1,0,0.115442574,0.003872209,0.004969927,-0.002563445,-0.007673644,-0.011662507,-0.01950904,-0.025345143,"{""deviceId"":""1001"",""nodeId"":4097,""targetChId"":""0010"",""mode"":""inference"",""uptimeMs"":6607796,""debugEnabled"":true,""power"":{""mode"":""24v"",""externalPower"":true,""batteryMv"":65535,""batteryValid"":false,""batteryDetected"":false,""batterySenseStatus"":""not_detected"",""batteryLow"":false,""batteryCritical"":false,""sourceAmbiguous"":false,""serviceHoldActive"":false,""serviceHoldEffective"":false},""batterySession"":{""state"":""inactive"",""startedMs"":0,""stateStartedMs"":0,""validSampleBatches"":0,""requiredSampleBatches"":10,""alarmTxAttempts"":0,""alarmTxAttemptLimit"":3,""alarmAckReceived"":false,""pendingAlarm"":false,""pendingSaveRequired"":false,""persistenceFaultHold"":false,""completionReason"":""session_done""},""bootHealth"":{""adsReady"":true,""adsDrdyLevel"":0,""adsDrdyPulldownLevel"":0,""adsDrdyPullupLevel"":0,""adsMisoPulldownLevel"":0,""adsMisoPullupLevel"":1,""adsCsLevel"":1,""adsSyncLevel"":1,""adsStatus"":54,""adsMux"":15,""adsAdcon"":6,""adsDrate"":240,""adsReason"":""ok"",""tcaOk"":true,""mcpOkCount"":8,""mcpOk"":[true,true,true,true,true,true,true,true],""mcpAddrMask"":[1,1,1,1,1,1,1,1],""mcpControlTested"":true,""mcpControlOkCount"":8,""mcpControlOk"":[true,true,true,true,true,true,true,true],""dacReady"":true,""radioReady"":true,""mlReady"":true,""nullingProfileApplied"":true,""modelProfileReady"":false},""runtimeMcpCode"":[255,519,795,706,799,865,665,139],""model"":{""profileId"":""cnn-dualbranch-datasheet-v1-unbound"",""scalerProfileId"":""cnn-dualbranch-datasheet-v1-unbound"",""productionApproved"":true,""boundNullingProfileId"":8,""activeNullingProfileId"":9,""bindingValid"":true,""bindingModelMatches"":true,""profileReady"":false,""inferenceValid"":false,""sensorFault"":true},""lora"":{""beginState"":0,""lastTxState"":0,""lastTxOk"":false,""txSeq"":0,""txCounter"":0,""aesKeyProvisioned"":true,""aesKeyPresent"":true,""aesKeySource"":""nvs"",""keyId"":1,""lastDownlinkCommandId"":0,""freqMHz"":920,""bwKHz"":125,""sf"":7,""cr"":5,""syncWord"":18,""txPowerDbm"":17,""preamble"":8,""tcxoVoltage"":1.600000024,""xtalVoltage"":0},""dataset"":{""state"":""idle"",""step"":""idle"",""label"":"""",""seq"":0,""targetSamples"":0,""sampleIntervalMs"":500,""maxDurationMs"":0,""useFanIntake"":true,""fanOnMs"":1000,""postFanSettleMs"":0,""nullingProfileId"":9,""queuePending"":0,""queueCapacity"":16,""queueEnqueued"":0,""queueDropped"":0,""publishFailCount"":0,""retryCount"":0,""retryFailCount"":0,""rejectedSamples"":0,""lastRejectReason"":""none"",""lastRejectChannel"":-1,""lastRejectOkFiniteCount"":0,""lastRejectStatus"":255,""lastRejectGain"":0,""lastRejectSaturated"":false},""recovery"":{""wifiReconnectCount"":0,""wifiReconnectFailCount"":0,""mqttReconnectCount"":0,""mqttConnectFailCount"":0,""lastMqttState"":0,""adsRecoveryCount"":0,""adsRecoveryFailCount"":0,""adsReadFailStreak"":0,""lastReason"":""none"",""lastRecoveryMs"":0,""bootRecoveryArmed"":false,""bootRecoveryDueMs"":0,""bootRecoveryReason"":""none"",""bootRecoveryNonAdsFailure"":false,""bootRecoveryRestartCount"":0},""nulling"":{""done"":false,""retryArmed"":false,""attemptCount"":0,""nextRetryMs"":0,""thresholdV"":9.999999747E-06,""minFinalV"":0},""telemetry"":{""valid"":true,""sampleMs"":6607426,""gasClass"":6,""gasName"":""CO2"",""confidence"":0,""alarm"":false,""sensorVoltage"":[0.115442574,0.003872209,0.004969927,-0.002563445,-0.007673644,-0.011662507,-0.01950904,-0.025345143],""sensorGain"":[32,64,64,64,64,64,64,64],""sensorStatus"":[0,0,0,0,0,0,0,0],""featureOrder"":[""MQ8"",""MQ135"",""MQ3"",""MQ5"",""MQ4"",""MQ7"",""MQ6"",""MQ2""]},""alarmLatched"":false}"
2026-08-04 11:11:12.141 +07:00,231.022,HOT_SWEEP_70,70,700,300,1,0,0.116646841,0.003824082,0.004880295,-0.002547997,-0.006542777,-0.011402229,-0.01948012,-0.025378123,"{""deviceId"":""1001"",""nodeId"":4097,""targetChId"":""0010"",""mode"":""inference"",""uptimeMs"":6608480,""debugEnabled"":true,""power"":{""mode"":""24v"",""externalPower"":true,""batteryMv"":65535,""batteryValid"":false,""batteryDetected"":false,""batterySenseStatus"":""not_detected"",""batteryLow"":false,""batteryCritical"":false,""sourceAmbiguous"":false,""serviceHoldActive"":false,""serviceHoldEffective"":false},""batterySession"":{""state"":""inactive"",""startedMs"":0,""stateStartedMs"":0,""validSampleBatches"":0,""requiredSampleBatches"":10,""alarmTxAttempts"":0,""alarmTxAttemptLimit"":3,""alarmAckReceived"":false,""pendingAlarm"":false,""pendingSaveRequired"":false,""persistenceFaultHold"":false,""completionReason"":""session_done""},""bootHealth"":{""adsReady"":true,""adsDrdyLevel"":0,""adsDrdyPulldownLevel"":0,""adsDrdyPullupLevel"":0,""adsMisoPulldownLevel"":0,""adsMisoPullupLevel"":1,""adsCsLevel"":1,""adsSyncLevel"":1,""adsStatus"":54,""adsMux"":15,""adsAdcon"":6,""adsDrate"":240,""adsReason"":""ok"",""tcaOk"":true,""mcpOkCount"":8,""mcpOk"":[true,true,true,true,true,true,true,true],""mcpAddrMask"":[1,1,1,1,1,1,1,1],""mcpControlTested"":true,""mcpControlOkCount"":8,""mcpControlOk"":[true,true,true,true,true,true,true,true],""dacReady"":true,""radioReady"":true,""mlReady"":true,""nullingProfileApplied"":true,""modelProfileReady"":false},""runtimeMcpCode"":[255,519,795,706,799,865,665,139],""model"":{""profileId"":""cnn-dualbranch-datasheet-v1-unbound"",""scalerProfileId"":""cnn-dualbranch-datasheet-v1-unbound"",""productionApproved"":true,""boundNullingProfileId"":8,""activeNullingProfileId"":9,""bindingValid"":true,""bindingModelMatches"":true,""profileReady"":false,""inferenceValid"":false,""sensorFault"":true},""lora"":{""beginState"":0,""lastTxState"":0,""lastTxOk"":false,""txSeq"":0,""txCounter"":0,""aesKeyProvisioned"":true,""aesKeyPresent"":true,""aesKeySource"":""nvs"",""keyId"":1,""lastDownlinkCommandId"":0,""freqMHz"":920,""bwKHz"":125,""sf"":7,""cr"":5,""syncWord"":18,""txPowerDbm"":17,""preamble"":8,""tcxoVoltage"":1.600000024,""xtalVoltage"":0},""dataset"":{""state"":""idle"",""step"":""idle"",""label"":"""",""seq"":0,""targetSamples"":0,""sampleIntervalMs"":500,""maxDurationMs"":0,""useFanIntake"":true,""fanOnMs"":1000,""postFanSettleMs"":0,""nullingProfileId"":9,""queuePending"":0,""queueCapacity"":16,""queueEnqueued"":0,""queueDropped"":0,""publishFailCount"":0,""retryCount"":0,""retryFailCount"":0,""rejectedSamples"":0,""lastRejectReason"":""none"",""lastRejectChannel"":-1,""lastRejectOkFiniteCount"":0,""lastRejectStatus"":255,""lastRejectGain"":0,""lastRejectSaturated"":false},""recovery"":{""wifiReconnectCount"":0,""wifiReconnectFailCount"":0,""mqttReconnectCount"":0,""mqttConnectFailCount"":0,""lastMqttState"":0,""adsRecoveryCount"":0,""adsRecoveryFailCount"":0,""adsReadFailStreak"":0,""lastReason"":""none"",""lastRecoveryMs"":0,""bootRecoveryArmed"":false,""bootRecoveryDueMs"":0,""bootRecoveryReason"":""none"",""bootRecoveryNonAdsFailure"":false,""bootRecoveryRestartCount"":0},""nulling"":{""done"":false,""retryArmed"":false,""attemptCount"":0,""nextRetryMs"":0,""thresholdV"":9.999999747E-06,""minFinalV"":0},""telemetry"":{""valid"":true,""sampleMs"":6608074,""gasClass"":6,""gasName"":""CO2"",""confidence"":0,""alarm"":false,""sensorVoltage"":[0.116646841,0.003824082,0.004880295,-0.002547997,-0.006542777,-0.011402229,-0.01948012,-0.025378123],""sensorGain"":[32,64,64,64,64,64,64,64],""sensorStatus"":[0,0,0,0,0,0,0,0],""featureOrder"":[""MQ8"",""MQ135"",""MQ3"",""MQ5"",""MQ4"",""MQ7"",""MQ6"",""MQ2""]},""alarmLatched"":false}"
2026-08-04 11:11:12.827 +07:00,231.706,HOT_SWEEP_70,70,700,300,1,0,0.116106547,0.00389817,0.004913305,-0.002592752,-0.006729742,-0.011600211,-0.019451965,-0.025355121,"{""deviceId"":""1001"",""nodeId"":4097,""targetChId"":""0010"",""mode"":""inference"",""uptimeMs"":6609164,""debugEnabled"":true,""power"":{""mode"":""24v"",""externalPower"":true,""batteryMv"":65535,""batteryValid"":false,""batteryDetected"":false,""batterySenseStatus"":""not_detected"",""batteryLow"":false,""batteryCritical"":false,""sourceAmbiguous"":false,""serviceHoldActive"":false,""serviceHoldEffective"":false},""batterySession"":{""state"":""inactive"",""startedMs"":0,""stateStartedMs"":0,""validSampleBatches"":0,""requiredSampleBatches"":10,""alarmTxAttempts"":0,""alarmTxAttemptLimit"":3,""alarmAckReceived"":false,""pendingAlarm"":false,""pendingSaveRequired"":false,""persistenceFaultHold"":false,""completionReason"":""session_done""},""bootHealth"":{""adsReady"":true,""adsDrdyLevel"":0,""adsDrdyPulldownLevel"":0,""adsDrdyPullupLevel"":0,""adsMisoPulldownLevel"":0,""adsMisoPullupLevel"":1,""adsCsLevel"":1,""adsSyncLevel"":1,""adsStatus"":54,""adsMux"":15,""adsAdcon"":6,""adsDrate"":240,""adsReason"":""ok"",""tcaOk"":true,""mcpOkCount"":8,""mcpOk"":[true,true,true,true,true,true,true,true],""mcpAddrMask"":[1,1,1,1,1,1,1,1],""mcpControlTested"":true,""mcpControlOkCount"":8,""mcpControlOk"":[true,true,true,true,true,true,true,true],""dacReady"":true,""radioReady"":true,""mlReady"":true,""nullingProfileApplied"":true,""modelProfileReady"":false},""runtimeMcpCode"":[255,519,795,706,799,865,665,139],""model"":{""profileId"":""cnn-dualbranch-datasheet-v1-unbound"",""scalerProfileId"":""cnn-dualbranch-datasheet-v1-unbound"",""productionApproved"":true,""boundNullingProfileId"":8,""activeNullingProfileId"":9,""bindingValid"":true,""bindingModelMatches"":true,""profileReady"":false,""inferenceValid"":false,""sensorFault"":true},""lora"":{""beginState"":0,""lastTxState"":0,""lastTxOk"":false,""txSeq"":0,""txCounter"":0,""aesKeyProvisioned"":true,""aesKeyPresent"":true,""aesKeySource"":""nvs"",""keyId"":1,""lastDownlinkCommandId"":0,""freqMHz"":920,""bwKHz"":125,""sf"":7,""cr"":5,""syncWord"":18,""txPowerDbm"":17,""preamble"":8,""tcxoVoltage"":1.600000024,""xtalVoltage"":0},""dataset"":{""state"":""idle"",""step"":""idle"",""label"":"""",""seq"":0,""targetSamples"":0,""sampleIntervalMs"":500,""maxDurationMs"":0,""useFanIntake"":true,""fanOnMs"":1000,""postFanSettleMs"":0,""nullingProfileId"":9,""queuePending"":0,""queueCapacity"":16,""queueEnqueued"":0,""queueDropped"":0,""publishFailCount"":0,""retryCount"":0,""retryFailCount"":0,""rejectedSamples"":0,""lastRejectReason"":""none"",""lastRejectChannel"":-1,""lastRejectOkFiniteCount"":0,""lastRejectStatus"":255,""lastRejectGain"":0,""lastRejectSaturated"":false},""recovery"":{""wifiReconnectCount"":0,""wifiReconnectFailCount"":0,""mqttReconnectCount"":0,""mqttConnectFailCount"":0,""lastMqttState"":0,""adsRecoveryCount"":0,""adsRecoveryFailCount"":0,""adsReadFailStreak"":0,""lastReason"":""none"",""lastRecoveryMs"":0,""bootRecoveryArmed"":false,""bootRecoveryDueMs"":0,""bootRecoveryReason"":""none"",""bootRecoveryNonAdsFailure"":false,""bootRecoveryRestartCount"":0},""nulling"":{""done"":false,""retryArmed"":false,""attemptCount"":0,""nextRetryMs"":0,""thresholdV"":9.999999747E-06,""minFinalV"":0},""telemetry"":{""valid"":true,""sampleMs"":6608758,""gasClass"":6,""gasName"":""CO2"",""confidence"":0,""alarm"":false,""sensorVoltage"":[0.116106547,0.00389817,0.004913305,-0.002592752,-0.006729742,-0.011600211,-0.019451965,-0.025355121],""sensorGain"":[32,64,64,64,64,64,64,64],""sensorStatus"":[0,0,0,0,0,0,0,0],""featureOrder"":[""MQ8"",""MQ135"",""MQ3"",""MQ5"",""MQ4"",""MQ7"",""MQ6"",""MQ2""]},""alarmLatched"":false}"
2026-08-04 11:11:13.502 +07:00,232.383,HOT_SWEEP_70,70,700,300,1,0,0.11581926,0.00390454,0.004909852,-0.002601999,-0.00662994,-0.011606769,-0.019455066,-0.02541847,"{""deviceId"":""1001"",""nodeId"":4097,""targetChId"":""0010"",""mode"":""inference"",""uptimeMs"":6609846,""debugEnabled"":true,""power"":{""mode"":""24v"",""externalPower"":true,""batteryMv"":65535,""batteryValid"":false,""batteryDetected"":false,""batterySenseStatus"":""not_detected"",""batteryLow"":false,""batteryCritical"":false,""sourceAmbiguous"":false,""serviceHoldActive"":false,""serviceHoldEffective"":false},""batterySession"":{""state"":""inactive"",""startedMs"":0,""stateStartedMs"":0,""validSampleBatches"":0,""requiredSampleBatches"":10,""alarmTxAttempts"":0,""alarmTxAttemptLimit"":3,""alarmAckReceived"":false,""pendingAlarm"":false,""pendingSaveRequired"":false,""persistenceFaultHold"":false,""completionReason"":""session_done""},""bootHealth"":{""adsReady"":true,""adsDrdyLevel"":0,""adsDrdyPulldownLevel"":0,""adsDrdyPullupLevel"":0,""adsMisoPulldownLevel"":0,""adsMisoPullupLevel"":1,""adsCsLevel"":1,""adsSyncLevel"":1,""adsStatus"":54,""adsMux"":15,""adsAdcon"":6,""adsDrate"":240,""adsReason"":""ok"",""tcaOk"":true,""mcpOkCount"":8,""mcpOk"":[true,true,true,true,true,true,true,true],""mcpAddrMask"":[1,1,1,1,1,1,1,1],""mcpControlTested"":true,""mcpControlOkCount"":8,""mcpControlOk"":[true,true,true,true,true,true,true,true],""dacReady"":true,""radioReady"":true,""mlReady"":true,""nullingProfileApplied"":true,""modelProfileReady"":false},""runtimeMcpCode"":[255,519,795,706,799,865,665,139],""model"":{""profileId"":""cnn-dualbranch-datasheet-v1-unbound"",""scalerProfileId"":""cnn-dualbranch-datasheet-v1-unbound"",""productionApproved"":true,""boundNullingProfileId"":8,""activeNullingProfileId"":9,""bindingValid"":true,""bindingModelMatches"":true,""profileReady"":false,""inferenceValid"":false,""sensorFault"":true},""lora"":{""beginState"":0,""lastTxState"":0,""lastTxOk"":false,""txSeq"":0,""txCounter"":0,""aesKeyProvisioned"":true,""aesKeyPresent"":true,""aesKeySource"":""nvs"",""keyId"":1,""lastDownlinkCommandId"":0,""freqMHz"":920,""bwKHz"":125,""sf"":7,""cr"":5,""syncWord"":18,""txPowerDbm"":17,""preamble"":8,""tcxoVoltage"":1.600000024,""xtalVoltage"":0},""dataset"":{""state"":""idle"",""step"":""idle"",""label"":"""",""seq"":0,""targetSamples"":0,""sampleIntervalMs"":500,""maxDurationMs"":0,""useFanIntake"":true,""fanOnMs"":1000,""postFanSettleMs"":0,""nullingProfileId"":9,""queuePending"":0,""queueCapacity"":16,""queueEnqueued"":0,""queueDropped"":0,""publishFailCount"":0,""retryCount"":0,""retryFailCount"":0,""rejectedSamples"":0,""lastRejectReason"":""none"",""lastRejectChannel"":-1,""lastRejectOkFiniteCount"":0,""lastRejectStatus"":255,""lastRejectGain"":0,""lastRejectSaturated"":false},""recovery"":{""wifiReconnectCount"":0,""wifiReconnectFailCount"":0,""mqttReconnectCount"":0,""mqttConnectFailCount"":0,""lastMqttState"":0,""adsRecoveryCount"":0,""adsRecoveryFailCount"":0,""adsReadFailStreak"":0,""lastReason"":""none"",""lastRecoveryMs"":0,""bootRecoveryArmed"":false,""bootRecoveryDueMs"":0,""bootRecoveryReason"":""none"",""bootRecoveryNonAdsFailure"":false,""bootRecoveryRestartCount"":0},""nulling"":{""done"":false,""retryArmed"":false,""attemptCount"":0,""nextRetryMs"":0,""thresholdV"":9.999999747E-06,""minFinalV"":0},""telemetry"":{""valid"":true,""sampleMs"":6609474,""gasClass"":6,""gasName"":""CO2"",""confidence"":0,""alarm"":false,""sensorVoltage"":[0.11581926,0.00390454,0.004909852,-0.002601999,-0.00662994,-0.011606769,-0.019455066,-0.02541847],""sensorGain"":[32,64,64,64,64,64,64,64],""sensorStatus"":[0,0,0,0,0,0,0,0],""featureOrder"":[""MQ8"",""MQ135"",""MQ3"",""MQ5"",""MQ4"",""MQ7"",""MQ6"",""MQ2""]},""alarmLatched"":false}"
2026-08-04 11:11:14.188 +07:00,233.069,HOT_SWEEP_70,70,700,300,1,0,0.11705415,0.003944934,0.004828475,-0.002608568,-0.00657551,-0.011592996,-0.019484917,-0.025404513,"{""deviceId"":""1001"",""nodeId"":4097,""targetChId"":""0010"",""mode"":""inference"",""uptimeMs"":6610530,""debugEnabled"":true,""power"":{""mode"":""24v"",""externalPower"":true,""batteryMv"":65535,""batteryValid"":false,""batteryDetected"":false,""batterySenseStatus"":""not_detected"",""batteryLow"":false,""batteryCritical"":false,""sourceAmbiguous"":false,""serviceHoldActive"":false,""serviceHoldEffective"":false},""batterySession"":{""state"":""inactive"",""startedMs"":0,""stateStartedMs"":0,""validSampleBatches"":0,""requiredSampleBatches"":10,""alarmTxAttempts"":0,""alarmTxAttemptLimit"":3,""alarmAckReceived"":false,""pendingAlarm"":false,""pendingSaveRequired"":false,""persistenceFaultHold"":false,""completionReason"":""session_done""},""bootHealth"":{""adsReady"":true,""adsDrdyLevel"":0,""adsDrdyPulldownLevel"":0,""adsDrdyPullupLevel"":0,""adsMisoPulldownLevel"":0,""adsMisoPullupLevel"":1,""adsCsLevel"":1,""adsSyncLevel"":1,""adsStatus"":54,""adsMux"":15,""adsAdcon"":6,""adsDrate"":240,""adsReason"":""ok"",""tcaOk"":true,""mcpOkCount"":8,""mcpOk"":[true,true,true,true,true,true,true,true],""mcpAddrMask"":[1,1,1,1,1,1,1,1],""mcpControlTested"":true,""mcpControlOkCount"":8,""mcpControlOk"":[true,true,true,true,true,true,true,true],""dacReady"":true,""radioReady"":true,""mlReady"":true,""nullingProfileApplied"":true,""modelProfileReady"":false},""runtimeMcpCode"":[255,519,795,706,799,865,665,139],""model"":{""profileId"":""cnn-dualbranch-datasheet-v1-unbound"",""scalerProfileId"":""cnn-dualbranch-datasheet-v1-unbound"",""productionApproved"":true,""boundNullingProfileId"":8,""activeNullingProfileId"":9,""bindingValid"":true,""bindingModelMatches"":true,""profileReady"":false,""inferenceValid"":false,""sensorFault"":true},""lora"":{""beginState"":0,""lastTxState"":0,""lastTxOk"":false,""txSeq"":0,""txCounter"":0,""aesKeyProvisioned"":true,""aesKeyPresent"":true,""aesKeySource"":""nvs"",""keyId"":1,""lastDownlinkCommandId"":0,""freqMHz"":920,""bwKHz"":125,""sf"":7,""cr"":5,""syncWord"":18,""txPowerDbm"":17,""preamble"":8,""tcxoVoltage"":1.600000024,""xtalVoltage"":0},""dataset"":{""state"":""idle"",""step"":""idle"",""label"":"""",""seq"":0,""targetSamples"":0,""sampleIntervalMs"":500,""maxDurationMs"":0,""useFanIntake"":true,""fanOnMs"":1000,""postFanSettleMs"":0,""nullingProfileId"":9,""queuePending"":0,""queueCapacity"":16,""queueEnqueued"":0,""queueDropped"":0,""publishFailCount"":0,""retryCount"":0,""retryFailCount"":0,""rejectedSamples"":0,""lastRejectReason"":""none"",""lastRejectChannel"":-1,""lastRejectOkFiniteCount"":0,""lastRejectStatus"":255,""lastRejectGain"":0,""lastRejectSaturated"":false},""recovery"":{""wifiReconnectCount"":0,""wifiReconnectFailCount"":0,""mqttReconnectCount"":0,""mqttConnectFailCount"":0,""lastMqttState"":0,""adsRecoveryCount"":0,""adsRecoveryFailCount"":0,""adsReadFailStreak"":0,""lastReason"":""none"",""lastRecoveryMs"":0,""bootRecoveryArmed"":false,""bootRecoveryDueMs"":0,""bootRecoveryReason"":""none"",""bootRecoveryNonAdsFailure"":false,""bootRecoveryRestartCount"":0},""nulling"":{""done"":false,""retryArmed"":false,""attemptCount"":0,""nextRetryMs"":0,""thresholdV"":9.999999747E-06,""minFinalV"":0},""telemetry"":{""valid"":true,""sampleMs"":6610124,""gasClass"":6,""gasName"":""CO2"",""confidence"":0,""alarm"":false,""sensorVoltage"":[0.11705415,0.003944934,0.004828475,-0.002608568,-0.00657551,-0.011592996,-0.019484917,-0.025404513],""sensorGain"":[32,64,64,64,64,64,64,64],""sensorStatus"":[0,0,0,0,0,0,0,0],""featureOrder"":[""MQ8"",""MQ135"",""MQ3"",""MQ5"",""MQ4"",""MQ7"",""MQ6"",""MQ2""]},""alarmLatched"":false}"
2026-08-04 11:11:14.890 +07:00,233.771,HOT_SWEEP_70,70,700,300,1,0,0.116646074,0.003976264,0.004882674,-0.002607124,-0.006226258,-0.01157875,-0.019474141,-0.02541782,"{""deviceId"":""1001"",""nodeId"":4097,""targetChId"":""0010"",""mode"":""inference"",""uptimeMs"":6611229,""debugEnabled"":true,""power"":{""mode"":""24v"",""externalPower"":true,""batteryMv"":65535,""batteryValid"":false,""batteryDetected"":false,""batterySenseStatus"":""not_detected"",""batteryLow"":false,""batteryCritical"":false,""sourceAmbiguous"":false,""serviceHoldActive"":false,""serviceHoldEffective"":false},""batterySession"":{""state"":""inactive"",""startedMs"":0,""stateStartedMs"":0,""validSampleBatches"":0,""requiredSampleBatches"":10,""alarmTxAttempts"":0,""alarmTxAttemptLimit"":3,""alarmAckReceived"":false,""pendingAlarm"":false,""pendingSaveRequired"":false,""persistenceFaultHold"":false,""completionReason"":""session_done""},""bootHealth"":{""adsReady"":true,""adsDrdyLevel"":0,""adsDrdyPulldownLevel"":0,""adsDrdyPullupLevel"":0,""adsMisoPulldownLevel"":0,""adsMisoPullupLevel"":1,""adsCsLevel"":1,""adsSyncLevel"":1,""adsStatus"":54,""adsMux"":15,""adsAdcon"":6,""adsDrate"":240,""adsReason"":""ok"",""tcaOk"":true,""mcpOkCount"":8,""mcpOk"":[true,true,true,true,true,true,true,true],""mcpAddrMask"":[1,1,1,1,1,1,1,1],""mcpControlTested"":true,""mcpControlOkCount"":8,""mcpControlOk"":[true,true,true,true,true,true,true,true],""dacReady"":true,""radioReady"":true,""mlReady"":true,""nullingProfileApplied"":true,""modelProfileReady"":false},""runtimeMcpCode"":[255,519,795,706,799,865,665,139],""model"":{""profileId"":""cnn-dualbranch-datasheet-v1-unbound"",""scalerProfileId"":""cnn-dualbranch-datasheet-v1-unbound"",""productionApproved"":true,""boundNullingProfileId"":8,""activeNullingProfileId"":9,""bindingValid"":true,""bindingModelMatches"":true,""profileReady"":false,""inferenceValid"":false,""sensorFault"":true},""lora"":{""beginState"":0,""lastTxState"":0,""lastTxOk"":false,""txSeq"":0,""txCounter"":0,""aesKeyProvisioned"":true,""aesKeyPresent"":true,""aesKeySource"":""nvs"",""keyId"":1,""lastDownlinkCommandId"":0,""freqMHz"":920,""bwKHz"":125,""sf"":7,""cr"":5,""syncWord"":18,""txPowerDbm"":17,""preamble"":8,""tcxoVoltage"":1.600000024,""xtalVoltage"":0},""dataset"":{""state"":""idle"",""step"":""idle"",""label"":"""",""seq"":0,""targetSamples"":0,""sampleIntervalMs"":500,""maxDurationMs"":0,""useFanIntake"":true,""fanOnMs"":1000,""postFanSettleMs"":0,""nullingProfileId"":9,""queuePending"":0,""queueCapacity"":16,""queueEnqueued"":0,""queueDropped"":0,""publishFailCount"":0,""retryCount"":0,""retryFailCount"":0,""rejectedSamples"":0,""lastRejectReason"":""none"",""lastRejectChannel"":-1,""lastRejectOkFiniteCount"":0,""lastRejectStatus"":255,""lastRejectGain"":0,""lastRejectSaturated"":false},""recovery"":{""wifiReconnectCount"":0,""wifiReconnectFailCount"":0,""mqttReconnectCount"":0,""mqttConnectFailCount"":0,""lastMqttState"":0,""adsRecoveryCount"":0,""adsRecoveryFailCount"":0,""adsReadFailStreak"":0,""lastReason"":""none"",""lastRecoveryMs"":0,""bootRecoveryArmed"":false,""bootRecoveryDueMs"":0,""bootRecoveryReason"":""none"",""bootRecoveryNonAdsFailure"":false,""bootRecoveryRestartCount"":0},""nulling"":{""done"":false,""retryArmed"":false,""attemptCount"":0,""nextRetryMs"":0,""thresholdV"":9.999999747E-06,""minFinalV"":0},""telemetry"":{""valid"":true,""sampleMs"":6610808,""gasClass"":6,""gasName"":""CO2"",""confidence"":0,""alarm"":false,""sensorVoltage"":[0.116646074,0.003976264,0.004882674,-0.002607124,-0.006226258,-0.01157875,-0.019474141,-0.02541782],""sensorGain"":[32,64,64,64,64,64,64,64],""sensorStatus"":[0,0,0,0,0,0,0,0],""featureOrder"":[""MQ8"",""MQ135"",""MQ3"",""MQ5"",""MQ4"",""MQ7"",""MQ6"",""MQ2""]},""alarmLatched"":false}"
2026-08-04 11:11:15.591 +07:00,234.470,HOT_SWEEP_70,70,700,300,1,0,0.116079174,0.003979843,0.004884235,-0.002625177,-0.006145258,-0.011687294,-0.01947313,-0.025465056,"{""deviceId"":""1001"",""nodeId"":4097,""targetChId"":""0010"",""mode"":""inference"",""uptimeMs"":6611928,""debugEnabled"":true,""power"":{""mode"":""24v"",""externalPower"":true,""batteryMv"":65535,""batteryValid"":false,""batteryDetected"":false,""batterySenseStatus"":""not_detected"",""batteryLow"":false,""batteryCritical"":false,""sourceAmbiguous"":false,""serviceHoldActive"":false,""serviceHoldEffective"":false},""batterySession"":{""state"":""inactive"",""startedMs"":0,""stateStartedMs"":0,""validSampleBatches"":0,""requiredSampleBatches"":10,""alarmTxAttempts"":0,""alarmTxAttemptLimit"":3,""alarmAckReceived"":false,""pendingAlarm"":false,""pendingSaveRequired"":false,""persistenceFaultHold"":false,""completionReason"":""session_done""},""bootHealth"":{""adsReady"":true,""adsDrdyLevel"":0,""adsDrdyPulldownLevel"":0,""adsDrdyPullupLevel"":0,""adsMisoPulldownLevel"":0,""adsMisoPullupLevel"":1,""adsCsLevel"":1,""adsSyncLevel"":1,""adsStatus"":54,""adsMux"":15,""adsAdcon"":6,""adsDrate"":240,""adsReason"":""ok"",""tcaOk"":true,""mcpOkCount"":8,""mcpOk"":[true,true,true,true,true,true,true,true],""mcpAddrMask"":[1,1,1,1,1,1,1,1],""mcpControlTested"":true,""mcpControlOkCount"":8,""mcpControlOk"":[true,true,true,true,true,true,true,true],""dacReady"":true,""radioReady"":true,""mlReady"":true,""nullingProfileApplied"":true,""modelProfileReady"":false},""runtimeMcpCode"":[255,519,795,706,799,865,665,139],""model"":{""profileId"":""cnn-dualbranch-datasheet-v1-unbound"",""scalerProfileId"":""cnn-dualbranch-datasheet-v1-unbound"",""productionApproved"":true,""boundNullingProfileId"":8,""activeNullingProfileId"":9,""bindingValid"":true,""bindingModelMatches"":true,""profileReady"":false,""inferenceValid"":false,""sensorFault"":true},""lora"":{""beginState"":0,""lastTxState"":0,""lastTxOk"":false,""txSeq"":0,""txCounter"":0,""aesKeyProvisioned"":true,""aesKeyPresent"":true,""aesKeySource"":""nvs"",""keyId"":1,""lastDownlinkCommandId"":0,""freqMHz"":920,""bwKHz"":125,""sf"":7,""cr"":5,""syncWord"":18,""txPowerDbm"":17,""preamble"":8,""tcxoVoltage"":1.600000024,""xtalVoltage"":0},""dataset"":{""state"":""idle"",""step"":""idle"",""label"":"""",""seq"":0,""targetSamples"":0,""sampleIntervalMs"":500,""maxDurationMs"":0,""useFanIntake"":true,""fanOnMs"":1000,""postFanSettleMs"":0,""nullingProfileId"":9,""queuePending"":0,""queueCapacity"":16,""queueEnqueued"":0,""queueDropped"":0,""publishFailCount"":0,""retryCount"":0,""retryFailCount"":0,""rejectedSamples"":0,""lastRejectReason"":""none"",""lastRejectChannel"":-1,""lastRejectOkFiniteCount"":0,""lastRejectStatus"":255,""lastRejectGain"":0,""lastRejectSaturated"":false},""recovery"":{""wifiReconnectCount"":0,""wifiReconnectFailCount"":0,""mqttReconnectCount"":0,""mqttConnectFailCount"":0,""lastMqttState"":0,""adsRecoveryCount"":0,""adsRecoveryFailCount"":0,""adsReadFailStreak"":0,""lastReason"":""none"",""lastRecoveryMs"":0,""bootRecoveryArmed"":false,""bootRecoveryDueMs"":0,""bootRecoveryReason"":""none"",""bootRecoveryNonAdsFailure"":false,""bootRecoveryRestartCount"":0},""nulling"":{""done"":false,""retryArmed"":false,""attemptCount"":0,""nextRetryMs"":0,""thresholdV"":9.999999747E-06,""minFinalV"":0},""telemetry"":{""valid"":true,""sampleMs"":6611539,""gasClass"":6,""gasName"":""CO2"",""confidence"":0,""alarm"":false,""sensorVoltage"":[0.116079174,0.003979843,0.004884235,-0.002625177,-0.006145258,-0.011687294,-0.01947313,-0.025465056],""sensorGain"":[32,64,64,64,64,64,64,64],""sensorStatus"":[0,0,0,0,0,0,0,0],""featureOrder"":[""MQ8"",""MQ135"",""MQ3"",""MQ5"",""MQ4"",""MQ7"",""MQ6"",""MQ2""]},""alarmLatched"":false}"
2026-08-04 11:11:16.266 +07:00,235.147,HOT_SWEEP_70,70,700,300,1,0,0.116414092,0.003974916,0.004868253,-0.002625131,-0.00561828,-0.01166139,-0.01951134,-0.025458369,"{""deviceId"":""1001"",""nodeId"":4097,""targetChId"":""0010"",""mode"":""inference"",""uptimeMs"":6612611,""debugEnabled"":true,""power"":{""mode"":""24v"",""externalPower"":true,""batteryMv"":65535,""batteryValid"":false,""batteryDetected"":false,""batterySenseStatus"":""not_detected"",""batteryLow"":false,""batteryCritical"":false,""sourceAmbiguous"":false,""serviceHoldActive"":false,""serviceHoldEffective"":false},""batterySession"":{""state"":""inactive"",""startedMs"":0,""stateStartedMs"":0,""validSampleBatches"":0,""requiredSampleBatches"":10,""alarmTxAttempts"":0,""alarmTxAttemptLimit"":3,""alarmAckReceived"":false,""pendingAlarm"":false,""pendingSaveRequired"":false,""persistenceFaultHold"":false,""completionReason"":""session_done""},""bootHealth"":{""adsReady"":true,""adsDrdyLevel"":0,""adsDrdyPulldownLevel"":0,""adsDrdyPullupLevel"":0,""adsMisoPulldownLevel"":0,""adsMisoPullupLevel"":1,""adsCsLevel"":1,""adsSyncLevel"":1,""adsStatus"":54,""adsMux"":15,""adsAdcon"":6,""adsDrate"":240,""adsReason"":""ok"",""tcaOk"":true,""mcpOkCount"":8,""mcpOk"":[true,true,true,true,true,true,true,true],""mcpAddrMask"":[1,1,1,1,1,1,1,1],""mcpControlTested"":true,""mcpControlOkCount"":8,""mcpControlOk"":[true,true,true,true,true,true,true,true],""dacReady"":true,""radioReady"":true,""mlReady"":true,""nullingProfileApplied"":true,""modelProfileReady"":false},""runtimeMcpCode"":[255,519,795,706,799,865,665,139],""model"":{""profileId"":""cnn-dualbranch-datasheet-v1-unbound"",""scalerProfileId"":""cnn-dualbranch-datasheet-v1-unbound"",""productionApproved"":true,""boundNullingProfileId"":8,""activeNullingProfileId"":9,""bindingValid"":true,""bindingModelMatches"":true,""profileReady"":false,""inferenceValid"":false,""sensorFault"":true},""lora"":{""beginState"":0,""lastTxState"":0,""lastTxOk"":false,""txSeq"":0,""txCounter"":0,""aesKeyProvisioned"":true,""aesKeyPresent"":true,""aesKeySource"":""nvs"",""keyId"":1,""lastDownlinkCommandId"":0,""freqMHz"":920,""bwKHz"":125,""sf"":7,""cr"":5,""syncWord"":18,""txPowerDbm"":17,""preamble"":8,""tcxoVoltage"":1.600000024,""xtalVoltage"":0},""dataset"":{""state"":""idle"",""step"":""idle"",""label"":"""",""seq"":0,""targetSamples"":0,""sampleIntervalMs"":500,""maxDurationMs"":0,""useFanIntake"":true,""fanOnMs"":1000,""postFanSettleMs"":0,""nullingProfileId"":9,""queuePending"":0,""queueCapacity"":16,""queueEnqueued"":0,""queueDropped"":0,""publishFailCount"":0,""retryCount"":0,""retryFailCount"":0,""rejectedSamples"":0,""lastRejectReason"":""none"",""lastRejectChannel"":-1,""lastRejectOkFiniteCount"":0,""lastRejectStatus"":255,""lastRejectGain"":0,""lastRejectSaturated"":false},""recovery"":{""wifiReconnectCount"":0,""wifiReconnectFailCount"":0,""mqttReconnectCount"":0,""mqttConnectFailCount"":0,""lastMqttState"":0,""adsRecoveryCount"":0,""adsRecoveryFailCount"":0,""adsReadFailStreak"":0,""lastReason"":""none"",""lastRecoveryMs"":0,""bootRecoveryArmed"":false,""bootRecoveryDueMs"":0,""bootRecoveryReason"":""none"",""bootRecoveryNonAdsFailure"":false,""bootRecoveryRestartCount"":0},""nulling"":{""done"":false,""retryArmed"":false,""attemptCount"":0,""nextRetryMs"":0,""thresholdV"":9.999999747E-06,""minFinalV"":0},""telemetry"":{""valid"":true,""sampleMs"":6612206,""gasClass"":6,""gasName"":""CO2"",""confidence"":0,""alarm"":false,""sensorVoltage"":[0.116414092,0.003974916,0.004868253,-0.002625131,-0.00561828,-0.01166139,-0.01951134,-0.025458369],""sensorGain"":[32,64,64,64,64,64,64,64],""sensorStatus"":[0,0,0,0,0,0,0,0],""featureOrder"":[""MQ8"",""MQ135"",""MQ3"",""MQ5"",""MQ4"",""MQ7"",""MQ6"",""MQ2""]},""alarmLatched"":false}"
2026-08-04 11:11:16.956 +07:00,235.837,HOT_SWEEP_70,70,700,300,1,0,0.116325773,0.004002908,0.004871284,-0.00262842,-0.005656596,-0.011598126,-0.019505475,-0.025492603,"{""deviceId"":""1001"",""nodeId"":4097,""targetChId"":""0010"",""mode"":""inference"",""uptimeMs"":6613295,""debugEnabled"":true,""power"":{""mode"":""24v"",""externalPower"":true,""batteryMv"":65535,""batteryValid"":false,""batteryDetected"":false,""batterySenseStatus"":""not_detected"",""batteryLow"":false,""batteryCritical"":false,""sourceAmbiguous"":false,""serviceHoldActive"":false,""serviceHoldEffective"":false},""batterySession"":{""state"":""inactive"",""startedMs"":0,""stateStartedMs"":0,""validSampleBatches"":0,""requiredSampleBatches"":10,""alarmTxAttempts"":0,""alarmTxAttemptLimit"":3,""alarmAckReceived"":false,""pendingAlarm"":false,""pendingSaveRequired"":false,""persistenceFaultHold"":false,""completionReason"":""session_done""},""bootHealth"":{""adsReady"":true,""adsDrdyLevel"":0,""adsDrdyPulldownLevel"":0,""adsDrdyPullupLevel"":0,""adsMisoPulldownLevel"":0,""adsMisoPullupLevel"":1,""adsCsLevel"":1,""adsSyncLevel"":1,""adsStatus"":54,""adsMux"":15,""adsAdcon"":6,""adsDrate"":240,""adsReason"":""ok"",""tcaOk"":true,""mcpOkCount"":8,""mcpOk"":[true,true,true,true,true,true,true,true],""mcpAddrMask"":[1,1,1,1,1,1,1,1],""mcpControlTested"":true,""mcpControlOkCount"":8,""mcpControlOk"":[true,true,true,true,true,true,true,true],""dacReady"":true,""radioReady"":true,""mlReady"":true,""nullingProfileApplied"":true,""modelProfileReady"":false},""runtimeMcpCode"":[255,519,795,706,799,865,665,139],""model"":{""profileId"":""cnn-dualbranch-datasheet-v1-unbound"",""scalerProfileId"":""cnn-dualbranch-datasheet-v1-unbound"",""productionApproved"":true,""boundNullingProfileId"":8,""activeNullingProfileId"":9,""bindingValid"":true,""bindingModelMatches"":true,""profileReady"":false,""inferenceValid"":false,""sensorFault"":true},""lora"":{""beginState"":0,""lastTxState"":0,""lastTxOk"":false,""txSeq"":0,""txCounter"":0,""aesKeyProvisioned"":true,""aesKeyPresent"":true,""aesKeySource"":""nvs"",""keyId"":1,""lastDownlinkCommandId"":0,""freqMHz"":920,""bwKHz"":125,""sf"":7,""cr"":5,""syncWord"":18,""txPowerDbm"":17,""preamble"":8,""tcxoVoltage"":1.600000024,""xtalVoltage"":0},""dataset"":{""state"":""idle"",""step"":""idle"",""label"":"""",""seq"":0,""targetSamples"":0,""sampleIntervalMs"":500,""maxDurationMs"":0,""useFanIntake"":true,""fanOnMs"":1000,""postFanSettleMs"":0,""nullingProfileId"":9,""queuePending"":0,""queueCapacity"":16,""queueEnqueued"":0,""queueDropped"":0,""publishFailCount"":0,""retryCount"":0,""retryFailCount"":0,""rejectedSamples"":0,""lastRejectReason"":""none"",""lastRejectChannel"":-1,""lastRejectOkFiniteCount"":0,""lastRejectStatus"":255,""lastRejectGain"":0,""lastRejectSaturated"":false},""recovery"":{""wifiReconnectCount"":0,""wifiReconnectFailCount"":0,""mqttReconnectCount"":0,""mqttConnectFailCount"":0,""lastMqttState"":0,""adsRecoveryCount"":0,""adsRecoveryFailCount"":0,""adsReadFailStreak"":0,""lastReason"":""none"",""lastRecoveryMs"":0,""bootRecoveryArmed"":false,""bootRecoveryDueMs"":0,""bootRecoveryReason"":""none"",""bootRecoveryNonAdsFailure"":false,""bootRecoveryRestartCount"":0},""nulling"":{""done"":false,""retryArmed"":false,""attemptCount"":0,""nextRetryMs"":0,""thresholdV"":9.999999747E-06,""minFinalV"":0},""telemetry"":{""valid"":true,""sampleMs"":6612889,""gasClass"":6,""gasName"":""CO2"",""confidence"":0,""alarm"":false,""sensorVoltage"":[0.116325773,0.004002908,0.004871284,-0.00262842,-0.005656596,-0.011598126,-0.019505475,-0.025492603],""sensorGain"":[32,64,64,64,64,64,64,64],""sensorStatus"":[0,0,0,0,0,0,0,0],""featureOrder"":[""MQ8"",""MQ135"",""MQ3"",""MQ5"",""MQ4"",""MQ7"",""MQ6"",""MQ2""]},""alarmLatched"":false}"
2026-08-04 11:11:17.656 +07:00,236.534,HOT_SWEEP_70,70,700,300,1,0,0.115723088,0.004022618,0.004874868,-0.002595773,-0.006661517,-0.011608919,-0.019441238,-0.025475204,"{""deviceId"":""1001"",""nodeId"":4097,""targetChId"":""0010"",""mode"":""inference"",""uptimeMs"":6613991,""debugEnabled"":true,""power"":{""mode"":""24v"",""externalPower"":true,""batteryMv"":65535,""batteryValid"":false,""batteryDetected"":false,""batterySenseStatus"":""not_detected"",""batteryLow"":false,""batteryCritical"":false,""sourceAmbiguous"":false,""serviceHoldActive"":false,""serviceHoldEffective"":false},""batterySession"":{""state"":""inactive"",""startedMs"":0,""stateStartedMs"":0,""validSampleBatches"":0,""requiredSampleBatches"":10,""alarmTxAttempts"":0,""alarmTxAttemptLimit"":3,""alarmAckReceived"":false,""pendingAlarm"":false,""pendingSaveRequired"":false,""persistenceFaultHold"":false,""completionReason"":""session_done""},""bootHealth"":{""adsReady"":true,""adsDrdyLevel"":0,""adsDrdyPulldownLevel"":0,""adsDrdyPullupLevel"":0,""adsMisoPulldownLevel"":0,""adsMisoPullupLevel"":1,""adsCsLevel"":1,""adsSyncLevel"":1,""adsStatus"":54,""adsMux"":15,""adsAdcon"":6,""adsDrate"":240,""adsReason"":""ok"",""tcaOk"":true,""mcpOkCount"":8,""mcpOk"":[true,true,true,true,true,true,true,true],""mcpAddrMask"":[1,1,1,1,1,1,1,1],""mcpControlTested"":true,""mcpControlOkCount"":8,""mcpControlOk"":[true,true,true,true,true,true,true,true],""dacReady"":true,""radioReady"":true,""mlReady"":true,""nullingProfileApplied"":true,""modelProfileReady"":false},""runtimeMcpCode"":[255,519,795,706,799,865,665,139],""model"":{""profileId"":""cnn-dualbranch-datasheet-v1-unbound"",""scalerProfileId"":""cnn-dualbranch-datasheet-v1-unbound"",""productionApproved"":true,""boundNullingProfileId"":8,""activeNullingProfileId"":9,""bindingValid"":true,""bindingModelMatches"":true,""profileReady"":false,""inferenceValid"":false,""sensorFault"":true},""lora"":{""beginState"":0,""lastTxState"":0,""lastTxOk"":false,""txSeq"":0,""txCounter"":0,""aesKeyProvisioned"":true,""aesKeyPresent"":true,""aesKeySource"":""nvs"",""keyId"":1,""lastDownlinkCommandId"":0,""freqMHz"":920,""bwKHz"":125,""sf"":7,""cr"":5,""syncWord"":18,""txPowerDbm"":17,""preamble"":8,""tcxoVoltage"":1.600000024,""xtalVoltage"":0},""dataset"":{""state"":""idle"",""step"":""idle"",""label"":"""",""seq"":0,""targetSamples"":0,""sampleIntervalMs"":500,""maxDurationMs"":0,""useFanIntake"":true,""fanOnMs"":1000,""postFanSettleMs"":0,""nullingProfileId"":9,""queuePending"":0,""queueCapacity"":16,""queueEnqueued"":0,""queueDropped"":0,""publishFailCount"":0,""retryCount"":0,""retryFailCount"":0,""rejectedSamples"":0,""lastRejectReason"":""none"",""lastRejectChannel"":-1,""lastRejectOkFiniteCount"":0,""lastRejectStatus"":255,""lastRejectGain"":0,""lastRejectSaturated"":false},""recovery"":{""wifiReconnectCount"":0,""wifiReconnectFailCount"":0,""mqttReconnectCount"":0,""mqttConnectFailCount"":0,""lastMqttState"":0,""adsRecoveryCount"":0,""adsRecoveryFailCount"":0,""adsReadFailStreak"":0,""lastReason"":""none"",""lastRecoveryMs"":0,""bootRecoveryArmed"":false,""bootRecoveryDueMs"":0,""bootRecoveryReason"":""none"",""bootRecoveryNonAdsFailure"":false,""bootRecoveryRestartCount"":0},""nulling"":{""done"":false,""retryArmed"":false,""attemptCount"":0,""nextRetryMs"":0,""thresholdV"":9.999999747E-06,""minFinalV"":0},""telemetry"":{""valid"":true,""sampleMs"":6613605,""gasClass"":6,""gasName"":""CO2"",""confidence"":0,""alarm"":false,""sensorVoltage"":[0.115723088,0.004022618,0.004874868,-0.002595773,-0.006661517,-0.011608919,-0.019441238,-0.025475204],""sensorGain"":[32,64,64,64,64,64,64,64],""sensorStatus"":[0,0,0,0,0,0,0,0],""featureOrder"":[""MQ8"",""MQ135"",""MQ3"",""MQ5"",""MQ4"",""MQ7"",""MQ6"",""MQ2""]},""alarmLatched"":false}"
2026-08-04 11:11:18.357 +07:00,237.236,HOT_SWEEP_70,70,700,300,1,0,0.115668878,0.004022765,0.00484908,-0.002570342,-0.006659552,-0.011569895,-0.019447381,-0.025461882,"{""deviceId"":""1001"",""nodeId"":4097,""targetChId"":""0010"",""mode"":""inference"",""uptimeMs"":6614690,""debugEnabled"":true,""power"":{""mode"":""24v"",""externalPower"":true,""batteryMv"":65535,""batteryValid"":false,""batteryDetected"":false,""batterySenseStatus"":""not_detected"",""batteryLow"":false,""batteryCritical"":false,""sourceAmbiguous"":false,""serviceHoldActive"":false,""serviceHoldEffective"":false},""batterySession"":{""state"":""inactive"",""startedMs"":0,""stateStartedMs"":0,""validSampleBatches"":0,""requiredSampleBatches"":10,""alarmTxAttempts"":0,""alarmTxAttemptLimit"":3,""alarmAckReceived"":false,""pendingAlarm"":false,""pendingSaveRequired"":false,""persistenceFaultHold"":false,""completionReason"":""session_done""},""bootHealth"":{""adsReady"":true,""adsDrdyLevel"":0,""adsDrdyPulldownLevel"":0,""adsDrdyPullupLevel"":0,""adsMisoPulldownLevel"":0,""adsMisoPullupLevel"":1,""adsCsLevel"":1,""adsSyncLevel"":1,""adsStatus"":54,""adsMux"":15,""adsAdcon"":6,""adsDrate"":240,""adsReason"":""ok"",""tcaOk"":true,""mcpOkCount"":8,""mcpOk"":[true,true,true,true,true,true,true,true],""mcpAddrMask"":[1,1,1,1,1,1,1,1],""mcpControlTested"":true,""mcpControlOkCount"":8,""mcpControlOk"":[true,true,true,true,true,true,true,true],""dacReady"":true,""radioReady"":true,""mlReady"":true,""nullingProfileApplied"":true,""modelProfileReady"":false},""runtimeMcpCode"":[255,519,795,706,799,865,665,139],""model"":{""profileId"":""cnn-dualbranch-datasheet-v1-unbound"",""scalerProfileId"":""cnn-dualbranch-datasheet-v1-unbound"",""productionApproved"":true,""boundNullingProfileId"":8,""activeNullingProfileId"":9,""bindingValid"":true,""bindingModelMatches"":true,""profileReady"":false,""inferenceValid"":false,""sensorFault"":true},""lora"":{""beginState"":0,""lastTxState"":0,""lastTxOk"":false,""txSeq"":0,""txCounter"":0,""aesKeyProvisioned"":true,""aesKeyPresent"":true,""aesKeySource"":""nvs"",""keyId"":1,""lastDownlinkCommandId"":0,""freqMHz"":920,""bwKHz"":125,""sf"":7,""cr"":5,""syncWord"":18,""txPowerDbm"":17,""preamble"":8,""tcxoVoltage"":1.600000024,""xtalVoltage"":0},""dataset"":{""state"":""idle"",""step"":""idle"",""label"":"""",""seq"":0,""targetSamples"":0,""sampleIntervalMs"":500,""maxDurationMs"":0,""useFanIntake"":true,""fanOnMs"":1000,""postFanSettleMs"":0,""nullingProfileId"":9,""queuePending"":0,""queueCapacity"":16,""queueEnqueued"":0,""queueDropped"":0,""publishFailCount"":0,""retryCount"":0,""retryFailCount"":0,""rejectedSamples"":0,""lastRejectReason"":""none"",""lastRejectChannel"":-1,""lastRejectOkFiniteCount"":0,""lastRejectStatus"":255,""lastRejectGain"":0,""lastRejectSaturated"":false},""recovery"":{""wifiReconnectCount"":0,""wifiReconnectFailCount"":0,""mqttReconnectCount"":0,""mqttConnectFailCount"":0,""lastMqttState"":0,""adsRecoveryCount"":0,""adsRecoveryFailCount"":0,""adsReadFailStreak"":0,""lastReason"":""none"",""lastRecoveryMs"":0,""bootRecoveryArmed"":false,""bootRecoveryDueMs"":0,""bootRecoveryReason"":""none"",""bootRecoveryNonAdsFailure"":false,""bootRecoveryRestartCount"":0},""nulling"":{""done"":false,""retryArmed"":false,""attemptCount"":0,""nextRetryMs"":0,""thresholdV"":9.999999747E-06,""minFinalV"":0},""telemetry"":{""valid"":true,""sampleMs"":6614269,""gasClass"":6,""gasName"":""CO2"",""confidence"":0,""alarm"":false,""sensorVoltage"":[0.115668878,0.004022765,0.00484908,-0.002570342,-0.006659552,-0.011569895,-0.019447381,-0.025461882],""sensorGain"":[32,64,64,64,64,64,64,64],""sensorStatus"":[0,0,0,0,0,0,0,0],""featureOrder"":[""MQ8"",""MQ135"",""MQ3"",""MQ5"",""MQ4"",""MQ7"",""MQ6"",""MQ2""]},""alarmLatched"":false}"
2026-08-04 11:11:19.048 +07:00,237.929,HOT_SWEEP_70,70,700,300,1,0,0.1162076,0.004007366,0.004866155,-0.002568845,-0.007562316,-0.011567785,-0.019113887,-0.024949379,"{""deviceId"":""1001"",""nodeId"":4097,""targetChId"":""0010"",""mode"":""inference"",""uptimeMs"":6615391,""debugEnabled"":true,""power"":{""mode"":""24v"",""externalPower"":true,""batteryMv"":65535,""batteryValid"":false,""batteryDetected"":false,""batterySenseStatus"":""not_detected"",""batteryLow"":false,""batteryCritical"":false,""sourceAmbiguous"":false,""serviceHoldActive"":false,""serviceHoldEffective"":false},""batterySession"":{""state"":""inactive"",""startedMs"":0,""stateStartedMs"":0,""validSampleBatches"":0,""requiredSampleBatches"":10,""alarmTxAttempts"":0,""alarmTxAttemptLimit"":3,""alarmAckReceived"":false,""pendingAlarm"":false,""pendingSaveRequired"":false,""persistenceFaultHold"":false,""completionReason"":""session_done""},""bootHealth"":{""adsReady"":true,""adsDrdyLevel"":0,""adsDrdyPulldownLevel"":0,""adsDrdyPullupLevel"":0,""adsMisoPulldownLevel"":0,""adsMisoPullupLevel"":1,""adsCsLevel"":1,""adsSyncLevel"":1,""adsStatus"":54,""adsMux"":15,""adsAdcon"":6,""adsDrate"":240,""adsReason"":""ok"",""tcaOk"":true,""mcpOkCount"":8,""mcpOk"":[true,true,true,true,true,true,true,true],""mcpAddrMask"":[1,1,1,1,1,1,1,1],""mcpControlTested"":true,""mcpControlOkCount"":8,""mcpControlOk"":[true,true,true,true,true,true,true,true],""dacReady"":true,""radioReady"":true,""mlReady"":true,""nullingProfileApplied"":true,""modelProfileReady"":false},""runtimeMcpCode"":[255,519,795,706,799,865,665,139],""model"":{""profileId"":""cnn-dualbranch-datasheet-v1-unbound"",""scalerProfileId"":""cnn-dualbranch-datasheet-v1-unbound"",""productionApproved"":true,""boundNullingProfileId"":8,""activeNullingProfileId"":9,""bindingValid"":true,""bindingModelMatches"":true,""profileReady"":false,""inferenceValid"":false,""sensorFault"":true},""lora"":{""beginState"":0,""lastTxState"":0,""lastTxOk"":false,""txSeq"":0,""txCounter"":0,""aesKeyProvisioned"":true,""aesKeyPresent"":true,""aesKeySource"":""nvs"",""keyId"":1,""lastDownlinkCommandId"":0,""freqMHz"":920,""bwKHz"":125,""sf"":7,""cr"":5,""syncWord"":18,""txPowerDbm"":17,""preamble"":8,""tcxoVoltage"":1.600000024,""xtalVoltage"":0},""dataset"":{""state"":""idle"",""step"":""idle"",""label"":"""",""seq"":0,""targetSamples"":0,""sampleIntervalMs"":500,""maxDurationMs"":0,""useFanIntake"":true,""fanOnMs"":1000,""postFanSettleMs"":0,""nullingProfileId"":9,""queuePending"":0,""queueCapacity"":16,""queueEnqueued"":0,""queueDropped"":0,""publishFailCount"":0,""retryCount"":0,""retryFailCount"":0,""rejectedSamples"":0,""lastRejectReason"":""none"",""lastRejectChannel"":-1,""lastRejectOkFiniteCount"":0,""lastRejectStatus"":255,""lastRejectGain"":0,""lastRejectSaturated"":false},""recovery"":{""wifiReconnectCount"":0,""wifiReconnectFailCount"":0,""mqttReconnectCount"":0,""mqttConnectFailCount"":0,""lastMqttState"":0,""adsRecoveryCount"":0,""adsRecoveryFailCount"":0,""adsReadFailStreak"":0,""lastReason"":""none"",""lastRecoveryMs"":0,""bootRecoveryArmed"":false,""bootRecoveryDueMs"":0,""bootRecoveryReason"":""none"",""bootRecoveryNonAdsFailure"":false,""bootRecoveryRestartCount"":0},""nulling"":{""done"":false,""retryArmed"":false,""attemptCount"":0,""nextRetryMs"":0,""thresholdV"":9.999999747E-06,""minFinalV"":0},""telemetry"":{""valid"":true,""sampleMs"":6614968,""gasClass"":6,""gasName"":""CO2"",""confidence"":0,""alarm"":false,""sensorVoltage"":[0.1162076,0.004007366,0.004866155,-0.002568845,-0.007562316,-0.011567785,-0.019113887,-0.024949379],""sensorGain"":[32,64,64,64,64,64,64,64],""sensorStatus"":[0,0,0,0,0,0,0,0],""featureOrder"":[""MQ8"",""MQ135"",""MQ3"",""MQ5"",""MQ4"",""MQ7"",""MQ6"",""MQ2""]},""alarmLatched"":false}"
2026-08-04 11:11:19.739 +07:00,238.620,HOT_SWEEP_70,70,700,300,1,0,0.115749121,0.004003196,0.004927025,-0.002555619,-0.007607208,-0.011576518,-0.019487407,-0.025424823,"{""deviceId"":""1001"",""nodeId"":4097,""targetChId"":""0010"",""mode"":""inference"",""uptimeMs"":6616077,""debugEnabled"":true,""power"":{""mode"":""24v"",""externalPower"":true,""batteryMv"":65535,""batteryValid"":false,""batteryDetected"":false,""batterySenseStatus"":""not_detected"",""batteryLow"":false,""batteryCritical"":false,""sourceAmbiguous"":false,""serviceHoldActive"":false,""serviceHoldEffective"":false},""batterySession"":{""state"":""inactive"",""startedMs"":0,""stateStartedMs"":0,""validSampleBatches"":0,""requiredSampleBatches"":10,""alarmTxAttempts"":0,""alarmTxAttemptLimit"":3,""alarmAckReceived"":false,""pendingAlarm"":false,""pendingSaveRequired"":false,""persistenceFaultHold"":false,""completionReason"":""session_done""},""bootHealth"":{""adsReady"":true,""adsDrdyLevel"":0,""adsDrdyPulldownLevel"":0,""adsDrdyPullupLevel"":0,""adsMisoPulldownLevel"":0,""adsMisoPullupLevel"":1,""adsCsLevel"":1,""adsSyncLevel"":1,""adsStatus"":54,""adsMux"":15,""adsAdcon"":6,""adsDrate"":240,""adsReason"":""ok"",""tcaOk"":true,""mcpOkCount"":8,""mcpOk"":[true,true,true,true,true,true,true,true],""mcpAddrMask"":[1,1,1,1,1,1,1,1],""mcpControlTested"":true,""mcpControlOkCount"":8,""mcpControlOk"":[true,true,true,true,true,true,true,true],""dacReady"":true,""radioReady"":true,""mlReady"":true,""nullingProfileApplied"":true,""modelProfileReady"":false},""runtimeMcpCode"":[255,519,795,706,799,865,665,139],""model"":{""profileId"":""cnn-dualbranch-datasheet-v1-unbound"",""scalerProfileId"":""cnn-dualbranch-datasheet-v1-unbound"",""productionApproved"":true,""boundNullingProfileId"":8,""activeNullingProfileId"":9,""bindingValid"":true,""bindingModelMatches"":true,""profileReady"":false,""inferenceValid"":false,""sensorFault"":true},""lora"":{""beginState"":0,""lastTxState"":0,""lastTxOk"":false,""txSeq"":0,""txCounter"":0,""aesKeyProvisioned"":true,""aesKeyPresent"":true,""aesKeySource"":""nvs"",""keyId"":1,""lastDownlinkCommandId"":0,""freqMHz"":920,""bwKHz"":125,""sf"":7,""cr"":5,""syncWord"":18,""txPowerDbm"":17,""preamble"":8,""tcxoVoltage"":1.600000024,""xtalVoltage"":0},""dataset"":{""state"":""idle"",""step"":""idle"",""label"":"""",""seq"":0,""targetSamples"":0,""sampleIntervalMs"":500,""maxDurationMs"":0,""useFanIntake"":true,""fanOnMs"":1000,""postFanSettleMs"":0,""nullingProfileId"":9,""queuePending"":0,""queueCapacity"":16,""queueEnqueued"":0,""queueDropped"":0,""publishFailCount"":0,""retryCount"":0,""retryFailCount"":0,""rejectedSamples"":0,""lastRejectReason"":""none"",""lastRejectChannel"":-1,""lastRejectOkFiniteCount"":0,""lastRejectStatus"":255,""lastRejectGain"":0,""lastRejectSaturated"":false},""recovery"":{""wifiReconnectCount"":0,""wifiReconnectFailCount"":0,""mqttReconnectCount"":0,""mqttConnectFailCount"":0,""lastMqttState"":0,""adsRecoveryCount"":0,""adsRecoveryFailCount"":0,""adsReadFailStreak"":0,""lastReason"":""none"",""lastRecoveryMs"":0,""bootRecoveryArmed"":false,""bootRecoveryDueMs"":0,""bootRecoveryReason"":""none"",""bootRecoveryNonAdsFailure"":false,""bootRecoveryRestartCount"":0},""nulling"":{""done"":false,""retryArmed"":false,""attemptCount"":0,""nextRetryMs"":0,""thresholdV"":9.999999747E-06,""minFinalV"":0},""telemetry"":{""valid"":true,""sampleMs"":6615701,""gasClass"":6,""gasName"":""CO2"",""confidence"":0,""alarm"":false,""sensorVoltage"":[0.115749121,0.004003196,0.004927025,-0.002555619,-0.007607208,-0.011576518,-0.019487407,-0.025424823],""sensorGain"":[32,64,64,64,64,64,64,64],""sensorStatus"":[0,0,0,0,0,0,0,0],""featureOrder"":[""MQ8"",""MQ135"",""MQ3"",""MQ5"",""MQ4"",""MQ7"",""MQ6"",""MQ2""]},""alarmLatched"":false}"
2026-08-04 11:11:20.421 +07:00,239.300,HOT_SWEEP_70,70,700,300,1,0,0.115198031,0.004003033,0.004924142,-0.002567037,-0.007726914,-0.01156584,-0.019561838,-0.025350381,"{""deviceId"":""1001"",""nodeId"":4097,""targetChId"":""0010"",""mode"":""inference"",""uptimeMs"":6616758,""debugEnabled"":true,""power"":{""mode"":""24v"",""externalPower"":true,""batteryMv"":65535,""batteryValid"":false,""batteryDetected"":false,""batterySenseStatus"":""not_detected"",""batteryLow"":false,""batteryCritical"":false,""sourceAmbiguous"":false,""serviceHoldActive"":false,""serviceHoldEffective"":false},""batterySession"":{""state"":""inactive"",""startedMs"":0,""stateStartedMs"":0,""validSampleBatches"":0,""requiredSampleBatches"":10,""alarmTxAttempts"":0,""alarmTxAttemptLimit"":3,""alarmAckReceived"":false,""pendingAlarm"":false,""pendingSaveRequired"":false,""persistenceFaultHold"":false,""completionReason"":""session_done""},""bootHealth"":{""adsReady"":true,""adsDrdyLevel"":0,""adsDrdyPulldownLevel"":0,""adsDrdyPullupLevel"":0,""adsMisoPulldownLevel"":0,""adsMisoPullupLevel"":1,""adsCsLevel"":1,""adsSyncLevel"":1,""adsStatus"":54,""adsMux"":15,""adsAdcon"":6,""adsDrate"":240,""adsReason"":""ok"",""tcaOk"":true,""mcpOkCount"":8,""mcpOk"":[true,true,true,true,true,true,true,true],""mcpAddrMask"":[1,1,1,1,1,1,1,1],""mcpControlTested"":true,""mcpControlOkCount"":8,""mcpControlOk"":[true,true,true,true,true,true,true,true],""dacReady"":true,""radioReady"":true,""mlReady"":true,""nullingProfileApplied"":true,""modelProfileReady"":false},""runtimeMcpCode"":[255,519,795,706,799,865,665,139],""model"":{""profileId"":""cnn-dualbranch-datasheet-v1-unbound"",""scalerProfileId"":""cnn-dualbranch-datasheet-v1-unbound"",""productionApproved"":true,""boundNullingProfileId"":8,""activeNullingProfileId"":9,""bindingValid"":true,""bindingModelMatches"":true,""profileReady"":false,""inferenceValid"":false,""sensorFault"":true},""lora"":{""beginState"":0,""lastTxState"":0,""lastTxOk"":false,""txSeq"":0,""txCounter"":0,""aesKeyProvisioned"":true,""aesKeyPresent"":true,""aesKeySource"":""nvs"",""keyId"":1,""lastDownlinkCommandId"":0,""freqMHz"":920,""bwKHz"":125,""sf"":7,""cr"":5,""syncWord"":18,""txPowerDbm"":17,""preamble"":8,""tcxoVoltage"":1.600000024,""xtalVoltage"":0},""dataset"":{""state"":""idle"",""step"":""idle"",""label"":"""",""seq"":0,""targetSamples"":0,""sampleIntervalMs"":500,""maxDurationMs"":0,""useFanIntake"":true,""fanOnMs"":1000,""postFanSettleMs"":0,""nullingProfileId"":9,""queuePending"":0,""queueCapacity"":16,""queueEnqueued"":0,""queueDropped"":0,""publishFailCount"":0,""retryCount"":0,""retryFailCount"":0,""rejectedSamples"":0,""lastRejectReason"":""none"",""lastRejectChannel"":-1,""lastRejectOkFiniteCount"":0,""lastRejectStatus"":255,""lastRejectGain"":0,""lastRejectSaturated"":false},""recovery"":{""wifiReconnectCount"":0,""wifiReconnectFailCount"":0,""mqttReconnectCount"":0,""mqttConnectFailCount"":0,""lastMqttState"":0,""adsRecoveryCount"":0,""adsRecoveryFailCount"":0,""adsReadFailStreak"":0,""lastReason"":""none"",""lastRecoveryMs"":0,""bootRecoveryArmed"":false,""bootRecoveryDueMs"":0,""bootRecoveryReason"":""none"",""bootRecoveryNonAdsFailure"":false,""bootRecoveryRestartCount"":0},""nulling"":{""done"":false,""retryArmed"":false,""attemptCount"":0,""nextRetryMs"":0,""thresholdV"":9.999999747E-06,""minFinalV"":0},""telemetry"":{""valid"":true,""sampleMs"":6616355,""gasClass"":6,""gasName"":""CO2"",""confidence"":0,""alarm"":false,""sensorVoltage"":[0.115198031,0.004003033,0.004924142,-0.002567037,-0.007726914,-0.01156584,-0.019561838,-0.025350381],""sensorGain"":[32,64,64,64,64,64,64,64],""sensorStatus"":[0,0,0,0,0,0,0,0],""featureOrder"":[""MQ8"",""MQ135"",""MQ3"",""MQ5"",""MQ4"",""MQ7"",""MQ6"",""MQ2""]},""alarmLatched"":false}"
2026-08-04 11:11:21.112 +07:00,239.993,HOT_SWEEP_70,70,700,300,1,0,0.115707681,0.00400697,0.004924823,-0.002493683,-0.007597757,-0.01131511,-0.019207144,-0.025399238,"{""deviceId"":""1001"",""nodeId"":4097,""targetChId"":""0010"",""mode"":""inference"",""uptimeMs"":6617456,""debugEnabled"":true,""power"":{""mode"":""24v"",""externalPower"":true,""batteryMv"":65535,""batteryValid"":false,""batteryDetected"":false,""batterySenseStatus"":""not_detected"",""batteryLow"":false,""batteryCritical"":false,""sourceAmbiguous"":false,""serviceHoldActive"":false,""serviceHoldEffective"":false},""batterySession"":{""state"":""inactive"",""startedMs"":0,""stateStartedMs"":0,""validSampleBatches"":0,""requiredSampleBatches"":10,""alarmTxAttempts"":0,""alarmTxAttemptLimit"":3,""alarmAckReceived"":false,""pendingAlarm"":false,""pendingSaveRequired"":false,""persistenceFaultHold"":false,""completionReason"":""session_done""},""bootHealth"":{""adsReady"":true,""adsDrdyLevel"":0,""adsDrdyPulldownLevel"":0,""adsDrdyPullupLevel"":0,""adsMisoPulldownLevel"":0,""adsMisoPullupLevel"":1,""adsCsLevel"":1,""adsSyncLevel"":1,""adsStatus"":54,""adsMux"":15,""adsAdcon"":6,""adsDrate"":240,""adsReason"":""ok"",""tcaOk"":true,""mcpOkCount"":8,""mcpOk"":[true,true,true,true,true,true,true,true],""mcpAddrMask"":[1,1,1,1,1,1,1,1],""mcpControlTested"":true,""mcpControlOkCount"":8,""mcpControlOk"":[true,true,true,true,true,true,true,true],""dacReady"":true,""radioReady"":true,""mlReady"":true,""nullingProfileApplied"":true,""modelProfileReady"":false},""runtimeMcpCode"":[255,519,795,706,799,865,665,139],""model"":{""profileId"":""cnn-dualbranch-datasheet-v1-unbound"",""scalerProfileId"":""cnn-dualbranch-datasheet-v1-unbound"",""productionApproved"":true,""boundNullingProfileId"":8,""activeNullingProfileId"":9,""bindingValid"":true,""bindingModelMatches"":true,""profileReady"":false,""inferenceValid"":false,""sensorFault"":true},""lora"":{""beginState"":0,""lastTxState"":0,""lastTxOk"":false,""txSeq"":0,""txCounter"":0,""aesKeyProvisioned"":true,""aesKeyPresent"":true,""aesKeySource"":""nvs"",""keyId"":1,""lastDownlinkCommandId"":0,""freqMHz"":920,""bwKHz"":125,""sf"":7,""cr"":5,""syncWord"":18,""txPowerDbm"":17,""preamble"":8,""tcxoVoltage"":1.600000024,""xtalVoltage"":0},""dataset"":{""state"":""idle"",""step"":""idle"",""label"":"""",""seq"":0,""targetSamples"":0,""sampleIntervalMs"":500,""maxDurationMs"":0,""useFanIntake"":true,""fanOnMs"":1000,""postFanSettleMs"":0,""nullingProfileId"":9,""queuePending"":0,""queueCapacity"":16,""queueEnqueued"":0,""queueDropped"":0,""publishFailCount"":0,""retryCount"":0,""retryFailCount"":0,""rejectedSamples"":0,""lastRejectReason"":""none"",""lastRejectChannel"":-1,""lastRejectOkFiniteCount"":0,""lastRejectStatus"":255,""lastRejectGain"":0,""lastRejectSaturated"":false},""recovery"":{""wifiReconnectCount"":0,""wifiReconnectFailCount"":0,""mqttReconnectCount"":0,""mqttConnectFailCount"":0,""lastMqttState"":0,""adsRecoveryCount"":0,""adsRecoveryFailCount"":0,""adsReadFailStreak"":0,""lastReason"":""none"",""lastRecoveryMs"":0,""bootRecoveryArmed"":false,""bootRecoveryDueMs"":0,""bootRecoveryReason"":""none"",""bootRecoveryNonAdsFailure"":false,""bootRecoveryRestartCount"":0},""nulling"":{""done"":false,""retryArmed"":false,""attemptCount"":0,""nextRetryMs"":0,""thresholdV"":9.999999747E-06,""minFinalV"":0},""telemetry"":{""valid"":true,""sampleMs"":6617036,""gasClass"":6,""gasName"":""CO2"",""confidence"":0,""alarm"":false,""sensorVoltage"":[0.115707681,0.00400697,0.004924823,-0.002493683,-0.007597757,-0.01131511,-0.019207144,-0.025399238],""sensorGain"":[32,64,64,64,64,64,64,64],""sensorStatus"":[0,0,0,0,0,0,0,0],""featureOrder"":[""MQ8"",""MQ135"",""MQ3"",""MQ5"",""MQ4"",""MQ7"",""MQ6"",""MQ2""]},""alarmLatched"":false}"
2026-08-04 11:11:21.817 +07:00,240.698,HOT_SWEEP_70,70,700,300,1,0,0.115530238,0.003998327,0.004916282,-0.002517549,-0.008081563,-0.01158479,-0.019210713,-0.025408681,"{""deviceId"":""1001"",""nodeId"":4097,""targetChId"":""0010"",""mode"":""inference"",""uptimeMs"":6618155,""debugEnabled"":true,""power"":{""mode"":""24v"",""externalPower"":true,""batteryMv"":65535,""batteryValid"":false,""batteryDetected"":false,""batterySenseStatus"":""not_detected"",""batteryLow"":false,""batteryCritical"":false,""sourceAmbiguous"":false,""serviceHoldActive"":false,""serviceHoldEffective"":false},""batterySession"":{""state"":""inactive"",""startedMs"":0,""stateStartedMs"":0,""validSampleBatches"":0,""requiredSampleBatches"":10,""alarmTxAttempts"":0,""alarmTxAttemptLimit"":3,""alarmAckReceived"":false,""pendingAlarm"":false,""pendingSaveRequired"":false,""persistenceFaultHold"":false,""completionReason"":""session_done""},""bootHealth"":{""adsReady"":true,""adsDrdyLevel"":0,""adsDrdyPulldownLevel"":0,""adsDrdyPullupLevel"":0,""adsMisoPulldownLevel"":0,""adsMisoPullupLevel"":1,""adsCsLevel"":1,""adsSyncLevel"":1,""adsStatus"":54,""adsMux"":15,""adsAdcon"":6,""adsDrate"":240,""adsReason"":""ok"",""tcaOk"":true,""mcpOkCount"":8,""mcpOk"":[true,true,true,true,true,true,true,true],""mcpAddrMask"":[1,1,1,1,1,1,1,1],""mcpControlTested"":true,""mcpControlOkCount"":8,""mcpControlOk"":[true,true,true,true,true,true,true,true],""dacReady"":true,""radioReady"":true,""mlReady"":true,""nullingProfileApplied"":true,""modelProfileReady"":false},""runtimeMcpCode"":[255,519,795,706,799,865,665,139],""model"":{""profileId"":""cnn-dualbranch-datasheet-v1-unbound"",""scalerProfileId"":""cnn-dualbranch-datasheet-v1-unbound"",""productionApproved"":true,""boundNullingProfileId"":8,""activeNullingProfileId"":9,""bindingValid"":true,""bindingModelMatches"":true,""profileReady"":false,""inferenceValid"":false,""sensorFault"":true},""lora"":{""beginState"":0,""lastTxState"":0,""lastTxOk"":false,""txSeq"":0,""txCounter"":0,""aesKeyProvisioned"":true,""aesKeyPresent"":true,""aesKeySource"":""nvs"",""keyId"":1,""lastDownlinkCommandId"":0,""freqMHz"":920,""bwKHz"":125,""sf"":7,""cr"":5,""syncWord"":18,""txPowerDbm"":17,""preamble"":8,""tcxoVoltage"":1.600000024,""xtalVoltage"":0},""dataset"":{""state"":""idle"",""step"":""idle"",""label"":"""",""seq"":0,""targetSamples"":0,""sampleIntervalMs"":500,""maxDurationMs"":0,""useFanIntake"":true,""fanOnMs"":1000,""postFanSettleMs"":0,""nullingProfileId"":9,""queuePending"":0,""queueCapacity"":16,""queueEnqueued"":0,""queueDropped"":0,""publishFailCount"":0,""retryCount"":0,""retryFailCount"":0,""rejectedSamples"":0,""lastRejectReason"":""none"",""lastRejectChannel"":-1,""lastRejectOkFiniteCount"":0,""lastRejectStatus"":255,""lastRejectGain"":0,""lastRejectSaturated"":false},""recovery"":{""wifiReconnectCount"":0,""wifiReconnectFailCount"":0,""mqttReconnectCount"":0,""mqttConnectFailCount"":0,""lastMqttState"":0,""adsRecoveryCount"":0,""adsRecoveryFailCount"":0,""adsReadFailStreak"":0,""lastReason"":""none"",""lastRecoveryMs"":0,""bootRecoveryArmed"":false,""bootRecoveryDueMs"":0,""bootRecoveryReason"":""none"",""bootRecoveryNonAdsFailure"":false,""bootRecoveryRestartCount"":0},""nulling"":{""done"":false,""retryArmed"":false,""attemptCount"":0,""nextRetryMs"":0,""thresholdV"":9.999999747E-06,""minFinalV"":0},""telemetry"":{""valid"":true,""sampleMs"":6617766,""gasClass"":6,""gasName"":""CO2"",""confidence"":0,""alarm"":false,""sensorVoltage"":[0.115530238,0.003998327,0.004916282,-0.002517549,-0.008081563,-0.01158479,-0.019210713,-0.025408681],""sensorGain"":[32,64,64,64,64,64,64,64],""sensorStatus"":[0,0,0,0,0,0,0,0],""featureOrder"":[""MQ8"",""MQ135"",""MQ3"",""MQ5"",""MQ4"",""MQ7"",""MQ6"",""MQ2""]},""alarmLatched"":false}"
2026-08-04 11:11:22.497 +07:00,241.378,HOT_SWEEP_70,70,700,300,1,0,0.115050867,0.004022087,0.004860944,-0.002493201,-0.008730508,-0.011559557,-0.019205865,-0.025394455,"{""deviceId"":""1001"",""nodeId"":4097,""targetChId"":""0010"",""mode"":""inference"",""uptimeMs"":6618840,""debugEnabled"":true,""power"":{""mode"":""24v"",""externalPower"":true,""batteryMv"":65535,""batteryValid"":false,""batteryDetected"":false,""batterySenseStatus"":""not_detected"",""batteryLow"":false,""batteryCritical"":false,""sourceAmbiguous"":false,""serviceHoldActive"":false,""serviceHoldEffective"":false},""batterySession"":{""state"":""inactive"",""startedMs"":0,""stateStartedMs"":0,""validSampleBatches"":0,""requiredSampleBatches"":10,""alarmTxAttempts"":0,""alarmTxAttemptLimit"":3,""alarmAckReceived"":false,""pendingAlarm"":false,""pendingSaveRequired"":false,""persistenceFaultHold"":false,""completionReason"":""session_done""},""bootHealth"":{""adsReady"":true,""adsDrdyLevel"":0,""adsDrdyPulldownLevel"":0,""adsDrdyPullupLevel"":0,""adsMisoPulldownLevel"":0,""adsMisoPullupLevel"":1,""adsCsLevel"":1,""adsSyncLevel"":1,""adsStatus"":54,""adsMux"":15,""adsAdcon"":6,""adsDrate"":240,""adsReason"":""ok"",""tcaOk"":true,""mcpOkCount"":8,""mcpOk"":[true,true,true,true,true,true,true,true],""mcpAddrMask"":[1,1,1,1,1,1,1,1],""mcpControlTested"":true,""mcpControlOkCount"":8,""mcpControlOk"":[true,true,true,true,true,true,true,true],""dacReady"":true,""radioReady"":true,""mlReady"":true,""nullingProfileApplied"":true,""modelProfileReady"":false},""runtimeMcpCode"":[255,519,795,706,799,865,665,139],""model"":{""profileId"":""cnn-dualbranch-datasheet-v1-unbound"",""scalerProfileId"":""cnn-dualbranch-datasheet-v1-unbound"",""productionApproved"":true,""boundNullingProfileId"":8,""activeNullingProfileId"":9,""bindingValid"":true,""bindingModelMatches"":true,""profileReady"":false,""inferenceValid"":false,""sensorFault"":true},""lora"":{""beginState"":0,""lastTxState"":0,""lastTxOk"":false,""txSeq"":0,""txCounter"":0,""aesKeyProvisioned"":true,""aesKeyPresent"":true,""aesKeySource"":""nvs"",""keyId"":1,""lastDownlinkCommandId"":0,""freqMHz"":920,""bwKHz"":125,""sf"":7,""cr"":5,""syncWord"":18,""txPowerDbm"":17,""preamble"":8,""tcxoVoltage"":1.600000024,""xtalVoltage"":0},""dataset"":{""state"":""idle"",""step"":""idle"",""label"":"""",""seq"":0,""targetSamples"":0,""sampleIntervalMs"":500,""maxDurationMs"":0,""useFanIntake"":true,""fanOnMs"":1000,""postFanSettleMs"":0,""nullingProfileId"":9,""queuePending"":0,""queueCapacity"":16,""queueEnqueued"":0,""queueDropped"":0,""publishFailCount"":0,""retryCount"":0,""retryFailCount"":0,""rejectedSamples"":0,""lastRejectReason"":""none"",""lastRejectChannel"":-1,""lastRejectOkFiniteCount"":0,""lastRejectStatus"":255,""lastRejectGain"":0,""lastRejectSaturated"":false},""recovery"":{""wifiReconnectCount"":0,""wifiReconnectFailCount"":0,""mqttReconnectCount"":0,""mqttConnectFailCount"":0,""lastMqttState"":0,""adsRecoveryCount"":0,""adsRecoveryFailCount"":0,""adsReadFailStreak"":0,""lastReason"":""none"",""lastRecoveryMs"":0,""bootRecoveryArmed"":false,""bootRecoveryDueMs"":0,""bootRecoveryReason"":""none"",""bootRecoveryNonAdsFailure"":false,""bootRecoveryRestartCount"":0},""nulling"":{""done"":false,""retryArmed"":false,""attemptCount"":0,""nextRetryMs"":0,""thresholdV"":9.999999747E-06,""minFinalV"":0},""telemetry"":{""valid"":true,""sampleMs"":6618438,""gasClass"":6,""gasName"":""CO2"",""confidence"":0,""alarm"":false,""sensorVoltage"":[0.115050867,0.004022087,0.004860944,-0.002493201,-0.008730508,-0.011559557,-0.019205865,-0.025394455],""sensorGain"":[32,64,64,64,64,64,64,64],""sensorStatus"":[0,0,0,0,0,0,0,0],""featureOrder"":[""MQ8"",""MQ135"",""MQ3"",""MQ5"",""MQ4"",""MQ7"",""MQ6"",""MQ2""]},""alarmLatched"":false}"
2026-08-04 11:11:23.197 +07:00,242.078,HOT_SWEEP_70,70,700,300,1,0,0.115871295,0.004024471,0.004821191,-0.002533866,-0.009379411,-0.011582333,-0.019276839,-0.025397088,"{""deviceId"":""1001"",""nodeId"":4097,""targetChId"":""0010"",""mode"":""inference"",""uptimeMs"":6619541,""debugEnabled"":true,""power"":{""mode"":""24v"",""externalPower"":true,""batteryMv"":65535,""batteryValid"":false,""batteryDetected"":false,""batterySenseStatus"":""not_detected"",""batteryLow"":false,""batteryCritical"":false,""sourceAmbiguous"":false,""serviceHoldActive"":false,""serviceHoldEffective"":false},""batterySession"":{""state"":""inactive"",""startedMs"":0,""stateStartedMs"":0,""validSampleBatches"":0,""requiredSampleBatches"":10,""alarmTxAttempts"":0,""alarmTxAttemptLimit"":3,""alarmAckReceived"":false,""pendingAlarm"":false,""pendingSaveRequired"":false,""persistenceFaultHold"":false,""completionReason"":""session_done""},""bootHealth"":{""adsReady"":true,""adsDrdyLevel"":0,""adsDrdyPulldownLevel"":0,""adsDrdyPullupLevel"":0,""adsMisoPulldownLevel"":0,""adsMisoPullupLevel"":1,""adsCsLevel"":1,""adsSyncLevel"":1,""adsStatus"":54,""adsMux"":15,""adsAdcon"":6,""adsDrate"":240,""adsReason"":""ok"",""tcaOk"":true,""mcpOkCount"":8,""mcpOk"":[true,true,true,true,true,true,true,true],""mcpAddrMask"":[1,1,1,1,1,1,1,1],""mcpControlTested"":true,""mcpControlOkCount"":8,""mcpControlOk"":[true,true,true,true,true,true,true,true],""dacReady"":true,""radioReady"":true,""mlReady"":true,""nullingProfileApplied"":true,""modelProfileReady"":false},""runtimeMcpCode"":[255,519,795,706,799,865,665,139],""model"":{""profileId"":""cnn-dualbranch-datasheet-v1-unbound"",""scalerProfileId"":""cnn-dualbranch-datasheet-v1-unbound"",""productionApproved"":true,""boundNullingProfileId"":8,""activeNullingProfileId"":9,""bindingValid"":true,""bindingModelMatches"":true,""profileReady"":false,""inferenceValid"":false,""sensorFault"":true},""lora"":{""beginState"":0,""lastTxState"":0,""lastTxOk"":false,""txSeq"":0,""txCounter"":0,""aesKeyProvisioned"":true,""aesKeyPresent"":true,""aesKeySource"":""nvs"",""keyId"":1,""lastDownlinkCommandId"":0,""freqMHz"":920,""bwKHz"":125,""sf"":7,""cr"":5,""syncWord"":18,""txPowerDbm"":17,""preamble"":8,""tcxoVoltage"":1.600000024,""xtalVoltage"":0},""dataset"":{""state"":""idle"",""step"":""idle"",""label"":"""",""seq"":0,""targetSamples"":0,""sampleIntervalMs"":500,""maxDurationMs"":0,""useFanIntake"":true,""fanOnMs"":1000,""postFanSettleMs"":0,""nullingProfileId"":9,""queuePending"":0,""queueCapacity"":16,""queueEnqueued"":0,""queueDropped"":0,""publishFailCount"":0,""retryCount"":0,""retryFailCount"":0,""rejectedSamples"":0,""lastRejectReason"":""none"",""lastRejectChannel"":-1,""lastRejectOkFiniteCount"":0,""lastRejectStatus"":255,""lastRejectGain"":0,""lastRejectSaturated"":false},""recovery"":{""wifiReconnectCount"":0,""wifiReconnectFailCount"":0,""mqttReconnectCount"":0,""mqttConnectFailCount"":0,""lastMqttState"":0,""adsRecoveryCount"":0,""adsRecoveryFailCount"":0,""adsReadFailStreak"":0,""lastReason"":""none"",""lastRecoveryMs"":0,""bootRecoveryArmed"":false,""bootRecoveryDueMs"":0,""bootRecoveryReason"":""none"",""bootRecoveryNonAdsFailure"":false,""bootRecoveryRestartCount"":0},""nulling"":{""done"":false,""retryArmed"":false,""attemptCount"":0,""nextRetryMs"":0,""thresholdV"":9.999999747E-06,""minFinalV"":0},""telemetry"":{""valid"":true,""sampleMs"":6619118,""gasClass"":6,""gasName"":""CO2"",""confidence"":0,""alarm"":false,""sensorVoltage"":[0.115871295,0.004024471,0.004821191,-0.002533866,-0.009379411,-0.011582333,-0.019276839,-0.025397088],""sensorGain"":[32,64,64,64,64,64,64,64],""sensorStatus"":[0,0,0,0,0,0,0,0],""featureOrder"":[""MQ8"",""MQ135"",""MQ3"",""MQ5"",""MQ4"",""MQ7"",""MQ6"",""MQ2""]},""alarmLatched"":false}"
2026-08-04 11:11:23.880 +07:00,242.761,HOT_SWEEP_70,70,700,300,1,0,0.115571342,0.004052026,0.004803542,-0.002533608,-0.009384752,-0.011631839,-0.019276256,-0.025369179,"{""deviceId"":""1001"",""nodeId"":4097,""targetChId"":""0010"",""mode"":""inference"",""uptimeMs"":6620225,""debugEnabled"":true,""power"":{""mode"":""24v"",""externalPower"":true,""batteryMv"":65535,""batteryValid"":false,""batteryDetected"":false,""batterySenseStatus"":""not_detected"",""batteryLow"":false,""batteryCritical"":false,""sourceAmbiguous"":false,""serviceHoldActive"":false,""serviceHoldEffective"":false},""batterySession"":{""state"":""inactive"",""startedMs"":0,""stateStartedMs"":0,""validSampleBatches"":0,""requiredSampleBatches"":10,""alarmTxAttempts"":0,""alarmTxAttemptLimit"":3,""alarmAckReceived"":false,""pendingAlarm"":false,""pendingSaveRequired"":false,""persistenceFaultHold"":false,""completionReason"":""session_done""},""bootHealth"":{""adsReady"":true,""adsDrdyLevel"":0,""adsDrdyPulldownLevel"":0,""adsDrdyPullupLevel"":0,""adsMisoPulldownLevel"":0,""adsMisoPullupLevel"":1,""adsCsLevel"":1,""adsSyncLevel"":1,""adsStatus"":54,""adsMux"":15,""adsAdcon"":6,""adsDrate"":240,""adsReason"":""ok"",""tcaOk"":true,""mcpOkCount"":8,""mcpOk"":[true,true,true,true,true,true,true,true],""mcpAddrMask"":[1,1,1,1,1,1,1,1],""mcpControlTested"":true,""mcpControlOkCount"":8,""mcpControlOk"":[true,true,true,true,true,true,true,true],""dacReady"":true,""radioReady"":true,""mlReady"":true,""nullingProfileApplied"":true,""modelProfileReady"":false},""runtimeMcpCode"":[255,519,795,706,799,865,665,139],""model"":{""profileId"":""cnn-dualbranch-datasheet-v1-unbound"",""scalerProfileId"":""cnn-dualbranch-datasheet-v1-unbound"",""productionApproved"":true,""boundNullingProfileId"":8,""activeNullingProfileId"":9,""bindingValid"":true,""bindingModelMatches"":true,""profileReady"":false,""inferenceValid"":false,""sensorFault"":true},""lora"":{""beginState"":0,""lastTxState"":0,""lastTxOk"":false,""txSeq"":0,""txCounter"":0,""aesKeyProvisioned"":true,""aesKeyPresent"":true,""aesKeySource"":""nvs"",""keyId"":1,""lastDownlinkCommandId"":0,""freqMHz"":920,""bwKHz"":125,""sf"":7,""cr"":5,""syncWord"":18,""txPowerDbm"":17,""preamble"":8,""tcxoVoltage"":1.600000024,""xtalVoltage"":0},""dataset"":{""state"":""idle"",""step"":""idle"",""label"":"""",""seq"":0,""targetSamples"":0,""sampleIntervalMs"":500,""maxDurationMs"":0,""useFanIntake"":true,""fanOnMs"":1000,""postFanSettleMs"":0,""nullingProfileId"":9,""queuePending"":0,""queueCapacity"":16,""queueEnqueued"":0,""queueDropped"":0,""publishFailCount"":0,""retryCount"":0,""retryFailCount"":0,""rejectedSamples"":0,""lastRejectReason"":""none"",""lastRejectChannel"":-1,""lastRejectOkFiniteCount"":0,""lastRejectStatus"":255,""lastRejectGain"":0,""lastRejectSaturated"":false},""recovery"":{""wifiReconnectCount"":0,""wifiReconnectFailCount"":0,""mqttReconnectCount"":0,""mqttConnectFailCount"":0,""lastMqttState"":0,""adsRecoveryCount"":0,""adsRecoveryFailCount"":0,""adsReadFailStreak"":0,""lastReason"":""none"",""lastRecoveryMs"":0,""bootRecoveryArmed"":false,""bootRecoveryDueMs"":0,""bootRecoveryReason"":""none"",""bootRecoveryNonAdsFailure"":false,""bootRecoveryRestartCount"":0},""nulling"":{""done"":false,""retryArmed"":false,""attemptCount"":0,""nextRetryMs"":0,""thresholdV"":9.999999747E-06,""minFinalV"":0},""telemetry"":{""valid"":true,""sampleMs"":6619851,""gasClass"":6,""gasName"":""CO2"",""confidence"":0,""alarm"":false,""sensorVoltage"":[0.115571342,0.004052026,0.004803542,-0.002533608,-0.009384752,-0.011631839,-0.019276256,-0.025369179],""sensorGain"":[32,64,64,64,64,64,64,64],""sensorStatus"":[0,0,0,0,0,0,0,0],""featureOrder"":[""MQ8"",""MQ135"",""MQ3"",""MQ5"",""MQ4"",""MQ7"",""MQ6"",""MQ2""]},""alarmLatched"":false}"
2026-08-04 11:11:24.568 +07:00,243.448,HOT_SWEEP_70,70,700,300,1,0,0.115132913,0.004045418,0.004810018,-0.00254176,-0.009403421,-0.011643416,-0.019342503,-0.025383821,"{""deviceId"":""1001"",""nodeId"":4097,""targetChId"":""0010"",""mode"":""inference"",""uptimeMs"":6620905,""debugEnabled"":true,""power"":{""mode"":""24v"",""externalPower"":true,""batteryMv"":65535,""batteryValid"":false,""batteryDetected"":false,""batterySenseStatus"":""not_detected"",""batteryLow"":false,""batteryCritical"":false,""sourceAmbiguous"":false,""serviceHoldActive"":false,""serviceHoldEffective"":false},""batterySession"":{""state"":""inactive"",""startedMs"":0,""stateStartedMs"":0,""validSampleBatches"":0,""requiredSampleBatches"":10,""alarmTxAttempts"":0,""alarmTxAttemptLimit"":3,""alarmAckReceived"":false,""pendingAlarm"":false,""pendingSaveRequired"":false,""persistenceFaultHold"":false,""completionReason"":""session_done""},""bootHealth"":{""adsReady"":true,""adsDrdyLevel"":0,""adsDrdyPulldownLevel"":0,""adsDrdyPullupLevel"":0,""adsMisoPulldownLevel"":0,""adsMisoPullupLevel"":1,""adsCsLevel"":1,""adsSyncLevel"":1,""adsStatus"":54,""adsMux"":15,""adsAdcon"":6,""adsDrate"":240,""adsReason"":""ok"",""tcaOk"":true,""mcpOkCount"":8,""mcpOk"":[true,true,true,true,true,true,true,true],""mcpAddrMask"":[1,1,1,1,1,1,1,1],""mcpControlTested"":true,""mcpControlOkCount"":8,""mcpControlOk"":[true,true,true,true,true,true,true,true],""dacReady"":true,""radioReady"":true,""mlReady"":true,""nullingProfileApplied"":true,""modelProfileReady"":false},""runtimeMcpCode"":[255,519,795,706,799,865,665,139],""model"":{""profileId"":""cnn-dualbranch-datasheet-v1-unbound"",""scalerProfileId"":""cnn-dualbranch-datasheet-v1-unbound"",""productionApproved"":true,""boundNullingProfileId"":8,""activeNullingProfileId"":9,""bindingValid"":true,""bindingModelMatches"":true,""profileReady"":false,""inferenceValid"":false,""sensorFault"":true},""lora"":{""beginState"":0,""lastTxState"":0,""lastTxOk"":false,""txSeq"":0,""txCounter"":0,""aesKeyProvisioned"":true,""aesKeyPresent"":true,""aesKeySource"":""nvs"",""keyId"":1,""lastDownlinkCommandId"":0,""freqMHz"":920,""bwKHz"":125,""sf"":7,""cr"":5,""syncWord"":18,""txPowerDbm"":17,""preamble"":8,""tcxoVoltage"":1.600000024,""xtalVoltage"":0},""dataset"":{""state"":""idle"",""step"":""idle"",""label"":"""",""seq"":0,""targetSamples"":0,""sampleIntervalMs"":500,""maxDurationMs"":0,""useFanIntake"":true,""fanOnMs"":1000,""postFanSettleMs"":0,""nullingProfileId"":9,""queuePending"":0,""queueCapacity"":16,""queueEnqueued"":0,""queueDropped"":0,""publishFailCount"":0,""retryCount"":0,""retryFailCount"":0,""rejectedSamples"":0,""lastRejectReason"":""none"",""lastRejectChannel"":-1,""lastRejectOkFiniteCount"":0,""lastRejectStatus"":255,""lastRejectGain"":0,""lastRejectSaturated"":false},""recovery"":{""wifiReconnectCount"":0,""wifiReconnectFailCount"":0,""mqttReconnectCount"":0,""mqttConnectFailCount"":0,""lastMqttState"":0,""adsRecoveryCount"":0,""adsRecoveryFailCount"":0,""adsReadFailStreak"":0,""lastReason"":""none"",""lastRecoveryMs"":0,""bootRecoveryArmed"":false,""bootRecoveryDueMs"":0,""bootRecoveryReason"":""none"",""bootRecoveryNonAdsFailure"":false,""bootRecoveryRestartCount"":0},""nulling"":{""done"":false,""retryArmed"":false,""attemptCount"":0,""nextRetryMs"":0,""thresholdV"":9.999999747E-06,""minFinalV"":0},""telemetry"":{""valid"":true,""sampleMs"":6620503,""gasClass"":6,""gasName"":""CO2"",""confidence"":0,""alarm"":false,""sensorVoltage"":[0.115132913,0.004045418,0.004810018,-0.00254176,-0.009403421,-0.011643416,-0.019342503,-0.025383821],""sensorGain"":[32,64,64,64,64,64,64,64],""sensorStatus"":[0,0,0,0,0,0,0,0],""featureOrder"":[""MQ8"",""MQ135"",""MQ3"",""MQ5"",""MQ4"",""MQ7"",""MQ6"",""MQ2""]},""alarmLatched"":false}"
2026-08-04 11:11:25.253 +07:00,244.134,HOT_SWEEP_70,70,700,300,1,0,0.115839802,0.004053716,0.004884366,-0.002555549,-0.00940758,-0.011651915,-0.01937701,-0.025394639,"{""deviceId"":""1001"",""nodeId"":4097,""targetChId"":""0010"",""mode"":""inference"",""uptimeMs"":6621588,""debugEnabled"":true,""power"":{""mode"":""24v"",""externalPower"":true,""batteryMv"":65535,""batteryValid"":false,""batteryDetected"":false,""batterySenseStatus"":""not_detected"",""batteryLow"":false,""batteryCritical"":false,""sourceAmbiguous"":false,""serviceHoldActive"":false,""serviceHoldEffective"":false},""batterySession"":{""state"":""inactive"",""startedMs"":0,""stateStartedMs"":0,""validSampleBatches"":0,""requiredSampleBatches"":10,""alarmTxAttempts"":0,""alarmTxAttemptLimit"":3,""alarmAckReceived"":false,""pendingAlarm"":false,""pendingSaveRequired"":false,""persistenceFaultHold"":false,""completionReason"":""session_done""},""bootHealth"":{""adsReady"":true,""adsDrdyLevel"":0,""adsDrdyPulldownLevel"":0,""adsDrdyPullupLevel"":0,""adsMisoPulldownLevel"":0,""adsMisoPullupLevel"":1,""adsCsLevel"":1,""adsSyncLevel"":1,""adsStatus"":54,""adsMux"":15,""adsAdcon"":6,""adsDrate"":240,""adsReason"":""ok"",""tcaOk"":true,""mcpOkCount"":8,""mcpOk"":[true,true,true,true,true,true,true,true],""mcpAddrMask"":[1,1,1,1,1,1,1,1],""mcpControlTested"":true,""mcpControlOkCount"":8,""mcpControlOk"":[true,true,true,true,true,true,true,true],""dacReady"":true,""radioReady"":true,""mlReady"":true,""nullingProfileApplied"":true,""modelProfileReady"":false},""runtimeMcpCode"":[255,519,795,706,799,865,665,139],""model"":{""profileId"":""cnn-dualbranch-datasheet-v1-unbound"",""scalerProfileId"":""cnn-dualbranch-datasheet-v1-unbound"",""productionApproved"":true,""boundNullingProfileId"":8,""activeNullingProfileId"":9,""bindingValid"":true,""bindingModelMatches"":true,""profileReady"":false,""inferenceValid"":false,""sensorFault"":true},""lora"":{""beginState"":0,""lastTxState"":0,""lastTxOk"":false,""txSeq"":0,""txCounter"":0,""aesKeyProvisioned"":true,""aesKeyPresent"":true,""aesKeySource"":""nvs"",""keyId"":1,""lastDownlinkCommandId"":0,""freqMHz"":920,""bwKHz"":125,""sf"":7,""cr"":5,""syncWord"":18,""txPowerDbm"":17,""preamble"":8,""tcxoVoltage"":1.600000024,""xtalVoltage"":0},""dataset"":{""state"":""idle"",""step"":""idle"",""label"":"""",""seq"":0,""targetSamples"":0,""sampleIntervalMs"":500,""maxDurationMs"":0,""useFanIntake"":true,""fanOnMs"":1000,""postFanSettleMs"":0,""nullingProfileId"":9,""queuePending"":0,""queueCapacity"":16,""queueEnqueued"":0,""queueDropped"":0,""publishFailCount"":0,""retryCount"":0,""retryFailCount"":0,""rejectedSamples"":0,""lastRejectReason"":""none"",""lastRejectChannel"":-1,""lastRejectOkFiniteCount"":0,""lastRejectStatus"":255,""lastRejectGain"":0,""lastRejectSaturated"":false},""recovery"":{""wifiReconnectCount"":0,""wifiReconnectFailCount"":0,""mqttReconnectCount"":0,""mqttConnectFailCount"":0,""lastMqttState"":0,""adsRecoveryCount"":0,""adsRecoveryFailCount"":0,""adsReadFailStreak"":0,""lastReason"":""none"",""lastRecoveryMs"":0,""bootRecoveryArmed"":false,""bootRecoveryDueMs"":0,""bootRecoveryReason"":""none"",""bootRecoveryNonAdsFailure"":false,""bootRecoveryRestartCount"":0},""nulling"":{""done"":false,""retryArmed"":false,""attemptCount"":0,""nextRetryMs"":0,""thresholdV"":9.999999747E-06,""minFinalV"":0},""telemetry"":{""valid"":true,""sampleMs"":6621183,""gasClass"":6,""gasName"":""CO2"",""confidence"":0,""alarm"":false,""sensorVoltage"":[0.115839802,0.004053716,0.004884366,-0.002555549,-0.00940758,-0.011651915,-0.01937701,-0.025394639],""sensorGain"":[32,64,64,64,64,64,64,64],""sensorStatus"":[0,0,0,0,0,0,0,0],""featureOrder"":[""MQ8"",""MQ135"",""MQ3"",""MQ5"",""MQ4"",""MQ7"",""MQ6"",""MQ2""]},""alarmLatched"":false}"
2026-08-04 11:11:25.928 +07:00,244.809,HOT_SWEEP_70,70,700,300,1,0,0.115664467,0.004022806,0.004882415,-0.00251363,-0.009410347,-0.011647123,-0.019382728,-0.025396306,"{""deviceId"":""1001"",""nodeId"":4097,""targetChId"":""0010"",""mode"":""inference"",""uptimeMs"":6622274,""debugEnabled"":true,""power"":{""mode"":""24v"",""externalPower"":true,""batteryMv"":65535,""batteryValid"":false,""batteryDetected"":false,""batterySenseStatus"":""not_detected"",""batteryLow"":false,""batteryCritical"":false,""sourceAmbiguous"":false,""serviceHoldActive"":false,""serviceHoldEffective"":false},""batterySession"":{""state"":""inactive"",""startedMs"":0,""stateStartedMs"":0,""validSampleBatches"":0,""requiredSampleBatches"":10,""alarmTxAttempts"":0,""alarmTxAttemptLimit"":3,""alarmAckReceived"":false,""pendingAlarm"":false,""pendingSaveRequired"":false,""persistenceFaultHold"":false,""completionReason"":""session_done""},""bootHealth"":{""adsReady"":true,""adsDrdyLevel"":0,""adsDrdyPulldownLevel"":0,""adsDrdyPullupLevel"":0,""adsMisoPulldownLevel"":0,""adsMisoPullupLevel"":1,""adsCsLevel"":1,""adsSyncLevel"":1,""adsStatus"":54,""adsMux"":15,""adsAdcon"":6,""adsDrate"":240,""adsReason"":""ok"",""tcaOk"":true,""mcpOkCount"":8,""mcpOk"":[true,true,true,true,true,true,true,true],""mcpAddrMask"":[1,1,1,1,1,1,1,1],""mcpControlTested"":true,""mcpControlOkCount"":8,""mcpControlOk"":[true,true,true,true,true,true,true,true],""dacReady"":true,""radioReady"":true,""mlReady"":true,""nullingProfileApplied"":true,""modelProfileReady"":false},""runtimeMcpCode"":[255,519,795,706,799,865,665,139],""model"":{""profileId"":""cnn-dualbranch-datasheet-v1-unbound"",""scalerProfileId"":""cnn-dualbranch-datasheet-v1-unbound"",""productionApproved"":true,""boundNullingProfileId"":8,""activeNullingProfileId"":9,""bindingValid"":true,""bindingModelMatches"":true,""profileReady"":false,""inferenceValid"":false,""sensorFault"":true},""lora"":{""beginState"":0,""lastTxState"":0,""lastTxOk"":false,""txSeq"":0,""txCounter"":0,""aesKeyProvisioned"":true,""aesKeyPresent"":true,""aesKeySource"":""nvs"",""keyId"":1,""lastDownlinkCommandId"":0,""freqMHz"":920,""bwKHz"":125,""sf"":7,""cr"":5,""syncWord"":18,""txPowerDbm"":17,""preamble"":8,""tcxoVoltage"":1.600000024,""xtalVoltage"":0},""dataset"":{""state"":""idle"",""step"":""idle"",""label"":"""",""seq"":0,""targetSamples"":0,""sampleIntervalMs"":500,""maxDurationMs"":0,""useFanIntake"":true,""fanOnMs"":1000,""postFanSettleMs"":0,""nullingProfileId"":9,""queuePending"":0,""queueCapacity"":16,""queueEnqueued"":0,""queueDropped"":0,""publishFailCount"":0,""retryCount"":0,""retryFailCount"":0,""rejectedSamples"":0,""lastRejectReason"":""none"",""lastRejectChannel"":-1,""lastRejectOkFiniteCount"":0,""lastRejectStatus"":255,""lastRejectGain"":0,""lastRejectSaturated"":false},""recovery"":{""wifiReconnectCount"":0,""wifiReconnectFailCount"":0,""mqttReconnectCount"":0,""mqttConnectFailCount"":0,""lastMqttState"":0,""adsRecoveryCount"":0,""adsRecoveryFailCount"":0,""adsReadFailStreak"":0,""lastReason"":""none"",""lastRecoveryMs"":0,""bootRecoveryArmed"":false,""bootRecoveryDueMs"":0,""bootRecoveryReason"":""none"",""bootRecoveryNonAdsFailure"":false,""bootRecoveryRestartCount"":0},""nulling"":{""done"":false,""retryArmed"":false,""attemptCount"":0,""nextRetryMs"":0,""thresholdV"":9.999999747E-06,""minFinalV"":0},""telemetry"":{""valid"":true,""sampleMs"":6621898,""gasClass"":6,""gasName"":""CO2"",""confidence"":0,""alarm"":false,""sensorVoltage"":[0.115664467,0.004022806,0.004882415,-0.00251363,-0.009410347,-0.011647123,-0.019382728,-0.025396306],""sensorGain"":[32,64,64,64,64,64,64,64],""sensorStatus"":[0,0,0,0,0,0,0,0],""featureOrder"":[""MQ8"",""MQ135"",""MQ3"",""MQ5"",""MQ4"",""MQ7"",""MQ6"",""MQ2""]},""alarmLatched"":false}"
2026-08-04 11:11:26.609 +07:00,245.490,HOT_SWEEP_70,70,700,300,1,0,0.11510019,0.004023793,0.00481983,-0.002517625,-0.009389066,-0.011647189,-0.01939242,-0.025409814,"{""deviceId"":""1001"",""nodeId"":4097,""targetChId"":""0010"",""mode"":""inference"",""uptimeMs"":6622956,""debugEnabled"":true,""power"":{""mode"":""24v"",""externalPower"":true,""batteryMv"":65535,""batteryValid"":false,""batteryDetected"":false,""batterySenseStatus"":""not_detected"",""batteryLow"":false,""batteryCritical"":false,""sourceAmbiguous"":false,""serviceHoldActive"":false,""serviceHoldEffective"":false},""batterySession"":{""state"":""inactive"",""startedMs"":0,""stateStartedMs"":0,""validSampleBatches"":0,""requiredSampleBatches"":10,""alarmTxAttempts"":0,""alarmTxAttemptLimit"":3,""alarmAckReceived"":false,""pendingAlarm"":false,""pendingSaveRequired"":false,""persistenceFaultHold"":false,""completionReason"":""session_done""},""bootHealth"":{""adsReady"":true,""adsDrdyLevel"":0,""adsDrdyPulldownLevel"":0,""adsDrdyPullupLevel"":0,""adsMisoPulldownLevel"":0,""adsMisoPullupLevel"":1,""adsCsLevel"":1,""adsSyncLevel"":1,""adsStatus"":54,""adsMux"":15,""adsAdcon"":6,""adsDrate"":240,""adsReason"":""ok"",""tcaOk"":true,""mcpOkCount"":8,""mcpOk"":[true,true,true,true,true,true,true,true],""mcpAddrMask"":[1,1,1,1,1,1,1,1],""mcpControlTested"":true,""mcpControlOkCount"":8,""mcpControlOk"":[true,true,true,true,true,true,true,true],""dacReady"":true,""radioReady"":true,""mlReady"":true,""nullingProfileApplied"":true,""modelProfileReady"":false},""runtimeMcpCode"":[255,519,795,706,799,865,665,139],""model"":{""profileId"":""cnn-dualbranch-datasheet-v1-unbound"",""scalerProfileId"":""cnn-dualbranch-datasheet-v1-unbound"",""productionApproved"":true,""boundNullingProfileId"":8,""activeNullingProfileId"":9,""bindingValid"":true,""bindingModelMatches"":true,""profileReady"":false,""inferenceValid"":false,""sensorFault"":true},""lora"":{""beginState"":0,""lastTxState"":0,""lastTxOk"":false,""txSeq"":0,""txCounter"":0,""aesKeyProvisioned"":true,""aesKeyPresent"":true,""aesKeySource"":""nvs"",""keyId"":1,""lastDownlinkCommandId"":0,""freqMHz"":920,""bwKHz"":125,""sf"":7,""cr"":5,""syncWord"":18,""txPowerDbm"":17,""preamble"":8,""tcxoVoltage"":1.600000024,""xtalVoltage"":0},""dataset"":{""state"":""idle"",""step"":""idle"",""label"":"""",""seq"":0,""targetSamples"":0,""sampleIntervalMs"":500,""maxDurationMs"":0,""useFanIntake"":true,""fanOnMs"":1000,""postFanSettleMs"":0,""nullingProfileId"":9,""queuePending"":0,""queueCapacity"":16,""queueEnqueued"":0,""queueDropped"":0,""publishFailCount"":0,""retryCount"":0,""retryFailCount"":0,""rejectedSamples"":0,""lastRejectReason"":""none"",""lastRejectChannel"":-1,""lastRejectOkFiniteCount"":0,""lastRejectStatus"":255,""lastRejectGain"":0,""lastRejectSaturated"":false},""recovery"":{""wifiReconnectCount"":0,""wifiReconnectFailCount"":0,""mqttReconnectCount"":0,""mqttConnectFailCount"":0,""lastMqttState"":0,""adsRecoveryCount"":0,""adsRecoveryFailCount"":0,""adsReadFailStreak"":0,""lastReason"":""none"",""lastRecoveryMs"":0,""bootRecoveryArmed"":false,""bootRecoveryDueMs"":0,""bootRecoveryReason"":""none"",""bootRecoveryNonAdsFailure"":false,""bootRecoveryRestartCount"":0},""nulling"":{""done"":false,""retryArmed"":false,""attemptCount"":0,""nextRetryMs"":0,""thresholdV"":9.999999747E-06,""minFinalV"":0},""telemetry"":{""valid"":true,""sampleMs"":6622552,""gasClass"":6,""gasName"":""CO2"",""confidence"":0,""alarm"":false,""sensorVoltage"":[0.11510019,0.004023793,0.00481983,-0.002517625,-0.009389066,-0.011647189,-0.01939242,-0.025409814],""sensorGain"":[32,64,64,64,64,64,64,64],""sensorStatus"":[0,0,0,0,0,0,0,0],""featureOrder"":[""MQ8"",""MQ135"",""MQ3"",""MQ5"",""MQ4"",""MQ7"",""MQ6"",""MQ2""]},""alarmLatched"":false}"
2026-08-04 11:11:27.294 +07:00,246.175,HOT_SWEEP_70,70,700,300,1,0,0.115494743,0.004020196,0.004834638,-0.002507797,-0.009383282,-0.011672569,-0.019281564,-0.025409609,"{""deviceId"":""1001"",""nodeId"":4097,""targetChId"":""0010"",""mode"":""inference"",""uptimeMs"":6623635,""debugEnabled"":true,""power"":{""mode"":""24v"",""externalPower"":true,""batteryMv"":65535,""batteryValid"":false,""batteryDetected"":false,""batterySenseStatus"":""not_detected"",""batteryLow"":false,""batteryCritical"":false,""sourceAmbiguous"":false,""serviceHoldActive"":false,""serviceHoldEffective"":false},""batterySession"":{""state"":""inactive"",""startedMs"":0,""stateStartedMs"":0,""validSampleBatches"":0,""requiredSampleBatches"":10,""alarmTxAttempts"":0,""alarmTxAttemptLimit"":3,""alarmAckReceived"":false,""pendingAlarm"":false,""pendingSaveRequired"":false,""persistenceFaultHold"":false,""completionReason"":""session_done""},""bootHealth"":{""adsReady"":true,""adsDrdyLevel"":0,""adsDrdyPulldownLevel"":0,""adsDrdyPullupLevel"":0,""adsMisoPulldownLevel"":0,""adsMisoPullupLevel"":1,""adsCsLevel"":1,""adsSyncLevel"":1,""adsStatus"":54,""adsMux"":15,""adsAdcon"":6,""adsDrate"":240,""adsReason"":""ok"",""tcaOk"":true,""mcpOkCount"":8,""mcpOk"":[true,true,true,true,true,true,true,true],""mcpAddrMask"":[1,1,1,1,1,1,1,1],""mcpControlTested"":true,""mcpControlOkCount"":8,""mcpControlOk"":[true,true,true,true,true,true,true,true],""dacReady"":true,""radioReady"":true,""mlReady"":true,""nullingProfileApplied"":true,""modelProfileReady"":false},""runtimeMcpCode"":[255,519,795,706,799,865,665,139],""model"":{""profileId"":""cnn-dualbranch-datasheet-v1-unbound"",""scalerProfileId"":""cnn-dualbranch-datasheet-v1-unbound"",""productionApproved"":true,""boundNullingProfileId"":8,""activeNullingProfileId"":9,""bindingValid"":true,""bindingModelMatches"":true,""profileReady"":false,""inferenceValid"":false,""sensorFault"":true},""lora"":{""beginState"":0,""lastTxState"":0,""lastTxOk"":false,""txSeq"":0,""txCounter"":0,""aesKeyProvisioned"":true,""aesKeyPresent"":true,""aesKeySource"":""nvs"",""keyId"":1,""lastDownlinkCommandId"":0,""freqMHz"":920,""bwKHz"":125,""sf"":7,""cr"":5,""syncWord"":18,""txPowerDbm"":17,""preamble"":8,""tcxoVoltage"":1.600000024,""xtalVoltage"":0},""dataset"":{""state"":""idle"",""step"":""idle"",""label"":"""",""seq"":0,""targetSamples"":0,""sampleIntervalMs"":500,""maxDurationMs"":0,""useFanIntake"":true,""fanOnMs"":1000,""postFanSettleMs"":0,""nullingProfileId"":9,""queuePending"":0,""queueCapacity"":16,""queueEnqueued"":0,""queueDropped"":0,""publishFailCount"":0,""retryCount"":0,""retryFailCount"":0,""rejectedSamples"":0,""lastRejectReason"":""none"",""lastRejectChannel"":-1,""lastRejectOkFiniteCount"":0,""lastRejectStatus"":255,""lastRejectGain"":0,""lastRejectSaturated"":false},""recovery"":{""wifiReconnectCount"":0,""wifiReconnectFailCount"":0,""mqttReconnectCount"":0,""mqttConnectFailCount"":0,""lastMqttState"":0,""adsRecoveryCount"":0,""adsRecoveryFailCount"":0,""adsReadFailStreak"":0,""lastReason"":""none"",""lastRecoveryMs"":0,""bootRecoveryArmed"":false,""bootRecoveryDueMs"":0,""bootRecoveryReason"":""none"",""bootRecoveryNonAdsFailure"":false,""bootRecoveryRestartCount"":0},""nulling"":{""done"":false,""retryArmed"":false,""attemptCount"":0,""nextRetryMs"":0,""thresholdV"":9.999999747E-06,""minFinalV"":0},""telemetry"":{""valid"":true,""sampleMs"":6623234,""gasClass"":6,""gasName"":""CO2"",""confidence"":0,""alarm"":false,""sensorVoltage"":[0.115494743,0.004020196,0.004834638,-0.002507797,-0.009383282,-0.011672569,-0.019281564,-0.025409609],""sensorGain"":[32,64,64,64,64,64,64,64],""sensorStatus"":[0,0,0,0,0,0,0,0],""featureOrder"":[""MQ8"",""MQ135"",""MQ3"",""MQ5"",""MQ4"",""MQ7"",""MQ6"",""MQ2""]},""alarmLatched"":false}"
2026-08-04 11:11:27.987 +07:00,246.856,HOT_SWEEP_70,70,700,300,1,0,0.115919448,0.003949882,0.004824586,-0.002567003,-0.009392957,-0.011608681,-0.01926815,-0.024932839,"{""deviceId"":""1001"",""nodeId"":4097,""targetChId"":""0010"",""mode"":""inference"",""uptimeMs"":6624323,""debugEnabled"":true,""power"":{""mode"":""24v"",""externalPower"":true,""batteryMv"":65535,""batteryValid"":false,""batteryDetected"":false,""batterySenseStatus"":""not_detected"",""batteryLow"":false,""batteryCritical"":false,""sourceAmbiguous"":false,""serviceHoldActive"":false,""serviceHoldEffective"":false},""batterySession"":{""state"":""inactive"",""startedMs"":0,""stateStartedMs"":0,""validSampleBatches"":0,""requiredSampleBatches"":10,""alarmTxAttempts"":0,""alarmTxAttemptLimit"":3,""alarmAckReceived"":false,""pendingAlarm"":false,""pendingSaveRequired"":false,""persistenceFaultHold"":false,""completionReason"":""session_done""},""bootHealth"":{""adsReady"":true,""adsDrdyLevel"":0,""adsDrdyPulldownLevel"":0,""adsDrdyPullupLevel"":0,""adsMisoPulldownLevel"":0,""adsMisoPullupLevel"":1,""adsCsLevel"":1,""adsSyncLevel"":1,""adsStatus"":54,""adsMux"":15,""adsAdcon"":6,""adsDrate"":240,""adsReason"":""ok"",""tcaOk"":true,""mcpOkCount"":8,""mcpOk"":[true,true,true,true,true,true,true,true],""mcpAddrMask"":[1,1,1,1,1,1,1,1],""mcpControlTested"":true,""mcpControlOkCount"":8,""mcpControlOk"":[true,true,true,true,true,true,true,true],""dacReady"":true,""radioReady"":true,""mlReady"":true,""nullingProfileApplied"":true,""modelProfileReady"":false},""runtimeMcpCode"":[255,519,795,706,799,865,665,139],""model"":{""profileId"":""cnn-dualbranch-datasheet-v1-unbound"",""scalerProfileId"":""cnn-dualbranch-datasheet-v1-unbound"",""productionApproved"":true,""boundNullingProfileId"":8,""activeNullingProfileId"":9,""bindingValid"":true,""bindingModelMatches"":true,""profileReady"":false,""inferenceValid"":false,""sensorFault"":true},""lora"":{""beginState"":0,""lastTxState"":0,""lastTxOk"":false,""txSeq"":0,""txCounter"":0,""aesKeyProvisioned"":true,""aesKeyPresent"":true,""aesKeySource"":""nvs"",""keyId"":1,""lastDownlinkCommandId"":0,""freqMHz"":920,""bwKHz"":125,""sf"":7,""cr"":5,""syncWord"":18,""txPowerDbm"":17,""preamble"":8,""tcxoVoltage"":1.600000024,""xtalVoltage"":0},""dataset"":{""state"":""idle"",""step"":""idle"",""label"":"""",""seq"":0,""targetSamples"":0,""sampleIntervalMs"":500,""maxDurationMs"":0,""useFanIntake"":true,""fanOnMs"":1000,""postFanSettleMs"":0,""nullingProfileId"":9,""queuePending"":0,""queueCapacity"":16,""queueEnqueued"":0,""queueDropped"":0,""publishFailCount"":0,""retryCount"":0,""retryFailCount"":0,""rejectedSamples"":0,""lastRejectReason"":""none"",""lastRejectChannel"":-1,""lastRejectOkFiniteCount"":0,""lastRejectStatus"":255,""lastRejectGain"":0,""lastRejectSaturated"":false},""recovery"":{""wifiReconnectCount"":0,""wifiReconnectFailCount"":0,""mqttReconnectCount"":0,""mqttConnectFailCount"":0,""lastMqttState"":0,""adsRecoveryCount"":0,""adsRecoveryFailCount"":0,""adsReadFailStreak"":0,""lastReason"":""none"",""lastRecoveryMs"":0,""bootRecoveryArmed"":false,""bootRecoveryDueMs"":0,""bootRecoveryReason"":""none"",""bootRecoveryNonAdsFailure"":false,""bootRecoveryRestartCount"":0},""nulling"":{""done"":false,""retryArmed"":false,""attemptCount"":0,""nextRetryMs"":0,""thresholdV"":9.999999747E-06,""minFinalV"":0},""telemetry"":{""valid"":true,""sampleMs"":6623945,""gasClass"":6,""gasName"":""CO2"",""confidence"":0,""alarm"":false,""sensorVoltage"":[0.115919448,0.003949882,0.004824586,-0.002567003,-0.009392957,-0.011608681,-0.01926815,-0.024932839],""sensorGain"":[32,64,64,64,64,64,64,64],""sensorStatus"":[0,0,0,0,0,0,0,0],""featureOrder"":[""MQ8"",""MQ135"",""MQ3"",""MQ5"",""MQ4"",""MQ7"",""MQ6"",""MQ2""]},""alarmLatched"":false}"
2026-08-04 11:11:28.696 +07:00,247.576,HOT_SWEEP_70,70,700,300,1,0,0.115051821,0.003912756,0.004862033,-0.002561701,-0.00942156,-0.01160115,-0.019622818,-0.025445377,"{""deviceId"":""1001"",""nodeId"":4097,""targetChId"":""0010"",""mode"":""inference"",""uptimeMs"":6625033,""debugEnabled"":true,""power"":{""mode"":""24v"",""externalPower"":true,""batteryMv"":65535,""batteryValid"":false,""batteryDetected"":false,""batterySenseStatus"":""not_detected"",""batteryLow"":false,""batteryCritical"":false,""sourceAmbiguous"":false,""serviceHoldActive"":false,""serviceHoldEffective"":false},""batterySession"":{""state"":""inactive"",""startedMs"":0,""stateStartedMs"":0,""validSampleBatches"":0,""requiredSampleBatches"":10,""alarmTxAttempts"":0,""alarmTxAttemptLimit"":3,""alarmAckReceived"":false,""pendingAlarm"":false,""pendingSaveRequired"":false,""persistenceFaultHold"":false,""completionReason"":""session_done""},""bootHealth"":{""adsReady"":true,""adsDrdyLevel"":0,""adsDrdyPulldownLevel"":0,""adsDrdyPullupLevel"":0,""adsMisoPulldownLevel"":0,""adsMisoPullupLevel"":1,""adsCsLevel"":1,""adsSyncLevel"":1,""adsStatus"":54,""adsMux"":15,""adsAdcon"":6,""adsDrate"":240,""adsReason"":""ok"",""tcaOk"":true,""mcpOkCount"":8,""mcpOk"":[true,true,true,true,true,true,true,true],""mcpAddrMask"":[1,1,1,1,1,1,1,1],""mcpControlTested"":true,""mcpControlOkCount"":8,""mcpControlOk"":[true,true,true,true,true,true,true,true],""dacReady"":true,""radioReady"":true,""mlReady"":true,""nullingProfileApplied"":true,""modelProfileReady"":false},""runtimeMcpCode"":[255,519,795,706,799,865,665,139],""model"":{""profileId"":""cnn-dualbranch-datasheet-v1-unbound"",""scalerProfileId"":""cnn-dualbranch-datasheet-v1-unbound"",""productionApproved"":true,""boundNullingProfileId"":8,""activeNullingProfileId"":9,""bindingValid"":true,""bindingModelMatches"":true,""profileReady"":false,""inferenceValid"":false,""sensorFault"":true},""lora"":{""beginState"":0,""lastTxState"":0,""lastTxOk"":false,""txSeq"":0,""txCounter"":0,""aesKeyProvisioned"":true,""aesKeyPresent"":true,""aesKeySource"":""nvs"",""keyId"":1,""lastDownlinkCommandId"":0,""freqMHz"":920,""bwKHz"":125,""sf"":7,""cr"":5,""syncWord"":18,""txPowerDbm"":17,""preamble"":8,""tcxoVoltage"":1.600000024,""xtalVoltage"":0},""dataset"":{""state"":""idle"",""step"":""idle"",""label"":"""",""seq"":0,""targetSamples"":0,""sampleIntervalMs"":500,""maxDurationMs"":0,""useFanIntake"":true,""fanOnMs"":1000,""postFanSettleMs"":0,""nullingProfileId"":9,""queuePending"":0,""queueCapacity"":16,""queueEnqueued"":0,""queueDropped"":0,""publishFailCount"":0,""retryCount"":0,""retryFailCount"":0,""rejectedSamples"":0,""lastRejectReason"":""none"",""lastRejectChannel"":-1,""lastRejectOkFiniteCount"":0,""lastRejectStatus"":255,""lastRejectGain"":0,""lastRejectSaturated"":false},""recovery"":{""wifiReconnectCount"":0,""wifiReconnectFailCount"":0,""mqttReconnectCount"":0,""mqttConnectFailCount"":0,""lastMqttState"":0,""adsRecoveryCount"":0,""adsRecoveryFailCount"":0,""adsReadFailStreak"":0,""lastReason"":""none"",""lastRecoveryMs"":0,""bootRecoveryArmed"":false,""bootRecoveryDueMs"":0,""bootRecoveryReason"":""none"",""bootRecoveryNonAdsFailure"":false,""bootRecoveryRestartCount"":0},""nulling"":{""done"":false,""retryArmed"":false,""attemptCount"":0,""nextRetryMs"":0,""thresholdV"":9.999999747E-06,""minFinalV"":0},""telemetry"":{""valid"":true,""sampleMs"":6624601,""gasClass"":6,""gasName"":""CO2"",""confidence"":0,""alarm"":false,""sensorVoltage"":[0.115051821,0.003912756,0.004862033,-0.002561701,-0.00942156,-0.01160115,-0.019622818,-0.025445377],""sensorGain"":[32,64,64,64,64,64,64,64],""sensorStatus"":[0,0,0,0,0,0,0,0],""featureOrder"":[""MQ8"",""MQ135"",""MQ3"",""MQ5"",""MQ4"",""MQ7"",""MQ6"",""MQ2""]},""alarmLatched"":false}"
2026-08-04 11:11:29.383 +07:00,248.263,HOT_SWEEP_70,70,700,300,1,0,0.114900254,0.003870711,0.004872679,-0.002601128,-0.009426272,-0.011594434,-0.019605782,-0.02545408,"{""deviceId"":""1001"",""nodeId"":4097,""targetChId"":""0010"",""mode"":""inference"",""uptimeMs"":6625719,""debugEnabled"":true,""power"":{""mode"":""24v"",""externalPower"":true,""batteryMv"":65535,""batteryValid"":false,""batteryDetected"":false,""batterySenseStatus"":""not_detected"",""batteryLow"":false,""batteryCritical"":false,""sourceAmbiguous"":false,""serviceHoldActive"":false,""serviceHoldEffective"":false},""batterySession"":{""state"":""inactive"",""startedMs"":0,""stateStartedMs"":0,""validSampleBatches"":0,""requiredSampleBatches"":10,""alarmTxAttempts"":0,""alarmTxAttemptLimit"":3,""alarmAckReceived"":false,""pendingAlarm"":false,""pendingSaveRequired"":false,""persistenceFaultHold"":false,""completionReason"":""session_done""},""bootHealth"":{""adsReady"":true,""adsDrdyLevel"":0,""adsDrdyPulldownLevel"":0,""adsDrdyPullupLevel"":0,""adsMisoPulldownLevel"":0,""adsMisoPullupLevel"":1,""adsCsLevel"":1,""adsSyncLevel"":1,""adsStatus"":54,""adsMux"":15,""adsAdcon"":6,""adsDrate"":240,""adsReason"":""ok"",""tcaOk"":true,""mcpOkCount"":8,""mcpOk"":[true,true,true,true,true,true,true,true],""mcpAddrMask"":[1,1,1,1,1,1,1,1],""mcpControlTested"":true,""mcpControlOkCount"":8,""mcpControlOk"":[true,true,true,true,true,true,true,true],""dacReady"":true,""radioReady"":true,""mlReady"":true,""nullingProfileApplied"":true,""modelProfileReady"":false},""runtimeMcpCode"":[255,519,795,706,799,865,665,139],""model"":{""profileId"":""cnn-dualbranch-datasheet-v1-unbound"",""scalerProfileId"":""cnn-dualbranch-datasheet-v1-unbound"",""productionApproved"":true,""boundNullingProfileId"":8,""activeNullingProfileId"":9,""bindingValid"":true,""bindingModelMatches"":true,""profileReady"":false,""inferenceValid"":false,""sensorFault"":true},""lora"":{""beginState"":0,""lastTxState"":0,""lastTxOk"":false,""txSeq"":0,""txCounter"":0,""aesKeyProvisioned"":true,""aesKeyPresent"":true,""aesKeySource"":""nvs"",""keyId"":1,""lastDownlinkCommandId"":0,""freqMHz"":920,""bwKHz"":125,""sf"":7,""cr"":5,""syncWord"":18,""txPowerDbm"":17,""preamble"":8,""tcxoVoltage"":1.600000024,""xtalVoltage"":0},""dataset"":{""state"":""idle"",""step"":""idle"",""label"":"""",""seq"":0,""targetSamples"":0,""sampleIntervalMs"":500,""maxDurationMs"":0,""useFanIntake"":true,""fanOnMs"":1000,""postFanSettleMs"":0,""nullingProfileId"":9,""queuePending"":0,""queueCapacity"":16,""queueEnqueued"":0,""queueDropped"":0,""publishFailCount"":0,""retryCount"":0,""retryFailCount"":0,""rejectedSamples"":0,""lastRejectReason"":""none"",""lastRejectChannel"":-1,""lastRejectOkFiniteCount"":0,""lastRejectStatus"":255,""lastRejectGain"":0,""lastRejectSaturated"":false},""recovery"":{""wifiReconnectCount"":0,""wifiReconnectFailCount"":0,""mqttReconnectCount"":0,""mqttConnectFailCount"":0,""lastMqttState"":0,""adsRecoveryCount"":0,""adsRecoveryFailCount"":0,""adsReadFailStreak"":0,""lastReason"":""none"",""lastRecoveryMs"":0,""bootRecoveryArmed"":false,""bootRecoveryDueMs"":0,""bootRecoveryReason"":""none"",""bootRecoveryNonAdsFailure"":false,""bootRecoveryRestartCount"":0},""nulling"":{""done"":false,""retryArmed"":false,""attemptCount"":0,""nextRetryMs"":0,""thresholdV"":9.999999747E-06,""minFinalV"":0},""telemetry"":{""valid"":true,""sampleMs"":6625311,""gasClass"":6,""gasName"":""CO2"",""confidence"":0,""alarm"":false,""sensorVoltage"":[0.114900254,0.003870711,0.004872679,-0.002601128,-0.009426272,-0.011594434,-0.019605782,-0.02545408],""sensorGain"":[32,64,64,64,64,64,64,64],""sensorStatus"":[0,0,0,0,0,0,0,0],""featureOrder"":[""MQ8"",""MQ135"",""MQ3"",""MQ5"",""MQ4"",""MQ7"",""MQ6"",""MQ2""]},""alarmLatched"":false}"
2026-08-04 11:11:30.059 +07:00,248.940,HOT_SWEEP_70,70,700,300,1,0,0.115536295,0.00382807,0.00488786,-0.00254673,-0.00916873,-0.011305762,-0.01916771,-0.024943992,"{""deviceId"":""1001"",""nodeId"":4097,""targetChId"":""0010"",""mode"":""inference"",""uptimeMs"":6626404,""debugEnabled"":true,""power"":{""mode"":""24v"",""externalPower"":true,""batteryMv"":65535,""batteryValid"":false,""batteryDetected"":false,""batterySenseStatus"":""not_detected"",""batteryLow"":false,""batteryCritical"":false,""sourceAmbiguous"":false,""serviceHoldActive"":false,""serviceHoldEffective"":false},""batterySession"":{""state"":""inactive"",""startedMs"":0,""stateStartedMs"":0,""validSampleBatches"":0,""requiredSampleBatches"":10,""alarmTxAttempts"":0,""alarmTxAttemptLimit"":3,""alarmAckReceived"":false,""pendingAlarm"":false,""pendingSaveRequired"":false,""persistenceFaultHold"":false,""completionReason"":""session_done""},""bootHealth"":{""adsReady"":true,""adsDrdyLevel"":0,""adsDrdyPulldownLevel"":0,""adsDrdyPullupLevel"":0,""adsMisoPulldownLevel"":0,""adsMisoPullupLevel"":1,""adsCsLevel"":1,""adsSyncLevel"":1,""adsStatus"":54,""adsMux"":15,""adsAdcon"":6,""adsDrate"":240,""adsReason"":""ok"",""tcaOk"":true,""mcpOkCount"":8,""mcpOk"":[true,true,true,true,true,true,true,true],""mcpAddrMask"":[1,1,1,1,1,1,1,1],""mcpControlTested"":true,""mcpControlOkCount"":8,""mcpControlOk"":[true,true,true,true,true,true,true,true],""dacReady"":true,""radioReady"":true,""mlReady"":true,""nullingProfileApplied"":true,""modelProfileReady"":false},""runtimeMcpCode"":[255,519,795,706,799,865,665,139],""model"":{""profileId"":""cnn-dualbranch-datasheet-v1-unbound"",""scalerProfileId"":""cnn-dualbranch-datasheet-v1-unbound"",""productionApproved"":true,""boundNullingProfileId"":8,""activeNullingProfileId"":9,""bindingValid"":true,""bindingModelMatches"":true,""profileReady"":false,""inferenceValid"":false,""sensorFault"":true},""lora"":{""beginState"":0,""lastTxState"":0,""lastTxOk"":false,""txSeq"":0,""txCounter"":0,""aesKeyProvisioned"":true,""aesKeyPresent"":true,""aesKeySource"":""nvs"",""keyId"":1,""lastDownlinkCommandId"":0,""freqMHz"":920,""bwKHz"":125,""sf"":7,""cr"":5,""syncWord"":18,""txPowerDbm"":17,""preamble"":8,""tcxoVoltage"":1.600000024,""xtalVoltage"":0},""dataset"":{""state"":""idle"",""step"":""idle"",""label"":"""",""seq"":0,""targetSamples"":0,""sampleIntervalMs"":500,""maxDurationMs"":0,""useFanIntake"":true,""fanOnMs"":1000,""postFanSettleMs"":0,""nullingProfileId"":9,""queuePending"":0,""queueCapacity"":16,""queueEnqueued"":0,""queueDropped"":0,""publishFailCount"":0,""retryCount"":0,""retryFailCount"":0,""rejectedSamples"":0,""lastRejectReason"":""none"",""lastRejectChannel"":-1,""lastRejectOkFiniteCount"":0,""lastRejectStatus"":255,""lastRejectGain"":0,""lastRejectSaturated"":false},""recovery"":{""wifiReconnectCount"":0,""wifiReconnectFailCount"":0,""mqttReconnectCount"":0,""mqttConnectFailCount"":0,""lastMqttState"":0,""adsRecoveryCount"":0,""adsRecoveryFailCount"":0,""adsReadFailStreak"":0,""lastReason"":""none"",""lastRecoveryMs"":0,""bootRecoveryArmed"":false,""bootRecoveryDueMs"":0,""bootRecoveryReason"":""none"",""bootRecoveryNonAdsFailure"":false,""bootRecoveryRestartCount"":0},""nulling"":{""done"":false,""retryArmed"":false,""attemptCount"":0,""nextRetryMs"":0,""thresholdV"":9.999999747E-06,""minFinalV"":0},""telemetry"":{""valid"":true,""sampleMs"":6626029,""gasClass"":6,""gasName"":""CO2"",""confidence"":0,""alarm"":false,""sensorVoltage"":[0.115536295,0.00382807,0.00488786,-0.00254673,-0.00916873,-0.011305762,-0.01916771,-0.024943992],""sensorGain"":[32,64,64,64,64,64,64,64],""sensorStatus"":[0,0,0,0,0,0,0,0],""featureOrder"":[""MQ8"",""MQ135"",""MQ3"",""MQ5"",""MQ4"",""MQ7"",""MQ6"",""MQ2""]},""alarmLatched"":false}"
2026-08-04 11:11:30.749 +07:00,249.627,HOT_SWEEP_70,70,700,300,1,0,0.114891425,0.00383895,0.004945654,-0.00256516,-0.009372981,-0.011507293,-0.019548349,-0.025361042,"{""deviceId"":""1001"",""nodeId"":4097,""targetChId"":""0010"",""mode"":""inference"",""uptimeMs"":6627085,""debugEnabled"":true,""power"":{""mode"":""24v"",""externalPower"":true,""batteryMv"":65535,""batteryValid"":false,""batteryDetected"":false,""batterySenseStatus"":""not_detected"",""batteryLow"":false,""batteryCritical"":false,""sourceAmbiguous"":false,""serviceHoldActive"":false,""serviceHoldEffective"":false},""batterySession"":{""state"":""inactive"",""startedMs"":0,""stateStartedMs"":0,""validSampleBatches"":0,""requiredSampleBatches"":10,""alarmTxAttempts"":0,""alarmTxAttemptLimit"":3,""alarmAckReceived"":false,""pendingAlarm"":false,""pendingSaveRequired"":false,""persistenceFaultHold"":false,""completionReason"":""session_done""},""bootHealth"":{""adsReady"":true,""adsDrdyLevel"":0,""adsDrdyPulldownLevel"":0,""adsDrdyPullupLevel"":0,""adsMisoPulldownLevel"":0,""adsMisoPullupLevel"":1,""adsCsLevel"":1,""adsSyncLevel"":1,""adsStatus"":54,""adsMux"":15,""adsAdcon"":6,""adsDrate"":240,""adsReason"":""ok"",""tcaOk"":true,""mcpOkCount"":8,""mcpOk"":[true,true,true,true,true,true,true,true],""mcpAddrMask"":[1,1,1,1,1,1,1,1],""mcpControlTested"":true,""mcpControlOkCount"":8,""mcpControlOk"":[true,true,true,true,true,true,true,true],""dacReady"":true,""radioReady"":true,""mlReady"":true,""nullingProfileApplied"":true,""modelProfileReady"":false},""runtimeMcpCode"":[255,519,795,706,799,865,665,139],""model"":{""profileId"":""cnn-dualbranch-datasheet-v1-unbound"",""scalerProfileId"":""cnn-dualbranch-datasheet-v1-unbound"",""productionApproved"":true,""boundNullingProfileId"":8,""activeNullingProfileId"":9,""bindingValid"":true,""bindingModelMatches"":true,""profileReady"":false,""inferenceValid"":false,""sensorFault"":true},""lora"":{""beginState"":0,""lastTxState"":0,""lastTxOk"":false,""txSeq"":0,""txCounter"":0,""aesKeyProvisioned"":true,""aesKeyPresent"":true,""aesKeySource"":""nvs"",""keyId"":1,""lastDownlinkCommandId"":0,""freqMHz"":920,""bwKHz"":125,""sf"":7,""cr"":5,""syncWord"":18,""txPowerDbm"":17,""preamble"":8,""tcxoVoltage"":1.600000024,""xtalVoltage"":0},""dataset"":{""state"":""idle"",""step"":""idle"",""label"":"""",""seq"":0,""targetSamples"":0,""sampleIntervalMs"":500,""maxDurationMs"":0,""useFanIntake"":true,""fanOnMs"":1000,""postFanSettleMs"":0,""nullingProfileId"":9,""queuePending"":0,""queueCapacity"":16,""queueEnqueued"":0,""queueDropped"":0,""publishFailCount"":0,""retryCount"":0,""retryFailCount"":0,""rejectedSamples"":0,""lastRejectReason"":""none"",""lastRejectChannel"":-1,""lastRejectOkFiniteCount"":0,""lastRejectStatus"":255,""lastRejectGain"":0,""lastRejectSaturated"":false},""recovery"":{""wifiReconnectCount"":0,""wifiReconnectFailCount"":0,""mqttReconnectCount"":0,""mqttConnectFailCount"":0,""lastMqttState"":0,""adsRecoveryCount"":0,""adsRecoveryFailCount"":0,""adsReadFailStreak"":0,""lastReason"":""none"",""lastRecoveryMs"":0,""bootRecoveryArmed"":false,""bootRecoveryDueMs"":0,""bootRecoveryReason"":""none"",""bootRecoveryNonAdsFailure"":false,""bootRecoveryRestartCount"":0},""nulling"":{""done"":false,""retryArmed"":false,""attemptCount"":0,""nextRetryMs"":0,""thresholdV"":9.999999747E-06,""minFinalV"":0},""telemetry"":{""valid"":true,""sampleMs"":6626682,""gasClass"":6,""gasName"":""CO2"",""confidence"":0,""alarm"":false,""sensorVoltage"":[0.114891425,0.00383895,0.004945654,-0.00256516,-0.009372981,-0.011507293,-0.019548349,-0.025361042],""sensorGain"":[32,64,64,64,64,64,64,64],""sensorStatus"":[0,0,0,0,0,0,0,0],""featureOrder"":[""MQ8"",""MQ135"",""MQ3"",""MQ5"",""MQ4"",""MQ7"",""MQ6"",""MQ2""]},""alarmLatched"":false}"
2026-08-04 11:11:31.450 +07:00,250.322,HOT_SWEEP_70,70,700,300,1,0,0.114515327,0.003846485,0.004947805,-0.002580443,-0.009372004,-0.011488498,-0.019481989,-0.025318149,"{""deviceId"":""1001"",""nodeId"":4097,""targetChId"":""0010"",""mode"":""inference"",""uptimeMs"":6627786,""debugEnabled"":true,""power"":{""mode"":""24v"",""externalPower"":true,""batteryMv"":65535,""batteryValid"":false,""batteryDetected"":false,""batterySenseStatus"":""not_detected"",""batteryLow"":false,""batteryCritical"":false,""sourceAmbiguous"":false,""serviceHoldActive"":false,""serviceHoldEffective"":false},""batterySession"":{""state"":""inactive"",""startedMs"":0,""stateStartedMs"":0,""validSampleBatches"":0,""requiredSampleBatches"":10,""alarmTxAttempts"":0,""alarmTxAttemptLimit"":3,""alarmAckReceived"":false,""pendingAlarm"":false,""pendingSaveRequired"":false,""persistenceFaultHold"":false,""completionReason"":""session_done""},""bootHealth"":{""adsReady"":true,""adsDrdyLevel"":0,""adsDrdyPulldownLevel"":0,""adsDrdyPullupLevel"":0,""adsMisoPulldownLevel"":0,""adsMisoPullupLevel"":1,""adsCsLevel"":1,""adsSyncLevel"":1,""adsStatus"":54,""adsMux"":15,""adsAdcon"":6,""adsDrate"":240,""adsReason"":""ok"",""tcaOk"":true,""mcpOkCount"":8,""mcpOk"":[true,true,true,true,true,true,true,true],""mcpAddrMask"":[1,1,1,1,1,1,1,1],""mcpControlTested"":true,""mcpControlOkCount"":8,""mcpControlOk"":[true,true,true,true,true,true,true,true],""dacReady"":true,""radioReady"":true,""mlReady"":true,""nullingProfileApplied"":true,""modelProfileReady"":false},""runtimeMcpCode"":[255,519,795,706,799,865,665,139],""model"":{""profileId"":""cnn-dualbranch-datasheet-v1-unbound"",""scalerProfileId"":""cnn-dualbranch-datasheet-v1-unbound"",""productionApproved"":true,""boundNullingProfileId"":8,""activeNullingProfileId"":9,""bindingValid"":true,""bindingModelMatches"":true,""profileReady"":false,""inferenceValid"":false,""sensorFault"":true},""lora"":{""beginState"":0,""lastTxState"":0,""lastTxOk"":false,""txSeq"":0,""txCounter"":0,""aesKeyProvisioned"":true,""aesKeyPresent"":true,""aesKeySource"":""nvs"",""keyId"":1,""lastDownlinkCommandId"":0,""freqMHz"":920,""bwKHz"":125,""sf"":7,""cr"":5,""syncWord"":18,""txPowerDbm"":17,""preamble"":8,""tcxoVoltage"":1.600000024,""xtalVoltage"":0},""dataset"":{""state"":""idle"",""step"":""idle"",""label"":"""",""seq"":0,""targetSamples"":0,""sampleIntervalMs"":500,""maxDurationMs"":0,""useFanIntake"":true,""fanOnMs"":1000,""postFanSettleMs"":0,""nullingProfileId"":9,""queuePending"":0,""queueCapacity"":16,""queueEnqueued"":0,""queueDropped"":0,""publishFailCount"":0,""retryCount"":0,""retryFailCount"":0,""rejectedSamples"":0,""lastRejectReason"":""none"",""lastRejectChannel"":-1,""lastRejectOkFiniteCount"":0,""lastRejectStatus"":255,""lastRejectGain"":0,""lastRejectSaturated"":false},""recovery"":{""wifiReconnectCount"":0,""wifiReconnectFailCount"":0,""mqttReconnectCount"":0,""mqttConnectFailCount"":0,""lastMqttState"":0,""adsRecoveryCount"":0,""adsRecoveryFailCount"":0,""adsReadFailStreak"":0,""lastReason"":""none"",""lastRecoveryMs"":0,""bootRecoveryArmed"":false,""bootRecoveryDueMs"":0,""bootRecoveryReason"":""none"",""bootRecoveryNonAdsFailure"":false,""bootRecoveryRestartCount"":0},""nulling"":{""done"":false,""retryArmed"":false,""attemptCount"":0,""nextRetryMs"":0,""thresholdV"":9.999999747E-06,""minFinalV"":0},""telemetry"":{""valid"":true,""sampleMs"":6627363,""gasClass"":6,""gasName"":""CO2"",""confidence"":0,""alarm"":false,""sensorVoltage"":[0.114515327,0.003846485,0.004947805,-0.002580443,-0.009372004,-0.011488498,-0.019481989,-0.025318149],""sensorGain"":[32,64,64,64,64,64,64,64],""sensorStatus"":[0,0,0,0,0,0,0,0],""featureOrder"":[""MQ8"",""MQ135"",""MQ3"",""MQ5"",""MQ4"",""MQ7"",""MQ6"",""MQ2""]},""alarmLatched"":false}"
2026-08-04 11:11:32.124 +07:00,251.005,HOT_SWEEP_70,70,700,300,1,0,0.115183793,0.003851298,0.004882542,-0.002546982,-0.009131903,-0.011493626,-0.019485101,-0.025337324,"{""deviceId"":""1001"",""nodeId"":4097,""targetChId"":""0010"",""mode"":""inference"",""uptimeMs"":6628469,""debugEnabled"":true,""power"":{""mode"":""24v"",""externalPower"":true,""batteryMv"":65535,""batteryValid"":false,""batteryDetected"":false,""batterySenseStatus"":""not_detected"",""batteryLow"":false,""batteryCritical"":false,""sourceAmbiguous"":false,""serviceHoldActive"":false,""serviceHoldEffective"":false},""batterySession"":{""state"":""inactive"",""startedMs"":0,""stateStartedMs"":0,""validSampleBatches"":0,""requiredSampleBatches"":10,""alarmTxAttempts"":0,""alarmTxAttemptLimit"":3,""alarmAckReceived"":false,""pendingAlarm"":false,""pendingSaveRequired"":false,""persistenceFaultHold"":false,""completionReason"":""session_done""},""bootHealth"":{""adsReady"":true,""adsDrdyLevel"":0,""adsDrdyPulldownLevel"":0,""adsDrdyPullupLevel"":0,""adsMisoPulldownLevel"":0,""adsMisoPullupLevel"":1,""adsCsLevel"":1,""adsSyncLevel"":1,""adsStatus"":54,""adsMux"":15,""adsAdcon"":6,""adsDrate"":240,""adsReason"":""ok"",""tcaOk"":true,""mcpOkCount"":8,""mcpOk"":[true,true,true,true,true,true,true,true],""mcpAddrMask"":[1,1,1,1,1,1,1,1],""mcpControlTested"":true,""mcpControlOkCount"":8,""mcpControlOk"":[true,true,true,true,true,true,true,true],""dacReady"":true,""radioReady"":true,""mlReady"":true,""nullingProfileApplied"":true,""modelProfileReady"":false},""runtimeMcpCode"":[255,519,795,706,799,865,665,139],""model"":{""profileId"":""cnn-dualbranch-datasheet-v1-unbound"",""scalerProfileId"":""cnn-dualbranch-datasheet-v1-unbound"",""productionApproved"":true,""boundNullingProfileId"":8,""activeNullingProfileId"":9,""bindingValid"":true,""bindingModelMatches"":true,""profileReady"":false,""inferenceValid"":false,""sensorFault"":true},""lora"":{""beginState"":0,""lastTxState"":0,""lastTxOk"":false,""txSeq"":0,""txCounter"":0,""aesKeyProvisioned"":true,""aesKeyPresent"":true,""aesKeySource"":""nvs"",""keyId"":1,""lastDownlinkCommandId"":0,""freqMHz"":920,""bwKHz"":125,""sf"":7,""cr"":5,""syncWord"":18,""txPowerDbm"":17,""preamble"":8,""tcxoVoltage"":1.600000024,""xtalVoltage"":0},""dataset"":{""state"":""idle"",""step"":""idle"",""label"":"""",""seq"":0,""targetSamples"":0,""sampleIntervalMs"":500,""maxDurationMs"":0,""useFanIntake"":true,""fanOnMs"":1000,""postFanSettleMs"":0,""nullingProfileId"":9,""queuePending"":0,""queueCapacity"":16,""queueEnqueued"":0,""queueDropped"":0,""publishFailCount"":0,""retryCount"":0,""retryFailCount"":0,""rejectedSamples"":0,""lastRejectReason"":""none"",""lastRejectChannel"":-1,""lastRejectOkFiniteCount"":0,""lastRejectStatus"":255,""lastRejectGain"":0,""lastRejectSaturated"":false},""recovery"":{""wifiReconnectCount"":0,""wifiReconnectFailCount"":0,""mqttReconnectCount"":0,""mqttConnectFailCount"":0,""lastMqttState"":0,""adsRecoveryCount"":0,""adsRecoveryFailCount"":0,""adsReadFailStreak"":0,""lastReason"":""none"",""lastRecoveryMs"":0,""bootRecoveryArmed"":false,""bootRecoveryDueMs"":0,""bootRecoveryReason"":""none"",""bootRecoveryNonAdsFailure"":false,""bootRecoveryRestartCount"":0},""nulling"":{""done"":false,""retryArmed"":false,""attemptCount"":0,""nextRetryMs"":0,""thresholdV"":9.999999747E-06,""minFinalV"":0},""telemetry"":{""valid"":true,""sampleMs"":6628096,""gasClass"":6,""gasName"":""CO2"",""confidence"":0,""alarm"":false,""sensorVoltage"":[0.115183793,0.003851298,0.004882542,-0.002546982,-0.009131903,-0.011493626,-0.019485101,-0.025337324],""sensorGain"":[32,64,64,64,64,64,64,64],""sensorStatus"":[0,0,0,0,0,0,0,0],""featureOrder"":[""MQ8"",""MQ135"",""MQ3"",""MQ5"",""MQ4"",""MQ7"",""MQ6"",""MQ2""]},""alarmLatched"":false}"
2026-08-04 11:11:32.809 +07:00,251.690,HOT_SWEEP_70,70,700,300,1,0,0.114659235,0.00394638,0.004897944,-0.002637968,-0.009348581,-0.011783733,-0.019866791,-0.025334951,"{""deviceId"":""1001"",""nodeId"":4097,""targetChId"":""0010"",""mode"":""inference"",""uptimeMs"":6629151,""debugEnabled"":true,""power"":{""mode"":""24v"",""externalPower"":true,""batteryMv"":65535,""batteryValid"":false,""batteryDetected"":false,""batterySenseStatus"":""not_detected"",""batteryLow"":false,""batteryCritical"":false,""sourceAmbiguous"":false,""serviceHoldActive"":false,""serviceHoldEffective"":false},""batterySession"":{""state"":""inactive"",""startedMs"":0,""stateStartedMs"":0,""validSampleBatches"":0,""requiredSampleBatches"":10,""alarmTxAttempts"":0,""alarmTxAttemptLimit"":3,""alarmAckReceived"":false,""pendingAlarm"":false,""pendingSaveRequired"":false,""persistenceFaultHold"":false,""completionReason"":""session_done""},""bootHealth"":{""adsReady"":true,""adsDrdyLevel"":0,""adsDrdyPulldownLevel"":0,""adsDrdyPullupLevel"":0,""adsMisoPulldownLevel"":0,""adsMisoPullupLevel"":1,""adsCsLevel"":1,""adsSyncLevel"":1,""adsStatus"":54,""adsMux"":15,""adsAdcon"":6,""adsDrate"":240,""adsReason"":""ok"",""tcaOk"":true,""mcpOkCount"":8,""mcpOk"":[true,true,true,true,true,true,true,true],""mcpAddrMask"":[1,1,1,1,1,1,1,1],""mcpControlTested"":true,""mcpControlOkCount"":8,""mcpControlOk"":[true,true,true,true,true,true,true,true],""dacReady"":true,""radioReady"":true,""mlReady"":true,""nullingProfileApplied"":true,""modelProfileReady"":false},""runtimeMcpCode"":[255,519,795,706,799,865,665,139],""model"":{""profileId"":""cnn-dualbranch-datasheet-v1-unbound"",""scalerProfileId"":""cnn-dualbranch-datasheet-v1-unbound"",""productionApproved"":true,""boundNullingProfileId"":8,""activeNullingProfileId"":9,""bindingValid"":true,""bindingModelMatches"":true,""profileReady"":false,""inferenceValid"":false,""sensorFault"":true},""lora"":{""beginState"":0,""lastTxState"":0,""lastTxOk"":false,""txSeq"":0,""txCounter"":0,""aesKeyProvisioned"":true,""aesKeyPresent"":true,""aesKeySource"":""nvs"",""keyId"":1,""lastDownlinkCommandId"":0,""freqMHz"":920,""bwKHz"":125,""sf"":7,""cr"":5,""syncWord"":18,""txPowerDbm"":17,""preamble"":8,""tcxoVoltage"":1.600000024,""xtalVoltage"":0},""dataset"":{""state"":""idle"",""step"":""idle"",""label"":"""",""seq"":0,""targetSamples"":0,""sampleIntervalMs"":500,""maxDurationMs"":0,""useFanIntake"":true,""fanOnMs"":1000,""postFanSettleMs"":0,""nullingProfileId"":9,""queuePending"":0,""queueCapacity"":16,""queueEnqueued"":0,""queueDropped"":0,""publishFailCount"":0,""retryCount"":0,""retryFailCount"":0,""rejectedSamples"":0,""lastRejectReason"":""none"",""lastRejectChannel"":-1,""lastRejectOkFiniteCount"":0,""lastRejectStatus"":255,""lastRejectGain"":0,""lastRejectSaturated"":false},""recovery"":{""wifiReconnectCount"":0,""wifiReconnectFailCount"":0,""mqttReconnectCount"":0,""mqttConnectFailCount"":0,""lastMqttState"":0,""adsRecoveryCount"":0,""adsRecoveryFailCount"":0,""adsReadFailStreak"":0,""lastReason"":""none"",""lastRecoveryMs"":0,""bootRecoveryArmed"":false,""bootRecoveryDueMs"":0,""bootRecoveryReason"":""none"",""bootRecoveryNonAdsFailure"":false,""bootRecoveryRestartCount"":0},""nulling"":{""done"":false,""retryArmed"":false,""attemptCount"":0,""nextRetryMs"":0,""thresholdV"":9.999999747E-06,""minFinalV"":0},""telemetry"":{""valid"":true,""sampleMs"":6628752,""gasClass"":6,""gasName"":""CO2"",""confidence"":0,""alarm"":false,""sensorVoltage"":[0.114659235,0.00394638,0.004897944,-0.002637968,-0.009348581,-0.011783733,-0.019866791,-0.025334951],""sensorGain"":[32,64,64,64,64,64,64,64],""sensorStatus"":[0,0,0,0,0,0,0,0],""featureOrder"":[""MQ8"",""MQ135"",""MQ3"",""MQ5"",""MQ4"",""MQ7"",""MQ6"",""MQ2""]},""alarmLatched"":false}"
2026-08-04 11:11:33.500 +07:00,252.379,HOT_SWEEP_70,70,700,300,1,0,0.114250496,0.003905966,0.004913679,-0.00262814,-0.009351337,-0.011778765,-0.019859865,-0.025286932,"{""deviceId"":""1001"",""nodeId"":4097,""targetChId"":""0010"",""mode"":""inference"",""uptimeMs"":6629837,""debugEnabled"":true,""power"":{""mode"":""24v"",""externalPower"":true,""batteryMv"":65535,""batteryValid"":false,""batteryDetected"":false,""batterySenseStatus"":""not_detected"",""batteryLow"":false,""batteryCritical"":false,""sourceAmbiguous"":false,""serviceHoldActive"":false,""serviceHoldEffective"":false},""batterySession"":{""state"":""inactive"",""startedMs"":0,""stateStartedMs"":0,""validSampleBatches"":0,""requiredSampleBatches"":10,""alarmTxAttempts"":0,""alarmTxAttemptLimit"":3,""alarmAckReceived"":false,""pendingAlarm"":false,""pendingSaveRequired"":false,""persistenceFaultHold"":false,""completionReason"":""session_done""},""bootHealth"":{""adsReady"":true,""adsDrdyLevel"":0,""adsDrdyPulldownLevel"":0,""adsDrdyPullupLevel"":0,""adsMisoPulldownLevel"":0,""adsMisoPullupLevel"":1,""adsCsLevel"":1,""adsSyncLevel"":1,""adsStatus"":54,""adsMux"":15,""adsAdcon"":6,""adsDrate"":240,""adsReason"":""ok"",""tcaOk"":true,""mcpOkCount"":8,""mcpOk"":[true,true,true,true,true,true,true,true],""mcpAddrMask"":[1,1,1,1,1,1,1,1],""mcpControlTested"":true,""mcpControlOkCount"":8,""mcpControlOk"":[true,true,true,true,true,true,true,true],""dacReady"":true,""radioReady"":true,""mlReady"":true,""nullingProfileApplied"":true,""modelProfileReady"":false},""runtimeMcpCode"":[255,519,795,706,799,865,665,139],""model"":{""profileId"":""cnn-dualbranch-datasheet-v1-unbound"",""scalerProfileId"":""cnn-dualbranch-datasheet-v1-unbound"",""productionApproved"":true,""boundNullingProfileId"":8,""activeNullingProfileId"":9,""bindingValid"":true,""bindingModelMatches"":true,""profileReady"":false,""inferenceValid"":false,""sensorFault"":true},""lora"":{""beginState"":0,""lastTxState"":0,""lastTxOk"":false,""txSeq"":0,""txCounter"":0,""aesKeyProvisioned"":true,""aesKeyPresent"":true,""aesKeySource"":""nvs"",""keyId"":1,""lastDownlinkCommandId"":0,""freqMHz"":920,""bwKHz"":125,""sf"":7,""cr"":5,""syncWord"":18,""txPowerDbm"":17,""preamble"":8,""tcxoVoltage"":1.600000024,""xtalVoltage"":0},""dataset"":{""state"":""idle"",""step"":""idle"",""label"":"""",""seq"":0,""targetSamples"":0,""sampleIntervalMs"":500,""maxDurationMs"":0,""useFanIntake"":true,""fanOnMs"":1000,""postFanSettleMs"":0,""nullingProfileId"":9,""queuePending"":0,""queueCapacity"":16,""queueEnqueued"":0,""queueDropped"":0,""publishFailCount"":0,""retryCount"":0,""retryFailCount"":0,""rejectedSamples"":0,""lastRejectReason"":""none"",""lastRejectChannel"":-1,""lastRejectOkFiniteCount"":0,""lastRejectStatus"":255,""lastRejectGain"":0,""lastRejectSaturated"":false},""recovery"":{""wifiReconnectCount"":0,""wifiReconnectFailCount"":0,""mqttReconnectCount"":0,""mqttConnectFailCount"":0,""lastMqttState"":0,""adsRecoveryCount"":0,""adsRecoveryFailCount"":0,""adsReadFailStreak"":0,""lastReason"":""none"",""lastRecoveryMs"":0,""bootRecoveryArmed"":false,""bootRecoveryDueMs"":0,""bootRecoveryReason"":""none"",""bootRecoveryNonAdsFailure"":false,""bootRecoveryRestartCount"":0},""nulling"":{""done"":false,""retryArmed"":false,""attemptCount"":0,""nextRetryMs"":0,""thresholdV"":9.999999747E-06,""minFinalV"":0},""telemetry"":{""valid"":true,""sampleMs"":6629429,""gasClass"":6,""gasName"":""CO2"",""confidence"":0,""alarm"":false,""sensorVoltage"":[0.114250496,0.003905966,0.004913679,-0.00262814,-0.009351337,-0.011778765,-0.019859865,-0.025286932],""sensorGain"":[32,64,64,64,64,64,64,64],""sensorStatus"":[0,0,0,0,0,0,0,0],""featureOrder"":[""MQ8"",""MQ135"",""MQ3"",""MQ5"",""MQ4"",""MQ7"",""MQ6"",""MQ2""]},""alarmLatched"":false}"
2026-08-04 11:11:34.190 +07:00,253.071,HOT_SWEEP_70,70,700,300,1,0,0.115072653,0.003924022,0.004863144,-0.002613449,-0.009372015,-0.011776501,-0.01990563,-0.025350552,"{""deviceId"":""1001"",""nodeId"":4097,""targetChId"":""0010"",""mode"":""inference"",""uptimeMs"":6630534,""debugEnabled"":true,""power"":{""mode"":""24v"",""externalPower"":true,""batteryMv"":65535,""batteryValid"":false,""batteryDetected"":false,""batterySenseStatus"":""not_detected"",""batteryLow"":false,""batteryCritical"":false,""sourceAmbiguous"":false,""serviceHoldActive"":false,""serviceHoldEffective"":false},""batterySession"":{""state"":""inactive"",""startedMs"":0,""stateStartedMs"":0,""validSampleBatches"":0,""requiredSampleBatches"":10,""alarmTxAttempts"":0,""alarmTxAttemptLimit"":3,""alarmAckReceived"":false,""pendingAlarm"":false,""pendingSaveRequired"":false,""persistenceFaultHold"":false,""completionReason"":""session_done""},""bootHealth"":{""adsReady"":true,""adsDrdyLevel"":0,""adsDrdyPulldownLevel"":0,""adsDrdyPullupLevel"":0,""adsMisoPulldownLevel"":0,""adsMisoPullupLevel"":1,""adsCsLevel"":1,""adsSyncLevel"":1,""adsStatus"":54,""adsMux"":15,""adsAdcon"":6,""adsDrate"":240,""adsReason"":""ok"",""tcaOk"":true,""mcpOkCount"":8,""mcpOk"":[true,true,true,true,true,true,true,true],""mcpAddrMask"":[1,1,1,1,1,1,1,1],""mcpControlTested"":true,""mcpControlOkCount"":8,""mcpControlOk"":[true,true,true,true,true,true,true,true],""dacReady"":true,""radioReady"":true,""mlReady"":true,""nullingProfileApplied"":true,""modelProfileReady"":false},""runtimeMcpCode"":[255,519,795,706,799,865,665,139],""model"":{""profileId"":""cnn-dualbranch-datasheet-v1-unbound"",""scalerProfileId"":""cnn-dualbranch-datasheet-v1-unbound"",""productionApproved"":true,""boundNullingProfileId"":8,""activeNullingProfileId"":9,""bindingValid"":true,""bindingModelMatches"":true,""profileReady"":false,""inferenceValid"":false,""sensorFault"":true},""lora"":{""beginState"":0,""lastTxState"":0,""lastTxOk"":false,""txSeq"":0,""txCounter"":0,""aesKeyProvisioned"":true,""aesKeyPresent"":true,""aesKeySource"":""nvs"",""keyId"":1,""lastDownlinkCommandId"":0,""freqMHz"":920,""bwKHz"":125,""sf"":7,""cr"":5,""syncWord"":18,""txPowerDbm"":17,""preamble"":8,""tcxoVoltage"":1.600000024,""xtalVoltage"":0},""dataset"":{""state"":""idle"",""step"":""idle"",""label"":"""",""seq"":0,""targetSamples"":0,""sampleIntervalMs"":500,""maxDurationMs"":0,""useFanIntake"":true,""fanOnMs"":1000,""postFanSettleMs"":0,""nullingProfileId"":9,""queuePending"":0,""queueCapacity"":16,""queueEnqueued"":0,""queueDropped"":0,""publishFailCount"":0,""retryCount"":0,""retryFailCount"":0,""rejectedSamples"":0,""lastRejectReason"":""none"",""lastRejectChannel"":-1,""lastRejectOkFiniteCount"":0,""lastRejectStatus"":255,""lastRejectGain"":0,""lastRejectSaturated"":false},""recovery"":{""wifiReconnectCount"":0,""wifiReconnectFailCount"":0,""mqttReconnectCount"":0,""mqttConnectFailCount"":0,""lastMqttState"":0,""adsRecoveryCount"":0,""adsRecoveryFailCount"":0,""adsReadFailStreak"":0,""lastReason"":""none"",""lastRecoveryMs"":0,""bootRecoveryArmed"":false,""bootRecoveryDueMs"":0,""bootRecoveryReason"":""none"",""bootRecoveryNonAdsFailure"":false,""bootRecoveryRestartCount"":0},""nulling"":{""done"":false,""retryArmed"":false,""attemptCount"":0,""nextRetryMs"":0,""thresholdV"":9.999999747E-06,""minFinalV"":0},""telemetry"":{""valid"":true,""sampleMs"":6630147,""gasClass"":6,""gasName"":""CO2"",""confidence"":0,""alarm"":false,""sensorVoltage"":[0.115072653,0.003924022,0.004863144,-0.002613449,-0.009372015,-0.011776501,-0.01990563,-0.025350552],""sensorGain"":[32,64,64,64,64,64,64,64],""sensorStatus"":[0,0,0,0,0,0,0,0],""featureOrder"":[""MQ8"",""MQ135"",""MQ3"",""MQ5"",""MQ4"",""MQ7"",""MQ6"",""MQ2""]},""alarmLatched"":false}"
2026-08-04 11:11:34.882 +07:00,253.763,HOT_SWEEP_70,70,700,300,1,0,0.114536881,0.003984224,0.004908756,-0.002644145,-0.009434796,-0.011832774,-0.019892823,-0.025340121,"{""deviceId"":""1001"",""nodeId"":4097,""targetChId"":""0010"",""mode"":""inference"",""uptimeMs"":6631217,""debugEnabled"":true,""power"":{""mode"":""24v"",""externalPower"":true,""batteryMv"":65535,""batteryValid"":false,""batteryDetected"":false,""batterySenseStatus"":""not_detected"",""batteryLow"":false,""batteryCritical"":false,""sourceAmbiguous"":false,""serviceHoldActive"":false,""serviceHoldEffective"":false},""batterySession"":{""state"":""inactive"",""startedMs"":0,""stateStartedMs"":0,""validSampleBatches"":0,""requiredSampleBatches"":10,""alarmTxAttempts"":0,""alarmTxAttemptLimit"":3,""alarmAckReceived"":false,""pendingAlarm"":false,""pendingSaveRequired"":false,""persistenceFaultHold"":false,""completionReason"":""session_done""},""bootHealth"":{""adsReady"":true,""adsDrdyLevel"":0,""adsDrdyPulldownLevel"":0,""adsDrdyPullupLevel"":0,""adsMisoPulldownLevel"":0,""adsMisoPullupLevel"":1,""adsCsLevel"":1,""adsSyncLevel"":1,""adsStatus"":54,""adsMux"":15,""adsAdcon"":6,""adsDrate"":240,""adsReason"":""ok"",""tcaOk"":true,""mcpOkCount"":8,""mcpOk"":[true,true,true,true,true,true,true,true],""mcpAddrMask"":[1,1,1,1,1,1,1,1],""mcpControlTested"":true,""mcpControlOkCount"":8,""mcpControlOk"":[true,true,true,true,true,true,true,true],""dacReady"":true,""radioReady"":true,""mlReady"":true,""nullingProfileApplied"":true,""modelProfileReady"":false},""runtimeMcpCode"":[255,519,795,706,799,865,665,139],""model"":{""profileId"":""cnn-dualbranch-datasheet-v1-unbound"",""scalerProfileId"":""cnn-dualbranch-datasheet-v1-unbound"",""productionApproved"":true,""boundNullingProfileId"":8,""activeNullingProfileId"":9,""bindingValid"":true,""bindingModelMatches"":true,""profileReady"":false,""inferenceValid"":false,""sensorFault"":true},""lora"":{""beginState"":0,""lastTxState"":0,""lastTxOk"":false,""txSeq"":0,""txCounter"":0,""aesKeyProvisioned"":true,""aesKeyPresent"":true,""aesKeySource"":""nvs"",""keyId"":1,""lastDownlinkCommandId"":0,""freqMHz"":920,""bwKHz"":125,""sf"":7,""cr"":5,""syncWord"":18,""txPowerDbm"":17,""preamble"":8,""tcxoVoltage"":1.600000024,""xtalVoltage"":0},""dataset"":{""state"":""idle"",""step"":""idle"",""label"":"""",""seq"":0,""targetSamples"":0,""sampleIntervalMs"":500,""maxDurationMs"":0,""useFanIntake"":true,""fanOnMs"":1000,""postFanSettleMs"":0,""nullingProfileId"":9,""queuePending"":0,""queueCapacity"":16,""queueEnqueued"":0,""queueDropped"":0,""publishFailCount"":0,""retryCount"":0,""retryFailCount"":0,""rejectedSamples"":0,""lastRejectReason"":""none"",""lastRejectChannel"":-1,""lastRejectOkFiniteCount"":0,""lastRejectStatus"":255,""lastRejectGain"":0,""lastRejectSaturated"":false},""recovery"":{""wifiReconnectCount"":0,""wifiReconnectFailCount"":0,""mqttReconnectCount"":0,""mqttConnectFailCount"":0,""lastMqttState"":0,""adsRecoveryCount"":0,""adsRecoveryFailCount"":0,""adsReadFailStreak"":0,""lastReason"":""none"",""lastRecoveryMs"":0,""bootRecoveryArmed"":false,""bootRecoveryDueMs"":0,""bootRecoveryReason"":""none"",""bootRecoveryNonAdsFailure"":false,""bootRecoveryRestartCount"":0},""nulling"":{""done"":false,""retryArmed"":false,""attemptCount"":0,""nextRetryMs"":0,""thresholdV"":9.999999747E-06,""minFinalV"":0},""telemetry"":{""valid"":true,""sampleMs"":6630812,""gasClass"":6,""gasName"":""CO2"",""confidence"":0,""alarm"":false,""sensorVoltage"":[0.114536881,0.003984224,0.004908756,-0.002644145,-0.009434796,-0.011832774,-0.019892823,-0.025340121],""sensorGain"":[32,64,64,64,64,64,64,64],""sensorStatus"":[0,0,0,0,0,0,0,0],""featureOrder"":[""MQ8"",""MQ135"",""MQ3"",""MQ5"",""MQ4"",""MQ7"",""MQ6"",""MQ2""]},""alarmLatched"":false}"
2026-08-04 11:11:35.577 +07:00,254.458,HOT_SWEEP_70,70,700,300,1,0,0.114251971,0.004013472,0.004872758,-0.002651286,-0.009452639,-0.011856849,-0.019909114,-0.025298154,"{""deviceId"":""1001"",""nodeId"":4097,""targetChId"":""0010"",""mode"":""inference"",""uptimeMs"":6631914,""debugEnabled"":true,""power"":{""mode"":""24v"",""externalPower"":true,""batteryMv"":65535,""batteryValid"":false,""batteryDetected"":false,""batterySenseStatus"":""not_detected"",""batteryLow"":false,""batteryCritical"":false,""sourceAmbiguous"":false,""serviceHoldActive"":false,""serviceHoldEffective"":false},""batterySession"":{""state"":""inactive"",""startedMs"":0,""stateStartedMs"":0,""validSampleBatches"":0,""requiredSampleBatches"":10,""alarmTxAttempts"":0,""alarmTxAttemptLimit"":3,""alarmAckReceived"":false,""pendingAlarm"":false,""pendingSaveRequired"":false,""persistenceFaultHold"":false,""completionReason"":""session_done""},""bootHealth"":{""adsReady"":true,""adsDrdyLevel"":0,""adsDrdyPulldownLevel"":0,""adsDrdyPullupLevel"":0,""adsMisoPulldownLevel"":0,""adsMisoPullupLevel"":1,""adsCsLevel"":1,""adsSyncLevel"":1,""adsStatus"":54,""adsMux"":15,""adsAdcon"":6,""adsDrate"":240,""adsReason"":""ok"",""tcaOk"":true,""mcpOkCount"":8,""mcpOk"":[true,true,true,true,true,true,true,true],""mcpAddrMask"":[1,1,1,1,1,1,1,1],""mcpControlTested"":true,""mcpControlOkCount"":8,""mcpControlOk"":[true,true,true,true,true,true,true,true],""dacReady"":true,""radioReady"":true,""mlReady"":true,""nullingProfileApplied"":true,""modelProfileReady"":false},""runtimeMcpCode"":[255,519,795,706,799,865,665,139],""model"":{""profileId"":""cnn-dualbranch-datasheet-v1-unbound"",""scalerProfileId"":""cnn-dualbranch-datasheet-v1-unbound"",""productionApproved"":true,""boundNullingProfileId"":8,""activeNullingProfileId"":9,""bindingValid"":true,""bindingModelMatches"":true,""profileReady"":false,""inferenceValid"":false,""sensorFault"":true},""lora"":{""beginState"":0,""lastTxState"":0,""lastTxOk"":false,""txSeq"":0,""txCounter"":0,""aesKeyProvisioned"":true,""aesKeyPresent"":true,""aesKeySource"":""nvs"",""keyId"":1,""lastDownlinkCommandId"":0,""freqMHz"":920,""bwKHz"":125,""sf"":7,""cr"":5,""syncWord"":18,""txPowerDbm"":17,""preamble"":8,""tcxoVoltage"":1.600000024,""xtalVoltage"":0},""dataset"":{""state"":""idle"",""step"":""idle"",""label"":"""",""seq"":0,""targetSamples"":0,""sampleIntervalMs"":500,""maxDurationMs"":0,""useFanIntake"":true,""fanOnMs"":1000,""postFanSettleMs"":0,""nullingProfileId"":9,""queuePending"":0,""queueCapacity"":16,""queueEnqueued"":0,""queueDropped"":0,""publishFailCount"":0,""retryCount"":0,""retryFailCount"":0,""rejectedSamples"":0,""lastRejectReason"":""none"",""lastRejectChannel"":-1,""lastRejectOkFiniteCount"":0,""lastRejectStatus"":255,""lastRejectGain"":0,""lastRejectSaturated"":false},""recovery"":{""wifiReconnectCount"":0,""wifiReconnectFailCount"":0,""mqttReconnectCount"":0,""mqttConnectFailCount"":0,""lastMqttState"":0,""adsRecoveryCount"":0,""adsRecoveryFailCount"":0,""adsReadFailStreak"":0,""lastReason"":""none"",""lastRecoveryMs"":0,""bootRecoveryArmed"":false,""bootRecoveryDueMs"":0,""bootRecoveryReason"":""none"",""bootRecoveryNonAdsFailure"":false,""bootRecoveryRestartCount"":0},""nulling"":{""done"":false,""retryArmed"":false,""attemptCount"":0,""nextRetryMs"":0,""thresholdV"":9.999999747E-06,""minFinalV"":0},""telemetry"":{""valid"":true,""sampleMs"":6631495,""gasClass"":6,""gasName"":""CO2"",""confidence"":0,""alarm"":false,""sensorVoltage"":[0.114251971,0.004013472,0.004872758,-0.002651286,-0.009452639,-0.011856849,-0.019909114,-0.025298154],""sensorGain"":[32,64,64,64,64,64,64,64],""sensorStatus"":[0,0,0,0,0,0,0,0],""featureOrder"":[""MQ8"",""MQ135"",""MQ3"",""MQ5"",""MQ4"",""MQ7"",""MQ6"",""MQ2""]},""alarmLatched"":false}"
2026-08-04 11:11:36.268 +07:00,255.137,HOT_SWEEP_70,70,700,300,1,0,0.114724614,0.004065512,0.004868734,-0.002607029,-0.009437928,-0.011776602,-0.019943703,-0.025358135,"{""deviceId"":""1001"",""nodeId"":4097,""targetChId"":""0010"",""mode"":""inference"",""uptimeMs"":6632604,""debugEnabled"":true,""power"":{""mode"":""24v"",""externalPower"":true,""batteryMv"":65535,""batteryValid"":false,""batteryDetected"":false,""batterySenseStatus"":""not_detected"",""batteryLow"":false,""batteryCritical"":false,""sourceAmbiguous"":false,""serviceHoldActive"":false,""serviceHoldEffective"":false},""batterySession"":{""state"":""inactive"",""startedMs"":0,""stateStartedMs"":0,""validSampleBatches"":0,""requiredSampleBatches"":10,""alarmTxAttempts"":0,""alarmTxAttemptLimit"":3,""alarmAckReceived"":false,""pendingAlarm"":false,""pendingSaveRequired"":false,""persistenceFaultHold"":false,""completionReason"":""session_done""},""bootHealth"":{""adsReady"":true,""adsDrdyLevel"":0,""adsDrdyPulldownLevel"":0,""adsDrdyPullupLevel"":0,""adsMisoPulldownLevel"":0,""adsMisoPullupLevel"":1,""adsCsLevel"":1,""adsSyncLevel"":1,""adsStatus"":54,""adsMux"":15,""adsAdcon"":6,""adsDrate"":240,""adsReason"":""ok"",""tcaOk"":true,""mcpOkCount"":8,""mcpOk"":[true,true,true,true,true,true,true,true],""mcpAddrMask"":[1,1,1,1,1,1,1,1],""mcpControlTested"":true,""mcpControlOkCount"":8,""mcpControlOk"":[true,true,true,true,true,true,true,true],""dacReady"":true,""radioReady"":true,""mlReady"":true,""nullingProfileApplied"":true,""modelProfileReady"":false},""runtimeMcpCode"":[255,519,795,706,799,865,665,139],""model"":{""profileId"":""cnn-dualbranch-datasheet-v1-unbound"",""scalerProfileId"":""cnn-dualbranch-datasheet-v1-unbound"",""productionApproved"":true,""boundNullingProfileId"":8,""activeNullingProfileId"":9,""bindingValid"":true,""bindingModelMatches"":true,""profileReady"":false,""inferenceValid"":false,""sensorFault"":true},""lora"":{""beginState"":0,""lastTxState"":0,""lastTxOk"":false,""txSeq"":0,""txCounter"":0,""aesKeyProvisioned"":true,""aesKeyPresent"":true,""aesKeySource"":""nvs"",""keyId"":1,""lastDownlinkCommandId"":0,""freqMHz"":920,""bwKHz"":125,""sf"":7,""cr"":5,""syncWord"":18,""txPowerDbm"":17,""preamble"":8,""tcxoVoltage"":1.600000024,""xtalVoltage"":0},""dataset"":{""state"":""idle"",""step"":""idle"",""label"":"""",""seq"":0,""targetSamples"":0,""sampleIntervalMs"":500,""maxDurationMs"":0,""useFanIntake"":true,""fanOnMs"":1000,""postFanSettleMs"":0,""nullingProfileId"":9,""queuePending"":0,""queueCapacity"":16,""queueEnqueued"":0,""queueDropped"":0,""publishFailCount"":0,""retryCount"":0,""retryFailCount"":0,""rejectedSamples"":0,""lastRejectReason"":""none"",""lastRejectChannel"":-1,""lastRejectOkFiniteCount"":0,""lastRejectStatus"":255,""lastRejectGain"":0,""lastRejectSaturated"":false},""recovery"":{""wifiReconnectCount"":0,""wifiReconnectFailCount"":0,""mqttReconnectCount"":0,""mqttConnectFailCount"":0,""lastMqttState"":0,""adsRecoveryCount"":0,""adsRecoveryFailCount"":0,""adsReadFailStreak"":0,""lastReason"":""none"",""lastRecoveryMs"":0,""bootRecoveryArmed"":false,""bootRecoveryDueMs"":0,""bootRecoveryReason"":""none"",""bootRecoveryNonAdsFailure"":false,""bootRecoveryRestartCount"":0},""nulling"":{""done"":false,""retryArmed"":false,""attemptCount"":0,""nextRetryMs"":0,""thresholdV"":9.999999747E-06,""minFinalV"":0},""telemetry"":{""valid"":true,""sampleMs"":6632224,""gasClass"":6,""gasName"":""CO2"",""confidence"":0,""alarm"":false,""sensorVoltage"":[0.114724614,0.004065512,0.004868734,-0.002607029,-0.009437928,-0.011776602,-0.019943703,-0.025358135],""sensorGain"":[32,64,64,64,64,64,64,64],""sensorStatus"":[0,0,0,0,0,0,0,0],""featureOrder"":[""MQ8"",""MQ135"",""MQ3"",""MQ5"",""MQ4"",""MQ7"",""MQ6"",""MQ2""]},""alarmLatched"":false}"
2026-08-04 11:11:36.963 +07:00,255.843,HOT_SWEEP_70,70,700,300,1,0,0.114737533,0.004090633,0.004872242,-0.002586139,-0.009462247,-0.011803557,-0.01995628,-0.025436318,"{""deviceId"":""1001"",""nodeId"":4097,""targetChId"":""0010"",""mode"":""inference"",""uptimeMs"":6633299,""debugEnabled"":true,""power"":{""mode"":""24v"",""externalPower"":true,""batteryMv"":65535,""batteryValid"":false,""batteryDetected"":false,""batterySenseStatus"":""not_detected"",""batteryLow"":false,""batteryCritical"":false,""sourceAmbiguous"":false,""serviceHoldActive"":false,""serviceHoldEffective"":false},""batterySession"":{""state"":""inactive"",""startedMs"":0,""stateStartedMs"":0,""validSampleBatches"":0,""requiredSampleBatches"":10,""alarmTxAttempts"":0,""alarmTxAttemptLimit"":3,""alarmAckReceived"":false,""pendingAlarm"":false,""pendingSaveRequired"":false,""persistenceFaultHold"":false,""completionReason"":""session_done""},""bootHealth"":{""adsReady"":true,""adsDrdyLevel"":0,""adsDrdyPulldownLevel"":0,""adsDrdyPullupLevel"":0,""adsMisoPulldownLevel"":0,""adsMisoPullupLevel"":1,""adsCsLevel"":1,""adsSyncLevel"":1,""adsStatus"":54,""adsMux"":15,""adsAdcon"":6,""adsDrate"":240,""adsReason"":""ok"",""tcaOk"":true,""mcpOkCount"":8,""mcpOk"":[true,true,true,true,true,true,true,true],""mcpAddrMask"":[1,1,1,1,1,1,1,1],""mcpControlTested"":true,""mcpControlOkCount"":8,""mcpControlOk"":[true,true,true,true,true,true,true,true],""dacReady"":true,""radioReady"":true,""mlReady"":true,""nullingProfileApplied"":true,""modelProfileReady"":false},""runtimeMcpCode"":[255,519,795,706,799,865,665,139],""model"":{""profileId"":""cnn-dualbranch-datasheet-v1-unbound"",""scalerProfileId"":""cnn-dualbranch-datasheet-v1-unbound"",""productionApproved"":true,""boundNullingProfileId"":8,""activeNullingProfileId"":9,""bindingValid"":true,""bindingModelMatches"":true,""profileReady"":false,""inferenceValid"":false,""sensorFault"":true},""lora"":{""beginState"":0,""lastTxState"":0,""lastTxOk"":false,""txSeq"":0,""txCounter"":0,""aesKeyProvisioned"":true,""aesKeyPresent"":true,""aesKeySource"":""nvs"",""keyId"":1,""lastDownlinkCommandId"":0,""freqMHz"":920,""bwKHz"":125,""sf"":7,""cr"":5,""syncWord"":18,""txPowerDbm"":17,""preamble"":8,""tcxoVoltage"":1.600000024,""xtalVoltage"":0},""dataset"":{""state"":""idle"",""step"":""idle"",""label"":"""",""seq"":0,""targetSamples"":0,""sampleIntervalMs"":500,""maxDurationMs"":0,""useFanIntake"":true,""fanOnMs"":1000,""postFanSettleMs"":0,""nullingProfileId"":9,""queuePending"":0,""queueCapacity"":16,""queueEnqueued"":0,""queueDropped"":0,""publishFailCount"":0,""retryCount"":0,""retryFailCount"":0,""rejectedSamples"":0,""lastRejectReason"":""none"",""lastRejectChannel"":-1,""lastRejectOkFiniteCount"":0,""lastRejectStatus"":255,""lastRejectGain"":0,""lastRejectSaturated"":false},""recovery"":{""wifiReconnectCount"":0,""wifiReconnectFailCount"":0,""mqttReconnectCount"":0,""mqttConnectFailCount"":0,""lastMqttState"":0,""adsRecoveryCount"":0,""adsRecoveryFailCount"":0,""adsReadFailStreak"":0,""lastReason"":""none"",""lastRecoveryMs"":0,""bootRecoveryArmed"":false,""bootRecoveryDueMs"":0,""bootRecoveryReason"":""none"",""bootRecoveryNonAdsFailure"":false,""bootRecoveryRestartCount"":0},""nulling"":{""done"":false,""retryArmed"":false,""attemptCount"":0,""nextRetryMs"":0,""thresholdV"":9.999999747E-06,""minFinalV"":0},""telemetry"":{""valid"":true,""sampleMs"":6632882,""gasClass"":6,""gasName"":""CO2"",""confidence"":0,""alarm"":false,""sensorVoltage"":[0.114737533,0.004090633,0.004872242,-0.002586139,-0.009462247,-0.011803557,-0.01995628,-0.025436318],""sensorGain"":[32,64,64,64,64,64,64,64],""sensorStatus"":[0,0,0,0,0,0,0,0],""featureOrder"":[""MQ8"",""MQ135"",""MQ3"",""MQ5"",""MQ4"",""MQ7"",""MQ6"",""MQ2""]},""alarmLatched"":false}"
2026-08-04 11:11:37.654 +07:00,256.530,HOT_SWEEP_70,70,700,300,1,0,0.114346527,0.004080034,0.004862966,-0.002611826,-0.009481178,-0.011813648,-0.019952752,-0.025533194,"{""deviceId"":""1001"",""nodeId"":4097,""targetChId"":""0010"",""mode"":""inference"",""uptimeMs"":6633985,""debugEnabled"":true,""power"":{""mode"":""24v"",""externalPower"":true,""batteryMv"":65535,""batteryValid"":false,""batteryDetected"":false,""batterySenseStatus"":""not_detected"",""batteryLow"":false,""batteryCritical"":false,""sourceAmbiguous"":false,""serviceHoldActive"":false,""serviceHoldEffective"":false},""batterySession"":{""state"":""inactive"",""startedMs"":0,""stateStartedMs"":0,""validSampleBatches"":0,""requiredSampleBatches"":10,""alarmTxAttempts"":0,""alarmTxAttemptLimit"":3,""alarmAckReceived"":false,""pendingAlarm"":false,""pendingSaveRequired"":false,""persistenceFaultHold"":false,""completionReason"":""session_done""},""bootHealth"":{""adsReady"":true,""adsDrdyLevel"":0,""adsDrdyPulldownLevel"":0,""adsDrdyPullupLevel"":0,""adsMisoPulldownLevel"":0,""adsMisoPullupLevel"":1,""adsCsLevel"":1,""adsSyncLevel"":1,""adsStatus"":54,""adsMux"":15,""adsAdcon"":6,""adsDrate"":240,""adsReason"":""ok"",""tcaOk"":true,""mcpOkCount"":8,""mcpOk"":[true,true,true,true,true,true,true,true],""mcpAddrMask"":[1,1,1,1,1,1,1,1],""mcpControlTested"":true,""mcpControlOkCount"":8,""mcpControlOk"":[true,true,true,true,true,true,true,true],""dacReady"":true,""radioReady"":true,""mlReady"":true,""nullingProfileApplied"":true,""modelProfileReady"":false},""runtimeMcpCode"":[255,519,795,706,799,865,665,139],""model"":{""profileId"":""cnn-dualbranch-datasheet-v1-unbound"",""scalerProfileId"":""cnn-dualbranch-datasheet-v1-unbound"",""productionApproved"":true,""boundNullingProfileId"":8,""activeNullingProfileId"":9,""bindingValid"":true,""bindingModelMatches"":true,""profileReady"":false,""inferenceValid"":false,""sensorFault"":true},""lora"":{""beginState"":0,""lastTxState"":0,""lastTxOk"":false,""txSeq"":0,""txCounter"":0,""aesKeyProvisioned"":true,""aesKeyPresent"":true,""aesKeySource"":""nvs"",""keyId"":1,""lastDownlinkCommandId"":0,""freqMHz"":920,""bwKHz"":125,""sf"":7,""cr"":5,""syncWord"":18,""txPowerDbm"":17,""preamble"":8,""tcxoVoltage"":1.600000024,""xtalVoltage"":0},""dataset"":{""state"":""idle"",""step"":""idle"",""label"":"""",""seq"":0,""targetSamples"":0,""sampleIntervalMs"":500,""maxDurationMs"":0,""useFanIntake"":true,""fanOnMs"":1000,""postFanSettleMs"":0,""nullingProfileId"":9,""queuePending"":0,""queueCapacity"":16,""queueEnqueued"":0,""queueDropped"":0,""publishFailCount"":0,""retryCount"":0,""retryFailCount"":0,""rejectedSamples"":0,""lastRejectReason"":""none"",""lastRejectChannel"":-1,""lastRejectOkFiniteCount"":0,""lastRejectStatus"":255,""lastRejectGain"":0,""lastRejectSaturated"":false},""recovery"":{""wifiReconnectCount"":0,""wifiReconnectFailCount"":0,""mqttReconnectCount"":0,""mqttConnectFailCount"":0,""lastMqttState"":0,""adsRecoveryCount"":0,""adsRecoveryFailCount"":0,""adsReadFailStreak"":0,""lastReason"":""none"",""lastRecoveryMs"":0,""bootRecoveryArmed"":false,""bootRecoveryDueMs"":0,""bootRecoveryReason"":""none"",""bootRecoveryNonAdsFailure"":false,""bootRecoveryRestartCount"":0},""nulling"":{""done"":false,""retryArmed"":false,""attemptCount"":0,""nextRetryMs"":0,""thresholdV"":9.999999747E-06,""minFinalV"":0},""telemetry"":{""valid"":true,""sampleMs"":6633577,""gasClass"":6,""gasName"":""CO2"",""confidence"":0,""alarm"":false,""sensorVoltage"":[0.114346527,0.004080034,0.004862966,-0.002611826,-0.009481178,-0.011813648,-0.019952752,-0.025533194],""sensorGain"":[32,64,64,64,64,64,64,64],""sensorStatus"":[0,0,0,0,0,0,0,0],""featureOrder"":[""MQ8"",""MQ135"",""MQ3"",""MQ5"",""MQ4"",""MQ7"",""MQ6"",""MQ2""]},""alarmLatched"":false}"
2026-08-04 11:11:38.339 +07:00,257.221,HOT_SWEEP_70,70,700,300,1,0,0.114385881,0.004077457,0.004791406,-0.00263165,-0.009474522,-0.011814168,-0.019961279,-0.025575137,"{""deviceId"":""1001"",""nodeId"":4097,""targetChId"":""0010"",""mode"":""inference"",""uptimeMs"":6634680,""debugEnabled"":true,""power"":{""mode"":""24v"",""externalPower"":true,""batteryMv"":65535,""batteryValid"":false,""batteryDetected"":false,""batterySenseStatus"":""not_detected"",""batteryLow"":false,""batteryCritical"":false,""sourceAmbiguous"":false,""serviceHoldActive"":false,""serviceHoldEffective"":false},""batterySession"":{""state"":""inactive"",""startedMs"":0,""stateStartedMs"":0,""validSampleBatches"":0,""requiredSampleBatches"":10,""alarmTxAttempts"":0,""alarmTxAttemptLimit"":3,""alarmAckReceived"":false,""pendingAlarm"":false,""pendingSaveRequired"":false,""persistenceFaultHold"":false,""completionReason"":""session_done""},""bootHealth"":{""adsReady"":true,""adsDrdyLevel"":0,""adsDrdyPulldownLevel"":0,""adsDrdyPullupLevel"":0,""adsMisoPulldownLevel"":0,""adsMisoPullupLevel"":1,""adsCsLevel"":1,""adsSyncLevel"":1,""adsStatus"":54,""adsMux"":15,""adsAdcon"":6,""adsDrate"":240,""adsReason"":""ok"",""tcaOk"":true,""mcpOkCount"":8,""mcpOk"":[true,true,true,true,true,true,true,true],""mcpAddrMask"":[1,1,1,1,1,1,1,1],""mcpControlTested"":true,""mcpControlOkCount"":8,""mcpControlOk"":[true,true,true,true,true,true,true,true],""dacReady"":true,""radioReady"":true,""mlReady"":true,""nullingProfileApplied"":true,""modelProfileReady"":false},""runtimeMcpCode"":[255,519,795,706,799,865,665,139],""model"":{""profileId"":""cnn-dualbranch-datasheet-v1-unbound"",""scalerProfileId"":""cnn-dualbranch-datasheet-v1-unbound"",""productionApproved"":true,""boundNullingProfileId"":8,""activeNullingProfileId"":9,""bindingValid"":true,""bindingModelMatches"":true,""profileReady"":false,""inferenceValid"":false,""sensorFault"":true},""lora"":{""beginState"":0,""lastTxState"":0,""lastTxOk"":false,""txSeq"":0,""txCounter"":0,""aesKeyProvisioned"":true,""aesKeyPresent"":true,""aesKeySource"":""nvs"",""keyId"":1,""lastDownlinkCommandId"":0,""freqMHz"":920,""bwKHz"":125,""sf"":7,""cr"":5,""syncWord"":18,""txPowerDbm"":17,""preamble"":8,""tcxoVoltage"":1.600000024,""xtalVoltage"":0},""dataset"":{""state"":""idle"",""step"":""idle"",""label"":"""",""seq"":0,""targetSamples"":0,""sampleIntervalMs"":500,""maxDurationMs"":0,""useFanIntake"":true,""fanOnMs"":1000,""postFanSettleMs"":0,""nullingProfileId"":9,""queuePending"":0,""queueCapacity"":16,""queueEnqueued"":0,""queueDropped"":0,""publishFailCount"":0,""retryCount"":0,""retryFailCount"":0,""rejectedSamples"":0,""lastRejectReason"":""none"",""lastRejectChannel"":-1,""lastRejectOkFiniteCount"":0,""lastRejectStatus"":255,""lastRejectGain"":0,""lastRejectSaturated"":false},""recovery"":{""wifiReconnectCount"":0,""wifiReconnectFailCount"":0,""mqttReconnectCount"":0,""mqttConnectFailCount"":0,""lastMqttState"":0,""adsRecoveryCount"":0,""adsRecoveryFailCount"":0,""adsReadFailStreak"":0,""lastReason"":""none"",""lastRecoveryMs"":0,""bootRecoveryArmed"":false,""bootRecoveryDueMs"":0,""bootRecoveryReason"":""none"",""bootRecoveryNonAdsFailure"":false,""bootRecoveryRestartCount"":0},""nulling"":{""done"":false,""retryArmed"":false,""attemptCount"":0,""nextRetryMs"":0,""thresholdV"":9.999999747E-06,""minFinalV"":0},""telemetry"":{""valid"":true,""sampleMs"":6634295,""gasClass"":6,""gasName"":""CO2"",""confidence"":0,""alarm"":false,""sensorVoltage"":[0.114385881,0.004077457,0.004791406,-0.00263165,-0.009474522,-0.011814168,-0.019961279,-0.025575137],""sensorGain"":[32,64,64,64,64,64,64,64],""sensorStatus"":[0,0,0,0,0,0,0,0],""featureOrder"":[""MQ8"",""MQ135"",""MQ3"",""MQ5"",""MQ4"",""MQ7"",""MQ6"",""MQ2""]},""alarmLatched"":false}"
2026-08-04 11:11:39.021 +07:00,257.902,HOT_SWEEP_70,70,700,300,1,0,0.115050301,0.003999547,0.004776373,-0.002653379,-0.00944435,-0.011550284,-0.019504081,-0.025110077,"{""deviceId"":""1001"",""nodeId"":4097,""targetChId"":""0010"",""mode"":""inference"",""uptimeMs"":6635367,""debugEnabled"":true,""power"":{""mode"":""24v"",""externalPower"":true,""batteryMv"":65535,""batteryValid"":false,""batteryDetected"":false,""batterySenseStatus"":""not_detected"",""batteryLow"":false,""batteryCritical"":false,""sourceAmbiguous"":false,""serviceHoldActive"":false,""serviceHoldEffective"":false},""batterySession"":{""state"":""inactive"",""startedMs"":0,""stateStartedMs"":0,""validSampleBatches"":0,""requiredSampleBatches"":10,""alarmTxAttempts"":0,""alarmTxAttemptLimit"":3,""alarmAckReceived"":false,""pendingAlarm"":false,""pendingSaveRequired"":false,""persistenceFaultHold"":false,""completionReason"":""session_done""},""bootHealth"":{""adsReady"":true,""adsDrdyLevel"":0,""adsDrdyPulldownLevel"":0,""adsDrdyPullupLevel"":0,""adsMisoPulldownLevel"":0,""adsMisoPullupLevel"":1,""adsCsLevel"":1,""adsSyncLevel"":1,""adsStatus"":54,""adsMux"":15,""adsAdcon"":6,""adsDrate"":240,""adsReason"":""ok"",""tcaOk"":true,""mcpOkCount"":8,""mcpOk"":[true,true,true,true,true,true,true,true],""mcpAddrMask"":[1,1,1,1,1,1,1,1],""mcpControlTested"":true,""mcpControlOkCount"":8,""mcpControlOk"":[true,true,true,true,true,true,true,true],""dacReady"":true,""radioReady"":true,""mlReady"":true,""nullingProfileApplied"":true,""modelProfileReady"":false},""runtimeMcpCode"":[255,519,795,706,799,865,665,139],""model"":{""profileId"":""cnn-dualbranch-datasheet-v1-unbound"",""scalerProfileId"":""cnn-dualbranch-datasheet-v1-unbound"",""productionApproved"":true,""boundNullingProfileId"":8,""activeNullingProfileId"":9,""bindingValid"":true,""bindingModelMatches"":true,""profileReady"":false,""inferenceValid"":false,""sensorFault"":true},""lora"":{""beginState"":0,""lastTxState"":0,""lastTxOk"":false,""txSeq"":0,""txCounter"":0,""aesKeyProvisioned"":true,""aesKeyPresent"":true,""aesKeySource"":""nvs"",""keyId"":1,""lastDownlinkCommandId"":0,""freqMHz"":920,""bwKHz"":125,""sf"":7,""cr"":5,""syncWord"":18,""txPowerDbm"":17,""preamble"":8,""tcxoVoltage"":1.600000024,""xtalVoltage"":0},""dataset"":{""state"":""idle"",""step"":""idle"",""label"":"""",""seq"":0,""targetSamples"":0,""sampleIntervalMs"":500,""maxDurationMs"":0,""useFanIntake"":true,""fanOnMs"":1000,""postFanSettleMs"":0,""nullingProfileId"":9,""queuePending"":0,""queueCapacity"":16,""queueEnqueued"":0,""queueDropped"":0,""publishFailCount"":0,""retryCount"":0,""retryFailCount"":0,""rejectedSamples"":0,""lastRejectReason"":""none"",""lastRejectChannel"":-1,""lastRejectOkFiniteCount"":0,""lastRejectStatus"":255,""lastRejectGain"":0,""lastRejectSaturated"":false},""recovery"":{""wifiReconnectCount"":0,""wifiReconnectFailCount"":0,""mqttReconnectCount"":0,""mqttConnectFailCount"":0,""lastMqttState"":0,""adsRecoveryCount"":0,""adsRecoveryFailCount"":0,""adsReadFailStreak"":0,""lastReason"":""none"",""lastRecoveryMs"":0,""bootRecoveryArmed"":false,""bootRecoveryDueMs"":0,""bootRecoveryReason"":""none"",""bootRecoveryNonAdsFailure"":false,""bootRecoveryRestartCount"":0},""nulling"":{""done"":false,""retryArmed"":false,""attemptCount"":0,""nextRetryMs"":0,""thresholdV"":9.999999747E-06,""minFinalV"":0},""telemetry"":{""valid"":true,""sampleMs"":6634958,""gasClass"":6,""gasName"":""CO2"",""confidence"":0,""alarm"":false,""sensorVoltage"":[0.115050301,0.003999547,0.004776373,-0.002653379,-0.00944435,-0.011550284,-0.019504081,-0.025110077],""sensorGain"":[32,64,64,64,64,64,64,64],""sensorStatus"":[0,0,0,0,0,0,0,0],""featureOrder"":[""MQ8"",""MQ135"",""MQ3"",""MQ5"",""MQ4"",""MQ7"",""MQ6"",""MQ2""]},""alarmLatched"":false}"
2026-08-04 11:11:39.707 +07:00,258.588,HOT_SWEEP_70,70,700,300,1,0,0.114663742,0.004000762,0.004800928,-0.002625467,-0.009469381,-0.011574527,-0.019515013,-0.02559172,"{""deviceId"":""1001"",""nodeId"":4097,""targetChId"":""0010"",""mode"":""inference"",""uptimeMs"":6636048,""debugEnabled"":true,""power"":{""mode"":""24v"",""externalPower"":true,""batteryMv"":65535,""batteryValid"":false,""batteryDetected"":false,""batterySenseStatus"":""not_detected"",""batteryLow"":false,""batteryCritical"":false,""sourceAmbiguous"":false,""serviceHoldActive"":false,""serviceHoldEffective"":false},""batterySession"":{""state"":""inactive"",""startedMs"":0,""stateStartedMs"":0,""validSampleBatches"":0,""requiredSampleBatches"":10,""alarmTxAttempts"":0,""alarmTxAttemptLimit"":3,""alarmAckReceived"":false,""pendingAlarm"":false,""pendingSaveRequired"":false,""persistenceFaultHold"":false,""completionReason"":""session_done""},""bootHealth"":{""adsReady"":true,""adsDrdyLevel"":0,""adsDrdyPulldownLevel"":0,""adsDrdyPullupLevel"":0,""adsMisoPulldownLevel"":0,""adsMisoPullupLevel"":1,""adsCsLevel"":1,""adsSyncLevel"":1,""adsStatus"":54,""adsMux"":15,""adsAdcon"":6,""adsDrate"":240,""adsReason"":""ok"",""tcaOk"":true,""mcpOkCount"":8,""mcpOk"":[true,true,true,true,true,true,true,true],""mcpAddrMask"":[1,1,1,1,1,1,1,1],""mcpControlTested"":true,""mcpControlOkCount"":8,""mcpControlOk"":[true,true,true,true,true,true,true,true],""dacReady"":true,""radioReady"":true,""mlReady"":true,""nullingProfileApplied"":true,""modelProfileReady"":false},""runtimeMcpCode"":[255,519,795,706,799,865,665,139],""model"":{""profileId"":""cnn-dualbranch-datasheet-v1-unbound"",""scalerProfileId"":""cnn-dualbranch-datasheet-v1-unbound"",""productionApproved"":true,""boundNullingProfileId"":8,""activeNullingProfileId"":9,""bindingValid"":true,""bindingModelMatches"":true,""profileReady"":false,""inferenceValid"":false,""sensorFault"":true},""lora"":{""beginState"":0,""lastTxState"":0,""lastTxOk"":false,""txSeq"":0,""txCounter"":0,""aesKeyProvisioned"":true,""aesKeyPresent"":true,""aesKeySource"":""nvs"",""keyId"":1,""lastDownlinkCommandId"":0,""freqMHz"":920,""bwKHz"":125,""sf"":7,""cr"":5,""syncWord"":18,""txPowerDbm"":17,""preamble"":8,""tcxoVoltage"":1.600000024,""xtalVoltage"":0},""dataset"":{""state"":""idle"",""step"":""idle"",""label"":"""",""seq"":0,""targetSamples"":0,""sampleIntervalMs"":500,""maxDurationMs"":0,""useFanIntake"":true,""fanOnMs"":1000,""postFanSettleMs"":0,""nullingProfileId"":9,""queuePending"":0,""queueCapacity"":16,""queueEnqueued"":0,""queueDropped"":0,""publishFailCount"":0,""retryCount"":0,""retryFailCount"":0,""rejectedSamples"":0,""lastRejectReason"":""none"",""lastRejectChannel"":-1,""lastRejectOkFiniteCount"":0,""lastRejectStatus"":255,""lastRejectGain"":0,""lastRejectSaturated"":false},""recovery"":{""wifiReconnectCount"":0,""wifiReconnectFailCount"":0,""mqttReconnectCount"":0,""mqttConnectFailCount"":0,""lastMqttState"":0,""adsRecoveryCount"":0,""adsRecoveryFailCount"":0,""adsReadFailStreak"":0,""lastReason"":""none"",""lastRecoveryMs"":0,""bootRecoveryArmed"":false,""bootRecoveryDueMs"":0,""bootRecoveryReason"":""none"",""bootRecoveryNonAdsFailure"":false,""bootRecoveryRestartCount"":0},""nulling"":{""done"":false,""retryArmed"":false,""attemptCount"":0,""nextRetryMs"":0,""thresholdV"":9.999999747E-06,""minFinalV"":0},""telemetry"":{""valid"":true,""sampleMs"":6635645,""gasClass"":6,""gasName"":""CO2"",""confidence"":0,""alarm"":false,""sensorVoltage"":[0.114663742,0.004000762,0.004800928,-0.002625467,-0.009469381,-0.011574527,-0.019515013,-0.02559172],""sensorGain"":[32,64,64,64,64,64,64,64],""sensorStatus"":[0,0,0,0,0,0,0,0],""featureOrder"":[""MQ8"",""MQ135"",""MQ3"",""MQ5"",""MQ4"",""MQ7"",""MQ6"",""MQ2""]},""alarmLatched"":false}"
2026-08-04 11:11:40.387 +07:00,259.268,HOT_SWEEP_70,70,700,300,1,0,0.114447713,0.004026916,0.004792303,-0.002652715,-0.009472276,-0.011581229,-0.01953234,-0.02562367,"{""deviceId"":""1001"",""nodeId"":4097,""targetChId"":""0010"",""mode"":""inference"",""uptimeMs"":6636734,""debugEnabled"":true,""power"":{""mode"":""24v"",""externalPower"":true,""batteryMv"":65535,""batteryValid"":false,""batteryDetected"":false,""batterySenseStatus"":""not_detected"",""batteryLow"":false,""batteryCritical"":false,""sourceAmbiguous"":false,""serviceHoldActive"":false,""serviceHoldEffective"":false},""batterySession"":{""state"":""inactive"",""startedMs"":0,""stateStartedMs"":0,""validSampleBatches"":0,""requiredSampleBatches"":10,""alarmTxAttempts"":0,""alarmTxAttemptLimit"":3,""alarmAckReceived"":false,""pendingAlarm"":false,""pendingSaveRequired"":false,""persistenceFaultHold"":false,""completionReason"":""session_done""},""bootHealth"":{""adsReady"":true,""adsDrdyLevel"":0,""adsDrdyPulldownLevel"":0,""adsDrdyPullupLevel"":0,""adsMisoPulldownLevel"":0,""adsMisoPullupLevel"":1,""adsCsLevel"":1,""adsSyncLevel"":1,""adsStatus"":54,""adsMux"":15,""adsAdcon"":6,""adsDrate"":240,""adsReason"":""ok"",""tcaOk"":true,""mcpOkCount"":8,""mcpOk"":[true,true,true,true,true,true,true,true],""mcpAddrMask"":[1,1,1,1,1,1,1,1],""mcpControlTested"":true,""mcpControlOkCount"":8,""mcpControlOk"":[true,true,true,true,true,true,true,true],""dacReady"":true,""radioReady"":true,""mlReady"":true,""nullingProfileApplied"":true,""modelProfileReady"":false},""runtimeMcpCode"":[255,519,795,706,799,865,665,139],""model"":{""profileId"":""cnn-dualbranch-datasheet-v1-unbound"",""scalerProfileId"":""cnn-dualbranch-datasheet-v1-unbound"",""productionApproved"":true,""boundNullingProfileId"":8,""activeNullingProfileId"":9,""bindingValid"":true,""bindingModelMatches"":true,""profileReady"":false,""inferenceValid"":false,""sensorFault"":true},""lora"":{""beginState"":0,""lastTxState"":0,""lastTxOk"":false,""txSeq"":0,""txCounter"":0,""aesKeyProvisioned"":true,""aesKeyPresent"":true,""aesKeySource"":""nvs"",""keyId"":1,""lastDownlinkCommandId"":0,""freqMHz"":920,""bwKHz"":125,""sf"":7,""cr"":5,""syncWord"":18,""txPowerDbm"":17,""preamble"":8,""tcxoVoltage"":1.600000024,""xtalVoltage"":0},""dataset"":{""state"":""idle"",""step"":""idle"",""label"":"""",""seq"":0,""targetSamples"":0,""sampleIntervalMs"":500,""maxDurationMs"":0,""useFanIntake"":true,""fanOnMs"":1000,""postFanSettleMs"":0,""nullingProfileId"":9,""queuePending"":0,""queueCapacity"":16,""queueEnqueued"":0,""queueDropped"":0,""publishFailCount"":0,""retryCount"":0,""retryFailCount"":0,""rejectedSamples"":0,""lastRejectReason"":""none"",""lastRejectChannel"":-1,""lastRejectOkFiniteCount"":0,""lastRejectStatus"":255,""lastRejectGain"":0,""lastRejectSaturated"":false},""recovery"":{""wifiReconnectCount"":0,""wifiReconnectFailCount"":0,""mqttReconnectCount"":0,""mqttConnectFailCount"":0,""lastMqttState"":0,""adsRecoveryCount"":0,""adsRecoveryFailCount"":0,""adsReadFailStreak"":0,""lastReason"":""none"",""lastRecoveryMs"":0,""bootRecoveryArmed"":false,""bootRecoveryDueMs"":0,""bootRecoveryReason"":""none"",""bootRecoveryNonAdsFailure"":false,""bootRecoveryRestartCount"":0},""nulling"":{""done"":false,""retryArmed"":false,""attemptCount"":0,""nextRetryMs"":0,""thresholdV"":9.999999747E-06,""minFinalV"":0},""telemetry"":{""valid"":true,""sampleMs"":6636358,""gasClass"":6,""gasName"":""CO2"",""confidence"":0,""alarm"":false,""sensorVoltage"":[0.114447713,0.004026916,0.004792303,-0.002652715,-0.009472276,-0.011581229,-0.01953234,-0.02562367],""sensorGain"":[32,64,64,64,64,64,64,64],""sensorStatus"":[0,0,0,0,0,0,0,0],""featureOrder"":[""MQ8"",""MQ135"",""MQ3"",""MQ5"",""MQ4"",""MQ7"",""MQ6"",""MQ2""]},""alarmLatched"":false}"
2026-08-04 11:11:41.071 +07:00,259.952,HOT_SWEEP_70,70,700,300,1,0,0.115310848,0.00398107,0.004785762,-0.002618273,-0.009258199,-0.011299001,-0.019159917,-0.025109151,"{""deviceId"":""1001"",""nodeId"":4097,""targetChId"":""0010"",""mode"":""inference"",""uptimeMs"":6637413,""debugEnabled"":true,""power"":{""mode"":""24v"",""externalPower"":true,""batteryMv"":65535,""batteryValid"":false,""batteryDetected"":false,""batterySenseStatus"":""not_detected"",""batteryLow"":false,""batteryCritical"":false,""sourceAmbiguous"":false,""serviceHoldActive"":false,""serviceHoldEffective"":false},""batterySession"":{""state"":""inactive"",""startedMs"":0,""stateStartedMs"":0,""validSampleBatches"":0,""requiredSampleBatches"":10,""alarmTxAttempts"":0,""alarmTxAttemptLimit"":3,""alarmAckReceived"":false,""pendingAlarm"":false,""pendingSaveRequired"":false,""persistenceFaultHold"":false,""completionReason"":""session_done""},""bootHealth"":{""adsReady"":true,""adsDrdyLevel"":0,""adsDrdyPulldownLevel"":0,""adsDrdyPullupLevel"":0,""adsMisoPulldownLevel"":0,""adsMisoPullupLevel"":1,""adsCsLevel"":1,""adsSyncLevel"":1,""adsStatus"":54,""adsMux"":15,""adsAdcon"":6,""adsDrate"":240,""adsReason"":""ok"",""tcaOk"":true,""mcpOkCount"":8,""mcpOk"":[true,true,true,true,true,true,true,true],""mcpAddrMask"":[1,1,1,1,1,1,1,1],""mcpControlTested"":true,""mcpControlOkCount"":8,""mcpControlOk"":[true,true,true,true,true,true,true,true],""dacReady"":true,""radioReady"":true,""mlReady"":true,""nullingProfileApplied"":true,""modelProfileReady"":false},""runtimeMcpCode"":[255,519,795,706,799,865,665,139],""model"":{""profileId"":""cnn-dualbranch-datasheet-v1-unbound"",""scalerProfileId"":""cnn-dualbranch-datasheet-v1-unbound"",""productionApproved"":true,""boundNullingProfileId"":8,""activeNullingProfileId"":9,""bindingValid"":true,""bindingModelMatches"":true,""profileReady"":false,""inferenceValid"":false,""sensorFault"":true},""lora"":{""beginState"":0,""lastTxState"":0,""lastTxOk"":false,""txSeq"":0,""txCounter"":0,""aesKeyProvisioned"":true,""aesKeyPresent"":true,""aesKeySource"":""nvs"",""keyId"":1,""lastDownlinkCommandId"":0,""freqMHz"":920,""bwKHz"":125,""sf"":7,""cr"":5,""syncWord"":18,""txPowerDbm"":17,""preamble"":8,""tcxoVoltage"":1.600000024,""xtalVoltage"":0},""dataset"":{""state"":""idle"",""step"":""idle"",""label"":"""",""seq"":0,""targetSamples"":0,""sampleIntervalMs"":500,""maxDurationMs"":0,""useFanIntake"":true,""fanOnMs"":1000,""postFanSettleMs"":0,""nullingProfileId"":9,""queuePending"":0,""queueCapacity"":16,""queueEnqueued"":0,""queueDropped"":0,""publishFailCount"":0,""retryCount"":0,""retryFailCount"":0,""rejectedSamples"":0,""lastRejectReason"":""none"",""lastRejectChannel"":-1,""lastRejectOkFiniteCount"":0,""lastRejectStatus"":255,""lastRejectGain"":0,""lastRejectSaturated"":false},""recovery"":{""wifiReconnectCount"":0,""wifiReconnectFailCount"":0,""mqttReconnectCount"":0,""mqttConnectFailCount"":0,""lastMqttState"":0,""adsRecoveryCount"":0,""adsRecoveryFailCount"":0,""adsReadFailStreak"":0,""lastReason"":""none"",""lastRecoveryMs"":0,""bootRecoveryArmed"":false,""bootRecoveryDueMs"":0,""bootRecoveryReason"":""none"",""bootRecoveryNonAdsFailure"":false,""bootRecoveryRestartCount"":0},""nulling"":{""done"":false,""retryArmed"":false,""attemptCount"":0,""nextRetryMs"":0,""thresholdV"":9.999999747E-06,""minFinalV"":0},""telemetry"":{""valid"":true,""sampleMs"":6637012,""gasClass"":6,""gasName"":""CO2"",""confidence"":0,""alarm"":false,""sensorVoltage"":[0.115310848,0.00398107,0.004785762,-0.002618273,-0.009258199,-0.011299001,-0.019159917,-0.025109151],""sensorGain"":[32,64,64,64,64,64,64,64],""sensorStatus"":[0,0,0,0,0,0,0,0],""featureOrder"":[""MQ8"",""MQ135"",""MQ3"",""MQ5"",""MQ4"",""MQ7"",""MQ6"",""MQ2""]},""alarmLatched"":false}"
2026-08-04 11:11:41.760 +07:00,260.641,HOT_SWEEP_70,70,700,300,1,0,0.114649691,0.003975063,0.004780456,-0.002624861,-0.009404571,-0.011550226,-0.019495094,-0.025532648,"{""deviceId"":""1001"",""nodeId"":4097,""targetChId"":""0010"",""mode"":""inference"",""uptimeMs"":6638098,""debugEnabled"":true,""power"":{""mode"":""24v"",""externalPower"":true,""batteryMv"":65535,""batteryValid"":false,""batteryDetected"":false,""batterySenseStatus"":""not_detected"",""batteryLow"":false,""batteryCritical"":false,""sourceAmbiguous"":false,""serviceHoldActive"":false,""serviceHoldEffective"":false},""batterySession"":{""state"":""inactive"",""startedMs"":0,""stateStartedMs"":0,""validSampleBatches"":0,""requiredSampleBatches"":10,""alarmTxAttempts"":0,""alarmTxAttemptLimit"":3,""alarmAckReceived"":false,""pendingAlarm"":false,""pendingSaveRequired"":false,""persistenceFaultHold"":false,""completionReason"":""session_done""},""bootHealth"":{""adsReady"":true,""adsDrdyLevel"":0,""adsDrdyPulldownLevel"":0,""adsDrdyPullupLevel"":0,""adsMisoPulldownLevel"":0,""adsMisoPullupLevel"":1,""adsCsLevel"":1,""adsSyncLevel"":1,""adsStatus"":54,""adsMux"":15,""adsAdcon"":6,""adsDrate"":240,""adsReason"":""ok"",""tcaOk"":true,""mcpOkCount"":8,""mcpOk"":[true,true,true,true,true,true,true,true],""mcpAddrMask"":[1,1,1,1,1,1,1,1],""mcpControlTested"":true,""mcpControlOkCount"":8,""mcpControlOk"":[true,true,true,true,true,true,true,true],""dacReady"":true,""radioReady"":true,""mlReady"":true,""nullingProfileApplied"":true,""modelProfileReady"":false},""runtimeMcpCode"":[255,519,795,706,799,865,665,139],""model"":{""profileId"":""cnn-dualbranch-datasheet-v1-unbound"",""scalerProfileId"":""cnn-dualbranch-datasheet-v1-unbound"",""productionApproved"":true,""boundNullingProfileId"":8,""activeNullingProfileId"":9,""bindingValid"":true,""bindingModelMatches"":true,""profileReady"":false,""inferenceValid"":false,""sensorFault"":true},""lora"":{""beginState"":0,""lastTxState"":0,""lastTxOk"":false,""txSeq"":0,""txCounter"":0,""aesKeyProvisioned"":true,""aesKeyPresent"":true,""aesKeySource"":""nvs"",""keyId"":1,""lastDownlinkCommandId"":0,""freqMHz"":920,""bwKHz"":125,""sf"":7,""cr"":5,""syncWord"":18,""txPowerDbm"":17,""preamble"":8,""tcxoVoltage"":1.600000024,""xtalVoltage"":0},""dataset"":{""state"":""idle"",""step"":""idle"",""label"":"""",""seq"":0,""targetSamples"":0,""sampleIntervalMs"":500,""maxDurationMs"":0,""useFanIntake"":true,""fanOnMs"":1000,""postFanSettleMs"":0,""nullingProfileId"":9,""queuePending"":0,""queueCapacity"":16,""queueEnqueued"":0,""queueDropped"":0,""publishFailCount"":0,""retryCount"":0,""retryFailCount"":0,""rejectedSamples"":0,""lastRejectReason"":""none"",""lastRejectChannel"":-1,""lastRejectOkFiniteCount"":0,""lastRejectStatus"":255,""lastRejectGain"":0,""lastRejectSaturated"":false},""recovery"":{""wifiReconnectCount"":0,""wifiReconnectFailCount"":0,""mqttReconnectCount"":0,""mqttConnectFailCount"":0,""lastMqttState"":0,""adsRecoveryCount"":0,""adsRecoveryFailCount"":0,""adsReadFailStreak"":0,""lastReason"":""none"",""lastRecoveryMs"":0,""bootRecoveryArmed"":false,""bootRecoveryDueMs"":0,""bootRecoveryReason"":""none"",""bootRecoveryNonAdsFailure"":false,""bootRecoveryRestartCount"":0},""nulling"":{""done"":false,""retryArmed"":false,""attemptCount"":0,""nextRetryMs"":0,""thresholdV"":9.999999747E-06,""minFinalV"":0},""telemetry"":{""valid"":true,""sampleMs"":6637691,""gasClass"":6,""gasName"":""CO2"",""confidence"":0,""alarm"":false,""sensorVoltage"":[0.114649691,0.003975063,0.004780456,-0.002624861,-0.009404571,-0.011550226,-0.019495094,-0.025532648],""sensorGain"":[32,64,64,64,64,64,64,64],""sensorStatus"":[0,0,0,0,0,0,0,0],""featureOrder"":[""MQ8"",""MQ135"",""MQ3"",""MQ5"",""MQ4"",""MQ7"",""MQ6"",""MQ2""]},""alarmLatched"":false}"
2026-08-04 11:11:42.453 +07:00,261.334,HOT_SWEEP_70,70,700,300,1,0,0.114491418,0.003992856,0.004700994,-0.002585419,-0.009360595,-0.011529936,-0.019489016,-0.025482928,"{""deviceId"":""1001"",""nodeId"":4097,""targetChId"":""0010"",""mode"":""inference"",""uptimeMs"":6638802,""debugEnabled"":true,""power"":{""mode"":""24v"",""externalPower"":true,""batteryMv"":65535,""batteryValid"":false,""batteryDetected"":false,""batterySenseStatus"":""not_detected"",""batteryLow"":false,""batteryCritical"":false,""sourceAmbiguous"":false,""serviceHoldActive"":false,""serviceHoldEffective"":false},""batterySession"":{""state"":""inactive"",""startedMs"":0,""stateStartedMs"":0,""validSampleBatches"":0,""requiredSampleBatches"":10,""alarmTxAttempts"":0,""alarmTxAttemptLimit"":3,""alarmAckReceived"":false,""pendingAlarm"":false,""pendingSaveRequired"":false,""persistenceFaultHold"":false,""completionReason"":""session_done""},""bootHealth"":{""adsReady"":true,""adsDrdyLevel"":0,""adsDrdyPulldownLevel"":0,""adsDrdyPullupLevel"":0,""adsMisoPulldownLevel"":0,""adsMisoPullupLevel"":1,""adsCsLevel"":1,""adsSyncLevel"":1,""adsStatus"":54,""adsMux"":15,""adsAdcon"":6,""adsDrate"":240,""adsReason"":""ok"",""tcaOk"":true,""mcpOkCount"":8,""mcpOk"":[true,true,true,true,true,true,true,true],""mcpAddrMask"":[1,1,1,1,1,1,1,1],""mcpControlTested"":true,""mcpControlOkCount"":8,""mcpControlOk"":[true,true,true,true,true,true,true,true],""dacReady"":true,""radioReady"":true,""mlReady"":true,""nullingProfileApplied"":true,""modelProfileReady"":false},""runtimeMcpCode"":[255,519,795,706,799,865,665,139],""model"":{""profileId"":""cnn-dualbranch-datasheet-v1-unbound"",""scalerProfileId"":""cnn-dualbranch-datasheet-v1-unbound"",""productionApproved"":true,""boundNullingProfileId"":8,""activeNullingProfileId"":9,""bindingValid"":true,""bindingModelMatches"":true,""profileReady"":false,""inferenceValid"":false,""sensorFault"":true},""lora"":{""beginState"":0,""lastTxState"":0,""lastTxOk"":false,""txSeq"":0,""txCounter"":0,""aesKeyProvisioned"":true,""aesKeyPresent"":true,""aesKeySource"":""nvs"",""keyId"":1,""lastDownlinkCommandId"":0,""freqMHz"":920,""bwKHz"":125,""sf"":7,""cr"":5,""syncWord"":18,""txPowerDbm"":17,""preamble"":8,""tcxoVoltage"":1.600000024,""xtalVoltage"":0},""dataset"":{""state"":""idle"",""step"":""idle"",""label"":"""",""seq"":0,""targetSamples"":0,""sampleIntervalMs"":500,""maxDurationMs"":0,""useFanIntake"":true,""fanOnMs"":1000,""postFanSettleMs"":0,""nullingProfileId"":9,""queuePending"":0,""queueCapacity"":16,""queueEnqueued"":0,""queueDropped"":0,""publishFailCount"":0,""retryCount"":0,""retryFailCount"":0,""rejectedSamples"":0,""lastRejectReason"":""none"",""lastRejectChannel"":-1,""lastRejectOkFiniteCount"":0,""lastRejectStatus"":255,""lastRejectGain"":0,""lastRejectSaturated"":false},""recovery"":{""wifiReconnectCount"":0,""wifiReconnectFailCount"":0,""mqttReconnectCount"":0,""mqttConnectFailCount"":0,""lastMqttState"":0,""adsRecoveryCount"":0,""adsRecoveryFailCount"":0,""adsReadFailStreak"":0,""lastReason"":""none"",""lastRecoveryMs"":0,""bootRecoveryArmed"":false,""bootRecoveryDueMs"":0,""bootRecoveryReason"":""none"",""bootRecoveryNonAdsFailure"":false,""bootRecoveryRestartCount"":0},""nulling"":{""done"":false,""retryArmed"":false,""attemptCount"":0,""nextRetryMs"":0,""thresholdV"":9.999999747E-06,""minFinalV"":0},""telemetry"":{""valid"":true,""sampleMs"":6638408,""gasClass"":6,""gasName"":""CO2"",""confidence"":0,""alarm"":false,""sensorVoltage"":[0.114491418,0.003992856,0.004700994,-0.002585419,-0.009360595,-0.011529936,-0.019489016,-0.025482928],""sensorGain"":[32,64,64,64,64,64,64,64],""sensorStatus"":[0,0,0,0,0,0,0,0],""featureOrder"":[""MQ8"",""MQ135"",""MQ3"",""MQ5"",""MQ4"",""MQ7"",""MQ6"",""MQ2""]},""alarmLatched"":false}"
2026-08-04 11:11:43.159 +07:00,262.038,HOT_SWEEP_70,70,700,300,1,0,0.115840808,0.00388279,0.004665284,-0.002562242,-0.009146756,-0.011322391,-0.019516978,-0.025386676,"{""deviceId"":""1001"",""nodeId"":4097,""targetChId"":""0010"",""mode"":""inference"",""uptimeMs"":6639494,""debugEnabled"":true,""power"":{""mode"":""24v"",""externalPower"":true,""batteryMv"":65535,""batteryValid"":false,""batteryDetected"":false,""batterySenseStatus"":""not_detected"",""batteryLow"":false,""batteryCritical"":false,""sourceAmbiguous"":false,""serviceHoldActive"":false,""serviceHoldEffective"":false},""batterySession"":{""state"":""inactive"",""startedMs"":0,""stateStartedMs"":0,""validSampleBatches"":0,""requiredSampleBatches"":10,""alarmTxAttempts"":0,""alarmTxAttemptLimit"":3,""alarmAckReceived"":false,""pendingAlarm"":false,""pendingSaveRequired"":false,""persistenceFaultHold"":false,""completionReason"":""session_done""},""bootHealth"":{""adsReady"":true,""adsDrdyLevel"":0,""adsDrdyPulldownLevel"":0,""adsDrdyPullupLevel"":0,""adsMisoPulldownLevel"":0,""adsMisoPullupLevel"":1,""adsCsLevel"":1,""adsSyncLevel"":1,""adsStatus"":54,""adsMux"":15,""adsAdcon"":6,""adsDrate"":240,""adsReason"":""ok"",""tcaOk"":true,""mcpOkCount"":8,""mcpOk"":[true,true,true,true,true,true,true,true],""mcpAddrMask"":[1,1,1,1,1,1,1,1],""mcpControlTested"":true,""mcpControlOkCount"":8,""mcpControlOk"":[true,true,true,true,true,true,true,true],""dacReady"":true,""radioReady"":true,""mlReady"":true,""nullingProfileApplied"":true,""modelProfileReady"":false},""runtimeMcpCode"":[255,519,795,706,799,865,665,139],""model"":{""profileId"":""cnn-dualbranch-datasheet-v1-unbound"",""scalerProfileId"":""cnn-dualbranch-datasheet-v1-unbound"",""productionApproved"":true,""boundNullingProfileId"":8,""activeNullingProfileId"":9,""bindingValid"":true,""bindingModelMatches"":true,""profileReady"":false,""inferenceValid"":false,""sensorFault"":true},""lora"":{""beginState"":0,""lastTxState"":0,""lastTxOk"":false,""txSeq"":0,""txCounter"":0,""aesKeyProvisioned"":true,""aesKeyPresent"":true,""aesKeySource"":""nvs"",""keyId"":1,""lastDownlinkCommandId"":0,""freqMHz"":920,""bwKHz"":125,""sf"":7,""cr"":5,""syncWord"":18,""txPowerDbm"":17,""preamble"":8,""tcxoVoltage"":1.600000024,""xtalVoltage"":0},""dataset"":{""state"":""idle"",""step"":""idle"",""label"":"""",""seq"":0,""targetSamples"":0,""sampleIntervalMs"":500,""maxDurationMs"":0,""useFanIntake"":true,""fanOnMs"":1000,""postFanSettleMs"":0,""nullingProfileId"":9,""queuePending"":0,""queueCapacity"":16,""queueEnqueued"":0,""queueDropped"":0,""publishFailCount"":0,""retryCount"":0,""retryFailCount"":0,""rejectedSamples"":0,""lastRejectReason"":""none"",""lastRejectChannel"":-1,""lastRejectOkFiniteCount"":0,""lastRejectStatus"":255,""lastRejectGain"":0,""lastRejectSaturated"":false},""recovery"":{""wifiReconnectCount"":0,""wifiReconnectFailCount"":0,""mqttReconnectCount"":0,""mqttConnectFailCount"":0,""lastMqttState"":0,""adsRecoveryCount"":0,""adsRecoveryFailCount"":0,""adsReadFailStreak"":0,""lastReason"":""none"",""lastRecoveryMs"":0,""bootRecoveryArmed"":false,""bootRecoveryDueMs"":0,""bootRecoveryReason"":""none"",""bootRecoveryNonAdsFailure"":false,""bootRecoveryRestartCount"":0},""nulling"":{""done"":false,""retryArmed"":false,""attemptCount"":0,""nextRetryMs"":0,""thresholdV"":9.999999747E-06,""minFinalV"":0},""telemetry"":{""valid"":true,""sampleMs"":6639080,""gasClass"":6,""gasName"":""CO2"",""confidence"":0,""alarm"":false,""sensorVoltage"":[0.115840808,0.00388279,0.004665284,-0.002562242,-0.009146756,-0.011322391,-0.019516978,-0.025386676],""sensorGain"":[32,64,64,64,64,64,64,64],""sensorStatus"":[0,0,0,0,0,0,0,0],""featureOrder"":[""MQ8"",""MQ135"",""MQ3"",""MQ5"",""MQ4"",""MQ7"",""MQ6"",""MQ2""]},""alarmLatched"":false}"
2026-08-04 11:11:43.837 +07:00,262.718,HOT_SWEEP_70,70,700,300,1,0,0.115375757,0.003886078,0.0046307,-0.002604684,-0.009363174,-0.011567014,-0.019875158,-0.025384422,"{""deviceId"":""1001"",""nodeId"":4097,""targetChId"":""0010"",""mode"":""inference"",""uptimeMs"":6640180,""debugEnabled"":true,""power"":{""mode"":""24v"",""externalPower"":true,""batteryMv"":65535,""batteryValid"":false,""batteryDetected"":false,""batterySenseStatus"":""not_detected"",""batteryLow"":false,""batteryCritical"":false,""sourceAmbiguous"":false,""serviceHoldActive"":false,""serviceHoldEffective"":false},""batterySession"":{""state"":""inactive"",""startedMs"":0,""stateStartedMs"":0,""validSampleBatches"":0,""requiredSampleBatches"":10,""alarmTxAttempts"":0,""alarmTxAttemptLimit"":3,""alarmAckReceived"":false,""pendingAlarm"":false,""pendingSaveRequired"":false,""persistenceFaultHold"":false,""completionReason"":""session_done""},""bootHealth"":{""adsReady"":true,""adsDrdyLevel"":0,""adsDrdyPulldownLevel"":0,""adsDrdyPullupLevel"":0,""adsMisoPulldownLevel"":0,""adsMisoPullupLevel"":1,""adsCsLevel"":1,""adsSyncLevel"":1,""adsStatus"":54,""adsMux"":15,""adsAdcon"":6,""adsDrate"":240,""adsReason"":""ok"",""tcaOk"":true,""mcpOkCount"":8,""mcpOk"":[true,true,true,true,true,true,true,true],""mcpAddrMask"":[1,1,1,1,1,1,1,1],""mcpControlTested"":true,""mcpControlOkCount"":8,""mcpControlOk"":[true,true,true,true,true,true,true,true],""dacReady"":true,""radioReady"":true,""mlReady"":true,""nullingProfileApplied"":true,""modelProfileReady"":false},""runtimeMcpCode"":[255,519,795,706,799,865,665,139],""model"":{""profileId"":""cnn-dualbranch-datasheet-v1-unbound"",""scalerProfileId"":""cnn-dualbranch-datasheet-v1-unbound"",""productionApproved"":true,""boundNullingProfileId"":8,""activeNullingProfileId"":9,""bindingValid"":true,""bindingModelMatches"":true,""profileReady"":false,""inferenceValid"":false,""sensorFault"":true},""lora"":{""beginState"":0,""lastTxState"":0,""lastTxOk"":false,""txSeq"":0,""txCounter"":0,""aesKeyProvisioned"":true,""aesKeyPresent"":true,""aesKeySource"":""nvs"",""keyId"":1,""lastDownlinkCommandId"":0,""freqMHz"":920,""bwKHz"":125,""sf"":7,""cr"":5,""syncWord"":18,""txPowerDbm"":17,""preamble"":8,""tcxoVoltage"":1.600000024,""xtalVoltage"":0},""dataset"":{""state"":""idle"",""step"":""idle"",""label"":"""",""seq"":0,""targetSamples"":0,""sampleIntervalMs"":500,""maxDurationMs"":0,""useFanIntake"":true,""fanOnMs"":1000,""postFanSettleMs"":0,""nullingProfileId"":9,""queuePending"":0,""queueCapacity"":16,""queueEnqueued"":0,""queueDropped"":0,""publishFailCount"":0,""retryCount"":0,""retryFailCount"":0,""rejectedSamples"":0,""lastRejectReason"":""none"",""lastRejectChannel"":-1,""lastRejectOkFiniteCount"":0,""lastRejectStatus"":255,""lastRejectGain"":0,""lastRejectSaturated"":false},""recovery"":{""wifiReconnectCount"":0,""wifiReconnectFailCount"":0,""mqttReconnectCount"":0,""mqttConnectFailCount"":0,""lastMqttState"":0,""adsRecoveryCount"":0,""adsRecoveryFailCount"":0,""adsReadFailStreak"":0,""lastReason"":""none"",""lastRecoveryMs"":0,""bootRecoveryArmed"":false,""bootRecoveryDueMs"":0,""bootRecoveryReason"":""none"",""bootRecoveryNonAdsFailure"":false,""bootRecoveryRestartCount"":0},""nulling"":{""done"":false,""retryArmed"":false,""attemptCount"":0,""nextRetryMs"":0,""thresholdV"":9.999999747E-06,""minFinalV"":0},""telemetry"":{""valid"":true,""sampleMs"":6639772,""gasClass"":6,""gasName"":""CO2"",""confidence"":0,""alarm"":false,""sensorVoltage"":[0.115375757,0.003886078,0.0046307,-0.002604684,-0.009363174,-0.011567014,-0.019875158,-0.025384422],""sensorGain"":[32,64,64,64,64,64,64,64],""sensorStatus"":[0,0,0,0,0,0,0,0],""featureOrder"":[""MQ8"",""MQ135"",""MQ3"",""MQ5"",""MQ4"",""MQ7"",""MQ6"",""MQ2""]},""alarmLatched"":false}"
2026-08-04 11:11:44.518 +07:00,263.399,HOT_SWEEP_70,70,700,300,1,0,0.11499542,0.003873214,0.004634982,-0.002612009,-0.009367921,-0.011568674,-0.019867597,-0.025320912,"{""deviceId"":""1001"",""nodeId"":4097,""targetChId"":""0010"",""mode"":""inference"",""uptimeMs"":6640864,""debugEnabled"":true,""power"":{""mode"":""24v"",""externalPower"":true,""batteryMv"":65535,""batteryValid"":false,""batteryDetected"":false,""batterySenseStatus"":""not_detected"",""batteryLow"":false,""batteryCritical"":false,""sourceAmbiguous"":false,""serviceHoldActive"":false,""serviceHoldEffective"":false},""batterySession"":{""state"":""inactive"",""startedMs"":0,""stateStartedMs"":0,""validSampleBatches"":0,""requiredSampleBatches"":10,""alarmTxAttempts"":0,""alarmTxAttemptLimit"":3,""alarmAckReceived"":false,""pendingAlarm"":false,""pendingSaveRequired"":false,""persistenceFaultHold"":false,""completionReason"":""session_done""},""bootHealth"":{""adsReady"":true,""adsDrdyLevel"":0,""adsDrdyPulldownLevel"":0,""adsDrdyPullupLevel"":0,""adsMisoPulldownLevel"":0,""adsMisoPullupLevel"":1,""adsCsLevel"":1,""adsSyncLevel"":1,""adsStatus"":54,""adsMux"":15,""adsAdcon"":6,""adsDrate"":240,""adsReason"":""ok"",""tcaOk"":true,""mcpOkCount"":8,""mcpOk"":[true,true,true,true,true,true,true,true],""mcpAddrMask"":[1,1,1,1,1,1,1,1],""mcpControlTested"":true,""mcpControlOkCount"":8,""mcpControlOk"":[true,true,true,true,true,true,true,true],""dacReady"":true,""radioReady"":true,""mlReady"":true,""nullingProfileApplied"":true,""modelProfileReady"":false},""runtimeMcpCode"":[255,519,795,706,799,865,665,139],""model"":{""profileId"":""cnn-dualbranch-datasheet-v1-unbound"",""scalerProfileId"":""cnn-dualbranch-datasheet-v1-unbound"",""productionApproved"":true,""boundNullingProfileId"":8,""activeNullingProfileId"":9,""bindingValid"":true,""bindingModelMatches"":true,""profileReady"":false,""inferenceValid"":false,""sensorFault"":true},""lora"":{""beginState"":0,""lastTxState"":0,""lastTxOk"":false,""txSeq"":0,""txCounter"":0,""aesKeyProvisioned"":true,""aesKeyPresent"":true,""aesKeySource"":""nvs"",""keyId"":1,""lastDownlinkCommandId"":0,""freqMHz"":920,""bwKHz"":125,""sf"":7,""cr"":5,""syncWord"":18,""txPowerDbm"":17,""preamble"":8,""tcxoVoltage"":1.600000024,""xtalVoltage"":0},""dataset"":{""state"":""idle"",""step"":""idle"",""label"":"""",""seq"":0,""targetSamples"":0,""sampleIntervalMs"":500,""maxDurationMs"":0,""useFanIntake"":true,""fanOnMs"":1000,""postFanSettleMs"":0,""nullingProfileId"":9,""queuePending"":0,""queueCapacity"":16,""queueEnqueued"":0,""queueDropped"":0,""publishFailCount"":0,""retryCount"":0,""retryFailCount"":0,""rejectedSamples"":0,""lastRejectReason"":""none"",""lastRejectChannel"":-1,""lastRejectOkFiniteCount"":0,""lastRejectStatus"":255,""lastRejectGain"":0,""lastRejectSaturated"":false},""recovery"":{""wifiReconnectCount"":0,""wifiReconnectFailCount"":0,""mqttReconnectCount"":0,""mqttConnectFailCount"":0,""lastMqttState"":0,""adsRecoveryCount"":0,""adsRecoveryFailCount"":0,""adsReadFailStreak"":0,""lastReason"":""none"",""lastRecoveryMs"":0,""bootRecoveryArmed"":false,""bootRecoveryDueMs"":0,""bootRecoveryReason"":""none"",""bootRecoveryNonAdsFailure"":false,""bootRecoveryRestartCount"":0},""nulling"":{""done"":false,""retryArmed"":false,""attemptCount"":0,""nextRetryMs"":0,""thresholdV"":9.999999747E-06,""minFinalV"":0},""telemetry"":{""valid"":true,""sampleMs"":6640490,""gasClass"":6,""gasName"":""CO2"",""confidence"":0,""alarm"":false,""sensorVoltage"":[0.11499542,0.003873214,0.004634982,-0.002612009,-0.009367921,-0.011568674,-0.019867597,-0.025320912],""sensorGain"":[32,64,64,64,64,64,64,64],""sensorStatus"":[0,0,0,0,0,0,0,0],""featureOrder"":[""MQ8"",""MQ135"",""MQ3"",""MQ5"",""MQ4"",""MQ7"",""MQ6"",""MQ2""]},""alarmLatched"":false}"
2026-08-04 11:11:45.203 +07:00,264.084,HOT_SWEEP_70,70,700,300,1,0,0.1162531,0.003882377,0.004646734,-0.002511045,-0.009375905,-0.011587675,-0.01983458,-0.025311273,"{""deviceId"":""1001"",""nodeId"":4097,""targetChId"":""0010"",""mode"":""inference"",""uptimeMs"":6641544,""debugEnabled"":true,""power"":{""mode"":""24v"",""externalPower"":true,""batteryMv"":65535,""batteryValid"":false,""batteryDetected"":false,""batterySenseStatus"":""not_detected"",""batteryLow"":false,""batteryCritical"":false,""sourceAmbiguous"":false,""serviceHoldActive"":false,""serviceHoldEffective"":false},""batterySession"":{""state"":""inactive"",""startedMs"":0,""stateStartedMs"":0,""validSampleBatches"":0,""requiredSampleBatches"":10,""alarmTxAttempts"":0,""alarmTxAttemptLimit"":3,""alarmAckReceived"":false,""pendingAlarm"":false,""pendingSaveRequired"":false,""persistenceFaultHold"":false,""completionReason"":""session_done""},""bootHealth"":{""adsReady"":true,""adsDrdyLevel"":0,""adsDrdyPulldownLevel"":0,""adsDrdyPullupLevel"":0,""adsMisoPulldownLevel"":0,""adsMisoPullupLevel"":1,""adsCsLevel"":1,""adsSyncLevel"":1,""adsStatus"":54,""adsMux"":15,""adsAdcon"":6,""adsDrate"":240,""adsReason"":""ok"",""tcaOk"":true,""mcpOkCount"":8,""mcpOk"":[true,true,true,true,true,true,true,true],""mcpAddrMask"":[1,1,1,1,1,1,1,1],""mcpControlTested"":true,""mcpControlOkCount"":8,""mcpControlOk"":[true,true,true,true,true,true,true,true],""dacReady"":true,""radioReady"":true,""mlReady"":true,""nullingProfileApplied"":true,""modelProfileReady"":false},""runtimeMcpCode"":[255,519,795,706,799,865,665,139],""model"":{""profileId"":""cnn-dualbranch-datasheet-v1-unbound"",""scalerProfileId"":""cnn-dualbranch-datasheet-v1-unbound"",""productionApproved"":true,""boundNullingProfileId"":8,""activeNullingProfileId"":9,""bindingValid"":true,""bindingModelMatches"":true,""profileReady"":false,""inferenceValid"":false,""sensorFault"":true},""lora"":{""beginState"":0,""lastTxState"":0,""lastTxOk"":false,""txSeq"":0,""txCounter"":0,""aesKeyProvisioned"":true,""aesKeyPresent"":true,""aesKeySource"":""nvs"",""keyId"":1,""lastDownlinkCommandId"":0,""freqMHz"":920,""bwKHz"":125,""sf"":7,""cr"":5,""syncWord"":18,""txPowerDbm"":17,""preamble"":8,""tcxoVoltage"":1.600000024,""xtalVoltage"":0},""dataset"":{""state"":""idle"",""step"":""idle"",""label"":"""",""seq"":0,""targetSamples"":0,""sampleIntervalMs"":500,""maxDurationMs"":0,""useFanIntake"":true,""fanOnMs"":1000,""postFanSettleMs"":0,""nullingProfileId"":9,""queuePending"":0,""queueCapacity"":16,""queueEnqueued"":0,""queueDropped"":0,""publishFailCount"":0,""retryCount"":0,""retryFailCount"":0,""rejectedSamples"":0,""lastRejectReason"":""none"",""lastRejectChannel"":-1,""lastRejectOkFiniteCount"":0,""lastRejectStatus"":255,""lastRejectGain"":0,""lastRejectSaturated"":false},""recovery"":{""wifiReconnectCount"":0,""wifiReconnectFailCount"":0,""mqttReconnectCount"":0,""mqttConnectFailCount"":0,""lastMqttState"":0,""adsRecoveryCount"":0,""adsRecoveryFailCount"":0,""adsReadFailStreak"":0,""lastReason"":""none"",""lastRecoveryMs"":0,""bootRecoveryArmed"":false,""bootRecoveryDueMs"":0,""bootRecoveryReason"":""none"",""bootRecoveryNonAdsFailure"":false,""bootRecoveryRestartCount"":0},""nulling"":{""done"":false,""retryArmed"":false,""attemptCount"":0,""nextRetryMs"":0,""thresholdV"":9.999999747E-06,""minFinalV"":0},""telemetry"":{""valid"":true,""sampleMs"":6641142,""gasClass"":6,""gasName"":""CO2"",""confidence"":0,""alarm"":false,""sensorVoltage"":[0.1162531,0.003882377,0.004646734,-0.002511045,-0.009375905,-0.011587675,-0.01983458,-0.025311273],""sensorGain"":[32,64,64,64,64,64,64,64],""sensorStatus"":[0,0,0,0,0,0,0,0],""featureOrder"":[""MQ8"",""MQ135"",""MQ3"",""MQ5"",""MQ4"",""MQ7"",""MQ6"",""MQ2""]},""alarmLatched"":false}"
2026-08-04 11:11:45.894 +07:00,264.770,HOT_SWEEP_70,70,700,300,1,0,0.115672015,0.003951774,0.004753388,-0.002502647,-0.009630477,-0.01157576,-0.019879548,-0.025281569,"{""deviceId"":""1001"",""nodeId"":4097,""targetChId"":""0010"",""mode"":""inference"",""uptimeMs"":6642230,""debugEnabled"":true,""power"":{""mode"":""24v"",""externalPower"":true,""batteryMv"":65535,""batteryValid"":false,""batteryDetected"":false,""batterySenseStatus"":""not_detected"",""batteryLow"":false,""batteryCritical"":false,""sourceAmbiguous"":false,""serviceHoldActive"":false,""serviceHoldEffective"":false},""batterySession"":{""state"":""inactive"",""startedMs"":0,""stateStartedMs"":0,""validSampleBatches"":0,""requiredSampleBatches"":10,""alarmTxAttempts"":0,""alarmTxAttemptLimit"":3,""alarmAckReceived"":false,""pendingAlarm"":false,""pendingSaveRequired"":false,""persistenceFaultHold"":false,""completionReason"":""session_done""},""bootHealth"":{""adsReady"":true,""adsDrdyLevel"":0,""adsDrdyPulldownLevel"":0,""adsDrdyPullupLevel"":0,""adsMisoPulldownLevel"":0,""adsMisoPullupLevel"":1,""adsCsLevel"":1,""adsSyncLevel"":1,""adsStatus"":54,""adsMux"":15,""adsAdcon"":6,""adsDrate"":240,""adsReason"":""ok"",""tcaOk"":true,""mcpOkCount"":8,""mcpOk"":[true,true,true,true,true,true,true,true],""mcpAddrMask"":[1,1,1,1,1,1,1,1],""mcpControlTested"":true,""mcpControlOkCount"":8,""mcpControlOk"":[true,true,true,true,true,true,true,true],""dacReady"":true,""radioReady"":true,""mlReady"":true,""nullingProfileApplied"":true,""modelProfileReady"":false},""runtimeMcpCode"":[255,519,795,706,799,865,665,139],""model"":{""profileId"":""cnn-dualbranch-datasheet-v1-unbound"",""scalerProfileId"":""cnn-dualbranch-datasheet-v1-unbound"",""productionApproved"":true,""boundNullingProfileId"":8,""activeNullingProfileId"":9,""bindingValid"":true,""bindingModelMatches"":true,""profileReady"":false,""inferenceValid"":false,""sensorFault"":true},""lora"":{""beginState"":0,""lastTxState"":0,""lastTxOk"":false,""txSeq"":0,""txCounter"":0,""aesKeyProvisioned"":true,""aesKeyPresent"":true,""aesKeySource"":""nvs"",""keyId"":1,""lastDownlinkCommandId"":0,""freqMHz"":920,""bwKHz"":125,""sf"":7,""cr"":5,""syncWord"":18,""txPowerDbm"":17,""preamble"":8,""tcxoVoltage"":1.600000024,""xtalVoltage"":0},""dataset"":{""state"":""idle"",""step"":""idle"",""label"":"""",""seq"":0,""targetSamples"":0,""sampleIntervalMs"":500,""maxDurationMs"":0,""useFanIntake"":true,""fanOnMs"":1000,""postFanSettleMs"":0,""nullingProfileId"":9,""queuePending"":0,""queueCapacity"":16,""queueEnqueued"":0,""queueDropped"":0,""publishFailCount"":0,""retryCount"":0,""retryFailCount"":0,""rejectedSamples"":0,""lastRejectReason"":""none"",""lastRejectChannel"":-1,""lastRejectOkFiniteCount"":0,""lastRejectStatus"":255,""lastRejectGain"":0,""lastRejectSaturated"":false},""recovery"":{""wifiReconnectCount"":0,""wifiReconnectFailCount"":0,""mqttReconnectCount"":0,""mqttConnectFailCount"":0,""lastMqttState"":0,""adsRecoveryCount"":0,""adsRecoveryFailCount"":0,""adsReadFailStreak"":0,""lastReason"":""none"",""lastRecoveryMs"":0,""bootRecoveryArmed"":false,""bootRecoveryDueMs"":0,""bootRecoveryReason"":""none"",""bootRecoveryNonAdsFailure"":false,""bootRecoveryRestartCount"":0},""nulling"":{""done"":false,""retryArmed"":false,""attemptCount"":0,""nextRetryMs"":0,""thresholdV"":9.999999747E-06,""minFinalV"":0},""telemetry"":{""valid"":true,""sampleMs"":6641822,""gasClass"":6,""gasName"":""CO2"",""confidence"":0,""alarm"":false,""sensorVoltage"":[0.115672015,0.003951774,0.004753388,-0.002502647,-0.009630477,-0.01157576,-0.019879548,-0.025281569],""sensorGain"":[32,64,64,64,64,64,64,64],""sensorStatus"":[0,0,0,0,0,0,0,0],""featureOrder"":[""MQ8"",""MQ135"",""MQ3"",""MQ5"",""MQ4"",""MQ7"",""MQ6"",""MQ2""]},""alarmLatched"":false}"
2026-08-04 11:11:46.589 +07:00,265.465,HOT_SWEEP_70,70,700,300,1,0,0.115134612,0.003940121,0.00474479,-0.002501512,-0.009593622,-0.011539416,-0.019930106,-0.025290474,"{""deviceId"":""1001"",""nodeId"":4097,""targetChId"":""0010"",""mode"":""inference"",""uptimeMs"":6642924,""debugEnabled"":true,""power"":{""mode"":""24v"",""externalPower"":true,""batteryMv"":65535,""batteryValid"":false,""batteryDetected"":false,""batterySenseStatus"":""not_detected"",""batteryLow"":false,""batteryCritical"":false,""sourceAmbiguous"":false,""serviceHoldActive"":false,""serviceHoldEffective"":false},""batterySession"":{""state"":""inactive"",""startedMs"":0,""stateStartedMs"":0,""validSampleBatches"":0,""requiredSampleBatches"":10,""alarmTxAttempts"":0,""alarmTxAttemptLimit"":3,""alarmAckReceived"":false,""pendingAlarm"":false,""pendingSaveRequired"":false,""persistenceFaultHold"":false,""completionReason"":""session_done""},""bootHealth"":{""adsReady"":true,""adsDrdyLevel"":0,""adsDrdyPulldownLevel"":0,""adsDrdyPullupLevel"":0,""adsMisoPulldownLevel"":0,""adsMisoPullupLevel"":1,""adsCsLevel"":1,""adsSyncLevel"":1,""adsStatus"":54,""adsMux"":15,""adsAdcon"":6,""adsDrate"":240,""adsReason"":""ok"",""tcaOk"":true,""mcpOkCount"":8,""mcpOk"":[true,true,true,true,true,true,true,true],""mcpAddrMask"":[1,1,1,1,1,1,1,1],""mcpControlTested"":true,""mcpControlOkCount"":8,""mcpControlOk"":[true,true,true,true,true,true,true,true],""dacReady"":true,""radioReady"":true,""mlReady"":true,""nullingProfileApplied"":true,""modelProfileReady"":false},""runtimeMcpCode"":[255,519,795,706,799,865,665,139],""model"":{""profileId"":""cnn-dualbranch-datasheet-v1-unbound"",""scalerProfileId"":""cnn-dualbranch-datasheet-v1-unbound"",""productionApproved"":true,""boundNullingProfileId"":8,""activeNullingProfileId"":9,""bindingValid"":true,""bindingModelMatches"":true,""profileReady"":false,""inferenceValid"":false,""sensorFault"":true},""lora"":{""beginState"":0,""lastTxState"":0,""lastTxOk"":false,""txSeq"":0,""txCounter"":0,""aesKeyProvisioned"":true,""aesKeyPresent"":true,""aesKeySource"":""nvs"",""keyId"":1,""lastDownlinkCommandId"":0,""freqMHz"":920,""bwKHz"":125,""sf"":7,""cr"":5,""syncWord"":18,""txPowerDbm"":17,""preamble"":8,""tcxoVoltage"":1.600000024,""xtalVoltage"":0},""dataset"":{""state"":""idle"",""step"":""idle"",""label"":"""",""seq"":0,""targetSamples"":0,""sampleIntervalMs"":500,""maxDurationMs"":0,""useFanIntake"":true,""fanOnMs"":1000,""postFanSettleMs"":0,""nullingProfileId"":9,""queuePending"":0,""queueCapacity"":16,""queueEnqueued"":0,""queueDropped"":0,""publishFailCount"":0,""retryCount"":0,""retryFailCount"":0,""rejectedSamples"":0,""lastRejectReason"":""none"",""lastRejectChannel"":-1,""lastRejectOkFiniteCount"":0,""lastRejectStatus"":255,""lastRejectGain"":0,""lastRejectSaturated"":false},""recovery"":{""wifiReconnectCount"":0,""wifiReconnectFailCount"":0,""mqttReconnectCount"":0,""mqttConnectFailCount"":0,""lastMqttState"":0,""adsRecoveryCount"":0,""adsRecoveryFailCount"":0,""adsReadFailStreak"":0,""lastReason"":""none"",""lastRecoveryMs"":0,""bootRecoveryArmed"":false,""bootRecoveryDueMs"":0,""bootRecoveryReason"":""none"",""bootRecoveryNonAdsFailure"":false,""bootRecoveryRestartCount"":0},""nulling"":{""done"":false,""retryArmed"":false,""attemptCount"":0,""nextRetryMs"":0,""thresholdV"":9.999999747E-06,""minFinalV"":0},""telemetry"":{""valid"":true,""sampleMs"":6642540,""gasClass"":6,""gasName"":""CO2"",""confidence"":0,""alarm"":false,""sensorVoltage"":[0.115134612,0.003940121,0.00474479,-0.002501512,-0.009593622,-0.011539416,-0.019930106,-0.025290474],""sensorGain"":[32,64,64,64,64,64,64,64],""sensorStatus"":[0,0,0,0,0,0,0,0],""featureOrder"":[""MQ8"",""MQ135"",""MQ3"",""MQ5"",""MQ4"",""MQ7"",""MQ6"",""MQ2""]},""alarmLatched"":false}"
2026-08-04 11:11:47.266 +07:00,266.147,HOT_SWEEP_70,70,700,300,1,0,0.116020121,0.003933498,0.004802478,-0.002472089,-0.009593932,-0.011539389,-0.019879088,-0.025257204,"{""deviceId"":""1001"",""nodeId"":4097,""targetChId"":""0010"",""mode"":""inference"",""uptimeMs"":6643610,""debugEnabled"":true,""power"":{""mode"":""24v"",""externalPower"":true,""batteryMv"":65535,""batteryValid"":false,""batteryDetected"":false,""batterySenseStatus"":""not_detected"",""batteryLow"":false,""batteryCritical"":false,""sourceAmbiguous"":false,""serviceHoldActive"":false,""serviceHoldEffective"":false},""batterySession"":{""state"":""inactive"",""startedMs"":0,""stateStartedMs"":0,""validSampleBatches"":0,""requiredSampleBatches"":10,""alarmTxAttempts"":0,""alarmTxAttemptLimit"":3,""alarmAckReceived"":false,""pendingAlarm"":false,""pendingSaveRequired"":false,""persistenceFaultHold"":false,""completionReason"":""session_done""},""bootHealth"":{""adsReady"":true,""adsDrdyLevel"":0,""adsDrdyPulldownLevel"":0,""adsDrdyPullupLevel"":0,""adsMisoPulldownLevel"":0,""adsMisoPullupLevel"":1,""adsCsLevel"":1,""adsSyncLevel"":1,""adsStatus"":54,""adsMux"":15,""adsAdcon"":6,""adsDrate"":240,""adsReason"":""ok"",""tcaOk"":true,""mcpOkCount"":8,""mcpOk"":[true,true,true,true,true,true,true,true],""mcpAddrMask"":[1,1,1,1,1,1,1,1],""mcpControlTested"":true,""mcpControlOkCount"":8,""mcpControlOk"":[true,true,true,true,true,true,true,true],""dacReady"":true,""radioReady"":true,""mlReady"":true,""nullingProfileApplied"":true,""modelProfileReady"":false},""runtimeMcpCode"":[255,519,795,706,799,865,665,139],""model"":{""profileId"":""cnn-dualbranch-datasheet-v1-unbound"",""scalerProfileId"":""cnn-dualbranch-datasheet-v1-unbound"",""productionApproved"":true,""boundNullingProfileId"":8,""activeNullingProfileId"":9,""bindingValid"":true,""bindingModelMatches"":true,""profileReady"":false,""inferenceValid"":false,""sensorFault"":true},""lora"":{""beginState"":0,""lastTxState"":0,""lastTxOk"":false,""txSeq"":0,""txCounter"":0,""aesKeyProvisioned"":true,""aesKeyPresent"":true,""aesKeySource"":""nvs"",""keyId"":1,""lastDownlinkCommandId"":0,""freqMHz"":920,""bwKHz"":125,""sf"":7,""cr"":5,""syncWord"":18,""txPowerDbm"":17,""preamble"":8,""tcxoVoltage"":1.600000024,""xtalVoltage"":0},""dataset"":{""state"":""idle"",""step"":""idle"",""label"":"""",""seq"":0,""targetSamples"":0,""sampleIntervalMs"":500,""maxDurationMs"":0,""useFanIntake"":true,""fanOnMs"":1000,""postFanSettleMs"":0,""nullingProfileId"":9,""queuePending"":0,""queueCapacity"":16,""queueEnqueued"":0,""queueDropped"":0,""publishFailCount"":0,""retryCount"":0,""retryFailCount"":0,""rejectedSamples"":0,""lastRejectReason"":""none"",""lastRejectChannel"":-1,""lastRejectOkFiniteCount"":0,""lastRejectStatus"":255,""lastRejectGain"":0,""lastRejectSaturated"":false},""recovery"":{""wifiReconnectCount"":0,""wifiReconnectFailCount"":0,""mqttReconnectCount"":0,""mqttConnectFailCount"":0,""lastMqttState"":0,""adsRecoveryCount"":0,""adsRecoveryFailCount"":0,""adsReadFailStreak"":0,""lastReason"":""none"",""lastRecoveryMs"":0,""bootRecoveryArmed"":false,""bootRecoveryDueMs"":0,""bootRecoveryReason"":""none"",""bootRecoveryNonAdsFailure"":false,""bootRecoveryRestartCount"":0},""nulling"":{""done"":false,""retryArmed"":false,""attemptCount"":0,""nextRetryMs"":0,""thresholdV"":9.999999747E-06,""minFinalV"":0},""telemetry"":{""valid"":true,""sampleMs"":6643202,""gasClass"":6,""gasName"":""CO2"",""confidence"":0,""alarm"":false,""sensorVoltage"":[0.116020121,0.003933498,0.004802478,-0.002472089,-0.009593932,-0.011539389,-0.019879088,-0.025257204],""sensorGain"":[32,64,64,64,64,64,64,64],""sensorStatus"":[0,0,0,0,0,0,0,0],""featureOrder"":[""MQ8"",""MQ135"",""MQ3"",""MQ5"",""MQ4"",""MQ7"",""MQ6"",""MQ2""]},""alarmLatched"":false}"
2026-08-04 11:11:47.951 +07:00,266.832,HOT_SWEEP_70,70,700,300,1,0,0.11600139,0.003965126,0.004816067,-0.002480834,-0.009568575,-0.01155438,-0.019882765,-0.025266171,"{""deviceId"":""1001"",""nodeId"":4097,""targetChId"":""0010"",""mode"":""inference"",""uptimeMs"":6644295,""debugEnabled"":true,""power"":{""mode"":""24v"",""externalPower"":true,""batteryMv"":65535,""batteryValid"":false,""batteryDetected"":false,""batterySenseStatus"":""not_detected"",""batteryLow"":false,""batteryCritical"":false,""sourceAmbiguous"":false,""serviceHoldActive"":false,""serviceHoldEffective"":false},""batterySession"":{""state"":""inactive"",""startedMs"":0,""stateStartedMs"":0,""validSampleBatches"":0,""requiredSampleBatches"":10,""alarmTxAttempts"":0,""alarmTxAttemptLimit"":3,""alarmAckReceived"":false,""pendingAlarm"":false,""pendingSaveRequired"":false,""persistenceFaultHold"":false,""completionReason"":""session_done""},""bootHealth"":{""adsReady"":true,""adsDrdyLevel"":0,""adsDrdyPulldownLevel"":0,""adsDrdyPullupLevel"":0,""adsMisoPulldownLevel"":0,""adsMisoPullupLevel"":1,""adsCsLevel"":1,""adsSyncLevel"":1,""adsStatus"":54,""adsMux"":15,""adsAdcon"":6,""adsDrate"":240,""adsReason"":""ok"",""tcaOk"":true,""mcpOkCount"":8,""mcpOk"":[true,true,true,true,true,true,true,true],""mcpAddrMask"":[1,1,1,1,1,1,1,1],""mcpControlTested"":true,""mcpControlOkCount"":8,""mcpControlOk"":[true,true,true,true,true,true,true,true],""dacReady"":true,""radioReady"":true,""mlReady"":true,""nullingProfileApplied"":true,""modelProfileReady"":false},""runtimeMcpCode"":[255,519,795,706,799,865,665,139],""model"":{""profileId"":""cnn-dualbranch-datasheet-v1-unbound"",""scalerProfileId"":""cnn-dualbranch-datasheet-v1-unbound"",""productionApproved"":true,""boundNullingProfileId"":8,""activeNullingProfileId"":9,""bindingValid"":true,""bindingModelMatches"":true,""profileReady"":false,""inferenceValid"":false,""sensorFault"":true},""lora"":{""beginState"":0,""lastTxState"":0,""lastTxOk"":false,""txSeq"":0,""txCounter"":0,""aesKeyProvisioned"":true,""aesKeyPresent"":true,""aesKeySource"":""nvs"",""keyId"":1,""lastDownlinkCommandId"":0,""freqMHz"":920,""bwKHz"":125,""sf"":7,""cr"":5,""syncWord"":18,""txPowerDbm"":17,""preamble"":8,""tcxoVoltage"":1.600000024,""xtalVoltage"":0},""dataset"":{""state"":""idle"",""step"":""idle"",""label"":"""",""seq"":0,""targetSamples"":0,""sampleIntervalMs"":500,""maxDurationMs"":0,""useFanIntake"":true,""fanOnMs"":1000,""postFanSettleMs"":0,""nullingProfileId"":9,""queuePending"":0,""queueCapacity"":16,""queueEnqueued"":0,""queueDropped"":0,""publishFailCount"":0,""retryCount"":0,""retryFailCount"":0,""rejectedSamples"":0,""lastRejectReason"":""none"",""lastRejectChannel"":-1,""lastRejectOkFiniteCount"":0,""lastRejectStatus"":255,""lastRejectGain"":0,""lastRejectSaturated"":false},""recovery"":{""wifiReconnectCount"":0,""wifiReconnectFailCount"":0,""mqttReconnectCount"":0,""mqttConnectFailCount"":0,""lastMqttState"":0,""adsRecoveryCount"":0,""adsRecoveryFailCount"":0,""adsReadFailStreak"":0,""lastReason"":""none"",""lastRecoveryMs"":0,""bootRecoveryArmed"":false,""bootRecoveryDueMs"":0,""bootRecoveryReason"":""none"",""bootRecoveryNonAdsFailure"":false,""bootRecoveryRestartCount"":0},""nulling"":{""done"":false,""retryArmed"":false,""attemptCount"":0,""nextRetryMs"":0,""thresholdV"":9.999999747E-06,""minFinalV"":0},""telemetry"":{""valid"":true,""sampleMs"":6643888,""gasClass"":6,""gasName"":""CO2"",""confidence"":0,""alarm"":false,""sensorVoltage"":[0.11600139,0.003965126,0.004816067,-0.002480834,-0.009568575,-0.01155438,-0.019882765,-0.025266171],""sensorGain"":[32,64,64,64,64,64,64,64],""sensorStatus"":[0,0,0,0,0,0,0,0],""featureOrder"":[""MQ8"",""MQ135"",""MQ3"",""MQ5"",""MQ4"",""MQ7"",""MQ6"",""MQ2""]},""alarmLatched"":false}"
2026-08-04 11:11:48.632 +07:00,267.513,HOT_SWEEP_70,70,700,300,1,0,0.115553603,0.003959544,0.0048282,-0.002459294,-0.009534273,-0.01160756,-0.019929001,-0.025286412,"{""deviceId"":""1001"",""nodeId"":4097,""targetChId"":""0010"",""mode"":""inference"",""uptimeMs"":6644977,""debugEnabled"":true,""power"":{""mode"":""24v"",""externalPower"":true,""batteryMv"":65535,""batteryValid"":false,""batteryDetected"":false,""batterySenseStatus"":""not_detected"",""batteryLow"":false,""batteryCritical"":false,""sourceAmbiguous"":false,""serviceHoldActive"":false,""serviceHoldEffective"":false},""batterySession"":{""state"":""inactive"",""startedMs"":0,""stateStartedMs"":0,""validSampleBatches"":0,""requiredSampleBatches"":10,""alarmTxAttempts"":0,""alarmTxAttemptLimit"":3,""alarmAckReceived"":false,""pendingAlarm"":false,""pendingSaveRequired"":false,""persistenceFaultHold"":false,""completionReason"":""session_done""},""bootHealth"":{""adsReady"":true,""adsDrdyLevel"":0,""adsDrdyPulldownLevel"":0,""adsDrdyPullupLevel"":0,""adsMisoPulldownLevel"":0,""adsMisoPullupLevel"":1,""adsCsLevel"":1,""adsSyncLevel"":1,""adsStatus"":54,""adsMux"":15,""adsAdcon"":6,""adsDrate"":240,""adsReason"":""ok"",""tcaOk"":true,""mcpOkCount"":8,""mcpOk"":[true,true,true,true,true,true,true,true],""mcpAddrMask"":[1,1,1,1,1,1,1,1],""mcpControlTested"":true,""mcpControlOkCount"":8,""mcpControlOk"":[true,true,true,true,true,true,true,true],""dacReady"":true,""radioReady"":true,""mlReady"":true,""nullingProfileApplied"":true,""modelProfileReady"":false},""runtimeMcpCode"":[255,519,795,706,799,865,665,139],""model"":{""profileId"":""cnn-dualbranch-datasheet-v1-unbound"",""scalerProfileId"":""cnn-dualbranch-datasheet-v1-unbound"",""productionApproved"":true,""boundNullingProfileId"":8,""activeNullingProfileId"":9,""bindingValid"":true,""bindingModelMatches"":true,""profileReady"":false,""inferenceValid"":false,""sensorFault"":true},""lora"":{""beginState"":0,""lastTxState"":0,""lastTxOk"":false,""txSeq"":0,""txCounter"":0,""aesKeyProvisioned"":true,""aesKeyPresent"":true,""aesKeySource"":""nvs"",""keyId"":1,""lastDownlinkCommandId"":0,""freqMHz"":920,""bwKHz"":125,""sf"":7,""cr"":5,""syncWord"":18,""txPowerDbm"":17,""preamble"":8,""tcxoVoltage"":1.600000024,""xtalVoltage"":0},""dataset"":{""state"":""idle"",""step"":""idle"",""label"":"""",""seq"":0,""targetSamples"":0,""sampleIntervalMs"":500,""maxDurationMs"":0,""useFanIntake"":true,""fanOnMs"":1000,""postFanSettleMs"":0,""nullingProfileId"":9,""queuePending"":0,""queueCapacity"":16,""queueEnqueued"":0,""queueDropped"":0,""publishFailCount"":0,""retryCount"":0,""retryFailCount"":0,""rejectedSamples"":0,""lastRejectReason"":""none"",""lastRejectChannel"":-1,""lastRejectOkFiniteCount"":0,""lastRejectStatus"":255,""lastRejectGain"":0,""lastRejectSaturated"":false},""recovery"":{""wifiReconnectCount"":0,""wifiReconnectFailCount"":0,""mqttReconnectCount"":0,""mqttConnectFailCount"":0,""lastMqttState"":0,""adsRecoveryCount"":0,""adsRecoveryFailCount"":0,""adsReadFailStreak"":0,""lastReason"":""none"",""lastRecoveryMs"":0,""bootRecoveryArmed"":false,""bootRecoveryDueMs"":0,""bootRecoveryReason"":""none"",""bootRecoveryNonAdsFailure"":false,""bootRecoveryRestartCount"":0},""nulling"":{""done"":false,""retryArmed"":false,""attemptCount"":0,""nextRetryMs"":0,""thresholdV"":9.999999747E-06,""minFinalV"":0},""telemetry"":{""valid"":true,""sampleMs"":6644605,""gasClass"":6,""gasName"":""CO2"",""confidence"":0,""alarm"":false,""sensorVoltage"":[0.115553603,0.003959544,0.0048282,-0.002459294,-0.009534273,-0.01160756,-0.019929001,-0.025286412],""sensorGain"":[32,64,64,64,64,64,64,64],""sensorStatus"":[0,0,0,0,0,0,0,0],""featureOrder"":[""MQ8"",""MQ135"",""MQ3"",""MQ5"",""MQ4"",""MQ7"",""MQ6"",""MQ2""]},""alarmLatched"":false}"
2026-08-04 11:11:49.348 +07:00,268.229,HOT_SWEEP_70,70,700,300,1,0,0.115754701,0.003953957,0.004890929,-0.002508258,-0.009543099,-0.01161334,-0.019952497,-0.02535307,"{""deviceId"":""1001"",""nodeId"":4097,""targetChId"":""0010"",""mode"":""inference"",""uptimeMs"":6645691,""debugEnabled"":true,""power"":{""mode"":""24v"",""externalPower"":true,""batteryMv"":65535,""batteryValid"":false,""batteryDetected"":false,""batterySenseStatus"":""not_detected"",""batteryLow"":false,""batteryCritical"":false,""sourceAmbiguous"":false,""serviceHoldActive"":false,""serviceHoldEffective"":false},""batterySession"":{""state"":""inactive"",""startedMs"":0,""stateStartedMs"":0,""validSampleBatches"":0,""requiredSampleBatches"":10,""alarmTxAttempts"":0,""alarmTxAttemptLimit"":3,""alarmAckReceived"":false,""pendingAlarm"":false,""pendingSaveRequired"":false,""persistenceFaultHold"":false,""completionReason"":""session_done""},""bootHealth"":{""adsReady"":true,""adsDrdyLevel"":0,""adsDrdyPulldownLevel"":0,""adsDrdyPullupLevel"":0,""adsMisoPulldownLevel"":0,""adsMisoPullupLevel"":1,""adsCsLevel"":1,""adsSyncLevel"":1,""adsStatus"":54,""adsMux"":15,""adsAdcon"":6,""adsDrate"":240,""adsReason"":""ok"",""tcaOk"":true,""mcpOkCount"":8,""mcpOk"":[true,true,true,true,true,true,true,true],""mcpAddrMask"":[1,1,1,1,1,1,1,1],""mcpControlTested"":true,""mcpControlOkCount"":8,""mcpControlOk"":[true,true,true,true,true,true,true,true],""dacReady"":true,""radioReady"":true,""mlReady"":true,""nullingProfileApplied"":true,""modelProfileReady"":false},""runtimeMcpCode"":[255,519,795,706,799,865,665,139],""model"":{""profileId"":""cnn-dualbranch-datasheet-v1-unbound"",""scalerProfileId"":""cnn-dualbranch-datasheet-v1-unbound"",""productionApproved"":true,""boundNullingProfileId"":8,""activeNullingProfileId"":9,""bindingValid"":true,""bindingModelMatches"":true,""profileReady"":false,""inferenceValid"":false,""sensorFault"":true},""lora"":{""beginState"":0,""lastTxState"":0,""lastTxOk"":false,""txSeq"":0,""txCounter"":0,""aesKeyProvisioned"":true,""aesKeyPresent"":true,""aesKeySource"":""nvs"",""keyId"":1,""lastDownlinkCommandId"":0,""freqMHz"":920,""bwKHz"":125,""sf"":7,""cr"":5,""syncWord"":18,""txPowerDbm"":17,""preamble"":8,""tcxoVoltage"":1.600000024,""xtalVoltage"":0},""dataset"":{""state"":""idle"",""step"":""idle"",""label"":"""",""seq"":0,""targetSamples"":0,""sampleIntervalMs"":500,""maxDurationMs"":0,""useFanIntake"":true,""fanOnMs"":1000,""postFanSettleMs"":0,""nullingProfileId"":9,""queuePending"":0,""queueCapacity"":16,""queueEnqueued"":0,""queueDropped"":0,""publishFailCount"":0,""retryCount"":0,""retryFailCount"":0,""rejectedSamples"":0,""lastRejectReason"":""none"",""lastRejectChannel"":-1,""lastRejectOkFiniteCount"":0,""lastRejectStatus"":255,""lastRejectGain"":0,""lastRejectSaturated"":false},""recovery"":{""wifiReconnectCount"":0,""wifiReconnectFailCount"":0,""mqttReconnectCount"":0,""mqttConnectFailCount"":0,""lastMqttState"":0,""adsRecoveryCount"":0,""adsRecoveryFailCount"":0,""adsReadFailStreak"":0,""lastReason"":""none"",""lastRecoveryMs"":0,""bootRecoveryArmed"":false,""bootRecoveryDueMs"":0,""bootRecoveryReason"":""none"",""bootRecoveryNonAdsFailure"":false,""bootRecoveryRestartCount"":0},""nulling"":{""done"":false,""retryArmed"":false,""attemptCount"":0,""nextRetryMs"":0,""thresholdV"":9.999999747E-06,""minFinalV"":0},""telemetry"":{""valid"":true,""sampleMs"":6645255,""gasClass"":6,""gasName"":""CO2"",""confidence"":0,""alarm"":false,""sensorVoltage"":[0.115754701,0.003953957,0.004890929,-0.002508258,-0.009543099,-0.01161334,-0.019952497,-0.02535307],""sensorGain"":[32,64,64,64,64,64,64,64],""sensorStatus"":[0,0,0,0,0,0,0,0],""featureOrder"":[""MQ8"",""MQ135"",""MQ3"",""MQ5"",""MQ4"",""MQ7"",""MQ6"",""MQ2""]},""alarmLatched"":false}"
2026-08-04 11:11:50.051 +07:00,268.930,HOT_SWEEP_70,70,700,300,1,0,0.116156913,0.004027036,0.00489128,-0.002510439,-0.009536957,-0.01163222,-0.019550491,-0.024950109,"{""deviceId"":""1001"",""nodeId"":4097,""targetChId"":""0010"",""mode"":""inference"",""uptimeMs"":6646374,""debugEnabled"":true,""power"":{""mode"":""24v"",""externalPower"":true,""batteryMv"":65535,""batteryValid"":false,""batteryDetected"":false,""batterySenseStatus"":""not_detected"",""batteryLow"":false,""batteryCritical"":false,""sourceAmbiguous"":false,""serviceHoldActive"":false,""serviceHoldEffective"":false},""batterySession"":{""state"":""inactive"",""startedMs"":0,""stateStartedMs"":0,""validSampleBatches"":0,""requiredSampleBatches"":10,""alarmTxAttempts"":0,""alarmTxAttemptLimit"":3,""alarmAckReceived"":false,""pendingAlarm"":false,""pendingSaveRequired"":false,""persistenceFaultHold"":false,""completionReason"":""session_done""},""bootHealth"":{""adsReady"":true,""adsDrdyLevel"":0,""adsDrdyPulldownLevel"":0,""adsDrdyPullupLevel"":0,""adsMisoPulldownLevel"":0,""adsMisoPullupLevel"":1,""adsCsLevel"":1,""adsSyncLevel"":1,""adsStatus"":54,""adsMux"":15,""adsAdcon"":6,""adsDrate"":240,""adsReason"":""ok"",""tcaOk"":true,""mcpOkCount"":8,""mcpOk"":[true,true,true,true,true,true,true,true],""mcpAddrMask"":[1,1,1,1,1,1,1,1],""mcpControlTested"":true,""mcpControlOkCount"":8,""mcpControlOk"":[true,true,true,true,true,true,true,true],""dacReady"":true,""radioReady"":true,""mlReady"":true,""nullingProfileApplied"":true,""modelProfileReady"":false},""runtimeMcpCode"":[255,519,795,706,799,865,665,139],""model"":{""profileId"":""cnn-dualbranch-datasheet-v1-unbound"",""scalerProfileId"":""cnn-dualbranch-datasheet-v1-unbound"",""productionApproved"":true,""boundNullingProfileId"":8,""activeNullingProfileId"":9,""bindingValid"":true,""bindingModelMatches"":true,""profileReady"":false,""inferenceValid"":false,""sensorFault"":true},""lora"":{""beginState"":0,""lastTxState"":0,""lastTxOk"":false,""txSeq"":0,""txCounter"":0,""aesKeyProvisioned"":true,""aesKeyPresent"":true,""aesKeySource"":""nvs"",""keyId"":1,""lastDownlinkCommandId"":0,""freqMHz"":920,""bwKHz"":125,""sf"":7,""cr"":5,""syncWord"":18,""txPowerDbm"":17,""preamble"":8,""tcxoVoltage"":1.600000024,""xtalVoltage"":0},""dataset"":{""state"":""idle"",""step"":""idle"",""label"":"""",""seq"":0,""targetSamples"":0,""sampleIntervalMs"":500,""maxDurationMs"":0,""useFanIntake"":true,""fanOnMs"":1000,""postFanSettleMs"":0,""nullingProfileId"":9,""queuePending"":0,""queueCapacity"":16,""queueEnqueued"":0,""queueDropped"":0,""publishFailCount"":0,""retryCount"":0,""retryFailCount"":0,""rejectedSamples"":0,""lastRejectReason"":""none"",""lastRejectChannel"":-1,""lastRejectOkFiniteCount"":0,""lastRejectStatus"":255,""lastRejectGain"":0,""lastRejectSaturated"":false},""recovery"":{""wifiReconnectCount"":0,""wifiReconnectFailCount"":0,""mqttReconnectCount"":0,""mqttConnectFailCount"":0,""lastMqttState"":0,""adsRecoveryCount"":0,""adsRecoveryFailCount"":0,""adsReadFailStreak"":0,""lastReason"":""none"",""lastRecoveryMs"":0,""bootRecoveryArmed"":false,""bootRecoveryDueMs"":0,""bootRecoveryReason"":""none"",""bootRecoveryNonAdsFailure"":false,""bootRecoveryRestartCount"":0},""nulling"":{""done"":false,""retryArmed"":false,""attemptCount"":0,""nextRetryMs"":0,""thresholdV"":9.999999747E-06,""minFinalV"":0},""telemetry"":{""valid"":true,""sampleMs"":6645969,""gasClass"":6,""gasName"":""CO2"",""confidence"":0,""alarm"":false,""sensorVoltage"":[0.116156913,0.004027036,0.00489128,-0.002510439,-0.009536957,-0.01163222,-0.019550491,-0.024950109],""sensorGain"":[32,64,64,64,64,64,64,64],""sensorStatus"":[0,0,0,0,0,0,0,0],""featureOrder"":[""MQ8"",""MQ135"",""MQ3"",""MQ5"",""MQ4"",""MQ7"",""MQ6"",""MQ2""]},""alarmLatched"":false}"
2026-08-04 11:11:50.734 +07:00,269.615,HOT_SWEEP_70,70,700,300,1,0,0.115856931,0.004028786,0.004959927,-0.002502757,-0.009522559,-0.011629602,-0.019610383,-0.025367126,"{""deviceId"":""1001"",""nodeId"":4097,""targetChId"":""0010"",""mode"":""inference"",""uptimeMs"":6647071,""debugEnabled"":true,""power"":{""mode"":""24v"",""externalPower"":true,""batteryMv"":65535,""batteryValid"":false,""batteryDetected"":false,""batterySenseStatus"":""not_detected"",""batteryLow"":false,""batteryCritical"":false,""sourceAmbiguous"":false,""serviceHoldActive"":false,""serviceHoldEffective"":false},""batterySession"":{""state"":""inactive"",""startedMs"":0,""stateStartedMs"":0,""validSampleBatches"":0,""requiredSampleBatches"":10,""alarmTxAttempts"":0,""alarmTxAttemptLimit"":3,""alarmAckReceived"":false,""pendingAlarm"":false,""pendingSaveRequired"":false,""persistenceFaultHold"":false,""completionReason"":""session_done""},""bootHealth"":{""adsReady"":true,""adsDrdyLevel"":0,""adsDrdyPulldownLevel"":0,""adsDrdyPullupLevel"":0,""adsMisoPulldownLevel"":0,""adsMisoPullupLevel"":1,""adsCsLevel"":1,""adsSyncLevel"":1,""adsStatus"":54,""adsMux"":15,""adsAdcon"":6,""adsDrate"":240,""adsReason"":""ok"",""tcaOk"":true,""mcpOkCount"":8,""mcpOk"":[true,true,true,true,true,true,true,true],""mcpAddrMask"":[1,1,1,1,1,1,1,1],""mcpControlTested"":true,""mcpControlOkCount"":8,""mcpControlOk"":[true,true,true,true,true,true,true,true],""dacReady"":true,""radioReady"":true,""mlReady"":true,""nullingProfileApplied"":true,""modelProfileReady"":false},""runtimeMcpCode"":[255,519,795,706,799,865,665,139],""model"":{""profileId"":""cnn-dualbranch-datasheet-v1-unbound"",""scalerProfileId"":""cnn-dualbranch-datasheet-v1-unbound"",""productionApproved"":true,""boundNullingProfileId"":8,""activeNullingProfileId"":9,""bindingValid"":true,""bindingModelMatches"":true,""profileReady"":false,""inferenceValid"":false,""sensorFault"":true},""lora"":{""beginState"":0,""lastTxState"":0,""lastTxOk"":false,""txSeq"":0,""txCounter"":0,""aesKeyProvisioned"":true,""aesKeyPresent"":true,""aesKeySource"":""nvs"",""keyId"":1,""lastDownlinkCommandId"":0,""freqMHz"":920,""bwKHz"":125,""sf"":7,""cr"":5,""syncWord"":18,""txPowerDbm"":17,""preamble"":8,""tcxoVoltage"":1.600000024,""xtalVoltage"":0},""dataset"":{""state"":""idle"",""step"":""idle"",""label"":"""",""seq"":0,""targetSamples"":0,""sampleIntervalMs"":500,""maxDurationMs"":0,""useFanIntake"":true,""fanOnMs"":1000,""postFanSettleMs"":0,""nullingProfileId"":9,""queuePending"":0,""queueCapacity"":16,""queueEnqueued"":0,""queueDropped"":0,""publishFailCount"":0,""retryCount"":0,""retryFailCount"":0,""rejectedSamples"":0,""lastRejectReason"":""none"",""lastRejectChannel"":-1,""lastRejectOkFiniteCount"":0,""lastRejectStatus"":255,""lastRejectGain"":0,""lastRejectSaturated"":false},""recovery"":{""wifiReconnectCount"":0,""wifiReconnectFailCount"":0,""mqttReconnectCount"":0,""mqttConnectFailCount"":0,""lastMqttState"":0,""adsRecoveryCount"":0,""adsRecoveryFailCount"":0,""adsReadFailStreak"":0,""lastReason"":""none"",""lastRecoveryMs"":0,""bootRecoveryArmed"":false,""bootRecoveryDueMs"":0,""bootRecoveryReason"":""none"",""bootRecoveryNonAdsFailure"":false,""bootRecoveryRestartCount"":0},""nulling"":{""done"":false,""retryArmed"":false,""attemptCount"":0,""nextRetryMs"":0,""thresholdV"":9.999999747E-06,""minFinalV"":0},""telemetry"":{""valid"":true,""sampleMs"":6646684,""gasClass"":6,""gasName"":""CO2"",""confidence"":0,""alarm"":false,""sensorVoltage"":[0.115856931,0.004028786,0.004959927,-0.002502757,-0.009522559,-0.011629602,-0.019610383,-0.025367126],""sensorGain"":[32,64,64,64,64,64,64,64],""sensorStatus"":[0,0,0,0,0,0,0,0],""featureOrder"":[""MQ8"",""MQ135"",""MQ3"",""MQ5"",""MQ4"",""MQ7"",""MQ6"",""MQ2""]},""alarmLatched"":false}"
2026-08-04 11:11:51.425 +07:00,270.305,HOT_SWEEP_70,70,700,300,1,0,0.115457356,0.004049642,0.005007447,-0.002491875,-0.009531009,-0.011649515,-0.019614024,-0.025432061,"{""deviceId"":""1001"",""nodeId"":4097,""targetChId"":""0010"",""mode"":""inference"",""uptimeMs"":6647761,""debugEnabled"":true,""power"":{""mode"":""24v"",""externalPower"":true,""batteryMv"":65535,""batteryValid"":false,""batteryDetected"":false,""batterySenseStatus"":""not_detected"",""batteryLow"":false,""batteryCritical"":false,""sourceAmbiguous"":false,""serviceHoldActive"":false,""serviceHoldEffective"":false},""batterySession"":{""state"":""inactive"",""startedMs"":0,""stateStartedMs"":0,""validSampleBatches"":0,""requiredSampleBatches"":10,""alarmTxAttempts"":0,""alarmTxAttemptLimit"":3,""alarmAckReceived"":false,""pendingAlarm"":false,""pendingSaveRequired"":false,""persistenceFaultHold"":false,""completionReason"":""session_done""},""bootHealth"":{""adsReady"":true,""adsDrdyLevel"":0,""adsDrdyPulldownLevel"":0,""adsDrdyPullupLevel"":0,""adsMisoPulldownLevel"":0,""adsMisoPullupLevel"":1,""adsCsLevel"":1,""adsSyncLevel"":1,""adsStatus"":54,""adsMux"":15,""adsAdcon"":6,""adsDrate"":240,""adsReason"":""ok"",""tcaOk"":true,""mcpOkCount"":8,""mcpOk"":[true,true,true,true,true,true,true,true],""mcpAddrMask"":[1,1,1,1,1,1,1,1],""mcpControlTested"":true,""mcpControlOkCount"":8,""mcpControlOk"":[true,true,true,true,true,true,true,true],""dacReady"":true,""radioReady"":true,""mlReady"":true,""nullingProfileApplied"":true,""modelProfileReady"":false},""runtimeMcpCode"":[255,519,795,706,799,865,665,139],""model"":{""profileId"":""cnn-dualbranch-datasheet-v1-unbound"",""scalerProfileId"":""cnn-dualbranch-datasheet-v1-unbound"",""productionApproved"":true,""boundNullingProfileId"":8,""activeNullingProfileId"":9,""bindingValid"":true,""bindingModelMatches"":true,""profileReady"":false,""inferenceValid"":false,""sensorFault"":true},""lora"":{""beginState"":0,""lastTxState"":0,""lastTxOk"":false,""txSeq"":0,""txCounter"":0,""aesKeyProvisioned"":true,""aesKeyPresent"":true,""aesKeySource"":""nvs"",""keyId"":1,""lastDownlinkCommandId"":0,""freqMHz"":920,""bwKHz"":125,""sf"":7,""cr"":5,""syncWord"":18,""txPowerDbm"":17,""preamble"":8,""tcxoVoltage"":1.600000024,""xtalVoltage"":0},""dataset"":{""state"":""idle"",""step"":""idle"",""label"":"""",""seq"":0,""targetSamples"":0,""sampleIntervalMs"":500,""maxDurationMs"":0,""useFanIntake"":true,""fanOnMs"":1000,""postFanSettleMs"":0,""nullingProfileId"":9,""queuePending"":0,""queueCapacity"":16,""queueEnqueued"":0,""queueDropped"":0,""publishFailCount"":0,""retryCount"":0,""retryFailCount"":0,""rejectedSamples"":0,""lastRejectReason"":""none"",""lastRejectChannel"":-1,""lastRejectOkFiniteCount"":0,""lastRejectStatus"":255,""lastRejectGain"":0,""lastRejectSaturated"":false},""recovery"":{""wifiReconnectCount"":0,""wifiReconnectFailCount"":0,""mqttReconnectCount"":0,""mqttConnectFailCount"":0,""lastMqttState"":0,""adsRecoveryCount"":0,""adsRecoveryFailCount"":0,""adsReadFailStreak"":0,""lastReason"":""none"",""lastRecoveryMs"":0,""bootRecoveryArmed"":false,""bootRecoveryDueMs"":0,""bootRecoveryReason"":""none"",""bootRecoveryNonAdsFailure"":false,""bootRecoveryRestartCount"":0},""nulling"":{""done"":false,""retryArmed"":false,""attemptCount"":0,""nextRetryMs"":0,""thresholdV"":9.999999747E-06,""minFinalV"":0},""telemetry"":{""valid"":true,""sampleMs"":6647349,""gasClass"":6,""gasName"":""CO2"",""confidence"":0,""alarm"":false,""sensorVoltage"":[0.115457356,0.004049642,0.005007447,-0.002491875,-0.009531009,-0.011649515,-0.019614024,-0.025432061],""sensorGain"":[32,64,64,64,64,64,64,64],""sensorStatus"":[0,0,0,0,0,0,0,0],""featureOrder"":[""MQ8"",""MQ135"",""MQ3"",""MQ5"",""MQ4"",""MQ7"",""MQ6"",""MQ2""]},""alarmLatched"":false}"
2026-08-04 11:11:52.106 +07:00,270.987,HOT_SWEEP_70,70,700,300,1,0,0.116197385,0.004020264,0.005009999,-0.002534949,-0.009287378,-0.011369451,-0.019325925,-0.025002668,"{""deviceId"":""1001"",""nodeId"":4097,""targetChId"":""0010"",""mode"":""inference"",""uptimeMs"":6648455,""debugEnabled"":true,""power"":{""mode"":""24v"",""externalPower"":true,""batteryMv"":65535,""batteryValid"":false,""batteryDetected"":false,""batterySenseStatus"":""not_detected"",""batteryLow"":false,""batteryCritical"":false,""sourceAmbiguous"":false,""serviceHoldActive"":false,""serviceHoldEffective"":false},""batterySession"":{""state"":""inactive"",""startedMs"":0,""stateStartedMs"":0,""validSampleBatches"":0,""requiredSampleBatches"":10,""alarmTxAttempts"":0,""alarmTxAttemptLimit"":3,""alarmAckReceived"":false,""pendingAlarm"":false,""pendingSaveRequired"":false,""persistenceFaultHold"":false,""completionReason"":""session_done""},""bootHealth"":{""adsReady"":true,""adsDrdyLevel"":0,""adsDrdyPulldownLevel"":0,""adsDrdyPullupLevel"":0,""adsMisoPulldownLevel"":0,""adsMisoPullupLevel"":1,""adsCsLevel"":1,""adsSyncLevel"":1,""adsStatus"":54,""adsMux"":15,""adsAdcon"":6,""adsDrate"":240,""adsReason"":""ok"",""tcaOk"":true,""mcpOkCount"":8,""mcpOk"":[true,true,true,true,true,true,true,true],""mcpAddrMask"":[1,1,1,1,1,1,1,1],""mcpControlTested"":true,""mcpControlOkCount"":8,""mcpControlOk"":[true,true,true,true,true,true,true,true],""dacReady"":true,""radioReady"":true,""mlReady"":true,""nullingProfileApplied"":true,""modelProfileReady"":false},""runtimeMcpCode"":[255,519,795,706,799,865,665,139],""model"":{""profileId"":""cnn-dualbranch-datasheet-v1-unbound"",""scalerProfileId"":""cnn-dualbranch-datasheet-v1-unbound"",""productionApproved"":true,""boundNullingProfileId"":8,""activeNullingProfileId"":9,""bindingValid"":true,""bindingModelMatches"":true,""profileReady"":false,""inferenceValid"":false,""sensorFault"":true},""lora"":{""beginState"":0,""lastTxState"":0,""lastTxOk"":false,""txSeq"":0,""txCounter"":0,""aesKeyProvisioned"":true,""aesKeyPresent"":true,""aesKeySource"":""nvs"",""keyId"":1,""lastDownlinkCommandId"":0,""freqMHz"":920,""bwKHz"":125,""sf"":7,""cr"":5,""syncWord"":18,""txPowerDbm"":17,""preamble"":8,""tcxoVoltage"":1.600000024,""xtalVoltage"":0},""dataset"":{""state"":""idle"",""step"":""idle"",""label"":"""",""seq"":0,""targetSamples"":0,""sampleIntervalMs"":500,""maxDurationMs"":0,""useFanIntake"":true,""fanOnMs"":1000,""postFanSettleMs"":0,""nullingProfileId"":9,""queuePending"":0,""queueCapacity"":16,""queueEnqueued"":0,""queueDropped"":0,""publishFailCount"":0,""retryCount"":0,""retryFailCount"":0,""rejectedSamples"":0,""lastRejectReason"":""none"",""lastRejectChannel"":-1,""lastRejectOkFiniteCount"":0,""lastRejectStatus"":255,""lastRejectGain"":0,""lastRejectSaturated"":false},""recovery"":{""wifiReconnectCount"":0,""wifiReconnectFailCount"":0,""mqttReconnectCount"":0,""mqttConnectFailCount"":0,""lastMqttState"":0,""adsRecoveryCount"":0,""adsRecoveryFailCount"":0,""adsReadFailStreak"":0,""lastReason"":""none"",""lastRecoveryMs"":0,""bootRecoveryArmed"":false,""bootRecoveryDueMs"":0,""bootRecoveryReason"":""none"",""bootRecoveryNonAdsFailure"":false,""bootRecoveryRestartCount"":0},""nulling"":{""done"":false,""retryArmed"":false,""attemptCount"":0,""nextRetryMs"":0,""thresholdV"":9.999999747E-06,""minFinalV"":0},""telemetry"":{""valid"":true,""sampleMs"":6648039,""gasClass"":6,""gasName"":""CO2"",""confidence"":0,""alarm"":false,""sensorVoltage"":[0.116197385,0.004020264,0.005009999,-0.002534949,-0.009287378,-0.011369451,-0.019325925,-0.025002668],""sensorGain"":[32,64,64,64,64,64,64,64],""sensorStatus"":[0,0,0,0,0,0,0,0],""featureOrder"":[""MQ8"",""MQ135"",""MQ3"",""MQ5"",""MQ4"",""MQ7"",""MQ6"",""MQ2""]},""alarmLatched"":false}"
2026-08-04 11:11:52.814 +07:00,271.693,HOT_SWEEP_70,70,700,300,1,0,0.115856372,0.00400552,0.004954789,-0.002572103,-0.009318553,-0.011626026,-0.019708579,-0.02501661,"{""deviceId"":""1001"",""nodeId"":4097,""targetChId"":""0010"",""mode"":""inference"",""uptimeMs"":6649148,""debugEnabled"":true,""power"":{""mode"":""24v"",""externalPower"":true,""batteryMv"":65535,""batteryValid"":false,""batteryDetected"":false,""batterySenseStatus"":""not_detected"",""batteryLow"":false,""batteryCritical"":false,""sourceAmbiguous"":false,""serviceHoldActive"":false,""serviceHoldEffective"":false},""batterySession"":{""state"":""inactive"",""startedMs"":0,""stateStartedMs"":0,""validSampleBatches"":0,""requiredSampleBatches"":10,""alarmTxAttempts"":0,""alarmTxAttemptLimit"":3,""alarmAckReceived"":false,""pendingAlarm"":false,""pendingSaveRequired"":false,""persistenceFaultHold"":false,""completionReason"":""session_done""},""bootHealth"":{""adsReady"":true,""adsDrdyLevel"":0,""adsDrdyPulldownLevel"":0,""adsDrdyPullupLevel"":0,""adsMisoPulldownLevel"":0,""adsMisoPullupLevel"":1,""adsCsLevel"":1,""adsSyncLevel"":1,""adsStatus"":54,""adsMux"":15,""adsAdcon"":6,""adsDrate"":240,""adsReason"":""ok"",""tcaOk"":true,""mcpOkCount"":8,""mcpOk"":[true,true,true,true,true,true,true,true],""mcpAddrMask"":[1,1,1,1,1,1,1,1],""mcpControlTested"":true,""mcpControlOkCount"":8,""mcpControlOk"":[true,true,true,true,true,true,true,true],""dacReady"":true,""radioReady"":true,""mlReady"":true,""nullingProfileApplied"":true,""modelProfileReady"":false},""runtimeMcpCode"":[255,519,795,706,799,865,665,139],""model"":{""profileId"":""cnn-dualbranch-datasheet-v1-unbound"",""scalerProfileId"":""cnn-dualbranch-datasheet-v1-unbound"",""productionApproved"":true,""boundNullingProfileId"":8,""activeNullingProfileId"":9,""bindingValid"":true,""bindingModelMatches"":true,""profileReady"":false,""inferenceValid"":false,""sensorFault"":true},""lora"":{""beginState"":0,""lastTxState"":0,""lastTxOk"":false,""txSeq"":0,""txCounter"":0,""aesKeyProvisioned"":true,""aesKeyPresent"":true,""aesKeySource"":""nvs"",""keyId"":1,""lastDownlinkCommandId"":0,""freqMHz"":920,""bwKHz"":125,""sf"":7,""cr"":5,""syncWord"":18,""txPowerDbm"":17,""preamble"":8,""tcxoVoltage"":1.600000024,""xtalVoltage"":0},""dataset"":{""state"":""idle"",""step"":""idle"",""label"":"""",""seq"":0,""targetSamples"":0,""sampleIntervalMs"":500,""maxDurationMs"":0,""useFanIntake"":true,""fanOnMs"":1000,""postFanSettleMs"":0,""nullingProfileId"":9,""queuePending"":0,""queueCapacity"":16,""queueEnqueued"":0,""queueDropped"":0,""publishFailCount"":0,""retryCount"":0,""retryFailCount"":0,""rejectedSamples"":0,""lastRejectReason"":""none"",""lastRejectChannel"":-1,""lastRejectOkFiniteCount"":0,""lastRejectStatus"":255,""lastRejectGain"":0,""lastRejectSaturated"":false},""recovery"":{""wifiReconnectCount"":0,""wifiReconnectFailCount"":0,""mqttReconnectCount"":0,""mqttConnectFailCount"":0,""lastMqttState"":0,""adsRecoveryCount"":0,""adsRecoveryFailCount"":0,""adsReadFailStreak"":0,""lastReason"":""none"",""lastRecoveryMs"":0,""bootRecoveryArmed"":false,""bootRecoveryDueMs"":0,""bootRecoveryReason"":""none"",""bootRecoveryNonAdsFailure"":false,""bootRecoveryRestartCount"":0},""nulling"":{""done"":false,""retryArmed"":false,""attemptCount"":0,""nextRetryMs"":0,""thresholdV"":9.999999747E-06,""minFinalV"":0},""telemetry"":{""valid"":true,""sampleMs"":6648765,""gasClass"":6,""gasName"":""CO2"",""confidence"":0,""alarm"":false,""sensorVoltage"":[0.115856372,0.00400552,0.004954789,-0.002572103,-0.009318553,-0.011626026,-0.019708579,-0.02501661],""sensorGain"":[32,64,64,64,64,64,64,64],""sensorStatus"":[0,0,0,0,0,0,0,0],""featureOrder"":[""MQ8"",""MQ135"",""MQ3"",""MQ5"",""MQ4"",""MQ7"",""MQ6"",""MQ2""]},""alarmLatched"":false}"
2026-08-04 11:11:53.492 +07:00,272.373,HOT_SWEEP_70,70,700,300,1,0,0.115438223,0.004083865,0.004947224,-0.002497988,-0.009360868,-0.011596492,-0.019646289,-0.024967611,"{""deviceId"":""1001"",""nodeId"":4097,""targetChId"":""0010"",""mode"":""inference"",""uptimeMs"":6649834,""debugEnabled"":true,""power"":{""mode"":""24v"",""externalPower"":true,""batteryMv"":65535,""batteryValid"":false,""batteryDetected"":false,""batterySenseStatus"":""not_detected"",""batteryLow"":false,""batteryCritical"":false,""sourceAmbiguous"":false,""serviceHoldActive"":false,""serviceHoldEffective"":false},""batterySession"":{""state"":""inactive"",""startedMs"":0,""stateStartedMs"":0,""validSampleBatches"":0,""requiredSampleBatches"":10,""alarmTxAttempts"":0,""alarmTxAttemptLimit"":3,""alarmAckReceived"":false,""pendingAlarm"":false,""pendingSaveRequired"":false,""persistenceFaultHold"":false,""completionReason"":""session_done""},""bootHealth"":{""adsReady"":true,""adsDrdyLevel"":0,""adsDrdyPulldownLevel"":0,""adsDrdyPullupLevel"":0,""adsMisoPulldownLevel"":0,""adsMisoPullupLevel"":1,""adsCsLevel"":1,""adsSyncLevel"":1,""adsStatus"":54,""adsMux"":15,""adsAdcon"":6,""adsDrate"":240,""adsReason"":""ok"",""tcaOk"":true,""mcpOkCount"":8,""mcpOk"":[true,true,true,true,true,true,true,true],""mcpAddrMask"":[1,1,1,1,1,1,1,1],""mcpControlTested"":true,""mcpControlOkCount"":8,""mcpControlOk"":[true,true,true,true,true,true,true,true],""dacReady"":true,""radioReady"":true,""mlReady"":true,""nullingProfileApplied"":true,""modelProfileReady"":false},""runtimeMcpCode"":[255,519,795,706,799,865,665,139],""model"":{""profileId"":""cnn-dualbranch-datasheet-v1-unbound"",""scalerProfileId"":""cnn-dualbranch-datasheet-v1-unbound"",""productionApproved"":true,""boundNullingProfileId"":8,""activeNullingProfileId"":9,""bindingValid"":true,""bindingModelMatches"":true,""profileReady"":false,""inferenceValid"":false,""sensorFault"":true},""lora"":{""beginState"":0,""lastTxState"":0,""lastTxOk"":false,""txSeq"":0,""txCounter"":0,""aesKeyProvisioned"":true,""aesKeyPresent"":true,""aesKeySource"":""nvs"",""keyId"":1,""lastDownlinkCommandId"":0,""freqMHz"":920,""bwKHz"":125,""sf"":7,""cr"":5,""syncWord"":18,""txPowerDbm"":17,""preamble"":8,""tcxoVoltage"":1.600000024,""xtalVoltage"":0},""dataset"":{""state"":""idle"",""step"":""idle"",""label"":"""",""seq"":0,""targetSamples"":0,""sampleIntervalMs"":500,""maxDurationMs"":0,""useFanIntake"":true,""fanOnMs"":1000,""postFanSettleMs"":0,""nullingProfileId"":9,""queuePending"":0,""queueCapacity"":16,""queueEnqueued"":0,""queueDropped"":0,""publishFailCount"":0,""retryCount"":0,""retryFailCount"":0,""rejectedSamples"":0,""lastRejectReason"":""none"",""lastRejectChannel"":-1,""lastRejectOkFiniteCount"":0,""lastRejectStatus"":255,""lastRejectGain"":0,""lastRejectSaturated"":false},""recovery"":{""wifiReconnectCount"":0,""wifiReconnectFailCount"":0,""mqttReconnectCount"":0,""mqttConnectFailCount"":0,""lastMqttState"":0,""adsRecoveryCount"":0,""adsRecoveryFailCount"":0,""adsReadFailStreak"":0,""lastReason"":""none"",""lastRecoveryMs"":0,""bootRecoveryArmed"":false,""bootRecoveryDueMs"":0,""bootRecoveryReason"":""none"",""bootRecoveryNonAdsFailure"":false,""bootRecoveryRestartCount"":0},""nulling"":{""done"":false,""retryArmed"":false,""attemptCount"":0,""nextRetryMs"":0,""thresholdV"":9.999999747E-06,""minFinalV"":0},""telemetry"":{""valid"":true,""sampleMs"":6649426,""gasClass"":6,""gasName"":""CO2"",""confidence"":0,""alarm"":false,""sensorVoltage"":[0.115438223,0.004083865,0.004947224,-0.002497988,-0.009360868,-0.011596492,-0.019646289,-0.024967611],""sensorGain"":[32,64,64,64,64,64,64,64],""sensorStatus"":[0,0,0,0,0,0,0,0],""featureOrder"":[""MQ8"",""MQ135"",""MQ3"",""MQ5"",""MQ4"",""MQ7"",""MQ6"",""MQ2""]},""alarmLatched"":false}"
2026-08-04 11:11:54.185 +07:00,273.064,HOT_SWEEP_70,70,700,300,1,0,0.116229258,0.004069567,0.004853029,-0.002476571,-0.009134021,-0.011587361,-0.019745041,-0.024972487,"{""deviceId"":""1001"",""nodeId"":4097,""targetChId"":""0010"",""mode"":""inference"",""uptimeMs"":6650519,""debugEnabled"":true,""power"":{""mode"":""24v"",""externalPower"":true,""batteryMv"":65535,""batteryValid"":false,""batteryDetected"":false,""batterySenseStatus"":""not_detected"",""batteryLow"":false,""batteryCritical"":false,""sourceAmbiguous"":false,""serviceHoldActive"":false,""serviceHoldEffective"":false},""batterySession"":{""state"":""inactive"",""startedMs"":0,""stateStartedMs"":0,""validSampleBatches"":0,""requiredSampleBatches"":10,""alarmTxAttempts"":0,""alarmTxAttemptLimit"":3,""alarmAckReceived"":false,""pendingAlarm"":false,""pendingSaveRequired"":false,""persistenceFaultHold"":false,""completionReason"":""session_done""},""bootHealth"":{""adsReady"":true,""adsDrdyLevel"":0,""adsDrdyPulldownLevel"":0,""adsDrdyPullupLevel"":0,""adsMisoPulldownLevel"":0,""adsMisoPullupLevel"":1,""adsCsLevel"":1,""adsSyncLevel"":1,""adsStatus"":54,""adsMux"":15,""adsAdcon"":6,""adsDrate"":240,""adsReason"":""ok"",""tcaOk"":true,""mcpOkCount"":8,""mcpOk"":[true,true,true,true,true,true,true,true],""mcpAddrMask"":[1,1,1,1,1,1,1,1],""mcpControlTested"":true,""mcpControlOkCount"":8,""mcpControlOk"":[true,true,true,true,true,true,true,true],""dacReady"":true,""radioReady"":true,""mlReady"":true,""nullingProfileApplied"":true,""modelProfileReady"":false},""runtimeMcpCode"":[255,519,795,706,799,865,665,139],""model"":{""profileId"":""cnn-dualbranch-datasheet-v1-unbound"",""scalerProfileId"":""cnn-dualbranch-datasheet-v1-unbound"",""productionApproved"":true,""boundNullingProfileId"":8,""activeNullingProfileId"":9,""bindingValid"":true,""bindingModelMatches"":true,""profileReady"":false,""inferenceValid"":false,""sensorFault"":true},""lora"":{""beginState"":0,""lastTxState"":0,""lastTxOk"":false,""txSeq"":0,""txCounter"":0,""aesKeyProvisioned"":true,""aesKeyPresent"":true,""aesKeySource"":""nvs"",""keyId"":1,""lastDownlinkCommandId"":0,""freqMHz"":920,""bwKHz"":125,""sf"":7,""cr"":5,""syncWord"":18,""txPowerDbm"":17,""preamble"":8,""tcxoVoltage"":1.600000024,""xtalVoltage"":0},""dataset"":{""state"":""idle"",""step"":""idle"",""label"":"""",""seq"":0,""targetSamples"":0,""sampleIntervalMs"":500,""maxDurationMs"":0,""useFanIntake"":true,""fanOnMs"":1000,""postFanSettleMs"":0,""nullingProfileId"":9,""queuePending"":0,""queueCapacity"":16,""queueEnqueued"":0,""queueDropped"":0,""publishFailCount"":0,""retryCount"":0,""retryFailCount"":0,""rejectedSamples"":0,""lastRejectReason"":""none"",""lastRejectChannel"":-1,""lastRejectOkFiniteCount"":0,""lastRejectStatus"":255,""lastRejectGain"":0,""lastRejectSaturated"":false},""recovery"":{""wifiReconnectCount"":0,""wifiReconnectFailCount"":0,""mqttReconnectCount"":0,""mqttConnectFailCount"":0,""lastMqttState"":0,""adsRecoveryCount"":0,""adsRecoveryFailCount"":0,""adsReadFailStreak"":0,""lastReason"":""none"",""lastRecoveryMs"":0,""bootRecoveryArmed"":false,""bootRecoveryDueMs"":0,""bootRecoveryReason"":""none"",""bootRecoveryNonAdsFailure"":false,""bootRecoveryRestartCount"":0},""nulling"":{""done"":false,""retryArmed"":false,""attemptCount"":0,""nextRetryMs"":0,""thresholdV"":9.999999747E-06,""minFinalV"":0},""telemetry"":{""valid"":true,""sampleMs"":6650112,""gasClass"":6,""gasName"":""CO2"",""confidence"":0,""alarm"":false,""sensorVoltage"":[0.116229258,0.004069567,0.004853029,-0.002476571,-0.009134021,-0.011587361,-0.019745041,-0.024972487],""sensorGain"":[32,64,64,64,64,64,64,64],""sensorStatus"":[0,0,0,0,0,0,0,0],""featureOrder"":[""MQ8"",""MQ135"",""MQ3"",""MQ5"",""MQ4"",""MQ7"",""MQ6"",""MQ2""]},""alarmLatched"":false}"
2026-08-04 11:11:54.881 +07:00,273.763,HOT_SWEEP_70,70,700,300,1,0,0.116016731,0.004061757,0.004897214,-0.002530839,-0.00920947,-0.011637393,-0.019742737,-0.024973093,"{""deviceId"":""1001"",""nodeId"":4097,""targetChId"":""0010"",""mode"":""inference"",""uptimeMs"":6651219,""debugEnabled"":true,""power"":{""mode"":""24v"",""externalPower"":true,""batteryMv"":65535,""batteryValid"":false,""batteryDetected"":false,""batterySenseStatus"":""not_detected"",""batteryLow"":false,""batteryCritical"":false,""sourceAmbiguous"":false,""serviceHoldActive"":false,""serviceHoldEffective"":false},""batterySession"":{""state"":""inactive"",""startedMs"":0,""stateStartedMs"":0,""validSampleBatches"":0,""requiredSampleBatches"":10,""alarmTxAttempts"":0,""alarmTxAttemptLimit"":3,""alarmAckReceived"":false,""pendingAlarm"":false,""pendingSaveRequired"":false,""persistenceFaultHold"":false,""completionReason"":""session_done""},""bootHealth"":{""adsReady"":true,""adsDrdyLevel"":0,""adsDrdyPulldownLevel"":0,""adsDrdyPullupLevel"":0,""adsMisoPulldownLevel"":0,""adsMisoPullupLevel"":1,""adsCsLevel"":1,""adsSyncLevel"":1,""adsStatus"":54,""adsMux"":15,""adsAdcon"":6,""adsDrate"":240,""adsReason"":""ok"",""tcaOk"":true,""mcpOkCount"":8,""mcpOk"":[true,true,true,true,true,true,true,true],""mcpAddrMask"":[1,1,1,1,1,1,1,1],""mcpControlTested"":true,""mcpControlOkCount"":8,""mcpControlOk"":[true,true,true,true,true,true,true,true],""dacReady"":true,""radioReady"":true,""mlReady"":true,""nullingProfileApplied"":true,""modelProfileReady"":false},""runtimeMcpCode"":[255,519,795,706,799,865,665,139],""model"":{""profileId"":""cnn-dualbranch-datasheet-v1-unbound"",""scalerProfileId"":""cnn-dualbranch-datasheet-v1-unbound"",""productionApproved"":true,""boundNullingProfileId"":8,""activeNullingProfileId"":9,""bindingValid"":true,""bindingModelMatches"":true,""profileReady"":false,""inferenceValid"":false,""sensorFault"":true},""lora"":{""beginState"":0,""lastTxState"":0,""lastTxOk"":false,""txSeq"":0,""txCounter"":0,""aesKeyProvisioned"":true,""aesKeyPresent"":true,""aesKeySource"":""nvs"",""keyId"":1,""lastDownlinkCommandId"":0,""freqMHz"":920,""bwKHz"":125,""sf"":7,""cr"":5,""syncWord"":18,""txPowerDbm"":17,""preamble"":8,""tcxoVoltage"":1.600000024,""xtalVoltage"":0},""dataset"":{""state"":""idle"",""step"":""idle"",""label"":"""",""seq"":0,""targetSamples"":0,""sampleIntervalMs"":500,""maxDurationMs"":0,""useFanIntake"":true,""fanOnMs"":1000,""postFanSettleMs"":0,""nullingProfileId"":9,""queuePending"":0,""queueCapacity"":16,""queueEnqueued"":0,""queueDropped"":0,""publishFailCount"":0,""retryCount"":0,""retryFailCount"":0,""rejectedSamples"":0,""lastRejectReason"":""none"",""lastRejectChannel"":-1,""lastRejectOkFiniteCount"":0,""lastRejectStatus"":255,""lastRejectGain"":0,""lastRejectSaturated"":false},""recovery"":{""wifiReconnectCount"":0,""wifiReconnectFailCount"":0,""mqttReconnectCount"":0,""mqttConnectFailCount"":0,""lastMqttState"":0,""adsRecoveryCount"":0,""adsRecoveryFailCount"":0,""adsReadFailStreak"":0,""lastReason"":""none"",""lastRecoveryMs"":0,""bootRecoveryArmed"":false,""bootRecoveryDueMs"":0,""bootRecoveryReason"":""none"",""bootRecoveryNonAdsFailure"":false,""bootRecoveryRestartCount"":0},""nulling"":{""done"":false,""retryArmed"":false,""attemptCount"":0,""nextRetryMs"":0,""thresholdV"":9.999999747E-06,""minFinalV"":0},""telemetry"":{""valid"":true,""sampleMs"":6650829,""gasClass"":6,""gasName"":""CO2"",""confidence"":0,""alarm"":false,""sensorVoltage"":[0.116016731,0.004061757,0.004897214,-0.002530839,-0.00920947,-0.011637393,-0.019742737,-0.024973093],""sensorGain"":[32,64,64,64,64,64,64,64],""sensorStatus"":[0,0,0,0,0,0,0,0],""featureOrder"":[""MQ8"",""MQ135"",""MQ3"",""MQ5"",""MQ4"",""MQ7"",""MQ6"",""MQ2""]},""alarmLatched"":false}"
2026-08-04 11:11:55.573 +07:00,274.440,HOT_SWEEP_70,70,700,300,1,0,0.115830801,0.004055315,0.004906468,-0.002534095,-0.00922606,-0.011637591,-0.019731982,-0.024997838,"{""deviceId"":""1001"",""nodeId"":4097,""targetChId"":""0010"",""mode"":""inference"",""uptimeMs"":6651908,""debugEnabled"":true,""power"":{""mode"":""24v"",""externalPower"":true,""batteryMv"":65535,""batteryValid"":false,""batteryDetected"":false,""batterySenseStatus"":""not_detected"",""batteryLow"":false,""batteryCritical"":false,""sourceAmbiguous"":false,""serviceHoldActive"":false,""serviceHoldEffective"":false},""batterySession"":{""state"":""inactive"",""startedMs"":0,""stateStartedMs"":0,""validSampleBatches"":0,""requiredSampleBatches"":10,""alarmTxAttempts"":0,""alarmTxAttemptLimit"":3,""alarmAckReceived"":false,""pendingAlarm"":false,""pendingSaveRequired"":false,""persistenceFaultHold"":false,""completionReason"":""session_done""},""bootHealth"":{""adsReady"":true,""adsDrdyLevel"":0,""adsDrdyPulldownLevel"":0,""adsDrdyPullupLevel"":0,""adsMisoPulldownLevel"":0,""adsMisoPullupLevel"":1,""adsCsLevel"":1,""adsSyncLevel"":1,""adsStatus"":54,""adsMux"":15,""adsAdcon"":6,""adsDrate"":240,""adsReason"":""ok"",""tcaOk"":true,""mcpOkCount"":8,""mcpOk"":[true,true,true,true,true,true,true,true],""mcpAddrMask"":[1,1,1,1,1,1,1,1],""mcpControlTested"":true,""mcpControlOkCount"":8,""mcpControlOk"":[true,true,true,true,true,true,true,true],""dacReady"":true,""radioReady"":true,""mlReady"":true,""nullingProfileApplied"":true,""modelProfileReady"":false},""runtimeMcpCode"":[255,519,795,706,799,865,665,139],""model"":{""profileId"":""cnn-dualbranch-datasheet-v1-unbound"",""scalerProfileId"":""cnn-dualbranch-datasheet-v1-unbound"",""productionApproved"":true,""boundNullingProfileId"":8,""activeNullingProfileId"":9,""bindingValid"":true,""bindingModelMatches"":true,""profileReady"":false,""inferenceValid"":false,""sensorFault"":true},""lora"":{""beginState"":0,""lastTxState"":0,""lastTxOk"":false,""txSeq"":0,""txCounter"":0,""aesKeyProvisioned"":true,""aesKeyPresent"":true,""aesKeySource"":""nvs"",""keyId"":1,""lastDownlinkCommandId"":0,""freqMHz"":920,""bwKHz"":125,""sf"":7,""cr"":5,""syncWord"":18,""txPowerDbm"":17,""preamble"":8,""tcxoVoltage"":1.600000024,""xtalVoltage"":0},""dataset"":{""state"":""idle"",""step"":""idle"",""label"":"""",""seq"":0,""targetSamples"":0,""sampleIntervalMs"":500,""maxDurationMs"":0,""useFanIntake"":true,""fanOnMs"":1000,""postFanSettleMs"":0,""nullingProfileId"":9,""queuePending"":0,""queueCapacity"":16,""queueEnqueued"":0,""queueDropped"":0,""publishFailCount"":0,""retryCount"":0,""retryFailCount"":0,""rejectedSamples"":0,""lastRejectReason"":""none"",""lastRejectChannel"":-1,""lastRejectOkFiniteCount"":0,""lastRejectStatus"":255,""lastRejectGain"":0,""lastRejectSaturated"":false},""recovery"":{""wifiReconnectCount"":0,""wifiReconnectFailCount"":0,""mqttReconnectCount"":0,""mqttConnectFailCount"":0,""lastMqttState"":0,""adsRecoveryCount"":0,""adsRecoveryFailCount"":0,""adsReadFailStreak"":0,""lastReason"":""none"",""lastRecoveryMs"":0,""bootRecoveryArmed"":false,""bootRecoveryDueMs"":0,""bootRecoveryReason"":""none"",""bootRecoveryNonAdsFailure"":false,""bootRecoveryRestartCount"":0},""nulling"":{""done"":false,""retryArmed"":false,""attemptCount"":0,""nextRetryMs"":0,""thresholdV"":9.999999747E-06,""minFinalV"":0},""telemetry"":{""valid"":true,""sampleMs"":6651497,""gasClass"":6,""gasName"":""CO2"",""confidence"":0,""alarm"":false,""sensorVoltage"":[0.115830801,0.004055315,0.004906468,-0.002534095,-0.00922606,-0.011637591,-0.019731982,-0.024997838],""sensorGain"":[32,64,64,64,64,64,64,64],""sensorStatus"":[0,0,0,0,0,0,0,0],""featureOrder"":[""MQ8"",""MQ135"",""MQ3"",""MQ5"",""MQ4"",""MQ7"",""MQ6"",""MQ2""]},""alarmLatched"":false}"
2026-08-04 11:11:56.278 +07:00,275.159,HOT_SWEEP_70,70,700,300,1,0,0.116358757,0.004014616,0.004918241,-0.002521537,-0.009214717,-0.011637274,-0.019669596,-0.024915088,"{""deviceId"":""1001"",""nodeId"":4097,""targetChId"":""0010"",""mode"":""inference"",""uptimeMs"":6652615,""debugEnabled"":true,""power"":{""mode"":""24v"",""externalPower"":true,""batteryMv"":65535,""batteryValid"":false,""batteryDetected"":false,""batterySenseStatus"":""not_detected"",""batteryLow"":false,""batteryCritical"":false,""sourceAmbiguous"":false,""serviceHoldActive"":false,""serviceHoldEffective"":false},""batterySession"":{""state"":""inactive"",""startedMs"":0,""stateStartedMs"":0,""validSampleBatches"":0,""requiredSampleBatches"":10,""alarmTxAttempts"":0,""alarmTxAttemptLimit"":3,""alarmAckReceived"":false,""pendingAlarm"":false,""pendingSaveRequired"":false,""persistenceFaultHold"":false,""completionReason"":""session_done""},""bootHealth"":{""adsReady"":true,""adsDrdyLevel"":0,""adsDrdyPulldownLevel"":0,""adsDrdyPullupLevel"":0,""adsMisoPulldownLevel"":0,""adsMisoPullupLevel"":1,""adsCsLevel"":1,""adsSyncLevel"":1,""adsStatus"":54,""adsMux"":15,""adsAdcon"":6,""adsDrate"":240,""adsReason"":""ok"",""tcaOk"":true,""mcpOkCount"":8,""mcpOk"":[true,true,true,true,true,true,true,true],""mcpAddrMask"":[1,1,1,1,1,1,1,1],""mcpControlTested"":true,""mcpControlOkCount"":8,""mcpControlOk"":[true,true,true,true,true,true,true,true],""dacReady"":true,""radioReady"":true,""mlReady"":true,""nullingProfileApplied"":true,""modelProfileReady"":false},""runtimeMcpCode"":[255,519,795,706,799,865,665,139],""model"":{""profileId"":""cnn-dualbranch-datasheet-v1-unbound"",""scalerProfileId"":""cnn-dualbranch-datasheet-v1-unbound"",""productionApproved"":true,""boundNullingProfileId"":8,""activeNullingProfileId"":9,""bindingValid"":true,""bindingModelMatches"":true,""profileReady"":false,""inferenceValid"":false,""sensorFault"":true},""lora"":{""beginState"":0,""lastTxState"":0,""lastTxOk"":false,""txSeq"":0,""txCounter"":0,""aesKeyProvisioned"":true,""aesKeyPresent"":true,""aesKeySource"":""nvs"",""keyId"":1,""lastDownlinkCommandId"":0,""freqMHz"":920,""bwKHz"":125,""sf"":7,""cr"":5,""syncWord"":18,""txPowerDbm"":17,""preamble"":8,""tcxoVoltage"":1.600000024,""xtalVoltage"":0},""dataset"":{""state"":""idle"",""step"":""idle"",""label"":"""",""seq"":0,""targetSamples"":0,""sampleIntervalMs"":500,""maxDurationMs"":0,""useFanIntake"":true,""fanOnMs"":1000,""postFanSettleMs"":0,""nullingProfileId"":9,""queuePending"":0,""queueCapacity"":16,""queueEnqueued"":0,""queueDropped"":0,""publishFailCount"":0,""retryCount"":0,""retryFailCount"":0,""rejectedSamples"":0,""lastRejectReason"":""none"",""lastRejectChannel"":-1,""lastRejectOkFiniteCount"":0,""lastRejectStatus"":255,""lastRejectGain"":0,""lastRejectSaturated"":false},""recovery"":{""wifiReconnectCount"":0,""wifiReconnectFailCount"":0,""mqttReconnectCount"":0,""mqttConnectFailCount"":0,""lastMqttState"":0,""adsRecoveryCount"":0,""adsRecoveryFailCount"":0,""adsReadFailStreak"":0,""lastReason"":""none"",""lastRecoveryMs"":0,""bootRecoveryArmed"":false,""bootRecoveryDueMs"":0,""bootRecoveryReason"":""none"",""bootRecoveryNonAdsFailure"":false,""bootRecoveryRestartCount"":0},""nulling"":{""done"":false,""retryArmed"":false,""attemptCount"":0,""nextRetryMs"":0,""thresholdV"":9.999999747E-06,""minFinalV"":0},""telemetry"":{""valid"":true,""sampleMs"":6652186,""gasClass"":6,""gasName"":""CO2"",""confidence"":0,""alarm"":false,""sensorVoltage"":[0.116358757,0.004014616,0.004918241,-0.002521537,-0.009214717,-0.011637274,-0.019669596,-0.024915088],""sensorGain"":[32,64,64,64,64,64,64,64],""sensorStatus"":[0,0,0,0,0,0,0,0],""featureOrder"":[""MQ8"",""MQ135"",""MQ3"",""MQ5"",""MQ4"",""MQ7"",""MQ6"",""MQ2""]},""alarmLatched"":false}"
2026-08-04 11:11:56.961 +07:00,275.842,HOT_SWEEP_70,70,700,300,1,0,0.116201378,0.004008758,0.004930822,-0.00246672,-0.009201421,-0.011648668,-0.019643806,-0.024844827,"{""deviceId"":""1001"",""nodeId"":4097,""targetChId"":""0010"",""mode"":""inference"",""uptimeMs"":6653299,""debugEnabled"":true,""power"":{""mode"":""24v"",""externalPower"":true,""batteryMv"":65535,""batteryValid"":false,""batteryDetected"":false,""batterySenseStatus"":""not_detected"",""batteryLow"":false,""batteryCritical"":false,""sourceAmbiguous"":false,""serviceHoldActive"":false,""serviceHoldEffective"":false},""batterySession"":{""state"":""inactive"",""startedMs"":0,""stateStartedMs"":0,""validSampleBatches"":0,""requiredSampleBatches"":10,""alarmTxAttempts"":0,""alarmTxAttemptLimit"":3,""alarmAckReceived"":false,""pendingAlarm"":false,""pendingSaveRequired"":false,""persistenceFaultHold"":false,""completionReason"":""session_done""},""bootHealth"":{""adsReady"":true,""adsDrdyLevel"":0,""adsDrdyPulldownLevel"":0,""adsDrdyPullupLevel"":0,""adsMisoPulldownLevel"":0,""adsMisoPullupLevel"":1,""adsCsLevel"":1,""adsSyncLevel"":1,""adsStatus"":54,""adsMux"":15,""adsAdcon"":6,""adsDrate"":240,""adsReason"":""ok"",""tcaOk"":true,""mcpOkCount"":8,""mcpOk"":[true,true,true,true,true,true,true,true],""mcpAddrMask"":[1,1,1,1,1,1,1,1],""mcpControlTested"":true,""mcpControlOkCount"":8,""mcpControlOk"":[true,true,true,true,true,true,true,true],""dacReady"":true,""radioReady"":true,""mlReady"":true,""nullingProfileApplied"":true,""modelProfileReady"":false},""runtimeMcpCode"":[255,519,795,706,799,865,665,139],""model"":{""profileId"":""cnn-dualbranch-datasheet-v1-unbound"",""scalerProfileId"":""cnn-dualbranch-datasheet-v1-unbound"",""productionApproved"":true,""boundNullingProfileId"":8,""activeNullingProfileId"":9,""bindingValid"":true,""bindingModelMatches"":true,""profileReady"":false,""inferenceValid"":false,""sensorFault"":true},""lora"":{""beginState"":0,""lastTxState"":0,""lastTxOk"":false,""txSeq"":0,""txCounter"":0,""aesKeyProvisioned"":true,""aesKeyPresent"":true,""aesKeySource"":""nvs"",""keyId"":1,""lastDownlinkCommandId"":0,""freqMHz"":920,""bwKHz"":125,""sf"":7,""cr"":5,""syncWord"":18,""txPowerDbm"":17,""preamble"":8,""tcxoVoltage"":1.600000024,""xtalVoltage"":0},""dataset"":{""state"":""idle"",""step"":""idle"",""label"":"""",""seq"":0,""targetSamples"":0,""sampleIntervalMs"":500,""maxDurationMs"":0,""useFanIntake"":true,""fanOnMs"":1000,""postFanSettleMs"":0,""nullingProfileId"":9,""queuePending"":0,""queueCapacity"":16,""queueEnqueued"":0,""queueDropped"":0,""publishFailCount"":0,""retryCount"":0,""retryFailCount"":0,""rejectedSamples"":0,""lastRejectReason"":""none"",""lastRejectChannel"":-1,""lastRejectOkFiniteCount"":0,""lastRejectStatus"":255,""lastRejectGain"":0,""lastRejectSaturated"":false},""recovery"":{""wifiReconnectCount"":0,""wifiReconnectFailCount"":0,""mqttReconnectCount"":0,""mqttConnectFailCount"":0,""lastMqttState"":0,""adsRecoveryCount"":0,""adsRecoveryFailCount"":0,""adsReadFailStreak"":0,""lastReason"":""none"",""lastRecoveryMs"":0,""bootRecoveryArmed"":false,""bootRecoveryDueMs"":0,""bootRecoveryReason"":""none"",""bootRecoveryNonAdsFailure"":false,""bootRecoveryRestartCount"":0},""nulling"":{""done"":false,""retryArmed"":false,""attemptCount"":0,""nextRetryMs"":0,""thresholdV"":9.999999747E-06,""minFinalV"":0},""telemetry"":{""valid"":true,""sampleMs"":6652925,""gasClass"":6,""gasName"":""CO2"",""confidence"":0,""alarm"":false,""sensorVoltage"":[0.116201378,0.004008758,0.004930822,-0.00246672,-0.009201421,-0.011648668,-0.019643806,-0.024844827],""sensorGain"":[32,64,64,64,64,64,64,64],""sensorStatus"":[0,0,0,0,0,0,0,0],""featureOrder"":[""MQ8"",""MQ135"",""MQ3"",""MQ5"",""MQ4"",""MQ7"",""MQ6"",""MQ2""]},""alarmLatched"":false}"
2026-08-04 11:11:57.647 +07:00,276.528,HOT_SWEEP_70,70,700,300,1,0,0.115667596,0.00399476,0.004921918,-0.002467649,-0.009248737,-0.011662623,-0.019639233,-0.024896968,"{""deviceId"":""1001"",""nodeId"":4097,""targetChId"":""0010"",""mode"":""inference"",""uptimeMs"":6653990,""debugEnabled"":true,""power"":{""mode"":""24v"",""externalPower"":true,""batteryMv"":65535,""batteryValid"":false,""batteryDetected"":false,""batterySenseStatus"":""not_detected"",""batteryLow"":false,""batteryCritical"":false,""sourceAmbiguous"":false,""serviceHoldActive"":false,""serviceHoldEffective"":false},""batterySession"":{""state"":""inactive"",""startedMs"":0,""stateStartedMs"":0,""validSampleBatches"":0,""requiredSampleBatches"":10,""alarmTxAttempts"":0,""alarmTxAttemptLimit"":3,""alarmAckReceived"":false,""pendingAlarm"":false,""pendingSaveRequired"":false,""persistenceFaultHold"":false,""completionReason"":""session_done""},""bootHealth"":{""adsReady"":true,""adsDrdyLevel"":0,""adsDrdyPulldownLevel"":0,""adsDrdyPullupLevel"":0,""adsMisoPulldownLevel"":0,""adsMisoPullupLevel"":1,""adsCsLevel"":1,""adsSyncLevel"":1,""adsStatus"":54,""adsMux"":15,""adsAdcon"":6,""adsDrate"":240,""adsReason"":""ok"",""tcaOk"":true,""mcpOkCount"":8,""mcpOk"":[true,true,true,true,true,true,true,true],""mcpAddrMask"":[1,1,1,1,1,1,1,1],""mcpControlTested"":true,""mcpControlOkCount"":8,""mcpControlOk"":[true,true,true,true,true,true,true,true],""dacReady"":true,""radioReady"":true,""mlReady"":true,""nullingProfileApplied"":true,""modelProfileReady"":false},""runtimeMcpCode"":[255,519,795,706,799,865,665,139],""model"":{""profileId"":""cnn-dualbranch-datasheet-v1-unbound"",""scalerProfileId"":""cnn-dualbranch-datasheet-v1-unbound"",""productionApproved"":true,""boundNullingProfileId"":8,""activeNullingProfileId"":9,""bindingValid"":true,""bindingModelMatches"":true,""profileReady"":false,""inferenceValid"":false,""sensorFault"":true},""lora"":{""beginState"":0,""lastTxState"":0,""lastTxOk"":false,""txSeq"":0,""txCounter"":0,""aesKeyProvisioned"":true,""aesKeyPresent"":true,""aesKeySource"":""nvs"",""keyId"":1,""lastDownlinkCommandId"":0,""freqMHz"":920,""bwKHz"":125,""sf"":7,""cr"":5,""syncWord"":18,""txPowerDbm"":17,""preamble"":8,""tcxoVoltage"":1.600000024,""xtalVoltage"":0},""dataset"":{""state"":""idle"",""step"":""idle"",""label"":"""",""seq"":0,""targetSamples"":0,""sampleIntervalMs"":500,""maxDurationMs"":0,""useFanIntake"":true,""fanOnMs"":1000,""postFanSettleMs"":0,""nullingProfileId"":9,""queuePending"":0,""queueCapacity"":16,""queueEnqueued"":0,""queueDropped"":0,""publishFailCount"":0,""retryCount"":0,""retryFailCount"":0,""rejectedSamples"":0,""lastRejectReason"":""none"",""lastRejectChannel"":-1,""lastRejectOkFiniteCount"":0,""lastRejectStatus"":255,""lastRejectGain"":0,""lastRejectSaturated"":false},""recovery"":{""wifiReconnectCount"":0,""wifiReconnectFailCount"":0,""mqttReconnectCount"":0,""mqttConnectFailCount"":0,""lastMqttState"":0,""adsRecoveryCount"":0,""adsRecoveryFailCount"":0,""adsReadFailStreak"":0,""lastReason"":""none"",""lastRecoveryMs"":0,""bootRecoveryArmed"":false,""bootRecoveryDueMs"":0,""bootRecoveryReason"":""none"",""bootRecoveryNonAdsFailure"":false,""bootRecoveryRestartCount"":0},""nulling"":{""done"":false,""retryArmed"":false,""attemptCount"":0,""nextRetryMs"":0,""thresholdV"":9.999999747E-06,""minFinalV"":0},""telemetry"":{""valid"":true,""sampleMs"":6653577,""gasClass"":6,""gasName"":""CO2"",""confidence"":0,""alarm"":false,""sensorVoltage"":[0.115667596,0.00399476,0.004921918,-0.002467649,-0.009248737,-0.011662623,-0.019639233,-0.024896968],""sensorGain"":[32,64,64,64,64,64,64,64],""sensorStatus"":[0,0,0,0,0,0,0,0],""featureOrder"":[""MQ8"",""MQ135"",""MQ3"",""MQ5"",""MQ4"",""MQ7"",""MQ6"",""MQ2""]},""alarmLatched"":false}"
2026-08-04 11:11:58.336 +07:00,277.217,HOT_SWEEP_70,70,700,300,1,0,0.116038382,0.004004797,0.004864897,-0.002461007,-0.00924642,-0.011655202,-0.019709134,-0.024822779,"{""deviceId"":""1001"",""nodeId"":4097,""targetChId"":""0010"",""mode"":""inference"",""uptimeMs"":6654673,""debugEnabled"":true,""power"":{""mode"":""24v"",""externalPower"":true,""batteryMv"":65535,""batteryValid"":false,""batteryDetected"":false,""batterySenseStatus"":""not_detected"",""batteryLow"":false,""batteryCritical"":false,""sourceAmbiguous"":false,""serviceHoldActive"":false,""serviceHoldEffective"":false},""batterySession"":{""state"":""inactive"",""startedMs"":0,""stateStartedMs"":0,""validSampleBatches"":0,""requiredSampleBatches"":10,""alarmTxAttempts"":0,""alarmTxAttemptLimit"":3,""alarmAckReceived"":false,""pendingAlarm"":false,""pendingSaveRequired"":false,""persistenceFaultHold"":false,""completionReason"":""session_done""},""bootHealth"":{""adsReady"":true,""adsDrdyLevel"":0,""adsDrdyPulldownLevel"":0,""adsDrdyPullupLevel"":0,""adsMisoPulldownLevel"":0,""adsMisoPullupLevel"":1,""adsCsLevel"":1,""adsSyncLevel"":1,""adsStatus"":54,""adsMux"":15,""adsAdcon"":6,""adsDrate"":240,""adsReason"":""ok"",""tcaOk"":true,""mcpOkCount"":8,""mcpOk"":[true,true,true,true,true,true,true,true],""mcpAddrMask"":[1,1,1,1,1,1,1,1],""mcpControlTested"":true,""mcpControlOkCount"":8,""mcpControlOk"":[true,true,true,true,true,true,true,true],""dacReady"":true,""radioReady"":true,""mlReady"":true,""nullingProfileApplied"":true,""modelProfileReady"":false},""runtimeMcpCode"":[255,519,795,706,799,865,665,139],""model"":{""profileId"":""cnn-dualbranch-datasheet-v1-unbound"",""scalerProfileId"":""cnn-dualbranch-datasheet-v1-unbound"",""productionApproved"":true,""boundNullingProfileId"":8,""activeNullingProfileId"":9,""bindingValid"":true,""bindingModelMatches"":true,""profileReady"":false,""inferenceValid"":false,""sensorFault"":true},""lora"":{""beginState"":0,""lastTxState"":0,""lastTxOk"":false,""txSeq"":0,""txCounter"":0,""aesKeyProvisioned"":true,""aesKeyPresent"":true,""aesKeySource"":""nvs"",""keyId"":1,""lastDownlinkCommandId"":0,""freqMHz"":920,""bwKHz"":125,""sf"":7,""cr"":5,""syncWord"":18,""txPowerDbm"":17,""preamble"":8,""tcxoVoltage"":1.600000024,""xtalVoltage"":0},""dataset"":{""state"":""idle"",""step"":""idle"",""label"":"""",""seq"":0,""targetSamples"":0,""sampleIntervalMs"":500,""maxDurationMs"":0,""useFanIntake"":true,""fanOnMs"":1000,""postFanSettleMs"":0,""nullingProfileId"":9,""queuePending"":0,""queueCapacity"":16,""queueEnqueued"":0,""queueDropped"":0,""publishFailCount"":0,""retryCount"":0,""retryFailCount"":0,""rejectedSamples"":0,""lastRejectReason"":""none"",""lastRejectChannel"":-1,""lastRejectOkFiniteCount"":0,""lastRejectStatus"":255,""lastRejectGain"":0,""lastRejectSaturated"":false},""recovery"":{""wifiReconnectCount"":0,""wifiReconnectFailCount"":0,""mqttReconnectCount"":0,""mqttConnectFailCount"":0,""lastMqttState"":0,""adsRecoveryCount"":0,""adsRecoveryFailCount"":0,""adsReadFailStreak"":0,""lastReason"":""none"",""lastRecoveryMs"":0,""bootRecoveryArmed"":false,""bootRecoveryDueMs"":0,""bootRecoveryReason"":""none"",""bootRecoveryNonAdsFailure"":false,""bootRecoveryRestartCount"":0},""nulling"":{""done"":false,""retryArmed"":false,""attemptCount"":0,""nextRetryMs"":0,""thresholdV"":9.999999747E-06,""minFinalV"":0},""telemetry"":{""valid"":true,""sampleMs"":6654268,""gasClass"":6,""gasName"":""CO2"",""confidence"":0,""alarm"":false,""sensorVoltage"":[0.116038382,0.004004797,0.004864897,-0.002461007,-0.00924642,-0.011655202,-0.019709134,-0.024822779],""sensorGain"":[32,64,64,64,64,64,64,64],""sensorStatus"":[0,0,0,0,0,0,0,0],""featureOrder"":[""MQ8"",""MQ135"",""MQ3"",""MQ5"",""MQ4"",""MQ7"",""MQ6"",""MQ2""]},""alarmLatched"":false}"
2026-08-04 11:11:59.013 +07:00,277.894,HOT_SWEEP_70,70,700,300,1,0,0.116000101,0.003979264,0.004859555,-0.002468387,-0.009258362,-0.011654624,-0.019627022,-0.024804119,"{""deviceId"":""1001"",""nodeId"":4097,""targetChId"":""0010"",""mode"":""inference"",""uptimeMs"":6655353,""debugEnabled"":true,""power"":{""mode"":""24v"",""externalPower"":true,""batteryMv"":65535,""batteryValid"":false,""batteryDetected"":false,""batterySenseStatus"":""not_detected"",""batteryLow"":false,""batteryCritical"":false,""sourceAmbiguous"":false,""serviceHoldActive"":false,""serviceHoldEffective"":false},""batterySession"":{""state"":""inactive"",""startedMs"":0,""stateStartedMs"":0,""validSampleBatches"":0,""requiredSampleBatches"":10,""alarmTxAttempts"":0,""alarmTxAttemptLimit"":3,""alarmAckReceived"":false,""pendingAlarm"":false,""pendingSaveRequired"":false,""persistenceFaultHold"":false,""completionReason"":""session_done""},""bootHealth"":{""adsReady"":true,""adsDrdyLevel"":0,""adsDrdyPulldownLevel"":0,""adsDrdyPullupLevel"":0,""adsMisoPulldownLevel"":0,""adsMisoPullupLevel"":1,""adsCsLevel"":1,""adsSyncLevel"":1,""adsStatus"":54,""adsMux"":15,""adsAdcon"":6,""adsDrate"":240,""adsReason"":""ok"",""tcaOk"":true,""mcpOkCount"":8,""mcpOk"":[true,true,true,true,true,true,true,true],""mcpAddrMask"":[1,1,1,1,1,1,1,1],""mcpControlTested"":true,""mcpControlOkCount"":8,""mcpControlOk"":[true,true,true,true,true,true,true,true],""dacReady"":true,""radioReady"":true,""mlReady"":true,""nullingProfileApplied"":true,""modelProfileReady"":false},""runtimeMcpCode"":[255,519,795,706,799,865,665,139],""model"":{""profileId"":""cnn-dualbranch-datasheet-v1-unbound"",""scalerProfileId"":""cnn-dualbranch-datasheet-v1-unbound"",""productionApproved"":true,""boundNullingProfileId"":8,""activeNullingProfileId"":9,""bindingValid"":true,""bindingModelMatches"":true,""profileReady"":false,""inferenceValid"":false,""sensorFault"":true},""lora"":{""beginState"":0,""lastTxState"":0,""lastTxOk"":false,""txSeq"":0,""txCounter"":0,""aesKeyProvisioned"":true,""aesKeyPresent"":true,""aesKeySource"":""nvs"",""keyId"":1,""lastDownlinkCommandId"":0,""freqMHz"":920,""bwKHz"":125,""sf"":7,""cr"":5,""syncWord"":18,""txPowerDbm"":17,""preamble"":8,""tcxoVoltage"":1.600000024,""xtalVoltage"":0},""dataset"":{""state"":""idle"",""step"":""idle"",""label"":"""",""seq"":0,""targetSamples"":0,""sampleIntervalMs"":500,""maxDurationMs"":0,""useFanIntake"":true,""fanOnMs"":1000,""postFanSettleMs"":0,""nullingProfileId"":9,""queuePending"":0,""queueCapacity"":16,""queueEnqueued"":0,""queueDropped"":0,""publishFailCount"":0,""retryCount"":0,""retryFailCount"":0,""rejectedSamples"":0,""lastRejectReason"":""none"",""lastRejectChannel"":-1,""lastRejectOkFiniteCount"":0,""lastRejectStatus"":255,""lastRejectGain"":0,""lastRejectSaturated"":false},""recovery"":{""wifiReconnectCount"":0,""wifiReconnectFailCount"":0,""mqttReconnectCount"":0,""mqttConnectFailCount"":0,""lastMqttState"":0,""adsRecoveryCount"":0,""adsRecoveryFailCount"":0,""adsReadFailStreak"":0,""lastReason"":""none"",""lastRecoveryMs"":0,""bootRecoveryArmed"":false,""bootRecoveryDueMs"":0,""bootRecoveryReason"":""none"",""bootRecoveryNonAdsFailure"":false,""bootRecoveryRestartCount"":0},""nulling"":{""done"":false,""retryArmed"":false,""attemptCount"":0,""nextRetryMs"":0,""thresholdV"":9.999999747E-06,""minFinalV"":0},""telemetry"":{""valid"":true,""sampleMs"":6654983,""gasClass"":6,""gasName"":""CO2"",""confidence"":0,""alarm"":false,""sensorVoltage"":[0.116000101,0.003979264,0.004859555,-0.002468387,-0.009258362,-0.011654624,-0.019627022,-0.024804119],""sensorGain"":[32,64,64,64,64,64,64,64],""sensorStatus"":[0,0,0,0,0,0,0,0],""featureOrder"":[""MQ8"",""MQ135"",""MQ3"",""MQ5"",""MQ4"",""MQ7"",""MQ6"",""MQ2""]},""alarmLatched"":false}"
2026-08-04 11:11:59.698 +07:00,278.579,HOT_SWEEP_70,70,700,300,1,0,0.115580276,0.003997049,0.004861034,-0.002454109,-0.009261607,-0.011668515,-0.019602949,-0.02524212,"{""deviceId"":""1001"",""nodeId"":4097,""targetChId"":""0010"",""mode"":""inference"",""uptimeMs"":6656038,""debugEnabled"":true,""power"":{""mode"":""24v"",""externalPower"":true,""batteryMv"":65535,""batteryValid"":false,""batteryDetected"":false,""batterySenseStatus"":""not_detected"",""batteryLow"":false,""batteryCritical"":false,""sourceAmbiguous"":false,""serviceHoldActive"":false,""serviceHoldEffective"":false},""batterySession"":{""state"":""inactive"",""startedMs"":0,""stateStartedMs"":0,""validSampleBatches"":0,""requiredSampleBatches"":10,""alarmTxAttempts"":0,""alarmTxAttemptLimit"":3,""alarmAckReceived"":false,""pendingAlarm"":false,""pendingSaveRequired"":false,""persistenceFaultHold"":false,""completionReason"":""session_done""},""bootHealth"":{""adsReady"":true,""adsDrdyLevel"":0,""adsDrdyPulldownLevel"":0,""adsDrdyPullupLevel"":0,""adsMisoPulldownLevel"":0,""adsMisoPullupLevel"":1,""adsCsLevel"":1,""adsSyncLevel"":1,""adsStatus"":54,""adsMux"":15,""adsAdcon"":6,""adsDrate"":240,""adsReason"":""ok"",""tcaOk"":true,""mcpOkCount"":8,""mcpOk"":[true,true,true,true,true,true,true,true],""mcpAddrMask"":[1,1,1,1,1,1,1,1],""mcpControlTested"":true,""mcpControlOkCount"":8,""mcpControlOk"":[true,true,true,true,true,true,true,true],""dacReady"":true,""radioReady"":true,""mlReady"":true,""nullingProfileApplied"":true,""modelProfileReady"":false},""runtimeMcpCode"":[255,519,795,706,799,865,665,139],""model"":{""profileId"":""cnn-dualbranch-datasheet-v1-unbound"",""scalerProfileId"":""cnn-dualbranch-datasheet-v1-unbound"",""productionApproved"":true,""boundNullingProfileId"":8,""activeNullingProfileId"":9,""bindingValid"":true,""bindingModelMatches"":true,""profileReady"":false,""inferenceValid"":false,""sensorFault"":true},""lora"":{""beginState"":0,""lastTxState"":0,""lastTxOk"":false,""txSeq"":0,""txCounter"":0,""aesKeyProvisioned"":true,""aesKeyPresent"":true,""aesKeySource"":""nvs"",""keyId"":1,""lastDownlinkCommandId"":0,""freqMHz"":920,""bwKHz"":125,""sf"":7,""cr"":5,""syncWord"":18,""txPowerDbm"":17,""preamble"":8,""tcxoVoltage"":1.600000024,""xtalVoltage"":0},""dataset"":{""state"":""idle"",""step"":""idle"",""label"":"""",""seq"":0,""targetSamples"":0,""sampleIntervalMs"":500,""maxDurationMs"":0,""useFanIntake"":true,""fanOnMs"":1000,""postFanSettleMs"":0,""nullingProfileId"":9,""queuePending"":0,""queueCapacity"":16,""queueEnqueued"":0,""queueDropped"":0,""publishFailCount"":0,""retryCount"":0,""retryFailCount"":0,""rejectedSamples"":0,""lastRejectReason"":""none"",""lastRejectChannel"":-1,""lastRejectOkFiniteCount"":0,""lastRejectStatus"":255,""lastRejectGain"":0,""lastRejectSaturated"":false},""recovery"":{""wifiReconnectCount"":0,""wifiReconnectFailCount"":0,""mqttReconnectCount"":0,""mqttConnectFailCount"":0,""lastMqttState"":0,""adsRecoveryCount"":0,""adsRecoveryFailCount"":0,""adsReadFailStreak"":0,""lastReason"":""none"",""lastRecoveryMs"":0,""bootRecoveryArmed"":false,""bootRecoveryDueMs"":0,""bootRecoveryReason"":""none"",""bootRecoveryNonAdsFailure"":false,""bootRecoveryRestartCount"":0},""nulling"":{""done"":false,""retryArmed"":false,""attemptCount"":0,""nextRetryMs"":0,""thresholdV"":9.999999747E-06,""minFinalV"":0},""telemetry"":{""valid"":true,""sampleMs"":6655631,""gasClass"":6,""gasName"":""CO2"",""confidence"":0,""alarm"":false,""sensorVoltage"":[0.115580276,0.003997049,0.004861034,-0.002454109,-0.009261607,-0.011668515,-0.019602949,-0.02524212],""sensorGain"":[32,64,64,64,64,64,64,64],""sensorStatus"":[0,0,0,0,0,0,0,0],""featureOrder"":[""MQ8"",""MQ135"",""MQ3"",""MQ5"",""MQ4"",""MQ7"",""MQ6"",""MQ2""]},""alarmLatched"":false}"
2026-08-04 11:12:00.378 +07:00,279.259,HOT_SWEEP_70,70,700,300,1,0,0.115390323,0.003895888,0.004872941,-0.002556059,-0.009247495,-0.011678088,-0.019589579,-0.025256529,"{""deviceId"":""1001"",""nodeId"":4097,""targetChId"":""0010"",""mode"":""inference"",""uptimeMs"":6656720,""debugEnabled"":true,""power"":{""mode"":""24v"",""externalPower"":true,""batteryMv"":65535,""batteryValid"":false,""batteryDetected"":false,""batterySenseStatus"":""not_detected"",""batteryLow"":false,""batteryCritical"":false,""sourceAmbiguous"":false,""serviceHoldActive"":false,""serviceHoldEffective"":false},""batterySession"":{""state"":""inactive"",""startedMs"":0,""stateStartedMs"":0,""validSampleBatches"":0,""requiredSampleBatches"":10,""alarmTxAttempts"":0,""alarmTxAttemptLimit"":3,""alarmAckReceived"":false,""pendingAlarm"":false,""pendingSaveRequired"":false,""persistenceFaultHold"":false,""completionReason"":""session_done""},""bootHealth"":{""adsReady"":true,""adsDrdyLevel"":0,""adsDrdyPulldownLevel"":0,""adsDrdyPullupLevel"":0,""adsMisoPulldownLevel"":0,""adsMisoPullupLevel"":1,""adsCsLevel"":1,""adsSyncLevel"":1,""adsStatus"":54,""adsMux"":15,""adsAdcon"":6,""adsDrate"":240,""adsReason"":""ok"",""tcaOk"":true,""mcpOkCount"":8,""mcpOk"":[true,true,true,true,true,true,true,true],""mcpAddrMask"":[1,1,1,1,1,1,1,1],""mcpControlTested"":true,""mcpControlOkCount"":8,""mcpControlOk"":[true,true,true,true,true,true,true,true],""dacReady"":true,""radioReady"":true,""mlReady"":true,""nullingProfileApplied"":true,""modelProfileReady"":false},""runtimeMcpCode"":[255,519,795,706,799,865,665,139],""model"":{""profileId"":""cnn-dualbranch-datasheet-v1-unbound"",""scalerProfileId"":""cnn-dualbranch-datasheet-v1-unbound"",""productionApproved"":true,""boundNullingProfileId"":8,""activeNullingProfileId"":9,""bindingValid"":true,""bindingModelMatches"":true,""profileReady"":false,""inferenceValid"":false,""sensorFault"":true},""lora"":{""beginState"":0,""lastTxState"":0,""lastTxOk"":false,""txSeq"":0,""txCounter"":0,""aesKeyProvisioned"":true,""aesKeyPresent"":true,""aesKeySource"":""nvs"",""keyId"":1,""lastDownlinkCommandId"":0,""freqMHz"":920,""bwKHz"":125,""sf"":7,""cr"":5,""syncWord"":18,""txPowerDbm"":17,""preamble"":8,""tcxoVoltage"":1.600000024,""xtalVoltage"":0},""dataset"":{""state"":""idle"",""step"":""idle"",""label"":"""",""seq"":0,""targetSamples"":0,""sampleIntervalMs"":500,""maxDurationMs"":0,""useFanIntake"":true,""fanOnMs"":1000,""postFanSettleMs"":0,""nullingProfileId"":9,""queuePending"":0,""queueCapacity"":16,""queueEnqueued"":0,""queueDropped"":0,""publishFailCount"":0,""retryCount"":0,""retryFailCount"":0,""rejectedSamples"":0,""lastRejectReason"":""none"",""lastRejectChannel"":-1,""lastRejectOkFiniteCount"":0,""lastRejectStatus"":255,""lastRejectGain"":0,""lastRejectSaturated"":false},""recovery"":{""wifiReconnectCount"":0,""wifiReconnectFailCount"":0,""mqttReconnectCount"":0,""mqttConnectFailCount"":0,""lastMqttState"":0,""adsRecoveryCount"":0,""adsRecoveryFailCount"":0,""adsReadFailStreak"":0,""lastReason"":""none"",""lastRecoveryMs"":0,""bootRecoveryArmed"":false,""bootRecoveryDueMs"":0,""bootRecoveryReason"":""none"",""bootRecoveryNonAdsFailure"":false,""bootRecoveryRestartCount"":0},""nulling"":{""done"":false,""retryArmed"":false,""attemptCount"":0,""nextRetryMs"":0,""thresholdV"":9.999999747E-06,""minFinalV"":0},""telemetry"":{""valid"":true,""sampleMs"":6656316,""gasClass"":6,""gasName"":""CO2"",""confidence"":0,""alarm"":false,""sensorVoltage"":[0.115390323,0.003895888,0.004872941,-0.002556059,-0.009247495,-0.011678088,-0.019589579,-0.025256529],""sensorGain"":[32,64,64,64,64,64,64,64],""sensorStatus"":[0,0,0,0,0,0,0,0],""featureOrder"":[""MQ8"",""MQ135"",""MQ3"",""MQ5"",""MQ4"",""MQ7"",""MQ6"",""MQ2""]},""alarmLatched"":false}"
2026-08-04 11:12:01.070 +07:00,279.941,HOT_SWEEP_70,70,700,300,1,0,0.115761921,0.003943901,0.004870259,-0.002536673,-0.009234963,-0.011473571,-0.019138727,-0.024803933,"{""deviceId"":""1001"",""nodeId"":4097,""targetChId"":""0010"",""mode"":""inference"",""uptimeMs"":6657405,""debugEnabled"":true,""power"":{""mode"":""24v"",""externalPower"":true,""batteryMv"":65535,""batteryValid"":false,""batteryDetected"":false,""batterySenseStatus"":""not_detected"",""batteryLow"":false,""batteryCritical"":false,""sourceAmbiguous"":false,""serviceHoldActive"":false,""serviceHoldEffective"":false},""batterySession"":{""state"":""inactive"",""startedMs"":0,""stateStartedMs"":0,""validSampleBatches"":0,""requiredSampleBatches"":10,""alarmTxAttempts"":0,""alarmTxAttemptLimit"":3,""alarmAckReceived"":false,""pendingAlarm"":false,""pendingSaveRequired"":false,""persistenceFaultHold"":false,""completionReason"":""session_done""},""bootHealth"":{""adsReady"":true,""adsDrdyLevel"":0,""adsDrdyPulldownLevel"":0,""adsDrdyPullupLevel"":0,""adsMisoPulldownLevel"":0,""adsMisoPullupLevel"":1,""adsCsLevel"":1,""adsSyncLevel"":1,""adsStatus"":54,""adsMux"":15,""adsAdcon"":6,""adsDrate"":240,""adsReason"":""ok"",""tcaOk"":true,""mcpOkCount"":8,""mcpOk"":[true,true,true,true,true,true,true,true],""mcpAddrMask"":[1,1,1,1,1,1,1,1],""mcpControlTested"":true,""mcpControlOkCount"":8,""mcpControlOk"":[true,true,true,true,true,true,true,true],""dacReady"":true,""radioReady"":true,""mlReady"":true,""nullingProfileApplied"":true,""modelProfileReady"":false},""runtimeMcpCode"":[255,519,795,706,799,865,665,139],""model"":{""profileId"":""cnn-dualbranch-datasheet-v1-unbound"",""scalerProfileId"":""cnn-dualbranch-datasheet-v1-unbound"",""productionApproved"":true,""boundNullingProfileId"":8,""activeNullingProfileId"":9,""bindingValid"":true,""bindingModelMatches"":true,""profileReady"":false,""inferenceValid"":false,""sensorFault"":true},""lora"":{""beginState"":0,""lastTxState"":0,""lastTxOk"":false,""txSeq"":0,""txCounter"":0,""aesKeyProvisioned"":true,""aesKeyPresent"":true,""aesKeySource"":""nvs"",""keyId"":1,""lastDownlinkCommandId"":0,""freqMHz"":920,""bwKHz"":125,""sf"":7,""cr"":5,""syncWord"":18,""txPowerDbm"":17,""preamble"":8,""tcxoVoltage"":1.600000024,""xtalVoltage"":0},""dataset"":{""state"":""idle"",""step"":""idle"",""label"":"""",""seq"":0,""targetSamples"":0,""sampleIntervalMs"":500,""maxDurationMs"":0,""useFanIntake"":true,""fanOnMs"":1000,""postFanSettleMs"":0,""nullingProfileId"":9,""queuePending"":0,""queueCapacity"":16,""queueEnqueued"":0,""queueDropped"":0,""publishFailCount"":0,""retryCount"":0,""retryFailCount"":0,""rejectedSamples"":0,""lastRejectReason"":""none"",""lastRejectChannel"":-1,""lastRejectOkFiniteCount"":0,""lastRejectStatus"":255,""lastRejectGain"":0,""lastRejectSaturated"":false},""recovery"":{""wifiReconnectCount"":0,""wifiReconnectFailCount"":0,""mqttReconnectCount"":0,""mqttConnectFailCount"":0,""lastMqttState"":0,""adsRecoveryCount"":0,""adsRecoveryFailCount"":0,""adsReadFailStreak"":0,""lastReason"":""none"",""lastRecoveryMs"":0,""bootRecoveryArmed"":false,""bootRecoveryDueMs"":0,""bootRecoveryReason"":""none"",""bootRecoveryNonAdsFailure"":false,""bootRecoveryRestartCount"":0},""nulling"":{""done"":false,""retryArmed"":false,""attemptCount"":0,""nextRetryMs"":0,""thresholdV"":9.999999747E-06,""minFinalV"":0},""telemetry"":{""valid"":true,""sampleMs"":6657030,""gasClass"":6,""gasName"":""CO2"",""confidence"":0,""alarm"":false,""sensorVoltage"":[0.115761921,0.003943901,0.004870259,-0.002536673,-0.009234963,-0.011473571,-0.019138727,-0.024803933],""sensorGain"":[32,64,64,64,64,64,64,64],""sensorStatus"":[0,0,0,0,0,0,0,0],""featureOrder"":[""MQ8"",""MQ135"",""MQ3"",""MQ5"",""MQ4"",""MQ7"",""MQ6"",""MQ2""]},""alarmLatched"":false}"
2026-08-04 11:12:01.750 +07:00,280.629,HOT_SWEEP_70,70,700,300,1,0,0.114965834,0.003934361,0.004862464,-0.002543672,-0.009394666,-0.011680292,-0.019518206,-0.025230268,"{""deviceId"":""1001"",""nodeId"":4097,""targetChId"":""0010"",""mode"":""inference"",""uptimeMs"":6658085,""debugEnabled"":true,""power"":{""mode"":""24v"",""externalPower"":true,""batteryMv"":65535,""batteryValid"":false,""batteryDetected"":false,""batterySenseStatus"":""not_detected"",""batteryLow"":false,""batteryCritical"":false,""sourceAmbiguous"":false,""serviceHoldActive"":false,""serviceHoldEffective"":false},""batterySession"":{""state"":""inactive"",""startedMs"":0,""stateStartedMs"":0,""validSampleBatches"":0,""requiredSampleBatches"":10,""alarmTxAttempts"":0,""alarmTxAttemptLimit"":3,""alarmAckReceived"":false,""pendingAlarm"":false,""pendingSaveRequired"":false,""persistenceFaultHold"":false,""completionReason"":""session_done""},""bootHealth"":{""adsReady"":true,""adsDrdyLevel"":0,""adsDrdyPulldownLevel"":0,""adsDrdyPullupLevel"":0,""adsMisoPulldownLevel"":0,""adsMisoPullupLevel"":1,""adsCsLevel"":1,""adsSyncLevel"":1,""adsStatus"":54,""adsMux"":15,""adsAdcon"":6,""adsDrate"":240,""adsReason"":""ok"",""tcaOk"":true,""mcpOkCount"":8,""mcpOk"":[true,true,true,true,true,true,true,true],""mcpAddrMask"":[1,1,1,1,1,1,1,1],""mcpControlTested"":true,""mcpControlOkCount"":8,""mcpControlOk"":[true,true,true,true,true,true,true,true],""dacReady"":true,""radioReady"":true,""mlReady"":true,""nullingProfileApplied"":true,""modelProfileReady"":false},""runtimeMcpCode"":[255,519,795,706,799,865,665,139],""model"":{""profileId"":""cnn-dualbranch-datasheet-v1-unbound"",""scalerProfileId"":""cnn-dualbranch-datasheet-v1-unbound"",""productionApproved"":true,""boundNullingProfileId"":8,""activeNullingProfileId"":9,""bindingValid"":true,""bindingModelMatches"":true,""profileReady"":false,""inferenceValid"":false,""sensorFault"":true},""lora"":{""beginState"":0,""lastTxState"":0,""lastTxOk"":false,""txSeq"":0,""txCounter"":0,""aesKeyProvisioned"":true,""aesKeyPresent"":true,""aesKeySource"":""nvs"",""keyId"":1,""lastDownlinkCommandId"":0,""freqMHz"":920,""bwKHz"":125,""sf"":7,""cr"":5,""syncWord"":18,""txPowerDbm"":17,""preamble"":8,""tcxoVoltage"":1.600000024,""xtalVoltage"":0},""dataset"":{""state"":""idle"",""step"":""idle"",""label"":"""",""seq"":0,""targetSamples"":0,""sampleIntervalMs"":500,""maxDurationMs"":0,""useFanIntake"":true,""fanOnMs"":1000,""postFanSettleMs"":0,""nullingProfileId"":9,""queuePending"":0,""queueCapacity"":16,""queueEnqueued"":0,""queueDropped"":0,""publishFailCount"":0,""retryCount"":0,""retryFailCount"":0,""rejectedSamples"":0,""lastRejectReason"":""none"",""lastRejectChannel"":-1,""lastRejectOkFiniteCount"":0,""lastRejectStatus"":255,""lastRejectGain"":0,""lastRejectSaturated"":false},""recovery"":{""wifiReconnectCount"":0,""wifiReconnectFailCount"":0,""mqttReconnectCount"":0,""mqttConnectFailCount"":0,""lastMqttState"":0,""adsRecoveryCount"":0,""adsRecoveryFailCount"":0,""adsReadFailStreak"":0,""lastReason"":""none"",""lastRecoveryMs"":0,""bootRecoveryArmed"":false,""bootRecoveryDueMs"":0,""bootRecoveryReason"":""none"",""bootRecoveryNonAdsFailure"":false,""bootRecoveryRestartCount"":0},""nulling"":{""done"":false,""retryArmed"":false,""attemptCount"":0,""nextRetryMs"":0,""thresholdV"":9.999999747E-06,""minFinalV"":0},""telemetry"":{""valid"":true,""sampleMs"":6657683,""gasClass"":6,""gasName"":""CO2"",""confidence"":0,""alarm"":false,""sensorVoltage"":[0.114965834,0.003934361,0.004862464,-0.002543672,-0.009394666,-0.011680292,-0.019518206,-0.025230268],""sensorGain"":[32,64,64,64,64,64,64,64],""sensorStatus"":[0,0,0,0,0,0,0,0],""featureOrder"":[""MQ8"",""MQ135"",""MQ3"",""MQ5"",""MQ4"",""MQ7"",""MQ6"",""MQ2""]},""alarmLatched"":false}"
2026-08-04 11:12:02.444 +07:00,281.325,HOT_SWEEP_70,70,700,300,1,0,0.114536524,0.003922772,0.004831745,-0.002536348,-0.009391855,-0.011644505,-0.019517681,-0.025268322,"{""deviceId"":""1001"",""nodeId"":4097,""targetChId"":""0010"",""mode"":""inference"",""uptimeMs"":6658780,""debugEnabled"":true,""power"":{""mode"":""24v"",""externalPower"":true,""batteryMv"":65535,""batteryValid"":false,""batteryDetected"":false,""batterySenseStatus"":""not_detected"",""batteryLow"":false,""batteryCritical"":false,""sourceAmbiguous"":false,""serviceHoldActive"":false,""serviceHoldEffective"":false},""batterySession"":{""state"":""inactive"",""startedMs"":0,""stateStartedMs"":0,""validSampleBatches"":0,""requiredSampleBatches"":10,""alarmTxAttempts"":0,""alarmTxAttemptLimit"":3,""alarmAckReceived"":false,""pendingAlarm"":false,""pendingSaveRequired"":false,""persistenceFaultHold"":false,""completionReason"":""session_done""},""bootHealth"":{""adsReady"":true,""adsDrdyLevel"":0,""adsDrdyPulldownLevel"":0,""adsDrdyPullupLevel"":0,""adsMisoPulldownLevel"":0,""adsMisoPullupLevel"":1,""adsCsLevel"":1,""adsSyncLevel"":1,""adsStatus"":54,""adsMux"":15,""adsAdcon"":6,""adsDrate"":240,""adsReason"":""ok"",""tcaOk"":true,""mcpOkCount"":8,""mcpOk"":[true,true,true,true,true,true,true,true],""mcpAddrMask"":[1,1,1,1,1,1,1,1],""mcpControlTested"":true,""mcpControlOkCount"":8,""mcpControlOk"":[true,true,true,true,true,true,true,true],""dacReady"":true,""radioReady"":true,""mlReady"":true,""nullingProfileApplied"":true,""modelProfileReady"":false},""runtimeMcpCode"":[255,519,795,706,799,865,665,139],""model"":{""profileId"":""cnn-dualbranch-datasheet-v1-unbound"",""scalerProfileId"":""cnn-dualbranch-datasheet-v1-unbound"",""productionApproved"":true,""boundNullingProfileId"":8,""activeNullingProfileId"":9,""bindingValid"":true,""bindingModelMatches"":true,""profileReady"":false,""inferenceValid"":false,""sensorFault"":true},""lora"":{""beginState"":0,""lastTxState"":0,""lastTxOk"":false,""txSeq"":0,""txCounter"":0,""aesKeyProvisioned"":true,""aesKeyPresent"":true,""aesKeySource"":""nvs"",""keyId"":1,""lastDownlinkCommandId"":0,""freqMHz"":920,""bwKHz"":125,""sf"":7,""cr"":5,""syncWord"":18,""txPowerDbm"":17,""preamble"":8,""tcxoVoltage"":1.600000024,""xtalVoltage"":0},""dataset"":{""state"":""idle"",""step"":""idle"",""label"":"""",""seq"":0,""targetSamples"":0,""sampleIntervalMs"":500,""maxDurationMs"":0,""useFanIntake"":true,""fanOnMs"":1000,""postFanSettleMs"":0,""nullingProfileId"":9,""queuePending"":0,""queueCapacity"":16,""queueEnqueued"":0,""queueDropped"":0,""publishFailCount"":0,""retryCount"":0,""retryFailCount"":0,""rejectedSamples"":0,""lastRejectReason"":""none"",""lastRejectChannel"":-1,""lastRejectOkFiniteCount"":0,""lastRejectStatus"":255,""lastRejectGain"":0,""lastRejectSaturated"":false},""recovery"":{""wifiReconnectCount"":0,""wifiReconnectFailCount"":0,""mqttReconnectCount"":0,""mqttConnectFailCount"":0,""lastMqttState"":0,""adsRecoveryCount"":0,""adsRecoveryFailCount"":0,""adsReadFailStreak"":0,""lastReason"":""none"",""lastRecoveryMs"":0,""bootRecoveryArmed"":false,""bootRecoveryDueMs"":0,""bootRecoveryReason"":""none"",""bootRecoveryNonAdsFailure"":false,""bootRecoveryRestartCount"":0},""nulling"":{""done"":false,""retryArmed"":false,""attemptCount"":0,""nextRetryMs"":0,""thresholdV"":9.999999747E-06,""minFinalV"":0},""telemetry"":{""valid"":true,""sampleMs"":6658363,""gasClass"":6,""gasName"":""CO2"",""confidence"":0,""alarm"":false,""sensorVoltage"":[0.114536524,0.003922772,0.004831745,-0.002536348,-0.009391855,-0.011644505,-0.019517681,-0.025268322],""sensorGain"":[32,64,64,64,64,64,64,64],""sensorStatus"":[0,0,0,0,0,0,0,0],""featureOrder"":[""MQ8"",""MQ135"",""MQ3"",""MQ5"",""MQ4"",""MQ7"",""MQ6"",""MQ2""]},""alarmLatched"":false}"
2026-08-04 11:12:03.149 +07:00,282.028,HOT_SWEEP_70,70,700,300,1,0,0.115110837,0.003858108,0.004782784,-0.002507471,-0.009207563,-0.011446901,-0.019554252,-0.02530908,"{""deviceId"":""1001"",""nodeId"":4097,""targetChId"":""0010"",""mode"":""inference"",""uptimeMs"":6659485,""debugEnabled"":true,""power"":{""mode"":""24v"",""externalPower"":true,""batteryMv"":65535,""batteryValid"":false,""batteryDetected"":false,""batterySenseStatus"":""not_detected"",""batteryLow"":false,""batteryCritical"":false,""sourceAmbiguous"":false,""serviceHoldActive"":false,""serviceHoldEffective"":false},""batterySession"":{""state"":""inactive"",""startedMs"":0,""stateStartedMs"":0,""validSampleBatches"":0,""requiredSampleBatches"":10,""alarmTxAttempts"":0,""alarmTxAttemptLimit"":3,""alarmAckReceived"":false,""pendingAlarm"":false,""pendingSaveRequired"":false,""persistenceFaultHold"":false,""completionReason"":""session_done""},""bootHealth"":{""adsReady"":true,""adsDrdyLevel"":0,""adsDrdyPulldownLevel"":0,""adsDrdyPullupLevel"":0,""adsMisoPulldownLevel"":0,""adsMisoPullupLevel"":1,""adsCsLevel"":1,""adsSyncLevel"":1,""adsStatus"":54,""adsMux"":15,""adsAdcon"":6,""adsDrate"":240,""adsReason"":""ok"",""tcaOk"":true,""mcpOkCount"":8,""mcpOk"":[true,true,true,true,true,true,true,true],""mcpAddrMask"":[1,1,1,1,1,1,1,1],""mcpControlTested"":true,""mcpControlOkCount"":8,""mcpControlOk"":[true,true,true,true,true,true,true,true],""dacReady"":true,""radioReady"":true,""mlReady"":true,""nullingProfileApplied"":true,""modelProfileReady"":false},""runtimeMcpCode"":[255,519,795,706,799,865,665,139],""model"":{""profileId"":""cnn-dualbranch-datasheet-v1-unbound"",""scalerProfileId"":""cnn-dualbranch-datasheet-v1-unbound"",""productionApproved"":true,""boundNullingProfileId"":8,""activeNullingProfileId"":9,""bindingValid"":true,""bindingModelMatches"":true,""profileReady"":false,""inferenceValid"":false,""sensorFault"":true},""lora"":{""beginState"":0,""lastTxState"":0,""lastTxOk"":false,""txSeq"":0,""txCounter"":0,""aesKeyProvisioned"":true,""aesKeyPresent"":true,""aesKeySource"":""nvs"",""keyId"":1,""lastDownlinkCommandId"":0,""freqMHz"":920,""bwKHz"":125,""sf"":7,""cr"":5,""syncWord"":18,""txPowerDbm"":17,""preamble"":8,""tcxoVoltage"":1.600000024,""xtalVoltage"":0},""dataset"":{""state"":""idle"",""step"":""idle"",""label"":"""",""seq"":0,""targetSamples"":0,""sampleIntervalMs"":500,""maxDurationMs"":0,""useFanIntake"":true,""fanOnMs"":1000,""postFanSettleMs"":0,""nullingProfileId"":9,""queuePending"":0,""queueCapacity"":16,""queueEnqueued"":0,""queueDropped"":0,""publishFailCount"":0,""retryCount"":0,""retryFailCount"":0,""rejectedSamples"":0,""lastRejectReason"":""none"",""lastRejectChannel"":-1,""lastRejectOkFiniteCount"":0,""lastRejectStatus"":255,""lastRejectGain"":0,""lastRejectSaturated"":false},""recovery"":{""wifiReconnectCount"":0,""wifiReconnectFailCount"":0,""mqttReconnectCount"":0,""mqttConnectFailCount"":0,""lastMqttState"":0,""adsRecoveryCount"":0,""adsRecoveryFailCount"":0,""adsReadFailStreak"":0,""lastReason"":""none"",""lastRecoveryMs"":0,""bootRecoveryArmed"":false,""bootRecoveryDueMs"":0,""bootRecoveryReason"":""none"",""bootRecoveryNonAdsFailure"":false,""bootRecoveryRestartCount"":0},""nulling"":{""done"":false,""retryArmed"":false,""attemptCount"":0,""nextRetryMs"":0,""thresholdV"":9.999999747E-06,""minFinalV"":0},""telemetry"":{""valid"":true,""sampleMs"":6659095,""gasClass"":6,""gasName"":""CO2"",""confidence"":0,""alarm"":false,""sensorVoltage"":[0.115110837,0.003858108,0.004782784,-0.002507471,-0.009207563,-0.011446901,-0.019554252,-0.02530908],""sensorGain"":[32,64,64,64,64,64,64,64],""sensorStatus"":[0,0,0,0,0,0,0,0],""featureOrder"":[""MQ8"",""MQ135"",""MQ3"",""MQ5"",""MQ4"",""MQ7"",""MQ6"",""MQ2""]},""alarmLatched"":false}"
2026-08-04 11:12:03.826 +07:00,282.707,HOT_SWEEP_70,70,700,300,1,0,0.114241756,0.003854392,0.004817246,-0.002591908,-0.009455691,-0.011728963,-0.019949023,-0.025404837,"{""deviceId"":""1001"",""nodeId"":4097,""targetChId"":""0010"",""mode"":""inference"",""uptimeMs"":6660167,""debugEnabled"":true,""power"":{""mode"":""24v"",""externalPower"":true,""batteryMv"":65535,""batteryValid"":false,""batteryDetected"":false,""batterySenseStatus"":""not_detected"",""batteryLow"":false,""batteryCritical"":false,""sourceAmbiguous"":false,""serviceHoldActive"":false,""serviceHoldEffective"":false},""batterySession"":{""state"":""inactive"",""startedMs"":0,""stateStartedMs"":0,""validSampleBatches"":0,""requiredSampleBatches"":10,""alarmTxAttempts"":0,""alarmTxAttemptLimit"":3,""alarmAckReceived"":false,""pendingAlarm"":false,""pendingSaveRequired"":false,""persistenceFaultHold"":false,""completionReason"":""session_done""},""bootHealth"":{""adsReady"":true,""adsDrdyLevel"":0,""adsDrdyPulldownLevel"":0,""adsDrdyPullupLevel"":0,""adsMisoPulldownLevel"":0,""adsMisoPullupLevel"":1,""adsCsLevel"":1,""adsSyncLevel"":1,""adsStatus"":54,""adsMux"":15,""adsAdcon"":6,""adsDrate"":240,""adsReason"":""ok"",""tcaOk"":true,""mcpOkCount"":8,""mcpOk"":[true,true,true,true,true,true,true,true],""mcpAddrMask"":[1,1,1,1,1,1,1,1],""mcpControlTested"":true,""mcpControlOkCount"":8,""mcpControlOk"":[true,true,true,true,true,true,true,true],""dacReady"":true,""radioReady"":true,""mlReady"":true,""nullingProfileApplied"":true,""modelProfileReady"":false},""runtimeMcpCode"":[255,519,795,706,799,865,665,139],""model"":{""profileId"":""cnn-dualbranch-datasheet-v1-unbound"",""scalerProfileId"":""cnn-dualbranch-datasheet-v1-unbound"",""productionApproved"":true,""boundNullingProfileId"":8,""activeNullingProfileId"":9,""bindingValid"":true,""bindingModelMatches"":true,""profileReady"":false,""inferenceValid"":false,""sensorFault"":true},""lora"":{""beginState"":0,""lastTxState"":0,""lastTxOk"":false,""txSeq"":0,""txCounter"":0,""aesKeyProvisioned"":true,""aesKeyPresent"":true,""aesKeySource"":""nvs"",""keyId"":1,""lastDownlinkCommandId"":0,""freqMHz"":920,""bwKHz"":125,""sf"":7,""cr"":5,""syncWord"":18,""txPowerDbm"":17,""preamble"":8,""tcxoVoltage"":1.600000024,""xtalVoltage"":0},""dataset"":{""state"":""idle"",""step"":""idle"",""label"":"""",""seq"":0,""targetSamples"":0,""sampleIntervalMs"":500,""maxDurationMs"":0,""useFanIntake"":true,""fanOnMs"":1000,""postFanSettleMs"":0,""nullingProfileId"":9,""queuePending"":0,""queueCapacity"":16,""queueEnqueued"":0,""queueDropped"":0,""publishFailCount"":0,""retryCount"":0,""retryFailCount"":0,""rejectedSamples"":0,""lastRejectReason"":""none"",""lastRejectChannel"":-1,""lastRejectOkFiniteCount"":0,""lastRejectStatus"":255,""lastRejectGain"":0,""lastRejectSaturated"":false},""recovery"":{""wifiReconnectCount"":0,""wifiReconnectFailCount"":0,""mqttReconnectCount"":0,""mqttConnectFailCount"":0,""lastMqttState"":0,""adsRecoveryCount"":0,""adsRecoveryFailCount"":0,""adsReadFailStreak"":0,""lastReason"":""none"",""lastRecoveryMs"":0,""bootRecoveryArmed"":false,""bootRecoveryDueMs"":0,""bootRecoveryReason"":""none"",""bootRecoveryNonAdsFailure"":false,""bootRecoveryRestartCount"":0},""nulling"":{""done"":false,""retryArmed"":false,""attemptCount"":0,""nextRetryMs"":0,""thresholdV"":9.999999747E-06,""minFinalV"":0},""telemetry"":{""valid"":true,""sampleMs"":6659763,""gasClass"":6,""gasName"":""CO2"",""confidence"":0,""alarm"":false,""sensorVoltage"":[0.114241756,0.003854392,0.004817246,-0.002591908,-0.009455691,-0.011728963,-0.019949023,-0.025404837],""sensorGain"":[32,64,64,64,64,64,64,64],""sensorStatus"":[0,0,0,0,0,0,0,0],""featureOrder"":[""MQ8"",""MQ135"",""MQ3"",""MQ5"",""MQ4"",""MQ7"",""MQ6"",""MQ2""]},""alarmLatched"":false}"
2026-08-04 11:12:04.510 +07:00,283.391,HOT_SWEEP_70,70,700,300,1,0,0.113586642,0.003838052,0.004820705,-0.002612603,-0.009435421,-0.011722554,-0.019842405,-0.025392372,"{""deviceId"":""1001"",""nodeId"":4097,""targetChId"":""0010"",""mode"":""inference"",""uptimeMs"":6660852,""debugEnabled"":true,""power"":{""mode"":""24v"",""externalPower"":true,""batteryMv"":65535,""batteryValid"":false,""batteryDetected"":false,""batterySenseStatus"":""not_detected"",""batteryLow"":false,""batteryCritical"":false,""sourceAmbiguous"":false,""serviceHoldActive"":false,""serviceHoldEffective"":false},""batterySession"":{""state"":""inactive"",""startedMs"":0,""stateStartedMs"":0,""validSampleBatches"":0,""requiredSampleBatches"":10,""alarmTxAttempts"":0,""alarmTxAttemptLimit"":3,""alarmAckReceived"":false,""pendingAlarm"":false,""pendingSaveRequired"":false,""persistenceFaultHold"":false,""completionReason"":""session_done""},""bootHealth"":{""adsReady"":true,""adsDrdyLevel"":0,""adsDrdyPulldownLevel"":0,""adsDrdyPullupLevel"":0,""adsMisoPulldownLevel"":0,""adsMisoPullupLevel"":1,""adsCsLevel"":1,""adsSyncLevel"":1,""adsStatus"":54,""adsMux"":15,""adsAdcon"":6,""adsDrate"":240,""adsReason"":""ok"",""tcaOk"":true,""mcpOkCount"":8,""mcpOk"":[true,true,true,true,true,true,true,true],""mcpAddrMask"":[1,1,1,1,1,1,1,1],""mcpControlTested"":true,""mcpControlOkCount"":8,""mcpControlOk"":[true,true,true,true,true,true,true,true],""dacReady"":true,""radioReady"":true,""mlReady"":true,""nullingProfileApplied"":true,""modelProfileReady"":false},""runtimeMcpCode"":[255,519,795,706,799,865,665,139],""model"":{""profileId"":""cnn-dualbranch-datasheet-v1-unbound"",""scalerProfileId"":""cnn-dualbranch-datasheet-v1-unbound"",""productionApproved"":true,""boundNullingProfileId"":8,""activeNullingProfileId"":9,""bindingValid"":true,""bindingModelMatches"":true,""profileReady"":false,""inferenceValid"":false,""sensorFault"":true},""lora"":{""beginState"":0,""lastTxState"":0,""lastTxOk"":false,""txSeq"":0,""txCounter"":0,""aesKeyProvisioned"":true,""aesKeyPresent"":true,""aesKeySource"":""nvs"",""keyId"":1,""lastDownlinkCommandId"":0,""freqMHz"":920,""bwKHz"":125,""sf"":7,""cr"":5,""syncWord"":18,""txPowerDbm"":17,""preamble"":8,""tcxoVoltage"":1.600000024,""xtalVoltage"":0},""dataset"":{""state"":""idle"",""step"":""idle"",""label"":"""",""seq"":0,""targetSamples"":0,""sampleIntervalMs"":500,""maxDurationMs"":0,""useFanIntake"":true,""fanOnMs"":1000,""postFanSettleMs"":0,""nullingProfileId"":9,""queuePending"":0,""queueCapacity"":16,""queueEnqueued"":0,""queueDropped"":0,""publishFailCount"":0,""retryCount"":0,""retryFailCount"":0,""rejectedSamples"":0,""lastRejectReason"":""none"",""lastRejectChannel"":-1,""lastRejectOkFiniteCount"":0,""lastRejectStatus"":255,""lastRejectGain"":0,""lastRejectSaturated"":false},""recovery"":{""wifiReconnectCount"":0,""wifiReconnectFailCount"":0,""mqttReconnectCount"":0,""mqttConnectFailCount"":0,""lastMqttState"":0,""adsRecoveryCount"":0,""adsRecoveryFailCount"":0,""adsReadFailStreak"":0,""lastReason"":""none"",""lastRecoveryMs"":0,""bootRecoveryArmed"":false,""bootRecoveryDueMs"":0,""bootRecoveryReason"":""none"",""bootRecoveryNonAdsFailure"":false,""bootRecoveryRestartCount"":0},""nulling"":{""done"":false,""retryArmed"":false,""attemptCount"":0,""nextRetryMs"":0,""thresholdV"":9.999999747E-06,""minFinalV"":0},""telemetry"":{""valid"":true,""sampleMs"":6660445,""gasClass"":6,""gasName"":""CO2"",""confidence"":0,""alarm"":false,""sensorVoltage"":[0.113586642,0.003838052,0.004820705,-0.002612603,-0.009435421,-0.011722554,-0.019842405,-0.025392372],""sensorGain"":[32,64,64,64,64,64,64,64],""sensorStatus"":[0,0,0,0,0,0,0,0],""featureOrder"":[""MQ8"",""MQ135"",""MQ3"",""MQ5"",""MQ4"",""MQ7"",""MQ6"",""MQ2""]},""alarmLatched"":false}"
2026-08-04 11:12:05.196 +07:00,284.077,HOT_SWEEP_70,70,700,300,1,0,0.114517473,0.003812484,0.004782255,-0.002639076,-0.009434326,-0.011742985,-0.019779712,-0.02538895,"{""deviceId"":""1001"",""nodeId"":4097,""targetChId"":""0010"",""mode"":""inference"",""uptimeMs"":6661537,""debugEnabled"":true,""power"":{""mode"":""24v"",""externalPower"":true,""batteryMv"":65535,""batteryValid"":false,""batteryDetected"":false,""batterySenseStatus"":""not_detected"",""batteryLow"":false,""batteryCritical"":false,""sourceAmbiguous"":false,""serviceHoldActive"":false,""serviceHoldEffective"":false},""batterySession"":{""state"":""inactive"",""startedMs"":0,""stateStartedMs"":0,""validSampleBatches"":0,""requiredSampleBatches"":10,""alarmTxAttempts"":0,""alarmTxAttemptLimit"":3,""alarmAckReceived"":false,""pendingAlarm"":false,""pendingSaveRequired"":false,""persistenceFaultHold"":false,""completionReason"":""session_done""},""bootHealth"":{""adsReady"":true,""adsDrdyLevel"":0,""adsDrdyPulldownLevel"":0,""adsDrdyPullupLevel"":0,""adsMisoPulldownLevel"":0,""adsMisoPullupLevel"":1,""adsCsLevel"":1,""adsSyncLevel"":1,""adsStatus"":54,""adsMux"":15,""adsAdcon"":6,""adsDrate"":240,""adsReason"":""ok"",""tcaOk"":true,""mcpOkCount"":8,""mcpOk"":[true,true,true,true,true,true,true,true],""mcpAddrMask"":[1,1,1,1,1,1,1,1],""mcpControlTested"":true,""mcpControlOkCount"":8,""mcpControlOk"":[true,true,true,true,true,true,true,true],""dacReady"":true,""radioReady"":true,""mlReady"":true,""nullingProfileApplied"":true,""modelProfileReady"":false},""runtimeMcpCode"":[255,519,795,706,799,865,665,139],""model"":{""profileId"":""cnn-dualbranch-datasheet-v1-unbound"",""scalerProfileId"":""cnn-dualbranch-datasheet-v1-unbound"",""productionApproved"":true,""boundNullingProfileId"":8,""activeNullingProfileId"":9,""bindingValid"":true,""bindingModelMatches"":true,""profileReady"":false,""inferenceValid"":false,""sensorFault"":true},""lora"":{""beginState"":0,""lastTxState"":0,""lastTxOk"":false,""txSeq"":0,""txCounter"":0,""aesKeyProvisioned"":true,""aesKeyPresent"":true,""aesKeySource"":""nvs"",""keyId"":1,""lastDownlinkCommandId"":0,""freqMHz"":920,""bwKHz"":125,""sf"":7,""cr"":5,""syncWord"":18,""txPowerDbm"":17,""preamble"":8,""tcxoVoltage"":1.600000024,""xtalVoltage"":0},""dataset"":{""state"":""idle"",""step"":""idle"",""label"":"""",""seq"":0,""targetSamples"":0,""sampleIntervalMs"":500,""maxDurationMs"":0,""useFanIntake"":true,""fanOnMs"":1000,""postFanSettleMs"":0,""nullingProfileId"":9,""queuePending"":0,""queueCapacity"":16,""queueEnqueued"":0,""queueDropped"":0,""publishFailCount"":0,""retryCount"":0,""retryFailCount"":0,""rejectedSamples"":0,""lastRejectReason"":""none"",""lastRejectChannel"":-1,""lastRejectOkFiniteCount"":0,""lastRejectStatus"":255,""lastRejectGain"":0,""lastRejectSaturated"":false},""recovery"":{""wifiReconnectCount"":0,""wifiReconnectFailCount"":0,""mqttReconnectCount"":0,""mqttConnectFailCount"":0,""lastMqttState"":0,""adsRecoveryCount"":0,""adsRecoveryFailCount"":0,""adsReadFailStreak"":0,""lastReason"":""none"",""lastRecoveryMs"":0,""bootRecoveryArmed"":false,""bootRecoveryDueMs"":0,""bootRecoveryReason"":""none"",""bootRecoveryNonAdsFailure"":false,""bootRecoveryRestartCount"":0},""nulling"":{""done"":false,""retryArmed"":false,""attemptCount"":0,""nextRetryMs"":0,""thresholdV"":9.999999747E-06,""minFinalV"":0},""telemetry"":{""valid"":true,""sampleMs"":6661162,""gasClass"":6,""gasName"":""CO2"",""confidence"":0,""alarm"":false,""sensorVoltage"":[0.114517473,0.003812484,0.004782255,-0.002639076,-0.009434326,-0.011742985,-0.019779712,-0.02538895],""sensorGain"":[32,64,64,64,64,64,64,64],""sensorStatus"":[0,0,0,0,0,0,0,0],""featureOrder"":[""MQ8"",""MQ135"",""MQ3"",""MQ5"",""MQ4"",""MQ7"",""MQ6"",""MQ2""]},""alarmLatched"":false}"
2026-08-04 11:12:05.893 +07:00,284.774,HOT_SWEEP_70,70,700,300,1,0,0.114052132,0.003871852,0.004847045,-0.002661056,-0.009694599,-0.011695045,-0.019796502,-0.025415689,"{""deviceId"":""1001"",""nodeId"":4097,""targetChId"":""0010"",""mode"":""inference"",""uptimeMs"":6662234,""debugEnabled"":true,""power"":{""mode"":""24v"",""externalPower"":true,""batteryMv"":65535,""batteryValid"":false,""batteryDetected"":false,""batterySenseStatus"":""not_detected"",""batteryLow"":false,""batteryCritical"":false,""sourceAmbiguous"":false,""serviceHoldActive"":false,""serviceHoldEffective"":false},""batterySession"":{""state"":""inactive"",""startedMs"":0,""stateStartedMs"":0,""validSampleBatches"":0,""requiredSampleBatches"":10,""alarmTxAttempts"":0,""alarmTxAttemptLimit"":3,""alarmAckReceived"":false,""pendingAlarm"":false,""pendingSaveRequired"":false,""persistenceFaultHold"":false,""completionReason"":""session_done""},""bootHealth"":{""adsReady"":true,""adsDrdyLevel"":0,""adsDrdyPulldownLevel"":0,""adsDrdyPullupLevel"":0,""adsMisoPulldownLevel"":0,""adsMisoPullupLevel"":1,""adsCsLevel"":1,""adsSyncLevel"":1,""adsStatus"":54,""adsMux"":15,""adsAdcon"":6,""adsDrate"":240,""adsReason"":""ok"",""tcaOk"":true,""mcpOkCount"":8,""mcpOk"":[true,true,true,true,true,true,true,true],""mcpAddrMask"":[1,1,1,1,1,1,1,1],""mcpControlTested"":true,""mcpControlOkCount"":8,""mcpControlOk"":[true,true,true,true,true,true,true,true],""dacReady"":true,""radioReady"":true,""mlReady"":true,""nullingProfileApplied"":true,""modelProfileReady"":false},""runtimeMcpCode"":[255,519,795,706,799,865,665,139],""model"":{""profileId"":""cnn-dualbranch-datasheet-v1-unbound"",""scalerProfileId"":""cnn-dualbranch-datasheet-v1-unbound"",""productionApproved"":true,""boundNullingProfileId"":8,""activeNullingProfileId"":9,""bindingValid"":true,""bindingModelMatches"":true,""profileReady"":false,""inferenceValid"":false,""sensorFault"":true},""lora"":{""beginState"":0,""lastTxState"":0,""lastTxOk"":false,""txSeq"":0,""txCounter"":0,""aesKeyProvisioned"":true,""aesKeyPresent"":true,""aesKeySource"":""nvs"",""keyId"":1,""lastDownlinkCommandId"":0,""freqMHz"":920,""bwKHz"":125,""sf"":7,""cr"":5,""syncWord"":18,""txPowerDbm"":17,""preamble"":8,""tcxoVoltage"":1.600000024,""xtalVoltage"":0},""dataset"":{""state"":""idle"",""step"":""idle"",""label"":"""",""seq"":0,""targetSamples"":0,""sampleIntervalMs"":500,""maxDurationMs"":0,""useFanIntake"":true,""fanOnMs"":1000,""postFanSettleMs"":0,""nullingProfileId"":9,""queuePending"":0,""queueCapacity"":16,""queueEnqueued"":0,""queueDropped"":0,""publishFailCount"":0,""retryCount"":0,""retryFailCount"":0,""rejectedSamples"":0,""lastRejectReason"":""none"",""lastRejectChannel"":-1,""lastRejectOkFiniteCount"":0,""lastRejectStatus"":255,""lastRejectGain"":0,""lastRejectSaturated"":false},""recovery"":{""wifiReconnectCount"":0,""wifiReconnectFailCount"":0,""mqttReconnectCount"":0,""mqttConnectFailCount"":0,""lastMqttState"":0,""adsRecoveryCount"":0,""adsRecoveryFailCount"":0,""adsReadFailStreak"":0,""lastReason"":""none"",""lastRecoveryMs"":0,""bootRecoveryArmed"":false,""bootRecoveryDueMs"":0,""bootRecoveryReason"":""none"",""bootRecoveryNonAdsFailure"":false,""bootRecoveryRestartCount"":0},""nulling"":{""done"":false,""retryArmed"":false,""attemptCount"":0,""nextRetryMs"":0,""thresholdV"":9.999999747E-06,""minFinalV"":0},""telemetry"":{""valid"":true,""sampleMs"":6661815,""gasClass"":6,""gasName"":""CO2"",""confidence"":0,""alarm"":false,""sensorVoltage"":[0.114052132,0.003871852,0.004847045,-0.002661056,-0.009694599,-0.011695045,-0.019796502,-0.025415689],""sensorGain"":[32,64,64,64,64,64,64,64],""sensorStatus"":[0,0,0,0,0,0,0,0],""featureOrder"":[""MQ8"",""MQ135"",""MQ3"",""MQ5"",""MQ4"",""MQ7"",""MQ6"",""MQ2""]},""alarmLatched"":false}"
2026-08-04 11:12:06.584 +07:00,285.463,HOT_SWEEP_70,70,700,300,1,0,0.113439694,0.003882404,0.004853978,-0.002664409,-0.009660976,-0.011687554,-0.019853201,-0.025434013,"{""deviceId"":""1001"",""nodeId"":4097,""targetChId"":""0010"",""mode"":""inference"",""uptimeMs"":6662918,""debugEnabled"":true,""power"":{""mode"":""24v"",""externalPower"":true,""batteryMv"":65535,""batteryValid"":false,""batteryDetected"":false,""batterySenseStatus"":""not_detected"",""batteryLow"":false,""batteryCritical"":false,""sourceAmbiguous"":false,""serviceHoldActive"":false,""serviceHoldEffective"":false},""batterySession"":{""state"":""inactive"",""startedMs"":0,""stateStartedMs"":0,""validSampleBatches"":0,""requiredSampleBatches"":10,""alarmTxAttempts"":0,""alarmTxAttemptLimit"":3,""alarmAckReceived"":false,""pendingAlarm"":false,""pendingSaveRequired"":false,""persistenceFaultHold"":false,""completionReason"":""session_done""},""bootHealth"":{""adsReady"":true,""adsDrdyLevel"":0,""adsDrdyPulldownLevel"":0,""adsDrdyPullupLevel"":0,""adsMisoPulldownLevel"":0,""adsMisoPullupLevel"":1,""adsCsLevel"":1,""adsSyncLevel"":1,""adsStatus"":54,""adsMux"":15,""adsAdcon"":6,""adsDrate"":240,""adsReason"":""ok"",""tcaOk"":true,""mcpOkCount"":8,""mcpOk"":[true,true,true,true,true,true,true,true],""mcpAddrMask"":[1,1,1,1,1,1,1,1],""mcpControlTested"":true,""mcpControlOkCount"":8,""mcpControlOk"":[true,true,true,true,true,true,true,true],""dacReady"":true,""radioReady"":true,""mlReady"":true,""nullingProfileApplied"":true,""modelProfileReady"":false},""runtimeMcpCode"":[255,519,795,706,799,865,665,139],""model"":{""profileId"":""cnn-dualbranch-datasheet-v1-unbound"",""scalerProfileId"":""cnn-dualbranch-datasheet-v1-unbound"",""productionApproved"":true,""boundNullingProfileId"":8,""activeNullingProfileId"":9,""bindingValid"":true,""bindingModelMatches"":true,""profileReady"":false,""inferenceValid"":false,""sensorFault"":true},""lora"":{""beginState"":0,""lastTxState"":0,""lastTxOk"":false,""txSeq"":0,""txCounter"":0,""aesKeyProvisioned"":true,""aesKeyPresent"":true,""aesKeySource"":""nvs"",""keyId"":1,""lastDownlinkCommandId"":0,""freqMHz"":920,""bwKHz"":125,""sf"":7,""cr"":5,""syncWord"":18,""txPowerDbm"":17,""preamble"":8,""tcxoVoltage"":1.600000024,""xtalVoltage"":0},""dataset"":{""state"":""idle"",""step"":""idle"",""label"":"""",""seq"":0,""targetSamples"":0,""sampleIntervalMs"":500,""maxDurationMs"":0,""useFanIntake"":true,""fanOnMs"":1000,""postFanSettleMs"":0,""nullingProfileId"":9,""queuePending"":0,""queueCapacity"":16,""queueEnqueued"":0,""queueDropped"":0,""publishFailCount"":0,""retryCount"":0,""retryFailCount"":0,""rejectedSamples"":0,""lastRejectReason"":""none"",""lastRejectChannel"":-1,""lastRejectOkFiniteCount"":0,""lastRejectStatus"":255,""lastRejectGain"":0,""lastRejectSaturated"":false},""recovery"":{""wifiReconnectCount"":0,""wifiReconnectFailCount"":0,""mqttReconnectCount"":0,""mqttConnectFailCount"":0,""lastMqttState"":0,""adsRecoveryCount"":0,""adsRecoveryFailCount"":0,""adsReadFailStreak"":0,""lastReason"":""none"",""lastRecoveryMs"":0,""bootRecoveryArmed"":false,""bootRecoveryDueMs"":0,""bootRecoveryReason"":""none"",""bootRecoveryNonAdsFailure"":false,""bootRecoveryRestartCount"":0},""nulling"":{""done"":false,""retryArmed"":false,""attemptCount"":0,""nextRetryMs"":0,""thresholdV"":9.999999747E-06,""minFinalV"":0},""telemetry"":{""valid"":true,""sampleMs"":6662512,""gasClass"":6,""gasName"":""CO2"",""confidence"":0,""alarm"":false,""sensorVoltage"":[0.113439694,0.003882404,0.004853978,-0.002664409,-0.009660976,-0.011687554,-0.019853201,-0.025434013],""sensorGain"":[32,64,64,64,64,64,64,64],""sensorStatus"":[0,0,0,0,0,0,0,0],""featureOrder"":[""MQ8"",""MQ135"",""MQ3"",""MQ5"",""MQ4"",""MQ7"",""MQ6"",""MQ2""]},""alarmLatched"":false}"
2026-08-04 11:12:07.259 +07:00,286.140,HOT_SWEEP_70,70,700,300,1,0,0.114123926,0.003917035,0.004845885,-0.002633922,-0.009670408,-0.011708584,-0.019874554,-0.025450429,"{""deviceId"":""1001"",""nodeId"":4097,""targetChId"":""0010"",""mode"":""inference"",""uptimeMs"":6663601,""debugEnabled"":true,""power"":{""mode"":""24v"",""externalPower"":true,""batteryMv"":65535,""batteryValid"":false,""batteryDetected"":false,""batterySenseStatus"":""not_detected"",""batteryLow"":false,""batteryCritical"":false,""sourceAmbiguous"":false,""serviceHoldActive"":false,""serviceHoldEffective"":false},""batterySession"":{""state"":""inactive"",""startedMs"":0,""stateStartedMs"":0,""validSampleBatches"":0,""requiredSampleBatches"":10,""alarmTxAttempts"":0,""alarmTxAttemptLimit"":3,""alarmAckReceived"":false,""pendingAlarm"":false,""pendingSaveRequired"":false,""persistenceFaultHold"":false,""completionReason"":""session_done""},""bootHealth"":{""adsReady"":true,""adsDrdyLevel"":0,""adsDrdyPulldownLevel"":0,""adsDrdyPullupLevel"":0,""adsMisoPulldownLevel"":0,""adsMisoPullupLevel"":1,""adsCsLevel"":1,""adsSyncLevel"":1,""adsStatus"":54,""adsMux"":15,""adsAdcon"":6,""adsDrate"":240,""adsReason"":""ok"",""tcaOk"":true,""mcpOkCount"":8,""mcpOk"":[true,true,true,true,true,true,true,true],""mcpAddrMask"":[1,1,1,1,1,1,1,1],""mcpControlTested"":true,""mcpControlOkCount"":8,""mcpControlOk"":[true,true,true,true,true,true,true,true],""dacReady"":true,""radioReady"":true,""mlReady"":true,""nullingProfileApplied"":true,""modelProfileReady"":false},""runtimeMcpCode"":[255,519,795,706,799,865,665,139],""model"":{""profileId"":""cnn-dualbranch-datasheet-v1-unbound"",""scalerProfileId"":""cnn-dualbranch-datasheet-v1-unbound"",""productionApproved"":true,""boundNullingProfileId"":8,""activeNullingProfileId"":9,""bindingValid"":true,""bindingModelMatches"":true,""profileReady"":false,""inferenceValid"":false,""sensorFault"":true},""lora"":{""beginState"":0,""lastTxState"":0,""lastTxOk"":false,""txSeq"":0,""txCounter"":0,""aesKeyProvisioned"":true,""aesKeyPresent"":true,""aesKeySource"":""nvs"",""keyId"":1,""lastDownlinkCommandId"":0,""freqMHz"":920,""bwKHz"":125,""sf"":7,""cr"":5,""syncWord"":18,""txPowerDbm"":17,""preamble"":8,""tcxoVoltage"":1.600000024,""xtalVoltage"":0},""dataset"":{""state"":""idle"",""step"":""idle"",""label"":"""",""seq"":0,""targetSamples"":0,""sampleIntervalMs"":500,""maxDurationMs"":0,""useFanIntake"":true,""fanOnMs"":1000,""postFanSettleMs"":0,""nullingProfileId"":9,""queuePending"":0,""queueCapacity"":16,""queueEnqueued"":0,""queueDropped"":0,""publishFailCount"":0,""retryCount"":0,""retryFailCount"":0,""rejectedSamples"":0,""lastRejectReason"":""none"",""lastRejectChannel"":-1,""lastRejectOkFiniteCount"":0,""lastRejectStatus"":255,""lastRejectGain"":0,""lastRejectSaturated"":false},""recovery"":{""wifiReconnectCount"":0,""wifiReconnectFailCount"":0,""mqttReconnectCount"":0,""mqttConnectFailCount"":0,""lastMqttState"":0,""adsRecoveryCount"":0,""adsRecoveryFailCount"":0,""adsReadFailStreak"":0,""lastReason"":""none"",""lastRecoveryMs"":0,""bootRecoveryArmed"":false,""bootRecoveryDueMs"":0,""bootRecoveryReason"":""none"",""bootRecoveryNonAdsFailure"":false,""bootRecoveryRestartCount"":0},""nulling"":{""done"":false,""retryArmed"":false,""attemptCount"":0,""nextRetryMs"":0,""thresholdV"":9.999999747E-06,""minFinalV"":0},""telemetry"":{""valid"":true,""sampleMs"":6663228,""gasClass"":6,""gasName"":""CO2"",""confidence"":0,""alarm"":false,""sensorVoltage"":[0.114123926,0.003917035,0.004845885,-0.002633922,-0.009670408,-0.011708584,-0.019874554,-0.025450429],""sensorGain"":[32,64,64,64,64,64,64,64],""sensorStatus"":[0,0,0,0,0,0,0,0],""featureOrder"":[""MQ8"",""MQ135"",""MQ3"",""MQ5"",""MQ4"",""MQ7"",""MQ6"",""MQ2""]},""alarmLatched"":false}"
2026-08-04 11:12:07.944 +07:00,286.825,HOT_SWEEP_70,70,700,300,1,0,0.113931298,0.003858322,0.004883268,-0.002647966,-0.009673695,-0.011707533,-0.019872699,-0.025440902,"{""deviceId"":""1001"",""nodeId"":4097,""targetChId"":""0010"",""mode"":""inference"",""uptimeMs"":6664286,""debugEnabled"":true,""power"":{""mode"":""24v"",""externalPower"":true,""batteryMv"":65535,""batteryValid"":false,""batteryDetected"":false,""batterySenseStatus"":""not_detected"",""batteryLow"":false,""batteryCritical"":false,""sourceAmbiguous"":false,""serviceHoldActive"":false,""serviceHoldEffective"":false},""batterySession"":{""state"":""inactive"",""startedMs"":0,""stateStartedMs"":0,""validSampleBatches"":0,""requiredSampleBatches"":10,""alarmTxAttempts"":0,""alarmTxAttemptLimit"":3,""alarmAckReceived"":false,""pendingAlarm"":false,""pendingSaveRequired"":false,""persistenceFaultHold"":false,""completionReason"":""session_done""},""bootHealth"":{""adsReady"":true,""adsDrdyLevel"":0,""adsDrdyPulldownLevel"":0,""adsDrdyPullupLevel"":0,""adsMisoPulldownLevel"":0,""adsMisoPullupLevel"":1,""adsCsLevel"":1,""adsSyncLevel"":1,""adsStatus"":54,""adsMux"":15,""adsAdcon"":6,""adsDrate"":240,""adsReason"":""ok"",""tcaOk"":true,""mcpOkCount"":8,""mcpOk"":[true,true,true,true,true,true,true,true],""mcpAddrMask"":[1,1,1,1,1,1,1,1],""mcpControlTested"":true,""mcpControlOkCount"":8,""mcpControlOk"":[true,true,true,true,true,true,true,true],""dacReady"":true,""radioReady"":true,""mlReady"":true,""nullingProfileApplied"":true,""modelProfileReady"":false},""runtimeMcpCode"":[255,519,795,706,799,865,665,139],""model"":{""profileId"":""cnn-dualbranch-datasheet-v1-unbound"",""scalerProfileId"":""cnn-dualbranch-datasheet-v1-unbound"",""productionApproved"":true,""boundNullingProfileId"":8,""activeNullingProfileId"":9,""bindingValid"":true,""bindingModelMatches"":true,""profileReady"":false,""inferenceValid"":false,""sensorFault"":true},""lora"":{""beginState"":0,""lastTxState"":0,""lastTxOk"":false,""txSeq"":0,""txCounter"":0,""aesKeyProvisioned"":true,""aesKeyPresent"":true,""aesKeySource"":""nvs"",""keyId"":1,""lastDownlinkCommandId"":0,""freqMHz"":920,""bwKHz"":125,""sf"":7,""cr"":5,""syncWord"":18,""txPowerDbm"":17,""preamble"":8,""tcxoVoltage"":1.600000024,""xtalVoltage"":0},""dataset"":{""state"":""idle"",""step"":""idle"",""label"":"""",""seq"":0,""targetSamples"":0,""sampleIntervalMs"":500,""maxDurationMs"":0,""useFanIntake"":true,""fanOnMs"":1000,""postFanSettleMs"":0,""nullingProfileId"":9,""queuePending"":0,""queueCapacity"":16,""queueEnqueued"":0,""queueDropped"":0,""publishFailCount"":0,""retryCount"":0,""retryFailCount"":0,""rejectedSamples"":0,""lastRejectReason"":""none"",""lastRejectChannel"":-1,""lastRejectOkFiniteCount"":0,""lastRejectStatus"":255,""lastRejectGain"":0,""lastRejectSaturated"":false},""recovery"":{""wifiReconnectCount"":0,""wifiReconnectFailCount"":0,""mqttReconnectCount"":0,""mqttConnectFailCount"":0,""lastMqttState"":0,""adsRecoveryCount"":0,""adsRecoveryFailCount"":0,""adsReadFailStreak"":0,""lastReason"":""none"",""lastRecoveryMs"":0,""bootRecoveryArmed"":false,""bootRecoveryDueMs"":0,""bootRecoveryReason"":""none"",""bootRecoveryNonAdsFailure"":false,""bootRecoveryRestartCount"":0},""nulling"":{""done"":false,""retryArmed"":false,""attemptCount"":0,""nextRetryMs"":0,""thresholdV"":9.999999747E-06,""minFinalV"":0},""telemetry"":{""valid"":true,""sampleMs"":6663879,""gasClass"":6,""gasName"":""CO2"",""confidence"":0,""alarm"":false,""sensorVoltage"":[0.113931298,0.003858322,0.004883268,-0.002647966,-0.009673695,-0.011707533,-0.019872699,-0.025440902],""sensorGain"":[32,64,64,64,64,64,64,64],""sensorStatus"":[0,0,0,0,0,0,0,0],""featureOrder"":[""MQ8"",""MQ135"",""MQ3"",""MQ5"",""MQ4"",""MQ7"",""MQ6"",""MQ2""]},""alarmLatched"":false}"
2026-08-04 11:12:08.632 +07:00,287.511,HOT_SWEEP_70,70,700,300,1,0,0.113398395,0.003872133,0.00489645,-0.002635062,-0.009663394,-0.011695854,-0.019823676,-0.02547266,"{""deviceId"":""1001"",""nodeId"":4097,""targetChId"":""0010"",""mode"":""inference"",""uptimeMs"":6664968,""debugEnabled"":true,""power"":{""mode"":""24v"",""externalPower"":true,""batteryMv"":65535,""batteryValid"":false,""batteryDetected"":false,""batterySenseStatus"":""not_detected"",""batteryLow"":false,""batteryCritical"":false,""sourceAmbiguous"":false,""serviceHoldActive"":false,""serviceHoldEffective"":false},""batterySession"":{""state"":""inactive"",""startedMs"":0,""stateStartedMs"":0,""validSampleBatches"":0,""requiredSampleBatches"":10,""alarmTxAttempts"":0,""alarmTxAttemptLimit"":3,""alarmAckReceived"":false,""pendingAlarm"":false,""pendingSaveRequired"":false,""persistenceFaultHold"":false,""completionReason"":""session_done""},""bootHealth"":{""adsReady"":true,""adsDrdyLevel"":0,""adsDrdyPulldownLevel"":0,""adsDrdyPullupLevel"":0,""adsMisoPulldownLevel"":0,""adsMisoPullupLevel"":1,""adsCsLevel"":1,""adsSyncLevel"":1,""adsStatus"":54,""adsMux"":15,""adsAdcon"":6,""adsDrate"":240,""adsReason"":""ok"",""tcaOk"":true,""mcpOkCount"":8,""mcpOk"":[true,true,true,true,true,true,true,true],""mcpAddrMask"":[1,1,1,1,1,1,1,1],""mcpControlTested"":true,""mcpControlOkCount"":8,""mcpControlOk"":[true,true,true,true,true,true,true,true],""dacReady"":true,""radioReady"":true,""mlReady"":true,""nullingProfileApplied"":true,""modelProfileReady"":false},""runtimeMcpCode"":[255,519,795,706,799,865,665,139],""model"":{""profileId"":""cnn-dualbranch-datasheet-v1-unbound"",""scalerProfileId"":""cnn-dualbranch-datasheet-v1-unbound"",""productionApproved"":true,""boundNullingProfileId"":8,""activeNullingProfileId"":9,""bindingValid"":true,""bindingModelMatches"":true,""profileReady"":false,""inferenceValid"":false,""sensorFault"":true},""lora"":{""beginState"":0,""lastTxState"":0,""lastTxOk"":false,""txSeq"":0,""txCounter"":0,""aesKeyProvisioned"":true,""aesKeyPresent"":true,""aesKeySource"":""nvs"",""keyId"":1,""lastDownlinkCommandId"":0,""freqMHz"":920,""bwKHz"":125,""sf"":7,""cr"":5,""syncWord"":18,""txPowerDbm"":17,""preamble"":8,""tcxoVoltage"":1.600000024,""xtalVoltage"":0},""dataset"":{""state"":""idle"",""step"":""idle"",""label"":"""",""seq"":0,""targetSamples"":0,""sampleIntervalMs"":500,""maxDurationMs"":0,""useFanIntake"":true,""fanOnMs"":1000,""postFanSettleMs"":0,""nullingProfileId"":9,""queuePending"":0,""queueCapacity"":16,""queueEnqueued"":0,""queueDropped"":0,""publishFailCount"":0,""retryCount"":0,""retryFailCount"":0,""rejectedSamples"":0,""lastRejectReason"":""none"",""lastRejectChannel"":-1,""lastRejectOkFiniteCount"":0,""lastRejectStatus"":255,""lastRejectGain"":0,""lastRejectSaturated"":false},""recovery"":{""wifiReconnectCount"":0,""wifiReconnectFailCount"":0,""mqttReconnectCount"":0,""mqttConnectFailCount"":0,""lastMqttState"":0,""adsRecoveryCount"":0,""adsRecoveryFailCount"":0,""adsReadFailStreak"":0,""lastReason"":""none"",""lastRecoveryMs"":0,""bootRecoveryArmed"":false,""bootRecoveryDueMs"":0,""bootRecoveryReason"":""none"",""bootRecoveryNonAdsFailure"":false,""bootRecoveryRestartCount"":0},""nulling"":{""done"":false,""retryArmed"":false,""attemptCount"":0,""nextRetryMs"":0,""thresholdV"":9.999999747E-06,""minFinalV"":0},""telemetry"":{""valid"":true,""sampleMs"":6664564,""gasClass"":6,""gasName"":""CO2"",""confidence"":0,""alarm"":false,""sensorVoltage"":[0.113398395,0.003872133,0.00489645,-0.002635062,-0.009663394,-0.011695854,-0.019823676,-0.02547266],""sensorGain"":[32,64,64,64,64,64,64,64],""sensorStatus"":[0,0,0,0,0,0,0,0],""featureOrder"":[""MQ8"",""MQ135"",""MQ3"",""MQ5"",""MQ4"",""MQ7"",""MQ6"",""MQ2""]},""alarmLatched"":false}"
2026-08-04 11:12:09.319 +07:00,288.198,HOT_SWEEP_70,70,700,300,1,0,0.113574982,0.003856825,0.004913817,-0.002647728,-0.009637416,-0.011681439,-0.019874182,-0.025421139,"{""deviceId"":""1001"",""nodeId"":4097,""targetChId"":""0010"",""mode"":""inference"",""uptimeMs"":6665653,""debugEnabled"":true,""power"":{""mode"":""24v"",""externalPower"":true,""batteryMv"":65535,""batteryValid"":false,""batteryDetected"":false,""batterySenseStatus"":""not_detected"",""batteryLow"":false,""batteryCritical"":false,""sourceAmbiguous"":false,""serviceHoldActive"":false,""serviceHoldEffective"":false},""batterySession"":{""state"":""inactive"",""startedMs"":0,""stateStartedMs"":0,""validSampleBatches"":0,""requiredSampleBatches"":10,""alarmTxAttempts"":0,""alarmTxAttemptLimit"":3,""alarmAckReceived"":false,""pendingAlarm"":false,""pendingSaveRequired"":false,""persistenceFaultHold"":false,""completionReason"":""session_done""},""bootHealth"":{""adsReady"":true,""adsDrdyLevel"":0,""adsDrdyPulldownLevel"":0,""adsDrdyPullupLevel"":0,""adsMisoPulldownLevel"":0,""adsMisoPullupLevel"":1,""adsCsLevel"":1,""adsSyncLevel"":1,""adsStatus"":54,""adsMux"":15,""adsAdcon"":6,""adsDrate"":240,""adsReason"":""ok"",""tcaOk"":true,""mcpOkCount"":8,""mcpOk"":[true,true,true,true,true,true,true,true],""mcpAddrMask"":[1,1,1,1,1,1,1,1],""mcpControlTested"":true,""mcpControlOkCount"":8,""mcpControlOk"":[true,true,true,true,true,true,true,true],""dacReady"":true,""radioReady"":true,""mlReady"":true,""nullingProfileApplied"":true,""modelProfileReady"":false},""runtimeMcpCode"":[255,519,795,706,799,865,665,139],""model"":{""profileId"":""cnn-dualbranch-datasheet-v1-unbound"",""scalerProfileId"":""cnn-dualbranch-datasheet-v1-unbound"",""productionApproved"":true,""boundNullingProfileId"":8,""activeNullingProfileId"":9,""bindingValid"":true,""bindingModelMatches"":true,""profileReady"":false,""inferenceValid"":false,""sensorFault"":true},""lora"":{""beginState"":0,""lastTxState"":0,""lastTxOk"":false,""txSeq"":0,""txCounter"":0,""aesKeyProvisioned"":true,""aesKeyPresent"":true,""aesKeySource"":""nvs"",""keyId"":1,""lastDownlinkCommandId"":0,""freqMHz"":920,""bwKHz"":125,""sf"":7,""cr"":5,""syncWord"":18,""txPowerDbm"":17,""preamble"":8,""tcxoVoltage"":1.600000024,""xtalVoltage"":0},""dataset"":{""state"":""idle"",""step"":""idle"",""label"":"""",""seq"":0,""targetSamples"":0,""sampleIntervalMs"":500,""maxDurationMs"":0,""useFanIntake"":true,""fanOnMs"":1000,""postFanSettleMs"":0,""nullingProfileId"":9,""queuePending"":0,""queueCapacity"":16,""queueEnqueued"":0,""queueDropped"":0,""publishFailCount"":0,""retryCount"":0,""retryFailCount"":0,""rejectedSamples"":0,""lastRejectReason"":""none"",""lastRejectChannel"":-1,""lastRejectOkFiniteCount"":0,""lastRejectStatus"":255,""lastRejectGain"":0,""lastRejectSaturated"":false},""recovery"":{""wifiReconnectCount"":0,""wifiReconnectFailCount"":0,""mqttReconnectCount"":0,""mqttConnectFailCount"":0,""lastMqttState"":0,""adsRecoveryCount"":0,""adsRecoveryFailCount"":0,""adsReadFailStreak"":0,""lastReason"":""none"",""lastRecoveryMs"":0,""bootRecoveryArmed"":false,""bootRecoveryDueMs"":0,""bootRecoveryReason"":""none"",""bootRecoveryNonAdsFailure"":false,""bootRecoveryRestartCount"":0},""nulling"":{""done"":false,""retryArmed"":false,""attemptCount"":0,""nextRetryMs"":0,""thresholdV"":9.999999747E-06,""minFinalV"":0},""telemetry"":{""valid"":true,""sampleMs"":6665278,""gasClass"":6,""gasName"":""CO2"",""confidence"":0,""alarm"":false,""sensorVoltage"":[0.113574982,0.003856825,0.004913817,-0.002647728,-0.009637416,-0.011681439,-0.019874182,-0.025421139],""sensorGain"":[32,64,64,64,64,64,64,64],""sensorStatus"":[0,0,0,0,0,0,0,0],""featureOrder"":[""MQ8"",""MQ135"",""MQ3"",""MQ5"",""MQ4"",""MQ7"",""MQ6"",""MQ2""]},""alarmLatched"":false}"
2026-08-04 11:12:10.038 +07:00,288.920,HOT_SWEEP_70,70,700,300,1,0,0.113868989,0.003853781,0.004914558,-0.00263088,-0.009641377,-0.011563076,-0.019492501,-0.024999786,"{""deviceId"":""1001"",""nodeId"":4097,""targetChId"":""0010"",""mode"":""inference"",""uptimeMs"":6666378,""debugEnabled"":true,""power"":{""mode"":""24v"",""externalPower"":true,""batteryMv"":65535,""batteryValid"":false,""batteryDetected"":false,""batterySenseStatus"":""not_detected"",""batteryLow"":false,""batteryCritical"":false,""sourceAmbiguous"":false,""serviceHoldActive"":false,""serviceHoldEffective"":false},""batterySession"":{""state"":""inactive"",""startedMs"":0,""stateStartedMs"":0,""validSampleBatches"":0,""requiredSampleBatches"":10,""alarmTxAttempts"":0,""alarmTxAttemptLimit"":3,""alarmAckReceived"":false,""pendingAlarm"":false,""pendingSaveRequired"":false,""persistenceFaultHold"":false,""completionReason"":""session_done""},""bootHealth"":{""adsReady"":true,""adsDrdyLevel"":0,""adsDrdyPulldownLevel"":0,""adsDrdyPullupLevel"":0,""adsMisoPulldownLevel"":0,""adsMisoPullupLevel"":1,""adsCsLevel"":1,""adsSyncLevel"":1,""adsStatus"":54,""adsMux"":15,""adsAdcon"":6,""adsDrate"":240,""adsReason"":""ok"",""tcaOk"":true,""mcpOkCount"":8,""mcpOk"":[true,true,true,true,true,true,true,true],""mcpAddrMask"":[1,1,1,1,1,1,1,1],""mcpControlTested"":true,""mcpControlOkCount"":8,""mcpControlOk"":[true,true,true,true,true,true,true,true],""dacReady"":true,""radioReady"":true,""mlReady"":true,""nullingProfileApplied"":true,""modelProfileReady"":false},""runtimeMcpCode"":[255,519,795,706,799,865,665,139],""model"":{""profileId"":""cnn-dualbranch-datasheet-v1-unbound"",""scalerProfileId"":""cnn-dualbranch-datasheet-v1-unbound"",""productionApproved"":true,""boundNullingProfileId"":8,""activeNullingProfileId"":9,""bindingValid"":true,""bindingModelMatches"":true,""profileReady"":false,""inferenceValid"":false,""sensorFault"":true},""lora"":{""beginState"":0,""lastTxState"":0,""lastTxOk"":false,""txSeq"":0,""txCounter"":0,""aesKeyProvisioned"":true,""aesKeyPresent"":true,""aesKeySource"":""nvs"",""keyId"":1,""lastDownlinkCommandId"":0,""freqMHz"":920,""bwKHz"":125,""sf"":7,""cr"":5,""syncWord"":18,""txPowerDbm"":17,""preamble"":8,""tcxoVoltage"":1.600000024,""xtalVoltage"":0},""dataset"":{""state"":""idle"",""step"":""idle"",""label"":"""",""seq"":0,""targetSamples"":0,""sampleIntervalMs"":500,""maxDurationMs"":0,""useFanIntake"":true,""fanOnMs"":1000,""postFanSettleMs"":0,""nullingProfileId"":9,""queuePending"":0,""queueCapacity"":16,""queueEnqueued"":0,""queueDropped"":0,""publishFailCount"":0,""retryCount"":0,""retryFailCount"":0,""rejectedSamples"":0,""lastRejectReason"":""none"",""lastRejectChannel"":-1,""lastRejectOkFiniteCount"":0,""lastRejectStatus"":255,""lastRejectGain"":0,""lastRejectSaturated"":false},""recovery"":{""wifiReconnectCount"":0,""wifiReconnectFailCount"":0,""mqttReconnectCount"":0,""mqttConnectFailCount"":0,""lastMqttState"":0,""adsRecoveryCount"":0,""adsRecoveryFailCount"":0,""adsReadFailStreak"":0,""lastReason"":""none"",""lastRecoveryMs"":0,""bootRecoveryArmed"":false,""bootRecoveryDueMs"":0,""bootRecoveryReason"":""none"",""bootRecoveryNonAdsFailure"":false,""bootRecoveryRestartCount"":0},""nulling"":{""done"":false,""retryArmed"":false,""attemptCount"":0,""nextRetryMs"":0,""thresholdV"":9.999999747E-06,""minFinalV"":0},""telemetry"":{""valid"":true,""sampleMs"":6665931,""gasClass"":6,""gasName"":""CO2"",""confidence"":0,""alarm"":false,""sensorVoltage"":[0.113868989,0.003853781,0.004914558,-0.00263088,-0.009641377,-0.011563076,-0.019492501,-0.024999786],""sensorGain"":[32,64,64,64,64,64,64,64],""sensorStatus"":[0,0,0,0,0,0,0,0],""featureOrder"":[""MQ8"",""MQ135"",""MQ3"",""MQ5"",""MQ4"",""MQ7"",""MQ6"",""MQ2""]},""alarmLatched"":false}"
2026-08-04 11:12:10.728 +07:00,289.609,HOT_SWEEP_70,70,700,300,1,0,0.113632396,0.003898379,0.00491872,-0.002633435,-0.009627325,-0.011512605,-0.019555826,-0.025411297,"{""deviceId"":""1001"",""nodeId"":4097,""targetChId"":""0010"",""mode"":""inference"",""uptimeMs"":6667065,""debugEnabled"":true,""power"":{""mode"":""24v"",""externalPower"":true,""batteryMv"":65535,""batteryValid"":false,""batteryDetected"":false,""batterySenseStatus"":""not_detected"",""batteryLow"":false,""batteryCritical"":false,""sourceAmbiguous"":false,""serviceHoldActive"":false,""serviceHoldEffective"":false},""batterySession"":{""state"":""inactive"",""startedMs"":0,""stateStartedMs"":0,""validSampleBatches"":0,""requiredSampleBatches"":10,""alarmTxAttempts"":0,""alarmTxAttemptLimit"":3,""alarmAckReceived"":false,""pendingAlarm"":false,""pendingSaveRequired"":false,""persistenceFaultHold"":false,""completionReason"":""session_done""},""bootHealth"":{""adsReady"":true,""adsDrdyLevel"":0,""adsDrdyPulldownLevel"":0,""adsDrdyPullupLevel"":0,""adsMisoPulldownLevel"":0,""adsMisoPullupLevel"":1,""adsCsLevel"":1,""adsSyncLevel"":1,""adsStatus"":54,""adsMux"":15,""adsAdcon"":6,""adsDrate"":240,""adsReason"":""ok"",""tcaOk"":true,""mcpOkCount"":8,""mcpOk"":[true,true,true,true,true,true,true,true],""mcpAddrMask"":[1,1,1,1,1,1,1,1],""mcpControlTested"":true,""mcpControlOkCount"":8,""mcpControlOk"":[true,true,true,true,true,true,true,true],""dacReady"":true,""radioReady"":true,""mlReady"":true,""nullingProfileApplied"":true,""modelProfileReady"":false},""runtimeMcpCode"":[255,519,795,706,799,865,665,139],""model"":{""profileId"":""cnn-dualbranch-datasheet-v1-unbound"",""scalerProfileId"":""cnn-dualbranch-datasheet-v1-unbound"",""productionApproved"":true,""boundNullingProfileId"":8,""activeNullingProfileId"":9,""bindingValid"":true,""bindingModelMatches"":true,""profileReady"":false,""inferenceValid"":false,""sensorFault"":true},""lora"":{""beginState"":0,""lastTxState"":0,""lastTxOk"":false,""txSeq"":0,""txCounter"":0,""aesKeyProvisioned"":true,""aesKeyPresent"":true,""aesKeySource"":""nvs"",""keyId"":1,""lastDownlinkCommandId"":0,""freqMHz"":920,""bwKHz"":125,""sf"":7,""cr"":5,""syncWord"":18,""txPowerDbm"":17,""preamble"":8,""tcxoVoltage"":1.600000024,""xtalVoltage"":0},""dataset"":{""state"":""idle"",""step"":""idle"",""label"":"""",""seq"":0,""targetSamples"":0,""sampleIntervalMs"":500,""maxDurationMs"":0,""useFanIntake"":true,""fanOnMs"":1000,""postFanSettleMs"":0,""nullingProfileId"":9,""queuePending"":0,""queueCapacity"":16,""queueEnqueued"":0,""queueDropped"":0,""publishFailCount"":0,""retryCount"":0,""retryFailCount"":0,""rejectedSamples"":0,""lastRejectReason"":""none"",""lastRejectChannel"":-1,""lastRejectOkFiniteCount"":0,""lastRejectStatus"":255,""lastRejectGain"":0,""lastRejectSaturated"":false},""recovery"":{""wifiReconnectCount"":0,""wifiReconnectFailCount"":0,""mqttReconnectCount"":0,""mqttConnectFailCount"":0,""lastMqttState"":0,""adsRecoveryCount"":0,""adsRecoveryFailCount"":0,""adsReadFailStreak"":0,""lastReason"":""none"",""lastRecoveryMs"":0,""bootRecoveryArmed"":false,""bootRecoveryDueMs"":0,""bootRecoveryReason"":""none"",""bootRecoveryNonAdsFailure"":false,""bootRecoveryRestartCount"":0},""nulling"":{""done"":false,""retryArmed"":false,""attemptCount"":0,""nextRetryMs"":0,""thresholdV"":9.999999747E-06,""minFinalV"":0},""telemetry"":{""valid"":true,""sampleMs"":6666656,""gasClass"":6,""gasName"":""CO2"",""confidence"":0,""alarm"":false,""sensorVoltage"":[0.113632396,0.003898379,0.00491872,-0.002633435,-0.009627325,-0.011512605,-0.019555826,-0.025411297],""sensorGain"":[32,64,64,64,64,64,64,64],""sensorStatus"":[0,0,0,0,0,0,0,0],""featureOrder"":[""MQ8"",""MQ135"",""MQ3"",""MQ5"",""MQ4"",""MQ7"",""MQ6"",""MQ2""]},""alarmLatched"":false}"
2026-08-04 11:12:11.407 +07:00,290.288,HOT_SWEEP_70,70,700,300,1,0,0.113516726,0.00391998,0.00494712,-0.002637166,-0.00965163,-0.011519073,-0.019596005,-0.025398269,"{""deviceId"":""1001"",""nodeId"":4097,""targetChId"":""0010"",""mode"":""inference"",""uptimeMs"":6667745,""debugEnabled"":true,""power"":{""mode"":""24v"",""externalPower"":true,""batteryMv"":65535,""batteryValid"":false,""batteryDetected"":false,""batterySenseStatus"":""not_detected"",""batteryLow"":false,""batteryCritical"":false,""sourceAmbiguous"":false,""serviceHoldActive"":false,""serviceHoldEffective"":false},""batterySession"":{""state"":""inactive"",""startedMs"":0,""stateStartedMs"":0,""validSampleBatches"":0,""requiredSampleBatches"":10,""alarmTxAttempts"":0,""alarmTxAttemptLimit"":3,""alarmAckReceived"":false,""pendingAlarm"":false,""pendingSaveRequired"":false,""persistenceFaultHold"":false,""completionReason"":""session_done""},""bootHealth"":{""adsReady"":true,""adsDrdyLevel"":0,""adsDrdyPulldownLevel"":0,""adsDrdyPullupLevel"":0,""adsMisoPulldownLevel"":0,""adsMisoPullupLevel"":1,""adsCsLevel"":1,""adsSyncLevel"":1,""adsStatus"":54,""adsMux"":15,""adsAdcon"":6,""adsDrate"":240,""adsReason"":""ok"",""tcaOk"":true,""mcpOkCount"":8,""mcpOk"":[true,true,true,true,true,true,true,true],""mcpAddrMask"":[1,1,1,1,1,1,1,1],""mcpControlTested"":true,""mcpControlOkCount"":8,""mcpControlOk"":[true,true,true,true,true,true,true,true],""dacReady"":true,""radioReady"":true,""mlReady"":true,""nullingProfileApplied"":true,""modelProfileReady"":false},""runtimeMcpCode"":[255,519,795,706,799,865,665,139],""model"":{""profileId"":""cnn-dualbranch-datasheet-v1-unbound"",""scalerProfileId"":""cnn-dualbranch-datasheet-v1-unbound"",""productionApproved"":true,""boundNullingProfileId"":8,""activeNullingProfileId"":9,""bindingValid"":true,""bindingModelMatches"":true,""profileReady"":false,""inferenceValid"":false,""sensorFault"":true},""lora"":{""beginState"":0,""lastTxState"":0,""lastTxOk"":false,""txSeq"":0,""txCounter"":0,""aesKeyProvisioned"":true,""aesKeyPresent"":true,""aesKeySource"":""nvs"",""keyId"":1,""lastDownlinkCommandId"":0,""freqMHz"":920,""bwKHz"":125,""sf"":7,""cr"":5,""syncWord"":18,""txPowerDbm"":17,""preamble"":8,""tcxoVoltage"":1.600000024,""xtalVoltage"":0},""dataset"":{""state"":""idle"",""step"":""idle"",""label"":"""",""seq"":0,""targetSamples"":0,""sampleIntervalMs"":500,""maxDurationMs"":0,""useFanIntake"":true,""fanOnMs"":1000,""postFanSettleMs"":0,""nullingProfileId"":9,""queuePending"":0,""queueCapacity"":16,""queueEnqueued"":0,""queueDropped"":0,""publishFailCount"":0,""retryCount"":0,""retryFailCount"":0,""rejectedSamples"":0,""lastRejectReason"":""none"",""lastRejectChannel"":-1,""lastRejectOkFiniteCount"":0,""lastRejectStatus"":255,""lastRejectGain"":0,""lastRejectSaturated"":false},""recovery"":{""wifiReconnectCount"":0,""wifiReconnectFailCount"":0,""mqttReconnectCount"":0,""mqttConnectFailCount"":0,""lastMqttState"":0,""adsRecoveryCount"":0,""adsRecoveryFailCount"":0,""adsReadFailStreak"":0,""lastReason"":""none"",""lastRecoveryMs"":0,""bootRecoveryArmed"":false,""bootRecoveryDueMs"":0,""bootRecoveryReason"":""none"",""bootRecoveryNonAdsFailure"":false,""bootRecoveryRestartCount"":0},""nulling"":{""done"":false,""retryArmed"":false,""attemptCount"":0,""nextRetryMs"":0,""thresholdV"":9.999999747E-06,""minFinalV"":0},""telemetry"":{""valid"":true,""sampleMs"":6667375,""gasClass"":6,""gasName"":""CO2"",""confidence"":0,""alarm"":false,""sensorVoltage"":[0.113516726,0.00391998,0.00494712,-0.002637166,-0.00965163,-0.011519073,-0.019596005,-0.025398269],""sensorGain"":[32,64,64,64,64,64,64,64],""sensorStatus"":[0,0,0,0,0,0,0,0],""featureOrder"":[""MQ8"",""MQ135"",""MQ3"",""MQ5"",""MQ4"",""MQ7"",""MQ6"",""MQ2""]},""alarmLatched"":false}"
2026-08-04 11:12:12.083 +07:00,290.964,HOT_SWEEP_70,70,700,300,1,0,0.114350811,0.003876426,0.00494495,-0.002568543,-0.009425165,-0.011213441,-0.019202705,-0.024966678,"{""deviceId"":""1001"",""nodeId"":4097,""targetChId"":""0010"",""mode"":""inference"",""uptimeMs"":6668433,""debugEnabled"":true,""power"":{""mode"":""24v"",""externalPower"":true,""batteryMv"":65535,""batteryValid"":false,""batteryDetected"":false,""batterySenseStatus"":""not_detected"",""batteryLow"":false,""batteryCritical"":false,""sourceAmbiguous"":false,""serviceHoldActive"":false,""serviceHoldEffective"":false},""batterySession"":{""state"":""inactive"",""startedMs"":0,""stateStartedMs"":0,""validSampleBatches"":0,""requiredSampleBatches"":10,""alarmTxAttempts"":0,""alarmTxAttemptLimit"":3,""alarmAckReceived"":false,""pendingAlarm"":false,""pendingSaveRequired"":false,""persistenceFaultHold"":false,""completionReason"":""session_done""},""bootHealth"":{""adsReady"":true,""adsDrdyLevel"":0,""adsDrdyPulldownLevel"":0,""adsDrdyPullupLevel"":0,""adsMisoPulldownLevel"":0,""adsMisoPullupLevel"":1,""adsCsLevel"":1,""adsSyncLevel"":1,""adsStatus"":54,""adsMux"":15,""adsAdcon"":6,""adsDrate"":240,""adsReason"":""ok"",""tcaOk"":true,""mcpOkCount"":8,""mcpOk"":[true,true,true,true,true,true,true,true],""mcpAddrMask"":[1,1,1,1,1,1,1,1],""mcpControlTested"":true,""mcpControlOkCount"":8,""mcpControlOk"":[true,true,true,true,true,true,true,true],""dacReady"":true,""radioReady"":true,""mlReady"":true,""nullingProfileApplied"":true,""modelProfileReady"":false},""runtimeMcpCode"":[255,519,795,706,799,865,665,139],""model"":{""profileId"":""cnn-dualbranch-datasheet-v1-unbound"",""scalerProfileId"":""cnn-dualbranch-datasheet-v1-unbound"",""productionApproved"":true,""boundNullingProfileId"":8,""activeNullingProfileId"":9,""bindingValid"":true,""bindingModelMatches"":true,""profileReady"":false,""inferenceValid"":false,""sensorFault"":true},""lora"":{""beginState"":0,""lastTxState"":0,""lastTxOk"":false,""txSeq"":0,""txCounter"":0,""aesKeyProvisioned"":true,""aesKeyPresent"":true,""aesKeySource"":""nvs"",""keyId"":1,""lastDownlinkCommandId"":0,""freqMHz"":920,""bwKHz"":125,""sf"":7,""cr"":5,""syncWord"":18,""txPowerDbm"":17,""preamble"":8,""tcxoVoltage"":1.600000024,""xtalVoltage"":0},""dataset"":{""state"":""idle"",""step"":""idle"",""label"":"""",""seq"":0,""targetSamples"":0,""sampleIntervalMs"":500,""maxDurationMs"":0,""useFanIntake"":true,""fanOnMs"":1000,""postFanSettleMs"":0,""nullingProfileId"":9,""queuePending"":0,""queueCapacity"":16,""queueEnqueued"":0,""queueDropped"":0,""publishFailCount"":0,""retryCount"":0,""retryFailCount"":0,""rejectedSamples"":0,""lastRejectReason"":""none"",""lastRejectChannel"":-1,""lastRejectOkFiniteCount"":0,""lastRejectStatus"":255,""lastRejectGain"":0,""lastRejectSaturated"":false},""recovery"":{""wifiReconnectCount"":0,""wifiReconnectFailCount"":0,""mqttReconnectCount"":0,""mqttConnectFailCount"":0,""lastMqttState"":0,""adsRecoveryCount"":0,""adsRecoveryFailCount"":0,""adsReadFailStreak"":0,""lastReason"":""none"",""lastRecoveryMs"":0,""bootRecoveryArmed"":false,""bootRecoveryDueMs"":0,""bootRecoveryReason"":""none"",""bootRecoveryNonAdsFailure"":false,""bootRecoveryRestartCount"":0},""nulling"":{""done"":false,""retryArmed"":false,""attemptCount"":0,""nextRetryMs"":0,""thresholdV"":9.999999747E-06,""minFinalV"":0},""telemetry"":{""valid"":true,""sampleMs"":6668023,""gasClass"":6,""gasName"":""CO2"",""confidence"":0,""alarm"":false,""sensorVoltage"":[0.114350811,0.003876426,0.00494495,-0.002568543,-0.009425165,-0.011213441,-0.019202705,-0.024966678],""sensorGain"":[32,64,64,64,64,64,64,64],""sensorStatus"":[0,0,0,0,0,0,0,0],""featureOrder"":[""MQ8"",""MQ135"",""MQ3"",""MQ5"",""MQ4"",""MQ7"",""MQ6"",""MQ2""]},""alarmLatched"":false}"
2026-08-04 11:12:12.790 +07:00,291.671,HOT_SWEEP_70,70,700,300,1,0,0.114006534,0.003865962,0.004943186,-0.002612543,-0.00937626,-0.011545425,-0.019561913,-0.025457358,"{""deviceId"":""1001"",""nodeId"":4097,""targetChId"":""0010"",""mode"":""inference"",""uptimeMs"":6669125,""debugEnabled"":true,""power"":{""mode"":""24v"",""externalPower"":true,""batteryMv"":65535,""batteryValid"":false,""batteryDetected"":false,""batterySenseStatus"":""not_detected"",""batteryLow"":false,""batteryCritical"":false,""sourceAmbiguous"":false,""serviceHoldActive"":false,""serviceHoldEffective"":false},""batterySession"":{""state"":""inactive"",""startedMs"":0,""stateStartedMs"":0,""validSampleBatches"":0,""requiredSampleBatches"":10,""alarmTxAttempts"":0,""alarmTxAttemptLimit"":3,""alarmAckReceived"":false,""pendingAlarm"":false,""pendingSaveRequired"":false,""persistenceFaultHold"":false,""completionReason"":""session_done""},""bootHealth"":{""adsReady"":true,""adsDrdyLevel"":0,""adsDrdyPulldownLevel"":0,""adsDrdyPullupLevel"":0,""adsMisoPulldownLevel"":0,""adsMisoPullupLevel"":1,""adsCsLevel"":1,""adsSyncLevel"":1,""adsStatus"":54,""adsMux"":15,""adsAdcon"":6,""adsDrate"":240,""adsReason"":""ok"",""tcaOk"":true,""mcpOkCount"":8,""mcpOk"":[true,true,true,true,true,true,true,true],""mcpAddrMask"":[1,1,1,1,1,1,1,1],""mcpControlTested"":true,""mcpControlOkCount"":8,""mcpControlOk"":[true,true,true,true,true,true,true,true],""dacReady"":true,""radioReady"":true,""mlReady"":true,""nullingProfileApplied"":true,""modelProfileReady"":false},""runtimeMcpCode"":[255,519,795,706,799,865,665,139],""model"":{""profileId"":""cnn-dualbranch-datasheet-v1-unbound"",""scalerProfileId"":""cnn-dualbranch-datasheet-v1-unbound"",""productionApproved"":true,""boundNullingProfileId"":8,""activeNullingProfileId"":9,""bindingValid"":true,""bindingModelMatches"":true,""profileReady"":false,""inferenceValid"":false,""sensorFault"":true},""lora"":{""beginState"":0,""lastTxState"":0,""lastTxOk"":false,""txSeq"":0,""txCounter"":0,""aesKeyProvisioned"":true,""aesKeyPresent"":true,""aesKeySource"":""nvs"",""keyId"":1,""lastDownlinkCommandId"":0,""freqMHz"":920,""bwKHz"":125,""sf"":7,""cr"":5,""syncWord"":18,""txPowerDbm"":17,""preamble"":8,""tcxoVoltage"":1.600000024,""xtalVoltage"":0},""dataset"":{""state"":""idle"",""step"":""idle"",""label"":"""",""seq"":0,""targetSamples"":0,""sampleIntervalMs"":500,""maxDurationMs"":0,""useFanIntake"":true,""fanOnMs"":1000,""postFanSettleMs"":0,""nullingProfileId"":9,""queuePending"":0,""queueCapacity"":16,""queueEnqueued"":0,""queueDropped"":0,""publishFailCount"":0,""retryCount"":0,""retryFailCount"":0,""rejectedSamples"":0,""lastRejectReason"":""none"",""lastRejectChannel"":-1,""lastRejectOkFiniteCount"":0,""lastRejectStatus"":255,""lastRejectGain"":0,""lastRejectSaturated"":false},""recovery"":{""wifiReconnectCount"":0,""wifiReconnectFailCount"":0,""mqttReconnectCount"":0,""mqttConnectFailCount"":0,""lastMqttState"":0,""adsRecoveryCount"":0,""adsRecoveryFailCount"":0,""adsReadFailStreak"":0,""lastReason"":""none"",""lastRecoveryMs"":0,""bootRecoveryArmed"":false,""bootRecoveryDueMs"":0,""bootRecoveryReason"":""none"",""bootRecoveryNonAdsFailure"":false,""bootRecoveryRestartCount"":0},""nulling"":{""done"":false,""retryArmed"":false,""attemptCount"":0,""nextRetryMs"":0,""thresholdV"":9.999999747E-06,""minFinalV"":0},""telemetry"":{""valid"":true,""sampleMs"":6668711,""gasClass"":6,""gasName"":""CO2"",""confidence"":0,""alarm"":false,""sensorVoltage"":[0.114006534,0.003865962,0.004943186,-0.002612543,-0.00937626,-0.011545425,-0.019561913,-0.025457358],""sensorGain"":[32,64,64,64,64,64,64,64],""sensorStatus"":[0,0,0,0,0,0,0,0],""featureOrder"":[""MQ8"",""MQ135"",""MQ3"",""MQ5"",""MQ4"",""MQ7"",""MQ6"",""MQ2""]},""alarmLatched"":false}"
2026-08-04 11:12:13.479 +07:00,292.354,HOT_SWEEP_70,70,700,300,1,0,0.113738917,0.003853209,0.004949761,-0.002524205,-0.00938764,-0.011558913,-0.019463424,-0.025451219,"{""deviceId"":""1001"",""nodeId"":4097,""targetChId"":""0010"",""mode"":""inference"",""uptimeMs"":6669813,""debugEnabled"":true,""power"":{""mode"":""24v"",""externalPower"":true,""batteryMv"":65535,""batteryValid"":false,""batteryDetected"":false,""batterySenseStatus"":""not_detected"",""batteryLow"":false,""batteryCritical"":false,""sourceAmbiguous"":false,""serviceHoldActive"":false,""serviceHoldEffective"":false},""batterySession"":{""state"":""inactive"",""startedMs"":0,""stateStartedMs"":0,""validSampleBatches"":0,""requiredSampleBatches"":10,""alarmTxAttempts"":0,""alarmTxAttemptLimit"":3,""alarmAckReceived"":false,""pendingAlarm"":false,""pendingSaveRequired"":false,""persistenceFaultHold"":false,""completionReason"":""session_done""},""bootHealth"":{""adsReady"":true,""adsDrdyLevel"":0,""adsDrdyPulldownLevel"":0,""adsDrdyPullupLevel"":0,""adsMisoPulldownLevel"":0,""adsMisoPullupLevel"":1,""adsCsLevel"":1,""adsSyncLevel"":1,""adsStatus"":54,""adsMux"":15,""adsAdcon"":6,""adsDrate"":240,""adsReason"":""ok"",""tcaOk"":true,""mcpOkCount"":8,""mcpOk"":[true,true,true,true,true,true,true,true],""mcpAddrMask"":[1,1,1,1,1,1,1,1],""mcpControlTested"":true,""mcpControlOkCount"":8,""mcpControlOk"":[true,true,true,true,true,true,true,true],""dacReady"":true,""radioReady"":true,""mlReady"":true,""nullingProfileApplied"":true,""modelProfileReady"":false},""runtimeMcpCode"":[255,519,795,706,799,865,665,139],""model"":{""profileId"":""cnn-dualbranch-datasheet-v1-unbound"",""scalerProfileId"":""cnn-dualbranch-datasheet-v1-unbound"",""productionApproved"":true,""boundNullingProfileId"":8,""activeNullingProfileId"":9,""bindingValid"":true,""bindingModelMatches"":true,""profileReady"":false,""inferenceValid"":false,""sensorFault"":true},""lora"":{""beginState"":0,""lastTxState"":0,""lastTxOk"":false,""txSeq"":0,""txCounter"":0,""aesKeyProvisioned"":true,""aesKeyPresent"":true,""aesKeySource"":""nvs"",""keyId"":1,""lastDownlinkCommandId"":0,""freqMHz"":920,""bwKHz"":125,""sf"":7,""cr"":5,""syncWord"":18,""txPowerDbm"":17,""preamble"":8,""tcxoVoltage"":1.600000024,""xtalVoltage"":0},""dataset"":{""state"":""idle"",""step"":""idle"",""label"":"""",""seq"":0,""targetSamples"":0,""sampleIntervalMs"":500,""maxDurationMs"":0,""useFanIntake"":true,""fanOnMs"":1000,""postFanSettleMs"":0,""nullingProfileId"":9,""queuePending"":0,""queueCapacity"":16,""queueEnqueued"":0,""queueDropped"":0,""publishFailCount"":0,""retryCount"":0,""retryFailCount"":0,""rejectedSamples"":0,""lastRejectReason"":""none"",""lastRejectChannel"":-1,""lastRejectOkFiniteCount"":0,""lastRejectStatus"":255,""lastRejectGain"":0,""lastRejectSaturated"":false},""recovery"":{""wifiReconnectCount"":0,""wifiReconnectFailCount"":0,""mqttReconnectCount"":0,""mqttConnectFailCount"":0,""lastMqttState"":0,""adsRecoveryCount"":0,""adsRecoveryFailCount"":0,""adsReadFailStreak"":0,""lastReason"":""none"",""lastRecoveryMs"":0,""bootRecoveryArmed"":false,""bootRecoveryDueMs"":0,""bootRecoveryReason"":""none"",""bootRecoveryNonAdsFailure"":false,""bootRecoveryRestartCount"":0},""nulling"":{""done"":false,""retryArmed"":false,""attemptCount"":0,""nextRetryMs"":0,""thresholdV"":9.999999747E-06,""minFinalV"":0},""telemetry"":{""valid"":true,""sampleMs"":6669435,""gasClass"":6,""gasName"":""CO2"",""confidence"":0,""alarm"":false,""sensorVoltage"":[0.113738917,0.003853209,0.004949761,-0.002524205,-0.00938764,-0.011558913,-0.019463424,-0.025451219],""sensorGain"":[32,64,64,64,64,64,64,64],""sensorStatus"":[0,0,0,0,0,0,0,0],""featureOrder"":[""MQ8"",""MQ135"",""MQ3"",""MQ5"",""MQ4"",""MQ7"",""MQ6"",""MQ2""]},""alarmLatched"":false}"
2026-08-04 11:12:14.159 +07:00,293.040,HOT_SWEEP_70,70,700,300,1,0,0.114885271,0.003813772,0.004886393,-0.002499979,-0.009107086,-0.011274597,-0.019074557,-0.025506508,"{""deviceId"":""1001"",""nodeId"":4097,""targetChId"":""0010"",""mode"":""inference"",""uptimeMs"":6670499,""debugEnabled"":true,""power"":{""mode"":""24v"",""externalPower"":true,""batteryMv"":65535,""batteryValid"":false,""batteryDetected"":false,""batterySenseStatus"":""not_detected"",""batteryLow"":false,""batteryCritical"":false,""sourceAmbiguous"":false,""serviceHoldActive"":false,""serviceHoldEffective"":false},""batterySession"":{""state"":""inactive"",""startedMs"":0,""stateStartedMs"":0,""validSampleBatches"":0,""requiredSampleBatches"":10,""alarmTxAttempts"":0,""alarmTxAttemptLimit"":3,""alarmAckReceived"":false,""pendingAlarm"":false,""pendingSaveRequired"":false,""persistenceFaultHold"":false,""completionReason"":""session_done""},""bootHealth"":{""adsReady"":true,""adsDrdyLevel"":0,""adsDrdyPulldownLevel"":0,""adsDrdyPullupLevel"":0,""adsMisoPulldownLevel"":0,""adsMisoPullupLevel"":1,""adsCsLevel"":1,""adsSyncLevel"":1,""adsStatus"":54,""adsMux"":15,""adsAdcon"":6,""adsDrate"":240,""adsReason"":""ok"",""tcaOk"":true,""mcpOkCount"":8,""mcpOk"":[true,true,true,true,true,true,true,true],""mcpAddrMask"":[1,1,1,1,1,1,1,1],""mcpControlTested"":true,""mcpControlOkCount"":8,""mcpControlOk"":[true,true,true,true,true,true,true,true],""dacReady"":true,""radioReady"":true,""mlReady"":true,""nullingProfileApplied"":true,""modelProfileReady"":false},""runtimeMcpCode"":[255,519,795,706,799,865,665,139],""model"":{""profileId"":""cnn-dualbranch-datasheet-v1-unbound"",""scalerProfileId"":""cnn-dualbranch-datasheet-v1-unbound"",""productionApproved"":true,""boundNullingProfileId"":8,""activeNullingProfileId"":9,""bindingValid"":true,""bindingModelMatches"":true,""profileReady"":false,""inferenceValid"":false,""sensorFault"":true},""lora"":{""beginState"":0,""lastTxState"":0,""lastTxOk"":false,""txSeq"":0,""txCounter"":0,""aesKeyProvisioned"":true,""aesKeyPresent"":true,""aesKeySource"":""nvs"",""keyId"":1,""lastDownlinkCommandId"":0,""freqMHz"":920,""bwKHz"":125,""sf"":7,""cr"":5,""syncWord"":18,""txPowerDbm"":17,""preamble"":8,""tcxoVoltage"":1.600000024,""xtalVoltage"":0},""dataset"":{""state"":""idle"",""step"":""idle"",""label"":"""",""seq"":0,""targetSamples"":0,""sampleIntervalMs"":500,""maxDurationMs"":0,""useFanIntake"":true,""fanOnMs"":1000,""postFanSettleMs"":0,""nullingProfileId"":9,""queuePending"":0,""queueCapacity"":16,""queueEnqueued"":0,""queueDropped"":0,""publishFailCount"":0,""retryCount"":0,""retryFailCount"":0,""rejectedSamples"":0,""lastRejectReason"":""none"",""lastRejectChannel"":-1,""lastRejectOkFiniteCount"":0,""lastRejectStatus"":255,""lastRejectGain"":0,""lastRejectSaturated"":false},""recovery"":{""wifiReconnectCount"":0,""wifiReconnectFailCount"":0,""mqttReconnectCount"":0,""mqttConnectFailCount"":0,""lastMqttState"":0,""adsRecoveryCount"":0,""adsRecoveryFailCount"":0,""adsReadFailStreak"":0,""lastReason"":""none"",""lastRecoveryMs"":0,""bootRecoveryArmed"":false,""bootRecoveryDueMs"":0,""bootRecoveryReason"":""none"",""bootRecoveryNonAdsFailure"":false,""bootRecoveryRestartCount"":0},""nulling"":{""done"":false,""retryArmed"":false,""attemptCount"":0,""nextRetryMs"":0,""thresholdV"":9.999999747E-06,""minFinalV"":0},""telemetry"":{""valid"":true,""sampleMs"":6670091,""gasClass"":6,""gasName"":""CO2"",""confidence"":0,""alarm"":false,""sensorVoltage"":[0.114885271,0.003813772,0.004886393,-0.002499979,-0.009107086,-0.011274597,-0.019074557,-0.025506508],""sensorGain"":[32,64,64,64,64,64,64,64],""sensorStatus"":[0,0,0,0,0,0,0,0],""featureOrder"":[""MQ8"",""MQ135"",""MQ3"",""MQ5"",""MQ4"",""MQ7"",""MQ6"",""MQ2""]},""alarmLatched"":false}"
2026-08-04 11:12:14.847 +07:00,293.728,HOT_SWEEP_70,70,700,300,1,0,0.114472494,0.003846065,0.004896496,-0.002528513,-0.009347853,-0.011476473,-0.019530158,-0.025528979,"{""deviceId"":""1001"",""nodeId"":4097,""targetChId"":""0010"",""mode"":""inference"",""uptimeMs"":6671182,""debugEnabled"":true,""power"":{""mode"":""24v"",""externalPower"":true,""batteryMv"":65535,""batteryValid"":false,""batteryDetected"":false,""batterySenseStatus"":""not_detected"",""batteryLow"":false,""batteryCritical"":false,""sourceAmbiguous"":false,""serviceHoldActive"":false,""serviceHoldEffective"":false},""batterySession"":{""state"":""inactive"",""startedMs"":0,""stateStartedMs"":0,""validSampleBatches"":0,""requiredSampleBatches"":10,""alarmTxAttempts"":0,""alarmTxAttemptLimit"":3,""alarmAckReceived"":false,""pendingAlarm"":false,""pendingSaveRequired"":false,""persistenceFaultHold"":false,""completionReason"":""session_done""},""bootHealth"":{""adsReady"":true,""adsDrdyLevel"":0,""adsDrdyPulldownLevel"":0,""adsDrdyPullupLevel"":0,""adsMisoPulldownLevel"":0,""adsMisoPullupLevel"":1,""adsCsLevel"":1,""adsSyncLevel"":1,""adsStatus"":54,""adsMux"":15,""adsAdcon"":6,""adsDrate"":240,""adsReason"":""ok"",""tcaOk"":true,""mcpOkCount"":8,""mcpOk"":[true,true,true,true,true,true,true,true],""mcpAddrMask"":[1,1,1,1,1,1,1,1],""mcpControlTested"":true,""mcpControlOkCount"":8,""mcpControlOk"":[true,true,true,true,true,true,true,true],""dacReady"":true,""radioReady"":true,""mlReady"":true,""nullingProfileApplied"":true,""modelProfileReady"":false},""runtimeMcpCode"":[255,519,795,706,799,865,665,139],""model"":{""profileId"":""cnn-dualbranch-datasheet-v1-unbound"",""scalerProfileId"":""cnn-dualbranch-datasheet-v1-unbound"",""productionApproved"":true,""boundNullingProfileId"":8,""activeNullingProfileId"":9,""bindingValid"":true,""bindingModelMatches"":true,""profileReady"":false,""inferenceValid"":false,""sensorFault"":true},""lora"":{""beginState"":0,""lastTxState"":0,""lastTxOk"":false,""txSeq"":0,""txCounter"":0,""aesKeyProvisioned"":true,""aesKeyPresent"":true,""aesKeySource"":""nvs"",""keyId"":1,""lastDownlinkCommandId"":0,""freqMHz"":920,""bwKHz"":125,""sf"":7,""cr"":5,""syncWord"":18,""txPowerDbm"":17,""preamble"":8,""tcxoVoltage"":1.600000024,""xtalVoltage"":0},""dataset"":{""state"":""idle"",""step"":""idle"",""label"":"""",""seq"":0,""targetSamples"":0,""sampleIntervalMs"":500,""maxDurationMs"":0,""useFanIntake"":true,""fanOnMs"":1000,""postFanSettleMs"":0,""nullingProfileId"":9,""queuePending"":0,""queueCapacity"":16,""queueEnqueued"":0,""queueDropped"":0,""publishFailCount"":0,""retryCount"":0,""retryFailCount"":0,""rejectedSamples"":0,""lastRejectReason"":""none"",""lastRejectChannel"":-1,""lastRejectOkFiniteCount"":0,""lastRejectStatus"":255,""lastRejectGain"":0,""lastRejectSaturated"":false},""recovery"":{""wifiReconnectCount"":0,""wifiReconnectFailCount"":0,""mqttReconnectCount"":0,""mqttConnectFailCount"":0,""lastMqttState"":0,""adsRecoveryCount"":0,""adsRecoveryFailCount"":0,""adsReadFailStreak"":0,""lastReason"":""none"",""lastRecoveryMs"":0,""bootRecoveryArmed"":false,""bootRecoveryDueMs"":0,""bootRecoveryReason"":""none"",""bootRecoveryNonAdsFailure"":false,""bootRecoveryRestartCount"":0},""nulling"":{""done"":false,""retryArmed"":false,""attemptCount"":0,""nextRetryMs"":0,""thresholdV"":9.999999747E-06,""minFinalV"":0},""telemetry"":{""valid"":true,""sampleMs"":6670777,""gasClass"":6,""gasName"":""CO2"",""confidence"":0,""alarm"":false,""sensorVoltage"":[0.114472494,0.003846065,0.004896496,-0.002528513,-0.009347853,-0.011476473,-0.019530158,-0.025528979],""sensorGain"":[32,64,64,64,64,64,64,64],""sensorStatus"":[0,0,0,0,0,0,0,0],""featureOrder"":[""MQ8"",""MQ135"",""MQ3"",""MQ5"",""MQ4"",""MQ7"",""MQ6"",""MQ2""]},""alarmLatched"":false}"
2026-08-04 11:12:15.541 +07:00,294.422,HOT_SWEEP_70,70,700,300,1,0,0.114237748,0.00382766,0.004897662,-0.00251412,-0.00935074,-0.011480757,-0.019562874,-0.025532577,"{""deviceId"":""1001"",""nodeId"":4097,""targetChId"":""0010"",""mode"":""inference"",""uptimeMs"":6671878,""debugEnabled"":true,""power"":{""mode"":""24v"",""externalPower"":true,""batteryMv"":65535,""batteryValid"":false,""batteryDetected"":false,""batterySenseStatus"":""not_detected"",""batteryLow"":false,""batteryCritical"":false,""sourceAmbiguous"":false,""serviceHoldActive"":false,""serviceHoldEffective"":false},""batterySession"":{""state"":""inactive"",""startedMs"":0,""stateStartedMs"":0,""validSampleBatches"":0,""requiredSampleBatches"":10,""alarmTxAttempts"":0,""alarmTxAttemptLimit"":3,""alarmAckReceived"":false,""pendingAlarm"":false,""pendingSaveRequired"":false,""persistenceFaultHold"":false,""completionReason"":""session_done""},""bootHealth"":{""adsReady"":true,""adsDrdyLevel"":0,""adsDrdyPulldownLevel"":0,""adsDrdyPullupLevel"":0,""adsMisoPulldownLevel"":0,""adsMisoPullupLevel"":1,""adsCsLevel"":1,""adsSyncLevel"":1,""adsStatus"":54,""adsMux"":15,""adsAdcon"":6,""adsDrate"":240,""adsReason"":""ok"",""tcaOk"":true,""mcpOkCount"":8,""mcpOk"":[true,true,true,true,true,true,true,true],""mcpAddrMask"":[1,1,1,1,1,1,1,1],""mcpControlTested"":true,""mcpControlOkCount"":8,""mcpControlOk"":[true,true,true,true,true,true,true,true],""dacReady"":true,""radioReady"":true,""mlReady"":true,""nullingProfileApplied"":true,""modelProfileReady"":false},""runtimeMcpCode"":[255,519,795,706,799,865,665,139],""model"":{""profileId"":""cnn-dualbranch-datasheet-v1-unbound"",""scalerProfileId"":""cnn-dualbranch-datasheet-v1-unbound"",""productionApproved"":true,""boundNullingProfileId"":8,""activeNullingProfileId"":9,""bindingValid"":true,""bindingModelMatches"":true,""profileReady"":false,""inferenceValid"":false,""sensorFault"":true},""lora"":{""beginState"":0,""lastTxState"":0,""lastTxOk"":false,""txSeq"":0,""txCounter"":0,""aesKeyProvisioned"":true,""aesKeyPresent"":true,""aesKeySource"":""nvs"",""keyId"":1,""lastDownlinkCommandId"":0,""freqMHz"":920,""bwKHz"":125,""sf"":7,""cr"":5,""syncWord"":18,""txPowerDbm"":17,""preamble"":8,""tcxoVoltage"":1.600000024,""xtalVoltage"":0},""dataset"":{""state"":""idle"",""step"":""idle"",""label"":"""",""seq"":0,""targetSamples"":0,""sampleIntervalMs"":500,""maxDurationMs"":0,""useFanIntake"":true,""fanOnMs"":1000,""postFanSettleMs"":0,""nullingProfileId"":9,""queuePending"":0,""queueCapacity"":16,""queueEnqueued"":0,""queueDropped"":0,""publishFailCount"":0,""retryCount"":0,""retryFailCount"":0,""rejectedSamples"":0,""lastRejectReason"":""none"",""lastRejectChannel"":-1,""lastRejectOkFiniteCount"":0,""lastRejectStatus"":255,""lastRejectGain"":0,""lastRejectSaturated"":false},""recovery"":{""wifiReconnectCount"":0,""wifiReconnectFailCount"":0,""mqttReconnectCount"":0,""mqttConnectFailCount"":0,""lastMqttState"":0,""adsRecoveryCount"":0,""adsRecoveryFailCount"":0,""adsReadFailStreak"":0,""lastReason"":""none"",""lastRecoveryMs"":0,""bootRecoveryArmed"":false,""bootRecoveryDueMs"":0,""bootRecoveryReason"":""none"",""bootRecoveryNonAdsFailure"":false,""bootRecoveryRestartCount"":0},""nulling"":{""done"":false,""retryArmed"":false,""attemptCount"":0,""nextRetryMs"":0,""thresholdV"":9.999999747E-06,""minFinalV"":0},""telemetry"":{""valid"":true,""sampleMs"":6671492,""gasClass"":6,""gasName"":""CO2"",""confidence"":0,""alarm"":false,""sensorVoltage"":[0.114237748,0.00382766,0.004897662,-0.00251412,-0.00935074,-0.011480757,-0.019562874,-0.025532577],""sensorGain"":[32,64,64,64,64,64,64,64],""sensorStatus"":[0,0,0,0,0,0,0,0],""featureOrder"":[""MQ8"",""MQ135"",""MQ3"",""MQ5"",""MQ4"",""MQ7"",""MQ6"",""MQ2""]},""alarmLatched"":false}"
2026-08-04 11:12:16.221 +07:00,295.102,HOT_SWEEP_70,70,700,300,1,0,0.115368128,0.003832813,0.004872567,-0.00249682,-0.009382051,-0.011491251,-0.019515852,-0.025526334,"{""deviceId"":""1001"",""nodeId"":4097,""targetChId"":""0010"",""mode"":""inference"",""uptimeMs"":6672563,""debugEnabled"":true,""power"":{""mode"":""24v"",""externalPower"":true,""batteryMv"":65535,""batteryValid"":false,""batteryDetected"":false,""batterySenseStatus"":""not_detected"",""batteryLow"":false,""batteryCritical"":false,""sourceAmbiguous"":false,""serviceHoldActive"":false,""serviceHoldEffective"":false},""batterySession"":{""state"":""inactive"",""startedMs"":0,""stateStartedMs"":0,""validSampleBatches"":0,""requiredSampleBatches"":10,""alarmTxAttempts"":0,""alarmTxAttemptLimit"":3,""alarmAckReceived"":false,""pendingAlarm"":false,""pendingSaveRequired"":false,""persistenceFaultHold"":false,""completionReason"":""session_done""},""bootHealth"":{""adsReady"":true,""adsDrdyLevel"":0,""adsDrdyPulldownLevel"":0,""adsDrdyPullupLevel"":0,""adsMisoPulldownLevel"":0,""adsMisoPullupLevel"":1,""adsCsLevel"":1,""adsSyncLevel"":1,""adsStatus"":54,""adsMux"":15,""adsAdcon"":6,""adsDrate"":240,""adsReason"":""ok"",""tcaOk"":true,""mcpOkCount"":8,""mcpOk"":[true,true,true,true,true,true,true,true],""mcpAddrMask"":[1,1,1,1,1,1,1,1],""mcpControlTested"":true,""mcpControlOkCount"":8,""mcpControlOk"":[true,true,true,true,true,true,true,true],""dacReady"":true,""radioReady"":true,""mlReady"":true,""nullingProfileApplied"":true,""modelProfileReady"":false},""runtimeMcpCode"":[255,519,795,706,799,865,665,139],""model"":{""profileId"":""cnn-dualbranch-datasheet-v1-unbound"",""scalerProfileId"":""cnn-dualbranch-datasheet-v1-unbound"",""productionApproved"":true,""boundNullingProfileId"":8,""activeNullingProfileId"":9,""bindingValid"":true,""bindingModelMatches"":true,""profileReady"":false,""inferenceValid"":false,""sensorFault"":true},""lora"":{""beginState"":0,""lastTxState"":0,""lastTxOk"":false,""txSeq"":0,""txCounter"":0,""aesKeyProvisioned"":true,""aesKeyPresent"":true,""aesKeySource"":""nvs"",""keyId"":1,""lastDownlinkCommandId"":0,""freqMHz"":920,""bwKHz"":125,""sf"":7,""cr"":5,""syncWord"":18,""txPowerDbm"":17,""preamble"":8,""tcxoVoltage"":1.600000024,""xtalVoltage"":0},""dataset"":{""state"":""idle"",""step"":""idle"",""label"":"""",""seq"":0,""targetSamples"":0,""sampleIntervalMs"":500,""maxDurationMs"":0,""useFanIntake"":true,""fanOnMs"":1000,""postFanSettleMs"":0,""nullingProfileId"":9,""queuePending"":0,""queueCapacity"":16,""queueEnqueued"":0,""queueDropped"":0,""publishFailCount"":0,""retryCount"":0,""retryFailCount"":0,""rejectedSamples"":0,""lastRejectReason"":""none"",""lastRejectChannel"":-1,""lastRejectOkFiniteCount"":0,""lastRejectStatus"":255,""lastRejectGain"":0,""lastRejectSaturated"":false},""recovery"":{""wifiReconnectCount"":0,""wifiReconnectFailCount"":0,""mqttReconnectCount"":0,""mqttConnectFailCount"":0,""lastMqttState"":0,""adsRecoveryCount"":0,""adsRecoveryFailCount"":0,""adsReadFailStreak"":0,""lastReason"":""none"",""lastRecoveryMs"":0,""bootRecoveryArmed"":false,""bootRecoveryDueMs"":0,""bootRecoveryReason"":""none"",""bootRecoveryNonAdsFailure"":false,""bootRecoveryRestartCount"":0},""nulling"":{""done"":false,""retryArmed"":false,""attemptCount"":0,""nextRetryMs"":0,""thresholdV"":9.999999747E-06,""minFinalV"":0},""telemetry"":{""valid"":true,""sampleMs"":6672156,""gasClass"":6,""gasName"":""CO2"",""confidence"":0,""alarm"":false,""sensorVoltage"":[0.115368128,0.003832813,0.004872567,-0.00249682,-0.009382051,-0.011491251,-0.019515852,-0.025526334],""sensorGain"":[32,64,64,64,64,64,64,64],""sensorStatus"":[0,0,0,0,0,0,0,0],""featureOrder"":[""MQ8"",""MQ135"",""MQ3"",""MQ5"",""MQ4"",""MQ7"",""MQ6"",""MQ2""]},""alarmLatched"":false}"
2026-08-04 11:12:16.920 +07:00,295.801,HOT_SWEEP_70,70,700,300,1,0,0.115249872,0.003943232,0.004841966,-0.00253723,-0.009586036,-0.011490773,-0.019525591,-0.0254825,"{""deviceId"":""1001"",""nodeId"":4097,""targetChId"":""0010"",""mode"":""inference"",""uptimeMs"":6673262,""debugEnabled"":true,""power"":{""mode"":""24v"",""externalPower"":true,""batteryMv"":65535,""batteryValid"":false,""batteryDetected"":false,""batterySenseStatus"":""not_detected"",""batteryLow"":false,""batteryCritical"":false,""sourceAmbiguous"":false,""serviceHoldActive"":false,""serviceHoldEffective"":false},""batterySession"":{""state"":""inactive"",""startedMs"":0,""stateStartedMs"":0,""validSampleBatches"":0,""requiredSampleBatches"":10,""alarmTxAttempts"":0,""alarmTxAttemptLimit"":3,""alarmAckReceived"":false,""pendingAlarm"":false,""pendingSaveRequired"":false,""persistenceFaultHold"":false,""completionReason"":""session_done""},""bootHealth"":{""adsReady"":true,""adsDrdyLevel"":0,""adsDrdyPulldownLevel"":0,""adsDrdyPullupLevel"":0,""adsMisoPulldownLevel"":0,""adsMisoPullupLevel"":1,""adsCsLevel"":1,""adsSyncLevel"":1,""adsStatus"":54,""adsMux"":15,""adsAdcon"":6,""adsDrate"":240,""adsReason"":""ok"",""tcaOk"":true,""mcpOkCount"":8,""mcpOk"":[true,true,true,true,true,true,true,true],""mcpAddrMask"":[1,1,1,1,1,1,1,1],""mcpControlTested"":true,""mcpControlOkCount"":8,""mcpControlOk"":[true,true,true,true,true,true,true,true],""dacReady"":true,""radioReady"":true,""mlReady"":true,""nullingProfileApplied"":true,""modelProfileReady"":false},""runtimeMcpCode"":[255,519,795,706,799,865,665,139],""model"":{""profileId"":""cnn-dualbranch-datasheet-v1-unbound"",""scalerProfileId"":""cnn-dualbranch-datasheet-v1-unbound"",""productionApproved"":true,""boundNullingProfileId"":8,""activeNullingProfileId"":9,""bindingValid"":true,""bindingModelMatches"":true,""profileReady"":false,""inferenceValid"":false,""sensorFault"":true},""lora"":{""beginState"":0,""lastTxState"":0,""lastTxOk"":false,""txSeq"":0,""txCounter"":0,""aesKeyProvisioned"":true,""aesKeyPresent"":true,""aesKeySource"":""nvs"",""keyId"":1,""lastDownlinkCommandId"":0,""freqMHz"":920,""bwKHz"":125,""sf"":7,""cr"":5,""syncWord"":18,""txPowerDbm"":17,""preamble"":8,""tcxoVoltage"":1.600000024,""xtalVoltage"":0},""dataset"":{""state"":""idle"",""step"":""idle"",""label"":"""",""seq"":0,""targetSamples"":0,""sampleIntervalMs"":500,""maxDurationMs"":0,""useFanIntake"":true,""fanOnMs"":1000,""postFanSettleMs"":0,""nullingProfileId"":9,""queuePending"":0,""queueCapacity"":16,""queueEnqueued"":0,""queueDropped"":0,""publishFailCount"":0,""retryCount"":0,""retryFailCount"":0,""rejectedSamples"":0,""lastRejectReason"":""none"",""lastRejectChannel"":-1,""lastRejectOkFiniteCount"":0,""lastRejectStatus"":255,""lastRejectGain"":0,""lastRejectSaturated"":false},""recovery"":{""wifiReconnectCount"":0,""wifiReconnectFailCount"":0,""mqttReconnectCount"":0,""mqttConnectFailCount"":0,""lastMqttState"":0,""adsRecoveryCount"":0,""adsRecoveryFailCount"":0,""adsReadFailStreak"":0,""lastReason"":""none"",""lastRecoveryMs"":0,""bootRecoveryArmed"":false,""bootRecoveryDueMs"":0,""bootRecoveryReason"":""none"",""bootRecoveryNonAdsFailure"":false,""bootRecoveryRestartCount"":0},""nulling"":{""done"":false,""retryArmed"":false,""attemptCount"":0,""nextRetryMs"":0,""thresholdV"":9.999999747E-06,""minFinalV"":0},""telemetry"":{""valid"":true,""sampleMs"":6672841,""gasClass"":6,""gasName"":""CO2"",""confidence"":0,""alarm"":false,""sensorVoltage"":[0.115249872,0.003943232,0.004841966,-0.00253723,-0.009586036,-0.011490773,-0.019525591,-0.0254825],""sensorGain"":[32,64,64,64,64,64,64,64],""sensorStatus"":[0,0,0,0,0,0,0,0],""featureOrder"":[""MQ8"",""MQ135"",""MQ3"",""MQ5"",""MQ4"",""MQ7"",""MQ6"",""MQ2""]},""alarmLatched"":false}"
2026-08-04 11:12:17.603 +07:00,296.484,HOT_SWEEP_70,70,700,300,1,0,0.114897415,0.003935665,0.004776902,-0.002552201,-0.009600468,-0.011494292,-0.019450421,-0.025501695,"{""deviceId"":""1001"",""nodeId"":4097,""targetChId"":""0010"",""mode"":""inference"",""uptimeMs"":6673946,""debugEnabled"":true,""power"":{""mode"":""24v"",""externalPower"":true,""batteryMv"":65535,""batteryValid"":false,""batteryDetected"":false,""batterySenseStatus"":""not_detected"",""batteryLow"":false,""batteryCritical"":false,""sourceAmbiguous"":false,""serviceHoldActive"":false,""serviceHoldEffective"":false},""batterySession"":{""state"":""inactive"",""startedMs"":0,""stateStartedMs"":0,""validSampleBatches"":0,""requiredSampleBatches"":10,""alarmTxAttempts"":0,""alarmTxAttemptLimit"":3,""alarmAckReceived"":false,""pendingAlarm"":false,""pendingSaveRequired"":false,""persistenceFaultHold"":false,""completionReason"":""session_done""},""bootHealth"":{""adsReady"":true,""adsDrdyLevel"":0,""adsDrdyPulldownLevel"":0,""adsDrdyPullupLevel"":0,""adsMisoPulldownLevel"":0,""adsMisoPullupLevel"":1,""adsCsLevel"":1,""adsSyncLevel"":1,""adsStatus"":54,""adsMux"":15,""adsAdcon"":6,""adsDrate"":240,""adsReason"":""ok"",""tcaOk"":true,""mcpOkCount"":8,""mcpOk"":[true,true,true,true,true,true,true,true],""mcpAddrMask"":[1,1,1,1,1,1,1,1],""mcpControlTested"":true,""mcpControlOkCount"":8,""mcpControlOk"":[true,true,true,true,true,true,true,true],""dacReady"":true,""radioReady"":true,""mlReady"":true,""nullingProfileApplied"":true,""modelProfileReady"":false},""runtimeMcpCode"":[255,519,795,706,799,865,665,139],""model"":{""profileId"":""cnn-dualbranch-datasheet-v1-unbound"",""scalerProfileId"":""cnn-dualbranch-datasheet-v1-unbound"",""productionApproved"":true,""boundNullingProfileId"":8,""activeNullingProfileId"":9,""bindingValid"":true,""bindingModelMatches"":true,""profileReady"":false,""inferenceValid"":false,""sensorFault"":true},""lora"":{""beginState"":0,""lastTxState"":0,""lastTxOk"":false,""txSeq"":0,""txCounter"":0,""aesKeyProvisioned"":true,""aesKeyPresent"":true,""aesKeySource"":""nvs"",""keyId"":1,""lastDownlinkCommandId"":0,""freqMHz"":920,""bwKHz"":125,""sf"":7,""cr"":5,""syncWord"":18,""txPowerDbm"":17,""preamble"":8,""tcxoVoltage"":1.600000024,""xtalVoltage"":0},""dataset"":{""state"":""idle"",""step"":""idle"",""label"":"""",""seq"":0,""targetSamples"":0,""sampleIntervalMs"":500,""maxDurationMs"":0,""useFanIntake"":true,""fanOnMs"":1000,""postFanSettleMs"":0,""nullingProfileId"":9,""queuePending"":0,""queueCapacity"":16,""queueEnqueued"":0,""queueDropped"":0,""publishFailCount"":0,""retryCount"":0,""retryFailCount"":0,""rejectedSamples"":0,""lastRejectReason"":""none"",""lastRejectChannel"":-1,""lastRejectOkFiniteCount"":0,""lastRejectStatus"":255,""lastRejectGain"":0,""lastRejectSaturated"":false},""recovery"":{""wifiReconnectCount"":0,""wifiReconnectFailCount"":0,""mqttReconnectCount"":0,""mqttConnectFailCount"":0,""lastMqttState"":0,""adsRecoveryCount"":0,""adsRecoveryFailCount"":0,""adsReadFailStreak"":0,""lastReason"":""none"",""lastRecoveryMs"":0,""bootRecoveryArmed"":false,""bootRecoveryDueMs"":0,""bootRecoveryReason"":""none"",""bootRecoveryNonAdsFailure"":false,""bootRecoveryRestartCount"":0},""nulling"":{""done"":false,""retryArmed"":false,""attemptCount"":0,""nextRetryMs"":0,""thresholdV"":9.999999747E-06,""minFinalV"":0},""telemetry"":{""valid"":true,""sampleMs"":6673572,""gasClass"":6,""gasName"":""CO2"",""confidence"":0,""alarm"":false,""sensorVoltage"":[0.114897415,0.003935665,0.004776902,-0.002552201,-0.009600468,-0.011494292,-0.019450421,-0.025501695],""sensorGain"":[32,64,64,64,64,64,64,64],""sensorStatus"":[0,0,0,0,0,0,0,0],""featureOrder"":[""MQ8"",""MQ135"",""MQ3"",""MQ5"",""MQ4"",""MQ7"",""MQ6"",""MQ2""]},""alarmLatched"":false}"
2026-08-04 11:12:18.286 +07:00,297.167,HOT_SWEEP_70,70,700,300,1,0,0.115808092,0.003920075,0.004755157,-0.002513325,-0.009583017,-0.011499176,-0.019510457,-0.025576111,"{""deviceId"":""1001"",""nodeId"":4097,""targetChId"":""0010"",""mode"":""inference"",""uptimeMs"":6674629,""debugEnabled"":true,""power"":{""mode"":""24v"",""externalPower"":true,""batteryMv"":65535,""batteryValid"":false,""batteryDetected"":false,""batterySenseStatus"":""not_detected"",""batteryLow"":false,""batteryCritical"":false,""sourceAmbiguous"":false,""serviceHoldActive"":false,""serviceHoldEffective"":false},""batterySession"":{""state"":""inactive"",""startedMs"":0,""stateStartedMs"":0,""validSampleBatches"":0,""requiredSampleBatches"":10,""alarmTxAttempts"":0,""alarmTxAttemptLimit"":3,""alarmAckReceived"":false,""pendingAlarm"":false,""pendingSaveRequired"":false,""persistenceFaultHold"":false,""completionReason"":""session_done""},""bootHealth"":{""adsReady"":true,""adsDrdyLevel"":0,""adsDrdyPulldownLevel"":0,""adsDrdyPullupLevel"":0,""adsMisoPulldownLevel"":0,""adsMisoPullupLevel"":1,""adsCsLevel"":1,""adsSyncLevel"":1,""adsStatus"":54,""adsMux"":15,""adsAdcon"":6,""adsDrate"":240,""adsReason"":""ok"",""tcaOk"":true,""mcpOkCount"":8,""mcpOk"":[true,true,true,true,true,true,true,true],""mcpAddrMask"":[1,1,1,1,1,1,1,1],""mcpControlTested"":true,""mcpControlOkCount"":8,""mcpControlOk"":[true,true,true,true,true,true,true,true],""dacReady"":true,""radioReady"":true,""mlReady"":true,""nullingProfileApplied"":true,""modelProfileReady"":false},""runtimeMcpCode"":[255,519,795,706,799,865,665,139],""model"":{""profileId"":""cnn-dualbranch-datasheet-v1-unbound"",""scalerProfileId"":""cnn-dualbranch-datasheet-v1-unbound"",""productionApproved"":true,""boundNullingProfileId"":8,""activeNullingProfileId"":9,""bindingValid"":true,""bindingModelMatches"":true,""profileReady"":false,""inferenceValid"":false,""sensorFault"":true},""lora"":{""beginState"":0,""lastTxState"":0,""lastTxOk"":false,""txSeq"":0,""txCounter"":0,""aesKeyProvisioned"":true,""aesKeyPresent"":true,""aesKeySource"":""nvs"",""keyId"":1,""lastDownlinkCommandId"":0,""freqMHz"":920,""bwKHz"":125,""sf"":7,""cr"":5,""syncWord"":18,""txPowerDbm"":17,""preamble"":8,""tcxoVoltage"":1.600000024,""xtalVoltage"":0},""dataset"":{""state"":""idle"",""step"":""idle"",""label"":"""",""seq"":0,""targetSamples"":0,""sampleIntervalMs"":500,""maxDurationMs"":0,""useFanIntake"":true,""fanOnMs"":1000,""postFanSettleMs"":0,""nullingProfileId"":9,""queuePending"":0,""queueCapacity"":16,""queueEnqueued"":0,""queueDropped"":0,""publishFailCount"":0,""retryCount"":0,""retryFailCount"":0,""rejectedSamples"":0,""lastRejectReason"":""none"",""lastRejectChannel"":-1,""lastRejectOkFiniteCount"":0,""lastRejectStatus"":255,""lastRejectGain"":0,""lastRejectSaturated"":false},""recovery"":{""wifiReconnectCount"":0,""wifiReconnectFailCount"":0,""mqttReconnectCount"":0,""mqttConnectFailCount"":0,""lastMqttState"":0,""adsRecoveryCount"":0,""adsRecoveryFailCount"":0,""adsReadFailStreak"":0,""lastReason"":""none"",""lastRecoveryMs"":0,""bootRecoveryArmed"":false,""bootRecoveryDueMs"":0,""bootRecoveryReason"":""none"",""bootRecoveryNonAdsFailure"":false,""bootRecoveryRestartCount"":0},""nulling"":{""done"":false,""retryArmed"":false,""attemptCount"":0,""nextRetryMs"":0,""thresholdV"":9.999999747E-06,""minFinalV"":0},""telemetry"":{""valid"":true,""sampleMs"":6674224,""gasClass"":6,""gasName"":""CO2"",""confidence"":0,""alarm"":false,""sensorVoltage"":[0.115808092,0.003920075,0.004755157,-0.002513325,-0.009583017,-0.011499176,-0.019510457,-0.025576111],""sensorGain"":[32,64,64,64,64,64,64,64],""sensorStatus"":[0,0,0,0,0,0,0,0],""featureOrder"":[""MQ8"",""MQ135"",""MQ3"",""MQ5"",""MQ4"",""MQ7"",""MQ6"",""MQ2""]},""alarmLatched"":false}"
2026-08-04 11:12:18.985 +07:00,297.866,HOT_SWEEP_70,70,700,300,1,0,0.115626775,0.003984869,0.004776756,-0.002518318,-0.009575119,-0.011480154,-0.019513138,-0.025560524,"{""deviceId"":""1001"",""nodeId"":4097,""targetChId"":""0010"",""mode"":""inference"",""uptimeMs"":6675326,""debugEnabled"":true,""power"":{""mode"":""24v"",""externalPower"":true,""batteryMv"":65535,""batteryValid"":false,""batteryDetected"":false,""batterySenseStatus"":""not_detected"",""batteryLow"":false,""batteryCritical"":false,""sourceAmbiguous"":false,""serviceHoldActive"":false,""serviceHoldEffective"":false},""batterySession"":{""state"":""inactive"",""startedMs"":0,""stateStartedMs"":0,""validSampleBatches"":0,""requiredSampleBatches"":10,""alarmTxAttempts"":0,""alarmTxAttemptLimit"":3,""alarmAckReceived"":false,""pendingAlarm"":false,""pendingSaveRequired"":false,""persistenceFaultHold"":false,""completionReason"":""session_done""},""bootHealth"":{""adsReady"":true,""adsDrdyLevel"":0,""adsDrdyPulldownLevel"":0,""adsDrdyPullupLevel"":0,""adsMisoPulldownLevel"":0,""adsMisoPullupLevel"":1,""adsCsLevel"":1,""adsSyncLevel"":1,""adsStatus"":54,""adsMux"":15,""adsAdcon"":6,""adsDrate"":240,""adsReason"":""ok"",""tcaOk"":true,""mcpOkCount"":8,""mcpOk"":[true,true,true,true,true,true,true,true],""mcpAddrMask"":[1,1,1,1,1,1,1,1],""mcpControlTested"":true,""mcpControlOkCount"":8,""mcpControlOk"":[true,true,true,true,true,true,true,true],""dacReady"":true,""radioReady"":true,""mlReady"":true,""nullingProfileApplied"":true,""modelProfileReady"":false},""runtimeMcpCode"":[255,519,795,706,799,865,665,139],""model"":{""profileId"":""cnn-dualbranch-datasheet-v1-unbound"",""scalerProfileId"":""cnn-dualbranch-datasheet-v1-unbound"",""productionApproved"":true,""boundNullingProfileId"":8,""activeNullingProfileId"":9,""bindingValid"":true,""bindingModelMatches"":true,""profileReady"":false,""inferenceValid"":false,""sensorFault"":true},""lora"":{""beginState"":0,""lastTxState"":0,""lastTxOk"":false,""txSeq"":0,""txCounter"":0,""aesKeyProvisioned"":true,""aesKeyPresent"":true,""aesKeySource"":""nvs"",""keyId"":1,""lastDownlinkCommandId"":0,""freqMHz"":920,""bwKHz"":125,""sf"":7,""cr"":5,""syncWord"":18,""txPowerDbm"":17,""preamble"":8,""tcxoVoltage"":1.600000024,""xtalVoltage"":0},""dataset"":{""state"":""idle"",""step"":""idle"",""label"":"""",""seq"":0,""targetSamples"":0,""sampleIntervalMs"":500,""maxDurationMs"":0,""useFanIntake"":true,""fanOnMs"":1000,""postFanSettleMs"":0,""nullingProfileId"":9,""queuePending"":0,""queueCapacity"":16,""queueEnqueued"":0,""queueDropped"":0,""publishFailCount"":0,""retryCount"":0,""retryFailCount"":0,""rejectedSamples"":0,""lastRejectReason"":""none"",""lastRejectChannel"":-1,""lastRejectOkFiniteCount"":0,""lastRejectStatus"":255,""lastRejectGain"":0,""lastRejectSaturated"":false},""recovery"":{""wifiReconnectCount"":0,""wifiReconnectFailCount"":0,""mqttReconnectCount"":0,""mqttConnectFailCount"":0,""lastMqttState"":0,""adsRecoveryCount"":0,""adsRecoveryFailCount"":0,""adsReadFailStreak"":0,""lastReason"":""none"",""lastRecoveryMs"":0,""bootRecoveryArmed"":false,""bootRecoveryDueMs"":0,""bootRecoveryReason"":""none"",""bootRecoveryNonAdsFailure"":false,""bootRecoveryRestartCount"":0},""nulling"":{""done"":false,""retryArmed"":false,""attemptCount"":0,""nextRetryMs"":0,""thresholdV"":9.999999747E-06,""minFinalV"":0},""telemetry"":{""valid"":true,""sampleMs"":6674907,""gasClass"":6,""gasName"":""CO2"",""confidence"":0,""alarm"":false,""sensorVoltage"":[0.115626775,0.003984869,0.004776756,-0.002518318,-0.009575119,-0.011480154,-0.019513138,-0.025560524],""sensorGain"":[32,64,64,64,64,64,64,64],""sensorStatus"":[0,0,0,0,0,0,0,0],""featureOrder"":[""MQ8"",""MQ135"",""MQ3"",""MQ5"",""MQ4"",""MQ7"",""MQ6"",""MQ2""]},""alarmLatched"":false}"
2026-08-04 11:12:19.672 +07:00,298.553,HOT_SWEEP_70,70,700,300,1,0,0.115054727,0.003980758,0.004762455,-0.002461952,-0.009576529,-0.011506421,-0.019510975,-0.025477761,"{""deviceId"":""1001"",""nodeId"":4097,""targetChId"":""0010"",""mode"":""inference"",""uptimeMs"":6676008,""debugEnabled"":true,""power"":{""mode"":""24v"",""externalPower"":true,""batteryMv"":65535,""batteryValid"":false,""batteryDetected"":false,""batterySenseStatus"":""not_detected"",""batteryLow"":false,""batteryCritical"":false,""sourceAmbiguous"":false,""serviceHoldActive"":false,""serviceHoldEffective"":false},""batterySession"":{""state"":""inactive"",""startedMs"":0,""stateStartedMs"":0,""validSampleBatches"":0,""requiredSampleBatches"":10,""alarmTxAttempts"":0,""alarmTxAttemptLimit"":3,""alarmAckReceived"":false,""pendingAlarm"":false,""pendingSaveRequired"":false,""persistenceFaultHold"":false,""completionReason"":""session_done""},""bootHealth"":{""adsReady"":true,""adsDrdyLevel"":0,""adsDrdyPulldownLevel"":0,""adsDrdyPullupLevel"":0,""adsMisoPulldownLevel"":0,""adsMisoPullupLevel"":1,""adsCsLevel"":1,""adsSyncLevel"":1,""adsStatus"":54,""adsMux"":15,""adsAdcon"":6,""adsDrate"":240,""adsReason"":""ok"",""tcaOk"":true,""mcpOkCount"":8,""mcpOk"":[true,true,true,true,true,true,true,true],""mcpAddrMask"":[1,1,1,1,1,1,1,1],""mcpControlTested"":true,""mcpControlOkCount"":8,""mcpControlOk"":[true,true,true,true,true,true,true,true],""dacReady"":true,""radioReady"":true,""mlReady"":true,""nullingProfileApplied"":true,""modelProfileReady"":false},""runtimeMcpCode"":[255,519,795,706,799,865,665,139],""model"":{""profileId"":""cnn-dualbranch-datasheet-v1-unbound"",""scalerProfileId"":""cnn-dualbranch-datasheet-v1-unbound"",""productionApproved"":true,""boundNullingProfileId"":8,""activeNullingProfileId"":9,""bindingValid"":true,""bindingModelMatches"":true,""profileReady"":false,""inferenceValid"":false,""sensorFault"":true},""lora"":{""beginState"":0,""lastTxState"":0,""lastTxOk"":false,""txSeq"":0,""txCounter"":0,""aesKeyProvisioned"":true,""aesKeyPresent"":true,""aesKeySource"":""nvs"",""keyId"":1,""lastDownlinkCommandId"":0,""freqMHz"":920,""bwKHz"":125,""sf"":7,""cr"":5,""syncWord"":18,""txPowerDbm"":17,""preamble"":8,""tcxoVoltage"":1.600000024,""xtalVoltage"":0},""dataset"":{""state"":""idle"",""step"":""idle"",""label"":"""",""seq"":0,""targetSamples"":0,""sampleIntervalMs"":500,""maxDurationMs"":0,""useFanIntake"":true,""fanOnMs"":1000,""postFanSettleMs"":0,""nullingProfileId"":9,""queuePending"":0,""queueCapacity"":16,""queueEnqueued"":0,""queueDropped"":0,""publishFailCount"":0,""retryCount"":0,""retryFailCount"":0,""rejectedSamples"":0,""lastRejectReason"":""none"",""lastRejectChannel"":-1,""lastRejectOkFiniteCount"":0,""lastRejectStatus"":255,""lastRejectGain"":0,""lastRejectSaturated"":false},""recovery"":{""wifiReconnectCount"":0,""wifiReconnectFailCount"":0,""mqttReconnectCount"":0,""mqttConnectFailCount"":0,""lastMqttState"":0,""adsRecoveryCount"":0,""adsRecoveryFailCount"":0,""adsReadFailStreak"":0,""lastReason"":""none"",""lastRecoveryMs"":0,""bootRecoveryArmed"":false,""bootRecoveryDueMs"":0,""bootRecoveryReason"":""none"",""bootRecoveryNonAdsFailure"":false,""bootRecoveryRestartCount"":0},""nulling"":{""done"":false,""retryArmed"":false,""attemptCount"":0,""nextRetryMs"":0,""thresholdV"":9.999999747E-06,""minFinalV"":0},""telemetry"":{""valid"":true,""sampleMs"":6675636,""gasClass"":6,""gasName"":""CO2"",""confidence"":0,""alarm"":false,""sensorVoltage"":[0.115054727,0.003980758,0.004762455,-0.002461952,-0.009576529,-0.011506421,-0.019510975,-0.025477761],""sensorGain"":[32,64,64,64,64,64,64,64],""sensorStatus"":[0,0,0,0,0,0,0,0],""featureOrder"":[""MQ8"",""MQ135"",""MQ3"",""MQ5"",""MQ4"",""MQ7"",""MQ6"",""MQ2""]},""alarmLatched"":false}"
2026-08-04 11:12:20.355 +07:00,299.236,HOT_SWEEP_70,70,700,300,1,0,0.115308844,0.00393689,0.004786827,-0.00253258,-0.009583151,-0.01149679,-0.019537946,-0.025476018,"{""deviceId"":""1001"",""nodeId"":4097,""targetChId"":""0010"",""mode"":""inference"",""uptimeMs"":6676696,""debugEnabled"":true,""power"":{""mode"":""24v"",""externalPower"":true,""batteryMv"":65535,""batteryValid"":false,""batteryDetected"":false,""batterySenseStatus"":""not_detected"",""batteryLow"":false,""batteryCritical"":false,""sourceAmbiguous"":false,""serviceHoldActive"":false,""serviceHoldEffective"":false},""batterySession"":{""state"":""inactive"",""startedMs"":0,""stateStartedMs"":0,""validSampleBatches"":0,""requiredSampleBatches"":10,""alarmTxAttempts"":0,""alarmTxAttemptLimit"":3,""alarmAckReceived"":false,""pendingAlarm"":false,""pendingSaveRequired"":false,""persistenceFaultHold"":false,""completionReason"":""session_done""},""bootHealth"":{""adsReady"":true,""adsDrdyLevel"":0,""adsDrdyPulldownLevel"":0,""adsDrdyPullupLevel"":0,""adsMisoPulldownLevel"":0,""adsMisoPullupLevel"":1,""adsCsLevel"":1,""adsSyncLevel"":1,""adsStatus"":54,""adsMux"":15,""adsAdcon"":6,""adsDrate"":240,""adsReason"":""ok"",""tcaOk"":true,""mcpOkCount"":8,""mcpOk"":[true,true,true,true,true,true,true,true],""mcpAddrMask"":[1,1,1,1,1,1,1,1],""mcpControlTested"":true,""mcpControlOkCount"":8,""mcpControlOk"":[true,true,true,true,true,true,true,true],""dacReady"":true,""radioReady"":true,""mlReady"":true,""nullingProfileApplied"":true,""modelProfileReady"":false},""runtimeMcpCode"":[255,519,795,706,799,865,665,139],""model"":{""profileId"":""cnn-dualbranch-datasheet-v1-unbound"",""scalerProfileId"":""cnn-dualbranch-datasheet-v1-unbound"",""productionApproved"":true,""boundNullingProfileId"":8,""activeNullingProfileId"":9,""bindingValid"":true,""bindingModelMatches"":true,""profileReady"":false,""inferenceValid"":false,""sensorFault"":true},""lora"":{""beginState"":0,""lastTxState"":0,""lastTxOk"":false,""txSeq"":0,""txCounter"":0,""aesKeyProvisioned"":true,""aesKeyPresent"":true,""aesKeySource"":""nvs"",""keyId"":1,""lastDownlinkCommandId"":0,""freqMHz"":920,""bwKHz"":125,""sf"":7,""cr"":5,""syncWord"":18,""txPowerDbm"":17,""preamble"":8,""tcxoVoltage"":1.600000024,""xtalVoltage"":0},""dataset"":{""state"":""idle"",""step"":""idle"",""label"":"""",""seq"":0,""targetSamples"":0,""sampleIntervalMs"":500,""maxDurationMs"":0,""useFanIntake"":true,""fanOnMs"":1000,""postFanSettleMs"":0,""nullingProfileId"":9,""queuePending"":0,""queueCapacity"":16,""queueEnqueued"":0,""queueDropped"":0,""publishFailCount"":0,""retryCount"":0,""retryFailCount"":0,""rejectedSamples"":0,""lastRejectReason"":""none"",""lastRejectChannel"":-1,""lastRejectOkFiniteCount"":0,""lastRejectStatus"":255,""lastRejectGain"":0,""lastRejectSaturated"":false},""recovery"":{""wifiReconnectCount"":0,""wifiReconnectFailCount"":0,""mqttReconnectCount"":0,""mqttConnectFailCount"":0,""lastMqttState"":0,""adsRecoveryCount"":0,""adsRecoveryFailCount"":0,""adsReadFailStreak"":0,""lastReason"":""none"",""lastRecoveryMs"":0,""bootRecoveryArmed"":false,""bootRecoveryDueMs"":0,""bootRecoveryReason"":""none"",""bootRecoveryNonAdsFailure"":false,""bootRecoveryRestartCount"":0},""nulling"":{""done"":false,""retryArmed"":false,""attemptCount"":0,""nextRetryMs"":0,""thresholdV"":9.999999747E-06,""minFinalV"":0},""telemetry"":{""valid"":true,""sampleMs"":6676286,""gasClass"":6,""gasName"":""CO2"",""confidence"":0,""alarm"":false,""sensorVoltage"":[0.115308844,0.00393689,0.004786827,-0.00253258,-0.009583151,-0.01149679,-0.019537946,-0.025476018],""sensorGain"":[32,64,64,64,64,64,64,64],""sensorStatus"":[0,0,0,0,0,0,0,0],""featureOrder"":[""MQ8"",""MQ135"",""MQ3"",""MQ5"",""MQ4"",""MQ7"",""MQ6"",""MQ2""]},""alarmLatched"":false}"
2026-08-04 11:12:21.046 +07:00,299.925,HOT_SWEEP_70,70,700,300,1,0,0.115648292,0.003968783,0.004778163,-0.002495056,-0.0096319,-0.011479396,-0.019520717,-0.024970865,"{""deviceId"":""1001"",""nodeId"":4097,""targetChId"":""0010"",""mode"":""inference"",""uptimeMs"":6677377,""debugEnabled"":true,""power"":{""mode"":""24v"",""externalPower"":true,""batteryMv"":65535,""batteryValid"":false,""batteryDetected"":false,""batterySenseStatus"":""not_detected"",""batteryLow"":false,""batteryCritical"":false,""sourceAmbiguous"":false,""serviceHoldActive"":false,""serviceHoldEffective"":false},""batterySession"":{""state"":""inactive"",""startedMs"":0,""stateStartedMs"":0,""validSampleBatches"":0,""requiredSampleBatches"":10,""alarmTxAttempts"":0,""alarmTxAttemptLimit"":3,""alarmAckReceived"":false,""pendingAlarm"":false,""pendingSaveRequired"":false,""persistenceFaultHold"":false,""completionReason"":""session_done""},""bootHealth"":{""adsReady"":true,""adsDrdyLevel"":0,""adsDrdyPulldownLevel"":0,""adsDrdyPullupLevel"":0,""adsMisoPulldownLevel"":0,""adsMisoPullupLevel"":1,""adsCsLevel"":1,""adsSyncLevel"":1,""adsStatus"":54,""adsMux"":15,""adsAdcon"":6,""adsDrate"":240,""adsReason"":""ok"",""tcaOk"":true,""mcpOkCount"":8,""mcpOk"":[true,true,true,true,true,true,true,true],""mcpAddrMask"":[1,1,1,1,1,1,1,1],""mcpControlTested"":true,""mcpControlOkCount"":8,""mcpControlOk"":[true,true,true,true,true,true,true,true],""dacReady"":true,""radioReady"":true,""mlReady"":true,""nullingProfileApplied"":true,""modelProfileReady"":false},""runtimeMcpCode"":[255,519,795,706,799,865,665,139],""model"":{""profileId"":""cnn-dualbranch-datasheet-v1-unbound"",""scalerProfileId"":""cnn-dualbranch-datasheet-v1-unbound"",""productionApproved"":true,""boundNullingProfileId"":8,""activeNullingProfileId"":9,""bindingValid"":true,""bindingModelMatches"":true,""profileReady"":false,""inferenceValid"":false,""sensorFault"":true},""lora"":{""beginState"":0,""lastTxState"":0,""lastTxOk"":false,""txSeq"":0,""txCounter"":0,""aesKeyProvisioned"":true,""aesKeyPresent"":true,""aesKeySource"":""nvs"",""keyId"":1,""lastDownlinkCommandId"":0,""freqMHz"":920,""bwKHz"":125,""sf"":7,""cr"":5,""syncWord"":18,""txPowerDbm"":17,""preamble"":8,""tcxoVoltage"":1.600000024,""xtalVoltage"":0},""dataset"":{""state"":""idle"",""step"":""idle"",""label"":"""",""seq"":0,""targetSamples"":0,""sampleIntervalMs"":500,""maxDurationMs"":0,""useFanIntake"":true,""fanOnMs"":1000,""postFanSettleMs"":0,""nullingProfileId"":9,""queuePending"":0,""queueCapacity"":16,""queueEnqueued"":0,""queueDropped"":0,""publishFailCount"":0,""retryCount"":0,""retryFailCount"":0,""rejectedSamples"":0,""lastRejectReason"":""none"",""lastRejectChannel"":-1,""lastRejectOkFiniteCount"":0,""lastRejectStatus"":255,""lastRejectGain"":0,""lastRejectSaturated"":false},""recovery"":{""wifiReconnectCount"":0,""wifiReconnectFailCount"":0,""mqttReconnectCount"":0,""mqttConnectFailCount"":0,""lastMqttState"":0,""adsRecoveryCount"":0,""adsRecoveryFailCount"":0,""adsReadFailStreak"":0,""lastReason"":""none"",""lastRecoveryMs"":0,""bootRecoveryArmed"":false,""bootRecoveryDueMs"":0,""bootRecoveryReason"":""none"",""bootRecoveryNonAdsFailure"":false,""bootRecoveryRestartCount"":0},""nulling"":{""done"":false,""retryArmed"":false,""attemptCount"":0,""nextRetryMs"":0,""thresholdV"":9.999999747E-06,""minFinalV"":0},""telemetry"":{""valid"":true,""sampleMs"":6676974,""gasClass"":6,""gasName"":""CO2"",""confidence"":0,""alarm"":false,""sensorVoltage"":[0.115648292,0.003968783,0.004778163,-0.002495056,-0.0096319,-0.011479396,-0.019520717,-0.024970865],""sensorGain"":[32,64,64,64,64,64,64,64],""sensorStatus"":[0,0,0,0,0,0,0,0],""featureOrder"":[""MQ8"",""MQ135"",""MQ3"",""MQ5"",""MQ4"",""MQ7"",""MQ6"",""MQ2""]},""alarmLatched"":false}"
2026-08-04 11:12:21.732 +07:00,300.613,HOT_SWEEP_70,70,700,300,1,0,0.11517559,0.003992493,0.004712012,-0.002519613,-0.009627851,-0.011475601,-0.019472351,-0.025438279,"{""deviceId"":""1001"",""nodeId"":4097,""targetChId"":""0010"",""mode"":""inference"",""uptimeMs"":6678076,""debugEnabled"":true,""power"":{""mode"":""24v"",""externalPower"":true,""batteryMv"":65535,""batteryValid"":false,""batteryDetected"":false,""batterySenseStatus"":""not_detected"",""batteryLow"":false,""batteryCritical"":false,""sourceAmbiguous"":false,""serviceHoldActive"":false,""serviceHoldEffective"":false},""batterySession"":{""state"":""inactive"",""startedMs"":0,""stateStartedMs"":0,""validSampleBatches"":0,""requiredSampleBatches"":10,""alarmTxAttempts"":0,""alarmTxAttemptLimit"":3,""alarmAckReceived"":false,""pendingAlarm"":false,""pendingSaveRequired"":false,""persistenceFaultHold"":false,""completionReason"":""session_done""},""bootHealth"":{""adsReady"":true,""adsDrdyLevel"":0,""adsDrdyPulldownLevel"":0,""adsDrdyPullupLevel"":0,""adsMisoPulldownLevel"":0,""adsMisoPullupLevel"":1,""adsCsLevel"":1,""adsSyncLevel"":1,""adsStatus"":54,""adsMux"":15,""adsAdcon"":6,""adsDrate"":240,""adsReason"":""ok"",""tcaOk"":true,""mcpOkCount"":8,""mcpOk"":[true,true,true,true,true,true,true,true],""mcpAddrMask"":[1,1,1,1,1,1,1,1],""mcpControlTested"":true,""mcpControlOkCount"":8,""mcpControlOk"":[true,true,true,true,true,true,true,true],""dacReady"":true,""radioReady"":true,""mlReady"":true,""nullingProfileApplied"":true,""modelProfileReady"":false},""runtimeMcpCode"":[255,519,795,706,799,865,665,139],""model"":{""profileId"":""cnn-dualbranch-datasheet-v1-unbound"",""scalerProfileId"":""cnn-dualbranch-datasheet-v1-unbound"",""productionApproved"":true,""boundNullingProfileId"":8,""activeNullingProfileId"":9,""bindingValid"":true,""bindingModelMatches"":true,""profileReady"":false,""inferenceValid"":false,""sensorFault"":true},""lora"":{""beginState"":0,""lastTxState"":0,""lastTxOk"":false,""txSeq"":0,""txCounter"":0,""aesKeyProvisioned"":true,""aesKeyPresent"":true,""aesKeySource"":""nvs"",""keyId"":1,""lastDownlinkCommandId"":0,""freqMHz"":920,""bwKHz"":125,""sf"":7,""cr"":5,""syncWord"":18,""txPowerDbm"":17,""preamble"":8,""tcxoVoltage"":1.600000024,""xtalVoltage"":0},""dataset"":{""state"":""idle"",""step"":""idle"",""label"":"""",""seq"":0,""targetSamples"":0,""sampleIntervalMs"":500,""maxDurationMs"":0,""useFanIntake"":true,""fanOnMs"":1000,""postFanSettleMs"":0,""nullingProfileId"":9,""queuePending"":0,""queueCapacity"":16,""queueEnqueued"":0,""queueDropped"":0,""publishFailCount"":0,""retryCount"":0,""retryFailCount"":0,""rejectedSamples"":0,""lastRejectReason"":""none"",""lastRejectChannel"":-1,""lastRejectOkFiniteCount"":0,""lastRejectStatus"":255,""lastRejectGain"":0,""lastRejectSaturated"":false},""recovery"":{""wifiReconnectCount"":0,""wifiReconnectFailCount"":0,""mqttReconnectCount"":0,""mqttConnectFailCount"":0,""lastMqttState"":0,""adsRecoveryCount"":0,""adsRecoveryFailCount"":0,""adsReadFailStreak"":0,""lastReason"":""none"",""lastRecoveryMs"":0,""bootRecoveryArmed"":false,""bootRecoveryDueMs"":0,""bootRecoveryReason"":""none"",""bootRecoveryNonAdsFailure"":false,""bootRecoveryRestartCount"":0},""nulling"":{""done"":false,""retryArmed"":false,""attemptCount"":0,""nextRetryMs"":0,""thresholdV"":9.999999747E-06,""minFinalV"":0},""telemetry"":{""valid"":true,""sampleMs"":6677687,""gasClass"":6,""gasName"":""CO2"",""confidence"":0,""alarm"":false,""sensorVoltage"":[0.11517559,0.003992493,0.004712012,-0.002519613,-0.009627851,-0.011475601,-0.019472351,-0.025438279],""sensorGain"":[32,64,64,64,64,64,64,64],""sensorStatus"":[0,0,0,0,0,0,0,0],""featureOrder"":[""MQ8"",""MQ135"",""MQ3"",""MQ5"",""MQ4"",""MQ7"",""MQ6"",""MQ2""]},""alarmLatched"":false}"
2026-08-04 11:12:22.418 +07:00,301.299,HOT_SWEEP_70,70,700,300,1,0,0.11490339,0.004018516,0.004711817,-0.002510782,-0.009647356,-0.011488859,-0.019473463,-0.025478501,"{""deviceId"":""1001"",""nodeId"":4097,""targetChId"":""0010"",""mode"":""inference"",""uptimeMs"":6678755,""debugEnabled"":true,""power"":{""mode"":""24v"",""externalPower"":true,""batteryMv"":65535,""batteryValid"":false,""batteryDetected"":false,""batterySenseStatus"":""not_detected"",""batteryLow"":false,""batteryCritical"":false,""sourceAmbiguous"":false,""serviceHoldActive"":false,""serviceHoldEffective"":false},""batterySession"":{""state"":""inactive"",""startedMs"":0,""stateStartedMs"":0,""validSampleBatches"":0,""requiredSampleBatches"":10,""alarmTxAttempts"":0,""alarmTxAttemptLimit"":3,""alarmAckReceived"":false,""pendingAlarm"":false,""pendingSaveRequired"":false,""persistenceFaultHold"":false,""completionReason"":""session_done""},""bootHealth"":{""adsReady"":true,""adsDrdyLevel"":0,""adsDrdyPulldownLevel"":0,""adsDrdyPullupLevel"":0,""adsMisoPulldownLevel"":0,""adsMisoPullupLevel"":1,""adsCsLevel"":1,""adsSyncLevel"":1,""adsStatus"":54,""adsMux"":15,""adsAdcon"":6,""adsDrate"":240,""adsReason"":""ok"",""tcaOk"":true,""mcpOkCount"":8,""mcpOk"":[true,true,true,true,true,true,true,true],""mcpAddrMask"":[1,1,1,1,1,1,1,1],""mcpControlTested"":true,""mcpControlOkCount"":8,""mcpControlOk"":[true,true,true,true,true,true,true,true],""dacReady"":true,""radioReady"":true,""mlReady"":true,""nullingProfileApplied"":true,""modelProfileReady"":false},""runtimeMcpCode"":[255,519,795,706,799,865,665,139],""model"":{""profileId"":""cnn-dualbranch-datasheet-v1-unbound"",""scalerProfileId"":""cnn-dualbranch-datasheet-v1-unbound"",""productionApproved"":true,""boundNullingProfileId"":8,""activeNullingProfileId"":9,""bindingValid"":true,""bindingModelMatches"":true,""profileReady"":false,""inferenceValid"":false,""sensorFault"":true},""lora"":{""beginState"":0,""lastTxState"":0,""lastTxOk"":false,""txSeq"":0,""txCounter"":0,""aesKeyProvisioned"":true,""aesKeyPresent"":true,""aesKeySource"":""nvs"",""keyId"":1,""lastDownlinkCommandId"":0,""freqMHz"":920,""bwKHz"":125,""sf"":7,""cr"":5,""syncWord"":18,""txPowerDbm"":17,""preamble"":8,""tcxoVoltage"":1.600000024,""xtalVoltage"":0},""dataset"":{""state"":""idle"",""step"":""idle"",""label"":"""",""seq"":0,""targetSamples"":0,""sampleIntervalMs"":500,""maxDurationMs"":0,""useFanIntake"":true,""fanOnMs"":1000,""postFanSettleMs"":0,""nullingProfileId"":9,""queuePending"":0,""queueCapacity"":16,""queueEnqueued"":0,""queueDropped"":0,""publishFailCount"":0,""retryCount"":0,""retryFailCount"":0,""rejectedSamples"":0,""lastRejectReason"":""none"",""lastRejectChannel"":-1,""lastRejectOkFiniteCount"":0,""lastRejectStatus"":255,""lastRejectGain"":0,""lastRejectSaturated"":false},""recovery"":{""wifiReconnectCount"":0,""wifiReconnectFailCount"":0,""mqttReconnectCount"":0,""mqttConnectFailCount"":0,""lastMqttState"":0,""adsRecoveryCount"":0,""adsRecoveryFailCount"":0,""adsReadFailStreak"":0,""lastReason"":""none"",""lastRecoveryMs"":0,""bootRecoveryArmed"":false,""bootRecoveryDueMs"":0,""bootRecoveryReason"":""none"",""bootRecoveryNonAdsFailure"":false,""bootRecoveryRestartCount"":0},""nulling"":{""done"":false,""retryArmed"":false,""attemptCount"":0,""nextRetryMs"":0,""thresholdV"":9.999999747E-06,""minFinalV"":0},""telemetry"":{""valid"":true,""sampleMs"":6678354,""gasClass"":6,""gasName"":""CO2"",""confidence"":0,""alarm"":false,""sensorVoltage"":[0.11490339,0.004018516,0.004711817,-0.002510782,-0.009647356,-0.011488859,-0.019473463,-0.025478501],""sensorGain"":[32,64,64,64,64,64,64,64],""sensorStatus"":[0,0,0,0,0,0,0,0],""featureOrder"":[""MQ8"",""MQ135"",""MQ3"",""MQ5"",""MQ4"",""MQ7"",""MQ6"",""MQ2""]},""alarmLatched"":false}"
2026-08-04 11:12:23.098 +07:00,301.979,HOT_SWEEP_70,70,700,300,1,0,0.115886353,0.004030644,0.004679137,-0.002508772,-0.009476617,-0.011244632,-0.019098585,-0.025014877,"{""deviceId"":""1001"",""nodeId"":4097,""targetChId"":""0010"",""mode"":""inference"",""uptimeMs"":6679444,""debugEnabled"":true,""power"":{""mode"":""24v"",""externalPower"":true,""batteryMv"":65535,""batteryValid"":false,""batteryDetected"":false,""batterySenseStatus"":""not_detected"",""batteryLow"":false,""batteryCritical"":false,""sourceAmbiguous"":false,""serviceHoldActive"":false,""serviceHoldEffective"":false},""batterySession"":{""state"":""inactive"",""startedMs"":0,""stateStartedMs"":0,""validSampleBatches"":0,""requiredSampleBatches"":10,""alarmTxAttempts"":0,""alarmTxAttemptLimit"":3,""alarmAckReceived"":false,""pendingAlarm"":false,""pendingSaveRequired"":false,""persistenceFaultHold"":false,""completionReason"":""session_done""},""bootHealth"":{""adsReady"":true,""adsDrdyLevel"":0,""adsDrdyPulldownLevel"":0,""adsDrdyPullupLevel"":0,""adsMisoPulldownLevel"":0,""adsMisoPullupLevel"":1,""adsCsLevel"":1,""adsSyncLevel"":1,""adsStatus"":54,""adsMux"":15,""adsAdcon"":6,""adsDrate"":240,""adsReason"":""ok"",""tcaOk"":true,""mcpOkCount"":8,""mcpOk"":[true,true,true,true,true,true,true,true],""mcpAddrMask"":[1,1,1,1,1,1,1,1],""mcpControlTested"":true,""mcpControlOkCount"":8,""mcpControlOk"":[true,true,true,true,true,true,true,true],""dacReady"":true,""radioReady"":true,""mlReady"":true,""nullingProfileApplied"":true,""modelProfileReady"":false},""runtimeMcpCode"":[255,519,795,706,799,865,665,139],""model"":{""profileId"":""cnn-dualbranch-datasheet-v1-unbound"",""scalerProfileId"":""cnn-dualbranch-datasheet-v1-unbound"",""productionApproved"":true,""boundNullingProfileId"":8,""activeNullingProfileId"":9,""bindingValid"":true,""bindingModelMatches"":true,""profileReady"":false,""inferenceValid"":false,""sensorFault"":true},""lora"":{""beginState"":0,""lastTxState"":0,""lastTxOk"":false,""txSeq"":0,""txCounter"":0,""aesKeyProvisioned"":true,""aesKeyPresent"":true,""aesKeySource"":""nvs"",""keyId"":1,""lastDownlinkCommandId"":0,""freqMHz"":920,""bwKHz"":125,""sf"":7,""cr"":5,""syncWord"":18,""txPowerDbm"":17,""preamble"":8,""tcxoVoltage"":1.600000024,""xtalVoltage"":0},""dataset"":{""state"":""idle"",""step"":""idle"",""label"":"""",""seq"":0,""targetSamples"":0,""sampleIntervalMs"":500,""maxDurationMs"":0,""useFanIntake"":true,""fanOnMs"":1000,""postFanSettleMs"":0,""nullingProfileId"":9,""queuePending"":0,""queueCapacity"":16,""queueEnqueued"":0,""queueDropped"":0,""publishFailCount"":0,""retryCount"":0,""retryFailCount"":0,""rejectedSamples"":0,""lastRejectReason"":""none"",""lastRejectChannel"":-1,""lastRejectOkFiniteCount"":0,""lastRejectStatus"":255,""lastRejectGain"":0,""lastRejectSaturated"":false},""recovery"":{""wifiReconnectCount"":0,""wifiReconnectFailCount"":0,""mqttReconnectCount"":0,""mqttConnectFailCount"":0,""lastMqttState"":0,""adsRecoveryCount"":0,""adsRecoveryFailCount"":0,""adsReadFailStreak"":0,""lastReason"":""none"",""lastRecoveryMs"":0,""bootRecoveryArmed"":false,""bootRecoveryDueMs"":0,""bootRecoveryReason"":""none"",""bootRecoveryNonAdsFailure"":false,""bootRecoveryRestartCount"":0},""nulling"":{""done"":false,""retryArmed"":false,""attemptCount"":0,""nextRetryMs"":0,""thresholdV"":9.999999747E-06,""minFinalV"":0},""telemetry"":{""valid"":true,""sampleMs"":6679033,""gasClass"":6,""gasName"":""CO2"",""confidence"":0,""alarm"":false,""sensorVoltage"":[0.115886353,0.004030644,0.004679137,-0.002508772,-0.009476617,-0.011244632,-0.019098585,-0.025014877],""sensorGain"":[32,64,64,64,64,64,64,64],""sensorStatus"":[0,0,0,0,0,0,0,0],""featureOrder"":[""MQ8"",""MQ135"",""MQ3"",""MQ5"",""MQ4"",""MQ7"",""MQ6"",""MQ2""]},""alarmLatched"":false}"
2026-08-04 11:12:23.801 +07:00,302.682,HOT_SWEEP_70,70,700,300,1,0,0.115344845,0.004016405,0.004744416,-0.002513875,-0.009495459,-0.011563468,-0.019470848,-0.025471231,"{""deviceId"":""1001"",""nodeId"":4097,""targetChId"":""0010"",""mode"":""inference"",""uptimeMs"":6680140,""debugEnabled"":true,""power"":{""mode"":""24v"",""externalPower"":true,""batteryMv"":65535,""batteryValid"":false,""batteryDetected"":false,""batterySenseStatus"":""not_detected"",""batteryLow"":false,""batteryCritical"":false,""sourceAmbiguous"":false,""serviceHoldActive"":false,""serviceHoldEffective"":false},""batterySession"":{""state"":""inactive"",""startedMs"":0,""stateStartedMs"":0,""validSampleBatches"":0,""requiredSampleBatches"":10,""alarmTxAttempts"":0,""alarmTxAttemptLimit"":3,""alarmAckReceived"":false,""pendingAlarm"":false,""pendingSaveRequired"":false,""persistenceFaultHold"":false,""completionReason"":""session_done""},""bootHealth"":{""adsReady"":true,""adsDrdyLevel"":0,""adsDrdyPulldownLevel"":0,""adsDrdyPullupLevel"":0,""adsMisoPulldownLevel"":0,""adsMisoPullupLevel"":1,""adsCsLevel"":1,""adsSyncLevel"":1,""adsStatus"":54,""adsMux"":15,""adsAdcon"":6,""adsDrate"":240,""adsReason"":""ok"",""tcaOk"":true,""mcpOkCount"":8,""mcpOk"":[true,true,true,true,true,true,true,true],""mcpAddrMask"":[1,1,1,1,1,1,1,1],""mcpControlTested"":true,""mcpControlOkCount"":8,""mcpControlOk"":[true,true,true,true,true,true,true,true],""dacReady"":true,""radioReady"":true,""mlReady"":true,""nullingProfileApplied"":true,""modelProfileReady"":false},""runtimeMcpCode"":[255,519,795,706,799,865,665,139],""model"":{""profileId"":""cnn-dualbranch-datasheet-v1-unbound"",""scalerProfileId"":""cnn-dualbranch-datasheet-v1-unbound"",""productionApproved"":true,""boundNullingProfileId"":8,""activeNullingProfileId"":9,""bindingValid"":true,""bindingModelMatches"":true,""profileReady"":false,""inferenceValid"":false,""sensorFault"":true},""lora"":{""beginState"":0,""lastTxState"":0,""lastTxOk"":false,""txSeq"":0,""txCounter"":0,""aesKeyProvisioned"":true,""aesKeyPresent"":true,""aesKeySource"":""nvs"",""keyId"":1,""lastDownlinkCommandId"":0,""freqMHz"":920,""bwKHz"":125,""sf"":7,""cr"":5,""syncWord"":18,""txPowerDbm"":17,""preamble"":8,""tcxoVoltage"":1.600000024,""xtalVoltage"":0},""dataset"":{""state"":""idle"",""step"":""idle"",""label"":"""",""seq"":0,""targetSamples"":0,""sampleIntervalMs"":500,""maxDurationMs"":0,""useFanIntake"":true,""fanOnMs"":1000,""postFanSettleMs"":0,""nullingProfileId"":9,""queuePending"":0,""queueCapacity"":16,""queueEnqueued"":0,""queueDropped"":0,""publishFailCount"":0,""retryCount"":0,""retryFailCount"":0,""rejectedSamples"":0,""lastRejectReason"":""none"",""lastRejectChannel"":-1,""lastRejectOkFiniteCount"":0,""lastRejectStatus"":255,""lastRejectGain"":0,""lastRejectSaturated"":false},""recovery"":{""wifiReconnectCount"":0,""wifiReconnectFailCount"":0,""mqttReconnectCount"":0,""mqttConnectFailCount"":0,""lastMqttState"":0,""adsRecoveryCount"":0,""adsRecoveryFailCount"":0,""adsReadFailStreak"":0,""lastReason"":""none"",""lastRecoveryMs"":0,""bootRecoveryArmed"":false,""bootRecoveryDueMs"":0,""bootRecoveryReason"":""none"",""bootRecoveryNonAdsFailure"":false,""bootRecoveryRestartCount"":0},""nulling"":{""done"":false,""retryArmed"":false,""attemptCount"":0,""nextRetryMs"":0,""thresholdV"":9.999999747E-06,""minFinalV"":0},""telemetry"":{""valid"":true,""sampleMs"":6679754,""gasClass"":6,""gasName"":""CO2"",""confidence"":0,""alarm"":false,""sensorVoltage"":[0.115344845,0.004016405,0.004744416,-0.002513875,-0.009495459,-0.011563468,-0.019470848,-0.025471231],""sensorGain"":[32,64,64,64,64,64,64,64],""sensorStatus"":[0,0,0,0,0,0,0,0],""featureOrder"":[""MQ8"",""MQ135"",""MQ3"",""MQ5"",""MQ4"",""MQ7"",""MQ6"",""MQ2""]},""alarmLatched"":false}"
2026-08-04 11:12:24.483 +07:00,303.364,HOT_SWEEP_70,70,700,300,1,0,0.114789262,0.004015113,0.004738213,-0.00249664,-0.009467741,-0.0115741,-0.01947828,-0.0254719,"{""deviceId"":""1001"",""nodeId"":4097,""targetChId"":""0010"",""mode"":""inference"",""uptimeMs"":6680829,""debugEnabled"":true,""power"":{""mode"":""24v"",""externalPower"":true,""batteryMv"":65535,""batteryValid"":false,""batteryDetected"":false,""batterySenseStatus"":""not_detected"",""batteryLow"":false,""batteryCritical"":false,""sourceAmbiguous"":false,""serviceHoldActive"":false,""serviceHoldEffective"":false},""batterySession"":{""state"":""inactive"",""startedMs"":0,""stateStartedMs"":0,""validSampleBatches"":0,""requiredSampleBatches"":10,""alarmTxAttempts"":0,""alarmTxAttemptLimit"":3,""alarmAckReceived"":false,""pendingAlarm"":false,""pendingSaveRequired"":false,""persistenceFaultHold"":false,""completionReason"":""session_done""},""bootHealth"":{""adsReady"":true,""adsDrdyLevel"":0,""adsDrdyPulldownLevel"":0,""adsDrdyPullupLevel"":0,""adsMisoPulldownLevel"":0,""adsMisoPullupLevel"":1,""adsCsLevel"":1,""adsSyncLevel"":1,""adsStatus"":54,""adsMux"":15,""adsAdcon"":6,""adsDrate"":240,""adsReason"":""ok"",""tcaOk"":true,""mcpOkCount"":8,""mcpOk"":[true,true,true,true,true,true,true,true],""mcpAddrMask"":[1,1,1,1,1,1,1,1],""mcpControlTested"":true,""mcpControlOkCount"":8,""mcpControlOk"":[true,true,true,true,true,true,true,true],""dacReady"":true,""radioReady"":true,""mlReady"":true,""nullingProfileApplied"":true,""modelProfileReady"":false},""runtimeMcpCode"":[255,519,795,706,799,865,665,139],""model"":{""profileId"":""cnn-dualbranch-datasheet-v1-unbound"",""scalerProfileId"":""cnn-dualbranch-datasheet-v1-unbound"",""productionApproved"":true,""boundNullingProfileId"":8,""activeNullingProfileId"":9,""bindingValid"":true,""bindingModelMatches"":true,""profileReady"":false,""inferenceValid"":false,""sensorFault"":true},""lora"":{""beginState"":0,""lastTxState"":0,""lastTxOk"":false,""txSeq"":0,""txCounter"":0,""aesKeyProvisioned"":true,""aesKeyPresent"":true,""aesKeySource"":""nvs"",""keyId"":1,""lastDownlinkCommandId"":0,""freqMHz"":920,""bwKHz"":125,""sf"":7,""cr"":5,""syncWord"":18,""txPowerDbm"":17,""preamble"":8,""tcxoVoltage"":1.600000024,""xtalVoltage"":0},""dataset"":{""state"":""idle"",""step"":""idle"",""label"":"""",""seq"":0,""targetSamples"":0,""sampleIntervalMs"":500,""maxDurationMs"":0,""useFanIntake"":true,""fanOnMs"":1000,""postFanSettleMs"":0,""nullingProfileId"":9,""queuePending"":0,""queueCapacity"":16,""queueEnqueued"":0,""queueDropped"":0,""publishFailCount"":0,""retryCount"":0,""retryFailCount"":0,""rejectedSamples"":0,""lastRejectReason"":""none"",""lastRejectChannel"":-1,""lastRejectOkFiniteCount"":0,""lastRejectStatus"":255,""lastRejectGain"":0,""lastRejectSaturated"":false},""recovery"":{""wifiReconnectCount"":0,""wifiReconnectFailCount"":0,""mqttReconnectCount"":0,""mqttConnectFailCount"":0,""lastMqttState"":0,""adsRecoveryCount"":0,""adsRecoveryFailCount"":0,""adsReadFailStreak"":0,""lastReason"":""none"",""lastRecoveryMs"":0,""bootRecoveryArmed"":false,""bootRecoveryDueMs"":0,""bootRecoveryReason"":""none"",""bootRecoveryNonAdsFailure"":false,""bootRecoveryRestartCount"":0},""nulling"":{""done"":false,""retryArmed"":false,""attemptCount"":0,""nextRetryMs"":0,""thresholdV"":9.999999747E-06,""minFinalV"":0},""telemetry"":{""valid"":true,""sampleMs"":6680418,""gasClass"":6,""gasName"":""CO2"",""confidence"":0,""alarm"":false,""sensorVoltage"":[0.114789262,0.004015113,0.004738213,-0.00249664,-0.009467741,-0.0115741,-0.01947828,-0.0254719],""sensorGain"":[32,64,64,64,64,64,64,64],""sensorStatus"":[0,0,0,0,0,0,0,0],""featureOrder"":[""MQ8"",""MQ135"",""MQ3"",""MQ5"",""MQ4"",""MQ7"",""MQ6"",""MQ2""]},""alarmLatched"":false}"
2026-08-04 11:12:25.166 +07:00,304.047,HOT_SWEEP_70,70,700,300,1,0,0.115585729,0.004045001,0.004651954,-0.002521475,-0.00927032,-0.011321616,-0.019489359,-0.025434036,"{""deviceId"":""1001"",""nodeId"":4097,""targetChId"":""0010"",""mode"":""inference"",""uptimeMs"":6681508,""debugEnabled"":true,""power"":{""mode"":""24v"",""externalPower"":true,""batteryMv"":65535,""batteryValid"":false,""batteryDetected"":false,""batterySenseStatus"":""not_detected"",""batteryLow"":false,""batteryCritical"":false,""sourceAmbiguous"":false,""serviceHoldActive"":false,""serviceHoldEffective"":false},""batterySession"":{""state"":""inactive"",""startedMs"":0,""stateStartedMs"":0,""validSampleBatches"":0,""requiredSampleBatches"":10,""alarmTxAttempts"":0,""alarmTxAttemptLimit"":3,""alarmAckReceived"":false,""pendingAlarm"":false,""pendingSaveRequired"":false,""persistenceFaultHold"":false,""completionReason"":""session_done""},""bootHealth"":{""adsReady"":true,""adsDrdyLevel"":0,""adsDrdyPulldownLevel"":0,""adsDrdyPullupLevel"":0,""adsMisoPulldownLevel"":0,""adsMisoPullupLevel"":1,""adsCsLevel"":1,""adsSyncLevel"":1,""adsStatus"":54,""adsMux"":15,""adsAdcon"":6,""adsDrate"":240,""adsReason"":""ok"",""tcaOk"":true,""mcpOkCount"":8,""mcpOk"":[true,true,true,true,true,true,true,true],""mcpAddrMask"":[1,1,1,1,1,1,1,1],""mcpControlTested"":true,""mcpControlOkCount"":8,""mcpControlOk"":[true,true,true,true,true,true,true,true],""dacReady"":true,""radioReady"":true,""mlReady"":true,""nullingProfileApplied"":true,""modelProfileReady"":false},""runtimeMcpCode"":[255,519,795,706,799,865,665,139],""model"":{""profileId"":""cnn-dualbranch-datasheet-v1-unbound"",""scalerProfileId"":""cnn-dualbranch-datasheet-v1-unbound"",""productionApproved"":true,""boundNullingProfileId"":8,""activeNullingProfileId"":9,""bindingValid"":true,""bindingModelMatches"":true,""profileReady"":false,""inferenceValid"":false,""sensorFault"":true},""lora"":{""beginState"":0,""lastTxState"":0,""lastTxOk"":false,""txSeq"":0,""txCounter"":0,""aesKeyProvisioned"":true,""aesKeyPresent"":true,""aesKeySource"":""nvs"",""keyId"":1,""lastDownlinkCommandId"":0,""freqMHz"":920,""bwKHz"":125,""sf"":7,""cr"":5,""syncWord"":18,""txPowerDbm"":17,""preamble"":8,""tcxoVoltage"":1.600000024,""xtalVoltage"":0},""dataset"":{""state"":""idle"",""step"":""idle"",""label"":"""",""seq"":0,""targetSamples"":0,""sampleIntervalMs"":500,""maxDurationMs"":0,""useFanIntake"":true,""fanOnMs"":1000,""postFanSettleMs"":0,""nullingProfileId"":9,""queuePending"":0,""queueCapacity"":16,""queueEnqueued"":0,""queueDropped"":0,""publishFailCount"":0,""retryCount"":0,""retryFailCount"":0,""rejectedSamples"":0,""lastRejectReason"":""none"",""lastRejectChannel"":-1,""lastRejectOkFiniteCount"":0,""lastRejectStatus"":255,""lastRejectGain"":0,""lastRejectSaturated"":false},""recovery"":{""wifiReconnectCount"":0,""wifiReconnectFailCount"":0,""mqttReconnectCount"":0,""mqttConnectFailCount"":0,""lastMqttState"":0,""adsRecoveryCount"":0,""adsRecoveryFailCount"":0,""adsReadFailStreak"":0,""lastReason"":""none"",""lastRecoveryMs"":0,""bootRecoveryArmed"":false,""bootRecoveryDueMs"":0,""bootRecoveryReason"":""none"",""bootRecoveryNonAdsFailure"":false,""bootRecoveryRestartCount"":0},""nulling"":{""done"":false,""retryArmed"":false,""attemptCount"":0,""nextRetryMs"":0,""thresholdV"":9.999999747E-06,""minFinalV"":0},""telemetry"":{""valid"":true,""sampleMs"":6681107,""gasClass"":6,""gasName"":""CO2"",""confidence"":0,""alarm"":false,""sensorVoltage"":[0.115585729,0.004045001,0.004651954,-0.002521475,-0.00927032,-0.011321616,-0.019489359,-0.025434036],""sensorGain"":[32,64,64,64,64,64,64,64],""sensorStatus"":[0,0,0,0,0,0,0,0],""featureOrder"":[""MQ8"",""MQ135"",""MQ3"",""MQ5"",""MQ4"",""MQ7"",""MQ6"",""MQ2""]},""alarmLatched"":false}"
2026-08-04 11:12:25.853 +07:00,304.734,HOT_SWEEP_70,70,700,300,1,0,0.115124568,0.004034876,0.004676308,-0.002560305,-0.009513339,-0.011616173,-0.019500181,-0.025435319,"{""deviceId"":""1001"",""nodeId"":4097,""targetChId"":""0010"",""mode"":""inference"",""uptimeMs"":6682191,""debugEnabled"":true,""power"":{""mode"":""24v"",""externalPower"":true,""batteryMv"":65535,""batteryValid"":false,""batteryDetected"":false,""batterySenseStatus"":""not_detected"",""batteryLow"":false,""batteryCritical"":false,""sourceAmbiguous"":false,""serviceHoldActive"":false,""serviceHoldEffective"":false},""batterySession"":{""state"":""inactive"",""startedMs"":0,""stateStartedMs"":0,""validSampleBatches"":0,""requiredSampleBatches"":10,""alarmTxAttempts"":0,""alarmTxAttemptLimit"":3,""alarmAckReceived"":false,""pendingAlarm"":false,""pendingSaveRequired"":false,""persistenceFaultHold"":false,""completionReason"":""session_done""},""bootHealth"":{""adsReady"":true,""adsDrdyLevel"":0,""adsDrdyPulldownLevel"":0,""adsDrdyPullupLevel"":0,""adsMisoPulldownLevel"":0,""adsMisoPullupLevel"":1,""adsCsLevel"":1,""adsSyncLevel"":1,""adsStatus"":54,""adsMux"":15,""adsAdcon"":6,""adsDrate"":240,""adsReason"":""ok"",""tcaOk"":true,""mcpOkCount"":8,""mcpOk"":[true,true,true,true,true,true,true,true],""mcpAddrMask"":[1,1,1,1,1,1,1,1],""mcpControlTested"":true,""mcpControlOkCount"":8,""mcpControlOk"":[true,true,true,true,true,true,true,true],""dacReady"":true,""radioReady"":true,""mlReady"":true,""nullingProfileApplied"":true,""modelProfileReady"":false},""runtimeMcpCode"":[255,519,795,706,799,865,665,139],""model"":{""profileId"":""cnn-dualbranch-datasheet-v1-unbound"",""scalerProfileId"":""cnn-dualbranch-datasheet-v1-unbound"",""productionApproved"":true,""boundNullingProfileId"":8,""activeNullingProfileId"":9,""bindingValid"":true,""bindingModelMatches"":true,""profileReady"":false,""inferenceValid"":false,""sensorFault"":true},""lora"":{""beginState"":0,""lastTxState"":0,""lastTxOk"":false,""txSeq"":0,""txCounter"":0,""aesKeyProvisioned"":true,""aesKeyPresent"":true,""aesKeySource"":""nvs"",""keyId"":1,""lastDownlinkCommandId"":0,""freqMHz"":920,""bwKHz"":125,""sf"":7,""cr"":5,""syncWord"":18,""txPowerDbm"":17,""preamble"":8,""tcxoVoltage"":1.600000024,""xtalVoltage"":0},""dataset"":{""state"":""idle"",""step"":""idle"",""label"":"""",""seq"":0,""targetSamples"":0,""sampleIntervalMs"":500,""maxDurationMs"":0,""useFanIntake"":true,""fanOnMs"":1000,""postFanSettleMs"":0,""nullingProfileId"":9,""queuePending"":0,""queueCapacity"":16,""queueEnqueued"":0,""queueDropped"":0,""publishFailCount"":0,""retryCount"":0,""retryFailCount"":0,""rejectedSamples"":0,""lastRejectReason"":""none"",""lastRejectChannel"":-1,""lastRejectOkFiniteCount"":0,""lastRejectStatus"":255,""lastRejectGain"":0,""lastRejectSaturated"":false},""recovery"":{""wifiReconnectCount"":0,""wifiReconnectFailCount"":0,""mqttReconnectCount"":0,""mqttConnectFailCount"":0,""lastMqttState"":0,""adsRecoveryCount"":0,""adsRecoveryFailCount"":0,""adsReadFailStreak"":0,""lastReason"":""none"",""lastRecoveryMs"":0,""bootRecoveryArmed"":false,""bootRecoveryDueMs"":0,""bootRecoveryReason"":""none"",""bootRecoveryNonAdsFailure"":false,""bootRecoveryRestartCount"":0},""nulling"":{""done"":false,""retryArmed"":false,""attemptCount"":0,""nextRetryMs"":0,""thresholdV"":9.999999747E-06,""minFinalV"":0},""telemetry"":{""valid"":true,""sampleMs"":6681818,""gasClass"":6,""gasName"":""CO2"",""confidence"":0,""alarm"":false,""sensorVoltage"":[0.115124568,0.004034876,0.004676308,-0.002560305,-0.009513339,-0.011616173,-0.019500181,-0.025435319],""sensorGain"":[32,64,64,64,64,64,64,64],""sensorStatus"":[0,0,0,0,0,0,0,0],""featureOrder"":[""MQ8"",""MQ135"",""MQ3"",""MQ5"",""MQ4"",""MQ7"",""MQ6"",""MQ2""]},""alarmLatched"":false}"
2026-08-04 11:12:26.532 +07:00,305.413,HOT_SWEEP_70,70,700,300,1,0,0.114618257,0.0040271,0.004679249,-0.002576801,-0.009517735,-0.011583491,-0.019536601,-0.025482427,"{""deviceId"":""1001"",""nodeId"":4097,""targetChId"":""0010"",""mode"":""inference"",""uptimeMs"":6682875,""debugEnabled"":true,""power"":{""mode"":""24v"",""externalPower"":true,""batteryMv"":65535,""batteryValid"":false,""batteryDetected"":false,""batterySenseStatus"":""not_detected"",""batteryLow"":false,""batteryCritical"":false,""sourceAmbiguous"":false,""serviceHoldActive"":false,""serviceHoldEffective"":false},""batterySession"":{""state"":""inactive"",""startedMs"":0,""stateStartedMs"":0,""validSampleBatches"":0,""requiredSampleBatches"":10,""alarmTxAttempts"":0,""alarmTxAttemptLimit"":3,""alarmAckReceived"":false,""pendingAlarm"":false,""pendingSaveRequired"":false,""persistenceFaultHold"":false,""completionReason"":""session_done""},""bootHealth"":{""adsReady"":true,""adsDrdyLevel"":0,""adsDrdyPulldownLevel"":0,""adsDrdyPullupLevel"":0,""adsMisoPulldownLevel"":0,""adsMisoPullupLevel"":1,""adsCsLevel"":1,""adsSyncLevel"":1,""adsStatus"":54,""adsMux"":15,""adsAdcon"":6,""adsDrate"":240,""adsReason"":""ok"",""tcaOk"":true,""mcpOkCount"":8,""mcpOk"":[true,true,true,true,true,true,true,true],""mcpAddrMask"":[1,1,1,1,1,1,1,1],""mcpControlTested"":true,""mcpControlOkCount"":8,""mcpControlOk"":[true,true,true,true,true,true,true,true],""dacReady"":true,""radioReady"":true,""mlReady"":true,""nullingProfileApplied"":true,""modelProfileReady"":false},""runtimeMcpCode"":[255,519,795,706,799,865,665,139],""model"":{""profileId"":""cnn-dualbranch-datasheet-v1-unbound"",""scalerProfileId"":""cnn-dualbranch-datasheet-v1-unbound"",""productionApproved"":true,""boundNullingProfileId"":8,""activeNullingProfileId"":9,""bindingValid"":true,""bindingModelMatches"":true,""profileReady"":false,""inferenceValid"":false,""sensorFault"":true},""lora"":{""beginState"":0,""lastTxState"":0,""lastTxOk"":false,""txSeq"":0,""txCounter"":0,""aesKeyProvisioned"":true,""aesKeyPresent"":true,""aesKeySource"":""nvs"",""keyId"":1,""lastDownlinkCommandId"":0,""freqMHz"":920,""bwKHz"":125,""sf"":7,""cr"":5,""syncWord"":18,""txPowerDbm"":17,""preamble"":8,""tcxoVoltage"":1.600000024,""xtalVoltage"":0},""dataset"":{""state"":""idle"",""step"":""idle"",""label"":"""",""seq"":0,""targetSamples"":0,""sampleIntervalMs"":500,""maxDurationMs"":0,""useFanIntake"":true,""fanOnMs"":1000,""postFanSettleMs"":0,""nullingProfileId"":9,""queuePending"":0,""queueCapacity"":16,""queueEnqueued"":0,""queueDropped"":0,""publishFailCount"":0,""retryCount"":0,""retryFailCount"":0,""rejectedSamples"":0,""lastRejectReason"":""none"",""lastRejectChannel"":-1,""lastRejectOkFiniteCount"":0,""lastRejectStatus"":255,""lastRejectGain"":0,""lastRejectSaturated"":false},""recovery"":{""wifiReconnectCount"":0,""wifiReconnectFailCount"":0,""mqttReconnectCount"":0,""mqttConnectFailCount"":0,""lastMqttState"":0,""adsRecoveryCount"":0,""adsRecoveryFailCount"":0,""adsReadFailStreak"":0,""lastReason"":""none"",""lastRecoveryMs"":0,""bootRecoveryArmed"":false,""bootRecoveryDueMs"":0,""bootRecoveryReason"":""none"",""bootRecoveryNonAdsFailure"":false,""bootRecoveryRestartCount"":0},""nulling"":{""done"":false,""retryArmed"":false,""attemptCount"":0,""nextRetryMs"":0,""thresholdV"":9.999999747E-06,""minFinalV"":0},""telemetry"":{""valid"":true,""sampleMs"":6682469,""gasClass"":6,""gasName"":""CO2"",""confidence"":0,""alarm"":false,""sensorVoltage"":[0.114618257,0.0040271,0.004679249,-0.002576801,-0.009517735,-0.011583491,-0.019536601,-0.025482427],""sensorGain"":[32,64,64,64,64,64,64,64],""sensorStatus"":[0,0,0,0,0,0,0,0],""featureOrder"":[""MQ8"",""MQ135"",""MQ3"",""MQ5"",""MQ4"",""MQ7"",""MQ6"",""MQ2""]},""alarmLatched"":false}"
2026-08-04 11:12:27.215 +07:00,306.096,HOT_SWEEP_70,70,700,300,1,0,0.115785345,0.004027265,0.004618047,-0.002555785,-0.009511324,-0.011618227,-0.019541506,-0.025473997,"{""deviceId"":""1001"",""nodeId"":4097,""targetChId"":""0010"",""mode"":""inference"",""uptimeMs"":6683558,""debugEnabled"":true,""power"":{""mode"":""24v"",""externalPower"":true,""batteryMv"":65535,""batteryValid"":false,""batteryDetected"":false,""batterySenseStatus"":""not_detected"",""batteryLow"":false,""batteryCritical"":false,""sourceAmbiguous"":false,""serviceHoldActive"":false,""serviceHoldEffective"":false},""batterySession"":{""state"":""inactive"",""startedMs"":0,""stateStartedMs"":0,""validSampleBatches"":0,""requiredSampleBatches"":10,""alarmTxAttempts"":0,""alarmTxAttemptLimit"":3,""alarmAckReceived"":false,""pendingAlarm"":false,""pendingSaveRequired"":false,""persistenceFaultHold"":false,""completionReason"":""session_done""},""bootHealth"":{""adsReady"":true,""adsDrdyLevel"":0,""adsDrdyPulldownLevel"":0,""adsDrdyPullupLevel"":0,""adsMisoPulldownLevel"":0,""adsMisoPullupLevel"":1,""adsCsLevel"":1,""adsSyncLevel"":1,""adsStatus"":54,""adsMux"":15,""adsAdcon"":6,""adsDrate"":240,""adsReason"":""ok"",""tcaOk"":true,""mcpOkCount"":8,""mcpOk"":[true,true,true,true,true,true,true,true],""mcpAddrMask"":[1,1,1,1,1,1,1,1],""mcpControlTested"":true,""mcpControlOkCount"":8,""mcpControlOk"":[true,true,true,true,true,true,true,true],""dacReady"":true,""radioReady"":true,""mlReady"":true,""nullingProfileApplied"":true,""modelProfileReady"":false},""runtimeMcpCode"":[255,519,795,706,799,865,665,139],""model"":{""profileId"":""cnn-dualbranch-datasheet-v1-unbound"",""scalerProfileId"":""cnn-dualbranch-datasheet-v1-unbound"",""productionApproved"":true,""boundNullingProfileId"":8,""activeNullingProfileId"":9,""bindingValid"":true,""bindingModelMatches"":true,""profileReady"":false,""inferenceValid"":false,""sensorFault"":true},""lora"":{""beginState"":0,""lastTxState"":0,""lastTxOk"":false,""txSeq"":0,""txCounter"":0,""aesKeyProvisioned"":true,""aesKeyPresent"":true,""aesKeySource"":""nvs"",""keyId"":1,""lastDownlinkCommandId"":0,""freqMHz"":920,""bwKHz"":125,""sf"":7,""cr"":5,""syncWord"":18,""txPowerDbm"":17,""preamble"":8,""tcxoVoltage"":1.600000024,""xtalVoltage"":0},""dataset"":{""state"":""idle"",""step"":""idle"",""label"":"""",""seq"":0,""targetSamples"":0,""sampleIntervalMs"":500,""maxDurationMs"":0,""useFanIntake"":true,""fanOnMs"":1000,""postFanSettleMs"":0,""nullingProfileId"":9,""queuePending"":0,""queueCapacity"":16,""queueEnqueued"":0,""queueDropped"":0,""publishFailCount"":0,""retryCount"":0,""retryFailCount"":0,""rejectedSamples"":0,""lastRejectReason"":""none"",""lastRejectChannel"":-1,""lastRejectOkFiniteCount"":0,""lastRejectStatus"":255,""lastRejectGain"":0,""lastRejectSaturated"":false},""recovery"":{""wifiReconnectCount"":0,""wifiReconnectFailCount"":0,""mqttReconnectCount"":0,""mqttConnectFailCount"":0,""lastMqttState"":0,""adsRecoveryCount"":0,""adsRecoveryFailCount"":0,""adsReadFailStreak"":0,""lastReason"":""none"",""lastRecoveryMs"":0,""bootRecoveryArmed"":false,""bootRecoveryDueMs"":0,""bootRecoveryReason"":""none"",""bootRecoveryNonAdsFailure"":false,""bootRecoveryRestartCount"":0},""nulling"":{""done"":false,""retryArmed"":false,""attemptCount"":0,""nextRetryMs"":0,""thresholdV"":9.999999747E-06,""minFinalV"":0},""telemetry"":{""valid"":true,""sampleMs"":6683153,""gasClass"":6,""gasName"":""CO2"",""confidence"":0,""alarm"":false,""sensorVoltage"":[0.115785345,0.004027265,0.004618047,-0.002555785,-0.009511324,-0.011618227,-0.019541506,-0.025473997],""sensorGain"":[32,64,64,64,64,64,64,64],""sensorStatus"":[0,0,0,0,0,0,0,0],""featureOrder"":[""MQ8"",""MQ135"",""MQ3"",""MQ5"",""MQ4"",""MQ7"",""MQ6"",""MQ2""]},""alarmLatched"":false}"
2026-08-04 11:12:27.903 +07:00,306.783,HOT_SWEEP_70,70,700,300,1,0,0.11526265,0.004107765,0.004731151,-0.002639642,-0.009566704,-0.011640522,-0.019570056,-0.025439303,"{""deviceId"":""1001"",""nodeId"":4097,""targetChId"":""0010"",""mode"":""inference"",""uptimeMs"":6684237,""debugEnabled"":true,""power"":{""mode"":""24v"",""externalPower"":true,""batteryMv"":65535,""batteryValid"":false,""batteryDetected"":false,""batterySenseStatus"":""not_detected"",""batteryLow"":false,""batteryCritical"":false,""sourceAmbiguous"":false,""serviceHoldActive"":false,""serviceHoldEffective"":false},""batterySession"":{""state"":""inactive"",""startedMs"":0,""stateStartedMs"":0,""validSampleBatches"":0,""requiredSampleBatches"":10,""alarmTxAttempts"":0,""alarmTxAttemptLimit"":3,""alarmAckReceived"":false,""pendingAlarm"":false,""pendingSaveRequired"":false,""persistenceFaultHold"":false,""completionReason"":""session_done""},""bootHealth"":{""adsReady"":true,""adsDrdyLevel"":0,""adsDrdyPulldownLevel"":0,""adsDrdyPullupLevel"":0,""adsMisoPulldownLevel"":0,""adsMisoPullupLevel"":1,""adsCsLevel"":1,""adsSyncLevel"":1,""adsStatus"":54,""adsMux"":15,""adsAdcon"":6,""adsDrate"":240,""adsReason"":""ok"",""tcaOk"":true,""mcpOkCount"":8,""mcpOk"":[true,true,true,true,true,true,true,true],""mcpAddrMask"":[1,1,1,1,1,1,1,1],""mcpControlTested"":true,""mcpControlOkCount"":8,""mcpControlOk"":[true,true,true,true,true,true,true,true],""dacReady"":true,""radioReady"":true,""mlReady"":true,""nullingProfileApplied"":true,""modelProfileReady"":false},""runtimeMcpCode"":[255,519,795,706,799,865,665,139],""model"":{""profileId"":""cnn-dualbranch-datasheet-v1-unbound"",""scalerProfileId"":""cnn-dualbranch-datasheet-v1-unbound"",""productionApproved"":true,""boundNullingProfileId"":8,""activeNullingProfileId"":9,""bindingValid"":true,""bindingModelMatches"":true,""profileReady"":false,""inferenceValid"":false,""sensorFault"":true},""lora"":{""beginState"":0,""lastTxState"":0,""lastTxOk"":false,""txSeq"":0,""txCounter"":0,""aesKeyProvisioned"":true,""aesKeyPresent"":true,""aesKeySource"":""nvs"",""keyId"":1,""lastDownlinkCommandId"":0,""freqMHz"":920,""bwKHz"":125,""sf"":7,""cr"":5,""syncWord"":18,""txPowerDbm"":17,""preamble"":8,""tcxoVoltage"":1.600000024,""xtalVoltage"":0},""dataset"":{""state"":""idle"",""step"":""idle"",""label"":"""",""seq"":0,""targetSamples"":0,""sampleIntervalMs"":500,""maxDurationMs"":0,""useFanIntake"":true,""fanOnMs"":1000,""postFanSettleMs"":0,""nullingProfileId"":9,""queuePending"":0,""queueCapacity"":16,""queueEnqueued"":0,""queueDropped"":0,""publishFailCount"":0,""retryCount"":0,""retryFailCount"":0,""rejectedSamples"":0,""lastRejectReason"":""none"",""lastRejectChannel"":-1,""lastRejectOkFiniteCount"":0,""lastRejectStatus"":255,""lastRejectGain"":0,""lastRejectSaturated"":false},""recovery"":{""wifiReconnectCount"":0,""wifiReconnectFailCount"":0,""mqttReconnectCount"":0,""mqttConnectFailCount"":0,""lastMqttState"":0,""adsRecoveryCount"":0,""adsRecoveryFailCount"":0,""adsReadFailStreak"":0,""lastReason"":""none"",""lastRecoveryMs"":0,""bootRecoveryArmed"":false,""bootRecoveryDueMs"":0,""bootRecoveryReason"":""none"",""bootRecoveryNonAdsFailure"":false,""bootRecoveryRestartCount"":0},""nulling"":{""done"":false,""retryArmed"":false,""attemptCount"":0,""nextRetryMs"":0,""thresholdV"":9.999999747E-06,""minFinalV"":0},""telemetry"":{""valid"":true,""sampleMs"":6683868,""gasClass"":6,""gasName"":""CO2"",""confidence"":0,""alarm"":false,""sensorVoltage"":[0.11526265,0.004107765,0.004731151,-0.002639642,-0.009566704,-0.011640522,-0.019570056,-0.025439303],""sensorGain"":[32,64,64,64,64,64,64,64],""sensorStatus"":[0,0,0,0,0,0,0,0],""featureOrder"":[""MQ8"",""MQ135"",""MQ3"",""MQ5"",""MQ4"",""MQ7"",""MQ6"",""MQ2""]},""alarmLatched"":false}"
2026-08-04 11:12:28.589 +07:00,307.462,HOT_SWEEP_70,70,700,300,1,0,0.114629529,0.004106208,0.004790986,-0.002627518,-0.00958945,-0.01165361,-0.019622333,-0.025421489,"{""deviceId"":""1001"",""nodeId"":4097,""targetChId"":""0010"",""mode"":""inference"",""uptimeMs"":6684923,""debugEnabled"":true,""power"":{""mode"":""24v"",""externalPower"":true,""batteryMv"":65535,""batteryValid"":false,""batteryDetected"":false,""batterySenseStatus"":""not_detected"",""batteryLow"":false,""batteryCritical"":false,""sourceAmbiguous"":false,""serviceHoldActive"":false,""serviceHoldEffective"":false},""batterySession"":{""state"":""inactive"",""startedMs"":0,""stateStartedMs"":0,""validSampleBatches"":0,""requiredSampleBatches"":10,""alarmTxAttempts"":0,""alarmTxAttemptLimit"":3,""alarmAckReceived"":false,""pendingAlarm"":false,""pendingSaveRequired"":false,""persistenceFaultHold"":false,""completionReason"":""session_done""},""bootHealth"":{""adsReady"":true,""adsDrdyLevel"":0,""adsDrdyPulldownLevel"":0,""adsDrdyPullupLevel"":0,""adsMisoPulldownLevel"":0,""adsMisoPullupLevel"":1,""adsCsLevel"":1,""adsSyncLevel"":1,""adsStatus"":54,""adsMux"":15,""adsAdcon"":6,""adsDrate"":240,""adsReason"":""ok"",""tcaOk"":true,""mcpOkCount"":8,""mcpOk"":[true,true,true,true,true,true,true,true],""mcpAddrMask"":[1,1,1,1,1,1,1,1],""mcpControlTested"":true,""mcpControlOkCount"":8,""mcpControlOk"":[true,true,true,true,true,true,true,true],""dacReady"":true,""radioReady"":true,""mlReady"":true,""nullingProfileApplied"":true,""modelProfileReady"":false},""runtimeMcpCode"":[255,519,795,706,799,865,665,139],""model"":{""profileId"":""cnn-dualbranch-datasheet-v1-unbound"",""scalerProfileId"":""cnn-dualbranch-datasheet-v1-unbound"",""productionApproved"":true,""boundNullingProfileId"":8,""activeNullingProfileId"":9,""bindingValid"":true,""bindingModelMatches"":true,""profileReady"":false,""inferenceValid"":false,""sensorFault"":true},""lora"":{""beginState"":0,""lastTxState"":0,""lastTxOk"":false,""txSeq"":0,""txCounter"":0,""aesKeyProvisioned"":true,""aesKeyPresent"":true,""aesKeySource"":""nvs"",""keyId"":1,""lastDownlinkCommandId"":0,""freqMHz"":920,""bwKHz"":125,""sf"":7,""cr"":5,""syncWord"":18,""txPowerDbm"":17,""preamble"":8,""tcxoVoltage"":1.600000024,""xtalVoltage"":0},""dataset"":{""state"":""idle"",""step"":""idle"",""label"":"""",""seq"":0,""targetSamples"":0,""sampleIntervalMs"":500,""maxDurationMs"":0,""useFanIntake"":true,""fanOnMs"":1000,""postFanSettleMs"":0,""nullingProfileId"":9,""queuePending"":0,""queueCapacity"":16,""queueEnqueued"":0,""queueDropped"":0,""publishFailCount"":0,""retryCount"":0,""retryFailCount"":0,""rejectedSamples"":0,""lastRejectReason"":""none"",""lastRejectChannel"":-1,""lastRejectOkFiniteCount"":0,""lastRejectStatus"":255,""lastRejectGain"":0,""lastRejectSaturated"":false},""recovery"":{""wifiReconnectCount"":0,""wifiReconnectFailCount"":0,""mqttReconnectCount"":0,""mqttConnectFailCount"":0,""lastMqttState"":0,""adsRecoveryCount"":0,""adsRecoveryFailCount"":0,""adsReadFailStreak"":0,""lastReason"":""none"",""lastRecoveryMs"":0,""bootRecoveryArmed"":false,""bootRecoveryDueMs"":0,""bootRecoveryReason"":""none"",""bootRecoveryNonAdsFailure"":false,""bootRecoveryRestartCount"":0},""nulling"":{""done"":false,""retryArmed"":false,""attemptCount"":0,""nextRetryMs"":0,""thresholdV"":9.999999747E-06,""minFinalV"":0},""telemetry"":{""valid"":true,""sampleMs"":6684515,""gasClass"":6,""gasName"":""CO2"",""confidence"":0,""alarm"":false,""sensorVoltage"":[0.114629529,0.004106208,0.004790986,-0.002627518,-0.00958945,-0.01165361,-0.019622333,-0.025421489],""sensorGain"":[32,64,64,64,64,64,64,64],""sensorStatus"":[0,0,0,0,0,0,0,0],""featureOrder"":[""MQ8"",""MQ135"",""MQ3"",""MQ5"",""MQ4"",""MQ7"",""MQ6"",""MQ2""]},""alarmLatched"":false}"
2026-08-04 11:12:29.265 +07:00,308.146,HOT_SWEEP_70,70,700,300,1,0,0.115637898,0.004105081,0.004788013,-0.00264158,-0.009568786,-0.011636588,-0.0196425,-0.02537418,"{""deviceId"":""1001"",""nodeId"":4097,""targetChId"":""0010"",""mode"":""inference"",""uptimeMs"":6685605,""debugEnabled"":true,""power"":{""mode"":""24v"",""externalPower"":true,""batteryMv"":65535,""batteryValid"":false,""batteryDetected"":false,""batterySenseStatus"":""not_detected"",""batteryLow"":false,""batteryCritical"":false,""sourceAmbiguous"":false,""serviceHoldActive"":false,""serviceHoldEffective"":false},""batterySession"":{""state"":""inactive"",""startedMs"":0,""stateStartedMs"":0,""validSampleBatches"":0,""requiredSampleBatches"":10,""alarmTxAttempts"":0,""alarmTxAttemptLimit"":3,""alarmAckReceived"":false,""pendingAlarm"":false,""pendingSaveRequired"":false,""persistenceFaultHold"":false,""completionReason"":""session_done""},""bootHealth"":{""adsReady"":true,""adsDrdyLevel"":0,""adsDrdyPulldownLevel"":0,""adsDrdyPullupLevel"":0,""adsMisoPulldownLevel"":0,""adsMisoPullupLevel"":1,""adsCsLevel"":1,""adsSyncLevel"":1,""adsStatus"":54,""adsMux"":15,""adsAdcon"":6,""adsDrate"":240,""adsReason"":""ok"",""tcaOk"":true,""mcpOkCount"":8,""mcpOk"":[true,true,true,true,true,true,true,true],""mcpAddrMask"":[1,1,1,1,1,1,1,1],""mcpControlTested"":true,""mcpControlOkCount"":8,""mcpControlOk"":[true,true,true,true,true,true,true,true],""dacReady"":true,""radioReady"":true,""mlReady"":true,""nullingProfileApplied"":true,""modelProfileReady"":false},""runtimeMcpCode"":[255,519,795,706,799,865,665,139],""model"":{""profileId"":""cnn-dualbranch-datasheet-v1-unbound"",""scalerProfileId"":""cnn-dualbranch-datasheet-v1-unbound"",""productionApproved"":true,""boundNullingProfileId"":8,""activeNullingProfileId"":9,""bindingValid"":true,""bindingModelMatches"":true,""profileReady"":false,""inferenceValid"":false,""sensorFault"":true},""lora"":{""beginState"":0,""lastTxState"":0,""lastTxOk"":false,""txSeq"":0,""txCounter"":0,""aesKeyProvisioned"":true,""aesKeyPresent"":true,""aesKeySource"":""nvs"",""keyId"":1,""lastDownlinkCommandId"":0,""freqMHz"":920,""bwKHz"":125,""sf"":7,""cr"":5,""syncWord"":18,""txPowerDbm"":17,""preamble"":8,""tcxoVoltage"":1.600000024,""xtalVoltage"":0},""dataset"":{""state"":""idle"",""step"":""idle"",""label"":"""",""seq"":0,""targetSamples"":0,""sampleIntervalMs"":500,""maxDurationMs"":0,""useFanIntake"":true,""fanOnMs"":1000,""postFanSettleMs"":0,""nullingProfileId"":9,""queuePending"":0,""queueCapacity"":16,""queueEnqueued"":0,""queueDropped"":0,""publishFailCount"":0,""retryCount"":0,""retryFailCount"":0,""rejectedSamples"":0,""lastRejectReason"":""none"",""lastRejectChannel"":-1,""lastRejectOkFiniteCount"":0,""lastRejectStatus"":255,""lastRejectGain"":0,""lastRejectSaturated"":false},""recovery"":{""wifiReconnectCount"":0,""wifiReconnectFailCount"":0,""mqttReconnectCount"":0,""mqttConnectFailCount"":0,""lastMqttState"":0,""adsRecoveryCount"":0,""adsRecoveryFailCount"":0,""adsReadFailStreak"":0,""lastReason"":""none"",""lastRecoveryMs"":0,""bootRecoveryArmed"":false,""bootRecoveryDueMs"":0,""bootRecoveryReason"":""none"",""bootRecoveryNonAdsFailure"":false,""bootRecoveryRestartCount"":0},""nulling"":{""done"":false,""retryArmed"":false,""attemptCount"":0,""nextRetryMs"":0,""thresholdV"":9.999999747E-06,""minFinalV"":0},""telemetry"":{""valid"":true,""sampleMs"":6685201,""gasClass"":6,""gasName"":""CO2"",""confidence"":0,""alarm"":false,""sensorVoltage"":[0.115637898,0.004105081,0.004788013,-0.00264158,-0.009568786,-0.011636588,-0.0196425,-0.02537418],""sensorGain"":[32,64,64,64,64,64,64,64],""sensorStatus"":[0,0,0,0,0,0,0,0],""featureOrder"":[""MQ8"",""MQ135"",""MQ3"",""MQ5"",""MQ4"",""MQ7"",""MQ6"",""MQ2""]},""alarmLatched"":false}"
2026-08-04 11:12:29.947 +07:00,308.828,HOT_SWEEP_70,70,700,300,1,0,0.115121484,0.004110129,0.004793928,-0.002697386,-0.009483877,-0.011608026,-0.019642906,-0.025397494,"{""deviceId"":""1001"",""nodeId"":4097,""targetChId"":""0010"",""mode"":""inference"",""uptimeMs"":6686290,""debugEnabled"":true,""power"":{""mode"":""24v"",""externalPower"":true,""batteryMv"":65535,""batteryValid"":false,""batteryDetected"":false,""batterySenseStatus"":""not_detected"",""batteryLow"":false,""batteryCritical"":false,""sourceAmbiguous"":false,""serviceHoldActive"":false,""serviceHoldEffective"":false},""batterySession"":{""state"":""inactive"",""startedMs"":0,""stateStartedMs"":0,""validSampleBatches"":0,""requiredSampleBatches"":10,""alarmTxAttempts"":0,""alarmTxAttemptLimit"":3,""alarmAckReceived"":false,""pendingAlarm"":false,""pendingSaveRequired"":false,""persistenceFaultHold"":false,""completionReason"":""session_done""},""bootHealth"":{""adsReady"":true,""adsDrdyLevel"":0,""adsDrdyPulldownLevel"":0,""adsDrdyPullupLevel"":0,""adsMisoPulldownLevel"":0,""adsMisoPullupLevel"":1,""adsCsLevel"":1,""adsSyncLevel"":1,""adsStatus"":54,""adsMux"":15,""adsAdcon"":6,""adsDrate"":240,""adsReason"":""ok"",""tcaOk"":true,""mcpOkCount"":8,""mcpOk"":[true,true,true,true,true,true,true,true],""mcpAddrMask"":[1,1,1,1,1,1,1,1],""mcpControlTested"":true,""mcpControlOkCount"":8,""mcpControlOk"":[true,true,true,true,true,true,true,true],""dacReady"":true,""radioReady"":true,""mlReady"":true,""nullingProfileApplied"":true,""modelProfileReady"":false},""runtimeMcpCode"":[255,519,795,706,799,865,665,139],""model"":{""profileId"":""cnn-dualbranch-datasheet-v1-unbound"",""scalerProfileId"":""cnn-dualbranch-datasheet-v1-unbound"",""productionApproved"":true,""boundNullingProfileId"":8,""activeNullingProfileId"":9,""bindingValid"":true,""bindingModelMatches"":true,""profileReady"":false,""inferenceValid"":false,""sensorFault"":true},""lora"":{""beginState"":0,""lastTxState"":0,""lastTxOk"":false,""txSeq"":0,""txCounter"":0,""aesKeyProvisioned"":true,""aesKeyPresent"":true,""aesKeySource"":""nvs"",""keyId"":1,""lastDownlinkCommandId"":0,""freqMHz"":920,""bwKHz"":125,""sf"":7,""cr"":5,""syncWord"":18,""txPowerDbm"":17,""preamble"":8,""tcxoVoltage"":1.600000024,""xtalVoltage"":0},""dataset"":{""state"":""idle"",""step"":""idle"",""label"":"""",""seq"":0,""targetSamples"":0,""sampleIntervalMs"":500,""maxDurationMs"":0,""useFanIntake"":true,""fanOnMs"":1000,""postFanSettleMs"":0,""nullingProfileId"":9,""queuePending"":0,""queueCapacity"":16,""queueEnqueued"":0,""queueDropped"":0,""publishFailCount"":0,""retryCount"":0,""retryFailCount"":0,""rejectedSamples"":0,""lastRejectReason"":""none"",""lastRejectChannel"":-1,""lastRejectOkFiniteCount"":0,""lastRejectStatus"":255,""lastRejectGain"":0,""lastRejectSaturated"":false},""recovery"":{""wifiReconnectCount"":0,""wifiReconnectFailCount"":0,""mqttReconnectCount"":0,""mqttConnectFailCount"":0,""lastMqttState"":0,""adsRecoveryCount"":0,""adsRecoveryFailCount"":0,""adsReadFailStreak"":0,""lastReason"":""none"",""lastRecoveryMs"":0,""bootRecoveryArmed"":false,""bootRecoveryDueMs"":0,""bootRecoveryReason"":""none"",""bootRecoveryNonAdsFailure"":false,""bootRecoveryRestartCount"":0},""nulling"":{""done"":false,""retryArmed"":false,""attemptCount"":0,""nextRetryMs"":0,""thresholdV"":9.999999747E-06,""minFinalV"":0},""telemetry"":{""valid"":true,""sampleMs"":6685915,""gasClass"":6,""gasName"":""CO2"",""confidence"":0,""alarm"":false,""sensorVoltage"":[0.115121484,0.004110129,0.004793928,-0.002697386,-0.009483877,-0.011608026,-0.019642906,-0.025397494],""sensorGain"":[32,64,64,64,64,64,64,64],""sensorStatus"":[0,0,0,0,0,0,0,0],""featureOrder"":[""MQ8"",""MQ135"",""MQ3"",""MQ5"",""MQ4"",""MQ7"",""MQ6"",""MQ2""]},""alarmLatched"":false}"
2026-08-04 11:12:30.663 +07:00,309.544,HOT_SWEEP_70,70,700,300,1,0,0.11439468,0.004124078,0.004808725,-0.002705987,-0.009463937,-0.011609869,-0.019706244,-0.025368813,"{""deviceId"":""1001"",""nodeId"":4097,""targetChId"":""0010"",""mode"":""inference"",""uptimeMs"":6687004,""debugEnabled"":true,""power"":{""mode"":""24v"",""externalPower"":true,""batteryMv"":65535,""batteryValid"":false,""batteryDetected"":false,""batterySenseStatus"":""not_detected"",""batteryLow"":false,""batteryCritical"":false,""sourceAmbiguous"":false,""serviceHoldActive"":false,""serviceHoldEffective"":false},""batterySession"":{""state"":""inactive"",""startedMs"":0,""stateStartedMs"":0,""validSampleBatches"":0,""requiredSampleBatches"":10,""alarmTxAttempts"":0,""alarmTxAttemptLimit"":3,""alarmAckReceived"":false,""pendingAlarm"":false,""pendingSaveRequired"":false,""persistenceFaultHold"":false,""completionReason"":""session_done""},""bootHealth"":{""adsReady"":true,""adsDrdyLevel"":0,""adsDrdyPulldownLevel"":0,""adsDrdyPullupLevel"":0,""adsMisoPulldownLevel"":0,""adsMisoPullupLevel"":1,""adsCsLevel"":1,""adsSyncLevel"":1,""adsStatus"":54,""adsMux"":15,""adsAdcon"":6,""adsDrate"":240,""adsReason"":""ok"",""tcaOk"":true,""mcpOkCount"":8,""mcpOk"":[true,true,true,true,true,true,true,true],""mcpAddrMask"":[1,1,1,1,1,1,1,1],""mcpControlTested"":true,""mcpControlOkCount"":8,""mcpControlOk"":[true,true,true,true,true,true,true,true],""dacReady"":true,""radioReady"":true,""mlReady"":true,""nullingProfileApplied"":true,""modelProfileReady"":false},""runtimeMcpCode"":[255,519,795,706,799,865,665,139],""model"":{""profileId"":""cnn-dualbranch-datasheet-v1-unbound"",""scalerProfileId"":""cnn-dualbranch-datasheet-v1-unbound"",""productionApproved"":true,""boundNullingProfileId"":8,""activeNullingProfileId"":9,""bindingValid"":true,""bindingModelMatches"":true,""profileReady"":false,""inferenceValid"":false,""sensorFault"":true},""lora"":{""beginState"":0,""lastTxState"":0,""lastTxOk"":false,""txSeq"":0,""txCounter"":0,""aesKeyProvisioned"":true,""aesKeyPresent"":true,""aesKeySource"":""nvs"",""keyId"":1,""lastDownlinkCommandId"":0,""freqMHz"":920,""bwKHz"":125,""sf"":7,""cr"":5,""syncWord"":18,""txPowerDbm"":17,""preamble"":8,""tcxoVoltage"":1.600000024,""xtalVoltage"":0},""dataset"":{""state"":""idle"",""step"":""idle"",""label"":"""",""seq"":0,""targetSamples"":0,""sampleIntervalMs"":500,""maxDurationMs"":0,""useFanIntake"":true,""fanOnMs"":1000,""postFanSettleMs"":0,""nullingProfileId"":9,""queuePending"":0,""queueCapacity"":16,""queueEnqueued"":0,""queueDropped"":0,""publishFailCount"":0,""retryCount"":0,""retryFailCount"":0,""rejectedSamples"":0,""lastRejectReason"":""none"",""lastRejectChannel"":-1,""lastRejectOkFiniteCount"":0,""lastRejectStatus"":255,""lastRejectGain"":0,""lastRejectSaturated"":false},""recovery"":{""wifiReconnectCount"":0,""wifiReconnectFailCount"":0,""mqttReconnectCount"":0,""mqttConnectFailCount"":0,""lastMqttState"":0,""adsRecoveryCount"":0,""adsRecoveryFailCount"":0,""adsReadFailStreak"":0,""lastReason"":""none"",""lastRecoveryMs"":0,""bootRecoveryArmed"":false,""bootRecoveryDueMs"":0,""bootRecoveryReason"":""none"",""bootRecoveryNonAdsFailure"":false,""bootRecoveryRestartCount"":0},""nulling"":{""done"":false,""retryArmed"":false,""attemptCount"":0,""nextRetryMs"":0,""thresholdV"":9.999999747E-06,""minFinalV"":0},""telemetry"":{""valid"":true,""sampleMs"":6686568,""gasClass"":6,""gasName"":""CO2"",""confidence"":0,""alarm"":false,""sensorVoltage"":[0.11439468,0.004124078,0.004808725,-0.002705987,-0.009463937,-0.011609869,-0.019706244,-0.025368813],""sensorGain"":[32,64,64,64,64,64,64,64],""sensorStatus"":[0,0,0,0,0,0,0,0],""featureOrder"":[""MQ8"",""MQ135"",""MQ3"",""MQ5"",""MQ4"",""MQ7"",""MQ6"",""MQ2""]},""alarmLatched"":false}"
2026-08-04 11:12:31.347 +07:00,310.228,HOT_SWEEP_70,70,700,300,1,0,0.114618406,0.004130996,0.004872337,-0.002699643,-0.009499665,-0.011600723,-0.019657731,-0.025314394,"{""deviceId"":""1001"",""nodeId"":4097,""targetChId"":""0010"",""mode"":""inference"",""uptimeMs"":6687689,""debugEnabled"":true,""power"":{""mode"":""24v"",""externalPower"":true,""batteryMv"":65535,""batteryValid"":false,""batteryDetected"":false,""batterySenseStatus"":""not_detected"",""batteryLow"":false,""batteryCritical"":false,""sourceAmbiguous"":false,""serviceHoldActive"":false,""serviceHoldEffective"":false},""batterySession"":{""state"":""inactive"",""startedMs"":0,""stateStartedMs"":0,""validSampleBatches"":0,""requiredSampleBatches"":10,""alarmTxAttempts"":0,""alarmTxAttemptLimit"":3,""alarmAckReceived"":false,""pendingAlarm"":false,""pendingSaveRequired"":false,""persistenceFaultHold"":false,""completionReason"":""session_done""},""bootHealth"":{""adsReady"":true,""adsDrdyLevel"":0,""adsDrdyPulldownLevel"":0,""adsDrdyPullupLevel"":0,""adsMisoPulldownLevel"":0,""adsMisoPullupLevel"":1,""adsCsLevel"":1,""adsSyncLevel"":1,""adsStatus"":54,""adsMux"":15,""adsAdcon"":6,""adsDrate"":240,""adsReason"":""ok"",""tcaOk"":true,""mcpOkCount"":8,""mcpOk"":[true,true,true,true,true,true,true,true],""mcpAddrMask"":[1,1,1,1,1,1,1,1],""mcpControlTested"":true,""mcpControlOkCount"":8,""mcpControlOk"":[true,true,true,true,true,true,true,true],""dacReady"":true,""radioReady"":true,""mlReady"":true,""nullingProfileApplied"":true,""modelProfileReady"":false},""runtimeMcpCode"":[255,519,795,706,799,865,665,139],""model"":{""profileId"":""cnn-dualbranch-datasheet-v1-unbound"",""scalerProfileId"":""cnn-dualbranch-datasheet-v1-unbound"",""productionApproved"":true,""boundNullingProfileId"":8,""activeNullingProfileId"":9,""bindingValid"":true,""bindingModelMatches"":true,""profileReady"":false,""inferenceValid"":false,""sensorFault"":true},""lora"":{""beginState"":0,""lastTxState"":0,""lastTxOk"":false,""txSeq"":0,""txCounter"":0,""aesKeyProvisioned"":true,""aesKeyPresent"":true,""aesKeySource"":""nvs"",""keyId"":1,""lastDownlinkCommandId"":0,""freqMHz"":920,""bwKHz"":125,""sf"":7,""cr"":5,""syncWord"":18,""txPowerDbm"":17,""preamble"":8,""tcxoVoltage"":1.600000024,""xtalVoltage"":0},""dataset"":{""state"":""idle"",""step"":""idle"",""label"":"""",""seq"":0,""targetSamples"":0,""sampleIntervalMs"":500,""maxDurationMs"":0,""useFanIntake"":true,""fanOnMs"":1000,""postFanSettleMs"":0,""nullingProfileId"":9,""queuePending"":0,""queueCapacity"":16,""queueEnqueued"":0,""queueDropped"":0,""publishFailCount"":0,""retryCount"":0,""retryFailCount"":0,""rejectedSamples"":0,""lastRejectReason"":""none"",""lastRejectChannel"":-1,""lastRejectOkFiniteCount"":0,""lastRejectStatus"":255,""lastRejectGain"":0,""lastRejectSaturated"":false},""recovery"":{""wifiReconnectCount"":0,""wifiReconnectFailCount"":0,""mqttReconnectCount"":0,""mqttConnectFailCount"":0,""lastMqttState"":0,""adsRecoveryCount"":0,""adsRecoveryFailCount"":0,""adsReadFailStreak"":0,""lastReason"":""none"",""lastRecoveryMs"":0,""bootRecoveryArmed"":false,""bootRecoveryDueMs"":0,""bootRecoveryReason"":""none"",""bootRecoveryNonAdsFailure"":false,""bootRecoveryRestartCount"":0},""nulling"":{""done"":false,""retryArmed"":false,""attemptCount"":0,""nextRetryMs"":0,""thresholdV"":9.999999747E-06,""minFinalV"":0},""telemetry"":{""valid"":true,""sampleMs"":6687282,""gasClass"":6,""gasName"":""CO2"",""confidence"":0,""alarm"":false,""sensorVoltage"":[0.114618406,0.004130996,0.004872337,-0.002699643,-0.009499665,-0.011600723,-0.019657731,-0.025314394],""sensorGain"":[32,64,64,64,64,64,64,64],""sensorStatus"":[0,0,0,0,0,0,0,0],""featureOrder"":[""MQ8"",""MQ135"",""MQ3"",""MQ5"",""MQ4"",""MQ7"",""MQ6"",""MQ2""]},""alarmLatched"":false}"
2026-08-04 11:12:32.039 +07:00,310.919,HOT_SWEEP_70,70,700,300,1,0,0.114957176,0.004085503,0.00489898,-0.002724114,-0.009444703,-0.011641364,-0.019211126,-0.024774801,"{""deviceId"":""1001"",""nodeId"":4097,""targetChId"":""0010"",""mode"":""inference"",""uptimeMs"":6688373,""debugEnabled"":true,""power"":{""mode"":""24v"",""externalPower"":true,""batteryMv"":65535,""batteryValid"":false,""batteryDetected"":false,""batterySenseStatus"":""not_detected"",""batteryLow"":false,""batteryCritical"":false,""sourceAmbiguous"":false,""serviceHoldActive"":false,""serviceHoldEffective"":false},""batterySession"":{""state"":""inactive"",""startedMs"":0,""stateStartedMs"":0,""validSampleBatches"":0,""requiredSampleBatches"":10,""alarmTxAttempts"":0,""alarmTxAttemptLimit"":3,""alarmAckReceived"":false,""pendingAlarm"":false,""pendingSaveRequired"":false,""persistenceFaultHold"":false,""completionReason"":""session_done""},""bootHealth"":{""adsReady"":true,""adsDrdyLevel"":0,""adsDrdyPulldownLevel"":0,""adsDrdyPullupLevel"":0,""adsMisoPulldownLevel"":0,""adsMisoPullupLevel"":1,""adsCsLevel"":1,""adsSyncLevel"":1,""adsStatus"":54,""adsMux"":15,""adsAdcon"":6,""adsDrate"":240,""adsReason"":""ok"",""tcaOk"":true,""mcpOkCount"":8,""mcpOk"":[true,true,true,true,true,true,true,true],""mcpAddrMask"":[1,1,1,1,1,1,1,1],""mcpControlTested"":true,""mcpControlOkCount"":8,""mcpControlOk"":[true,true,true,true,true,true,true,true],""dacReady"":true,""radioReady"":true,""mlReady"":true,""nullingProfileApplied"":true,""modelProfileReady"":false},""runtimeMcpCode"":[255,519,795,706,799,865,665,139],""model"":{""profileId"":""cnn-dualbranch-datasheet-v1-unbound"",""scalerProfileId"":""cnn-dualbranch-datasheet-v1-unbound"",""productionApproved"":true,""boundNullingProfileId"":8,""activeNullingProfileId"":9,""bindingValid"":true,""bindingModelMatches"":true,""profileReady"":false,""inferenceValid"":false,""sensorFault"":true},""lora"":{""beginState"":0,""lastTxState"":0,""lastTxOk"":false,""txSeq"":0,""txCounter"":0,""aesKeyProvisioned"":true,""aesKeyPresent"":true,""aesKeySource"":""nvs"",""keyId"":1,""lastDownlinkCommandId"":0,""freqMHz"":920,""bwKHz"":125,""sf"":7,""cr"":5,""syncWord"":18,""txPowerDbm"":17,""preamble"":8,""tcxoVoltage"":1.600000024,""xtalVoltage"":0},""dataset"":{""state"":""idle"",""step"":""idle"",""label"":"""",""seq"":0,""targetSamples"":0,""sampleIntervalMs"":500,""maxDurationMs"":0,""useFanIntake"":true,""fanOnMs"":1000,""postFanSettleMs"":0,""nullingProfileId"":9,""queuePending"":0,""queueCapacity"":16,""queueEnqueued"":0,""queueDropped"":0,""publishFailCount"":0,""retryCount"":0,""retryFailCount"":0,""rejectedSamples"":0,""lastRejectReason"":""none"",""lastRejectChannel"":-1,""lastRejectOkFiniteCount"":0,""lastRejectStatus"":255,""lastRejectGain"":0,""lastRejectSaturated"":false},""recovery"":{""wifiReconnectCount"":0,""wifiReconnectFailCount"":0,""mqttReconnectCount"":0,""mqttConnectFailCount"":0,""lastMqttState"":0,""adsRecoveryCount"":0,""adsRecoveryFailCount"":0,""adsReadFailStreak"":0,""lastReason"":""none"",""lastRecoveryMs"":0,""bootRecoveryArmed"":false,""bootRecoveryDueMs"":0,""bootRecoveryReason"":""none"",""bootRecoveryNonAdsFailure"":false,""bootRecoveryRestartCount"":0},""nulling"":{""done"":false,""retryArmed"":false,""attemptCount"":0,""nextRetryMs"":0,""thresholdV"":9.999999747E-06,""minFinalV"":0},""telemetry"":{""valid"":true,""sampleMs"":6687999,""gasClass"":6,""gasName"":""CO2"",""confidence"":0,""alarm"":false,""sensorVoltage"":[0.114957176,0.004085503,0.00489898,-0.002724114,-0.009444703,-0.011641364,-0.019211126,-0.024774801],""sensorGain"":[32,64,64,64,64,64,64,64],""sensorStatus"":[0,0,0,0,0,0,0,0],""featureOrder"":[""MQ8"",""MQ135"",""MQ3"",""MQ5"",""MQ4"",""MQ7"",""MQ6"",""MQ2""]},""alarmLatched"":false}"
2026-08-04 11:12:32.720 +07:00,311.591,HOT_SWEEP_70,70,700,300,1,0,0.114256285,0.004096847,0.004953943,-0.002715174,-0.009439725,-0.011645605,-0.019578431,-0.025248086,"{""deviceId"":""1001"",""nodeId"":4097,""targetChId"":""0010"",""mode"":""inference"",""uptimeMs"":6689054,""debugEnabled"":true,""power"":{""mode"":""24v"",""externalPower"":true,""batteryMv"":65535,""batteryValid"":false,""batteryDetected"":false,""batterySenseStatus"":""not_detected"",""batteryLow"":false,""batteryCritical"":false,""sourceAmbiguous"":false,""serviceHoldActive"":false,""serviceHoldEffective"":false},""batterySession"":{""state"":""inactive"",""startedMs"":0,""stateStartedMs"":0,""validSampleBatches"":0,""requiredSampleBatches"":10,""alarmTxAttempts"":0,""alarmTxAttemptLimit"":3,""alarmAckReceived"":false,""pendingAlarm"":false,""pendingSaveRequired"":false,""persistenceFaultHold"":false,""completionReason"":""session_done""},""bootHealth"":{""adsReady"":true,""adsDrdyLevel"":0,""adsDrdyPulldownLevel"":0,""adsDrdyPullupLevel"":0,""adsMisoPulldownLevel"":0,""adsMisoPullupLevel"":1,""adsCsLevel"":1,""adsSyncLevel"":1,""adsStatus"":54,""adsMux"":15,""adsAdcon"":6,""adsDrate"":240,""adsReason"":""ok"",""tcaOk"":true,""mcpOkCount"":8,""mcpOk"":[true,true,true,true,true,true,true,true],""mcpAddrMask"":[1,1,1,1,1,1,1,1],""mcpControlTested"":true,""mcpControlOkCount"":8,""mcpControlOk"":[true,true,true,true,true,true,true,true],""dacReady"":true,""radioReady"":true,""mlReady"":true,""nullingProfileApplied"":true,""modelProfileReady"":false},""runtimeMcpCode"":[255,519,795,706,799,865,665,139],""model"":{""profileId"":""cnn-dualbranch-datasheet-v1-unbound"",""scalerProfileId"":""cnn-dualbranch-datasheet-v1-unbound"",""productionApproved"":true,""boundNullingProfileId"":8,""activeNullingProfileId"":9,""bindingValid"":true,""bindingModelMatches"":true,""profileReady"":false,""inferenceValid"":false,""sensorFault"":true},""lora"":{""beginState"":0,""lastTxState"":0,""lastTxOk"":false,""txSeq"":0,""txCounter"":0,""aesKeyProvisioned"":true,""aesKeyPresent"":true,""aesKeySource"":""nvs"",""keyId"":1,""lastDownlinkCommandId"":0,""freqMHz"":920,""bwKHz"":125,""sf"":7,""cr"":5,""syncWord"":18,""txPowerDbm"":17,""preamble"":8,""tcxoVoltage"":1.600000024,""xtalVoltage"":0},""dataset"":{""state"":""idle"",""step"":""idle"",""label"":"""",""seq"":0,""targetSamples"":0,""sampleIntervalMs"":500,""maxDurationMs"":0,""useFanIntake"":true,""fanOnMs"":1000,""postFanSettleMs"":0,""nullingProfileId"":9,""queuePending"":0,""queueCapacity"":16,""queueEnqueued"":0,""queueDropped"":0,""publishFailCount"":0,""retryCount"":0,""retryFailCount"":0,""rejectedSamples"":0,""lastRejectReason"":""none"",""lastRejectChannel"":-1,""lastRejectOkFiniteCount"":0,""lastRejectStatus"":255,""lastRejectGain"":0,""lastRejectSaturated"":false},""recovery"":{""wifiReconnectCount"":0,""wifiReconnectFailCount"":0,""mqttReconnectCount"":0,""mqttConnectFailCount"":0,""lastMqttState"":0,""adsRecoveryCount"":0,""adsRecoveryFailCount"":0,""adsReadFailStreak"":0,""lastReason"":""none"",""lastRecoveryMs"":0,""bootRecoveryArmed"":false,""bootRecoveryDueMs"":0,""bootRecoveryReason"":""none"",""bootRecoveryNonAdsFailure"":false,""bootRecoveryRestartCount"":0},""nulling"":{""done"":false,""retryArmed"":false,""attemptCount"":0,""nextRetryMs"":0,""thresholdV"":9.999999747E-06,""minFinalV"":0},""telemetry"":{""valid"":true,""sampleMs"":6688651,""gasClass"":6,""gasName"":""CO2"",""confidence"":0,""alarm"":false,""sensorVoltage"":[0.114256285,0.004096847,0.004953943,-0.002715174,-0.009439725,-0.011645605,-0.019578431,-0.025248086],""sensorGain"":[32,64,64,64,64,64,64,64],""sensorStatus"":[0,0,0,0,0,0,0,0],""featureOrder"":[""MQ8"",""MQ135"",""MQ3"",""MQ5"",""MQ4"",""MQ7"",""MQ6"",""MQ2""]},""alarmLatched"":false}"
2026-08-04 11:12:33.411 +07:00,312.292,HOT_SWEEP_70,70,700,300,1,0,0.114034966,0.004078111,0.004952821,-0.002725805,-0.009426838,-0.011638349,-0.019628154,-0.025169667,"{""deviceId"":""1001"",""nodeId"":4097,""targetChId"":""0010"",""mode"":""inference"",""uptimeMs"":6689751,""debugEnabled"":true,""power"":{""mode"":""24v"",""externalPower"":true,""batteryMv"":65535,""batteryValid"":false,""batteryDetected"":false,""batterySenseStatus"":""not_detected"",""batteryLow"":false,""batteryCritical"":false,""sourceAmbiguous"":false,""serviceHoldActive"":false,""serviceHoldEffective"":false},""batterySession"":{""state"":""inactive"",""startedMs"":0,""stateStartedMs"":0,""validSampleBatches"":0,""requiredSampleBatches"":10,""alarmTxAttempts"":0,""alarmTxAttemptLimit"":3,""alarmAckReceived"":false,""pendingAlarm"":false,""pendingSaveRequired"":false,""persistenceFaultHold"":false,""completionReason"":""session_done""},""bootHealth"":{""adsReady"":true,""adsDrdyLevel"":0,""adsDrdyPulldownLevel"":0,""adsDrdyPullupLevel"":0,""adsMisoPulldownLevel"":0,""adsMisoPullupLevel"":1,""adsCsLevel"":1,""adsSyncLevel"":1,""adsStatus"":54,""adsMux"":15,""adsAdcon"":6,""adsDrate"":240,""adsReason"":""ok"",""tcaOk"":true,""mcpOkCount"":8,""mcpOk"":[true,true,true,true,true,true,true,true],""mcpAddrMask"":[1,1,1,1,1,1,1,1],""mcpControlTested"":true,""mcpControlOkCount"":8,""mcpControlOk"":[true,true,true,true,true,true,true,true],""dacReady"":true,""radioReady"":true,""mlReady"":true,""nullingProfileApplied"":true,""modelProfileReady"":false},""runtimeMcpCode"":[255,519,795,706,799,865,665,139],""model"":{""profileId"":""cnn-dualbranch-datasheet-v1-unbound"",""scalerProfileId"":""cnn-dualbranch-datasheet-v1-unbound"",""productionApproved"":true,""boundNullingProfileId"":8,""activeNullingProfileId"":9,""bindingValid"":true,""bindingModelMatches"":true,""profileReady"":false,""inferenceValid"":false,""sensorFault"":true},""lora"":{""beginState"":0,""lastTxState"":0,""lastTxOk"":false,""txSeq"":0,""txCounter"":0,""aesKeyProvisioned"":true,""aesKeyPresent"":true,""aesKeySource"":""nvs"",""keyId"":1,""lastDownlinkCommandId"":0,""freqMHz"":920,""bwKHz"":125,""sf"":7,""cr"":5,""syncWord"":18,""txPowerDbm"":17,""preamble"":8,""tcxoVoltage"":1.600000024,""xtalVoltage"":0},""dataset"":{""state"":""idle"",""step"":""idle"",""label"":"""",""seq"":0,""targetSamples"":0,""sampleIntervalMs"":500,""maxDurationMs"":0,""useFanIntake"":true,""fanOnMs"":1000,""postFanSettleMs"":0,""nullingProfileId"":9,""queuePending"":0,""queueCapacity"":16,""queueEnqueued"":0,""queueDropped"":0,""publishFailCount"":0,""retryCount"":0,""retryFailCount"":0,""rejectedSamples"":0,""lastRejectReason"":""none"",""lastRejectChannel"":-1,""lastRejectOkFiniteCount"":0,""lastRejectStatus"":255,""lastRejectGain"":0,""lastRejectSaturated"":false},""recovery"":{""wifiReconnectCount"":0,""wifiReconnectFailCount"":0,""mqttReconnectCount"":0,""mqttConnectFailCount"":0,""lastMqttState"":0,""adsRecoveryCount"":0,""adsRecoveryFailCount"":0,""adsReadFailStreak"":0,""lastReason"":""none"",""lastRecoveryMs"":0,""bootRecoveryArmed"":false,""bootRecoveryDueMs"":0,""bootRecoveryReason"":""none"",""bootRecoveryNonAdsFailure"":false,""bootRecoveryRestartCount"":0},""nulling"":{""done"":false,""retryArmed"":false,""attemptCount"":0,""nextRetryMs"":0,""thresholdV"":9.999999747E-06,""minFinalV"":0},""telemetry"":{""valid"":true,""sampleMs"":6689337,""gasClass"":6,""gasName"":""CO2"",""confidence"":0,""alarm"":false,""sensorVoltage"":[0.114034966,0.004078111,0.004952821,-0.002725805,-0.009426838,-0.011638349,-0.019628154,-0.025169667],""sensorGain"":[32,64,64,64,64,64,64,64],""sensorStatus"":[0,0,0,0,0,0,0,0],""featureOrder"":[""MQ8"",""MQ135"",""MQ3"",""MQ5"",""MQ4"",""MQ7"",""MQ6"",""MQ2""]},""alarmLatched"":false}"
2026-08-04 11:12:34.103 +07:00,312.982,HOT_SWEEP_70,70,700,300,1,0,0.114605986,0.004084669,0.004957383,-0.002783243,-0.009193803,-0.011345212,-0.019261733,-0.024714923,"{""deviceId"":""1001"",""nodeId"":4097,""targetChId"":""0010"",""mode"":""inference"",""uptimeMs"":6690436,""debugEnabled"":true,""power"":{""mode"":""24v"",""externalPower"":true,""batteryMv"":65535,""batteryValid"":false,""batteryDetected"":false,""batterySenseStatus"":""not_detected"",""batteryLow"":false,""batteryCritical"":false,""sourceAmbiguous"":false,""serviceHoldActive"":false,""serviceHoldEffective"":false},""batterySession"":{""state"":""inactive"",""startedMs"":0,""stateStartedMs"":0,""validSampleBatches"":0,""requiredSampleBatches"":10,""alarmTxAttempts"":0,""alarmTxAttemptLimit"":3,""alarmAckReceived"":false,""pendingAlarm"":false,""pendingSaveRequired"":false,""persistenceFaultHold"":false,""completionReason"":""session_done""},""bootHealth"":{""adsReady"":true,""adsDrdyLevel"":0,""adsDrdyPulldownLevel"":0,""adsDrdyPullupLevel"":0,""adsMisoPulldownLevel"":0,""adsMisoPullupLevel"":1,""adsCsLevel"":1,""adsSyncLevel"":1,""adsStatus"":54,""adsMux"":15,""adsAdcon"":6,""adsDrate"":240,""adsReason"":""ok"",""tcaOk"":true,""mcpOkCount"":8,""mcpOk"":[true,true,true,true,true,true,true,true],""mcpAddrMask"":[1,1,1,1,1,1,1,1],""mcpControlTested"":true,""mcpControlOkCount"":8,""mcpControlOk"":[true,true,true,true,true,true,true,true],""dacReady"":true,""radioReady"":true,""mlReady"":true,""nullingProfileApplied"":true,""modelProfileReady"":false},""runtimeMcpCode"":[255,519,795,706,799,865,665,139],""model"":{""profileId"":""cnn-dualbranch-datasheet-v1-unbound"",""scalerProfileId"":""cnn-dualbranch-datasheet-v1-unbound"",""productionApproved"":true,""boundNullingProfileId"":8,""activeNullingProfileId"":9,""bindingValid"":true,""bindingModelMatches"":true,""profileReady"":false,""inferenceValid"":false,""sensorFault"":true},""lora"":{""beginState"":0,""lastTxState"":0,""lastTxOk"":false,""txSeq"":0,""txCounter"":0,""aesKeyProvisioned"":true,""aesKeyPresent"":true,""aesKeySource"":""nvs"",""keyId"":1,""lastDownlinkCommandId"":0,""freqMHz"":920,""bwKHz"":125,""sf"":7,""cr"":5,""syncWord"":18,""txPowerDbm"":17,""preamble"":8,""tcxoVoltage"":1.600000024,""xtalVoltage"":0},""dataset"":{""state"":""idle"",""step"":""idle"",""label"":"""",""seq"":0,""targetSamples"":0,""sampleIntervalMs"":500,""maxDurationMs"":0,""useFanIntake"":true,""fanOnMs"":1000,""postFanSettleMs"":0,""nullingProfileId"":9,""queuePending"":0,""queueCapacity"":16,""queueEnqueued"":0,""queueDropped"":0,""publishFailCount"":0,""retryCount"":0,""retryFailCount"":0,""rejectedSamples"":0,""lastRejectReason"":""none"",""lastRejectChannel"":-1,""lastRejectOkFiniteCount"":0,""lastRejectStatus"":255,""lastRejectGain"":0,""lastRejectSaturated"":false},""recovery"":{""wifiReconnectCount"":0,""wifiReconnectFailCount"":0,""mqttReconnectCount"":0,""mqttConnectFailCount"":0,""lastMqttState"":0,""adsRecoveryCount"":0,""adsRecoveryFailCount"":0,""adsReadFailStreak"":0,""lastReason"":""none"",""lastRecoveryMs"":0,""bootRecoveryArmed"":false,""bootRecoveryDueMs"":0,""bootRecoveryReason"":""none"",""bootRecoveryNonAdsFailure"":false,""bootRecoveryRestartCount"":0},""nulling"":{""done"":false,""retryArmed"":false,""attemptCount"":0,""nextRetryMs"":0,""thresholdV"":9.999999747E-06,""minFinalV"":0},""telemetry"":{""valid"":true,""sampleMs"":6690061,""gasClass"":6,""gasName"":""CO2"",""confidence"":0,""alarm"":false,""sensorVoltage"":[0.114605986,0.004084669,0.004957383,-0.002783243,-0.009193803,-0.011345212,-0.019261733,-0.024714923],""sensorGain"":[32,64,64,64,64,64,64,64],""sensorStatus"":[0,0,0,0,0,0,0,0],""featureOrder"":[""MQ8"",""MQ135"",""MQ3"",""MQ5"",""MQ4"",""MQ7"",""MQ6"",""MQ2""]},""alarmLatched"":false}"
2026-08-04 11:12:34.779 +07:00,313.660,HOT_SWEEP_70,70,700,300,1,0,0.114107765,0.00400413,0.004916231,-0.002767809,-0.009354874,-0.011616485,-0.019632393,-0.025192251,"{""deviceId"":""1001"",""nodeId"":4097,""targetChId"":""0010"",""mode"":""inference"",""uptimeMs"":6691121,""debugEnabled"":true,""power"":{""mode"":""24v"",""externalPower"":true,""batteryMv"":65535,""batteryValid"":false,""batteryDetected"":false,""batterySenseStatus"":""not_detected"",""batteryLow"":false,""batteryCritical"":false,""sourceAmbiguous"":false,""serviceHoldActive"":false,""serviceHoldEffective"":false},""batterySession"":{""state"":""inactive"",""startedMs"":0,""stateStartedMs"":0,""validSampleBatches"":0,""requiredSampleBatches"":10,""alarmTxAttempts"":0,""alarmTxAttemptLimit"":3,""alarmAckReceived"":false,""pendingAlarm"":false,""pendingSaveRequired"":false,""persistenceFaultHold"":false,""completionReason"":""session_done""},""bootHealth"":{""adsReady"":true,""adsDrdyLevel"":0,""adsDrdyPulldownLevel"":0,""adsDrdyPullupLevel"":0,""adsMisoPulldownLevel"":0,""adsMisoPullupLevel"":1,""adsCsLevel"":1,""adsSyncLevel"":1,""adsStatus"":54,""adsMux"":15,""adsAdcon"":6,""adsDrate"":240,""adsReason"":""ok"",""tcaOk"":true,""mcpOkCount"":8,""mcpOk"":[true,true,true,true,true,true,true,true],""mcpAddrMask"":[1,1,1,1,1,1,1,1],""mcpControlTested"":true,""mcpControlOkCount"":8,""mcpControlOk"":[true,true,true,true,true,true,true,true],""dacReady"":true,""radioReady"":true,""mlReady"":true,""nullingProfileApplied"":true,""modelProfileReady"":false},""runtimeMcpCode"":[255,519,795,706,799,865,665,139],""model"":{""profileId"":""cnn-dualbranch-datasheet-v1-unbound"",""scalerProfileId"":""cnn-dualbranch-datasheet-v1-unbound"",""productionApproved"":true,""boundNullingProfileId"":8,""activeNullingProfileId"":9,""bindingValid"":true,""bindingModelMatches"":true,""profileReady"":false,""inferenceValid"":false,""sensorFault"":true},""lora"":{""beginState"":0,""lastTxState"":0,""lastTxOk"":false,""txSeq"":0,""txCounter"":0,""aesKeyProvisioned"":true,""aesKeyPresent"":true,""aesKeySource"":""nvs"",""keyId"":1,""lastDownlinkCommandId"":0,""freqMHz"":920,""bwKHz"":125,""sf"":7,""cr"":5,""syncWord"":18,""txPowerDbm"":17,""preamble"":8,""tcxoVoltage"":1.600000024,""xtalVoltage"":0},""dataset"":{""state"":""idle"",""step"":""idle"",""label"":"""",""seq"":0,""targetSamples"":0,""sampleIntervalMs"":500,""maxDurationMs"":0,""useFanIntake"":true,""fanOnMs"":1000,""postFanSettleMs"":0,""nullingProfileId"":9,""queuePending"":0,""queueCapacity"":16,""queueEnqueued"":0,""queueDropped"":0,""publishFailCount"":0,""retryCount"":0,""retryFailCount"":0,""rejectedSamples"":0,""lastRejectReason"":""none"",""lastRejectChannel"":-1,""lastRejectOkFiniteCount"":0,""lastRejectStatus"":255,""lastRejectGain"":0,""lastRejectSaturated"":false},""recovery"":{""wifiReconnectCount"":0,""wifiReconnectFailCount"":0,""mqttReconnectCount"":0,""mqttConnectFailCount"":0,""lastMqttState"":0,""adsRecoveryCount"":0,""adsRecoveryFailCount"":0,""adsReadFailStreak"":0,""lastReason"":""none"",""lastRecoveryMs"":0,""bootRecoveryArmed"":false,""bootRecoveryDueMs"":0,""bootRecoveryReason"":""none"",""bootRecoveryNonAdsFailure"":false,""bootRecoveryRestartCount"":0},""nulling"":{""done"":false,""retryArmed"":false,""attemptCount"":0,""nextRetryMs"":0,""thresholdV"":9.999999747E-06,""minFinalV"":0},""telemetry"":{""valid"":true,""sampleMs"":6690714,""gasClass"":6,""gasName"":""CO2"",""confidence"":0,""alarm"":false,""sensorVoltage"":[0.114107765,0.00400413,0.004916231,-0.002767809,-0.009354874,-0.011616485,-0.019632393,-0.025192251],""sensorGain"":[32,64,64,64,64,64,64,64],""sensorStatus"":[0,0,0,0,0,0,0,0],""featureOrder"":[""MQ8"",""MQ135"",""MQ3"",""MQ5"",""MQ4"",""MQ7"",""MQ6"",""MQ2""]},""alarmLatched"":false}"
2026-08-04 11:12:35.471 +07:00,314.342,HOT_SWEEP_70,70,700,300,1,0,0.113603912,0.003994049,0.004931893,-0.002739567,-0.009315998,-0.011625617,-0.019550312,-0.025179148,"{""deviceId"":""1001"",""nodeId"":4097,""targetChId"":""0010"",""mode"":""inference"",""uptimeMs"":6691804,""debugEnabled"":true,""power"":{""mode"":""24v"",""externalPower"":true,""batteryMv"":65535,""batteryValid"":false,""batteryDetected"":false,""batterySenseStatus"":""not_detected"",""batteryLow"":false,""batteryCritical"":false,""sourceAmbiguous"":false,""serviceHoldActive"":false,""serviceHoldEffective"":false},""batterySession"":{""state"":""inactive"",""startedMs"":0,""stateStartedMs"":0,""validSampleBatches"":0,""requiredSampleBatches"":10,""alarmTxAttempts"":0,""alarmTxAttemptLimit"":3,""alarmAckReceived"":false,""pendingAlarm"":false,""pendingSaveRequired"":false,""persistenceFaultHold"":false,""completionReason"":""session_done""},""bootHealth"":{""adsReady"":true,""adsDrdyLevel"":0,""adsDrdyPulldownLevel"":0,""adsDrdyPullupLevel"":0,""adsMisoPulldownLevel"":0,""adsMisoPullupLevel"":1,""adsCsLevel"":1,""adsSyncLevel"":1,""adsStatus"":54,""adsMux"":15,""adsAdcon"":6,""adsDrate"":240,""adsReason"":""ok"",""tcaOk"":true,""mcpOkCount"":8,""mcpOk"":[true,true,true,true,true,true,true,true],""mcpAddrMask"":[1,1,1,1,1,1,1,1],""mcpControlTested"":true,""mcpControlOkCount"":8,""mcpControlOk"":[true,true,true,true,true,true,true,true],""dacReady"":true,""radioReady"":true,""mlReady"":true,""nullingProfileApplied"":true,""modelProfileReady"":false},""runtimeMcpCode"":[255,519,795,706,799,865,665,139],""model"":{""profileId"":""cnn-dualbranch-datasheet-v1-unbound"",""scalerProfileId"":""cnn-dualbranch-datasheet-v1-unbound"",""productionApproved"":true,""boundNullingProfileId"":8,""activeNullingProfileId"":9,""bindingValid"":true,""bindingModelMatches"":true,""profileReady"":false,""inferenceValid"":false,""sensorFault"":true},""lora"":{""beginState"":0,""lastTxState"":0,""lastTxOk"":false,""txSeq"":0,""txCounter"":0,""aesKeyProvisioned"":true,""aesKeyPresent"":true,""aesKeySource"":""nvs"",""keyId"":1,""lastDownlinkCommandId"":0,""freqMHz"":920,""bwKHz"":125,""sf"":7,""cr"":5,""syncWord"":18,""txPowerDbm"":17,""preamble"":8,""tcxoVoltage"":1.600000024,""xtalVoltage"":0},""dataset"":{""state"":""idle"",""step"":""idle"",""label"":"""",""seq"":0,""targetSamples"":0,""sampleIntervalMs"":500,""maxDurationMs"":0,""useFanIntake"":true,""fanOnMs"":1000,""postFanSettleMs"":0,""nullingProfileId"":9,""queuePending"":0,""queueCapacity"":16,""queueEnqueued"":0,""queueDropped"":0,""publishFailCount"":0,""retryCount"":0,""retryFailCount"":0,""rejectedSamples"":0,""lastRejectReason"":""none"",""lastRejectChannel"":-1,""lastRejectOkFiniteCount"":0,""lastRejectStatus"":255,""lastRejectGain"":0,""lastRejectSaturated"":false},""recovery"":{""wifiReconnectCount"":0,""wifiReconnectFailCount"":0,""mqttReconnectCount"":0,""mqttConnectFailCount"":0,""lastMqttState"":0,""adsRecoveryCount"":0,""adsRecoveryFailCount"":0,""adsReadFailStreak"":0,""lastReason"":""none"",""lastRecoveryMs"":0,""bootRecoveryArmed"":false,""bootRecoveryDueMs"":0,""bootRecoveryReason"":""none"",""bootRecoveryNonAdsFailure"":false,""bootRecoveryRestartCount"":0},""nulling"":{""done"":false,""retryArmed"":false,""attemptCount"":0,""nextRetryMs"":0,""thresholdV"":9.999999747E-06,""minFinalV"":0},""telemetry"":{""valid"":true,""sampleMs"":6691399,""gasClass"":6,""gasName"":""CO2"",""confidence"":0,""alarm"":false,""sensorVoltage"":[0.113603912,0.003994049,0.004931893,-0.002739567,-0.009315998,-0.011625617,-0.019550312,-0.025179148],""sensorGain"":[32,64,64,64,64,64,64,64],""sensorStatus"":[0,0,0,0,0,0,0,0],""featureOrder"":[""MQ8"",""MQ135"",""MQ3"",""MQ5"",""MQ4"",""MQ7"",""MQ6"",""MQ2""]},""alarmLatched"":false}"
2026-08-04 11:12:36.165 +07:00,315.045,HOT_SWEEP_70,70,700,300,1,0,0.114270404,0.003941643,0.004906789,-0.002769964,-0.009047606,-0.011348197,-0.019532604,-0.025193501,"{""deviceId"":""1001"",""nodeId"":4097,""targetChId"":""0010"",""mode"":""inference"",""uptimeMs"":6692499,""debugEnabled"":true,""power"":{""mode"":""24v"",""externalPower"":true,""batteryMv"":65535,""batteryValid"":false,""batteryDetected"":false,""batterySenseStatus"":""not_detected"",""batteryLow"":false,""batteryCritical"":false,""sourceAmbiguous"":false,""serviceHoldActive"":false,""serviceHoldEffective"":false},""batterySession"":{""state"":""inactive"",""startedMs"":0,""stateStartedMs"":0,""validSampleBatches"":0,""requiredSampleBatches"":10,""alarmTxAttempts"":0,""alarmTxAttemptLimit"":3,""alarmAckReceived"":false,""pendingAlarm"":false,""pendingSaveRequired"":false,""persistenceFaultHold"":false,""completionReason"":""session_done""},""bootHealth"":{""adsReady"":true,""adsDrdyLevel"":0,""adsDrdyPulldownLevel"":0,""adsDrdyPullupLevel"":0,""adsMisoPulldownLevel"":0,""adsMisoPullupLevel"":1,""adsCsLevel"":1,""adsSyncLevel"":1,""adsStatus"":54,""adsMux"":15,""adsAdcon"":6,""adsDrate"":240,""adsReason"":""ok"",""tcaOk"":true,""mcpOkCount"":8,""mcpOk"":[true,true,true,true,true,true,true,true],""mcpAddrMask"":[1,1,1,1,1,1,1,1],""mcpControlTested"":true,""mcpControlOkCount"":8,""mcpControlOk"":[true,true,true,true,true,true,true,true],""dacReady"":true,""radioReady"":true,""mlReady"":true,""nullingProfileApplied"":true,""modelProfileReady"":false},""runtimeMcpCode"":[255,519,795,706,799,865,665,139],""model"":{""profileId"":""cnn-dualbranch-datasheet-v1-unbound"",""scalerProfileId"":""cnn-dualbranch-datasheet-v1-unbound"",""productionApproved"":true,""boundNullingProfileId"":8,""activeNullingProfileId"":9,""bindingValid"":true,""bindingModelMatches"":true,""profileReady"":false,""inferenceValid"":false,""sensorFault"":true},""lora"":{""beginState"":0,""lastTxState"":0,""lastTxOk"":false,""txSeq"":0,""txCounter"":0,""aesKeyProvisioned"":true,""aesKeyPresent"":true,""aesKeySource"":""nvs"",""keyId"":1,""lastDownlinkCommandId"":0,""freqMHz"":920,""bwKHz"":125,""sf"":7,""cr"":5,""syncWord"":18,""txPowerDbm"":17,""preamble"":8,""tcxoVoltage"":1.600000024,""xtalVoltage"":0},""dataset"":{""state"":""idle"",""step"":""idle"",""label"":"""",""seq"":0,""targetSamples"":0,""sampleIntervalMs"":500,""maxDurationMs"":0,""useFanIntake"":true,""fanOnMs"":1000,""postFanSettleMs"":0,""nullingProfileId"":9,""queuePending"":0,""queueCapacity"":16,""queueEnqueued"":0,""queueDropped"":0,""publishFailCount"":0,""retryCount"":0,""retryFailCount"":0,""rejectedSamples"":0,""lastRejectReason"":""none"",""lastRejectChannel"":-1,""lastRejectOkFiniteCount"":0,""lastRejectStatus"":255,""lastRejectGain"":0,""lastRejectSaturated"":false},""recovery"":{""wifiReconnectCount"":0,""wifiReconnectFailCount"":0,""mqttReconnectCount"":0,""mqttConnectFailCount"":0,""lastMqttState"":0,""adsRecoveryCount"":0,""adsRecoveryFailCount"":0,""adsReadFailStreak"":0,""lastReason"":""none"",""lastRecoveryMs"":0,""bootRecoveryArmed"":false,""bootRecoveryDueMs"":0,""bootRecoveryReason"":""none"",""bootRecoveryNonAdsFailure"":false,""bootRecoveryRestartCount"":0},""nulling"":{""done"":false,""retryArmed"":false,""attemptCount"":0,""nextRetryMs"":0,""thresholdV"":9.999999747E-06,""minFinalV"":0},""telemetry"":{""valid"":true,""sampleMs"":6692114,""gasClass"":6,""gasName"":""CO2"",""confidence"":0,""alarm"":false,""sensorVoltage"":[0.114270404,0.003941643,0.004906789,-0.002769964,-0.009047606,-0.011348197,-0.019532604,-0.025193501],""sensorGain"":[32,64,64,64,64,64,64,64],""sensorStatus"":[0,0,0,0,0,0,0,0],""featureOrder"":[""MQ8"",""MQ135"",""MQ3"",""MQ5"",""MQ4"",""MQ7"",""MQ6"",""MQ2""]},""alarmLatched"":false}"
2026-08-04 11:12:36.844 +07:00,315.725,HOT_SWEEP_70,70,700,300,1,0,0.113686621,0.003944046,0.004954069,-0.00273502,-0.009293314,-0.011604701,-0.019918572,-0.025641397,"{""deviceId"":""1001"",""nodeId"":4097,""targetChId"":""0010"",""mode"":""inference"",""uptimeMs"":6693185,""debugEnabled"":true,""power"":{""mode"":""24v"",""externalPower"":true,""batteryMv"":65535,""batteryValid"":false,""batteryDetected"":false,""batterySenseStatus"":""not_detected"",""batteryLow"":false,""batteryCritical"":false,""sourceAmbiguous"":false,""serviceHoldActive"":false,""serviceHoldEffective"":false},""batterySession"":{""state"":""inactive"",""startedMs"":0,""stateStartedMs"":0,""validSampleBatches"":0,""requiredSampleBatches"":10,""alarmTxAttempts"":0,""alarmTxAttemptLimit"":3,""alarmAckReceived"":false,""pendingAlarm"":false,""pendingSaveRequired"":false,""persistenceFaultHold"":false,""completionReason"":""session_done""},""bootHealth"":{""adsReady"":true,""adsDrdyLevel"":0,""adsDrdyPulldownLevel"":0,""adsDrdyPullupLevel"":0,""adsMisoPulldownLevel"":0,""adsMisoPullupLevel"":1,""adsCsLevel"":1,""adsSyncLevel"":1,""adsStatus"":54,""adsMux"":15,""adsAdcon"":6,""adsDrate"":240,""adsReason"":""ok"",""tcaOk"":true,""mcpOkCount"":8,""mcpOk"":[true,true,true,true,true,true,true,true],""mcpAddrMask"":[1,1,1,1,1,1,1,1],""mcpControlTested"":true,""mcpControlOkCount"":8,""mcpControlOk"":[true,true,true,true,true,true,true,true],""dacReady"":true,""radioReady"":true,""mlReady"":true,""nullingProfileApplied"":true,""modelProfileReady"":false},""runtimeMcpCode"":[255,519,795,706,799,865,665,139],""model"":{""profileId"":""cnn-dualbranch-datasheet-v1-unbound"",""scalerProfileId"":""cnn-dualbranch-datasheet-v1-unbound"",""productionApproved"":true,""boundNullingProfileId"":8,""activeNullingProfileId"":9,""bindingValid"":true,""bindingModelMatches"":true,""profileReady"":false,""inferenceValid"":false,""sensorFault"":true},""lora"":{""beginState"":0,""lastTxState"":0,""lastTxOk"":false,""txSeq"":0,""txCounter"":0,""aesKeyProvisioned"":true,""aesKeyPresent"":true,""aesKeySource"":""nvs"",""keyId"":1,""lastDownlinkCommandId"":0,""freqMHz"":920,""bwKHz"":125,""sf"":7,""cr"":5,""syncWord"":18,""txPowerDbm"":17,""preamble"":8,""tcxoVoltage"":1.600000024,""xtalVoltage"":0},""dataset"":{""state"":""idle"",""step"":""idle"",""label"":"""",""seq"":0,""targetSamples"":0,""sampleIntervalMs"":500,""maxDurationMs"":0,""useFanIntake"":true,""fanOnMs"":1000,""postFanSettleMs"":0,""nullingProfileId"":9,""queuePending"":0,""queueCapacity"":16,""queueEnqueued"":0,""queueDropped"":0,""publishFailCount"":0,""retryCount"":0,""retryFailCount"":0,""rejectedSamples"":0,""lastRejectReason"":""none"",""lastRejectChannel"":-1,""lastRejectOkFiniteCount"":0,""lastRejectStatus"":255,""lastRejectGain"":0,""lastRejectSaturated"":false},""recovery"":{""wifiReconnectCount"":0,""wifiReconnectFailCount"":0,""mqttReconnectCount"":0,""mqttConnectFailCount"":0,""lastMqttState"":0,""adsRecoveryCount"":0,""adsRecoveryFailCount"":0,""adsReadFailStreak"":0,""lastReason"":""none"",""lastRecoveryMs"":0,""bootRecoveryArmed"":false,""bootRecoveryDueMs"":0,""bootRecoveryReason"":""none"",""bootRecoveryNonAdsFailure"":false,""bootRecoveryRestartCount"":0},""nulling"":{""done"":false,""retryArmed"":false,""attemptCount"":0,""nextRetryMs"":0,""thresholdV"":9.999999747E-06,""minFinalV"":0},""telemetry"":{""valid"":true,""sampleMs"":6692777,""gasClass"":6,""gasName"":""CO2"",""confidence"":0,""alarm"":false,""sensorVoltage"":[0.113686621,0.003944046,0.004954069,-0.00273502,-0.009293314,-0.011604701,-0.019918572,-0.025641397],""sensorGain"":[32,64,64,64,64,64,64,64],""sensorStatus"":[0,0,0,0,0,0,0,0],""featureOrder"":[""MQ8"",""MQ135"",""MQ3"",""MQ5"",""MQ4"",""MQ7"",""MQ6"",""MQ2""]},""alarmLatched"":false}"
2026-08-04 11:12:37.546 +07:00,316.427,HOT_SWEEP_70,70,700,300,1,0,0.113340691,0.003936139,0.00495173,-0.002728092,-0.009291167,-0.011606502,-0.019859472,-0.025631744,"{""deviceId"":""1001"",""nodeId"":4097,""targetChId"":""0010"",""mode"":""inference"",""uptimeMs"":6693888,""debugEnabled"":true,""power"":{""mode"":""24v"",""externalPower"":true,""batteryMv"":65535,""batteryValid"":false,""batteryDetected"":false,""batterySenseStatus"":""not_detected"",""batteryLow"":false,""batteryCritical"":false,""sourceAmbiguous"":false,""serviceHoldActive"":false,""serviceHoldEffective"":false},""batterySession"":{""state"":""inactive"",""startedMs"":0,""stateStartedMs"":0,""validSampleBatches"":0,""requiredSampleBatches"":10,""alarmTxAttempts"":0,""alarmTxAttemptLimit"":3,""alarmAckReceived"":false,""pendingAlarm"":false,""pendingSaveRequired"":false,""persistenceFaultHold"":false,""completionReason"":""session_done""},""bootHealth"":{""adsReady"":true,""adsDrdyLevel"":0,""adsDrdyPulldownLevel"":0,""adsDrdyPullupLevel"":0,""adsMisoPulldownLevel"":0,""adsMisoPullupLevel"":1,""adsCsLevel"":1,""adsSyncLevel"":1,""adsStatus"":54,""adsMux"":15,""adsAdcon"":6,""adsDrate"":240,""adsReason"":""ok"",""tcaOk"":true,""mcpOkCount"":8,""mcpOk"":[true,true,true,true,true,true,true,true],""mcpAddrMask"":[1,1,1,1,1,1,1,1],""mcpControlTested"":true,""mcpControlOkCount"":8,""mcpControlOk"":[true,true,true,true,true,true,true,true],""dacReady"":true,""radioReady"":true,""mlReady"":true,""nullingProfileApplied"":true,""modelProfileReady"":false},""runtimeMcpCode"":[255,519,795,706,799,865,665,139],""model"":{""profileId"":""cnn-dualbranch-datasheet-v1-unbound"",""scalerProfileId"":""cnn-dualbranch-datasheet-v1-unbound"",""productionApproved"":true,""boundNullingProfileId"":8,""activeNullingProfileId"":9,""bindingValid"":true,""bindingModelMatches"":true,""profileReady"":false,""inferenceValid"":false,""sensorFault"":true},""lora"":{""beginState"":0,""lastTxState"":0,""lastTxOk"":false,""txSeq"":0,""txCounter"":0,""aesKeyProvisioned"":true,""aesKeyPresent"":true,""aesKeySource"":""nvs"",""keyId"":1,""lastDownlinkCommandId"":0,""freqMHz"":920,""bwKHz"":125,""sf"":7,""cr"":5,""syncWord"":18,""txPowerDbm"":17,""preamble"":8,""tcxoVoltage"":1.600000024,""xtalVoltage"":0},""dataset"":{""state"":""idle"",""step"":""idle"",""label"":"""",""seq"":0,""targetSamples"":0,""sampleIntervalMs"":500,""maxDurationMs"":0,""useFanIntake"":true,""fanOnMs"":1000,""postFanSettleMs"":0,""nullingProfileId"":9,""queuePending"":0,""queueCapacity"":16,""queueEnqueued"":0,""queueDropped"":0,""publishFailCount"":0,""retryCount"":0,""retryFailCount"":0,""rejectedSamples"":0,""lastRejectReason"":""none"",""lastRejectChannel"":-1,""lastRejectOkFiniteCount"":0,""lastRejectStatus"":255,""lastRejectGain"":0,""lastRejectSaturated"":false},""recovery"":{""wifiReconnectCount"":0,""wifiReconnectFailCount"":0,""mqttReconnectCount"":0,""mqttConnectFailCount"":0,""lastMqttState"":0,""adsRecoveryCount"":0,""adsRecoveryFailCount"":0,""adsReadFailStreak"":0,""lastReason"":""none"",""lastRecoveryMs"":0,""bootRecoveryArmed"":false,""bootRecoveryDueMs"":0,""bootRecoveryReason"":""none"",""bootRecoveryNonAdsFailure"":false,""bootRecoveryRestartCount"":0},""nulling"":{""done"":false,""retryArmed"":false,""attemptCount"":0,""nextRetryMs"":0,""thresholdV"":9.999999747E-06,""minFinalV"":0},""telemetry"":{""valid"":true,""sampleMs"":6693463,""gasClass"":6,""gasName"":""CO2"",""confidence"":0,""alarm"":false,""sensorVoltage"":[0.113340691,0.003936139,0.00495173,-0.002728092,-0.009291167,-0.011606502,-0.019859472,-0.025631744],""sensorGain"":[32,64,64,64,64,64,64,64],""sensorStatus"":[0,0,0,0,0,0,0,0],""featureOrder"":[""MQ8"",""MQ135"",""MQ3"",""MQ5"",""MQ4"",""MQ7"",""MQ6"",""MQ2""]},""alarmLatched"":false}"
2026-08-04 11:12:38.237 +07:00,317.114,HOT_SWEEP_70,70,700,300,1,0,0.114072718,0.00383375,0.004921219,-0.00272778,-0.009275322,-0.011603775,-0.019860636,-0.025683757,"{""deviceId"":""1001"",""nodeId"":4097,""targetChId"":""0010"",""mode"":""inference"",""uptimeMs"":6694569,""debugEnabled"":true,""power"":{""mode"":""24v"",""externalPower"":true,""batteryMv"":65535,""batteryValid"":false,""batteryDetected"":false,""batterySenseStatus"":""not_detected"",""batteryLow"":false,""batteryCritical"":false,""sourceAmbiguous"":false,""serviceHoldActive"":false,""serviceHoldEffective"":false},""batterySession"":{""state"":""inactive"",""startedMs"":0,""stateStartedMs"":0,""validSampleBatches"":0,""requiredSampleBatches"":10,""alarmTxAttempts"":0,""alarmTxAttemptLimit"":3,""alarmAckReceived"":false,""pendingAlarm"":false,""pendingSaveRequired"":false,""persistenceFaultHold"":false,""completionReason"":""session_done""},""bootHealth"":{""adsReady"":true,""adsDrdyLevel"":0,""adsDrdyPulldownLevel"":0,""adsDrdyPullupLevel"":0,""adsMisoPulldownLevel"":0,""adsMisoPullupLevel"":1,""adsCsLevel"":1,""adsSyncLevel"":1,""adsStatus"":54,""adsMux"":15,""adsAdcon"":6,""adsDrate"":240,""adsReason"":""ok"",""tcaOk"":true,""mcpOkCount"":8,""mcpOk"":[true,true,true,true,true,true,true,true],""mcpAddrMask"":[1,1,1,1,1,1,1,1],""mcpControlTested"":true,""mcpControlOkCount"":8,""mcpControlOk"":[true,true,true,true,true,true,true,true],""dacReady"":true,""radioReady"":true,""mlReady"":true,""nullingProfileApplied"":true,""modelProfileReady"":false},""runtimeMcpCode"":[255,519,795,706,799,865,665,139],""model"":{""profileId"":""cnn-dualbranch-datasheet-v1-unbound"",""scalerProfileId"":""cnn-dualbranch-datasheet-v1-unbound"",""productionApproved"":true,""boundNullingProfileId"":8,""activeNullingProfileId"":9,""bindingValid"":true,""bindingModelMatches"":true,""profileReady"":false,""inferenceValid"":false,""sensorFault"":true},""lora"":{""beginState"":0,""lastTxState"":0,""lastTxOk"":false,""txSeq"":0,""txCounter"":0,""aesKeyProvisioned"":true,""aesKeyPresent"":true,""aesKeySource"":""nvs"",""keyId"":1,""lastDownlinkCommandId"":0,""freqMHz"":920,""bwKHz"":125,""sf"":7,""cr"":5,""syncWord"":18,""txPowerDbm"":17,""preamble"":8,""tcxoVoltage"":1.600000024,""xtalVoltage"":0},""dataset"":{""state"":""idle"",""step"":""idle"",""label"":"""",""seq"":0,""targetSamples"":0,""sampleIntervalMs"":500,""maxDurationMs"":0,""useFanIntake"":true,""fanOnMs"":1000,""postFanSettleMs"":0,""nullingProfileId"":9,""queuePending"":0,""queueCapacity"":16,""queueEnqueued"":0,""queueDropped"":0,""publishFailCount"":0,""retryCount"":0,""retryFailCount"":0,""rejectedSamples"":0,""lastRejectReason"":""none"",""lastRejectChannel"":-1,""lastRejectOkFiniteCount"":0,""lastRejectStatus"":255,""lastRejectGain"":0,""lastRejectSaturated"":false},""recovery"":{""wifiReconnectCount"":0,""wifiReconnectFailCount"":0,""mqttReconnectCount"":0,""mqttConnectFailCount"":0,""lastMqttState"":0,""adsRecoveryCount"":0,""adsRecoveryFailCount"":0,""adsReadFailStreak"":0,""lastReason"":""none"",""lastRecoveryMs"":0,""bootRecoveryArmed"":false,""bootRecoveryDueMs"":0,""bootRecoveryReason"":""none"",""bootRecoveryNonAdsFailure"":false,""bootRecoveryRestartCount"":0},""nulling"":{""done"":false,""retryArmed"":false,""attemptCount"":0,""nextRetryMs"":0,""thresholdV"":9.999999747E-06,""minFinalV"":0},""telemetry"":{""valid"":true,""sampleMs"":6694198,""gasClass"":6,""gasName"":""CO2"",""confidence"":0,""alarm"":false,""sensorVoltage"":[0.114072718,0.00383375,0.004921219,-0.00272778,-0.009275322,-0.011603775,-0.019860636,-0.025683757],""sensorGain"":[32,64,64,64,64,64,64,64],""sensorStatus"":[0,0,0,0,0,0,0,0],""featureOrder"":[""MQ8"",""MQ135"",""MQ3"",""MQ5"",""MQ4"",""MQ7"",""MQ6"",""MQ2""]},""alarmLatched"":false}"
2026-08-04 11:12:38.925 +07:00,317.806,HOT_SWEEP_70,70,700,300,1,0,0.113655865,0.003881098,0.004972261,-0.002731408,-0.00949786,-0.011526981,-0.019868281,-0.025741477,"{""deviceId"":""1001"",""nodeId"":4097,""targetChId"":""0010"",""mode"":""inference"",""uptimeMs"":6695269,""debugEnabled"":true,""power"":{""mode"":""24v"",""externalPower"":true,""batteryMv"":65535,""batteryValid"":false,""batteryDetected"":false,""batterySenseStatus"":""not_detected"",""batteryLow"":false,""batteryCritical"":false,""sourceAmbiguous"":false,""serviceHoldActive"":false,""serviceHoldEffective"":false},""batterySession"":{""state"":""inactive"",""startedMs"":0,""stateStartedMs"":0,""validSampleBatches"":0,""requiredSampleBatches"":10,""alarmTxAttempts"":0,""alarmTxAttemptLimit"":3,""alarmAckReceived"":false,""pendingAlarm"":false,""pendingSaveRequired"":false,""persistenceFaultHold"":false,""completionReason"":""session_done""},""bootHealth"":{""adsReady"":true,""adsDrdyLevel"":0,""adsDrdyPulldownLevel"":0,""adsDrdyPullupLevel"":0,""adsMisoPulldownLevel"":0,""adsMisoPullupLevel"":1,""adsCsLevel"":1,""adsSyncLevel"":1,""adsStatus"":54,""adsMux"":15,""adsAdcon"":6,""adsDrate"":240,""adsReason"":""ok"",""tcaOk"":true,""mcpOkCount"":8,""mcpOk"":[true,true,true,true,true,true,true,true],""mcpAddrMask"":[1,1,1,1,1,1,1,1],""mcpControlTested"":true,""mcpControlOkCount"":8,""mcpControlOk"":[true,true,true,true,true,true,true,true],""dacReady"":true,""radioReady"":true,""mlReady"":true,""nullingProfileApplied"":true,""modelProfileReady"":false},""runtimeMcpCode"":[255,519,795,706,799,865,665,139],""model"":{""profileId"":""cnn-dualbranch-datasheet-v1-unbound"",""scalerProfileId"":""cnn-dualbranch-datasheet-v1-unbound"",""productionApproved"":true,""boundNullingProfileId"":8,""activeNullingProfileId"":9,""bindingValid"":true,""bindingModelMatches"":true,""profileReady"":false,""inferenceValid"":false,""sensorFault"":true},""lora"":{""beginState"":0,""lastTxState"":0,""lastTxOk"":false,""txSeq"":0,""txCounter"":0,""aesKeyProvisioned"":true,""aesKeyPresent"":true,""aesKeySource"":""nvs"",""keyId"":1,""lastDownlinkCommandId"":0,""freqMHz"":920,""bwKHz"":125,""sf"":7,""cr"":5,""syncWord"":18,""txPowerDbm"":17,""preamble"":8,""tcxoVoltage"":1.600000024,""xtalVoltage"":0},""dataset"":{""state"":""idle"",""step"":""idle"",""label"":"""",""seq"":0,""targetSamples"":0,""sampleIntervalMs"":500,""maxDurationMs"":0,""useFanIntake"":true,""fanOnMs"":1000,""postFanSettleMs"":0,""nullingProfileId"":9,""queuePending"":0,""queueCapacity"":16,""queueEnqueued"":0,""queueDropped"":0,""publishFailCount"":0,""retryCount"":0,""retryFailCount"":0,""rejectedSamples"":0,""lastRejectReason"":""none"",""lastRejectChannel"":-1,""lastRejectOkFiniteCount"":0,""lastRejectStatus"":255,""lastRejectGain"":0,""lastRejectSaturated"":false},""recovery"":{""wifiReconnectCount"":0,""wifiReconnectFailCount"":0,""mqttReconnectCount"":0,""mqttConnectFailCount"":0,""lastMqttState"":0,""adsRecoveryCount"":0,""adsRecoveryFailCount"":0,""adsReadFailStreak"":0,""lastReason"":""none"",""lastRecoveryMs"":0,""bootRecoveryArmed"":false,""bootRecoveryDueMs"":0,""bootRecoveryReason"":""none"",""bootRecoveryNonAdsFailure"":false,""bootRecoveryRestartCount"":0},""nulling"":{""done"":false,""retryArmed"":false,""attemptCount"":0,""nextRetryMs"":0,""thresholdV"":9.999999747E-06,""minFinalV"":0},""telemetry"":{""valid"":true,""sampleMs"":6694847,""gasClass"":6,""gasName"":""CO2"",""confidence"":0,""alarm"":false,""sensorVoltage"":[0.113655865,0.003881098,0.004972261,-0.002731408,-0.00949786,-0.011526981,-0.019868281,-0.025741477],""sensorGain"":[32,64,64,64,64,64,64,64],""sensorStatus"":[0,0,0,0,0,0,0,0],""featureOrder"":[""MQ8"",""MQ135"",""MQ3"",""MQ5"",""MQ4"",""MQ7"",""MQ6"",""MQ2""]},""alarmLatched"":false}"
2026-08-04 11:12:39.609 +07:00,318.490,HOT_SWEEP_70,70,700,300,1,0,0.113224246,0.003878456,0.00493949,-0.002738365,-0.009469526,-0.011525929,-0.019862721,-0.025684113,"{""deviceId"":""1001"",""nodeId"":4097,""targetChId"":""0010"",""mode"":""inference"",""uptimeMs"":6695951,""debugEnabled"":true,""power"":{""mode"":""24v"",""externalPower"":true,""batteryMv"":65535,""batteryValid"":false,""batteryDetected"":false,""batterySenseStatus"":""not_detected"",""batteryLow"":false,""batteryCritical"":false,""sourceAmbiguous"":false,""serviceHoldActive"":false,""serviceHoldEffective"":false},""batterySession"":{""state"":""inactive"",""startedMs"":0,""stateStartedMs"":0,""validSampleBatches"":0,""requiredSampleBatches"":10,""alarmTxAttempts"":0,""alarmTxAttemptLimit"":3,""alarmAckReceived"":false,""pendingAlarm"":false,""pendingSaveRequired"":false,""persistenceFaultHold"":false,""completionReason"":""session_done""},""bootHealth"":{""adsReady"":true,""adsDrdyLevel"":0,""adsDrdyPulldownLevel"":0,""adsDrdyPullupLevel"":0,""adsMisoPulldownLevel"":0,""adsMisoPullupLevel"":1,""adsCsLevel"":1,""adsSyncLevel"":1,""adsStatus"":54,""adsMux"":15,""adsAdcon"":6,""adsDrate"":240,""adsReason"":""ok"",""tcaOk"":true,""mcpOkCount"":8,""mcpOk"":[true,true,true,true,true,true,true,true],""mcpAddrMask"":[1,1,1,1,1,1,1,1],""mcpControlTested"":true,""mcpControlOkCount"":8,""mcpControlOk"":[true,true,true,true,true,true,true,true],""dacReady"":true,""radioReady"":true,""mlReady"":true,""nullingProfileApplied"":true,""modelProfileReady"":false},""runtimeMcpCode"":[255,519,795,706,799,865,665,139],""model"":{""profileId"":""cnn-dualbranch-datasheet-v1-unbound"",""scalerProfileId"":""cnn-dualbranch-datasheet-v1-unbound"",""productionApproved"":true,""boundNullingProfileId"":8,""activeNullingProfileId"":9,""bindingValid"":true,""bindingModelMatches"":true,""profileReady"":false,""inferenceValid"":false,""sensorFault"":true},""lora"":{""beginState"":0,""lastTxState"":0,""lastTxOk"":false,""txSeq"":0,""txCounter"":0,""aesKeyProvisioned"":true,""aesKeyPresent"":true,""aesKeySource"":""nvs"",""keyId"":1,""lastDownlinkCommandId"":0,""freqMHz"":920,""bwKHz"":125,""sf"":7,""cr"":5,""syncWord"":18,""txPowerDbm"":17,""preamble"":8,""tcxoVoltage"":1.600000024,""xtalVoltage"":0},""dataset"":{""state"":""idle"",""step"":""idle"",""label"":"""",""seq"":0,""targetSamples"":0,""sampleIntervalMs"":500,""maxDurationMs"":0,""useFanIntake"":true,""fanOnMs"":1000,""postFanSettleMs"":0,""nullingProfileId"":9,""queuePending"":0,""queueCapacity"":16,""queueEnqueued"":0,""queueDropped"":0,""publishFailCount"":0,""retryCount"":0,""retryFailCount"":0,""rejectedSamples"":0,""lastRejectReason"":""none"",""lastRejectChannel"":-1,""lastRejectOkFiniteCount"":0,""lastRejectStatus"":255,""lastRejectGain"":0,""lastRejectSaturated"":false},""recovery"":{""wifiReconnectCount"":0,""wifiReconnectFailCount"":0,""mqttReconnectCount"":0,""mqttConnectFailCount"":0,""lastMqttState"":0,""adsRecoveryCount"":0,""adsRecoveryFailCount"":0,""adsReadFailStreak"":0,""lastReason"":""none"",""lastRecoveryMs"":0,""bootRecoveryArmed"":false,""bootRecoveryDueMs"":0,""bootRecoveryReason"":""none"",""bootRecoveryNonAdsFailure"":false,""bootRecoveryRestartCount"":0},""nulling"":{""done"":false,""retryArmed"":false,""attemptCount"":0,""nextRetryMs"":0,""thresholdV"":9.999999747E-06,""minFinalV"":0},""telemetry"":{""valid"":true,""sampleMs"":6695547,""gasClass"":6,""gasName"":""CO2"",""confidence"":0,""alarm"":false,""sensorVoltage"":[0.113224246,0.003878456,0.00493949,-0.002738365,-0.009469526,-0.011525929,-0.019862721,-0.025684113],""sensorGain"":[32,64,64,64,64,64,64,64],""sensorStatus"":[0,0,0,0,0,0,0,0],""featureOrder"":[""MQ8"",""MQ135"",""MQ3"",""MQ5"",""MQ4"",""MQ7"",""MQ6"",""MQ2""]},""alarmLatched"":false}"
2026-08-04 11:12:40.293 +07:00,319.174,HOT_SWEEP_70,70,700,300,1,0,0.113817766,0.003979592,0.00497807,-0.002727211,-0.009479511,-0.01153661,-0.019799275,-0.025726069,"{""deviceId"":""1001"",""nodeId"":4097,""targetChId"":""0010"",""mode"":""inference"",""uptimeMs"":6696633,""debugEnabled"":true,""power"":{""mode"":""24v"",""externalPower"":true,""batteryMv"":65535,""batteryValid"":false,""batteryDetected"":false,""batterySenseStatus"":""not_detected"",""batteryLow"":false,""batteryCritical"":false,""sourceAmbiguous"":false,""serviceHoldActive"":false,""serviceHoldEffective"":false},""batterySession"":{""state"":""inactive"",""startedMs"":0,""stateStartedMs"":0,""validSampleBatches"":0,""requiredSampleBatches"":10,""alarmTxAttempts"":0,""alarmTxAttemptLimit"":3,""alarmAckReceived"":false,""pendingAlarm"":false,""pendingSaveRequired"":false,""persistenceFaultHold"":false,""completionReason"":""session_done""},""bootHealth"":{""adsReady"":true,""adsDrdyLevel"":0,""adsDrdyPulldownLevel"":0,""adsDrdyPullupLevel"":0,""adsMisoPulldownLevel"":0,""adsMisoPullupLevel"":1,""adsCsLevel"":1,""adsSyncLevel"":1,""adsStatus"":54,""adsMux"":15,""adsAdcon"":6,""adsDrate"":240,""adsReason"":""ok"",""tcaOk"":true,""mcpOkCount"":8,""mcpOk"":[true,true,true,true,true,true,true,true],""mcpAddrMask"":[1,1,1,1,1,1,1,1],""mcpControlTested"":true,""mcpControlOkCount"":8,""mcpControlOk"":[true,true,true,true,true,true,true,true],""dacReady"":true,""radioReady"":true,""mlReady"":true,""nullingProfileApplied"":true,""modelProfileReady"":false},""runtimeMcpCode"":[255,519,795,706,799,865,665,139],""model"":{""profileId"":""cnn-dualbranch-datasheet-v1-unbound"",""scalerProfileId"":""cnn-dualbranch-datasheet-v1-unbound"",""productionApproved"":true,""boundNullingProfileId"":8,""activeNullingProfileId"":9,""bindingValid"":true,""bindingModelMatches"":true,""profileReady"":false,""inferenceValid"":false,""sensorFault"":true},""lora"":{""beginState"":0,""lastTxState"":0,""lastTxOk"":false,""txSeq"":0,""txCounter"":0,""aesKeyProvisioned"":true,""aesKeyPresent"":true,""aesKeySource"":""nvs"",""keyId"":1,""lastDownlinkCommandId"":0,""freqMHz"":920,""bwKHz"":125,""sf"":7,""cr"":5,""syncWord"":18,""txPowerDbm"":17,""preamble"":8,""tcxoVoltage"":1.600000024,""xtalVoltage"":0},""dataset"":{""state"":""idle"",""step"":""idle"",""label"":"""",""seq"":0,""targetSamples"":0,""sampleIntervalMs"":500,""maxDurationMs"":0,""useFanIntake"":true,""fanOnMs"":1000,""postFanSettleMs"":0,""nullingProfileId"":9,""queuePending"":0,""queueCapacity"":16,""queueEnqueued"":0,""queueDropped"":0,""publishFailCount"":0,""retryCount"":0,""retryFailCount"":0,""rejectedSamples"":0,""lastRejectReason"":""none"",""lastRejectChannel"":-1,""lastRejectOkFiniteCount"":0,""lastRejectStatus"":255,""lastRejectGain"":0,""lastRejectSaturated"":false},""recovery"":{""wifiReconnectCount"":0,""wifiReconnectFailCount"":0,""mqttReconnectCount"":0,""mqttConnectFailCount"":0,""lastMqttState"":0,""adsRecoveryCount"":0,""adsRecoveryFailCount"":0,""adsReadFailStreak"":0,""lastReason"":""none"",""lastRecoveryMs"":0,""bootRecoveryArmed"":false,""bootRecoveryDueMs"":0,""bootRecoveryReason"":""none"",""bootRecoveryNonAdsFailure"":false,""bootRecoveryRestartCount"":0},""nulling"":{""done"":false,""retryArmed"":false,""attemptCount"":0,""nextRetryMs"":0,""thresholdV"":9.999999747E-06,""minFinalV"":0},""telemetry"":{""valid"":true,""sampleMs"":6696261,""gasClass"":6,""gasName"":""CO2"",""confidence"":0,""alarm"":false,""sensorVoltage"":[0.113817766,0.003979592,0.00497807,-0.002727211,-0.009479511,-0.01153661,-0.019799275,-0.025726069],""sensorGain"":[32,64,64,64,64,64,64,64],""sensorStatus"":[0,0,0,0,0,0,0,0],""featureOrder"":[""MQ8"",""MQ135"",""MQ3"",""MQ5"",""MQ4"",""MQ7"",""MQ6"",""MQ2""]},""alarmLatched"":false}"
2026-08-04 11:12:40.984 +07:00,319.865,HOT_SWEEP_70,70,700,300,1,0,0.113643244,0.004023597,0.00493389,-0.00262265,-0.009479793,-0.011475232,-0.019760506,-0.025752693,"{""deviceId"":""1001"",""nodeId"":4097,""targetChId"":""0010"",""mode"":""inference"",""uptimeMs"":6697319,""debugEnabled"":true,""power"":{""mode"":""24v"",""externalPower"":true,""batteryMv"":65535,""batteryValid"":false,""batteryDetected"":false,""batterySenseStatus"":""not_detected"",""batteryLow"":false,""batteryCritical"":false,""sourceAmbiguous"":false,""serviceHoldActive"":false,""serviceHoldEffective"":false},""batterySession"":{""state"":""inactive"",""startedMs"":0,""stateStartedMs"":0,""validSampleBatches"":0,""requiredSampleBatches"":10,""alarmTxAttempts"":0,""alarmTxAttemptLimit"":3,""alarmAckReceived"":false,""pendingAlarm"":false,""pendingSaveRequired"":false,""persistenceFaultHold"":false,""completionReason"":""session_done""},""bootHealth"":{""adsReady"":true,""adsDrdyLevel"":0,""adsDrdyPulldownLevel"":0,""adsDrdyPullupLevel"":0,""adsMisoPulldownLevel"":0,""adsMisoPullupLevel"":1,""adsCsLevel"":1,""adsSyncLevel"":1,""adsStatus"":54,""adsMux"":15,""adsAdcon"":6,""adsDrate"":240,""adsReason"":""ok"",""tcaOk"":true,""mcpOkCount"":8,""mcpOk"":[true,true,true,true,true,true,true,true],""mcpAddrMask"":[1,1,1,1,1,1,1,1],""mcpControlTested"":true,""mcpControlOkCount"":8,""mcpControlOk"":[true,true,true,true,true,true,true,true],""dacReady"":true,""radioReady"":true,""mlReady"":true,""nullingProfileApplied"":true,""modelProfileReady"":false},""runtimeMcpCode"":[255,519,795,706,799,865,665,139],""model"":{""profileId"":""cnn-dualbranch-datasheet-v1-unbound"",""scalerProfileId"":""cnn-dualbranch-datasheet-v1-unbound"",""productionApproved"":true,""boundNullingProfileId"":8,""activeNullingProfileId"":9,""bindingValid"":true,""bindingModelMatches"":true,""profileReady"":false,""inferenceValid"":false,""sensorFault"":true},""lora"":{""beginState"":0,""lastTxState"":0,""lastTxOk"":false,""txSeq"":0,""txCounter"":0,""aesKeyProvisioned"":true,""aesKeyPresent"":true,""aesKeySource"":""nvs"",""keyId"":1,""lastDownlinkCommandId"":0,""freqMHz"":920,""bwKHz"":125,""sf"":7,""cr"":5,""syncWord"":18,""txPowerDbm"":17,""preamble"":8,""tcxoVoltage"":1.600000024,""xtalVoltage"":0},""dataset"":{""state"":""idle"",""step"":""idle"",""label"":"""",""seq"":0,""targetSamples"":0,""sampleIntervalMs"":500,""maxDurationMs"":0,""useFanIntake"":true,""fanOnMs"":1000,""postFanSettleMs"":0,""nullingProfileId"":9,""queuePending"":0,""queueCapacity"":16,""queueEnqueued"":0,""queueDropped"":0,""publishFailCount"":0,""retryCount"":0,""retryFailCount"":0,""rejectedSamples"":0,""lastRejectReason"":""none"",""lastRejectChannel"":-1,""lastRejectOkFiniteCount"":0,""lastRejectStatus"":255,""lastRejectGain"":0,""lastRejectSaturated"":false},""recovery"":{""wifiReconnectCount"":0,""wifiReconnectFailCount"":0,""mqttReconnectCount"":0,""mqttConnectFailCount"":0,""lastMqttState"":0,""adsRecoveryCount"":0,""adsRecoveryFailCount"":0,""adsReadFailStreak"":0,""lastReason"":""none"",""lastRecoveryMs"":0,""bootRecoveryArmed"":false,""bootRecoveryDueMs"":0,""bootRecoveryReason"":""none"",""bootRecoveryNonAdsFailure"":false,""bootRecoveryRestartCount"":0},""nulling"":{""done"":false,""retryArmed"":false,""attemptCount"":0,""nextRetryMs"":0,""thresholdV"":9.999999747E-06,""minFinalV"":0},""telemetry"":{""valid"":true,""sampleMs"":6696911,""gasClass"":6,""gasName"":""CO2"",""confidence"":0,""alarm"":false,""sensorVoltage"":[0.113643244,0.004023597,0.00493389,-0.00262265,-0.009479793,-0.011475232,-0.019760506,-0.025752693],""sensorGain"":[32,64,64,64,64,64,64,64],""sensorStatus"":[0,0,0,0,0,0,0,0],""featureOrder"":[""MQ8"",""MQ135"",""MQ3"",""MQ5"",""MQ4"",""MQ7"",""MQ6"",""MQ2""]},""alarmLatched"":false}"
2026-08-04 11:12:41.665 +07:00,320.544,HOT_SWEEP_70,70,700,300,1,0,0.113085546,0.004039856,0.004949675,-0.002630892,-0.009498064,-0.011472038,-0.019757111,-0.025731731,"{""deviceId"":""1001"",""nodeId"":4097,""targetChId"":""0010"",""mode"":""inference"",""uptimeMs"":6697998,""debugEnabled"":true,""power"":{""mode"":""24v"",""externalPower"":true,""batteryMv"":65535,""batteryValid"":false,""batteryDetected"":false,""batterySenseStatus"":""not_detected"",""batteryLow"":false,""batteryCritical"":false,""sourceAmbiguous"":false,""serviceHoldActive"":false,""serviceHoldEffective"":false},""batterySession"":{""state"":""inactive"",""startedMs"":0,""stateStartedMs"":0,""validSampleBatches"":0,""requiredSampleBatches"":10,""alarmTxAttempts"":0,""alarmTxAttemptLimit"":3,""alarmAckReceived"":false,""pendingAlarm"":false,""pendingSaveRequired"":false,""persistenceFaultHold"":false,""completionReason"":""session_done""},""bootHealth"":{""adsReady"":true,""adsDrdyLevel"":0,""adsDrdyPulldownLevel"":0,""adsDrdyPullupLevel"":0,""adsMisoPulldownLevel"":0,""adsMisoPullupLevel"":1,""adsCsLevel"":1,""adsSyncLevel"":1,""adsStatus"":54,""adsMux"":15,""adsAdcon"":6,""adsDrate"":240,""adsReason"":""ok"",""tcaOk"":true,""mcpOkCount"":8,""mcpOk"":[true,true,true,true,true,true,true,true],""mcpAddrMask"":[1,1,1,1,1,1,1,1],""mcpControlTested"":true,""mcpControlOkCount"":8,""mcpControlOk"":[true,true,true,true,true,true,true,true],""dacReady"":true,""radioReady"":true,""mlReady"":true,""nullingProfileApplied"":true,""modelProfileReady"":false},""runtimeMcpCode"":[255,519,795,706,799,865,665,139],""model"":{""profileId"":""cnn-dualbranch-datasheet-v1-unbound"",""scalerProfileId"":""cnn-dualbranch-datasheet-v1-unbound"",""productionApproved"":true,""boundNullingProfileId"":8,""activeNullingProfileId"":9,""bindingValid"":true,""bindingModelMatches"":true,""profileReady"":false,""inferenceValid"":false,""sensorFault"":true},""lora"":{""beginState"":0,""lastTxState"":0,""lastTxOk"":false,""txSeq"":0,""txCounter"":0,""aesKeyProvisioned"":true,""aesKeyPresent"":true,""aesKeySource"":""nvs"",""keyId"":1,""lastDownlinkCommandId"":0,""freqMHz"":920,""bwKHz"":125,""sf"":7,""cr"":5,""syncWord"":18,""txPowerDbm"":17,""preamble"":8,""tcxoVoltage"":1.600000024,""xtalVoltage"":0},""dataset"":{""state"":""idle"",""step"":""idle"",""label"":"""",""seq"":0,""targetSamples"":0,""sampleIntervalMs"":500,""maxDurationMs"":0,""useFanIntake"":true,""fanOnMs"":1000,""postFanSettleMs"":0,""nullingProfileId"":9,""queuePending"":0,""queueCapacity"":16,""queueEnqueued"":0,""queueDropped"":0,""publishFailCount"":0,""retryCount"":0,""retryFailCount"":0,""rejectedSamples"":0,""lastRejectReason"":""none"",""lastRejectChannel"":-1,""lastRejectOkFiniteCount"":0,""lastRejectStatus"":255,""lastRejectGain"":0,""lastRejectSaturated"":false},""recovery"":{""wifiReconnectCount"":0,""wifiReconnectFailCount"":0,""mqttReconnectCount"":0,""mqttConnectFailCount"":0,""lastMqttState"":0,""adsRecoveryCount"":0,""adsRecoveryFailCount"":0,""adsReadFailStreak"":0,""lastReason"":""none"",""lastRecoveryMs"":0,""bootRecoveryArmed"":false,""bootRecoveryDueMs"":0,""bootRecoveryReason"":""none"",""bootRecoveryNonAdsFailure"":false,""bootRecoveryRestartCount"":0},""nulling"":{""done"":false,""retryArmed"":false,""attemptCount"":0,""nextRetryMs"":0,""thresholdV"":9.999999747E-06,""minFinalV"":0},""telemetry"":{""valid"":true,""sampleMs"":6697597,""gasClass"":6,""gasName"":""CO2"",""confidence"":0,""alarm"":false,""sensorVoltage"":[0.113085546,0.004039856,0.004949675,-0.002630892,-0.009498064,-0.011472038,-0.019757111,-0.025731731],""sensorGain"":[32,64,64,64,64,64,64,64],""sensorStatus"":[0,0,0,0,0,0,0,0],""featureOrder"":[""MQ8"",""MQ135"",""MQ3"",""MQ5"",""MQ4"",""MQ7"",""MQ6"",""MQ2""]},""alarmLatched"":false}"
2026-08-04 11:12:42.360 +07:00,321.241,HOT_SWEEP_70,70,700,300,1,0,0.113500439,0.004049888,0.004881309,-0.002647122,-0.009524109,-0.011479037,-0.019754792,-0.02571398,"{""deviceId"":""1001"",""nodeId"":4097,""targetChId"":""0010"",""mode"":""inference"",""uptimeMs"":6698694,""debugEnabled"":true,""power"":{""mode"":""24v"",""externalPower"":true,""batteryMv"":65535,""batteryValid"":false,""batteryDetected"":false,""batterySenseStatus"":""not_detected"",""batteryLow"":false,""batteryCritical"":false,""sourceAmbiguous"":false,""serviceHoldActive"":false,""serviceHoldEffective"":false},""batterySession"":{""state"":""inactive"",""startedMs"":0,""stateStartedMs"":0,""validSampleBatches"":0,""requiredSampleBatches"":10,""alarmTxAttempts"":0,""alarmTxAttemptLimit"":3,""alarmAckReceived"":false,""pendingAlarm"":false,""pendingSaveRequired"":false,""persistenceFaultHold"":false,""completionReason"":""session_done""},""bootHealth"":{""adsReady"":true,""adsDrdyLevel"":0,""adsDrdyPulldownLevel"":0,""adsDrdyPullupLevel"":0,""adsMisoPulldownLevel"":0,""adsMisoPullupLevel"":1,""adsCsLevel"":1,""adsSyncLevel"":1,""adsStatus"":54,""adsMux"":15,""adsAdcon"":6,""adsDrate"":240,""adsReason"":""ok"",""tcaOk"":true,""mcpOkCount"":8,""mcpOk"":[true,true,true,true,true,true,true,true],""mcpAddrMask"":[1,1,1,1,1,1,1,1],""mcpControlTested"":true,""mcpControlOkCount"":8,""mcpControlOk"":[true,true,true,true,true,true,true,true],""dacReady"":true,""radioReady"":true,""mlReady"":true,""nullingProfileApplied"":true,""modelProfileReady"":false},""runtimeMcpCode"":[255,519,795,706,799,865,665,139],""model"":{""profileId"":""cnn-dualbranch-datasheet-v1-unbound"",""scalerProfileId"":""cnn-dualbranch-datasheet-v1-unbound"",""productionApproved"":true,""boundNullingProfileId"":8,""activeNullingProfileId"":9,""bindingValid"":true,""bindingModelMatches"":true,""profileReady"":false,""inferenceValid"":false,""sensorFault"":true},""lora"":{""beginState"":0,""lastTxState"":0,""lastTxOk"":false,""txSeq"":0,""txCounter"":0,""aesKeyProvisioned"":true,""aesKeyPresent"":true,""aesKeySource"":""nvs"",""keyId"":1,""lastDownlinkCommandId"":0,""freqMHz"":920,""bwKHz"":125,""sf"":7,""cr"":5,""syncWord"":18,""txPowerDbm"":17,""preamble"":8,""tcxoVoltage"":1.600000024,""xtalVoltage"":0},""dataset"":{""state"":""idle"",""step"":""idle"",""label"":"""",""seq"":0,""targetSamples"":0,""sampleIntervalMs"":500,""maxDurationMs"":0,""useFanIntake"":true,""fanOnMs"":1000,""postFanSettleMs"":0,""nullingProfileId"":9,""queuePending"":0,""queueCapacity"":16,""queueEnqueued"":0,""queueDropped"":0,""publishFailCount"":0,""retryCount"":0,""retryFailCount"":0,""rejectedSamples"":0,""lastRejectReason"":""none"",""lastRejectChannel"":-1,""lastRejectOkFiniteCount"":0,""lastRejectStatus"":255,""lastRejectGain"":0,""lastRejectSaturated"":false},""recovery"":{""wifiReconnectCount"":0,""wifiReconnectFailCount"":0,""mqttReconnectCount"":0,""mqttConnectFailCount"":0,""lastMqttState"":0,""adsRecoveryCount"":0,""adsRecoveryFailCount"":0,""adsReadFailStreak"":0,""lastReason"":""none"",""lastRecoveryMs"":0,""bootRecoveryArmed"":false,""bootRecoveryDueMs"":0,""bootRecoveryReason"":""none"",""bootRecoveryNonAdsFailure"":false,""bootRecoveryRestartCount"":0},""nulling"":{""done"":false,""retryArmed"":false,""attemptCount"":0,""nextRetryMs"":0,""thresholdV"":9.999999747E-06,""minFinalV"":0},""telemetry"":{""valid"":true,""sampleMs"":6698308,""gasClass"":6,""gasName"":""CO2"",""confidence"":0,""alarm"":false,""sensorVoltage"":[0.113500439,0.004049888,0.004881309,-0.002647122,-0.009524109,-0.011479037,-0.019754792,-0.02571398],""sensorGain"":[32,64,64,64,64,64,64,64],""sensorStatus"":[0,0,0,0,0,0,0,0],""featureOrder"":[""MQ8"",""MQ135"",""MQ3"",""MQ5"",""MQ4"",""MQ7"",""MQ6"",""MQ2""]},""alarmLatched"":false}"
2026-08-04 11:12:43.043 +07:00,321.924,HOT_SWEEP_70,70,700,300,1,0,0.113954067,0.004075559,0.004842299,-0.002589316,-0.00954742,-0.011472555,-0.01939537,-0.025234882,"{""deviceId"":""1001"",""nodeId"":4097,""targetChId"":""0010"",""mode"":""inference"",""uptimeMs"":6699381,""debugEnabled"":true,""power"":{""mode"":""24v"",""externalPower"":true,""batteryMv"":65535,""batteryValid"":false,""batteryDetected"":false,""batterySenseStatus"":""not_detected"",""batteryLow"":false,""batteryCritical"":false,""sourceAmbiguous"":false,""serviceHoldActive"":false,""serviceHoldEffective"":false},""batterySession"":{""state"":""inactive"",""startedMs"":0,""stateStartedMs"":0,""validSampleBatches"":0,""requiredSampleBatches"":10,""alarmTxAttempts"":0,""alarmTxAttemptLimit"":3,""alarmAckReceived"":false,""pendingAlarm"":false,""pendingSaveRequired"":false,""persistenceFaultHold"":false,""completionReason"":""session_done""},""bootHealth"":{""adsReady"":true,""adsDrdyLevel"":0,""adsDrdyPulldownLevel"":0,""adsDrdyPullupLevel"":0,""adsMisoPulldownLevel"":0,""adsMisoPullupLevel"":1,""adsCsLevel"":1,""adsSyncLevel"":1,""adsStatus"":54,""adsMux"":15,""adsAdcon"":6,""adsDrate"":240,""adsReason"":""ok"",""tcaOk"":true,""mcpOkCount"":8,""mcpOk"":[true,true,true,true,true,true,true,true],""mcpAddrMask"":[1,1,1,1,1,1,1,1],""mcpControlTested"":true,""mcpControlOkCount"":8,""mcpControlOk"":[true,true,true,true,true,true,true,true],""dacReady"":true,""radioReady"":true,""mlReady"":true,""nullingProfileApplied"":true,""modelProfileReady"":false},""runtimeMcpCode"":[255,519,795,706,799,865,665,139],""model"":{""profileId"":""cnn-dualbranch-datasheet-v1-unbound"",""scalerProfileId"":""cnn-dualbranch-datasheet-v1-unbound"",""productionApproved"":true,""boundNullingProfileId"":8,""activeNullingProfileId"":9,""bindingValid"":true,""bindingModelMatches"":true,""profileReady"":false,""inferenceValid"":false,""sensorFault"":true},""lora"":{""beginState"":0,""lastTxState"":0,""lastTxOk"":false,""txSeq"":0,""txCounter"":0,""aesKeyProvisioned"":true,""aesKeyPresent"":true,""aesKeySource"":""nvs"",""keyId"":1,""lastDownlinkCommandId"":0,""freqMHz"":920,""bwKHz"":125,""sf"":7,""cr"":5,""syncWord"":18,""txPowerDbm"":17,""preamble"":8,""tcxoVoltage"":1.600000024,""xtalVoltage"":0},""dataset"":{""state"":""idle"",""step"":""idle"",""label"":"""",""seq"":0,""targetSamples"":0,""sampleIntervalMs"":500,""maxDurationMs"":0,""useFanIntake"":true,""fanOnMs"":1000,""postFanSettleMs"":0,""nullingProfileId"":9,""queuePending"":0,""queueCapacity"":16,""queueEnqueued"":0,""queueDropped"":0,""publishFailCount"":0,""retryCount"":0,""retryFailCount"":0,""rejectedSamples"":0,""lastRejectReason"":""none"",""lastRejectChannel"":-1,""lastRejectOkFiniteCount"":0,""lastRejectStatus"":255,""lastRejectGain"":0,""lastRejectSaturated"":false},""recovery"":{""wifiReconnectCount"":0,""wifiReconnectFailCount"":0,""mqttReconnectCount"":0,""mqttConnectFailCount"":0,""lastMqttState"":0,""adsRecoveryCount"":0,""adsRecoveryFailCount"":0,""adsReadFailStreak"":0,""lastReason"":""none"",""lastRecoveryMs"":0,""bootRecoveryArmed"":false,""bootRecoveryDueMs"":0,""bootRecoveryReason"":""none"",""bootRecoveryNonAdsFailure"":false,""bootRecoveryRestartCount"":0},""nulling"":{""done"":false,""retryArmed"":false,""attemptCount"":0,""nextRetryMs"":0,""thresholdV"":9.999999747E-06,""minFinalV"":0},""telemetry"":{""valid"":true,""sampleMs"":6698972,""gasClass"":6,""gasName"":""CO2"",""confidence"":0,""alarm"":false,""sensorVoltage"":[0.113954067,0.004075559,0.004842299,-0.002589316,-0.00954742,-0.011472555,-0.01939537,-0.025234882],""sensorGain"":[32,64,64,64,64,64,64,64],""sensorStatus"":[0,0,0,0,0,0,0,0],""featureOrder"":[""MQ8"",""MQ135"",""MQ3"",""MQ5"",""MQ4"",""MQ7"",""MQ6"",""MQ2""]},""alarmLatched"":false}"
2026-08-04 11:12:43.736 +07:00,322.615,HOT_SWEEP_70,70,700,300,1,0,0.113562465,0.004084005,0.004820579,-0.002585303,-0.009573629,-0.011479037,-0.019383721,-0.025217151,"{""deviceId"":""1001"",""nodeId"":4097,""targetChId"":""0010"",""mode"":""inference"",""uptimeMs"":6700068,""debugEnabled"":true,""power"":{""mode"":""24v"",""externalPower"":true,""batteryMv"":65535,""batteryValid"":false,""batteryDetected"":false,""batterySenseStatus"":""not_detected"",""batteryLow"":false,""batteryCritical"":false,""sourceAmbiguous"":false,""serviceHoldActive"":false,""serviceHoldEffective"":false},""batterySession"":{""state"":""inactive"",""startedMs"":0,""stateStartedMs"":0,""validSampleBatches"":0,""requiredSampleBatches"":10,""alarmTxAttempts"":0,""alarmTxAttemptLimit"":3,""alarmAckReceived"":false,""pendingAlarm"":false,""pendingSaveRequired"":false,""persistenceFaultHold"":false,""completionReason"":""session_done""},""bootHealth"":{""adsReady"":true,""adsDrdyLevel"":0,""adsDrdyPulldownLevel"":0,""adsDrdyPullupLevel"":0,""adsMisoPulldownLevel"":0,""adsMisoPullupLevel"":1,""adsCsLevel"":1,""adsSyncLevel"":1,""adsStatus"":54,""adsMux"":15,""adsAdcon"":6,""adsDrate"":240,""adsReason"":""ok"",""tcaOk"":true,""mcpOkCount"":8,""mcpOk"":[true,true,true,true,true,true,true,true],""mcpAddrMask"":[1,1,1,1,1,1,1,1],""mcpControlTested"":true,""mcpControlOkCount"":8,""mcpControlOk"":[true,true,true,true,true,true,true,true],""dacReady"":true,""radioReady"":true,""mlReady"":true,""nullingProfileApplied"":true,""modelProfileReady"":false},""runtimeMcpCode"":[255,519,795,706,799,865,665,139],""model"":{""profileId"":""cnn-dualbranch-datasheet-v1-unbound"",""scalerProfileId"":""cnn-dualbranch-datasheet-v1-unbound"",""productionApproved"":true,""boundNullingProfileId"":8,""activeNullingProfileId"":9,""bindingValid"":true,""bindingModelMatches"":true,""profileReady"":false,""inferenceValid"":false,""sensorFault"":true},""lora"":{""beginState"":0,""lastTxState"":0,""lastTxOk"":false,""txSeq"":0,""txCounter"":0,""aesKeyProvisioned"":true,""aesKeyPresent"":true,""aesKeySource"":""nvs"",""keyId"":1,""lastDownlinkCommandId"":0,""freqMHz"":920,""bwKHz"":125,""sf"":7,""cr"":5,""syncWord"":18,""txPowerDbm"":17,""preamble"":8,""tcxoVoltage"":1.600000024,""xtalVoltage"":0},""dataset"":{""state"":""idle"",""step"":""idle"",""label"":"""",""seq"":0,""targetSamples"":0,""sampleIntervalMs"":500,""maxDurationMs"":0,""useFanIntake"":true,""fanOnMs"":1000,""postFanSettleMs"":0,""nullingProfileId"":9,""queuePending"":0,""queueCapacity"":16,""queueEnqueued"":0,""queueDropped"":0,""publishFailCount"":0,""retryCount"":0,""retryFailCount"":0,""rejectedSamples"":0,""lastRejectReason"":""none"",""lastRejectChannel"":-1,""lastRejectOkFiniteCount"":0,""lastRejectStatus"":255,""lastRejectGain"":0,""lastRejectSaturated"":false},""recovery"":{""wifiReconnectCount"":0,""wifiReconnectFailCount"":0,""mqttReconnectCount"":0,""mqttConnectFailCount"":0,""lastMqttState"":0,""adsRecoveryCount"":0,""adsRecoveryFailCount"":0,""adsReadFailStreak"":0,""lastReason"":""none"",""lastRecoveryMs"":0,""bootRecoveryArmed"":false,""bootRecoveryDueMs"":0,""bootRecoveryReason"":""none"",""bootRecoveryNonAdsFailure"":false,""bootRecoveryRestartCount"":0},""nulling"":{""done"":false,""retryArmed"":false,""attemptCount"":0,""nextRetryMs"":0,""thresholdV"":9.999999747E-06,""minFinalV"":0},""telemetry"":{""valid"":true,""sampleMs"":6699659,""gasClass"":6,""gasName"":""CO2"",""confidence"":0,""alarm"":false,""sensorVoltage"":[0.113562465,0.004084005,0.004820579,-0.002585303,-0.009573629,-0.011479037,-0.019383721,-0.025217151],""sensorGain"":[32,64,64,64,64,64,64,64],""sensorStatus"":[0,0,0,0,0,0,0,0],""featureOrder"":[""MQ8"",""MQ135"",""MQ3"",""MQ5"",""MQ4"",""MQ7"",""MQ6"",""MQ2""]},""alarmLatched"":false}"
2026-08-04 11:12:44.455 +07:00,323.336,HOT_SWEEP_70,70,700,300,1,0,0.113445982,0.004088293,0.004790866,-0.002579763,-0.009591875,-0.011485772,-0.019375447,-0.025261115,"{""deviceId"":""1001"",""nodeId"":4097,""targetChId"":""0010"",""mode"":""inference"",""uptimeMs"":6700780,""debugEnabled"":true,""power"":{""mode"":""24v"",""externalPower"":true,""batteryMv"":65535,""batteryValid"":false,""batteryDetected"":false,""batterySenseStatus"":""not_detected"",""batteryLow"":false,""batteryCritical"":false,""sourceAmbiguous"":false,""serviceHoldActive"":false,""serviceHoldEffective"":false},""batterySession"":{""state"":""inactive"",""startedMs"":0,""stateStartedMs"":0,""validSampleBatches"":0,""requiredSampleBatches"":10,""alarmTxAttempts"":0,""alarmTxAttemptLimit"":3,""alarmAckReceived"":false,""pendingAlarm"":false,""pendingSaveRequired"":false,""persistenceFaultHold"":false,""completionReason"":""session_done""},""bootHealth"":{""adsReady"":true,""adsDrdyLevel"":0,""adsDrdyPulldownLevel"":0,""adsDrdyPullupLevel"":0,""adsMisoPulldownLevel"":0,""adsMisoPullupLevel"":1,""adsCsLevel"":1,""adsSyncLevel"":1,""adsStatus"":54,""adsMux"":15,""adsAdcon"":6,""adsDrate"":240,""adsReason"":""ok"",""tcaOk"":true,""mcpOkCount"":8,""mcpOk"":[true,true,true,true,true,true,true,true],""mcpAddrMask"":[1,1,1,1,1,1,1,1],""mcpControlTested"":true,""mcpControlOkCount"":8,""mcpControlOk"":[true,true,true,true,true,true,true,true],""dacReady"":true,""radioReady"":true,""mlReady"":true,""nullingProfileApplied"":true,""modelProfileReady"":false},""runtimeMcpCode"":[255,519,795,706,799,865,665,139],""model"":{""profileId"":""cnn-dualbranch-datasheet-v1-unbound"",""scalerProfileId"":""cnn-dualbranch-datasheet-v1-unbound"",""productionApproved"":true,""boundNullingProfileId"":8,""activeNullingProfileId"":9,""bindingValid"":true,""bindingModelMatches"":true,""profileReady"":false,""inferenceValid"":false,""sensorFault"":true},""lora"":{""beginState"":0,""lastTxState"":0,""lastTxOk"":false,""txSeq"":0,""txCounter"":0,""aesKeyProvisioned"":true,""aesKeyPresent"":true,""aesKeySource"":""nvs"",""keyId"":1,""lastDownlinkCommandId"":0,""freqMHz"":920,""bwKHz"":125,""sf"":7,""cr"":5,""syncWord"":18,""txPowerDbm"":17,""preamble"":8,""tcxoVoltage"":1.600000024,""xtalVoltage"":0},""dataset"":{""state"":""idle"",""step"":""idle"",""label"":"""",""seq"":0,""targetSamples"":0,""sampleIntervalMs"":500,""maxDurationMs"":0,""useFanIntake"":true,""fanOnMs"":1000,""postFanSettleMs"":0,""nullingProfileId"":9,""queuePending"":0,""queueCapacity"":16,""queueEnqueued"":0,""queueDropped"":0,""publishFailCount"":0,""retryCount"":0,""retryFailCount"":0,""rejectedSamples"":0,""lastRejectReason"":""none"",""lastRejectChannel"":-1,""lastRejectOkFiniteCount"":0,""lastRejectStatus"":255,""lastRejectGain"":0,""lastRejectSaturated"":false},""recovery"":{""wifiReconnectCount"":0,""wifiReconnectFailCount"":0,""mqttReconnectCount"":0,""mqttConnectFailCount"":0,""lastMqttState"":0,""adsRecoveryCount"":0,""adsRecoveryFailCount"":0,""adsReadFailStreak"":0,""lastReason"":""none"",""lastRecoveryMs"":0,""bootRecoveryArmed"":false,""bootRecoveryDueMs"":0,""bootRecoveryReason"":""none"",""bootRecoveryNonAdsFailure"":false,""bootRecoveryRestartCount"":0},""nulling"":{""done"":false,""retryArmed"":false,""attemptCount"":0,""nextRetryMs"":0,""thresholdV"":9.999999747E-06,""minFinalV"":0},""telemetry"":{""valid"":true,""sampleMs"":6700378,""gasClass"":6,""gasName"":""CO2"",""confidence"":0,""alarm"":false,""sensorVoltage"":[0.113445982,0.004088293,0.004790866,-0.002579763,-0.009591875,-0.011485772,-0.019375447,-0.025261115],""sensorGain"":[32,64,64,64,64,64,64,64],""sensorStatus"":[0,0,0,0,0,0,0,0],""featureOrder"":[""MQ8"",""MQ135"",""MQ3"",""MQ5"",""MQ4"",""MQ7"",""MQ6"",""MQ2""]},""alarmLatched"":false}"
2026-08-04 11:12:45.141 +07:00,324.022,HOT_SWEEP_70,70,700,300,1,0,0.114487186,0.004081928,0.004792382,-0.002547871,-0.009369066,-0.01129124,-0.019066846,-0.024789616,"{""deviceId"":""1001"",""nodeId"":4097,""targetChId"":""0010"",""mode"":""inference"",""uptimeMs"":6701480,""debugEnabled"":true,""power"":{""mode"":""24v"",""externalPower"":true,""batteryMv"":65535,""batteryValid"":false,""batteryDetected"":false,""batterySenseStatus"":""not_detected"",""batteryLow"":false,""batteryCritical"":false,""sourceAmbiguous"":false,""serviceHoldActive"":false,""serviceHoldEffective"":false},""batterySession"":{""state"":""inactive"",""startedMs"":0,""stateStartedMs"":0,""validSampleBatches"":0,""requiredSampleBatches"":10,""alarmTxAttempts"":0,""alarmTxAttemptLimit"":3,""alarmAckReceived"":false,""pendingAlarm"":false,""pendingSaveRequired"":false,""persistenceFaultHold"":false,""completionReason"":""session_done""},""bootHealth"":{""adsReady"":true,""adsDrdyLevel"":0,""adsDrdyPulldownLevel"":0,""adsDrdyPullupLevel"":0,""adsMisoPulldownLevel"":0,""adsMisoPullupLevel"":1,""adsCsLevel"":1,""adsSyncLevel"":1,""adsStatus"":54,""adsMux"":15,""adsAdcon"":6,""adsDrate"":240,""adsReason"":""ok"",""tcaOk"":true,""mcpOkCount"":8,""mcpOk"":[true,true,true,true,true,true,true,true],""mcpAddrMask"":[1,1,1,1,1,1,1,1],""mcpControlTested"":true,""mcpControlOkCount"":8,""mcpControlOk"":[true,true,true,true,true,true,true,true],""dacReady"":true,""radioReady"":true,""mlReady"":true,""nullingProfileApplied"":true,""modelProfileReady"":false},""runtimeMcpCode"":[255,519,795,706,799,865,665,139],""model"":{""profileId"":""cnn-dualbranch-datasheet-v1-unbound"",""scalerProfileId"":""cnn-dualbranch-datasheet-v1-unbound"",""productionApproved"":true,""boundNullingProfileId"":8,""activeNullingProfileId"":9,""bindingValid"":true,""bindingModelMatches"":true,""profileReady"":false,""inferenceValid"":false,""sensorFault"":true},""lora"":{""beginState"":0,""lastTxState"":0,""lastTxOk"":false,""txSeq"":0,""txCounter"":0,""aesKeyProvisioned"":true,""aesKeyPresent"":true,""aesKeySource"":""nvs"",""keyId"":1,""lastDownlinkCommandId"":0,""freqMHz"":920,""bwKHz"":125,""sf"":7,""cr"":5,""syncWord"":18,""txPowerDbm"":17,""preamble"":8,""tcxoVoltage"":1.600000024,""xtalVoltage"":0},""dataset"":{""state"":""idle"",""step"":""idle"",""label"":"""",""seq"":0,""targetSamples"":0,""sampleIntervalMs"":500,""maxDurationMs"":0,""useFanIntake"":true,""fanOnMs"":1000,""postFanSettleMs"":0,""nullingProfileId"":9,""queuePending"":0,""queueCapacity"":16,""queueEnqueued"":0,""queueDropped"":0,""publishFailCount"":0,""retryCount"":0,""retryFailCount"":0,""rejectedSamples"":0,""lastRejectReason"":""none"",""lastRejectChannel"":-1,""lastRejectOkFiniteCount"":0,""lastRejectStatus"":255,""lastRejectGain"":0,""lastRejectSaturated"":false},""recovery"":{""wifiReconnectCount"":0,""wifiReconnectFailCount"":0,""mqttReconnectCount"":0,""mqttConnectFailCount"":0,""lastMqttState"":0,""adsRecoveryCount"":0,""adsRecoveryFailCount"":0,""adsReadFailStreak"":0,""lastReason"":""none"",""lastRecoveryMs"":0,""bootRecoveryArmed"":false,""bootRecoveryDueMs"":0,""bootRecoveryReason"":""none"",""bootRecoveryNonAdsFailure"":false,""bootRecoveryRestartCount"":0},""nulling"":{""done"":false,""retryArmed"":false,""attemptCount"":0,""nextRetryMs"":0,""thresholdV"":9.999999747E-06,""minFinalV"":0},""telemetry"":{""valid"":true,""sampleMs"":6701058,""gasClass"":6,""gasName"":""CO2"",""confidence"":0,""alarm"":false,""sensorVoltage"":[0.114487186,0.004081928,0.004792382,-0.002547871,-0.009369066,-0.01129124,-0.019066846,-0.024789616],""sensorGain"":[32,64,64,64,64,64,64,64],""sensorStatus"":[0,0,0,0,0,0,0,0],""featureOrder"":[""MQ8"",""MQ135"",""MQ3"",""MQ5"",""MQ4"",""MQ7"",""MQ6"",""MQ2""]},""alarmLatched"":false}"
2026-08-04 11:12:45.828 +07:00,324.709,HOT_SWEEP_70,70,700,300,1,0,0.11406071499999999,0.004069658,0.004775162,-0.002533998,-0.009412428,-0.011583751,-0.019499801,-0.02524738,"{""deviceId"":""1001"",""nodeId"":4097,""targetChId"":""0010"",""mode"":""inference"",""uptimeMs"":6702165,""debugEnabled"":true,""power"":{""mode"":""24v"",""externalPower"":true,""batteryMv"":65535,""batteryValid"":false,""batteryDetected"":false,""batterySenseStatus"":""not_detected"",""batteryLow"":false,""batteryCritical"":false,""sourceAmbiguous"":false,""serviceHoldActive"":false,""serviceHoldEffective"":false},""batterySession"":{""state"":""inactive"",""startedMs"":0,""stateStartedMs"":0,""validSampleBatches"":0,""requiredSampleBatches"":10,""alarmTxAttempts"":0,""alarmTxAttemptLimit"":3,""alarmAckReceived"":false,""pendingAlarm"":false,""pendingSaveRequired"":false,""persistenceFaultHold"":false,""completionReason"":""session_done""},""bootHealth"":{""adsReady"":true,""adsDrdyLevel"":0,""adsDrdyPulldownLevel"":0,""adsDrdyPullupLevel"":0,""adsMisoPulldownLevel"":0,""adsMisoPullupLevel"":1,""adsCsLevel"":1,""adsSyncLevel"":1,""adsStatus"":54,""adsMux"":15,""adsAdcon"":6,""adsDrate"":240,""adsReason"":""ok"",""tcaOk"":true,""mcpOkCount"":8,""mcpOk"":[true,true,true,true,true,true,true,true],""mcpAddrMask"":[1,1,1,1,1,1,1,1],""mcpControlTested"":true,""mcpControlOkCount"":8,""mcpControlOk"":[true,true,true,true,true,true,true,true],""dacReady"":true,""radioReady"":true,""mlReady"":true,""nullingProfileApplied"":true,""modelProfileReady"":false},""runtimeMcpCode"":[255,519,795,706,799,865,665,139],""model"":{""profileId"":""cnn-dualbranch-datasheet-v1-unbound"",""scalerProfileId"":""cnn-dualbranch-datasheet-v1-unbound"",""productionApproved"":true,""boundNullingProfileId"":8,""activeNullingProfileId"":9,""bindingValid"":true,""bindingModelMatches"":true,""profileReady"":false,""inferenceValid"":false,""sensorFault"":true},""lora"":{""beginState"":0,""lastTxState"":0,""lastTxOk"":false,""txSeq"":0,""txCounter"":0,""aesKeyProvisioned"":true,""aesKeyPresent"":true,""aesKeySource"":""nvs"",""keyId"":1,""lastDownlinkCommandId"":0,""freqMHz"":920,""bwKHz"":125,""sf"":7,""cr"":5,""syncWord"":18,""txPowerDbm"":17,""preamble"":8,""tcxoVoltage"":1.600000024,""xtalVoltage"":0},""dataset"":{""state"":""idle"",""step"":""idle"",""label"":"""",""seq"":0,""targetSamples"":0,""sampleIntervalMs"":500,""maxDurationMs"":0,""useFanIntake"":true,""fanOnMs"":1000,""postFanSettleMs"":0,""nullingProfileId"":9,""queuePending"":0,""queueCapacity"":16,""queueEnqueued"":0,""queueDropped"":0,""publishFailCount"":0,""retryCount"":0,""retryFailCount"":0,""rejectedSamples"":0,""lastRejectReason"":""none"",""lastRejectChannel"":-1,""lastRejectOkFiniteCount"":0,""lastRejectStatus"":255,""lastRejectGain"":0,""lastRejectSaturated"":false},""recovery"":{""wifiReconnectCount"":0,""wifiReconnectFailCount"":0,""mqttReconnectCount"":0,""mqttConnectFailCount"":0,""lastMqttState"":0,""adsRecoveryCount"":0,""adsRecoveryFailCount"":0,""adsReadFailStreak"":0,""lastReason"":""none"",""lastRecoveryMs"":0,""bootRecoveryArmed"":false,""bootRecoveryDueMs"":0,""bootRecoveryReason"":""none"",""bootRecoveryNonAdsFailure"":false,""bootRecoveryRestartCount"":0},""nulling"":{""done"":false,""retryArmed"":false,""attemptCount"":0,""nextRetryMs"":0,""thresholdV"":9.999999747E-06,""minFinalV"":0},""telemetry"":{""valid"":true,""sampleMs"":6701758,""gasClass"":6,""gasName"":""CO2"",""confidence"":0,""alarm"":false,""sensorVoltage"":[0.114060715,0.004069658,0.004775162,-0.002533998,-0.009412428,-0.011583751,-0.019499801,-0.02524738],""sensorGain"":[32,64,64,64,64,64,64,64],""sensorStatus"":[0,0,0,0,0,0,0,0],""featureOrder"":[""MQ8"",""MQ135"",""MQ3"",""MQ5"",""MQ4"",""MQ7"",""MQ6"",""MQ2""]},""alarmLatched"":false}"
2026-08-04 11:12:46.506 +07:00,325.387,HOT_SWEEP_70,70,700,300,1,0,0.113935843,0.004078612,0.004765826,-0.00252039,-0.009425143,-0.011552667,-0.019569665,-0.02529515,"{""deviceId"":""1001"",""nodeId"":4097,""targetChId"":""0010"",""mode"":""inference"",""uptimeMs"":6702848,""debugEnabled"":true,""power"":{""mode"":""24v"",""externalPower"":true,""batteryMv"":65535,""batteryValid"":false,""batteryDetected"":false,""batterySenseStatus"":""not_detected"",""batteryLow"":false,""batteryCritical"":false,""sourceAmbiguous"":false,""serviceHoldActive"":false,""serviceHoldEffective"":false},""batterySession"":{""state"":""inactive"",""startedMs"":0,""stateStartedMs"":0,""validSampleBatches"":0,""requiredSampleBatches"":10,""alarmTxAttempts"":0,""alarmTxAttemptLimit"":3,""alarmAckReceived"":false,""pendingAlarm"":false,""pendingSaveRequired"":false,""persistenceFaultHold"":false,""completionReason"":""session_done""},""bootHealth"":{""adsReady"":true,""adsDrdyLevel"":0,""adsDrdyPulldownLevel"":0,""adsDrdyPullupLevel"":0,""adsMisoPulldownLevel"":0,""adsMisoPullupLevel"":1,""adsCsLevel"":1,""adsSyncLevel"":1,""adsStatus"":54,""adsMux"":15,""adsAdcon"":6,""adsDrate"":240,""adsReason"":""ok"",""tcaOk"":true,""mcpOkCount"":8,""mcpOk"":[true,true,true,true,true,true,true,true],""mcpAddrMask"":[1,1,1,1,1,1,1,1],""mcpControlTested"":true,""mcpControlOkCount"":8,""mcpControlOk"":[true,true,true,true,true,true,true,true],""dacReady"":true,""radioReady"":true,""mlReady"":true,""nullingProfileApplied"":true,""modelProfileReady"":false},""runtimeMcpCode"":[255,519,795,706,799,865,665,139],""model"":{""profileId"":""cnn-dualbranch-datasheet-v1-unbound"",""scalerProfileId"":""cnn-dualbranch-datasheet-v1-unbound"",""productionApproved"":true,""boundNullingProfileId"":8,""activeNullingProfileId"":9,""bindingValid"":true,""bindingModelMatches"":true,""profileReady"":false,""inferenceValid"":false,""sensorFault"":true},""lora"":{""beginState"":0,""lastTxState"":0,""lastTxOk"":false,""txSeq"":0,""txCounter"":0,""aesKeyProvisioned"":true,""aesKeyPresent"":true,""aesKeySource"":""nvs"",""keyId"":1,""lastDownlinkCommandId"":0,""freqMHz"":920,""bwKHz"":125,""sf"":7,""cr"":5,""syncWord"":18,""txPowerDbm"":17,""preamble"":8,""tcxoVoltage"":1.600000024,""xtalVoltage"":0},""dataset"":{""state"":""idle"",""step"":""idle"",""label"":"""",""seq"":0,""targetSamples"":0,""sampleIntervalMs"":500,""maxDurationMs"":0,""useFanIntake"":true,""fanOnMs"":1000,""postFanSettleMs"":0,""nullingProfileId"":9,""queuePending"":0,""queueCapacity"":16,""queueEnqueued"":0,""queueDropped"":0,""publishFailCount"":0,""retryCount"":0,""retryFailCount"":0,""rejectedSamples"":0,""lastRejectReason"":""none"",""lastRejectChannel"":-1,""lastRejectOkFiniteCount"":0,""lastRejectStatus"":255,""lastRejectGain"":0,""lastRejectSaturated"":false},""recovery"":{""wifiReconnectCount"":0,""wifiReconnectFailCount"":0,""mqttReconnectCount"":0,""mqttConnectFailCount"":0,""lastMqttState"":0,""adsRecoveryCount"":0,""adsRecoveryFailCount"":0,""adsReadFailStreak"":0,""lastReason"":""none"",""lastRecoveryMs"":0,""bootRecoveryArmed"":false,""bootRecoveryDueMs"":0,""bootRecoveryReason"":""none"",""bootRecoveryNonAdsFailure"":false,""bootRecoveryRestartCount"":0},""nulling"":{""done"":false,""retryArmed"":false,""attemptCount"":0,""nextRetryMs"":0,""thresholdV"":9.999999747E-06,""minFinalV"":0},""telemetry"":{""valid"":true,""sampleMs"":6702475,""gasClass"":6,""gasName"":""CO2"",""confidence"":0,""alarm"":false,""sensorVoltage"":[0.113935843,0.004078612,0.004765826,-0.00252039,-0.009425143,-0.011552667,-0.019569665,-0.02529515],""sensorGain"":[32,64,64,64,64,64,64,64],""sensorStatus"":[0,0,0,0,0,0,0,0],""featureOrder"":[""MQ8"",""MQ135"",""MQ3"",""MQ5"",""MQ4"",""MQ7"",""MQ6"",""MQ2""]},""alarmLatched"":false}"
2026-08-04 11:12:47.190 +07:00,326.071,HOT_SWEEP_70,70,700,300,1,0,0.115153931,0.003955422,0.004681835,-0.002504894,-0.009282221,-0.011340269,-0.019587705,-0.025296062,"{""deviceId"":""1001"",""nodeId"":4097,""targetChId"":""0010"",""mode"":""inference"",""uptimeMs"":6703530,""debugEnabled"":true,""power"":{""mode"":""24v"",""externalPower"":true,""batteryMv"":65535,""batteryValid"":false,""batteryDetected"":false,""batterySenseStatus"":""not_detected"",""batteryLow"":false,""batteryCritical"":false,""sourceAmbiguous"":false,""serviceHoldActive"":false,""serviceHoldEffective"":false},""batterySession"":{""state"":""inactive"",""startedMs"":0,""stateStartedMs"":0,""validSampleBatches"":0,""requiredSampleBatches"":10,""alarmTxAttempts"":0,""alarmTxAttemptLimit"":3,""alarmAckReceived"":false,""pendingAlarm"":false,""pendingSaveRequired"":false,""persistenceFaultHold"":false,""completionReason"":""session_done""},""bootHealth"":{""adsReady"":true,""adsDrdyLevel"":0,""adsDrdyPulldownLevel"":0,""adsDrdyPullupLevel"":0,""adsMisoPulldownLevel"":0,""adsMisoPullupLevel"":1,""adsCsLevel"":1,""adsSyncLevel"":1,""adsStatus"":54,""adsMux"":15,""adsAdcon"":6,""adsDrate"":240,""adsReason"":""ok"",""tcaOk"":true,""mcpOkCount"":8,""mcpOk"":[true,true,true,true,true,true,true,true],""mcpAddrMask"":[1,1,1,1,1,1,1,1],""mcpControlTested"":true,""mcpControlOkCount"":8,""mcpControlOk"":[true,true,true,true,true,true,true,true],""dacReady"":true,""radioReady"":true,""mlReady"":true,""nullingProfileApplied"":true,""modelProfileReady"":false},""runtimeMcpCode"":[255,519,795,706,799,865,665,139],""model"":{""profileId"":""cnn-dualbranch-datasheet-v1-unbound"",""scalerProfileId"":""cnn-dualbranch-datasheet-v1-unbound"",""productionApproved"":true,""boundNullingProfileId"":8,""activeNullingProfileId"":9,""bindingValid"":true,""bindingModelMatches"":true,""profileReady"":false,""inferenceValid"":false,""sensorFault"":true},""lora"":{""beginState"":0,""lastTxState"":0,""lastTxOk"":false,""txSeq"":0,""txCounter"":0,""aesKeyProvisioned"":true,""aesKeyPresent"":true,""aesKeySource"":""nvs"",""keyId"":1,""lastDownlinkCommandId"":0,""freqMHz"":920,""bwKHz"":125,""sf"":7,""cr"":5,""syncWord"":18,""txPowerDbm"":17,""preamble"":8,""tcxoVoltage"":1.600000024,""xtalVoltage"":0},""dataset"":{""state"":""idle"",""step"":""idle"",""label"":"""",""seq"":0,""targetSamples"":0,""sampleIntervalMs"":500,""maxDurationMs"":0,""useFanIntake"":true,""fanOnMs"":1000,""postFanSettleMs"":0,""nullingProfileId"":9,""queuePending"":0,""queueCapacity"":16,""queueEnqueued"":0,""queueDropped"":0,""publishFailCount"":0,""retryCount"":0,""retryFailCount"":0,""rejectedSamples"":0,""lastRejectReason"":""none"",""lastRejectChannel"":-1,""lastRejectOkFiniteCount"":0,""lastRejectStatus"":255,""lastRejectGain"":0,""lastRejectSaturated"":false},""recovery"":{""wifiReconnectCount"":0,""wifiReconnectFailCount"":0,""mqttReconnectCount"":0,""mqttConnectFailCount"":0,""lastMqttState"":0,""adsRecoveryCount"":0,""adsRecoveryFailCount"":0,""adsReadFailStreak"":0,""lastReason"":""none"",""lastRecoveryMs"":0,""bootRecoveryArmed"":false,""bootRecoveryDueMs"":0,""bootRecoveryReason"":""none"",""bootRecoveryNonAdsFailure"":false,""bootRecoveryRestartCount"":0},""nulling"":{""done"":false,""retryArmed"":false,""attemptCount"":0,""nextRetryMs"":0,""thresholdV"":9.999999747E-06,""minFinalV"":0},""telemetry"":{""valid"":true,""sampleMs"":6703126,""gasClass"":6,""gasName"":""CO2"",""confidence"":0,""alarm"":false,""sensorVoltage"":[0.115153931,0.003955422,0.004681835,-0.002504894,-0.009282221,-0.011340269,-0.019587705,-0.025296062],""sensorGain"":[32,64,64,64,64,64,64,64],""sensorStatus"":[0,0,0,0,0,0,0,0],""featureOrder"":[""MQ8"",""MQ135"",""MQ3"",""MQ5"",""MQ4"",""MQ7"",""MQ6"",""MQ2""]},""alarmLatched"":false}"
2026-08-04 11:12:47.869 +07:00,326.750,HOT_SWEEP_70,70,700,300,1,0,0.114830971,0.003945535,0.004756138,-0.002590545,-0.009512288,-0.01164721,-0.020009946,-0.025300656,"{""deviceId"":""1001"",""nodeId"":4097,""targetChId"":""0010"",""mode"":""inference"",""uptimeMs"":6704216,""debugEnabled"":true,""power"":{""mode"":""24v"",""externalPower"":true,""batteryMv"":65535,""batteryValid"":false,""batteryDetected"":false,""batterySenseStatus"":""not_detected"",""batteryLow"":false,""batteryCritical"":false,""sourceAmbiguous"":false,""serviceHoldActive"":false,""serviceHoldEffective"":false},""batterySession"":{""state"":""inactive"",""startedMs"":0,""stateStartedMs"":0,""validSampleBatches"":0,""requiredSampleBatches"":10,""alarmTxAttempts"":0,""alarmTxAttemptLimit"":3,""alarmAckReceived"":false,""pendingAlarm"":false,""pendingSaveRequired"":false,""persistenceFaultHold"":false,""completionReason"":""session_done""},""bootHealth"":{""adsReady"":true,""adsDrdyLevel"":0,""adsDrdyPulldownLevel"":0,""adsDrdyPullupLevel"":0,""adsMisoPulldownLevel"":0,""adsMisoPullupLevel"":1,""adsCsLevel"":1,""adsSyncLevel"":1,""adsStatus"":54,""adsMux"":15,""adsAdcon"":6,""adsDrate"":240,""adsReason"":""ok"",""tcaOk"":true,""mcpOkCount"":8,""mcpOk"":[true,true,true,true,true,true,true,true],""mcpAddrMask"":[1,1,1,1,1,1,1,1],""mcpControlTested"":true,""mcpControlOkCount"":8,""mcpControlOk"":[true,true,true,true,true,true,true,true],""dacReady"":true,""radioReady"":true,""mlReady"":true,""nullingProfileApplied"":true,""modelProfileReady"":false},""runtimeMcpCode"":[255,519,795,706,799,865,665,139],""model"":{""profileId"":""cnn-dualbranch-datasheet-v1-unbound"",""scalerProfileId"":""cnn-dualbranch-datasheet-v1-unbound"",""productionApproved"":true,""boundNullingProfileId"":8,""activeNullingProfileId"":9,""bindingValid"":true,""bindingModelMatches"":true,""profileReady"":false,""inferenceValid"":false,""sensorFault"":true},""lora"":{""beginState"":0,""lastTxState"":0,""lastTxOk"":false,""txSeq"":0,""txCounter"":0,""aesKeyProvisioned"":true,""aesKeyPresent"":true,""aesKeySource"":""nvs"",""keyId"":1,""lastDownlinkCommandId"":0,""freqMHz"":920,""bwKHz"":125,""sf"":7,""cr"":5,""syncWord"":18,""txPowerDbm"":17,""preamble"":8,""tcxoVoltage"":1.600000024,""xtalVoltage"":0},""dataset"":{""state"":""idle"",""step"":""idle"",""label"":"""",""seq"":0,""targetSamples"":0,""sampleIntervalMs"":500,""maxDurationMs"":0,""useFanIntake"":true,""fanOnMs"":1000,""postFanSettleMs"":0,""nullingProfileId"":9,""queuePending"":0,""queueCapacity"":16,""queueEnqueued"":0,""queueDropped"":0,""publishFailCount"":0,""retryCount"":0,""retryFailCount"":0,""rejectedSamples"":0,""lastRejectReason"":""none"",""lastRejectChannel"":-1,""lastRejectOkFiniteCount"":0,""lastRejectStatus"":255,""lastRejectGain"":0,""lastRejectSaturated"":false},""recovery"":{""wifiReconnectCount"":0,""wifiReconnectFailCount"":0,""mqttReconnectCount"":0,""mqttConnectFailCount"":0,""lastMqttState"":0,""adsRecoveryCount"":0,""adsRecoveryFailCount"":0,""adsReadFailStreak"":0,""lastReason"":""none"",""lastRecoveryMs"":0,""bootRecoveryArmed"":false,""bootRecoveryDueMs"":0,""bootRecoveryReason"":""none"",""bootRecoveryNonAdsFailure"":false,""bootRecoveryRestartCount"":0},""nulling"":{""done"":false,""retryArmed"":false,""attemptCount"":0,""nextRetryMs"":0,""thresholdV"":9.999999747E-06,""minFinalV"":0},""telemetry"":{""valid"":true,""sampleMs"":6703808,""gasClass"":6,""gasName"":""CO2"",""confidence"":0,""alarm"":false,""sensorVoltage"":[0.114830971,0.003945535,0.004756138,-0.002590545,-0.009512288,-0.01164721,-0.020009946,-0.025300656],""sensorGain"":[32,64,64,64,64,64,64,64],""sensorStatus"":[0,0,0,0,0,0,0,0],""featureOrder"":[""MQ8"",""MQ135"",""MQ3"",""MQ5"",""MQ4"",""MQ7"",""MQ6"",""MQ2""]},""alarmLatched"":false}"
2026-08-04 11:12:48.571 +07:00,327.452,HOT_SWEEP_70,70,700,300,1,0,0.114682019,0.003943933,0.004745814,-0.00258485,-0.009516209,-0.011658608,-0.019998908,-0.025309548,"{""deviceId"":""1001"",""nodeId"":4097,""targetChId"":""0010"",""mode"":""inference"",""uptimeMs"":6704909,""debugEnabled"":true,""power"":{""mode"":""24v"",""externalPower"":true,""batteryMv"":65535,""batteryValid"":false,""batteryDetected"":false,""batterySenseStatus"":""not_detected"",""batteryLow"":false,""batteryCritical"":false,""sourceAmbiguous"":false,""serviceHoldActive"":false,""serviceHoldEffective"":false},""batterySession"":{""state"":""inactive"",""startedMs"":0,""stateStartedMs"":0,""validSampleBatches"":0,""requiredSampleBatches"":10,""alarmTxAttempts"":0,""alarmTxAttemptLimit"":3,""alarmAckReceived"":false,""pendingAlarm"":false,""pendingSaveRequired"":false,""persistenceFaultHold"":false,""completionReason"":""session_done""},""bootHealth"":{""adsReady"":true,""adsDrdyLevel"":0,""adsDrdyPulldownLevel"":0,""adsDrdyPullupLevel"":0,""adsMisoPulldownLevel"":0,""adsMisoPullupLevel"":1,""adsCsLevel"":1,""adsSyncLevel"":1,""adsStatus"":54,""adsMux"":15,""adsAdcon"":6,""adsDrate"":240,""adsReason"":""ok"",""tcaOk"":true,""mcpOkCount"":8,""mcpOk"":[true,true,true,true,true,true,true,true],""mcpAddrMask"":[1,1,1,1,1,1,1,1],""mcpControlTested"":true,""mcpControlOkCount"":8,""mcpControlOk"":[true,true,true,true,true,true,true,true],""dacReady"":true,""radioReady"":true,""mlReady"":true,""nullingProfileApplied"":true,""modelProfileReady"":false},""runtimeMcpCode"":[255,519,795,706,799,865,665,139],""model"":{""profileId"":""cnn-dualbranch-datasheet-v1-unbound"",""scalerProfileId"":""cnn-dualbranch-datasheet-v1-unbound"",""productionApproved"":true,""boundNullingProfileId"":8,""activeNullingProfileId"":9,""bindingValid"":true,""bindingModelMatches"":true,""profileReady"":false,""inferenceValid"":false,""sensorFault"":true},""lora"":{""beginState"":0,""lastTxState"":0,""lastTxOk"":false,""txSeq"":0,""txCounter"":0,""aesKeyProvisioned"":true,""aesKeyPresent"":true,""aesKeySource"":""nvs"",""keyId"":1,""lastDownlinkCommandId"":0,""freqMHz"":920,""bwKHz"":125,""sf"":7,""cr"":5,""syncWord"":18,""txPowerDbm"":17,""preamble"":8,""tcxoVoltage"":1.600000024,""xtalVoltage"":0},""dataset"":{""state"":""idle"",""step"":""idle"",""label"":"""",""seq"":0,""targetSamples"":0,""sampleIntervalMs"":500,""maxDurationMs"":0,""useFanIntake"":true,""fanOnMs"":1000,""postFanSettleMs"":0,""nullingProfileId"":9,""queuePending"":0,""queueCapacity"":16,""queueEnqueued"":0,""queueDropped"":0,""publishFailCount"":0,""retryCount"":0,""retryFailCount"":0,""rejectedSamples"":0,""lastRejectReason"":""none"",""lastRejectChannel"":-1,""lastRejectOkFiniteCount"":0,""lastRejectStatus"":255,""lastRejectGain"":0,""lastRejectSaturated"":false},""recovery"":{""wifiReconnectCount"":0,""wifiReconnectFailCount"":0,""mqttReconnectCount"":0,""mqttConnectFailCount"":0,""lastMqttState"":0,""adsRecoveryCount"":0,""adsRecoveryFailCount"":0,""adsReadFailStreak"":0,""lastReason"":""none"",""lastRecoveryMs"":0,""bootRecoveryArmed"":false,""bootRecoveryDueMs"":0,""bootRecoveryReason"":""none"",""bootRecoveryNonAdsFailure"":false,""bootRecoveryRestartCount"":0},""nulling"":{""done"":false,""retryArmed"":false,""attemptCount"":0,""nextRetryMs"":0,""thresholdV"":9.999999747E-06,""minFinalV"":0},""telemetry"":{""valid"":true,""sampleMs"":6704526,""gasClass"":6,""gasName"":""CO2"",""confidence"":0,""alarm"":false,""sensorVoltage"":[0.114682019,0.003943933,0.004745814,-0.00258485,-0.009516209,-0.011658608,-0.019998908,-0.025309548],""sensorGain"":[32,64,64,64,64,64,64,64],""sensorStatus"":[0,0,0,0,0,0,0,0],""featureOrder"":[""MQ8"",""MQ135"",""MQ3"",""MQ5"",""MQ4"",""MQ7"",""MQ6"",""MQ2""]},""alarmLatched"":false}"
2026-08-04 11:12:49.259 +07:00,328.140,HOT_SWEEP_70,70,700,300,1,0,0.115747608,0.003877383,0.004759097,-0.002626222,-0.009507761,-0.011636267,-0.020072345,-0.025354782,"{""deviceId"":""1001"",""nodeId"":4097,""targetChId"":""0010"",""mode"":""inference"",""uptimeMs"":6705597,""debugEnabled"":true,""power"":{""mode"":""24v"",""externalPower"":true,""batteryMv"":65535,""batteryValid"":false,""batteryDetected"":false,""batterySenseStatus"":""not_detected"",""batteryLow"":false,""batteryCritical"":false,""sourceAmbiguous"":false,""serviceHoldActive"":false,""serviceHoldEffective"":false},""batterySession"":{""state"":""inactive"",""startedMs"":0,""stateStartedMs"":0,""validSampleBatches"":0,""requiredSampleBatches"":10,""alarmTxAttempts"":0,""alarmTxAttemptLimit"":3,""alarmAckReceived"":false,""pendingAlarm"":false,""pendingSaveRequired"":false,""persistenceFaultHold"":false,""completionReason"":""session_done""},""bootHealth"":{""adsReady"":true,""adsDrdyLevel"":0,""adsDrdyPulldownLevel"":0,""adsDrdyPullupLevel"":0,""adsMisoPulldownLevel"":0,""adsMisoPullupLevel"":1,""adsCsLevel"":1,""adsSyncLevel"":1,""adsStatus"":54,""adsMux"":15,""adsAdcon"":6,""adsDrate"":240,""adsReason"":""ok"",""tcaOk"":true,""mcpOkCount"":8,""mcpOk"":[true,true,true,true,true,true,true,true],""mcpAddrMask"":[1,1,1,1,1,1,1,1],""mcpControlTested"":true,""mcpControlOkCount"":8,""mcpControlOk"":[true,true,true,true,true,true,true,true],""dacReady"":true,""radioReady"":true,""mlReady"":true,""nullingProfileApplied"":true,""modelProfileReady"":false},""runtimeMcpCode"":[255,519,795,706,799,865,665,139],""model"":{""profileId"":""cnn-dualbranch-datasheet-v1-unbound"",""scalerProfileId"":""cnn-dualbranch-datasheet-v1-unbound"",""productionApproved"":true,""boundNullingProfileId"":8,""activeNullingProfileId"":9,""bindingValid"":true,""bindingModelMatches"":true,""profileReady"":false,""inferenceValid"":false,""sensorFault"":true},""lora"":{""beginState"":0,""lastTxState"":0,""lastTxOk"":false,""txSeq"":0,""txCounter"":0,""aesKeyProvisioned"":true,""aesKeyPresent"":true,""aesKeySource"":""nvs"",""keyId"":1,""lastDownlinkCommandId"":0,""freqMHz"":920,""bwKHz"":125,""sf"":7,""cr"":5,""syncWord"":18,""txPowerDbm"":17,""preamble"":8,""tcxoVoltage"":1.600000024,""xtalVoltage"":0},""dataset"":{""state"":""idle"",""step"":""idle"",""label"":"""",""seq"":0,""targetSamples"":0,""sampleIntervalMs"":500,""maxDurationMs"":0,""useFanIntake"":true,""fanOnMs"":1000,""postFanSettleMs"":0,""nullingProfileId"":9,""queuePending"":0,""queueCapacity"":16,""queueEnqueued"":0,""queueDropped"":0,""publishFailCount"":0,""retryCount"":0,""retryFailCount"":0,""rejectedSamples"":0,""lastRejectReason"":""none"",""lastRejectChannel"":-1,""lastRejectOkFiniteCount"":0,""lastRejectStatus"":255,""lastRejectGain"":0,""lastRejectSaturated"":false},""recovery"":{""wifiReconnectCount"":0,""wifiReconnectFailCount"":0,""mqttReconnectCount"":0,""mqttConnectFailCount"":0,""lastMqttState"":0,""adsRecoveryCount"":0,""adsRecoveryFailCount"":0,""adsReadFailStreak"":0,""lastReason"":""none"",""lastRecoveryMs"":0,""bootRecoveryArmed"":false,""bootRecoveryDueMs"":0,""bootRecoveryReason"":""none"",""bootRecoveryNonAdsFailure"":false,""bootRecoveryRestartCount"":0},""nulling"":{""done"":false,""retryArmed"":false,""attemptCount"":0,""nextRetryMs"":0,""thresholdV"":9.999999747E-06,""minFinalV"":0},""telemetry"":{""valid"":true,""sampleMs"":6705187,""gasClass"":6,""gasName"":""CO2"",""confidence"":0,""alarm"":false,""sensorVoltage"":[0.115747608,0.003877383,0.004759097,-0.002626222,-0.009507761,-0.011636267,-0.020072345,-0.025354782],""sensorGain"":[32,64,64,64,64,64,64,64],""sensorStatus"":[0,0,0,0,0,0,0,0],""featureOrder"":[""MQ8"",""MQ135"",""MQ3"",""MQ5"",""MQ4"",""MQ7"",""MQ6"",""MQ2""]},""alarmLatched"":false}"
2026-08-04 11:12:49.939 +07:00,328.820,HOT_SWEEP_70,70,700,300,1,0,0.115283571,0.00392706,0.004745209,-0.002663855,-0.009522509,-0.011660984,-0.020056613,-0.02535007,"{""deviceId"":""1001"",""nodeId"":4097,""targetChId"":""0010"",""mode"":""inference"",""uptimeMs"":6706279,""debugEnabled"":true,""power"":{""mode"":""24v"",""externalPower"":true,""batteryMv"":65535,""batteryValid"":false,""batteryDetected"":false,""batterySenseStatus"":""not_detected"",""batteryLow"":false,""batteryCritical"":false,""sourceAmbiguous"":false,""serviceHoldActive"":false,""serviceHoldEffective"":false},""batterySession"":{""state"":""inactive"",""startedMs"":0,""stateStartedMs"":0,""validSampleBatches"":0,""requiredSampleBatches"":10,""alarmTxAttempts"":0,""alarmTxAttemptLimit"":3,""alarmAckReceived"":false,""pendingAlarm"":false,""pendingSaveRequired"":false,""persistenceFaultHold"":false,""completionReason"":""session_done""},""bootHealth"":{""adsReady"":true,""adsDrdyLevel"":0,""adsDrdyPulldownLevel"":0,""adsDrdyPullupLevel"":0,""adsMisoPulldownLevel"":0,""adsMisoPullupLevel"":1,""adsCsLevel"":1,""adsSyncLevel"":1,""adsStatus"":54,""adsMux"":15,""adsAdcon"":6,""adsDrate"":240,""adsReason"":""ok"",""tcaOk"":true,""mcpOkCount"":8,""mcpOk"":[true,true,true,true,true,true,true,true],""mcpAddrMask"":[1,1,1,1,1,1,1,1],""mcpControlTested"":true,""mcpControlOkCount"":8,""mcpControlOk"":[true,true,true,true,true,true,true,true],""dacReady"":true,""radioReady"":true,""mlReady"":true,""nullingProfileApplied"":true,""modelProfileReady"":false},""runtimeMcpCode"":[255,519,795,706,799,865,665,139],""model"":{""profileId"":""cnn-dualbranch-datasheet-v1-unbound"",""scalerProfileId"":""cnn-dualbranch-datasheet-v1-unbound"",""productionApproved"":true,""boundNullingProfileId"":8,""activeNullingProfileId"":9,""bindingValid"":true,""bindingModelMatches"":true,""profileReady"":false,""inferenceValid"":false,""sensorFault"":true},""lora"":{""beginState"":0,""lastTxState"":0,""lastTxOk"":false,""txSeq"":0,""txCounter"":0,""aesKeyProvisioned"":true,""aesKeyPresent"":true,""aesKeySource"":""nvs"",""keyId"":1,""lastDownlinkCommandId"":0,""freqMHz"":920,""bwKHz"":125,""sf"":7,""cr"":5,""syncWord"":18,""txPowerDbm"":17,""preamble"":8,""tcxoVoltage"":1.600000024,""xtalVoltage"":0},""dataset"":{""state"":""idle"",""step"":""idle"",""label"":"""",""seq"":0,""targetSamples"":0,""sampleIntervalMs"":500,""maxDurationMs"":0,""useFanIntake"":true,""fanOnMs"":1000,""postFanSettleMs"":0,""nullingProfileId"":9,""queuePending"":0,""queueCapacity"":16,""queueEnqueued"":0,""queueDropped"":0,""publishFailCount"":0,""retryCount"":0,""retryFailCount"":0,""rejectedSamples"":0,""lastRejectReason"":""none"",""lastRejectChannel"":-1,""lastRejectOkFiniteCount"":0,""lastRejectStatus"":255,""lastRejectGain"":0,""lastRejectSaturated"":false},""recovery"":{""wifiReconnectCount"":0,""wifiReconnectFailCount"":0,""mqttReconnectCount"":0,""mqttConnectFailCount"":0,""lastMqttState"":0,""adsRecoveryCount"":0,""adsRecoveryFailCount"":0,""adsReadFailStreak"":0,""lastReason"":""none"",""lastRecoveryMs"":0,""bootRecoveryArmed"":false,""bootRecoveryDueMs"":0,""bootRecoveryReason"":""none"",""bootRecoveryNonAdsFailure"":false,""bootRecoveryRestartCount"":0},""nulling"":{""done"":false,""retryArmed"":false,""attemptCount"":0,""nextRetryMs"":0,""thresholdV"":9.999999747E-06,""minFinalV"":0},""telemetry"":{""valid"":true,""sampleMs"":6705875,""gasClass"":6,""gasName"":""CO2"",""confidence"":0,""alarm"":false,""sensorVoltage"":[0.115283571,0.00392706,0.004745209,-0.002663855,-0.009522509,-0.011660984,-0.020056613,-0.02535007],""sensorGain"":[32,64,64,64,64,64,64,64],""sensorStatus"":[0,0,0,0,0,0,0,0],""featureOrder"":[""MQ8"",""MQ135"",""MQ3"",""MQ5"",""MQ4"",""MQ7"",""MQ6"",""MQ2""]},""alarmLatched"":false}"
2026-08-04 11:12:50.621 +07:00,329.502,HOT_SWEEP_70,70,700,300,1,0,0.114961885,0.003931339,0.004808837,-0.002661648,-0.009497268,-0.011667516,-0.020051574,-0.025378313,"{""deviceId"":""1001"",""nodeId"":4097,""targetChId"":""0010"",""mode"":""inference"",""uptimeMs"":6706963,""debugEnabled"":true,""power"":{""mode"":""24v"",""externalPower"":true,""batteryMv"":65535,""batteryValid"":false,""batteryDetected"":false,""batterySenseStatus"":""not_detected"",""batteryLow"":false,""batteryCritical"":false,""sourceAmbiguous"":false,""serviceHoldActive"":false,""serviceHoldEffective"":false},""batterySession"":{""state"":""inactive"",""startedMs"":0,""stateStartedMs"":0,""validSampleBatches"":0,""requiredSampleBatches"":10,""alarmTxAttempts"":0,""alarmTxAttemptLimit"":3,""alarmAckReceived"":false,""pendingAlarm"":false,""pendingSaveRequired"":false,""persistenceFaultHold"":false,""completionReason"":""session_done""},""bootHealth"":{""adsReady"":true,""adsDrdyLevel"":0,""adsDrdyPulldownLevel"":0,""adsDrdyPullupLevel"":0,""adsMisoPulldownLevel"":0,""adsMisoPullupLevel"":1,""adsCsLevel"":1,""adsSyncLevel"":1,""adsStatus"":54,""adsMux"":15,""adsAdcon"":6,""adsDrate"":240,""adsReason"":""ok"",""tcaOk"":true,""mcpOkCount"":8,""mcpOk"":[true,true,true,true,true,true,true,true],""mcpAddrMask"":[1,1,1,1,1,1,1,1],""mcpControlTested"":true,""mcpControlOkCount"":8,""mcpControlOk"":[true,true,true,true,true,true,true,true],""dacReady"":true,""radioReady"":true,""mlReady"":true,""nullingProfileApplied"":true,""modelProfileReady"":false},""runtimeMcpCode"":[255,519,795,706,799,865,665,139],""model"":{""profileId"":""cnn-dualbranch-datasheet-v1-unbound"",""scalerProfileId"":""cnn-dualbranch-datasheet-v1-unbound"",""productionApproved"":true,""boundNullingProfileId"":8,""activeNullingProfileId"":9,""bindingValid"":true,""bindingModelMatches"":true,""profileReady"":false,""inferenceValid"":false,""sensorFault"":true},""lora"":{""beginState"":0,""lastTxState"":0,""lastTxOk"":false,""txSeq"":0,""txCounter"":0,""aesKeyProvisioned"":true,""aesKeyPresent"":true,""aesKeySource"":""nvs"",""keyId"":1,""lastDownlinkCommandId"":0,""freqMHz"":920,""bwKHz"":125,""sf"":7,""cr"":5,""syncWord"":18,""txPowerDbm"":17,""preamble"":8,""tcxoVoltage"":1.600000024,""xtalVoltage"":0},""dataset"":{""state"":""idle"",""step"":""idle"",""label"":"""",""seq"":0,""targetSamples"":0,""sampleIntervalMs"":500,""maxDurationMs"":0,""useFanIntake"":true,""fanOnMs"":1000,""postFanSettleMs"":0,""nullingProfileId"":9,""queuePending"":0,""queueCapacity"":16,""queueEnqueued"":0,""queueDropped"":0,""publishFailCount"":0,""retryCount"":0,""retryFailCount"":0,""rejectedSamples"":0,""lastRejectReason"":""none"",""lastRejectChannel"":-1,""lastRejectOkFiniteCount"":0,""lastRejectStatus"":255,""lastRejectGain"":0,""lastRejectSaturated"":false},""recovery"":{""wifiReconnectCount"":0,""wifiReconnectFailCount"":0,""mqttReconnectCount"":0,""mqttConnectFailCount"":0,""lastMqttState"":0,""adsRecoveryCount"":0,""adsRecoveryFailCount"":0,""adsReadFailStreak"":0,""lastReason"":""none"",""lastRecoveryMs"":0,""bootRecoveryArmed"":false,""bootRecoveryDueMs"":0,""bootRecoveryReason"":""none"",""bootRecoveryNonAdsFailure"":false,""bootRecoveryRestartCount"":0},""nulling"":{""done"":false,""retryArmed"":false,""attemptCount"":0,""nextRetryMs"":0,""thresholdV"":9.999999747E-06,""minFinalV"":0},""telemetry"":{""valid"":true,""sampleMs"":6706589,""gasClass"":6,""gasName"":""CO2"",""confidence"":0,""alarm"":false,""sensorVoltage"":[0.114961885,0.003931339,0.004808837,-0.002661648,-0.009497268,-0.011667516,-0.020051574,-0.025378313],""sensorGain"":[32,64,64,64,64,64,64,64],""sensorStatus"":[0,0,0,0,0,0,0,0],""featureOrder"":[""MQ8"",""MQ135"",""MQ3"",""MQ5"",""MQ4"",""MQ7"",""MQ6"",""MQ2""]},""alarmLatched"":false}"
2026-08-04 11:12:51.343 +07:00,330.218,HOT_SWEEP_70,70,700,300,1,0,0.1158944,0.003932033,0.004840593,-0.002658365,-0.009489019,-0.011701098,-0.02006435,-0.025359428,"{""deviceId"":""1001"",""nodeId"":4097,""targetChId"":""0010"",""mode"":""inference"",""uptimeMs"":6707676,""debugEnabled"":true,""power"":{""mode"":""24v"",""externalPower"":true,""batteryMv"":65535,""batteryValid"":false,""batteryDetected"":false,""batterySenseStatus"":""not_detected"",""batteryLow"":false,""batteryCritical"":false,""sourceAmbiguous"":false,""serviceHoldActive"":false,""serviceHoldEffective"":false},""batterySession"":{""state"":""inactive"",""startedMs"":0,""stateStartedMs"":0,""validSampleBatches"":0,""requiredSampleBatches"":10,""alarmTxAttempts"":0,""alarmTxAttemptLimit"":3,""alarmAckReceived"":false,""pendingAlarm"":false,""pendingSaveRequired"":false,""persistenceFaultHold"":false,""completionReason"":""session_done""},""bootHealth"":{""adsReady"":true,""adsDrdyLevel"":0,""adsDrdyPulldownLevel"":0,""adsDrdyPullupLevel"":0,""adsMisoPulldownLevel"":0,""adsMisoPullupLevel"":1,""adsCsLevel"":1,""adsSyncLevel"":1,""adsStatus"":54,""adsMux"":15,""adsAdcon"":6,""adsDrate"":240,""adsReason"":""ok"",""tcaOk"":true,""mcpOkCount"":8,""mcpOk"":[true,true,true,true,true,true,true,true],""mcpAddrMask"":[1,1,1,1,1,1,1,1],""mcpControlTested"":true,""mcpControlOkCount"":8,""mcpControlOk"":[true,true,true,true,true,true,true,true],""dacReady"":true,""radioReady"":true,""mlReady"":true,""nullingProfileApplied"":true,""modelProfileReady"":false},""runtimeMcpCode"":[255,519,795,706,799,865,665,139],""model"":{""profileId"":""cnn-dualbranch-datasheet-v1-unbound"",""scalerProfileId"":""cnn-dualbranch-datasheet-v1-unbound"",""productionApproved"":true,""boundNullingProfileId"":8,""activeNullingProfileId"":9,""bindingValid"":true,""bindingModelMatches"":true,""profileReady"":false,""inferenceValid"":false,""sensorFault"":true},""lora"":{""beginState"":0,""lastTxState"":0,""lastTxOk"":false,""txSeq"":0,""txCounter"":0,""aesKeyProvisioned"":true,""aesKeyPresent"":true,""aesKeySource"":""nvs"",""keyId"":1,""lastDownlinkCommandId"":0,""freqMHz"":920,""bwKHz"":125,""sf"":7,""cr"":5,""syncWord"":18,""txPowerDbm"":17,""preamble"":8,""tcxoVoltage"":1.600000024,""xtalVoltage"":0},""dataset"":{""state"":""idle"",""step"":""idle"",""label"":"""",""seq"":0,""targetSamples"":0,""sampleIntervalMs"":500,""maxDurationMs"":0,""useFanIntake"":true,""fanOnMs"":1000,""postFanSettleMs"":0,""nullingProfileId"":9,""queuePending"":0,""queueCapacity"":16,""queueEnqueued"":0,""queueDropped"":0,""publishFailCount"":0,""retryCount"":0,""retryFailCount"":0,""rejectedSamples"":0,""lastRejectReason"":""none"",""lastRejectChannel"":-1,""lastRejectOkFiniteCount"":0,""lastRejectStatus"":255,""lastRejectGain"":0,""lastRejectSaturated"":false},""recovery"":{""wifiReconnectCount"":0,""wifiReconnectFailCount"":0,""mqttReconnectCount"":0,""mqttConnectFailCount"":0,""lastMqttState"":0,""adsRecoveryCount"":0,""adsRecoveryFailCount"":0,""adsReadFailStreak"":0,""lastReason"":""none"",""lastRecoveryMs"":0,""bootRecoveryArmed"":false,""bootRecoveryDueMs"":0,""bootRecoveryReason"":""none"",""bootRecoveryNonAdsFailure"":false,""bootRecoveryRestartCount"":0},""nulling"":{""done"":false,""retryArmed"":false,""attemptCount"":0,""nextRetryMs"":0,""thresholdV"":9.999999747E-06,""minFinalV"":0},""telemetry"":{""valid"":true,""sampleMs"":6707241,""gasClass"":6,""gasName"":""CO2"",""confidence"":0,""alarm"":false,""sensorVoltage"":[0.1158944,0.003932033,0.004840593,-0.002658365,-0.009489019,-0.011701098,-0.02006435,-0.025359428],""sensorGain"":[32,64,64,64,64,64,64,64],""sensorStatus"":[0,0,0,0,0,0,0,0],""featureOrder"":[""MQ8"",""MQ135"",""MQ3"",""MQ5"",""MQ4"",""MQ7"",""MQ6"",""MQ2""]},""alarmLatched"":false}"
2026-08-04 11:12:52.019 +07:00,330.900,HOT_SWEEP_70,70,700,300,1,0,0.115870036,0.004000899,0.004833388,-0.00265503,-0.009492437,-0.01163346,-0.02002457,-0.025346229,"{""deviceId"":""1001"",""nodeId"":4097,""targetChId"":""0010"",""mode"":""inference"",""uptimeMs"":6708363,""debugEnabled"":true,""power"":{""mode"":""24v"",""externalPower"":true,""batteryMv"":65535,""batteryValid"":false,""batteryDetected"":false,""batterySenseStatus"":""not_detected"",""batteryLow"":false,""batteryCritical"":false,""sourceAmbiguous"":false,""serviceHoldActive"":false,""serviceHoldEffective"":false},""batterySession"":{""state"":""inactive"",""startedMs"":0,""stateStartedMs"":0,""validSampleBatches"":0,""requiredSampleBatches"":10,""alarmTxAttempts"":0,""alarmTxAttemptLimit"":3,""alarmAckReceived"":false,""pendingAlarm"":false,""pendingSaveRequired"":false,""persistenceFaultHold"":false,""completionReason"":""session_done""},""bootHealth"":{""adsReady"":true,""adsDrdyLevel"":0,""adsDrdyPulldownLevel"":0,""adsDrdyPullupLevel"":0,""adsMisoPulldownLevel"":0,""adsMisoPullupLevel"":1,""adsCsLevel"":1,""adsSyncLevel"":1,""adsStatus"":54,""adsMux"":15,""adsAdcon"":6,""adsDrate"":240,""adsReason"":""ok"",""tcaOk"":true,""mcpOkCount"":8,""mcpOk"":[true,true,true,true,true,true,true,true],""mcpAddrMask"":[1,1,1,1,1,1,1,1],""mcpControlTested"":true,""mcpControlOkCount"":8,""mcpControlOk"":[true,true,true,true,true,true,true,true],""dacReady"":true,""radioReady"":true,""mlReady"":true,""nullingProfileApplied"":true,""modelProfileReady"":false},""runtimeMcpCode"":[255,519,795,706,799,865,665,139],""model"":{""profileId"":""cnn-dualbranch-datasheet-v1-unbound"",""scalerProfileId"":""cnn-dualbranch-datasheet-v1-unbound"",""productionApproved"":true,""boundNullingProfileId"":8,""activeNullingProfileId"":9,""bindingValid"":true,""bindingModelMatches"":true,""profileReady"":false,""inferenceValid"":false,""sensorFault"":true},""lora"":{""beginState"":0,""lastTxState"":0,""lastTxOk"":false,""txSeq"":0,""txCounter"":0,""aesKeyProvisioned"":true,""aesKeyPresent"":true,""aesKeySource"":""nvs"",""keyId"":1,""lastDownlinkCommandId"":0,""freqMHz"":920,""bwKHz"":125,""sf"":7,""cr"":5,""syncWord"":18,""txPowerDbm"":17,""preamble"":8,""tcxoVoltage"":1.600000024,""xtalVoltage"":0},""dataset"":{""state"":""idle"",""step"":""idle"",""label"":"""",""seq"":0,""targetSamples"":0,""sampleIntervalMs"":500,""maxDurationMs"":0,""useFanIntake"":true,""fanOnMs"":1000,""postFanSettleMs"":0,""nullingProfileId"":9,""queuePending"":0,""queueCapacity"":16,""queueEnqueued"":0,""queueDropped"":0,""publishFailCount"":0,""retryCount"":0,""retryFailCount"":0,""rejectedSamples"":0,""lastRejectReason"":""none"",""lastRejectChannel"":-1,""lastRejectOkFiniteCount"":0,""lastRejectStatus"":255,""lastRejectGain"":0,""lastRejectSaturated"":false},""recovery"":{""wifiReconnectCount"":0,""wifiReconnectFailCount"":0,""mqttReconnectCount"":0,""mqttConnectFailCount"":0,""lastMqttState"":0,""adsRecoveryCount"":0,""adsRecoveryFailCount"":0,""adsReadFailStreak"":0,""lastReason"":""none"",""lastRecoveryMs"":0,""bootRecoveryArmed"":false,""bootRecoveryDueMs"":0,""bootRecoveryReason"":""none"",""bootRecoveryNonAdsFailure"":false,""bootRecoveryRestartCount"":0},""nulling"":{""done"":false,""retryArmed"":false,""attemptCount"":0,""nextRetryMs"":0,""thresholdV"":9.999999747E-06,""minFinalV"":0},""telemetry"":{""valid"":true,""sampleMs"":6707954,""gasClass"":6,""gasName"":""CO2"",""confidence"":0,""alarm"":false,""sensorVoltage"":[0.115870036,0.004000899,0.004833388,-0.00265503,-0.009492437,-0.01163346,-0.02002457,-0.025346229],""sensorGain"":[32,64,64,64,64,64,64,64],""sensorStatus"":[0,0,0,0,0,0,0,0],""featureOrder"":[""MQ8"",""MQ135"",""MQ3"",""MQ5"",""MQ4"",""MQ7"",""MQ6"",""MQ2""]},""alarmLatched"":false}"
2026-08-04 11:12:52.703 +07:00,331.584,HOT_SWEEP_70,70,700,300,1,0,0.115710914,0.004000134,0.004780032,-0.002642453,-0.009492626,-0.011619085,-0.020004801,-0.025343457,"{""deviceId"":""1001"",""nodeId"":4097,""targetChId"":""0010"",""mode"":""inference"",""uptimeMs"":6709045,""debugEnabled"":true,""power"":{""mode"":""24v"",""externalPower"":true,""batteryMv"":65535,""batteryValid"":false,""batteryDetected"":false,""batterySenseStatus"":""not_detected"",""batteryLow"":false,""batteryCritical"":false,""sourceAmbiguous"":false,""serviceHoldActive"":false,""serviceHoldEffective"":false},""batterySession"":{""state"":""inactive"",""startedMs"":0,""stateStartedMs"":0,""validSampleBatches"":0,""requiredSampleBatches"":10,""alarmTxAttempts"":0,""alarmTxAttemptLimit"":3,""alarmAckReceived"":false,""pendingAlarm"":false,""pendingSaveRequired"":false,""persistenceFaultHold"":false,""completionReason"":""session_done""},""bootHealth"":{""adsReady"":true,""adsDrdyLevel"":0,""adsDrdyPulldownLevel"":0,""adsDrdyPullupLevel"":0,""adsMisoPulldownLevel"":0,""adsMisoPullupLevel"":1,""adsCsLevel"":1,""adsSyncLevel"":1,""adsStatus"":54,""adsMux"":15,""adsAdcon"":6,""adsDrate"":240,""adsReason"":""ok"",""tcaOk"":true,""mcpOkCount"":8,""mcpOk"":[true,true,true,true,true,true,true,true],""mcpAddrMask"":[1,1,1,1,1,1,1,1],""mcpControlTested"":true,""mcpControlOkCount"":8,""mcpControlOk"":[true,true,true,true,true,true,true,true],""dacReady"":true,""radioReady"":true,""mlReady"":true,""nullingProfileApplied"":true,""modelProfileReady"":false},""runtimeMcpCode"":[255,519,795,706,799,865,665,139],""model"":{""profileId"":""cnn-dualbranch-datasheet-v1-unbound"",""scalerProfileId"":""cnn-dualbranch-datasheet-v1-unbound"",""productionApproved"":true,""boundNullingProfileId"":8,""activeNullingProfileId"":9,""bindingValid"":true,""bindingModelMatches"":true,""profileReady"":false,""inferenceValid"":false,""sensorFault"":true},""lora"":{""beginState"":0,""lastTxState"":0,""lastTxOk"":false,""txSeq"":0,""txCounter"":0,""aesKeyProvisioned"":true,""aesKeyPresent"":true,""aesKeySource"":""nvs"",""keyId"":1,""lastDownlinkCommandId"":0,""freqMHz"":920,""bwKHz"":125,""sf"":7,""cr"":5,""syncWord"":18,""txPowerDbm"":17,""preamble"":8,""tcxoVoltage"":1.600000024,""xtalVoltage"":0},""dataset"":{""state"":""idle"",""step"":""idle"",""label"":"""",""seq"":0,""targetSamples"":0,""sampleIntervalMs"":500,""maxDurationMs"":0,""useFanIntake"":true,""fanOnMs"":1000,""postFanSettleMs"":0,""nullingProfileId"":9,""queuePending"":0,""queueCapacity"":16,""queueEnqueued"":0,""queueDropped"":0,""publishFailCount"":0,""retryCount"":0,""retryFailCount"":0,""rejectedSamples"":0,""lastRejectReason"":""none"",""lastRejectChannel"":-1,""lastRejectOkFiniteCount"":0,""lastRejectStatus"":255,""lastRejectGain"":0,""lastRejectSaturated"":false},""recovery"":{""wifiReconnectCount"":0,""wifiReconnectFailCount"":0,""mqttReconnectCount"":0,""mqttConnectFailCount"":0,""lastMqttState"":0,""adsRecoveryCount"":0,""adsRecoveryFailCount"":0,""adsReadFailStreak"":0,""lastReason"":""none"",""lastRecoveryMs"":0,""bootRecoveryArmed"":false,""bootRecoveryDueMs"":0,""bootRecoveryReason"":""none"",""bootRecoveryNonAdsFailure"":false,""bootRecoveryRestartCount"":0},""nulling"":{""done"":false,""retryArmed"":false,""attemptCount"":0,""nextRetryMs"":0,""thresholdV"":9.999999747E-06,""minFinalV"":0},""telemetry"":{""valid"":true,""sampleMs"":6708673,""gasClass"":6,""gasName"":""CO2"",""confidence"":0,""alarm"":false,""sensorVoltage"":[0.115710914,0.004000134,0.004780032,-0.002642453,-0.009492626,-0.011619085,-0.020004801,-0.025343457],""sensorGain"":[32,64,64,64,64,64,64,64],""sensorStatus"":[0,0,0,0,0,0,0,0],""featureOrder"":[""MQ8"",""MQ135"",""MQ3"",""MQ5"",""MQ4"",""MQ7"",""MQ6"",""MQ2""]},""alarmLatched"":false}"
2026-08-04 11:12:53.384 +07:00,332.265,HOT_SWEEP_70,70,700,300,1,0,0.115756795,0.003975871,0.004777724,-0.002648517,-0.009496996,-0.011635062,-0.019955801,-0.025336638,"{""deviceId"":""1001"",""nodeId"":4097,""targetChId"":""0010"",""mode"":""inference"",""uptimeMs"":6709728,""debugEnabled"":true,""power"":{""mode"":""24v"",""externalPower"":true,""batteryMv"":65535,""batteryValid"":false,""batteryDetected"":false,""batterySenseStatus"":""not_detected"",""batteryLow"":false,""batteryCritical"":false,""sourceAmbiguous"":false,""serviceHoldActive"":false,""serviceHoldEffective"":false},""batterySession"":{""state"":""inactive"",""startedMs"":0,""stateStartedMs"":0,""validSampleBatches"":0,""requiredSampleBatches"":10,""alarmTxAttempts"":0,""alarmTxAttemptLimit"":3,""alarmAckReceived"":false,""pendingAlarm"":false,""pendingSaveRequired"":false,""persistenceFaultHold"":false,""completionReason"":""session_done""},""bootHealth"":{""adsReady"":true,""adsDrdyLevel"":0,""adsDrdyPulldownLevel"":0,""adsDrdyPullupLevel"":0,""adsMisoPulldownLevel"":0,""adsMisoPullupLevel"":1,""adsCsLevel"":1,""adsSyncLevel"":1,""adsStatus"":54,""adsMux"":15,""adsAdcon"":6,""adsDrate"":240,""adsReason"":""ok"",""tcaOk"":true,""mcpOkCount"":8,""mcpOk"":[true,true,true,true,true,true,true,true],""mcpAddrMask"":[1,1,1,1,1,1,1,1],""mcpControlTested"":true,""mcpControlOkCount"":8,""mcpControlOk"":[true,true,true,true,true,true,true,true],""dacReady"":true,""radioReady"":true,""mlReady"":true,""nullingProfileApplied"":true,""modelProfileReady"":false},""runtimeMcpCode"":[255,519,795,706,799,865,665,139],""model"":{""profileId"":""cnn-dualbranch-datasheet-v1-unbound"",""scalerProfileId"":""cnn-dualbranch-datasheet-v1-unbound"",""productionApproved"":true,""boundNullingProfileId"":8,""activeNullingProfileId"":9,""bindingValid"":true,""bindingModelMatches"":true,""profileReady"":false,""inferenceValid"":false,""sensorFault"":true},""lora"":{""beginState"":0,""lastTxState"":0,""lastTxOk"":false,""txSeq"":0,""txCounter"":0,""aesKeyProvisioned"":true,""aesKeyPresent"":true,""aesKeySource"":""nvs"",""keyId"":1,""lastDownlinkCommandId"":0,""freqMHz"":920,""bwKHz"":125,""sf"":7,""cr"":5,""syncWord"":18,""txPowerDbm"":17,""preamble"":8,""tcxoVoltage"":1.600000024,""xtalVoltage"":0},""dataset"":{""state"":""idle"",""step"":""idle"",""label"":"""",""seq"":0,""targetSamples"":0,""sampleIntervalMs"":500,""maxDurationMs"":0,""useFanIntake"":true,""fanOnMs"":1000,""postFanSettleMs"":0,""nullingProfileId"":9,""queuePending"":0,""queueCapacity"":16,""queueEnqueued"":0,""queueDropped"":0,""publishFailCount"":0,""retryCount"":0,""retryFailCount"":0,""rejectedSamples"":0,""lastRejectReason"":""none"",""lastRejectChannel"":-1,""lastRejectOkFiniteCount"":0,""lastRejectStatus"":255,""lastRejectGain"":0,""lastRejectSaturated"":false},""recovery"":{""wifiReconnectCount"":0,""wifiReconnectFailCount"":0,""mqttReconnectCount"":0,""mqttConnectFailCount"":0,""lastMqttState"":0,""adsRecoveryCount"":0,""adsRecoveryFailCount"":0,""adsReadFailStreak"":0,""lastReason"":""none"",""lastRecoveryMs"":0,""bootRecoveryArmed"":false,""bootRecoveryDueMs"":0,""bootRecoveryReason"":""none"",""bootRecoveryNonAdsFailure"":false,""bootRecoveryRestartCount"":0},""nulling"":{""done"":false,""retryArmed"":false,""attemptCount"":0,""nextRetryMs"":0,""thresholdV"":9.999999747E-06,""minFinalV"":0},""telemetry"":{""valid"":true,""sampleMs"":6709323,""gasClass"":6,""gasName"":""CO2"",""confidence"":0,""alarm"":false,""sensorVoltage"":[0.115756795,0.003975871,0.004777724,-0.002648517,-0.009496996,-0.011635062,-0.019955801,-0.025336638],""sensorGain"":[32,64,64,64,64,64,64,64],""sensorStatus"":[0,0,0,0,0,0,0,0],""featureOrder"":[""MQ8"",""MQ135"",""MQ3"",""MQ5"",""MQ4"",""MQ7"",""MQ6"",""MQ2""]},""alarmLatched"":false}"
2026-08-04 11:12:54.068 +07:00,332.949,HOT_SWEEP_70,70,700,300,1,0,0.116187908,0.004001332,0.004773042,-0.002627815,-0.009434517,-0.011597174,-0.01954486,-0.024842996,"{""deviceId"":""1001"",""nodeId"":4097,""targetChId"":""0010"",""mode"":""inference"",""uptimeMs"":6710408,""debugEnabled"":true,""power"":{""mode"":""24v"",""externalPower"":true,""batteryMv"":65535,""batteryValid"":false,""batteryDetected"":false,""batterySenseStatus"":""not_detected"",""batteryLow"":false,""batteryCritical"":false,""sourceAmbiguous"":false,""serviceHoldActive"":false,""serviceHoldEffective"":false},""batterySession"":{""state"":""inactive"",""startedMs"":0,""stateStartedMs"":0,""validSampleBatches"":0,""requiredSampleBatches"":10,""alarmTxAttempts"":0,""alarmTxAttemptLimit"":3,""alarmAckReceived"":false,""pendingAlarm"":false,""pendingSaveRequired"":false,""persistenceFaultHold"":false,""completionReason"":""session_done""},""bootHealth"":{""adsReady"":true,""adsDrdyLevel"":0,""adsDrdyPulldownLevel"":0,""adsDrdyPullupLevel"":0,""adsMisoPulldownLevel"":0,""adsMisoPullupLevel"":1,""adsCsLevel"":1,""adsSyncLevel"":1,""adsStatus"":54,""adsMux"":15,""adsAdcon"":6,""adsDrate"":240,""adsReason"":""ok"",""tcaOk"":true,""mcpOkCount"":8,""mcpOk"":[true,true,true,true,true,true,true,true],""mcpAddrMask"":[1,1,1,1,1,1,1,1],""mcpControlTested"":true,""mcpControlOkCount"":8,""mcpControlOk"":[true,true,true,true,true,true,true,true],""dacReady"":true,""radioReady"":true,""mlReady"":true,""nullingProfileApplied"":true,""modelProfileReady"":false},""runtimeMcpCode"":[255,519,795,706,799,865,665,139],""model"":{""profileId"":""cnn-dualbranch-datasheet-v1-unbound"",""scalerProfileId"":""cnn-dualbranch-datasheet-v1-unbound"",""productionApproved"":true,""boundNullingProfileId"":8,""activeNullingProfileId"":9,""bindingValid"":true,""bindingModelMatches"":true,""profileReady"":false,""inferenceValid"":false,""sensorFault"":true},""lora"":{""beginState"":0,""lastTxState"":0,""lastTxOk"":false,""txSeq"":0,""txCounter"":0,""aesKeyProvisioned"":true,""aesKeyPresent"":true,""aesKeySource"":""nvs"",""keyId"":1,""lastDownlinkCommandId"":0,""freqMHz"":920,""bwKHz"":125,""sf"":7,""cr"":5,""syncWord"":18,""txPowerDbm"":17,""preamble"":8,""tcxoVoltage"":1.600000024,""xtalVoltage"":0},""dataset"":{""state"":""idle"",""step"":""idle"",""label"":"""",""seq"":0,""targetSamples"":0,""sampleIntervalMs"":500,""maxDurationMs"":0,""useFanIntake"":true,""fanOnMs"":1000,""postFanSettleMs"":0,""nullingProfileId"":9,""queuePending"":0,""queueCapacity"":16,""queueEnqueued"":0,""queueDropped"":0,""publishFailCount"":0,""retryCount"":0,""retryFailCount"":0,""rejectedSamples"":0,""lastRejectReason"":""none"",""lastRejectChannel"":-1,""lastRejectOkFiniteCount"":0,""lastRejectStatus"":255,""lastRejectGain"":0,""lastRejectSaturated"":false},""recovery"":{""wifiReconnectCount"":0,""wifiReconnectFailCount"":0,""mqttReconnectCount"":0,""mqttConnectFailCount"":0,""lastMqttState"":0,""adsRecoveryCount"":0,""adsRecoveryFailCount"":0,""adsReadFailStreak"":0,""lastReason"":""none"",""lastRecoveryMs"":0,""bootRecoveryArmed"":false,""bootRecoveryDueMs"":0,""bootRecoveryReason"":""none"",""bootRecoveryNonAdsFailure"":false,""bootRecoveryRestartCount"":0},""nulling"":{""done"":false,""retryArmed"":false,""attemptCount"":0,""nextRetryMs"":0,""thresholdV"":9.999999747E-06,""minFinalV"":0},""telemetry"":{""valid"":true,""sampleMs"":6710006,""gasClass"":6,""gasName"":""CO2"",""confidence"":0,""alarm"":false,""sensorVoltage"":[0.116187908,0.004001332,0.004773042,-0.002627815,-0.009434517,-0.011597174,-0.01954486,-0.024842996],""sensorGain"":[32,64,64,64,64,64,64,64],""sensorStatus"":[0,0,0,0,0,0,0,0],""featureOrder"":[""MQ8"",""MQ135"",""MQ3"",""MQ5"",""MQ4"",""MQ7"",""MQ6"",""MQ2""]},""alarmLatched"":false}"
2026-08-04 11:12:54.758 +07:00,333.639,HOT_SWEEP_70,70,700,300,1,0,0.115717292,0.003959628,0.004766625,-0.002615974,-0.009427762,-0.011535088,-0.019547272,-0.025284413,"{""deviceId"":""1001"",""nodeId"":4097,""targetChId"":""0010"",""mode"":""inference"",""uptimeMs"":6711093,""debugEnabled"":true,""power"":{""mode"":""24v"",""externalPower"":true,""batteryMv"":65535,""batteryValid"":false,""batteryDetected"":false,""batterySenseStatus"":""not_detected"",""batteryLow"":false,""batteryCritical"":false,""sourceAmbiguous"":false,""serviceHoldActive"":false,""serviceHoldEffective"":false},""batterySession"":{""state"":""inactive"",""startedMs"":0,""stateStartedMs"":0,""validSampleBatches"":0,""requiredSampleBatches"":10,""alarmTxAttempts"":0,""alarmTxAttemptLimit"":3,""alarmAckReceived"":false,""pendingAlarm"":false,""pendingSaveRequired"":false,""persistenceFaultHold"":false,""completionReason"":""session_done""},""bootHealth"":{""adsReady"":true,""adsDrdyLevel"":0,""adsDrdyPulldownLevel"":0,""adsDrdyPullupLevel"":0,""adsMisoPulldownLevel"":0,""adsMisoPullupLevel"":1,""adsCsLevel"":1,""adsSyncLevel"":1,""adsStatus"":54,""adsMux"":15,""adsAdcon"":6,""adsDrate"":240,""adsReason"":""ok"",""tcaOk"":true,""mcpOkCount"":8,""mcpOk"":[true,true,true,true,true,true,true,true],""mcpAddrMask"":[1,1,1,1,1,1,1,1],""mcpControlTested"":true,""mcpControlOkCount"":8,""mcpControlOk"":[true,true,true,true,true,true,true,true],""dacReady"":true,""radioReady"":true,""mlReady"":true,""nullingProfileApplied"":true,""modelProfileReady"":false},""runtimeMcpCode"":[255,519,795,706,799,865,665,139],""model"":{""profileId"":""cnn-dualbranch-datasheet-v1-unbound"",""scalerProfileId"":""cnn-dualbranch-datasheet-v1-unbound"",""productionApproved"":true,""boundNullingProfileId"":8,""activeNullingProfileId"":9,""bindingValid"":true,""bindingModelMatches"":true,""profileReady"":false,""inferenceValid"":false,""sensorFault"":true},""lora"":{""beginState"":0,""lastTxState"":0,""lastTxOk"":false,""txSeq"":0,""txCounter"":0,""aesKeyProvisioned"":true,""aesKeyPresent"":true,""aesKeySource"":""nvs"",""keyId"":1,""lastDownlinkCommandId"":0,""freqMHz"":920,""bwKHz"":125,""sf"":7,""cr"":5,""syncWord"":18,""txPowerDbm"":17,""preamble"":8,""tcxoVoltage"":1.600000024,""xtalVoltage"":0},""dataset"":{""state"":""idle"",""step"":""idle"",""label"":"""",""seq"":0,""targetSamples"":0,""sampleIntervalMs"":500,""maxDurationMs"":0,""useFanIntake"":true,""fanOnMs"":1000,""postFanSettleMs"":0,""nullingProfileId"":9,""queuePending"":0,""queueCapacity"":16,""queueEnqueued"":0,""queueDropped"":0,""publishFailCount"":0,""retryCount"":0,""retryFailCount"":0,""rejectedSamples"":0,""lastRejectReason"":""none"",""lastRejectChannel"":-1,""lastRejectOkFiniteCount"":0,""lastRejectStatus"":255,""lastRejectGain"":0,""lastRejectSaturated"":false},""recovery"":{""wifiReconnectCount"":0,""wifiReconnectFailCount"":0,""mqttReconnectCount"":0,""mqttConnectFailCount"":0,""lastMqttState"":0,""adsRecoveryCount"":0,""adsRecoveryFailCount"":0,""adsReadFailStreak"":0,""lastReason"":""none"",""lastRecoveryMs"":0,""bootRecoveryArmed"":false,""bootRecoveryDueMs"":0,""bootRecoveryReason"":""none"",""bootRecoveryNonAdsFailure"":false,""bootRecoveryRestartCount"":0},""nulling"":{""done"":false,""retryArmed"":false,""attemptCount"":0,""nextRetryMs"":0,""thresholdV"":9.999999747E-06,""minFinalV"":0},""telemetry"":{""valid"":true,""sampleMs"":6710718,""gasClass"":6,""gasName"":""CO2"",""confidence"":0,""alarm"":false,""sensorVoltage"":[0.115717292,0.003959628,0.004766625,-0.002615974,-0.009427762,-0.011535088,-0.019547272,-0.025284413],""sensorGain"":[32,64,64,64,64,64,64,64],""sensorStatus"":[0,0,0,0,0,0,0,0],""featureOrder"":[""MQ8"",""MQ135"",""MQ3"",""MQ5"",""MQ4"",""MQ7"",""MQ6"",""MQ2""]},""alarmLatched"":false}"
2026-08-04 11:12:55.436 +07:00,334.317,HOT_SWEEP_70,70,700,300,1,0,0.115499124,0.003943279,0.004767448,-0.002636081,-0.009422888,-0.011518834,-0.019610181,-0.025240395,"{""deviceId"":""1001"",""nodeId"":4097,""targetChId"":""0010"",""mode"":""inference"",""uptimeMs"":6711776,""debugEnabled"":true,""power"":{""mode"":""24v"",""externalPower"":true,""batteryMv"":65535,""batteryValid"":false,""batteryDetected"":false,""batterySenseStatus"":""not_detected"",""batteryLow"":false,""batteryCritical"":false,""sourceAmbiguous"":false,""serviceHoldActive"":false,""serviceHoldEffective"":false},""batterySession"":{""state"":""inactive"",""startedMs"":0,""stateStartedMs"":0,""validSampleBatches"":0,""requiredSampleBatches"":10,""alarmTxAttempts"":0,""alarmTxAttemptLimit"":3,""alarmAckReceived"":false,""pendingAlarm"":false,""pendingSaveRequired"":false,""persistenceFaultHold"":false,""completionReason"":""session_done""},""bootHealth"":{""adsReady"":true,""adsDrdyLevel"":0,""adsDrdyPulldownLevel"":0,""adsDrdyPullupLevel"":0,""adsMisoPulldownLevel"":0,""adsMisoPullupLevel"":1,""adsCsLevel"":1,""adsSyncLevel"":1,""adsStatus"":54,""adsMux"":15,""adsAdcon"":6,""adsDrate"":240,""adsReason"":""ok"",""tcaOk"":true,""mcpOkCount"":8,""mcpOk"":[true,true,true,true,true,true,true,true],""mcpAddrMask"":[1,1,1,1,1,1,1,1],""mcpControlTested"":true,""mcpControlOkCount"":8,""mcpControlOk"":[true,true,true,true,true,true,true,true],""dacReady"":true,""radioReady"":true,""mlReady"":true,""nullingProfileApplied"":true,""modelProfileReady"":false},""runtimeMcpCode"":[255,519,795,706,799,865,665,139],""model"":{""profileId"":""cnn-dualbranch-datasheet-v1-unbound"",""scalerProfileId"":""cnn-dualbranch-datasheet-v1-unbound"",""productionApproved"":true,""boundNullingProfileId"":8,""activeNullingProfileId"":9,""bindingValid"":true,""bindingModelMatches"":true,""profileReady"":false,""inferenceValid"":false,""sensorFault"":true},""lora"":{""beginState"":0,""lastTxState"":0,""lastTxOk"":false,""txSeq"":0,""txCounter"":0,""aesKeyProvisioned"":true,""aesKeyPresent"":true,""aesKeySource"":""nvs"",""keyId"":1,""lastDownlinkCommandId"":0,""freqMHz"":920,""bwKHz"":125,""sf"":7,""cr"":5,""syncWord"":18,""txPowerDbm"":17,""preamble"":8,""tcxoVoltage"":1.600000024,""xtalVoltage"":0},""dataset"":{""state"":""idle"",""step"":""idle"",""label"":"""",""seq"":0,""targetSamples"":0,""sampleIntervalMs"":500,""maxDurationMs"":0,""useFanIntake"":true,""fanOnMs"":1000,""postFanSettleMs"":0,""nullingProfileId"":9,""queuePending"":0,""queueCapacity"":16,""queueEnqueued"":0,""queueDropped"":0,""publishFailCount"":0,""retryCount"":0,""retryFailCount"":0,""rejectedSamples"":0,""lastRejectReason"":""none"",""lastRejectChannel"":-1,""lastRejectOkFiniteCount"":0,""lastRejectStatus"":255,""lastRejectGain"":0,""lastRejectSaturated"":false},""recovery"":{""wifiReconnectCount"":0,""wifiReconnectFailCount"":0,""mqttReconnectCount"":0,""mqttConnectFailCount"":0,""lastMqttState"":0,""adsRecoveryCount"":0,""adsRecoveryFailCount"":0,""adsReadFailStreak"":0,""lastReason"":""none"",""lastRecoveryMs"":0,""bootRecoveryArmed"":false,""bootRecoveryDueMs"":0,""bootRecoveryReason"":""none"",""bootRecoveryNonAdsFailure"":false,""bootRecoveryRestartCount"":0},""nulling"":{""done"":false,""retryArmed"":false,""attemptCount"":0,""nextRetryMs"":0,""thresholdV"":9.999999747E-06,""minFinalV"":0},""telemetry"":{""valid"":true,""sampleMs"":6711371,""gasClass"":6,""gasName"":""CO2"",""confidence"":0,""alarm"":false,""sensorVoltage"":[0.115499124,0.003943279,0.004767448,-0.002636081,-0.009422888,-0.011518834,-0.019610181,-0.025240395],""sensorGain"":[32,64,64,64,64,64,64,64],""sensorStatus"":[0,0,0,0,0,0,0,0],""featureOrder"":[""MQ8"",""MQ135"",""MQ3"",""MQ5"",""MQ4"",""MQ7"",""MQ6"",""MQ2""]},""alarmLatched"":false}"
2026-08-04 11:12:56.118 +07:00,334.999,HOT_SWEEP_70,70,700,300,1,0,0.116430387,0.003957337,0.004788573,-0.002549689,-0.00918313,-0.011252469,-0.019171907,-0.024788562,"{""deviceId"":""1001"",""nodeId"":4097,""targetChId"":""0010"",""mode"":""inference"",""uptimeMs"":6712459,""debugEnabled"":true,""power"":{""mode"":""24v"",""externalPower"":true,""batteryMv"":65535,""batteryValid"":false,""batteryDetected"":false,""batterySenseStatus"":""not_detected"",""batteryLow"":false,""batteryCritical"":false,""sourceAmbiguous"":false,""serviceHoldActive"":false,""serviceHoldEffective"":false},""batterySession"":{""state"":""inactive"",""startedMs"":0,""stateStartedMs"":0,""validSampleBatches"":0,""requiredSampleBatches"":10,""alarmTxAttempts"":0,""alarmTxAttemptLimit"":3,""alarmAckReceived"":false,""pendingAlarm"":false,""pendingSaveRequired"":false,""persistenceFaultHold"":false,""completionReason"":""session_done""},""bootHealth"":{""adsReady"":true,""adsDrdyLevel"":0,""adsDrdyPulldownLevel"":0,""adsDrdyPullupLevel"":0,""adsMisoPulldownLevel"":0,""adsMisoPullupLevel"":1,""adsCsLevel"":1,""adsSyncLevel"":1,""adsStatus"":54,""adsMux"":15,""adsAdcon"":6,""adsDrate"":240,""adsReason"":""ok"",""tcaOk"":true,""mcpOkCount"":8,""mcpOk"":[true,true,true,true,true,true,true,true],""mcpAddrMask"":[1,1,1,1,1,1,1,1],""mcpControlTested"":true,""mcpControlOkCount"":8,""mcpControlOk"":[true,true,true,true,true,true,true,true],""dacReady"":true,""radioReady"":true,""mlReady"":true,""nullingProfileApplied"":true,""modelProfileReady"":false},""runtimeMcpCode"":[255,519,795,706,799,865,665,139],""model"":{""profileId"":""cnn-dualbranch-datasheet-v1-unbound"",""scalerProfileId"":""cnn-dualbranch-datasheet-v1-unbound"",""productionApproved"":true,""boundNullingProfileId"":8,""activeNullingProfileId"":9,""bindingValid"":true,""bindingModelMatches"":true,""profileReady"":false,""inferenceValid"":false,""sensorFault"":true},""lora"":{""beginState"":0,""lastTxState"":0,""lastTxOk"":false,""txSeq"":0,""txCounter"":0,""aesKeyProvisioned"":true,""aesKeyPresent"":true,""aesKeySource"":""nvs"",""keyId"":1,""lastDownlinkCommandId"":0,""freqMHz"":920,""bwKHz"":125,""sf"":7,""cr"":5,""syncWord"":18,""txPowerDbm"":17,""preamble"":8,""tcxoVoltage"":1.600000024,""xtalVoltage"":0},""dataset"":{""state"":""idle"",""step"":""idle"",""label"":"""",""seq"":0,""targetSamples"":0,""sampleIntervalMs"":500,""maxDurationMs"":0,""useFanIntake"":true,""fanOnMs"":1000,""postFanSettleMs"":0,""nullingProfileId"":9,""queuePending"":0,""queueCapacity"":16,""queueEnqueued"":0,""queueDropped"":0,""publishFailCount"":0,""retryCount"":0,""retryFailCount"":0,""rejectedSamples"":0,""lastRejectReason"":""none"",""lastRejectChannel"":-1,""lastRejectOkFiniteCount"":0,""lastRejectStatus"":255,""lastRejectGain"":0,""lastRejectSaturated"":false},""recovery"":{""wifiReconnectCount"":0,""wifiReconnectFailCount"":0,""mqttReconnectCount"":0,""mqttConnectFailCount"":0,""lastMqttState"":0,""adsRecoveryCount"":0,""adsRecoveryFailCount"":0,""adsReadFailStreak"":0,""lastReason"":""none"",""lastRecoveryMs"":0,""bootRecoveryArmed"":false,""bootRecoveryDueMs"":0,""bootRecoveryReason"":""none"",""bootRecoveryNonAdsFailure"":false,""bootRecoveryRestartCount"":0},""nulling"":{""done"":false,""retryArmed"":false,""attemptCount"":0,""nextRetryMs"":0,""thresholdV"":9.999999747E-06,""minFinalV"":0},""telemetry"":{""valid"":true,""sampleMs"":6712054,""gasClass"":6,""gasName"":""CO2"",""confidence"":0,""alarm"":false,""sensorVoltage"":[0.116430387,0.003957337,0.004788573,-0.002549689,-0.00918313,-0.011252469,-0.019171907,-0.024788562],""sensorGain"":[32,64,64,64,64,64,64,64],""sensorStatus"":[0,0,0,0,0,0,0,0],""featureOrder"":[""MQ8"",""MQ135"",""MQ3"",""MQ5"",""MQ4"",""MQ7"",""MQ6"",""MQ2""]},""alarmLatched"":false}"
2026-08-04 11:12:56.802 +07:00,335.683,HOT_SWEEP_70,70,700,300,1,0,0.116138376,0.003955424,0.004856497,-0.002457642,-0.009423897,-0.011512199,-0.019560378,-0.025239894,"{""deviceId"":""1001"",""nodeId"":4097,""targetChId"":""0010"",""mode"":""inference"",""uptimeMs"":6713142,""debugEnabled"":true,""power"":{""mode"":""24v"",""externalPower"":true,""batteryMv"":65535,""batteryValid"":false,""batteryDetected"":false,""batterySenseStatus"":""not_detected"",""batteryLow"":false,""batteryCritical"":false,""sourceAmbiguous"":false,""serviceHoldActive"":false,""serviceHoldEffective"":false},""batterySession"":{""state"":""inactive"",""startedMs"":0,""stateStartedMs"":0,""validSampleBatches"":0,""requiredSampleBatches"":10,""alarmTxAttempts"":0,""alarmTxAttemptLimit"":3,""alarmAckReceived"":false,""pendingAlarm"":false,""pendingSaveRequired"":false,""persistenceFaultHold"":false,""completionReason"":""session_done""},""bootHealth"":{""adsReady"":true,""adsDrdyLevel"":0,""adsDrdyPulldownLevel"":0,""adsDrdyPullupLevel"":0,""adsMisoPulldownLevel"":0,""adsMisoPullupLevel"":1,""adsCsLevel"":1,""adsSyncLevel"":1,""adsStatus"":54,""adsMux"":15,""adsAdcon"":6,""adsDrate"":240,""adsReason"":""ok"",""tcaOk"":true,""mcpOkCount"":8,""mcpOk"":[true,true,true,true,true,true,true,true],""mcpAddrMask"":[1,1,1,1,1,1,1,1],""mcpControlTested"":true,""mcpControlOkCount"":8,""mcpControlOk"":[true,true,true,true,true,true,true,true],""dacReady"":true,""radioReady"":true,""mlReady"":true,""nullingProfileApplied"":true,""modelProfileReady"":false},""runtimeMcpCode"":[255,519,795,706,799,865,665,139],""model"":{""profileId"":""cnn-dualbranch-datasheet-v1-unbound"",""scalerProfileId"":""cnn-dualbranch-datasheet-v1-unbound"",""productionApproved"":true,""boundNullingProfileId"":8,""activeNullingProfileId"":9,""bindingValid"":true,""bindingModelMatches"":true,""profileReady"":false,""inferenceValid"":false,""sensorFault"":true},""lora"":{""beginState"":0,""lastTxState"":0,""lastTxOk"":false,""txSeq"":0,""txCounter"":0,""aesKeyProvisioned"":true,""aesKeyPresent"":true,""aesKeySource"":""nvs"",""keyId"":1,""lastDownlinkCommandId"":0,""freqMHz"":920,""bwKHz"":125,""sf"":7,""cr"":5,""syncWord"":18,""txPowerDbm"":17,""preamble"":8,""tcxoVoltage"":1.600000024,""xtalVoltage"":0},""dataset"":{""state"":""idle"",""step"":""idle"",""label"":"""",""seq"":0,""targetSamples"":0,""sampleIntervalMs"":500,""maxDurationMs"":0,""useFanIntake"":true,""fanOnMs"":1000,""postFanSettleMs"":0,""nullingProfileId"":9,""queuePending"":0,""queueCapacity"":16,""queueEnqueued"":0,""queueDropped"":0,""publishFailCount"":0,""retryCount"":0,""retryFailCount"":0,""rejectedSamples"":0,""lastRejectReason"":""none"",""lastRejectChannel"":-1,""lastRejectOkFiniteCount"":0,""lastRejectStatus"":255,""lastRejectGain"":0,""lastRejectSaturated"":false},""recovery"":{""wifiReconnectCount"":0,""wifiReconnectFailCount"":0,""mqttReconnectCount"":0,""mqttConnectFailCount"":0,""lastMqttState"":0,""adsRecoveryCount"":0,""adsRecoveryFailCount"":0,""adsReadFailStreak"":0,""lastReason"":""none"",""lastRecoveryMs"":0,""bootRecoveryArmed"":false,""bootRecoveryDueMs"":0,""bootRecoveryReason"":""none"",""bootRecoveryNonAdsFailure"":false,""bootRecoveryRestartCount"":0},""nulling"":{""done"":false,""retryArmed"":false,""attemptCount"":0,""nextRetryMs"":0,""thresholdV"":9.999999747E-06,""minFinalV"":0},""telemetry"":{""valid"":true,""sampleMs"":6712769,""gasClass"":6,""gasName"":""CO2"",""confidence"":0,""alarm"":false,""sensorVoltage"":[0.116138376,0.003955424,0.004856497,-0.002457642,-0.009423897,-0.011512199,-0.019560378,-0.025239894],""sensorGain"":[32,64,64,64,64,64,64,64],""sensorStatus"":[0,0,0,0,0,0,0,0],""featureOrder"":[""MQ8"",""MQ135"",""MQ3"",""MQ5"",""MQ4"",""MQ7"",""MQ6"",""MQ2""]},""alarmLatched"":false}"
2026-08-04 11:12:57.494 +07:00,336.365,HOT_SWEEP_70,70,700,300,1,0,0.115727521,0.00396523,0.004815633,-0.002440344,-0.009423389,-0.01148255,-0.019627007,-0.025216073,"{""deviceId"":""1001"",""nodeId"":4097,""targetChId"":""0010"",""mode"":""inference"",""uptimeMs"":6713827,""debugEnabled"":true,""power"":{""mode"":""24v"",""externalPower"":true,""batteryMv"":65535,""batteryValid"":false,""batteryDetected"":false,""batterySenseStatus"":""not_detected"",""batteryLow"":false,""batteryCritical"":false,""sourceAmbiguous"":false,""serviceHoldActive"":false,""serviceHoldEffective"":false},""batterySession"":{""state"":""inactive"",""startedMs"":0,""stateStartedMs"":0,""validSampleBatches"":0,""requiredSampleBatches"":10,""alarmTxAttempts"":0,""alarmTxAttemptLimit"":3,""alarmAckReceived"":false,""pendingAlarm"":false,""pendingSaveRequired"":false,""persistenceFaultHold"":false,""completionReason"":""session_done""},""bootHealth"":{""adsReady"":true,""adsDrdyLevel"":0,""adsDrdyPulldownLevel"":0,""adsDrdyPullupLevel"":0,""adsMisoPulldownLevel"":0,""adsMisoPullupLevel"":1,""adsCsLevel"":1,""adsSyncLevel"":1,""adsStatus"":54,""adsMux"":15,""adsAdcon"":6,""adsDrate"":240,""adsReason"":""ok"",""tcaOk"":true,""mcpOkCount"":8,""mcpOk"":[true,true,true,true,true,true,true,true],""mcpAddrMask"":[1,1,1,1,1,1,1,1],""mcpControlTested"":true,""mcpControlOkCount"":8,""mcpControlOk"":[true,true,true,true,true,true,true,true],""dacReady"":true,""radioReady"":true,""mlReady"":true,""nullingProfileApplied"":true,""modelProfileReady"":false},""runtimeMcpCode"":[255,519,795,706,799,865,665,139],""model"":{""profileId"":""cnn-dualbranch-datasheet-v1-unbound"",""scalerProfileId"":""cnn-dualbranch-datasheet-v1-unbound"",""productionApproved"":true,""boundNullingProfileId"":8,""activeNullingProfileId"":9,""bindingValid"":true,""bindingModelMatches"":true,""profileReady"":false,""inferenceValid"":false,""sensorFault"":true},""lora"":{""beginState"":0,""lastTxState"":0,""lastTxOk"":false,""txSeq"":0,""txCounter"":0,""aesKeyProvisioned"":true,""aesKeyPresent"":true,""aesKeySource"":""nvs"",""keyId"":1,""lastDownlinkCommandId"":0,""freqMHz"":920,""bwKHz"":125,""sf"":7,""cr"":5,""syncWord"":18,""txPowerDbm"":17,""preamble"":8,""tcxoVoltage"":1.600000024,""xtalVoltage"":0},""dataset"":{""state"":""idle"",""step"":""idle"",""label"":"""",""seq"":0,""targetSamples"":0,""sampleIntervalMs"":500,""maxDurationMs"":0,""useFanIntake"":true,""fanOnMs"":1000,""postFanSettleMs"":0,""nullingProfileId"":9,""queuePending"":0,""queueCapacity"":16,""queueEnqueued"":0,""queueDropped"":0,""publishFailCount"":0,""retryCount"":0,""retryFailCount"":0,""rejectedSamples"":0,""lastRejectReason"":""none"",""lastRejectChannel"":-1,""lastRejectOkFiniteCount"":0,""lastRejectStatus"":255,""lastRejectGain"":0,""lastRejectSaturated"":false},""recovery"":{""wifiReconnectCount"":0,""wifiReconnectFailCount"":0,""mqttReconnectCount"":0,""mqttConnectFailCount"":0,""lastMqttState"":0,""adsRecoveryCount"":0,""adsRecoveryFailCount"":0,""adsReadFailStreak"":0,""lastReason"":""none"",""lastRecoveryMs"":0,""bootRecoveryArmed"":false,""bootRecoveryDueMs"":0,""bootRecoveryReason"":""none"",""bootRecoveryNonAdsFailure"":false,""bootRecoveryRestartCount"":0},""nulling"":{""done"":false,""retryArmed"":false,""attemptCount"":0,""nextRetryMs"":0,""thresholdV"":9.999999747E-06,""minFinalV"":0},""telemetry"":{""valid"":true,""sampleMs"":6713420,""gasClass"":6,""gasName"":""CO2"",""confidence"":0,""alarm"":false,""sensorVoltage"":[0.115727521,0.00396523,0.004815633,-0.002440344,-0.009423389,-0.01148255,-0.019627007,-0.025216073],""sensorGain"":[32,64,64,64,64,64,64,64],""sensorStatus"":[0,0,0,0,0,0,0,0],""featureOrder"":[""MQ8"",""MQ135"",""MQ3"",""MQ5"",""MQ4"",""MQ7"",""MQ6"",""MQ2""]},""alarmLatched"":false}"
2026-08-04 11:12:58.184 +07:00,337.065,HOT_SWEEP_70,70,700,300,1,0,0.116781987,0.003928571,0.00475989,-0.002402221,-0.009253217,-0.011240577,-0.019256061,-0.025191972,"{""deviceId"":""1001"",""nodeId"":4097,""targetChId"":""0010"",""mode"":""inference"",""uptimeMs"":6714522,""debugEnabled"":true,""power"":{""mode"":""24v"",""externalPower"":true,""batteryMv"":65535,""batteryValid"":false,""batteryDetected"":false,""batterySenseStatus"":""not_detected"",""batteryLow"":false,""batteryCritical"":false,""sourceAmbiguous"":false,""serviceHoldActive"":false,""serviceHoldEffective"":false},""batterySession"":{""state"":""inactive"",""startedMs"":0,""stateStartedMs"":0,""validSampleBatches"":0,""requiredSampleBatches"":10,""alarmTxAttempts"":0,""alarmTxAttemptLimit"":3,""alarmAckReceived"":false,""pendingAlarm"":false,""pendingSaveRequired"":false,""persistenceFaultHold"":false,""completionReason"":""session_done""},""bootHealth"":{""adsReady"":true,""adsDrdyLevel"":0,""adsDrdyPulldownLevel"":0,""adsDrdyPullupLevel"":0,""adsMisoPulldownLevel"":0,""adsMisoPullupLevel"":1,""adsCsLevel"":1,""adsSyncLevel"":1,""adsStatus"":54,""adsMux"":15,""adsAdcon"":6,""adsDrate"":240,""adsReason"":""ok"",""tcaOk"":true,""mcpOkCount"":8,""mcpOk"":[true,true,true,true,true,true,true,true],""mcpAddrMask"":[1,1,1,1,1,1,1,1],""mcpControlTested"":true,""mcpControlOkCount"":8,""mcpControlOk"":[true,true,true,true,true,true,true,true],""dacReady"":true,""radioReady"":true,""mlReady"":true,""nullingProfileApplied"":true,""modelProfileReady"":false},""runtimeMcpCode"":[255,519,795,706,799,865,665,139],""model"":{""profileId"":""cnn-dualbranch-datasheet-v1-unbound"",""scalerProfileId"":""cnn-dualbranch-datasheet-v1-unbound"",""productionApproved"":true,""boundNullingProfileId"":8,""activeNullingProfileId"":9,""bindingValid"":true,""bindingModelMatches"":true,""profileReady"":false,""inferenceValid"":false,""sensorFault"":true},""lora"":{""beginState"":0,""lastTxState"":0,""lastTxOk"":false,""txSeq"":0,""txCounter"":0,""aesKeyProvisioned"":true,""aesKeyPresent"":true,""aesKeySource"":""nvs"",""keyId"":1,""lastDownlinkCommandId"":0,""freqMHz"":920,""bwKHz"":125,""sf"":7,""cr"":5,""syncWord"":18,""txPowerDbm"":17,""preamble"":8,""tcxoVoltage"":1.600000024,""xtalVoltage"":0},""dataset"":{""state"":""idle"",""step"":""idle"",""label"":"""",""seq"":0,""targetSamples"":0,""sampleIntervalMs"":500,""maxDurationMs"":0,""useFanIntake"":true,""fanOnMs"":1000,""postFanSettleMs"":0,""nullingProfileId"":9,""queuePending"":0,""queueCapacity"":16,""queueEnqueued"":0,""queueDropped"":0,""publishFailCount"":0,""retryCount"":0,""retryFailCount"":0,""rejectedSamples"":0,""lastRejectReason"":""none"",""lastRejectChannel"":-1,""lastRejectOkFiniteCount"":0,""lastRejectStatus"":255,""lastRejectGain"":0,""lastRejectSaturated"":false},""recovery"":{""wifiReconnectCount"":0,""wifiReconnectFailCount"":0,""mqttReconnectCount"":0,""mqttConnectFailCount"":0,""lastMqttState"":0,""adsRecoveryCount"":0,""adsRecoveryFailCount"":0,""adsReadFailStreak"":0,""lastReason"":""none"",""lastRecoveryMs"":0,""bootRecoveryArmed"":false,""bootRecoveryDueMs"":0,""bootRecoveryReason"":""none"",""bootRecoveryNonAdsFailure"":false,""bootRecoveryRestartCount"":0},""nulling"":{""done"":false,""retryArmed"":false,""attemptCount"":0,""nextRetryMs"":0,""thresholdV"":9.999999747E-06,""minFinalV"":0},""telemetry"":{""valid"":true,""sampleMs"":6714105,""gasClass"":6,""gasName"":""CO2"",""confidence"":0,""alarm"":false,""sensorVoltage"":[0.116781987,0.003928571,0.00475989,-0.002402221,-0.009253217,-0.011240577,-0.019256061,-0.025191972],""sensorGain"":[32,64,64,64,64,64,64,64],""sensorStatus"":[0,0,0,0,0,0,0,0],""featureOrder"":[""MQ8"",""MQ135"",""MQ3"",""MQ5"",""MQ4"",""MQ7"",""MQ6"",""MQ2""]},""alarmLatched"":false}"
2026-08-04 11:12:58.876 +07:00,337.747,HOT_SWEEP_70,70,700,300,1,0,0.116341189,0.003969555,0.004837845,-0.002436226,-0.009459523,-0.011524498,-0.019267516,-0.025196707,"{""deviceId"":""1001"",""nodeId"":4097,""targetChId"":""0010"",""mode"":""inference"",""uptimeMs"":6715209,""debugEnabled"":true,""power"":{""mode"":""24v"",""externalPower"":true,""batteryMv"":65535,""batteryValid"":false,""batteryDetected"":false,""batterySenseStatus"":""not_detected"",""batteryLow"":false,""batteryCritical"":false,""sourceAmbiguous"":false,""serviceHoldActive"":false,""serviceHoldEffective"":false},""batterySession"":{""state"":""inactive"",""startedMs"":0,""stateStartedMs"":0,""validSampleBatches"":0,""requiredSampleBatches"":10,""alarmTxAttempts"":0,""alarmTxAttemptLimit"":3,""alarmAckReceived"":false,""pendingAlarm"":false,""pendingSaveRequired"":false,""persistenceFaultHold"":false,""completionReason"":""session_done""},""bootHealth"":{""adsReady"":true,""adsDrdyLevel"":0,""adsDrdyPulldownLevel"":0,""adsDrdyPullupLevel"":0,""adsMisoPulldownLevel"":0,""adsMisoPullupLevel"":1,""adsCsLevel"":1,""adsSyncLevel"":1,""adsStatus"":54,""adsMux"":15,""adsAdcon"":6,""adsDrate"":240,""adsReason"":""ok"",""tcaOk"":true,""mcpOkCount"":8,""mcpOk"":[true,true,true,true,true,true,true,true],""mcpAddrMask"":[1,1,1,1,1,1,1,1],""mcpControlTested"":true,""mcpControlOkCount"":8,""mcpControlOk"":[true,true,true,true,true,true,true,true],""dacReady"":true,""radioReady"":true,""mlReady"":true,""nullingProfileApplied"":true,""modelProfileReady"":false},""runtimeMcpCode"":[255,519,795,706,799,865,665,139],""model"":{""profileId"":""cnn-dualbranch-datasheet-v1-unbound"",""scalerProfileId"":""cnn-dualbranch-datasheet-v1-unbound"",""productionApproved"":true,""boundNullingProfileId"":8,""activeNullingProfileId"":9,""bindingValid"":true,""bindingModelMatches"":true,""profileReady"":false,""inferenceValid"":false,""sensorFault"":true},""lora"":{""beginState"":0,""lastTxState"":0,""lastTxOk"":false,""txSeq"":0,""txCounter"":0,""aesKeyProvisioned"":true,""aesKeyPresent"":true,""aesKeySource"":""nvs"",""keyId"":1,""lastDownlinkCommandId"":0,""freqMHz"":920,""bwKHz"":125,""sf"":7,""cr"":5,""syncWord"":18,""txPowerDbm"":17,""preamble"":8,""tcxoVoltage"":1.600000024,""xtalVoltage"":0},""dataset"":{""state"":""idle"",""step"":""idle"",""label"":"""",""seq"":0,""targetSamples"":0,""sampleIntervalMs"":500,""maxDurationMs"":0,""useFanIntake"":true,""fanOnMs"":1000,""postFanSettleMs"":0,""nullingProfileId"":9,""queuePending"":0,""queueCapacity"":16,""queueEnqueued"":0,""queueDropped"":0,""publishFailCount"":0,""retryCount"":0,""retryFailCount"":0,""rejectedSamples"":0,""lastRejectReason"":""none"",""lastRejectChannel"":-1,""lastRejectOkFiniteCount"":0,""lastRejectStatus"":255,""lastRejectGain"":0,""lastRejectSaturated"":false},""recovery"":{""wifiReconnectCount"":0,""wifiReconnectFailCount"":0,""mqttReconnectCount"":0,""mqttConnectFailCount"":0,""lastMqttState"":0,""adsRecoveryCount"":0,""adsRecoveryFailCount"":0,""adsReadFailStreak"":0,""lastReason"":""none"",""lastRecoveryMs"":0,""bootRecoveryArmed"":false,""bootRecoveryDueMs"":0,""bootRecoveryReason"":""none"",""bootRecoveryNonAdsFailure"":false,""bootRecoveryRestartCount"":0},""nulling"":{""done"":false,""retryArmed"":false,""attemptCount"":0,""nextRetryMs"":0,""thresholdV"":9.999999747E-06,""minFinalV"":0},""telemetry"":{""valid"":true,""sampleMs"":6714832,""gasClass"":6,""gasName"":""CO2"",""confidence"":0,""alarm"":false,""sensorVoltage"":[0.116341189,0.003969555,0.004837845,-0.002436226,-0.009459523,-0.011524498,-0.019267516,-0.025196707],""sensorGain"":[32,64,64,64,64,64,64,64],""sensorStatus"":[0,0,0,0,0,0,0,0],""featureOrder"":[""MQ8"",""MQ135"",""MQ3"",""MQ5"",""MQ4"",""MQ7"",""MQ6"",""MQ2""]},""alarmLatched"":false}"
2026-08-04 11:12:59.567 +07:00,338.448,HOT_SWEEP_70,70,700,300,1,0,0.115636647,0.004006525,0.004908561,-0.002436183,-0.009436099,-0.01156916,-0.01922442,-0.025185833,"{""deviceId"":""1001"",""nodeId"":4097,""targetChId"":""0010"",""mode"":""inference"",""uptimeMs"":6715905,""debugEnabled"":true,""power"":{""mode"":""24v"",""externalPower"":true,""batteryMv"":65535,""batteryValid"":false,""batteryDetected"":false,""batterySenseStatus"":""not_detected"",""batteryLow"":false,""batteryCritical"":false,""sourceAmbiguous"":false,""serviceHoldActive"":false,""serviceHoldEffective"":false},""batterySession"":{""state"":""inactive"",""startedMs"":0,""stateStartedMs"":0,""validSampleBatches"":0,""requiredSampleBatches"":10,""alarmTxAttempts"":0,""alarmTxAttemptLimit"":3,""alarmAckReceived"":false,""pendingAlarm"":false,""pendingSaveRequired"":false,""persistenceFaultHold"":false,""completionReason"":""session_done""},""bootHealth"":{""adsReady"":true,""adsDrdyLevel"":0,""adsDrdyPulldownLevel"":0,""adsDrdyPullupLevel"":0,""adsMisoPulldownLevel"":0,""adsMisoPullupLevel"":1,""adsCsLevel"":1,""adsSyncLevel"":1,""adsStatus"":54,""adsMux"":15,""adsAdcon"":6,""adsDrate"":240,""adsReason"":""ok"",""tcaOk"":true,""mcpOkCount"":8,""mcpOk"":[true,true,true,true,true,true,true,true],""mcpAddrMask"":[1,1,1,1,1,1,1,1],""mcpControlTested"":true,""mcpControlOkCount"":8,""mcpControlOk"":[true,true,true,true,true,true,true,true],""dacReady"":true,""radioReady"":true,""mlReady"":true,""nullingProfileApplied"":true,""modelProfileReady"":false},""runtimeMcpCode"":[255,519,795,706,799,865,665,139],""model"":{""profileId"":""cnn-dualbranch-datasheet-v1-unbound"",""scalerProfileId"":""cnn-dualbranch-datasheet-v1-unbound"",""productionApproved"":true,""boundNullingProfileId"":8,""activeNullingProfileId"":9,""bindingValid"":true,""bindingModelMatches"":true,""profileReady"":false,""inferenceValid"":false,""sensorFault"":true},""lora"":{""beginState"":0,""lastTxState"":0,""lastTxOk"":false,""txSeq"":0,""txCounter"":0,""aesKeyProvisioned"":true,""aesKeyPresent"":true,""aesKeySource"":""nvs"",""keyId"":1,""lastDownlinkCommandId"":0,""freqMHz"":920,""bwKHz"":125,""sf"":7,""cr"":5,""syncWord"":18,""txPowerDbm"":17,""preamble"":8,""tcxoVoltage"":1.600000024,""xtalVoltage"":0},""dataset"":{""state"":""idle"",""step"":""idle"",""label"":"""",""seq"":0,""targetSamples"":0,""sampleIntervalMs"":500,""maxDurationMs"":0,""useFanIntake"":true,""fanOnMs"":1000,""postFanSettleMs"":0,""nullingProfileId"":9,""queuePending"":0,""queueCapacity"":16,""queueEnqueued"":0,""queueDropped"":0,""publishFailCount"":0,""retryCount"":0,""retryFailCount"":0,""rejectedSamples"":0,""lastRejectReason"":""none"",""lastRejectChannel"":-1,""lastRejectOkFiniteCount"":0,""lastRejectStatus"":255,""lastRejectGain"":0,""lastRejectSaturated"":false},""recovery"":{""wifiReconnectCount"":0,""wifiReconnectFailCount"":0,""mqttReconnectCount"":0,""mqttConnectFailCount"":0,""lastMqttState"":0,""adsRecoveryCount"":0,""adsRecoveryFailCount"":0,""adsReadFailStreak"":0,""lastReason"":""none"",""lastRecoveryMs"":0,""bootRecoveryArmed"":false,""bootRecoveryDueMs"":0,""bootRecoveryReason"":""none"",""bootRecoveryNonAdsFailure"":false,""bootRecoveryRestartCount"":0},""nulling"":{""done"":false,""retryArmed"":false,""attemptCount"":0,""nextRetryMs"":0,""thresholdV"":9.999999747E-06,""minFinalV"":0},""telemetry"":{""valid"":true,""sampleMs"":6715487,""gasClass"":6,""gasName"":""CO2"",""confidence"":0,""alarm"":false,""sensorVoltage"":[0.115636647,0.004006525,0.004908561,-0.002436183,-0.009436099,-0.01156916,-0.01922442,-0.025185833],""sensorGain"":[32,64,64,64,64,64,64,64],""sensorStatus"":[0,0,0,0,0,0,0,0],""featureOrder"":[""MQ8"",""MQ135"",""MQ3"",""MQ5"",""MQ4"",""MQ7"",""MQ6"",""MQ2""]},""alarmLatched"":false}"
2026-08-04 11:13:00.250 +07:00,339.131,HOT_SWEEP_70,70,700,300,1,0,0.116881803,0.004035607,0.004866155,-0.002364752,-0.009451035,-0.011584737,-0.019208305,-0.02519317,"{""deviceId"":""1001"",""nodeId"":4097,""targetChId"":""0010"",""mode"":""inference"",""uptimeMs"":6716593,""debugEnabled"":true,""power"":{""mode"":""24v"",""externalPower"":true,""batteryMv"":65535,""batteryValid"":false,""batteryDetected"":false,""batterySenseStatus"":""not_detected"",""batteryLow"":false,""batteryCritical"":false,""sourceAmbiguous"":false,""serviceHoldActive"":false,""serviceHoldEffective"":false},""batterySession"":{""state"":""inactive"",""startedMs"":0,""stateStartedMs"":0,""validSampleBatches"":0,""requiredSampleBatches"":10,""alarmTxAttempts"":0,""alarmTxAttemptLimit"":3,""alarmAckReceived"":false,""pendingAlarm"":false,""pendingSaveRequired"":false,""persistenceFaultHold"":false,""completionReason"":""session_done""},""bootHealth"":{""adsReady"":true,""adsDrdyLevel"":0,""adsDrdyPulldownLevel"":0,""adsDrdyPullupLevel"":0,""adsMisoPulldownLevel"":0,""adsMisoPullupLevel"":1,""adsCsLevel"":1,""adsSyncLevel"":1,""adsStatus"":54,""adsMux"":15,""adsAdcon"":6,""adsDrate"":240,""adsReason"":""ok"",""tcaOk"":true,""mcpOkCount"":8,""mcpOk"":[true,true,true,true,true,true,true,true],""mcpAddrMask"":[1,1,1,1,1,1,1,1],""mcpControlTested"":true,""mcpControlOkCount"":8,""mcpControlOk"":[true,true,true,true,true,true,true,true],""dacReady"":true,""radioReady"":true,""mlReady"":true,""nullingProfileApplied"":true,""modelProfileReady"":false},""runtimeMcpCode"":[255,519,795,706,799,865,665,139],""model"":{""profileId"":""cnn-dualbranch-datasheet-v1-unbound"",""scalerProfileId"":""cnn-dualbranch-datasheet-v1-unbound"",""productionApproved"":true,""boundNullingProfileId"":8,""activeNullingProfileId"":9,""bindingValid"":true,""bindingModelMatches"":true,""profileReady"":false,""inferenceValid"":false,""sensorFault"":true},""lora"":{""beginState"":0,""lastTxState"":0,""lastTxOk"":false,""txSeq"":0,""txCounter"":0,""aesKeyProvisioned"":true,""aesKeyPresent"":true,""aesKeySource"":""nvs"",""keyId"":1,""lastDownlinkCommandId"":0,""freqMHz"":920,""bwKHz"":125,""sf"":7,""cr"":5,""syncWord"":18,""txPowerDbm"":17,""preamble"":8,""tcxoVoltage"":1.600000024,""xtalVoltage"":0},""dataset"":{""state"":""idle"",""step"":""idle"",""label"":"""",""seq"":0,""targetSamples"":0,""sampleIntervalMs"":500,""maxDurationMs"":0,""useFanIntake"":true,""fanOnMs"":1000,""postFanSettleMs"":0,""nullingProfileId"":9,""queuePending"":0,""queueCapacity"":16,""queueEnqueued"":0,""queueDropped"":0,""publishFailCount"":0,""retryCount"":0,""retryFailCount"":0,""rejectedSamples"":0,""lastRejectReason"":""none"",""lastRejectChannel"":-1,""lastRejectOkFiniteCount"":0,""lastRejectStatus"":255,""lastRejectGain"":0,""lastRejectSaturated"":false},""recovery"":{""wifiReconnectCount"":0,""wifiReconnectFailCount"":0,""mqttReconnectCount"":0,""mqttConnectFailCount"":0,""lastMqttState"":0,""adsRecoveryCount"":0,""adsRecoveryFailCount"":0,""adsReadFailStreak"":0,""lastReason"":""none"",""lastRecoveryMs"":0,""bootRecoveryArmed"":false,""bootRecoveryDueMs"":0,""bootRecoveryReason"":""none"",""bootRecoveryNonAdsFailure"":false,""bootRecoveryRestartCount"":0},""nulling"":{""done"":false,""retryArmed"":false,""attemptCount"":0,""nextRetryMs"":0,""thresholdV"":9.999999747E-06,""minFinalV"":0},""telemetry"":{""valid"":true,""sampleMs"":6716183,""gasClass"":6,""gasName"":""CO2"",""confidence"":0,""alarm"":false,""sensorVoltage"":[0.116881803,0.004035607,0.004866155,-0.002364752,-0.009451035,-0.011584737,-0.019208305,-0.02519317],""sensorGain"":[32,64,64,64,64,64,64,64],""sensorStatus"":[0,0,0,0,0,0,0,0],""featureOrder"":[""MQ8"",""MQ135"",""MQ3"",""MQ5"",""MQ4"",""MQ7"",""MQ6"",""MQ2""]},""alarmLatched"":false}"
2026-08-04 11:13:00.933 +07:00,339.814,HOT_SWEEP_70,70,700,300,1,0,0.116568089,0.004067547,0.004900755,-0.002329888,-0.009455711,-0.011574594,-0.019184936,-0.02524895,"{""deviceId"":""1001"",""nodeId"":4097,""targetChId"":""0010"",""mode"":""inference"",""uptimeMs"":6717274,""debugEnabled"":true,""power"":{""mode"":""24v"",""externalPower"":true,""batteryMv"":65535,""batteryValid"":false,""batteryDetected"":false,""batterySenseStatus"":""not_detected"",""batteryLow"":false,""batteryCritical"":false,""sourceAmbiguous"":false,""serviceHoldActive"":false,""serviceHoldEffective"":false},""batterySession"":{""state"":""inactive"",""startedMs"":0,""stateStartedMs"":0,""validSampleBatches"":0,""requiredSampleBatches"":10,""alarmTxAttempts"":0,""alarmTxAttemptLimit"":3,""alarmAckReceived"":false,""pendingAlarm"":false,""pendingSaveRequired"":false,""persistenceFaultHold"":false,""completionReason"":""session_done""},""bootHealth"":{""adsReady"":true,""adsDrdyLevel"":0,""adsDrdyPulldownLevel"":0,""adsDrdyPullupLevel"":0,""adsMisoPulldownLevel"":0,""adsMisoPullupLevel"":1,""adsCsLevel"":1,""adsSyncLevel"":1,""adsStatus"":54,""adsMux"":15,""adsAdcon"":6,""adsDrate"":240,""adsReason"":""ok"",""tcaOk"":true,""mcpOkCount"":8,""mcpOk"":[true,true,true,true,true,true,true,true],""mcpAddrMask"":[1,1,1,1,1,1,1,1],""mcpControlTested"":true,""mcpControlOkCount"":8,""mcpControlOk"":[true,true,true,true,true,true,true,true],""dacReady"":true,""radioReady"":true,""mlReady"":true,""nullingProfileApplied"":true,""modelProfileReady"":false},""runtimeMcpCode"":[255,519,795,706,799,865,665,139],""model"":{""profileId"":""cnn-dualbranch-datasheet-v1-unbound"",""scalerProfileId"":""cnn-dualbranch-datasheet-v1-unbound"",""productionApproved"":true,""boundNullingProfileId"":8,""activeNullingProfileId"":9,""bindingValid"":true,""bindingModelMatches"":true,""profileReady"":false,""inferenceValid"":false,""sensorFault"":true},""lora"":{""beginState"":0,""lastTxState"":0,""lastTxOk"":false,""txSeq"":0,""txCounter"":0,""aesKeyProvisioned"":true,""aesKeyPresent"":true,""aesKeySource"":""nvs"",""keyId"":1,""lastDownlinkCommandId"":0,""freqMHz"":920,""bwKHz"":125,""sf"":7,""cr"":5,""syncWord"":18,""txPowerDbm"":17,""preamble"":8,""tcxoVoltage"":1.600000024,""xtalVoltage"":0},""dataset"":{""state"":""idle"",""step"":""idle"",""label"":"""",""seq"":0,""targetSamples"":0,""sampleIntervalMs"":500,""maxDurationMs"":0,""useFanIntake"":true,""fanOnMs"":1000,""postFanSettleMs"":0,""nullingProfileId"":9,""queuePending"":0,""queueCapacity"":16,""queueEnqueued"":0,""queueDropped"":0,""publishFailCount"":0,""retryCount"":0,""retryFailCount"":0,""rejectedSamples"":0,""lastRejectReason"":""none"",""lastRejectChannel"":-1,""lastRejectOkFiniteCount"":0,""lastRejectStatus"":255,""lastRejectGain"":0,""lastRejectSaturated"":false},""recovery"":{""wifiReconnectCount"":0,""wifiReconnectFailCount"":0,""mqttReconnectCount"":0,""mqttConnectFailCount"":0,""lastMqttState"":0,""adsRecoveryCount"":0,""adsRecoveryFailCount"":0,""adsReadFailStreak"":0,""lastReason"":""none"",""lastRecoveryMs"":0,""bootRecoveryArmed"":false,""bootRecoveryDueMs"":0,""bootRecoveryReason"":""none"",""bootRecoveryNonAdsFailure"":false,""bootRecoveryRestartCount"":0},""nulling"":{""done"":false,""retryArmed"":false,""attemptCount"":0,""nextRetryMs"":0,""thresholdV"":9.999999747E-06,""minFinalV"":0},""telemetry"":{""valid"":true,""sampleMs"":6716903,""gasClass"":6,""gasName"":""CO2"",""confidence"":0,""alarm"":false,""sensorVoltage"":[0.116568089,0.004067547,0.004900755,-0.002329888,-0.009455711,-0.011574594,-0.019184936,-0.02524895],""sensorGain"":[32,64,64,64,64,64,64,64],""sensorStatus"":[0,0,0,0,0,0,0,0],""featureOrder"":[""MQ8"",""MQ135"",""MQ3"",""MQ5"",""MQ4"",""MQ7"",""MQ6"",""MQ2""]},""alarmLatched"":false}"
2026-08-04 11:13:01.620 +07:00,340.501,HOT_SWEEP_70,70,700,300,1,0,0.116164908,0.004085552,0.004910362,-0.002336574,-0.009467807,-0.01163741,-0.019167256,-0.025262365,"{""deviceId"":""1001"",""nodeId"":4097,""targetChId"":""0010"",""mode"":""inference"",""uptimeMs"":6717959,""debugEnabled"":true,""power"":{""mode"":""24v"",""externalPower"":true,""batteryMv"":65535,""batteryValid"":false,""batteryDetected"":false,""batterySenseStatus"":""not_detected"",""batteryLow"":false,""batteryCritical"":false,""sourceAmbiguous"":false,""serviceHoldActive"":false,""serviceHoldEffective"":false},""batterySession"":{""state"":""inactive"",""startedMs"":0,""stateStartedMs"":0,""validSampleBatches"":0,""requiredSampleBatches"":10,""alarmTxAttempts"":0,""alarmTxAttemptLimit"":3,""alarmAckReceived"":false,""pendingAlarm"":false,""pendingSaveRequired"":false,""persistenceFaultHold"":false,""completionReason"":""session_done""},""bootHealth"":{""adsReady"":true,""adsDrdyLevel"":0,""adsDrdyPulldownLevel"":0,""adsDrdyPullupLevel"":0,""adsMisoPulldownLevel"":0,""adsMisoPullupLevel"":1,""adsCsLevel"":1,""adsSyncLevel"":1,""adsStatus"":54,""adsMux"":15,""adsAdcon"":6,""adsDrate"":240,""adsReason"":""ok"",""tcaOk"":true,""mcpOkCount"":8,""mcpOk"":[true,true,true,true,true,true,true,true],""mcpAddrMask"":[1,1,1,1,1,1,1,1],""mcpControlTested"":true,""mcpControlOkCount"":8,""mcpControlOk"":[true,true,true,true,true,true,true,true],""dacReady"":true,""radioReady"":true,""mlReady"":true,""nullingProfileApplied"":true,""modelProfileReady"":false},""runtimeMcpCode"":[255,519,795,706,799,865,665,139],""model"":{""profileId"":""cnn-dualbranch-datasheet-v1-unbound"",""scalerProfileId"":""cnn-dualbranch-datasheet-v1-unbound"",""productionApproved"":true,""boundNullingProfileId"":8,""activeNullingProfileId"":9,""bindingValid"":true,""bindingModelMatches"":true,""profileReady"":false,""inferenceValid"":false,""sensorFault"":true},""lora"":{""beginState"":0,""lastTxState"":0,""lastTxOk"":false,""txSeq"":0,""txCounter"":0,""aesKeyProvisioned"":true,""aesKeyPresent"":true,""aesKeySource"":""nvs"",""keyId"":1,""lastDownlinkCommandId"":0,""freqMHz"":920,""bwKHz"":125,""sf"":7,""cr"":5,""syncWord"":18,""txPowerDbm"":17,""preamble"":8,""tcxoVoltage"":1.600000024,""xtalVoltage"":0},""dataset"":{""state"":""idle"",""step"":""idle"",""label"":"""",""seq"":0,""targetSamples"":0,""sampleIntervalMs"":500,""maxDurationMs"":0,""useFanIntake"":true,""fanOnMs"":1000,""postFanSettleMs"":0,""nullingProfileId"":9,""queuePending"":0,""queueCapacity"":16,""queueEnqueued"":0,""queueDropped"":0,""publishFailCount"":0,""retryCount"":0,""retryFailCount"":0,""rejectedSamples"":0,""lastRejectReason"":""none"",""lastRejectChannel"":-1,""lastRejectOkFiniteCount"":0,""lastRejectStatus"":255,""lastRejectGain"":0,""lastRejectSaturated"":false},""recovery"":{""wifiReconnectCount"":0,""wifiReconnectFailCount"":0,""mqttReconnectCount"":0,""mqttConnectFailCount"":0,""lastMqttState"":0,""adsRecoveryCount"":0,""adsRecoveryFailCount"":0,""adsReadFailStreak"":0,""lastReason"":""none"",""lastRecoveryMs"":0,""bootRecoveryArmed"":false,""bootRecoveryDueMs"":0,""bootRecoveryReason"":""none"",""bootRecoveryNonAdsFailure"":false,""bootRecoveryRestartCount"":0},""nulling"":{""done"":false,""retryArmed"":false,""attemptCount"":0,""nextRetryMs"":0,""thresholdV"":9.999999747E-06,""minFinalV"":0},""telemetry"":{""valid"":true,""sampleMs"":6717552,""gasClass"":6,""gasName"":""CO2"",""confidence"":0,""alarm"":false,""sensorVoltage"":[0.116164908,0.004085552,0.004910362,-0.002336574,-0.009467807,-0.01163741,-0.019167256,-0.025262365],""sensorGain"":[32,64,64,64,64,64,64,64],""sensorStatus"":[0,0,0,0,0,0,0,0],""featureOrder"":[""MQ8"",""MQ135"",""MQ3"",""MQ5"",""MQ4"",""MQ7"",""MQ6"",""MQ2""]},""alarmLatched"":false}"
2026-08-04 11:13:02.304 +07:00,341.185,HOT_SWEEP_70,70,700,300,1,0,0.117030621,0.004103423,0.00489857,-0.002328299,-0.009442188,-0.011638423,-0.019099182,-0.025304679,"{""deviceId"":""1001"",""nodeId"":4097,""targetChId"":""0010"",""mode"":""inference"",""uptimeMs"":6718640,""debugEnabled"":true,""power"":{""mode"":""24v"",""externalPower"":true,""batteryMv"":65535,""batteryValid"":false,""batteryDetected"":false,""batterySenseStatus"":""not_detected"",""batteryLow"":false,""batteryCritical"":false,""sourceAmbiguous"":false,""serviceHoldActive"":false,""serviceHoldEffective"":false},""batterySession"":{""state"":""inactive"",""startedMs"":0,""stateStartedMs"":0,""validSampleBatches"":0,""requiredSampleBatches"":10,""alarmTxAttempts"":0,""alarmTxAttemptLimit"":3,""alarmAckReceived"":false,""pendingAlarm"":false,""pendingSaveRequired"":false,""persistenceFaultHold"":false,""completionReason"":""session_done""},""bootHealth"":{""adsReady"":true,""adsDrdyLevel"":0,""adsDrdyPulldownLevel"":0,""adsDrdyPullupLevel"":0,""adsMisoPulldownLevel"":0,""adsMisoPullupLevel"":1,""adsCsLevel"":1,""adsSyncLevel"":1,""adsStatus"":54,""adsMux"":15,""adsAdcon"":6,""adsDrate"":240,""adsReason"":""ok"",""tcaOk"":true,""mcpOkCount"":8,""mcpOk"":[true,true,true,true,true,true,true,true],""mcpAddrMask"":[1,1,1,1,1,1,1,1],""mcpControlTested"":true,""mcpControlOkCount"":8,""mcpControlOk"":[true,true,true,true,true,true,true,true],""dacReady"":true,""radioReady"":true,""mlReady"":true,""nullingProfileApplied"":true,""modelProfileReady"":false},""runtimeMcpCode"":[255,519,795,706,799,865,665,139],""model"":{""profileId"":""cnn-dualbranch-datasheet-v1-unbound"",""scalerProfileId"":""cnn-dualbranch-datasheet-v1-unbound"",""productionApproved"":true,""boundNullingProfileId"":8,""activeNullingProfileId"":9,""bindingValid"":true,""bindingModelMatches"":true,""profileReady"":false,""inferenceValid"":false,""sensorFault"":true},""lora"":{""beginState"":0,""lastTxState"":0,""lastTxOk"":false,""txSeq"":0,""txCounter"":0,""aesKeyProvisioned"":true,""aesKeyPresent"":true,""aesKeySource"":""nvs"",""keyId"":1,""lastDownlinkCommandId"":0,""freqMHz"":920,""bwKHz"":125,""sf"":7,""cr"":5,""syncWord"":18,""txPowerDbm"":17,""preamble"":8,""tcxoVoltage"":1.600000024,""xtalVoltage"":0},""dataset"":{""state"":""idle"",""step"":""idle"",""label"":"""",""seq"":0,""targetSamples"":0,""sampleIntervalMs"":500,""maxDurationMs"":0,""useFanIntake"":true,""fanOnMs"":1000,""postFanSettleMs"":0,""nullingProfileId"":9,""queuePending"":0,""queueCapacity"":16,""queueEnqueued"":0,""queueDropped"":0,""publishFailCount"":0,""retryCount"":0,""retryFailCount"":0,""rejectedSamples"":0,""lastRejectReason"":""none"",""lastRejectChannel"":-1,""lastRejectOkFiniteCount"":0,""lastRejectStatus"":255,""lastRejectGain"":0,""lastRejectSaturated"":false},""recovery"":{""wifiReconnectCount"":0,""wifiReconnectFailCount"":0,""mqttReconnectCount"":0,""mqttConnectFailCount"":0,""lastMqttState"":0,""adsRecoveryCount"":0,""adsRecoveryFailCount"":0,""adsReadFailStreak"":0,""lastReason"":""none"",""lastRecoveryMs"":0,""bootRecoveryArmed"":false,""bootRecoveryDueMs"":0,""bootRecoveryReason"":""none"",""bootRecoveryNonAdsFailure"":false,""bootRecoveryRestartCount"":0},""nulling"":{""done"":false,""retryArmed"":false,""attemptCount"":0,""nextRetryMs"":0,""thresholdV"":9.999999747E-06,""minFinalV"":0},""telemetry"":{""valid"":true,""sampleMs"":6718237,""gasClass"":6,""gasName"":""CO2"",""confidence"":0,""alarm"":false,""sensorVoltage"":[0.117030621,0.004103423,0.00489857,-0.002328299,-0.009442188,-0.011638423,-0.019099182,-0.025304679],""sensorGain"":[32,64,64,64,64,64,64,64],""sensorStatus"":[0,0,0,0,0,0,0,0],""featureOrder"":[""MQ8"",""MQ135"",""MQ3"",""MQ5"",""MQ4"",""MQ7"",""MQ6"",""MQ2""]},""alarmLatched"":false}"
2026-08-04 11:13:02.981 +07:00,341.862,HOT_SWEEP_70,70,700,300,1,0,0.11689055,0.004123366,0.004954921,-0.002352958,-0.009457087,-0.011624034,-0.019073922,-0.025277007,"{""deviceId"":""1001"",""nodeId"":4097,""targetChId"":""0010"",""mode"":""inference"",""uptimeMs"":6719329,""debugEnabled"":true,""power"":{""mode"":""24v"",""externalPower"":true,""batteryMv"":65535,""batteryValid"":false,""batteryDetected"":false,""batterySenseStatus"":""not_detected"",""batteryLow"":false,""batteryCritical"":false,""sourceAmbiguous"":false,""serviceHoldActive"":false,""serviceHoldEffective"":false},""batterySession"":{""state"":""inactive"",""startedMs"":0,""stateStartedMs"":0,""validSampleBatches"":0,""requiredSampleBatches"":10,""alarmTxAttempts"":0,""alarmTxAttemptLimit"":3,""alarmAckReceived"":false,""pendingAlarm"":false,""pendingSaveRequired"":false,""persistenceFaultHold"":false,""completionReason"":""session_done""},""bootHealth"":{""adsReady"":true,""adsDrdyLevel"":0,""adsDrdyPulldownLevel"":0,""adsDrdyPullupLevel"":0,""adsMisoPulldownLevel"":0,""adsMisoPullupLevel"":1,""adsCsLevel"":1,""adsSyncLevel"":1,""adsStatus"":54,""adsMux"":15,""adsAdcon"":6,""adsDrate"":240,""adsReason"":""ok"",""tcaOk"":true,""mcpOkCount"":8,""mcpOk"":[true,true,true,true,true,true,true,true],""mcpAddrMask"":[1,1,1,1,1,1,1,1],""mcpControlTested"":true,""mcpControlOkCount"":8,""mcpControlOk"":[true,true,true,true,true,true,true,true],""dacReady"":true,""radioReady"":true,""mlReady"":true,""nullingProfileApplied"":true,""modelProfileReady"":false},""runtimeMcpCode"":[255,519,795,706,799,865,665,139],""model"":{""profileId"":""cnn-dualbranch-datasheet-v1-unbound"",""scalerProfileId"":""cnn-dualbranch-datasheet-v1-unbound"",""productionApproved"":true,""boundNullingProfileId"":8,""activeNullingProfileId"":9,""bindingValid"":true,""bindingModelMatches"":true,""profileReady"":false,""inferenceValid"":false,""sensorFault"":true},""lora"":{""beginState"":0,""lastTxState"":0,""lastTxOk"":false,""txSeq"":0,""txCounter"":0,""aesKeyProvisioned"":true,""aesKeyPresent"":true,""aesKeySource"":""nvs"",""keyId"":1,""lastDownlinkCommandId"":0,""freqMHz"":920,""bwKHz"":125,""sf"":7,""cr"":5,""syncWord"":18,""txPowerDbm"":17,""preamble"":8,""tcxoVoltage"":1.600000024,""xtalVoltage"":0},""dataset"":{""state"":""idle"",""step"":""idle"",""label"":"""",""seq"":0,""targetSamples"":0,""sampleIntervalMs"":500,""maxDurationMs"":0,""useFanIntake"":true,""fanOnMs"":1000,""postFanSettleMs"":0,""nullingProfileId"":9,""queuePending"":0,""queueCapacity"":16,""queueEnqueued"":0,""queueDropped"":0,""publishFailCount"":0,""retryCount"":0,""retryFailCount"":0,""rejectedSamples"":0,""lastRejectReason"":""none"",""lastRejectChannel"":-1,""lastRejectOkFiniteCount"":0,""lastRejectStatus"":255,""lastRejectGain"":0,""lastRejectSaturated"":false},""recovery"":{""wifiReconnectCount"":0,""wifiReconnectFailCount"":0,""mqttReconnectCount"":0,""mqttConnectFailCount"":0,""lastMqttState"":0,""adsRecoveryCount"":0,""adsRecoveryFailCount"":0,""adsReadFailStreak"":0,""lastReason"":""none"",""lastRecoveryMs"":0,""bootRecoveryArmed"":false,""bootRecoveryDueMs"":0,""bootRecoveryReason"":""none"",""bootRecoveryNonAdsFailure"":false,""bootRecoveryRestartCount"":0},""nulling"":{""done"":false,""retryArmed"":false,""attemptCount"":0,""nextRetryMs"":0,""thresholdV"":9.999999747E-06,""minFinalV"":0},""telemetry"":{""valid"":true,""sampleMs"":6718950,""gasClass"":6,""gasName"":""CO2"",""confidence"":0,""alarm"":false,""sensorVoltage"":[0.11689055,0.004123366,0.004954921,-0.002352958,-0.009457087,-0.011624034,-0.019073922,-0.025277007],""sensorGain"":[32,64,64,64,64,64,64,64],""sensorStatus"":[0,0,0,0,0,0,0,0],""featureOrder"":[""MQ8"",""MQ135"",""MQ3"",""MQ5"",""MQ4"",""MQ7"",""MQ6"",""MQ2""]},""alarmLatched"":false}"
2026-08-04 11:13:03.680 +07:00,342.561,HOT_SWEEP_70,70,700,300,1,0,0.116193816,0.004087636,0.004947498,-0.002419451,-0.009438297,-0.011635337,-0.019042311,-0.025273105,"{""deviceId"":""1001"",""nodeId"":4097,""targetChId"":""0010"",""mode"":""inference"",""uptimeMs"":6720021,""debugEnabled"":true,""power"":{""mode"":""24v"",""externalPower"":true,""batteryMv"":65535,""batteryValid"":false,""batteryDetected"":false,""batterySenseStatus"":""not_detected"",""batteryLow"":false,""batteryCritical"":false,""sourceAmbiguous"":false,""serviceHoldActive"":false,""serviceHoldEffective"":false},""batterySession"":{""state"":""inactive"",""startedMs"":0,""stateStartedMs"":0,""validSampleBatches"":0,""requiredSampleBatches"":10,""alarmTxAttempts"":0,""alarmTxAttemptLimit"":3,""alarmAckReceived"":false,""pendingAlarm"":false,""pendingSaveRequired"":false,""persistenceFaultHold"":false,""completionReason"":""session_done""},""bootHealth"":{""adsReady"":true,""adsDrdyLevel"":0,""adsDrdyPulldownLevel"":0,""adsDrdyPullupLevel"":0,""adsMisoPulldownLevel"":0,""adsMisoPullupLevel"":1,""adsCsLevel"":1,""adsSyncLevel"":1,""adsStatus"":54,""adsMux"":15,""adsAdcon"":6,""adsDrate"":240,""adsReason"":""ok"",""tcaOk"":true,""mcpOkCount"":8,""mcpOk"":[true,true,true,true,true,true,true,true],""mcpAddrMask"":[1,1,1,1,1,1,1,1],""mcpControlTested"":true,""mcpControlOkCount"":8,""mcpControlOk"":[true,true,true,true,true,true,true,true],""dacReady"":true,""radioReady"":true,""mlReady"":true,""nullingProfileApplied"":true,""modelProfileReady"":false},""runtimeMcpCode"":[255,519,795,706,799,865,665,139],""model"":{""profileId"":""cnn-dualbranch-datasheet-v1-unbound"",""scalerProfileId"":""cnn-dualbranch-datasheet-v1-unbound"",""productionApproved"":true,""boundNullingProfileId"":8,""activeNullingProfileId"":9,""bindingValid"":true,""bindingModelMatches"":true,""profileReady"":false,""inferenceValid"":false,""sensorFault"":true},""lora"":{""beginState"":0,""lastTxState"":0,""lastTxOk"":false,""txSeq"":0,""txCounter"":0,""aesKeyProvisioned"":true,""aesKeyPresent"":true,""aesKeySource"":""nvs"",""keyId"":1,""lastDownlinkCommandId"":0,""freqMHz"":920,""bwKHz"":125,""sf"":7,""cr"":5,""syncWord"":18,""txPowerDbm"":17,""preamble"":8,""tcxoVoltage"":1.600000024,""xtalVoltage"":0},""dataset"":{""state"":""idle"",""step"":""idle"",""label"":"""",""seq"":0,""targetSamples"":0,""sampleIntervalMs"":500,""maxDurationMs"":0,""useFanIntake"":true,""fanOnMs"":1000,""postFanSettleMs"":0,""nullingProfileId"":9,""queuePending"":0,""queueCapacity"":16,""queueEnqueued"":0,""queueDropped"":0,""publishFailCount"":0,""retryCount"":0,""retryFailCount"":0,""rejectedSamples"":0,""lastRejectReason"":""none"",""lastRejectChannel"":-1,""lastRejectOkFiniteCount"":0,""lastRejectStatus"":255,""lastRejectGain"":0,""lastRejectSaturated"":false},""recovery"":{""wifiReconnectCount"":0,""wifiReconnectFailCount"":0,""mqttReconnectCount"":0,""mqttConnectFailCount"":0,""lastMqttState"":0,""adsRecoveryCount"":0,""adsRecoveryFailCount"":0,""adsReadFailStreak"":0,""lastReason"":""none"",""lastRecoveryMs"":0,""bootRecoveryArmed"":false,""bootRecoveryDueMs"":0,""bootRecoveryReason"":""none"",""bootRecoveryNonAdsFailure"":false,""bootRecoveryRestartCount"":0},""nulling"":{""done"":false,""retryArmed"":false,""attemptCount"":0,""nextRetryMs"":0,""thresholdV"":9.999999747E-06,""minFinalV"":0},""telemetry"":{""valid"":true,""sampleMs"":6719612,""gasClass"":6,""gasName"":""CO2"",""confidence"":0,""alarm"":false,""sensorVoltage"":[0.116193816,0.004087636,0.004947498,-0.002419451,-0.009438297,-0.011635337,-0.019042311,-0.025273105],""sensorGain"":[32,64,64,64,64,64,64,64],""sensorStatus"":[0,0,0,0,0,0,0,0],""featureOrder"":[""MQ8"",""MQ135"",""MQ3"",""MQ5"",""MQ4"",""MQ7"",""MQ6"",""MQ2""]},""alarmLatched"":false}"
2026-08-04 11:13:04.364 +07:00,343.245,HOT_SWEEP_70,70,700,300,1,0,0.116571307,0.004060428,0.004947518,-0.002457502,-0.009449561,-0.011669049,-0.019009277,-0.02523444,"{""deviceId"":""1001"",""nodeId"":4097,""targetChId"":""0010"",""mode"":""inference"",""uptimeMs"":6720705,""debugEnabled"":true,""power"":{""mode"":""24v"",""externalPower"":true,""batteryMv"":65535,""batteryValid"":false,""batteryDetected"":false,""batterySenseStatus"":""not_detected"",""batteryLow"":false,""batteryCritical"":false,""sourceAmbiguous"":false,""serviceHoldActive"":false,""serviceHoldEffective"":false},""batterySession"":{""state"":""inactive"",""startedMs"":0,""stateStartedMs"":0,""validSampleBatches"":0,""requiredSampleBatches"":10,""alarmTxAttempts"":0,""alarmTxAttemptLimit"":3,""alarmAckReceived"":false,""pendingAlarm"":false,""pendingSaveRequired"":false,""persistenceFaultHold"":false,""completionReason"":""session_done""},""bootHealth"":{""adsReady"":true,""adsDrdyLevel"":0,""adsDrdyPulldownLevel"":0,""adsDrdyPullupLevel"":0,""adsMisoPulldownLevel"":0,""adsMisoPullupLevel"":1,""adsCsLevel"":1,""adsSyncLevel"":1,""adsStatus"":54,""adsMux"":15,""adsAdcon"":6,""adsDrate"":240,""adsReason"":""ok"",""tcaOk"":true,""mcpOkCount"":8,""mcpOk"":[true,true,true,true,true,true,true,true],""mcpAddrMask"":[1,1,1,1,1,1,1,1],""mcpControlTested"":true,""mcpControlOkCount"":8,""mcpControlOk"":[true,true,true,true,true,true,true,true],""dacReady"":true,""radioReady"":true,""mlReady"":true,""nullingProfileApplied"":true,""modelProfileReady"":false},""runtimeMcpCode"":[255,519,795,706,799,865,665,139],""model"":{""profileId"":""cnn-dualbranch-datasheet-v1-unbound"",""scalerProfileId"":""cnn-dualbranch-datasheet-v1-unbound"",""productionApproved"":true,""boundNullingProfileId"":8,""activeNullingProfileId"":9,""bindingValid"":true,""bindingModelMatches"":true,""profileReady"":false,""inferenceValid"":false,""sensorFault"":true},""lora"":{""beginState"":0,""lastTxState"":0,""lastTxOk"":false,""txSeq"":0,""txCounter"":0,""aesKeyProvisioned"":true,""aesKeyPresent"":true,""aesKeySource"":""nvs"",""keyId"":1,""lastDownlinkCommandId"":0,""freqMHz"":920,""bwKHz"":125,""sf"":7,""cr"":5,""syncWord"":18,""txPowerDbm"":17,""preamble"":8,""tcxoVoltage"":1.600000024,""xtalVoltage"":0},""dataset"":{""state"":""idle"",""step"":""idle"",""label"":"""",""seq"":0,""targetSamples"":0,""sampleIntervalMs"":500,""maxDurationMs"":0,""useFanIntake"":true,""fanOnMs"":1000,""postFanSettleMs"":0,""nullingProfileId"":9,""queuePending"":0,""queueCapacity"":16,""queueEnqueued"":0,""queueDropped"":0,""publishFailCount"":0,""retryCount"":0,""retryFailCount"":0,""rejectedSamples"":0,""lastRejectReason"":""none"",""lastRejectChannel"":-1,""lastRejectOkFiniteCount"":0,""lastRejectStatus"":255,""lastRejectGain"":0,""lastRejectSaturated"":false},""recovery"":{""wifiReconnectCount"":0,""wifiReconnectFailCount"":0,""mqttReconnectCount"":0,""mqttConnectFailCount"":0,""lastMqttState"":0,""adsRecoveryCount"":0,""adsRecoveryFailCount"":0,""adsReadFailStreak"":0,""lastReason"":""none"",""lastRecoveryMs"":0,""bootRecoveryArmed"":false,""bootRecoveryDueMs"":0,""bootRecoveryReason"":""none"",""bootRecoveryNonAdsFailure"":false,""bootRecoveryRestartCount"":0},""nulling"":{""done"":false,""retryArmed"":false,""attemptCount"":0,""nextRetryMs"":0,""thresholdV"":9.999999747E-06,""minFinalV"":0},""telemetry"":{""valid"":true,""sampleMs"":6720299,""gasClass"":6,""gasName"":""CO2"",""confidence"":0,""alarm"":false,""sensorVoltage"":[0.116571307,0.004060428,0.004947518,-0.002457502,-0.009449561,-0.011669049,-0.019009277,-0.02523444],""sensorGain"":[32,64,64,64,64,64,64,64],""sensorStatus"":[0,0,0,0,0,0,0,0],""featureOrder"":[""MQ8"",""MQ135"",""MQ3"",""MQ5"",""MQ4"",""MQ7"",""MQ6"",""MQ2""]},""alarmLatched"":false}"
2026-08-04 11:13:05.064 +07:00,343.945,HOT_SWEEP_70,70,700,300,1,0,0.11696168,0.00406072,0.004960275,-0.002451756,-0.009354722,-0.01166763,-0.018990899,-0.024813686,"{""deviceId"":""1001"",""nodeId"":4097,""targetChId"":""0010"",""mode"":""inference"",""uptimeMs"":6721404,""debugEnabled"":true,""power"":{""mode"":""24v"",""externalPower"":true,""batteryMv"":65535,""batteryValid"":false,""batteryDetected"":false,""batterySenseStatus"":""not_detected"",""batteryLow"":false,""batteryCritical"":false,""sourceAmbiguous"":false,""serviceHoldActive"":false,""serviceHoldEffective"":false},""batterySession"":{""state"":""inactive"",""startedMs"":0,""stateStartedMs"":0,""validSampleBatches"":0,""requiredSampleBatches"":10,""alarmTxAttempts"":0,""alarmTxAttemptLimit"":3,""alarmAckReceived"":false,""pendingAlarm"":false,""pendingSaveRequired"":false,""persistenceFaultHold"":false,""completionReason"":""session_done""},""bootHealth"":{""adsReady"":true,""adsDrdyLevel"":0,""adsDrdyPulldownLevel"":0,""adsDrdyPullupLevel"":0,""adsMisoPulldownLevel"":0,""adsMisoPullupLevel"":1,""adsCsLevel"":1,""adsSyncLevel"":1,""adsStatus"":54,""adsMux"":15,""adsAdcon"":6,""adsDrate"":240,""adsReason"":""ok"",""tcaOk"":true,""mcpOkCount"":8,""mcpOk"":[true,true,true,true,true,true,true,true],""mcpAddrMask"":[1,1,1,1,1,1,1,1],""mcpControlTested"":true,""mcpControlOkCount"":8,""mcpControlOk"":[true,true,true,true,true,true,true,true],""dacReady"":true,""radioReady"":true,""mlReady"":true,""nullingProfileApplied"":true,""modelProfileReady"":false},""runtimeMcpCode"":[255,519,795,706,799,865,665,139],""model"":{""profileId"":""cnn-dualbranch-datasheet-v1-unbound"",""scalerProfileId"":""cnn-dualbranch-datasheet-v1-unbound"",""productionApproved"":true,""boundNullingProfileId"":8,""activeNullingProfileId"":9,""bindingValid"":true,""bindingModelMatches"":true,""profileReady"":false,""inferenceValid"":false,""sensorFault"":true},""lora"":{""beginState"":0,""lastTxState"":0,""lastTxOk"":false,""txSeq"":0,""txCounter"":0,""aesKeyProvisioned"":true,""aesKeyPresent"":true,""aesKeySource"":""nvs"",""keyId"":1,""lastDownlinkCommandId"":0,""freqMHz"":920,""bwKHz"":125,""sf"":7,""cr"":5,""syncWord"":18,""txPowerDbm"":17,""preamble"":8,""tcxoVoltage"":1.600000024,""xtalVoltage"":0},""dataset"":{""state"":""idle"",""step"":""idle"",""label"":"""",""seq"":0,""targetSamples"":0,""sampleIntervalMs"":500,""maxDurationMs"":0,""useFanIntake"":true,""fanOnMs"":1000,""postFanSettleMs"":0,""nullingProfileId"":9,""queuePending"":0,""queueCapacity"":16,""queueEnqueued"":0,""queueDropped"":0,""publishFailCount"":0,""retryCount"":0,""retryFailCount"":0,""rejectedSamples"":0,""lastRejectReason"":""none"",""lastRejectChannel"":-1,""lastRejectOkFiniteCount"":0,""lastRejectStatus"":255,""lastRejectGain"":0,""lastRejectSaturated"":false},""recovery"":{""wifiReconnectCount"":0,""wifiReconnectFailCount"":0,""mqttReconnectCount"":0,""mqttConnectFailCount"":0,""lastMqttState"":0,""adsRecoveryCount"":0,""adsRecoveryFailCount"":0,""adsReadFailStreak"":0,""lastReason"":""none"",""lastRecoveryMs"":0,""bootRecoveryArmed"":false,""bootRecoveryDueMs"":0,""bootRecoveryReason"":""none"",""bootRecoveryNonAdsFailure"":false,""bootRecoveryRestartCount"":0},""nulling"":{""done"":false,""retryArmed"":false,""attemptCount"":0,""nextRetryMs"":0,""thresholdV"":9.999999747E-06,""minFinalV"":0},""telemetry"":{""valid"":true,""sampleMs"":6721015,""gasClass"":6,""gasName"":""CO2"",""confidence"":0,""alarm"":false,""sensorVoltage"":[0.11696168,0.00406072,0.004960275,-0.002451756,-0.009354722,-0.01166763,-0.018990899,-0.024813686],""sensorGain"":[32,64,64,64,64,64,64,64],""sensorStatus"":[0,0,0,0,0,0,0,0],""featureOrder"":[""MQ8"",""MQ135"",""MQ3"",""MQ5"",""MQ4"",""MQ7"",""MQ6"",""MQ2""]},""alarmLatched"":false}"
2026-08-04 11:13:05.756 +07:00,344.627,HOT_SWEEP_70,70,700,300,1,0,0.11644876,0.00406581,0.004917324,-0.002462971,-0.009350805,-0.011657108,-0.019370336,-0.025301576,"{""deviceId"":""1001"",""nodeId"":4097,""targetChId"":""0010"",""mode"":""inference"",""uptimeMs"":6722089,""debugEnabled"":true,""power"":{""mode"":""24v"",""externalPower"":true,""batteryMv"":65535,""batteryValid"":false,""batteryDetected"":false,""batterySenseStatus"":""not_detected"",""batteryLow"":false,""batteryCritical"":false,""sourceAmbiguous"":false,""serviceHoldActive"":false,""serviceHoldEffective"":false},""batterySession"":{""state"":""inactive"",""startedMs"":0,""stateStartedMs"":0,""validSampleBatches"":0,""requiredSampleBatches"":10,""alarmTxAttempts"":0,""alarmTxAttemptLimit"":3,""alarmAckReceived"":false,""pendingAlarm"":false,""pendingSaveRequired"":false,""persistenceFaultHold"":false,""completionReason"":""session_done""},""bootHealth"":{""adsReady"":true,""adsDrdyLevel"":0,""adsDrdyPulldownLevel"":0,""adsDrdyPullupLevel"":0,""adsMisoPulldownLevel"":0,""adsMisoPullupLevel"":1,""adsCsLevel"":1,""adsSyncLevel"":1,""adsStatus"":54,""adsMux"":15,""adsAdcon"":6,""adsDrate"":240,""adsReason"":""ok"",""tcaOk"":true,""mcpOkCount"":8,""mcpOk"":[true,true,true,true,true,true,true,true],""mcpAddrMask"":[1,1,1,1,1,1,1,1],""mcpControlTested"":true,""mcpControlOkCount"":8,""mcpControlOk"":[true,true,true,true,true,true,true,true],""dacReady"":true,""radioReady"":true,""mlReady"":true,""nullingProfileApplied"":true,""modelProfileReady"":false},""runtimeMcpCode"":[255,519,795,706,799,865,665,139],""model"":{""profileId"":""cnn-dualbranch-datasheet-v1-unbound"",""scalerProfileId"":""cnn-dualbranch-datasheet-v1-unbound"",""productionApproved"":true,""boundNullingProfileId"":8,""activeNullingProfileId"":9,""bindingValid"":true,""bindingModelMatches"":true,""profileReady"":false,""inferenceValid"":false,""sensorFault"":true},""lora"":{""beginState"":0,""lastTxState"":0,""lastTxOk"":false,""txSeq"":0,""txCounter"":0,""aesKeyProvisioned"":true,""aesKeyPresent"":true,""aesKeySource"":""nvs"",""keyId"":1,""lastDownlinkCommandId"":0,""freqMHz"":920,""bwKHz"":125,""sf"":7,""cr"":5,""syncWord"":18,""txPowerDbm"":17,""preamble"":8,""tcxoVoltage"":1.600000024,""xtalVoltage"":0},""dataset"":{""state"":""idle"",""step"":""idle"",""label"":"""",""seq"":0,""targetSamples"":0,""sampleIntervalMs"":500,""maxDurationMs"":0,""useFanIntake"":true,""fanOnMs"":1000,""postFanSettleMs"":0,""nullingProfileId"":9,""queuePending"":0,""queueCapacity"":16,""queueEnqueued"":0,""queueDropped"":0,""publishFailCount"":0,""retryCount"":0,""retryFailCount"":0,""rejectedSamples"":0,""lastRejectReason"":""none"",""lastRejectChannel"":-1,""lastRejectOkFiniteCount"":0,""lastRejectStatus"":255,""lastRejectGain"":0,""lastRejectSaturated"":false},""recovery"":{""wifiReconnectCount"":0,""wifiReconnectFailCount"":0,""mqttReconnectCount"":0,""mqttConnectFailCount"":0,""lastMqttState"":0,""adsRecoveryCount"":0,""adsRecoveryFailCount"":0,""adsReadFailStreak"":0,""lastReason"":""none"",""lastRecoveryMs"":0,""bootRecoveryArmed"":false,""bootRecoveryDueMs"":0,""bootRecoveryReason"":""none"",""bootRecoveryNonAdsFailure"":false,""bootRecoveryRestartCount"":0},""nulling"":{""done"":false,""retryArmed"":false,""attemptCount"":0,""nextRetryMs"":0,""thresholdV"":9.999999747E-06,""minFinalV"":0},""telemetry"":{""valid"":true,""sampleMs"":6721682,""gasClass"":6,""gasName"":""CO2"",""confidence"":0,""alarm"":false,""sensorVoltage"":[0.11644876,0.00406581,0.004917324,-0.002462971,-0.009350805,-0.011657108,-0.019370336,-0.025301576],""sensorGain"":[32,64,64,64,64,64,64,64],""sensorStatus"":[0,0,0,0,0,0,0,0],""featureOrder"":[""MQ8"",""MQ135"",""MQ3"",""MQ5"",""MQ4"",""MQ7"",""MQ6"",""MQ2""]},""alarmLatched"":false}"
2026-08-04 11:13:06.430 +07:00,345.311,HOT_SWEEP_70,70,700,300,1,0,0.11639832,0.004037281,0.00490692,-0.002454195,-0.009364718,-0.011621209,-0.019372346,-0.025302151,"{""deviceId"":""1001"",""nodeId"":4097,""targetChId"":""0010"",""mode"":""inference"",""uptimeMs"":6722772,""debugEnabled"":true,""power"":{""mode"":""24v"",""externalPower"":true,""batteryMv"":65535,""batteryValid"":false,""batteryDetected"":false,""batterySenseStatus"":""not_detected"",""batteryLow"":false,""batteryCritical"":false,""sourceAmbiguous"":false,""serviceHoldActive"":false,""serviceHoldEffective"":false},""batterySession"":{""state"":""inactive"",""startedMs"":0,""stateStartedMs"":0,""validSampleBatches"":0,""requiredSampleBatches"":10,""alarmTxAttempts"":0,""alarmTxAttemptLimit"":3,""alarmAckReceived"":false,""pendingAlarm"":false,""pendingSaveRequired"":false,""persistenceFaultHold"":false,""completionReason"":""session_done""},""bootHealth"":{""adsReady"":true,""adsDrdyLevel"":0,""adsDrdyPulldownLevel"":0,""adsDrdyPullupLevel"":0,""adsMisoPulldownLevel"":0,""adsMisoPullupLevel"":1,""adsCsLevel"":1,""adsSyncLevel"":1,""adsStatus"":54,""adsMux"":15,""adsAdcon"":6,""adsDrate"":240,""adsReason"":""ok"",""tcaOk"":true,""mcpOkCount"":8,""mcpOk"":[true,true,true,true,true,true,true,true],""mcpAddrMask"":[1,1,1,1,1,1,1,1],""mcpControlTested"":true,""mcpControlOkCount"":8,""mcpControlOk"":[true,true,true,true,true,true,true,true],""dacReady"":true,""radioReady"":true,""mlReady"":true,""nullingProfileApplied"":true,""modelProfileReady"":false},""runtimeMcpCode"":[255,519,795,706,799,865,665,139],""model"":{""profileId"":""cnn-dualbranch-datasheet-v1-unbound"",""scalerProfileId"":""cnn-dualbranch-datasheet-v1-unbound"",""productionApproved"":true,""boundNullingProfileId"":8,""activeNullingProfileId"":9,""bindingValid"":true,""bindingModelMatches"":true,""profileReady"":false,""inferenceValid"":false,""sensorFault"":true},""lora"":{""beginState"":0,""lastTxState"":0,""lastTxOk"":false,""txSeq"":0,""txCounter"":0,""aesKeyProvisioned"":true,""aesKeyPresent"":true,""aesKeySource"":""nvs"",""keyId"":1,""lastDownlinkCommandId"":0,""freqMHz"":920,""bwKHz"":125,""sf"":7,""cr"":5,""syncWord"":18,""txPowerDbm"":17,""preamble"":8,""tcxoVoltage"":1.600000024,""xtalVoltage"":0},""dataset"":{""state"":""idle"",""step"":""idle"",""label"":"""",""seq"":0,""targetSamples"":0,""sampleIntervalMs"":500,""maxDurationMs"":0,""useFanIntake"":true,""fanOnMs"":1000,""postFanSettleMs"":0,""nullingProfileId"":9,""queuePending"":0,""queueCapacity"":16,""queueEnqueued"":0,""queueDropped"":0,""publishFailCount"":0,""retryCount"":0,""retryFailCount"":0,""rejectedSamples"":0,""lastRejectReason"":""none"",""lastRejectChannel"":-1,""lastRejectOkFiniteCount"":0,""lastRejectStatus"":255,""lastRejectGain"":0,""lastRejectSaturated"":false},""recovery"":{""wifiReconnectCount"":0,""wifiReconnectFailCount"":0,""mqttReconnectCount"":0,""mqttConnectFailCount"":0,""lastMqttState"":0,""adsRecoveryCount"":0,""adsRecoveryFailCount"":0,""adsReadFailStreak"":0,""lastReason"":""none"",""lastRecoveryMs"":0,""bootRecoveryArmed"":false,""bootRecoveryDueMs"":0,""bootRecoveryReason"":""none"",""bootRecoveryNonAdsFailure"":false,""bootRecoveryRestartCount"":0},""nulling"":{""done"":false,""retryArmed"":false,""attemptCount"":0,""nextRetryMs"":0,""thresholdV"":9.999999747E-06,""minFinalV"":0},""telemetry"":{""valid"":true,""sampleMs"":6722367,""gasClass"":6,""gasName"":""CO2"",""confidence"":0,""alarm"":false,""sensorVoltage"":[0.11639832,0.004037281,0.00490692,-0.002454195,-0.009364718,-0.011621209,-0.019372346,-0.025302151],""sensorGain"":[32,64,64,64,64,64,64,64],""sensorStatus"":[0,0,0,0,0,0,0,0],""featureOrder"":[""MQ8"",""MQ135"",""MQ3"",""MQ5"",""MQ4"",""MQ7"",""MQ6"",""MQ2""]},""alarmLatched"":false}"
2026-08-04 11:13:07.121 +07:00,345.993,HOT_SWEEP_70,70,700,300,1,0,0.117171802,0.003984197,0.004910869,-0.002454639,-0.009112785,-0.01134224,-0.019047126,-0.024876166,"{""deviceId"":""1001"",""nodeId"":4097,""targetChId"":""0010"",""mode"":""inference"",""uptimeMs"":6723454,""debugEnabled"":true,""power"":{""mode"":""24v"",""externalPower"":true,""batteryMv"":65535,""batteryValid"":false,""batteryDetected"":false,""batterySenseStatus"":""not_detected"",""batteryLow"":false,""batteryCritical"":false,""sourceAmbiguous"":false,""serviceHoldActive"":false,""serviceHoldEffective"":false},""batterySession"":{""state"":""inactive"",""startedMs"":0,""stateStartedMs"":0,""validSampleBatches"":0,""requiredSampleBatches"":10,""alarmTxAttempts"":0,""alarmTxAttemptLimit"":3,""alarmAckReceived"":false,""pendingAlarm"":false,""pendingSaveRequired"":false,""persistenceFaultHold"":false,""completionReason"":""session_done""},""bootHealth"":{""adsReady"":true,""adsDrdyLevel"":0,""adsDrdyPulldownLevel"":0,""adsDrdyPullupLevel"":0,""adsMisoPulldownLevel"":0,""adsMisoPullupLevel"":1,""adsCsLevel"":1,""adsSyncLevel"":1,""adsStatus"":54,""adsMux"":15,""adsAdcon"":6,""adsDrate"":240,""adsReason"":""ok"",""tcaOk"":true,""mcpOkCount"":8,""mcpOk"":[true,true,true,true,true,true,true,true],""mcpAddrMask"":[1,1,1,1,1,1,1,1],""mcpControlTested"":true,""mcpControlOkCount"":8,""mcpControlOk"":[true,true,true,true,true,true,true,true],""dacReady"":true,""radioReady"":true,""mlReady"":true,""nullingProfileApplied"":true,""modelProfileReady"":false},""runtimeMcpCode"":[255,519,795,706,799,865,665,139],""model"":{""profileId"":""cnn-dualbranch-datasheet-v1-unbound"",""scalerProfileId"":""cnn-dualbranch-datasheet-v1-unbound"",""productionApproved"":true,""boundNullingProfileId"":8,""activeNullingProfileId"":9,""bindingValid"":true,""bindingModelMatches"":true,""profileReady"":false,""inferenceValid"":false,""sensorFault"":true},""lora"":{""beginState"":0,""lastTxState"":0,""lastTxOk"":false,""txSeq"":0,""txCounter"":0,""aesKeyProvisioned"":true,""aesKeyPresent"":true,""aesKeySource"":""nvs"",""keyId"":1,""lastDownlinkCommandId"":0,""freqMHz"":920,""bwKHz"":125,""sf"":7,""cr"":5,""syncWord"":18,""txPowerDbm"":17,""preamble"":8,""tcxoVoltage"":1.600000024,""xtalVoltage"":0},""dataset"":{""state"":""idle"",""step"":""idle"",""label"":"""",""seq"":0,""targetSamples"":0,""sampleIntervalMs"":500,""maxDurationMs"":0,""useFanIntake"":true,""fanOnMs"":1000,""postFanSettleMs"":0,""nullingProfileId"":9,""queuePending"":0,""queueCapacity"":16,""queueEnqueued"":0,""queueDropped"":0,""publishFailCount"":0,""retryCount"":0,""retryFailCount"":0,""rejectedSamples"":0,""lastRejectReason"":""none"",""lastRejectChannel"":-1,""lastRejectOkFiniteCount"":0,""lastRejectStatus"":255,""lastRejectGain"":0,""lastRejectSaturated"":false},""recovery"":{""wifiReconnectCount"":0,""wifiReconnectFailCount"":0,""mqttReconnectCount"":0,""mqttConnectFailCount"":0,""lastMqttState"":0,""adsRecoveryCount"":0,""adsRecoveryFailCount"":0,""adsReadFailStreak"":0,""lastReason"":""none"",""lastRecoveryMs"":0,""bootRecoveryArmed"":false,""bootRecoveryDueMs"":0,""bootRecoveryReason"":""none"",""bootRecoveryNonAdsFailure"":false,""bootRecoveryRestartCount"":0},""nulling"":{""done"":false,""retryArmed"":false,""attemptCount"":0,""nextRetryMs"":0,""thresholdV"":9.999999747E-06,""minFinalV"":0},""telemetry"":{""valid"":true,""sampleMs"":6723082,""gasClass"":6,""gasName"":""CO2"",""confidence"":0,""alarm"":false,""sensorVoltage"":[0.117171802,0.003984197,0.004910869,-0.002454639,-0.009112785,-0.01134224,-0.019047126,-0.024876166],""sensorGain"":[32,64,64,64,64,64,64,64],""sensorStatus"":[0,0,0,0,0,0,0,0],""featureOrder"":[""MQ8"",""MQ135"",""MQ3"",""MQ5"",""MQ4"",""MQ7"",""MQ6"",""MQ2""]},""alarmLatched"":false}"
2026-08-04 11:13:07.796 +07:00,346.677,HOT_SWEEP_70,70,700,300,1,0,0.116476342,0.003978395,0.004915225,-0.002521359,-0.009408851,-0.011536919,-0.019439723,-0.025298456,"{""deviceId"":""1001"",""nodeId"":4097,""targetChId"":""0010"",""mode"":""inference"",""uptimeMs"":6724137,""debugEnabled"":true,""power"":{""mode"":""24v"",""externalPower"":true,""batteryMv"":65535,""batteryValid"":false,""batteryDetected"":false,""batterySenseStatus"":""not_detected"",""batteryLow"":false,""batteryCritical"":false,""sourceAmbiguous"":false,""serviceHoldActive"":false,""serviceHoldEffective"":false},""batterySession"":{""state"":""inactive"",""startedMs"":0,""stateStartedMs"":0,""validSampleBatches"":0,""requiredSampleBatches"":10,""alarmTxAttempts"":0,""alarmTxAttemptLimit"":3,""alarmAckReceived"":false,""pendingAlarm"":false,""pendingSaveRequired"":false,""persistenceFaultHold"":false,""completionReason"":""session_done""},""bootHealth"":{""adsReady"":true,""adsDrdyLevel"":0,""adsDrdyPulldownLevel"":0,""adsDrdyPullupLevel"":0,""adsMisoPulldownLevel"":0,""adsMisoPullupLevel"":1,""adsCsLevel"":1,""adsSyncLevel"":1,""adsStatus"":54,""adsMux"":15,""adsAdcon"":6,""adsDrate"":240,""adsReason"":""ok"",""tcaOk"":true,""mcpOkCount"":8,""mcpOk"":[true,true,true,true,true,true,true,true],""mcpAddrMask"":[1,1,1,1,1,1,1,1],""mcpControlTested"":true,""mcpControlOkCount"":8,""mcpControlOk"":[true,true,true,true,true,true,true,true],""dacReady"":true,""radioReady"":true,""mlReady"":true,""nullingProfileApplied"":true,""modelProfileReady"":false},""runtimeMcpCode"":[255,519,795,706,799,865,665,139],""model"":{""profileId"":""cnn-dualbranch-datasheet-v1-unbound"",""scalerProfileId"":""cnn-dualbranch-datasheet-v1-unbound"",""productionApproved"":true,""boundNullingProfileId"":8,""activeNullingProfileId"":9,""bindingValid"":true,""bindingModelMatches"":true,""profileReady"":false,""inferenceValid"":false,""sensorFault"":true},""lora"":{""beginState"":0,""lastTxState"":0,""lastTxOk"":false,""txSeq"":0,""txCounter"":0,""aesKeyProvisioned"":true,""aesKeyPresent"":true,""aesKeySource"":""nvs"",""keyId"":1,""lastDownlinkCommandId"":0,""freqMHz"":920,""bwKHz"":125,""sf"":7,""cr"":5,""syncWord"":18,""txPowerDbm"":17,""preamble"":8,""tcxoVoltage"":1.600000024,""xtalVoltage"":0},""dataset"":{""state"":""idle"",""step"":""idle"",""label"":"""",""seq"":0,""targetSamples"":0,""sampleIntervalMs"":500,""maxDurationMs"":0,""useFanIntake"":true,""fanOnMs"":1000,""postFanSettleMs"":0,""nullingProfileId"":9,""queuePending"":0,""queueCapacity"":16,""queueEnqueued"":0,""queueDropped"":0,""publishFailCount"":0,""retryCount"":0,""retryFailCount"":0,""rejectedSamples"":0,""lastRejectReason"":""none"",""lastRejectChannel"":-1,""lastRejectOkFiniteCount"":0,""lastRejectStatus"":255,""lastRejectGain"":0,""lastRejectSaturated"":false},""recovery"":{""wifiReconnectCount"":0,""wifiReconnectFailCount"":0,""mqttReconnectCount"":0,""mqttConnectFailCount"":0,""lastMqttState"":0,""adsRecoveryCount"":0,""adsRecoveryFailCount"":0,""adsReadFailStreak"":0,""lastReason"":""none"",""lastRecoveryMs"":0,""bootRecoveryArmed"":false,""bootRecoveryDueMs"":0,""bootRecoveryReason"":""none"",""bootRecoveryNonAdsFailure"":false,""bootRecoveryRestartCount"":0},""nulling"":{""done"":false,""retryArmed"":false,""attemptCount"":0,""nextRetryMs"":0,""thresholdV"":9.999999747E-06,""minFinalV"":0},""telemetry"":{""valid"":true,""sampleMs"":6723732,""gasClass"":6,""gasName"":""CO2"",""confidence"":0,""alarm"":false,""sensorVoltage"":[0.116476342,0.003978395,0.004915225,-0.002521359,-0.009408851,-0.011536919,-0.019439723,-0.025298456],""sensorGain"":[32,64,64,64,64,64,64,64],""sensorStatus"":[0,0,0,0,0,0,0,0],""featureOrder"":[""MQ8"",""MQ135"",""MQ3"",""MQ5"",""MQ4"",""MQ7"",""MQ6"",""MQ2""]},""alarmLatched"":false}"
2026-08-04 11:13:08.479 +07:00,347.360,HOT_SWEEP_70,70,700,300,1,0,0.116090462,0.004080982,0.004905908,-0.002514,-0.009391224,-0.011580027,-0.019431178,-0.025271898,"{""deviceId"":""1001"",""nodeId"":4097,""targetChId"":""0010"",""mode"":""inference"",""uptimeMs"":6724822,""debugEnabled"":true,""power"":{""mode"":""24v"",""externalPower"":true,""batteryMv"":65535,""batteryValid"":false,""batteryDetected"":false,""batterySenseStatus"":""not_detected"",""batteryLow"":false,""batteryCritical"":false,""sourceAmbiguous"":false,""serviceHoldActive"":false,""serviceHoldEffective"":false},""batterySession"":{""state"":""inactive"",""startedMs"":0,""stateStartedMs"":0,""validSampleBatches"":0,""requiredSampleBatches"":10,""alarmTxAttempts"":0,""alarmTxAttemptLimit"":3,""alarmAckReceived"":false,""pendingAlarm"":false,""pendingSaveRequired"":false,""persistenceFaultHold"":false,""completionReason"":""session_done""},""bootHealth"":{""adsReady"":true,""adsDrdyLevel"":0,""adsDrdyPulldownLevel"":0,""adsDrdyPullupLevel"":0,""adsMisoPulldownLevel"":0,""adsMisoPullupLevel"":1,""adsCsLevel"":1,""adsSyncLevel"":1,""adsStatus"":54,""adsMux"":15,""adsAdcon"":6,""adsDrate"":240,""adsReason"":""ok"",""tcaOk"":true,""mcpOkCount"":8,""mcpOk"":[true,true,true,true,true,true,true,true],""mcpAddrMask"":[1,1,1,1,1,1,1,1],""mcpControlTested"":true,""mcpControlOkCount"":8,""mcpControlOk"":[true,true,true,true,true,true,true,true],""dacReady"":true,""radioReady"":true,""mlReady"":true,""nullingProfileApplied"":true,""modelProfileReady"":false},""runtimeMcpCode"":[255,519,795,706,799,865,665,139],""model"":{""profileId"":""cnn-dualbranch-datasheet-v1-unbound"",""scalerProfileId"":""cnn-dualbranch-datasheet-v1-unbound"",""productionApproved"":true,""boundNullingProfileId"":8,""activeNullingProfileId"":9,""bindingValid"":true,""bindingModelMatches"":true,""profileReady"":false,""inferenceValid"":false,""sensorFault"":true},""lora"":{""beginState"":0,""lastTxState"":0,""lastTxOk"":false,""txSeq"":0,""txCounter"":0,""aesKeyProvisioned"":true,""aesKeyPresent"":true,""aesKeySource"":""nvs"",""keyId"":1,""lastDownlinkCommandId"":0,""freqMHz"":920,""bwKHz"":125,""sf"":7,""cr"":5,""syncWord"":18,""txPowerDbm"":17,""preamble"":8,""tcxoVoltage"":1.600000024,""xtalVoltage"":0},""dataset"":{""state"":""idle"",""step"":""idle"",""label"":"""",""seq"":0,""targetSamples"":0,""sampleIntervalMs"":500,""maxDurationMs"":0,""useFanIntake"":true,""fanOnMs"":1000,""postFanSettleMs"":0,""nullingProfileId"":9,""queuePending"":0,""queueCapacity"":16,""queueEnqueued"":0,""queueDropped"":0,""publishFailCount"":0,""retryCount"":0,""retryFailCount"":0,""rejectedSamples"":0,""lastRejectReason"":""none"",""lastRejectChannel"":-1,""lastRejectOkFiniteCount"":0,""lastRejectStatus"":255,""lastRejectGain"":0,""lastRejectSaturated"":false},""recovery"":{""wifiReconnectCount"":0,""wifiReconnectFailCount"":0,""mqttReconnectCount"":0,""mqttConnectFailCount"":0,""lastMqttState"":0,""adsRecoveryCount"":0,""adsRecoveryFailCount"":0,""adsReadFailStreak"":0,""lastReason"":""none"",""lastRecoveryMs"":0,""bootRecoveryArmed"":false,""bootRecoveryDueMs"":0,""bootRecoveryReason"":""none"",""bootRecoveryNonAdsFailure"":false,""bootRecoveryRestartCount"":0},""nulling"":{""done"":false,""retryArmed"":false,""attemptCount"":0,""nextRetryMs"":0,""thresholdV"":9.999999747E-06,""minFinalV"":0},""telemetry"":{""valid"":true,""sampleMs"":6724415,""gasClass"":6,""gasName"":""CO2"",""confidence"":0,""alarm"":false,""sensorVoltage"":[0.116090462,0.004080982,0.004905908,-0.002514,-0.009391224,-0.011580027,-0.019431178,-0.025271898],""sensorGain"":[32,64,64,64,64,64,64,64],""sensorStatus"":[0,0,0,0,0,0,0,0],""featureOrder"":[""MQ8"",""MQ135"",""MQ3"",""MQ5"",""MQ4"",""MQ7"",""MQ6"",""MQ2""]},""alarmLatched"":false}"
2026-08-04 11:13:09.170 +07:00,348.044,HOT_SWEEP_70,70,700,300,1,0,0.116873205,0.004029755,0.004892075,-0.002469749,-0.009157618,-0.011308314,-0.01942797,-0.025272841,"{""deviceId"":""1001"",""nodeId"":4097,""targetChId"":""0010"",""mode"":""inference"",""uptimeMs"":6725503,""debugEnabled"":true,""power"":{""mode"":""24v"",""externalPower"":true,""batteryMv"":65535,""batteryValid"":false,""batteryDetected"":false,""batterySenseStatus"":""not_detected"",""batteryLow"":false,""batteryCritical"":false,""sourceAmbiguous"":false,""serviceHoldActive"":false,""serviceHoldEffective"":false},""batterySession"":{""state"":""inactive"",""startedMs"":0,""stateStartedMs"":0,""validSampleBatches"":0,""requiredSampleBatches"":10,""alarmTxAttempts"":0,""alarmTxAttemptLimit"":3,""alarmAckReceived"":false,""pendingAlarm"":false,""pendingSaveRequired"":false,""persistenceFaultHold"":false,""completionReason"":""session_done""},""bootHealth"":{""adsReady"":true,""adsDrdyLevel"":0,""adsDrdyPulldownLevel"":0,""adsDrdyPullupLevel"":0,""adsMisoPulldownLevel"":0,""adsMisoPullupLevel"":1,""adsCsLevel"":1,""adsSyncLevel"":1,""adsStatus"":54,""adsMux"":15,""adsAdcon"":6,""adsDrate"":240,""adsReason"":""ok"",""tcaOk"":true,""mcpOkCount"":8,""mcpOk"":[true,true,true,true,true,true,true,true],""mcpAddrMask"":[1,1,1,1,1,1,1,1],""mcpControlTested"":true,""mcpControlOkCount"":8,""mcpControlOk"":[true,true,true,true,true,true,true,true],""dacReady"":true,""radioReady"":true,""mlReady"":true,""nullingProfileApplied"":true,""modelProfileReady"":false},""runtimeMcpCode"":[255,519,795,706,799,865,665,139],""model"":{""profileId"":""cnn-dualbranch-datasheet-v1-unbound"",""scalerProfileId"":""cnn-dualbranch-datasheet-v1-unbound"",""productionApproved"":true,""boundNullingProfileId"":8,""activeNullingProfileId"":9,""bindingValid"":true,""bindingModelMatches"":true,""profileReady"":false,""inferenceValid"":false,""sensorFault"":true},""lora"":{""beginState"":0,""lastTxState"":0,""lastTxOk"":false,""txSeq"":0,""txCounter"":0,""aesKeyProvisioned"":true,""aesKeyPresent"":true,""aesKeySource"":""nvs"",""keyId"":1,""lastDownlinkCommandId"":0,""freqMHz"":920,""bwKHz"":125,""sf"":7,""cr"":5,""syncWord"":18,""txPowerDbm"":17,""preamble"":8,""tcxoVoltage"":1.600000024,""xtalVoltage"":0},""dataset"":{""state"":""idle"",""step"":""idle"",""label"":"""",""seq"":0,""targetSamples"":0,""sampleIntervalMs"":500,""maxDurationMs"":0,""useFanIntake"":true,""fanOnMs"":1000,""postFanSettleMs"":0,""nullingProfileId"":9,""queuePending"":0,""queueCapacity"":16,""queueEnqueued"":0,""queueDropped"":0,""publishFailCount"":0,""retryCount"":0,""retryFailCount"":0,""rejectedSamples"":0,""lastRejectReason"":""none"",""lastRejectChannel"":-1,""lastRejectOkFiniteCount"":0,""lastRejectStatus"":255,""lastRejectGain"":0,""lastRejectSaturated"":false},""recovery"":{""wifiReconnectCount"":0,""wifiReconnectFailCount"":0,""mqttReconnectCount"":0,""mqttConnectFailCount"":0,""lastMqttState"":0,""adsRecoveryCount"":0,""adsRecoveryFailCount"":0,""adsReadFailStreak"":0,""lastReason"":""none"",""lastRecoveryMs"":0,""bootRecoveryArmed"":false,""bootRecoveryDueMs"":0,""bootRecoveryReason"":""none"",""bootRecoveryNonAdsFailure"":false,""bootRecoveryRestartCount"":0},""nulling"":{""done"":false,""retryArmed"":false,""attemptCount"":0,""nextRetryMs"":0,""thresholdV"":9.999999747E-06,""minFinalV"":0},""telemetry"":{""valid"":true,""sampleMs"":6725132,""gasClass"":6,""gasName"":""CO2"",""confidence"":0,""alarm"":false,""sensorVoltage"":[0.116873205,0.004029755,0.004892075,-0.002469749,-0.009157618,-0.011308314,-0.01942797,-0.025272841],""sensorGain"":[32,64,64,64,64,64,64,64],""sensorStatus"":[0,0,0,0,0,0,0,0],""featureOrder"":[""MQ8"",""MQ135"",""MQ3"",""MQ5"",""MQ4"",""MQ7"",""MQ6"",""MQ2""]},""alarmLatched"":false}"
2026-08-04 11:13:09.846 +07:00,348.727,HOT_SWEEP_70,70,700,300,1,0,0.11618831,0.004064622,0.004856252,-0.002499299,-0.009370231,-0.011594443,-0.019838676,-0.02568526,"{""deviceId"":""1001"",""nodeId"":4097,""targetChId"":""0010"",""mode"":""inference"",""uptimeMs"":6726189,""debugEnabled"":true,""power"":{""mode"":""24v"",""externalPower"":true,""batteryMv"":65535,""batteryValid"":false,""batteryDetected"":false,""batterySenseStatus"":""not_detected"",""batteryLow"":false,""batteryCritical"":false,""sourceAmbiguous"":false,""serviceHoldActive"":false,""serviceHoldEffective"":false},""batterySession"":{""state"":""inactive"",""startedMs"":0,""stateStartedMs"":0,""validSampleBatches"":0,""requiredSampleBatches"":10,""alarmTxAttempts"":0,""alarmTxAttemptLimit"":3,""alarmAckReceived"":false,""pendingAlarm"":false,""pendingSaveRequired"":false,""persistenceFaultHold"":false,""completionReason"":""session_done""},""bootHealth"":{""adsReady"":true,""adsDrdyLevel"":0,""adsDrdyPulldownLevel"":0,""adsDrdyPullupLevel"":0,""adsMisoPulldownLevel"":0,""adsMisoPullupLevel"":1,""adsCsLevel"":1,""adsSyncLevel"":1,""adsStatus"":54,""adsMux"":15,""adsAdcon"":6,""adsDrate"":240,""adsReason"":""ok"",""tcaOk"":true,""mcpOkCount"":8,""mcpOk"":[true,true,true,true,true,true,true,true],""mcpAddrMask"":[1,1,1,1,1,1,1,1],""mcpControlTested"":true,""mcpControlOkCount"":8,""mcpControlOk"":[true,true,true,true,true,true,true,true],""dacReady"":true,""radioReady"":true,""mlReady"":true,""nullingProfileApplied"":true,""modelProfileReady"":false},""runtimeMcpCode"":[255,519,795,706,799,865,665,139],""model"":{""profileId"":""cnn-dualbranch-datasheet-v1-unbound"",""scalerProfileId"":""cnn-dualbranch-datasheet-v1-unbound"",""productionApproved"":true,""boundNullingProfileId"":8,""activeNullingProfileId"":9,""bindingValid"":true,""bindingModelMatches"":true,""profileReady"":false,""inferenceValid"":false,""sensorFault"":true},""lora"":{""beginState"":0,""lastTxState"":0,""lastTxOk"":false,""txSeq"":0,""txCounter"":0,""aesKeyProvisioned"":true,""aesKeyPresent"":true,""aesKeySource"":""nvs"",""keyId"":1,""lastDownlinkCommandId"":0,""freqMHz"":920,""bwKHz"":125,""sf"":7,""cr"":5,""syncWord"":18,""txPowerDbm"":17,""preamble"":8,""tcxoVoltage"":1.600000024,""xtalVoltage"":0},""dataset"":{""state"":""idle"",""step"":""idle"",""label"":"""",""seq"":0,""targetSamples"":0,""sampleIntervalMs"":500,""maxDurationMs"":0,""useFanIntake"":true,""fanOnMs"":1000,""postFanSettleMs"":0,""nullingProfileId"":9,""queuePending"":0,""queueCapacity"":16,""queueEnqueued"":0,""queueDropped"":0,""publishFailCount"":0,""retryCount"":0,""retryFailCount"":0,""rejectedSamples"":0,""lastRejectReason"":""none"",""lastRejectChannel"":-1,""lastRejectOkFiniteCount"":0,""lastRejectStatus"":255,""lastRejectGain"":0,""lastRejectSaturated"":false},""recovery"":{""wifiReconnectCount"":0,""wifiReconnectFailCount"":0,""mqttReconnectCount"":0,""mqttConnectFailCount"":0,""lastMqttState"":0,""adsRecoveryCount"":0,""adsRecoveryFailCount"":0,""adsReadFailStreak"":0,""lastReason"":""none"",""lastRecoveryMs"":0,""bootRecoveryArmed"":false,""bootRecoveryDueMs"":0,""bootRecoveryReason"":""none"",""bootRecoveryNonAdsFailure"":false,""bootRecoveryRestartCount"":0},""nulling"":{""done"":false,""retryArmed"":false,""attemptCount"":0,""nextRetryMs"":0,""thresholdV"":9.999999747E-06,""minFinalV"":0},""telemetry"":{""valid"":true,""sampleMs"":6725781,""gasClass"":6,""gasName"":""CO2"",""confidence"":0,""alarm"":false,""sensorVoltage"":[0.11618831,0.004064622,0.004856252,-0.002499299,-0.009370231,-0.011594443,-0.019838676,-0.02568526],""sensorGain"":[32,64,64,64,64,64,64,64],""sensorStatus"":[0,0,0,0,0,0,0,0],""featureOrder"":[""MQ8"",""MQ135"",""MQ3"",""MQ5"",""MQ4"",""MQ7"",""MQ6"",""MQ2""]},""alarmLatched"":false}"
2026-08-04 11:13:10.529 +07:00,349.410,HOT_SWEEP_70,70,700,300,1,0,0.115776196,0.004056043,0.004870721,-0.002530536,-0.009373739,-0.011586872,-0.019870847,-0.025679354,"{""deviceId"":""1001"",""nodeId"":4097,""targetChId"":""0010"",""mode"":""inference"",""uptimeMs"":6726868,""debugEnabled"":true,""power"":{""mode"":""24v"",""externalPower"":true,""batteryMv"":65535,""batteryValid"":false,""batteryDetected"":false,""batterySenseStatus"":""not_detected"",""batteryLow"":false,""batteryCritical"":false,""sourceAmbiguous"":false,""serviceHoldActive"":false,""serviceHoldEffective"":false},""batterySession"":{""state"":""inactive"",""startedMs"":0,""stateStartedMs"":0,""validSampleBatches"":0,""requiredSampleBatches"":10,""alarmTxAttempts"":0,""alarmTxAttemptLimit"":3,""alarmAckReceived"":false,""pendingAlarm"":false,""pendingSaveRequired"":false,""persistenceFaultHold"":false,""completionReason"":""session_done""},""bootHealth"":{""adsReady"":true,""adsDrdyLevel"":0,""adsDrdyPulldownLevel"":0,""adsDrdyPullupLevel"":0,""adsMisoPulldownLevel"":0,""adsMisoPullupLevel"":1,""adsCsLevel"":1,""adsSyncLevel"":1,""adsStatus"":54,""adsMux"":15,""adsAdcon"":6,""adsDrate"":240,""adsReason"":""ok"",""tcaOk"":true,""mcpOkCount"":8,""mcpOk"":[true,true,true,true,true,true,true,true],""mcpAddrMask"":[1,1,1,1,1,1,1,1],""mcpControlTested"":true,""mcpControlOkCount"":8,""mcpControlOk"":[true,true,true,true,true,true,true,true],""dacReady"":true,""radioReady"":true,""mlReady"":true,""nullingProfileApplied"":true,""modelProfileReady"":false},""runtimeMcpCode"":[255,519,795,706,799,865,665,139],""model"":{""profileId"":""cnn-dualbranch-datasheet-v1-unbound"",""scalerProfileId"":""cnn-dualbranch-datasheet-v1-unbound"",""productionApproved"":true,""boundNullingProfileId"":8,""activeNullingProfileId"":9,""bindingValid"":true,""bindingModelMatches"":true,""profileReady"":false,""inferenceValid"":false,""sensorFault"":true},""lora"":{""beginState"":0,""lastTxState"":0,""lastTxOk"":false,""txSeq"":0,""txCounter"":0,""aesKeyProvisioned"":true,""aesKeyPresent"":true,""aesKeySource"":""nvs"",""keyId"":1,""lastDownlinkCommandId"":0,""freqMHz"":920,""bwKHz"":125,""sf"":7,""cr"":5,""syncWord"":18,""txPowerDbm"":17,""preamble"":8,""tcxoVoltage"":1.600000024,""xtalVoltage"":0},""dataset"":{""state"":""idle"",""step"":""idle"",""label"":"""",""seq"":0,""targetSamples"":0,""sampleIntervalMs"":500,""maxDurationMs"":0,""useFanIntake"":true,""fanOnMs"":1000,""postFanSettleMs"":0,""nullingProfileId"":9,""queuePending"":0,""queueCapacity"":16,""queueEnqueued"":0,""queueDropped"":0,""publishFailCount"":0,""retryCount"":0,""retryFailCount"":0,""rejectedSamples"":0,""lastRejectReason"":""none"",""lastRejectChannel"":-1,""lastRejectOkFiniteCount"":0,""lastRejectStatus"":255,""lastRejectGain"":0,""lastRejectSaturated"":false},""recovery"":{""wifiReconnectCount"":0,""wifiReconnectFailCount"":0,""mqttReconnectCount"":0,""mqttConnectFailCount"":0,""lastMqttState"":0,""adsRecoveryCount"":0,""adsRecoveryFailCount"":0,""adsReadFailStreak"":0,""lastReason"":""none"",""lastRecoveryMs"":0,""bootRecoveryArmed"":false,""bootRecoveryDueMs"":0,""bootRecoveryReason"":""none"",""bootRecoveryNonAdsFailure"":false,""bootRecoveryRestartCount"":0},""nulling"":{""done"":false,""retryArmed"":false,""attemptCount"":0,""nextRetryMs"":0,""thresholdV"":9.999999747E-06,""minFinalV"":0},""telemetry"":{""valid"":true,""sampleMs"":6726467,""gasClass"":6,""gasName"":""CO2"",""confidence"":0,""alarm"":false,""sensorVoltage"":[0.115776196,0.004056043,0.004870721,-0.002530536,-0.009373739,-0.011586872,-0.019870847,-0.025679354],""sensorGain"":[32,64,64,64,64,64,64,64],""sensorStatus"":[0,0,0,0,0,0,0,0],""featureOrder"":[""MQ8"",""MQ135"",""MQ3"",""MQ5"",""MQ4"",""MQ7"",""MQ6"",""MQ2""]},""alarmLatched"":false}"
2026-08-04 11:13:11.223 +07:00,350.092,HOT_SWEEP_70,70,700,300,1,0,0.116978064,0.00403295,0.004855582,-0.002498357,-0.009139237,-0.011564848,-0.019819465,-0.025736114,"{""deviceId"":""1001"",""nodeId"":4097,""targetChId"":""0010"",""mode"":""inference"",""uptimeMs"":6727552,""debugEnabled"":true,""power"":{""mode"":""24v"",""externalPower"":true,""batteryMv"":65535,""batteryValid"":false,""batteryDetected"":false,""batterySenseStatus"":""not_detected"",""batteryLow"":false,""batteryCritical"":false,""sourceAmbiguous"":false,""serviceHoldActive"":false,""serviceHoldEffective"":false},""batterySession"":{""state"":""inactive"",""startedMs"":0,""stateStartedMs"":0,""validSampleBatches"":0,""requiredSampleBatches"":10,""alarmTxAttempts"":0,""alarmTxAttemptLimit"":3,""alarmAckReceived"":false,""pendingAlarm"":false,""pendingSaveRequired"":false,""persistenceFaultHold"":false,""completionReason"":""session_done""},""bootHealth"":{""adsReady"":true,""adsDrdyLevel"":0,""adsDrdyPulldownLevel"":0,""adsDrdyPullupLevel"":0,""adsMisoPulldownLevel"":0,""adsMisoPullupLevel"":1,""adsCsLevel"":1,""adsSyncLevel"":1,""adsStatus"":54,""adsMux"":15,""adsAdcon"":6,""adsDrate"":240,""adsReason"":""ok"",""tcaOk"":true,""mcpOkCount"":8,""mcpOk"":[true,true,true,true,true,true,true,true],""mcpAddrMask"":[1,1,1,1,1,1,1,1],""mcpControlTested"":true,""mcpControlOkCount"":8,""mcpControlOk"":[true,true,true,true,true,true,true,true],""dacReady"":true,""radioReady"":true,""mlReady"":true,""nullingProfileApplied"":true,""modelProfileReady"":false},""runtimeMcpCode"":[255,519,795,706,799,865,665,139],""model"":{""profileId"":""cnn-dualbranch-datasheet-v1-unbound"",""scalerProfileId"":""cnn-dualbranch-datasheet-v1-unbound"",""productionApproved"":true,""boundNullingProfileId"":8,""activeNullingProfileId"":9,""bindingValid"":true,""bindingModelMatches"":true,""profileReady"":false,""inferenceValid"":false,""sensorFault"":true},""lora"":{""beginState"":0,""lastTxState"":0,""lastTxOk"":false,""txSeq"":0,""txCounter"":0,""aesKeyProvisioned"":true,""aesKeyPresent"":true,""aesKeySource"":""nvs"",""keyId"":1,""lastDownlinkCommandId"":0,""freqMHz"":920,""bwKHz"":125,""sf"":7,""cr"":5,""syncWord"":18,""txPowerDbm"":17,""preamble"":8,""tcxoVoltage"":1.600000024,""xtalVoltage"":0},""dataset"":{""state"":""idle"",""step"":""idle"",""label"":"""",""seq"":0,""targetSamples"":0,""sampleIntervalMs"":500,""maxDurationMs"":0,""useFanIntake"":true,""fanOnMs"":1000,""postFanSettleMs"":0,""nullingProfileId"":9,""queuePending"":0,""queueCapacity"":16,""queueEnqueued"":0,""queueDropped"":0,""publishFailCount"":0,""retryCount"":0,""retryFailCount"":0,""rejectedSamples"":0,""lastRejectReason"":""none"",""lastRejectChannel"":-1,""lastRejectOkFiniteCount"":0,""lastRejectStatus"":255,""lastRejectGain"":0,""lastRejectSaturated"":false},""recovery"":{""wifiReconnectCount"":0,""wifiReconnectFailCount"":0,""mqttReconnectCount"":0,""mqttConnectFailCount"":0,""lastMqttState"":0,""adsRecoveryCount"":0,""adsRecoveryFailCount"":0,""adsReadFailStreak"":0,""lastReason"":""none"",""lastRecoveryMs"":0,""bootRecoveryArmed"":false,""bootRecoveryDueMs"":0,""bootRecoveryReason"":""none"",""bootRecoveryNonAdsFailure"":false,""bootRecoveryRestartCount"":0},""nulling"":{""done"":false,""retryArmed"":false,""attemptCount"":0,""nextRetryMs"":0,""thresholdV"":9.999999747E-06,""minFinalV"":0},""telemetry"":{""valid"":true,""sampleMs"":6727178,""gasClass"":6,""gasName"":""CO2"",""confidence"":0,""alarm"":false,""sensorVoltage"":[0.116978064,0.00403295,0.004855582,-0.002498357,-0.009139237,-0.011564848,-0.019819465,-0.025736114],""sensorGain"":[32,64,64,64,64,64,64,64],""sensorStatus"":[0,0,0,0,0,0,0,0],""featureOrder"":[""MQ8"",""MQ135"",""MQ3"",""MQ5"",""MQ4"",""MQ7"",""MQ6"",""MQ2""]},""alarmLatched"":false}"
2026-08-04 11:13:11.927 +07:00,350.808,HOT_SWEEP_70,70,700,300,1,0,0.116332993,0.004024963,0.00486711,-0.002555259,-0.009423265,-0.011769219,-0.020187026,-0.025742674,"{""deviceId"":""1001"",""nodeId"":4097,""targetChId"":""0010"",""mode"":""inference"",""uptimeMs"":6728267,""debugEnabled"":true,""power"":{""mode"":""24v"",""externalPower"":true,""batteryMv"":65535,""batteryValid"":false,""batteryDetected"":false,""batterySenseStatus"":""not_detected"",""batteryLow"":false,""batteryCritical"":false,""sourceAmbiguous"":false,""serviceHoldActive"":false,""serviceHoldEffective"":false},""batterySession"":{""state"":""inactive"",""startedMs"":0,""stateStartedMs"":0,""validSampleBatches"":0,""requiredSampleBatches"":10,""alarmTxAttempts"":0,""alarmTxAttemptLimit"":3,""alarmAckReceived"":false,""pendingAlarm"":false,""pendingSaveRequired"":false,""persistenceFaultHold"":false,""completionReason"":""session_done""},""bootHealth"":{""adsReady"":true,""adsDrdyLevel"":0,""adsDrdyPulldownLevel"":0,""adsDrdyPullupLevel"":0,""adsMisoPulldownLevel"":0,""adsMisoPullupLevel"":1,""adsCsLevel"":1,""adsSyncLevel"":1,""adsStatus"":54,""adsMux"":15,""adsAdcon"":6,""adsDrate"":240,""adsReason"":""ok"",""tcaOk"":true,""mcpOkCount"":8,""mcpOk"":[true,true,true,true,true,true,true,true],""mcpAddrMask"":[1,1,1,1,1,1,1,1],""mcpControlTested"":true,""mcpControlOkCount"":8,""mcpControlOk"":[true,true,true,true,true,true,true,true],""dacReady"":true,""radioReady"":true,""mlReady"":true,""nullingProfileApplied"":true,""modelProfileReady"":false},""runtimeMcpCode"":[255,519,795,706,799,865,665,139],""model"":{""profileId"":""cnn-dualbranch-datasheet-v1-unbound"",""scalerProfileId"":""cnn-dualbranch-datasheet-v1-unbound"",""productionApproved"":true,""boundNullingProfileId"":8,""activeNullingProfileId"":9,""bindingValid"":true,""bindingModelMatches"":true,""profileReady"":false,""inferenceValid"":false,""sensorFault"":true},""lora"":{""beginState"":0,""lastTxState"":0,""lastTxOk"":false,""txSeq"":0,""txCounter"":0,""aesKeyProvisioned"":true,""aesKeyPresent"":true,""aesKeySource"":""nvs"",""keyId"":1,""lastDownlinkCommandId"":0,""freqMHz"":920,""bwKHz"":125,""sf"":7,""cr"":5,""syncWord"":18,""txPowerDbm"":17,""preamble"":8,""tcxoVoltage"":1.600000024,""xtalVoltage"":0},""dataset"":{""state"":""idle"",""step"":""idle"",""label"":"""",""seq"":0,""targetSamples"":0,""sampleIntervalMs"":500,""maxDurationMs"":0,""useFanIntake"":true,""fanOnMs"":1000,""postFanSettleMs"":0,""nullingProfileId"":9,""queuePending"":0,""queueCapacity"":16,""queueEnqueued"":0,""queueDropped"":0,""publishFailCount"":0,""retryCount"":0,""retryFailCount"":0,""rejectedSamples"":0,""lastRejectReason"":""none"",""lastRejectChannel"":-1,""lastRejectOkFiniteCount"":0,""lastRejectStatus"":255,""lastRejectGain"":0,""lastRejectSaturated"":false},""recovery"":{""wifiReconnectCount"":0,""wifiReconnectFailCount"":0,""mqttReconnectCount"":0,""mqttConnectFailCount"":0,""lastMqttState"":0,""adsRecoveryCount"":0,""adsRecoveryFailCount"":0,""adsReadFailStreak"":0,""lastReason"":""none"",""lastRecoveryMs"":0,""bootRecoveryArmed"":false,""bootRecoveryDueMs"":0,""bootRecoveryReason"":""none"",""bootRecoveryNonAdsFailure"":false,""bootRecoveryRestartCount"":0},""nulling"":{""done"":false,""retryArmed"":false,""attemptCount"":0,""nextRetryMs"":0,""thresholdV"":9.999999747E-06,""minFinalV"":0},""telemetry"":{""valid"":true,""sampleMs"":6727830,""gasClass"":6,""gasName"":""CO2"",""confidence"":0,""alarm"":false,""sensorVoltage"":[0.116332993,0.004024963,0.00486711,-0.002555259,-0.009423265,-0.011769219,-0.020187026,-0.025742674],""sensorGain"":[32,64,64,64,64,64,64,64],""sensorStatus"":[0,0,0,0,0,0,0,0],""featureOrder"":[""MQ8"",""MQ135"",""MQ3"",""MQ5"",""MQ4"",""MQ7"",""MQ6"",""MQ2""]},""alarmLatched"":false}"
2026-08-04 11:13:12.610 +07:00,351.491,HOT_SWEEP_70,70,700,300,1,0,0.11572025,0.004005427,0.004870314,-0.002544025,-0.009442843,-0.011775075,-0.020191185,-0.025700536,"{""deviceId"":""1001"",""nodeId"":4097,""targetChId"":""0010"",""mode"":""inference"",""uptimeMs"":6728944,""debugEnabled"":true,""power"":{""mode"":""24v"",""externalPower"":true,""batteryMv"":65535,""batteryValid"":false,""batteryDetected"":false,""batterySenseStatus"":""not_detected"",""batteryLow"":false,""batteryCritical"":false,""sourceAmbiguous"":false,""serviceHoldActive"":false,""serviceHoldEffective"":false},""batterySession"":{""state"":""inactive"",""startedMs"":0,""stateStartedMs"":0,""validSampleBatches"":0,""requiredSampleBatches"":10,""alarmTxAttempts"":0,""alarmTxAttemptLimit"":3,""alarmAckReceived"":false,""pendingAlarm"":false,""pendingSaveRequired"":false,""persistenceFaultHold"":false,""completionReason"":""session_done""},""bootHealth"":{""adsReady"":true,""adsDrdyLevel"":0,""adsDrdyPulldownLevel"":0,""adsDrdyPullupLevel"":0,""adsMisoPulldownLevel"":0,""adsMisoPullupLevel"":1,""adsCsLevel"":1,""adsSyncLevel"":1,""adsStatus"":54,""adsMux"":15,""adsAdcon"":6,""adsDrate"":240,""adsReason"":""ok"",""tcaOk"":true,""mcpOkCount"":8,""mcpOk"":[true,true,true,true,true,true,true,true],""mcpAddrMask"":[1,1,1,1,1,1,1,1],""mcpControlTested"":true,""mcpControlOkCount"":8,""mcpControlOk"":[true,true,true,true,true,true,true,true],""dacReady"":true,""radioReady"":true,""mlReady"":true,""nullingProfileApplied"":true,""modelProfileReady"":false},""runtimeMcpCode"":[255,519,795,706,799,865,665,139],""model"":{""profileId"":""cnn-dualbranch-datasheet-v1-unbound"",""scalerProfileId"":""cnn-dualbranch-datasheet-v1-unbound"",""productionApproved"":true,""boundNullingProfileId"":8,""activeNullingProfileId"":9,""bindingValid"":true,""bindingModelMatches"":true,""profileReady"":false,""inferenceValid"":false,""sensorFault"":true},""lora"":{""beginState"":0,""lastTxState"":0,""lastTxOk"":false,""txSeq"":0,""txCounter"":0,""aesKeyProvisioned"":true,""aesKeyPresent"":true,""aesKeySource"":""nvs"",""keyId"":1,""lastDownlinkCommandId"":0,""freqMHz"":920,""bwKHz"":125,""sf"":7,""cr"":5,""syncWord"":18,""txPowerDbm"":17,""preamble"":8,""tcxoVoltage"":1.600000024,""xtalVoltage"":0},""dataset"":{""state"":""idle"",""step"":""idle"",""label"":"""",""seq"":0,""targetSamples"":0,""sampleIntervalMs"":500,""maxDurationMs"":0,""useFanIntake"":true,""fanOnMs"":1000,""postFanSettleMs"":0,""nullingProfileId"":9,""queuePending"":0,""queueCapacity"":16,""queueEnqueued"":0,""queueDropped"":0,""publishFailCount"":0,""retryCount"":0,""retryFailCount"":0,""rejectedSamples"":0,""lastRejectReason"":""none"",""lastRejectChannel"":-1,""lastRejectOkFiniteCount"":0,""lastRejectStatus"":255,""lastRejectGain"":0,""lastRejectSaturated"":false},""recovery"":{""wifiReconnectCount"":0,""wifiReconnectFailCount"":0,""mqttReconnectCount"":0,""mqttConnectFailCount"":0,""lastMqttState"":0,""adsRecoveryCount"":0,""adsRecoveryFailCount"":0,""adsReadFailStreak"":0,""lastReason"":""none"",""lastRecoveryMs"":0,""bootRecoveryArmed"":false,""bootRecoveryDueMs"":0,""bootRecoveryReason"":""none"",""bootRecoveryNonAdsFailure"":false,""bootRecoveryRestartCount"":0},""nulling"":{""done"":false,""retryArmed"":false,""attemptCount"":0,""nextRetryMs"":0,""thresholdV"":9.999999747E-06,""minFinalV"":0},""telemetry"":{""valid"":true,""sampleMs"":6728545,""gasClass"":6,""gasName"":""CO2"",""confidence"":0,""alarm"":false,""sensorVoltage"":[0.11572025,0.004005427,0.004870314,-0.002544025,-0.009442843,-0.011775075,-0.020191185,-0.025700536],""sensorGain"":[32,64,64,64,64,64,64,64],""sensorStatus"":[0,0,0,0,0,0,0,0],""featureOrder"":[""MQ8"",""MQ135"",""MQ3"",""MQ5"",""MQ4"",""MQ7"",""MQ6"",""MQ2""]},""alarmLatched"":false}"
2026-08-04 11:13:13.294 +07:00,352.175,HOT_SWEEP_70,70,700,300,1,0,0.116450526,0.004015961,0.004885266,-0.002550675,-0.009431408,-0.011776688,-0.020184476,-0.025712926,"{""deviceId"":""1001"",""nodeId"":4097,""targetChId"":""0010"",""mode"":""inference"",""uptimeMs"":6729631,""debugEnabled"":true,""power"":{""mode"":""24v"",""externalPower"":true,""batteryMv"":65535,""batteryValid"":false,""batteryDetected"":false,""batterySenseStatus"":""not_detected"",""batteryLow"":false,""batteryCritical"":false,""sourceAmbiguous"":false,""serviceHoldActive"":false,""serviceHoldEffective"":false},""batterySession"":{""state"":""inactive"",""startedMs"":0,""stateStartedMs"":0,""validSampleBatches"":0,""requiredSampleBatches"":10,""alarmTxAttempts"":0,""alarmTxAttemptLimit"":3,""alarmAckReceived"":false,""pendingAlarm"":false,""pendingSaveRequired"":false,""persistenceFaultHold"":false,""completionReason"":""session_done""},""bootHealth"":{""adsReady"":true,""adsDrdyLevel"":0,""adsDrdyPulldownLevel"":0,""adsDrdyPullupLevel"":0,""adsMisoPulldownLevel"":0,""adsMisoPullupLevel"":1,""adsCsLevel"":1,""adsSyncLevel"":1,""adsStatus"":54,""adsMux"":15,""adsAdcon"":6,""adsDrate"":240,""adsReason"":""ok"",""tcaOk"":true,""mcpOkCount"":8,""mcpOk"":[true,true,true,true,true,true,true,true],""mcpAddrMask"":[1,1,1,1,1,1,1,1],""mcpControlTested"":true,""mcpControlOkCount"":8,""mcpControlOk"":[true,true,true,true,true,true,true,true],""dacReady"":true,""radioReady"":true,""mlReady"":true,""nullingProfileApplied"":true,""modelProfileReady"":false},""runtimeMcpCode"":[255,519,795,706,799,865,665,139],""model"":{""profileId"":""cnn-dualbranch-datasheet-v1-unbound"",""scalerProfileId"":""cnn-dualbranch-datasheet-v1-unbound"",""productionApproved"":true,""boundNullingProfileId"":8,""activeNullingProfileId"":9,""bindingValid"":true,""bindingModelMatches"":true,""profileReady"":false,""inferenceValid"":false,""sensorFault"":true},""lora"":{""beginState"":0,""lastTxState"":0,""lastTxOk"":false,""txSeq"":0,""txCounter"":0,""aesKeyProvisioned"":true,""aesKeyPresent"":true,""aesKeySource"":""nvs"",""keyId"":1,""lastDownlinkCommandId"":0,""freqMHz"":920,""bwKHz"":125,""sf"":7,""cr"":5,""syncWord"":18,""txPowerDbm"":17,""preamble"":8,""tcxoVoltage"":1.600000024,""xtalVoltage"":0},""dataset"":{""state"":""idle"",""step"":""idle"",""label"":"""",""seq"":0,""targetSamples"":0,""sampleIntervalMs"":500,""maxDurationMs"":0,""useFanIntake"":true,""fanOnMs"":1000,""postFanSettleMs"":0,""nullingProfileId"":9,""queuePending"":0,""queueCapacity"":16,""queueEnqueued"":0,""queueDropped"":0,""publishFailCount"":0,""retryCount"":0,""retryFailCount"":0,""rejectedSamples"":0,""lastRejectReason"":""none"",""lastRejectChannel"":-1,""lastRejectOkFiniteCount"":0,""lastRejectStatus"":255,""lastRejectGain"":0,""lastRejectSaturated"":false},""recovery"":{""wifiReconnectCount"":0,""wifiReconnectFailCount"":0,""mqttReconnectCount"":0,""mqttConnectFailCount"":0,""lastMqttState"":0,""adsRecoveryCount"":0,""adsRecoveryFailCount"":0,""adsReadFailStreak"":0,""lastReason"":""none"",""lastRecoveryMs"":0,""bootRecoveryArmed"":false,""bootRecoveryDueMs"":0,""bootRecoveryReason"":""none"",""bootRecoveryNonAdsFailure"":false,""bootRecoveryRestartCount"":0},""nulling"":{""done"":false,""retryArmed"":false,""attemptCount"":0,""nextRetryMs"":0,""thresholdV"":9.999999747E-06,""minFinalV"":0},""telemetry"":{""valid"":true,""sampleMs"":6729254,""gasClass"":6,""gasName"":""CO2"",""confidence"":0,""alarm"":false,""sensorVoltage"":[0.116450526,0.004015961,0.004885266,-0.002550675,-0.009431408,-0.011776688,-0.020184476,-0.025712926],""sensorGain"":[32,64,64,64,64,64,64,64],""sensorStatus"":[0,0,0,0,0,0,0,0],""featureOrder"":[""MQ8"",""MQ135"",""MQ3"",""MQ5"",""MQ4"",""MQ7"",""MQ6"",""MQ2""]},""alarmLatched"":false}"
2026-08-04 11:13:14.001 +07:00,352.882,HOT_SWEEP_70,70,700,300,1,0,0.116225339,0.00402927,0.004930418,-0.002667567,-0.009440099,-0.011806479,-0.020168837,-0.025696719,"{""deviceId"":""1001"",""nodeId"":4097,""targetChId"":""0010"",""mode"":""inference"",""uptimeMs"":6730335,""debugEnabled"":true,""power"":{""mode"":""24v"",""externalPower"":true,""batteryMv"":65535,""batteryValid"":false,""batteryDetected"":false,""batterySenseStatus"":""not_detected"",""batteryLow"":false,""batteryCritical"":false,""sourceAmbiguous"":false,""serviceHoldActive"":false,""serviceHoldEffective"":false},""batterySession"":{""state"":""inactive"",""startedMs"":0,""stateStartedMs"":0,""validSampleBatches"":0,""requiredSampleBatches"":10,""alarmTxAttempts"":0,""alarmTxAttemptLimit"":3,""alarmAckReceived"":false,""pendingAlarm"":false,""pendingSaveRequired"":false,""persistenceFaultHold"":false,""completionReason"":""session_done""},""bootHealth"":{""adsReady"":true,""adsDrdyLevel"":0,""adsDrdyPulldownLevel"":0,""adsDrdyPullupLevel"":0,""adsMisoPulldownLevel"":0,""adsMisoPullupLevel"":1,""adsCsLevel"":1,""adsSyncLevel"":1,""adsStatus"":54,""adsMux"":15,""adsAdcon"":6,""adsDrate"":240,""adsReason"":""ok"",""tcaOk"":true,""mcpOkCount"":8,""mcpOk"":[true,true,true,true,true,true,true,true],""mcpAddrMask"":[1,1,1,1,1,1,1,1],""mcpControlTested"":true,""mcpControlOkCount"":8,""mcpControlOk"":[true,true,true,true,true,true,true,true],""dacReady"":true,""radioReady"":true,""mlReady"":true,""nullingProfileApplied"":true,""modelProfileReady"":false},""runtimeMcpCode"":[255,519,795,706,799,865,665,139],""model"":{""profileId"":""cnn-dualbranch-datasheet-v1-unbound"",""scalerProfileId"":""cnn-dualbranch-datasheet-v1-unbound"",""productionApproved"":true,""boundNullingProfileId"":8,""activeNullingProfileId"":9,""bindingValid"":true,""bindingModelMatches"":true,""profileReady"":false,""inferenceValid"":false,""sensorFault"":true},""lora"":{""beginState"":0,""lastTxState"":0,""lastTxOk"":false,""txSeq"":0,""txCounter"":0,""aesKeyProvisioned"":true,""aesKeyPresent"":true,""aesKeySource"":""nvs"",""keyId"":1,""lastDownlinkCommandId"":0,""freqMHz"":920,""bwKHz"":125,""sf"":7,""cr"":5,""syncWord"":18,""txPowerDbm"":17,""preamble"":8,""tcxoVoltage"":1.600000024,""xtalVoltage"":0},""dataset"":{""state"":""idle"",""step"":""idle"",""label"":"""",""seq"":0,""targetSamples"":0,""sampleIntervalMs"":500,""maxDurationMs"":0,""useFanIntake"":true,""fanOnMs"":1000,""postFanSettleMs"":0,""nullingProfileId"":9,""queuePending"":0,""queueCapacity"":16,""queueEnqueued"":0,""queueDropped"":0,""publishFailCount"":0,""retryCount"":0,""retryFailCount"":0,""rejectedSamples"":0,""lastRejectReason"":""none"",""lastRejectChannel"":-1,""lastRejectOkFiniteCount"":0,""lastRejectStatus"":255,""lastRejectGain"":0,""lastRejectSaturated"":false},""recovery"":{""wifiReconnectCount"":0,""wifiReconnectFailCount"":0,""mqttReconnectCount"":0,""mqttConnectFailCount"":0,""lastMqttState"":0,""adsRecoveryCount"":0,""adsRecoveryFailCount"":0,""adsReadFailStreak"":0,""lastReason"":""none"",""lastRecoveryMs"":0,""bootRecoveryArmed"":false,""bootRecoveryDueMs"":0,""bootRecoveryReason"":""none"",""bootRecoveryNonAdsFailure"":false,""bootRecoveryRestartCount"":0},""nulling"":{""done"":false,""retryArmed"":false,""attemptCount"":0,""nextRetryMs"":0,""thresholdV"":9.999999747E-06,""minFinalV"":0},""telemetry"":{""valid"":true,""sampleMs"":6729914,""gasClass"":6,""gasName"":""CO2"",""confidence"":0,""alarm"":false,""sensorVoltage"":[0.116225339,0.00402927,0.004930418,-0.002667567,-0.009440099,-0.011806479,-0.020168837,-0.025696719],""sensorGain"":[32,64,64,64,64,64,64,64],""sensorStatus"":[0,0,0,0,0,0,0,0],""featureOrder"":[""MQ8"",""MQ135"",""MQ3"",""MQ5"",""MQ4"",""MQ7"",""MQ6"",""MQ2""]},""alarmLatched"":false}"
2026-08-04 11:13:14.697 +07:00,353.573,HOT_SWEEP_70,70,700,300,1,0,0.115876995,0.004030982,0.004957176,-0.002667167,-0.009362968,-0.011859676,-0.020192964,-0.025770407,"{""deviceId"":""1001"",""nodeId"":4097,""targetChId"":""0010"",""mode"":""inference"",""uptimeMs"":6731029,""debugEnabled"":true,""power"":{""mode"":""24v"",""externalPower"":true,""batteryMv"":65535,""batteryValid"":false,""batteryDetected"":false,""batterySenseStatus"":""not_detected"",""batteryLow"":false,""batteryCritical"":false,""sourceAmbiguous"":false,""serviceHoldActive"":false,""serviceHoldEffective"":false},""batterySession"":{""state"":""inactive"",""startedMs"":0,""stateStartedMs"":0,""validSampleBatches"":0,""requiredSampleBatches"":10,""alarmTxAttempts"":0,""alarmTxAttemptLimit"":3,""alarmAckReceived"":false,""pendingAlarm"":false,""pendingSaveRequired"":false,""persistenceFaultHold"":false,""completionReason"":""session_done""},""bootHealth"":{""adsReady"":true,""adsDrdyLevel"":0,""adsDrdyPulldownLevel"":0,""adsDrdyPullupLevel"":0,""adsMisoPulldownLevel"":0,""adsMisoPullupLevel"":1,""adsCsLevel"":1,""adsSyncLevel"":1,""adsStatus"":54,""adsMux"":15,""adsAdcon"":6,""adsDrate"":240,""adsReason"":""ok"",""tcaOk"":true,""mcpOkCount"":8,""mcpOk"":[true,true,true,true,true,true,true,true],""mcpAddrMask"":[1,1,1,1,1,1,1,1],""mcpControlTested"":true,""mcpControlOkCount"":8,""mcpControlOk"":[true,true,true,true,true,true,true,true],""dacReady"":true,""radioReady"":true,""mlReady"":true,""nullingProfileApplied"":true,""modelProfileReady"":false},""runtimeMcpCode"":[255,519,795,706,799,865,665,139],""model"":{""profileId"":""cnn-dualbranch-datasheet-v1-unbound"",""scalerProfileId"":""cnn-dualbranch-datasheet-v1-unbound"",""productionApproved"":true,""boundNullingProfileId"":8,""activeNullingProfileId"":9,""bindingValid"":true,""bindingModelMatches"":true,""profileReady"":false,""inferenceValid"":false,""sensorFault"":true},""lora"":{""beginState"":0,""lastTxState"":0,""lastTxOk"":false,""txSeq"":0,""txCounter"":0,""aesKeyProvisioned"":true,""aesKeyPresent"":true,""aesKeySource"":""nvs"",""keyId"":1,""lastDownlinkCommandId"":0,""freqMHz"":920,""bwKHz"":125,""sf"":7,""cr"":5,""syncWord"":18,""txPowerDbm"":17,""preamble"":8,""tcxoVoltage"":1.600000024,""xtalVoltage"":0},""dataset"":{""state"":""idle"",""step"":""idle"",""label"":"""",""seq"":0,""targetSamples"":0,""sampleIntervalMs"":500,""maxDurationMs"":0,""useFanIntake"":true,""fanOnMs"":1000,""postFanSettleMs"":0,""nullingProfileId"":9,""queuePending"":0,""queueCapacity"":16,""queueEnqueued"":0,""queueDropped"":0,""publishFailCount"":0,""retryCount"":0,""retryFailCount"":0,""rejectedSamples"":0,""lastRejectReason"":""none"",""lastRejectChannel"":-1,""lastRejectOkFiniteCount"":0,""lastRejectStatus"":255,""lastRejectGain"":0,""lastRejectSaturated"":false},""recovery"":{""wifiReconnectCount"":0,""wifiReconnectFailCount"":0,""mqttReconnectCount"":0,""mqttConnectFailCount"":0,""lastMqttState"":0,""adsRecoveryCount"":0,""adsRecoveryFailCount"":0,""adsReadFailStreak"":0,""lastReason"":""none"",""lastRecoveryMs"":0,""bootRecoveryArmed"":false,""bootRecoveryDueMs"":0,""bootRecoveryReason"":""none"",""bootRecoveryNonAdsFailure"":false,""bootRecoveryRestartCount"":0},""nulling"":{""done"":false,""retryArmed"":false,""attemptCount"":0,""nextRetryMs"":0,""thresholdV"":9.999999747E-06,""minFinalV"":0},""telemetry"":{""valid"":true,""sampleMs"":6730613,""gasClass"":6,""gasName"":""CO2"",""confidence"":0,""alarm"":false,""sensorVoltage"":[0.115876995,0.004030982,0.004957176,-0.002667167,-0.009362968,-0.011859676,-0.020192964,-0.025770407],""sensorGain"":[32,64,64,64,64,64,64,64],""sensorStatus"":[0,0,0,0,0,0,0,0],""featureOrder"":[""MQ8"",""MQ135"",""MQ3"",""MQ5"",""MQ4"",""MQ7"",""MQ6"",""MQ2""]},""alarmLatched"":false}"
2026-08-04 11:13:15.383 +07:00,354.263,HOT_SWEEP_70,70,700,300,1,0,0.115969837,0.003965771,0.00496369,-0.002674937,-0.009371589,-0.011823856,-0.020199623,-0.02578176,"{""deviceId"":""1001"",""nodeId"":4097,""targetChId"":""0010"",""mode"":""inference"",""uptimeMs"":6731716,""debugEnabled"":true,""power"":{""mode"":""24v"",""externalPower"":true,""batteryMv"":65535,""batteryValid"":false,""batteryDetected"":false,""batterySenseStatus"":""not_detected"",""batteryLow"":false,""batteryCritical"":false,""sourceAmbiguous"":false,""serviceHoldActive"":false,""serviceHoldEffective"":false},""batterySession"":{""state"":""inactive"",""startedMs"":0,""stateStartedMs"":0,""validSampleBatches"":0,""requiredSampleBatches"":10,""alarmTxAttempts"":0,""alarmTxAttemptLimit"":3,""alarmAckReceived"":false,""pendingAlarm"":false,""pendingSaveRequired"":false,""persistenceFaultHold"":false,""completionReason"":""session_done""},""bootHealth"":{""adsReady"":true,""adsDrdyLevel"":0,""adsDrdyPulldownLevel"":0,""adsDrdyPullupLevel"":0,""adsMisoPulldownLevel"":0,""adsMisoPullupLevel"":1,""adsCsLevel"":1,""adsSyncLevel"":1,""adsStatus"":54,""adsMux"":15,""adsAdcon"":6,""adsDrate"":240,""adsReason"":""ok"",""tcaOk"":true,""mcpOkCount"":8,""mcpOk"":[true,true,true,true,true,true,true,true],""mcpAddrMask"":[1,1,1,1,1,1,1,1],""mcpControlTested"":true,""mcpControlOkCount"":8,""mcpControlOk"":[true,true,true,true,true,true,true,true],""dacReady"":true,""radioReady"":true,""mlReady"":true,""nullingProfileApplied"":true,""modelProfileReady"":false},""runtimeMcpCode"":[255,519,795,706,799,865,665,139],""model"":{""profileId"":""cnn-dualbranch-datasheet-v1-unbound"",""scalerProfileId"":""cnn-dualbranch-datasheet-v1-unbound"",""productionApproved"":true,""boundNullingProfileId"":8,""activeNullingProfileId"":9,""bindingValid"":true,""bindingModelMatches"":true,""profileReady"":false,""inferenceValid"":false,""sensorFault"":true},""lora"":{""beginState"":0,""lastTxState"":0,""lastTxOk"":false,""txSeq"":0,""txCounter"":0,""aesKeyProvisioned"":true,""aesKeyPresent"":true,""aesKeySource"":""nvs"",""keyId"":1,""lastDownlinkCommandId"":0,""freqMHz"":920,""bwKHz"":125,""sf"":7,""cr"":5,""syncWord"":18,""txPowerDbm"":17,""preamble"":8,""tcxoVoltage"":1.600000024,""xtalVoltage"":0},""dataset"":{""state"":""idle"",""step"":""idle"",""label"":"""",""seq"":0,""targetSamples"":0,""sampleIntervalMs"":500,""maxDurationMs"":0,""useFanIntake"":true,""fanOnMs"":1000,""postFanSettleMs"":0,""nullingProfileId"":9,""queuePending"":0,""queueCapacity"":16,""queueEnqueued"":0,""queueDropped"":0,""publishFailCount"":0,""retryCount"":0,""retryFailCount"":0,""rejectedSamples"":0,""lastRejectReason"":""none"",""lastRejectChannel"":-1,""lastRejectOkFiniteCount"":0,""lastRejectStatus"":255,""lastRejectGain"":0,""lastRejectSaturated"":false},""recovery"":{""wifiReconnectCount"":0,""wifiReconnectFailCount"":0,""mqttReconnectCount"":0,""mqttConnectFailCount"":0,""lastMqttState"":0,""adsRecoveryCount"":0,""adsRecoveryFailCount"":0,""adsReadFailStreak"":0,""lastReason"":""none"",""lastRecoveryMs"":0,""bootRecoveryArmed"":false,""bootRecoveryDueMs"":0,""bootRecoveryReason"":""none"",""bootRecoveryNonAdsFailure"":false,""bootRecoveryRestartCount"":0},""nulling"":{""done"":false,""retryArmed"":false,""attemptCount"":0,""nextRetryMs"":0,""thresholdV"":9.999999747E-06,""minFinalV"":0},""telemetry"":{""valid"":true,""sampleMs"":6731339,""gasClass"":6,""gasName"":""CO2"",""confidence"":0,""alarm"":false,""sensorVoltage"":[0.115969837,0.003965771,0.00496369,-0.002674937,-0.009371589,-0.011823856,-0.020199623,-0.02578176],""sensorGain"":[32,64,64,64,64,64,64,64],""sensorStatus"":[0,0,0,0,0,0,0,0],""featureOrder"":[""MQ8"",""MQ135"",""MQ3"",""MQ5"",""MQ4"",""MQ7"",""MQ6"",""MQ2""]},""alarmLatched"":false}"
2026-08-04 11:13:16.064 +07:00,354.945,HOT_SWEEP_70,70,700,300,1,0,0.116499349,0.003961158,0.004954512,-0.002670184,-0.009453307,-0.01182548,-0.019834587,-0.025311047,"{""deviceId"":""1001"",""nodeId"":4097,""targetChId"":""0010"",""mode"":""inference"",""uptimeMs"":6732395,""debugEnabled"":true,""power"":{""mode"":""24v"",""externalPower"":true,""batteryMv"":65535,""batteryValid"":false,""batteryDetected"":false,""batterySenseStatus"":""not_detected"",""batteryLow"":false,""batteryCritical"":false,""sourceAmbiguous"":false,""serviceHoldActive"":false,""serviceHoldEffective"":false},""batterySession"":{""state"":""inactive"",""startedMs"":0,""stateStartedMs"":0,""validSampleBatches"":0,""requiredSampleBatches"":10,""alarmTxAttempts"":0,""alarmTxAttemptLimit"":3,""alarmAckReceived"":false,""pendingAlarm"":false,""pendingSaveRequired"":false,""persistenceFaultHold"":false,""completionReason"":""session_done""},""bootHealth"":{""adsReady"":true,""adsDrdyLevel"":0,""adsDrdyPulldownLevel"":0,""adsDrdyPullupLevel"":0,""adsMisoPulldownLevel"":0,""adsMisoPullupLevel"":1,""adsCsLevel"":1,""adsSyncLevel"":1,""adsStatus"":54,""adsMux"":15,""adsAdcon"":6,""adsDrate"":240,""adsReason"":""ok"",""tcaOk"":true,""mcpOkCount"":8,""mcpOk"":[true,true,true,true,true,true,true,true],""mcpAddrMask"":[1,1,1,1,1,1,1,1],""mcpControlTested"":true,""mcpControlOkCount"":8,""mcpControlOk"":[true,true,true,true,true,true,true,true],""dacReady"":true,""radioReady"":true,""mlReady"":true,""nullingProfileApplied"":true,""modelProfileReady"":false},""runtimeMcpCode"":[255,519,795,706,799,865,665,139],""model"":{""profileId"":""cnn-dualbranch-datasheet-v1-unbound"",""scalerProfileId"":""cnn-dualbranch-datasheet-v1-unbound"",""productionApproved"":true,""boundNullingProfileId"":8,""activeNullingProfileId"":9,""bindingValid"":true,""bindingModelMatches"":true,""profileReady"":false,""inferenceValid"":false,""sensorFault"":true},""lora"":{""beginState"":0,""lastTxState"":0,""lastTxOk"":false,""txSeq"":0,""txCounter"":0,""aesKeyProvisioned"":true,""aesKeyPresent"":true,""aesKeySource"":""nvs"",""keyId"":1,""lastDownlinkCommandId"":0,""freqMHz"":920,""bwKHz"":125,""sf"":7,""cr"":5,""syncWord"":18,""txPowerDbm"":17,""preamble"":8,""tcxoVoltage"":1.600000024,""xtalVoltage"":0},""dataset"":{""state"":""idle"",""step"":""idle"",""label"":"""",""seq"":0,""targetSamples"":0,""sampleIntervalMs"":500,""maxDurationMs"":0,""useFanIntake"":true,""fanOnMs"":1000,""postFanSettleMs"":0,""nullingProfileId"":9,""queuePending"":0,""queueCapacity"":16,""queueEnqueued"":0,""queueDropped"":0,""publishFailCount"":0,""retryCount"":0,""retryFailCount"":0,""rejectedSamples"":0,""lastRejectReason"":""none"",""lastRejectChannel"":-1,""lastRejectOkFiniteCount"":0,""lastRejectStatus"":255,""lastRejectGain"":0,""lastRejectSaturated"":false},""recovery"":{""wifiReconnectCount"":0,""wifiReconnectFailCount"":0,""mqttReconnectCount"":0,""mqttConnectFailCount"":0,""lastMqttState"":0,""adsRecoveryCount"":0,""adsRecoveryFailCount"":0,""adsReadFailStreak"":0,""lastReason"":""none"",""lastRecoveryMs"":0,""bootRecoveryArmed"":false,""bootRecoveryDueMs"":0,""bootRecoveryReason"":""none"",""bootRecoveryNonAdsFailure"":false,""bootRecoveryRestartCount"":0},""nulling"":{""done"":false,""retryArmed"":false,""attemptCount"":0,""nextRetryMs"":0,""thresholdV"":9.999999747E-06,""minFinalV"":0},""telemetry"":{""valid"":true,""sampleMs"":6731994,""gasClass"":6,""gasName"":""CO2"",""confidence"":0,""alarm"":false,""sensorVoltage"":[0.116499349,0.003961158,0.004954512,-0.002670184,-0.009453307,-0.01182548,-0.019834587,-0.025311047],""sensorGain"":[32,64,64,64,64,64,64,64],""sensorStatus"":[0,0,0,0,0,0,0,0],""featureOrder"":[""MQ8"",""MQ135"",""MQ3"",""MQ5"",""MQ4"",""MQ7"",""MQ6"",""MQ2""]},""alarmLatched"":false}"
2026-08-04 11:13:16.761 +07:00,355.642,HOT_SWEEP_70,70,700,300,1,0,0.116106108,0.003913282,0.005007495,-0.002683534,-0.0094926,-0.011825971,-0.01985592,-0.02536408,"{""deviceId"":""1001"",""nodeId"":4097,""targetChId"":""0010"",""mode"":""inference"",""uptimeMs"":6733097,""debugEnabled"":true,""power"":{""mode"":""24v"",""externalPower"":true,""batteryMv"":65535,""batteryValid"":false,""batteryDetected"":false,""batterySenseStatus"":""not_detected"",""batteryLow"":false,""batteryCritical"":false,""sourceAmbiguous"":false,""serviceHoldActive"":false,""serviceHoldEffective"":false},""batterySession"":{""state"":""inactive"",""startedMs"":0,""stateStartedMs"":0,""validSampleBatches"":0,""requiredSampleBatches"":10,""alarmTxAttempts"":0,""alarmTxAttemptLimit"":3,""alarmAckReceived"":false,""pendingAlarm"":false,""pendingSaveRequired"":false,""persistenceFaultHold"":false,""completionReason"":""session_done""},""bootHealth"":{""adsReady"":true,""adsDrdyLevel"":0,""adsDrdyPulldownLevel"":0,""adsDrdyPullupLevel"":0,""adsMisoPulldownLevel"":0,""adsMisoPullupLevel"":1,""adsCsLevel"":1,""adsSyncLevel"":1,""adsStatus"":54,""adsMux"":15,""adsAdcon"":6,""adsDrate"":240,""adsReason"":""ok"",""tcaOk"":true,""mcpOkCount"":8,""mcpOk"":[true,true,true,true,true,true,true,true],""mcpAddrMask"":[1,1,1,1,1,1,1,1],""mcpControlTested"":true,""mcpControlOkCount"":8,""mcpControlOk"":[true,true,true,true,true,true,true,true],""dacReady"":true,""radioReady"":true,""mlReady"":true,""nullingProfileApplied"":true,""modelProfileReady"":false},""runtimeMcpCode"":[255,519,795,706,799,865,665,139],""model"":{""profileId"":""cnn-dualbranch-datasheet-v1-unbound"",""scalerProfileId"":""cnn-dualbranch-datasheet-v1-unbound"",""productionApproved"":true,""boundNullingProfileId"":8,""activeNullingProfileId"":9,""bindingValid"":true,""bindingModelMatches"":true,""profileReady"":false,""inferenceValid"":false,""sensorFault"":true},""lora"":{""beginState"":0,""lastTxState"":0,""lastTxOk"":false,""txSeq"":0,""txCounter"":0,""aesKeyProvisioned"":true,""aesKeyPresent"":true,""aesKeySource"":""nvs"",""keyId"":1,""lastDownlinkCommandId"":0,""freqMHz"":920,""bwKHz"":125,""sf"":7,""cr"":5,""syncWord"":18,""txPowerDbm"":17,""preamble"":8,""tcxoVoltage"":1.600000024,""xtalVoltage"":0},""dataset"":{""state"":""idle"",""step"":""idle"",""label"":"""",""seq"":0,""targetSamples"":0,""sampleIntervalMs"":500,""maxDurationMs"":0,""useFanIntake"":true,""fanOnMs"":1000,""postFanSettleMs"":0,""nullingProfileId"":9,""queuePending"":0,""queueCapacity"":16,""queueEnqueued"":0,""queueDropped"":0,""publishFailCount"":0,""retryCount"":0,""retryFailCount"":0,""rejectedSamples"":0,""lastRejectReason"":""none"",""lastRejectChannel"":-1,""lastRejectOkFiniteCount"":0,""lastRejectStatus"":255,""lastRejectGain"":0,""lastRejectSaturated"":false},""recovery"":{""wifiReconnectCount"":0,""wifiReconnectFailCount"":0,""mqttReconnectCount"":0,""mqttConnectFailCount"":0,""lastMqttState"":0,""adsRecoveryCount"":0,""adsRecoveryFailCount"":0,""adsReadFailStreak"":0,""lastReason"":""none"",""lastRecoveryMs"":0,""bootRecoveryArmed"":false,""bootRecoveryDueMs"":0,""bootRecoveryReason"":""none"",""bootRecoveryNonAdsFailure"":false,""bootRecoveryRestartCount"":0},""nulling"":{""done"":false,""retryArmed"":false,""attemptCount"":0,""nextRetryMs"":0,""thresholdV"":9.999999747E-06,""minFinalV"":0},""telemetry"":{""valid"":true,""sampleMs"":6732673,""gasClass"":6,""gasName"":""CO2"",""confidence"":0,""alarm"":false,""sensorVoltage"":[0.116106108,0.003913282,0.005007495,-0.002683534,-0.0094926,-0.011825971,-0.01985592,-0.02536408],""sensorGain"":[32,64,64,64,64,64,64,64],""sensorStatus"":[0,0,0,0,0,0,0,0],""featureOrder"":[""MQ8"",""MQ135"",""MQ3"",""MQ5"",""MQ4"",""MQ7"",""MQ6"",""MQ2""]},""alarmLatched"":false}"
2026-08-04 11:13:17.447 +07:00,356.326,HOT_SWEEP_70,70,700,300,1,0,0.116065994,0.003924799,0.005002834,-0.002656044,-0.009485861,-0.011831062,-0.019856162,-0.02544732,"{""deviceId"":""1001"",""nodeId"":4097,""targetChId"":""0010"",""mode"":""inference"",""uptimeMs"":6733780,""debugEnabled"":true,""power"":{""mode"":""24v"",""externalPower"":true,""batteryMv"":65535,""batteryValid"":false,""batteryDetected"":false,""batterySenseStatus"":""not_detected"",""batteryLow"":false,""batteryCritical"":false,""sourceAmbiguous"":false,""serviceHoldActive"":false,""serviceHoldEffective"":false},""batterySession"":{""state"":""inactive"",""startedMs"":0,""stateStartedMs"":0,""validSampleBatches"":0,""requiredSampleBatches"":10,""alarmTxAttempts"":0,""alarmTxAttemptLimit"":3,""alarmAckReceived"":false,""pendingAlarm"":false,""pendingSaveRequired"":false,""persistenceFaultHold"":false,""completionReason"":""session_done""},""bootHealth"":{""adsReady"":true,""adsDrdyLevel"":0,""adsDrdyPulldownLevel"":0,""adsDrdyPullupLevel"":0,""adsMisoPulldownLevel"":0,""adsMisoPullupLevel"":1,""adsCsLevel"":1,""adsSyncLevel"":1,""adsStatus"":54,""adsMux"":15,""adsAdcon"":6,""adsDrate"":240,""adsReason"":""ok"",""tcaOk"":true,""mcpOkCount"":8,""mcpOk"":[true,true,true,true,true,true,true,true],""mcpAddrMask"":[1,1,1,1,1,1,1,1],""mcpControlTested"":true,""mcpControlOkCount"":8,""mcpControlOk"":[true,true,true,true,true,true,true,true],""dacReady"":true,""radioReady"":true,""mlReady"":true,""nullingProfileApplied"":true,""modelProfileReady"":false},""runtimeMcpCode"":[255,519,795,706,799,865,665,139],""model"":{""profileId"":""cnn-dualbranch-datasheet-v1-unbound"",""scalerProfileId"":""cnn-dualbranch-datasheet-v1-unbound"",""productionApproved"":true,""boundNullingProfileId"":8,""activeNullingProfileId"":9,""bindingValid"":true,""bindingModelMatches"":true,""profileReady"":false,""inferenceValid"":false,""sensorFault"":true},""lora"":{""beginState"":0,""lastTxState"":0,""lastTxOk"":false,""txSeq"":0,""txCounter"":0,""aesKeyProvisioned"":true,""aesKeyPresent"":true,""aesKeySource"":""nvs"",""keyId"":1,""lastDownlinkCommandId"":0,""freqMHz"":920,""bwKHz"":125,""sf"":7,""cr"":5,""syncWord"":18,""txPowerDbm"":17,""preamble"":8,""tcxoVoltage"":1.600000024,""xtalVoltage"":0},""dataset"":{""state"":""idle"",""step"":""idle"",""label"":"""",""seq"":0,""targetSamples"":0,""sampleIntervalMs"":500,""maxDurationMs"":0,""useFanIntake"":true,""fanOnMs"":1000,""postFanSettleMs"":0,""nullingProfileId"":9,""queuePending"":0,""queueCapacity"":16,""queueEnqueued"":0,""queueDropped"":0,""publishFailCount"":0,""retryCount"":0,""retryFailCount"":0,""rejectedSamples"":0,""lastRejectReason"":""none"",""lastRejectChannel"":-1,""lastRejectOkFiniteCount"":0,""lastRejectStatus"":255,""lastRejectGain"":0,""lastRejectSaturated"":false},""recovery"":{""wifiReconnectCount"":0,""wifiReconnectFailCount"":0,""mqttReconnectCount"":0,""mqttConnectFailCount"":0,""lastMqttState"":0,""adsRecoveryCount"":0,""adsRecoveryFailCount"":0,""adsReadFailStreak"":0,""lastReason"":""none"",""lastRecoveryMs"":0,""bootRecoveryArmed"":false,""bootRecoveryDueMs"":0,""bootRecoveryReason"":""none"",""bootRecoveryNonAdsFailure"":false,""bootRecoveryRestartCount"":0},""nulling"":{""done"":false,""retryArmed"":false,""attemptCount"":0,""nextRetryMs"":0,""thresholdV"":9.999999747E-06,""minFinalV"":0},""telemetry"":{""valid"":true,""sampleMs"":6733407,""gasClass"":6,""gasName"":""CO2"",""confidence"":0,""alarm"":false,""sensorVoltage"":[0.116065994,0.003924799,0.005002834,-0.002656044,-0.009485861,-0.011831062,-0.019856162,-0.02544732],""sensorGain"":[32,64,64,64,64,64,64,64],""sensorStatus"":[0,0,0,0,0,0,0,0],""featureOrder"":[""MQ8"",""MQ135"",""MQ3"",""MQ5"",""MQ4"",""MQ7"",""MQ6"",""MQ2""]},""alarmLatched"":false}"
2026-08-04 11:13:18.133 +07:00,357.014,HOT_SWEEP_70,70,700,300,1,0,0.116743244,0.003872677,0.00497588,-0.002600769,-0.009440897,-0.011574576,-0.019526195,-0.024991484,"{""deviceId"":""1001"",""nodeId"":4097,""targetChId"":""0010"",""mode"":""inference"",""uptimeMs"":6734467,""debugEnabled"":true,""power"":{""mode"":""24v"",""externalPower"":true,""batteryMv"":65535,""batteryValid"":false,""batteryDetected"":false,""batterySenseStatus"":""not_detected"",""batteryLow"":false,""batteryCritical"":false,""sourceAmbiguous"":false,""serviceHoldActive"":false,""serviceHoldEffective"":false},""batterySession"":{""state"":""inactive"",""startedMs"":0,""stateStartedMs"":0,""validSampleBatches"":0,""requiredSampleBatches"":10,""alarmTxAttempts"":0,""alarmTxAttemptLimit"":3,""alarmAckReceived"":false,""pendingAlarm"":false,""pendingSaveRequired"":false,""persistenceFaultHold"":false,""completionReason"":""session_done""},""bootHealth"":{""adsReady"":true,""adsDrdyLevel"":0,""adsDrdyPulldownLevel"":0,""adsDrdyPullupLevel"":0,""adsMisoPulldownLevel"":0,""adsMisoPullupLevel"":1,""adsCsLevel"":1,""adsSyncLevel"":1,""adsStatus"":54,""adsMux"":15,""adsAdcon"":6,""adsDrate"":240,""adsReason"":""ok"",""tcaOk"":true,""mcpOkCount"":8,""mcpOk"":[true,true,true,true,true,true,true,true],""mcpAddrMask"":[1,1,1,1,1,1,1,1],""mcpControlTested"":true,""mcpControlOkCount"":8,""mcpControlOk"":[true,true,true,true,true,true,true,true],""dacReady"":true,""radioReady"":true,""mlReady"":true,""nullingProfileApplied"":true,""modelProfileReady"":false},""runtimeMcpCode"":[255,519,795,706,799,865,665,139],""model"":{""profileId"":""cnn-dualbranch-datasheet-v1-unbound"",""scalerProfileId"":""cnn-dualbranch-datasheet-v1-unbound"",""productionApproved"":true,""boundNullingProfileId"":8,""activeNullingProfileId"":9,""bindingValid"":true,""bindingModelMatches"":true,""profileReady"":false,""inferenceValid"":false,""sensorFault"":true},""lora"":{""beginState"":0,""lastTxState"":0,""lastTxOk"":false,""txSeq"":0,""txCounter"":0,""aesKeyProvisioned"":true,""aesKeyPresent"":true,""aesKeySource"":""nvs"",""keyId"":1,""lastDownlinkCommandId"":0,""freqMHz"":920,""bwKHz"":125,""sf"":7,""cr"":5,""syncWord"":18,""txPowerDbm"":17,""preamble"":8,""tcxoVoltage"":1.600000024,""xtalVoltage"":0},""dataset"":{""state"":""idle"",""step"":""idle"",""label"":"""",""seq"":0,""targetSamples"":0,""sampleIntervalMs"":500,""maxDurationMs"":0,""useFanIntake"":true,""fanOnMs"":1000,""postFanSettleMs"":0,""nullingProfileId"":9,""queuePending"":0,""queueCapacity"":16,""queueEnqueued"":0,""queueDropped"":0,""publishFailCount"":0,""retryCount"":0,""retryFailCount"":0,""rejectedSamples"":0,""lastRejectReason"":""none"",""lastRejectChannel"":-1,""lastRejectOkFiniteCount"":0,""lastRejectStatus"":255,""lastRejectGain"":0,""lastRejectSaturated"":false},""recovery"":{""wifiReconnectCount"":0,""wifiReconnectFailCount"":0,""mqttReconnectCount"":0,""mqttConnectFailCount"":0,""lastMqttState"":0,""adsRecoveryCount"":0,""adsRecoveryFailCount"":0,""adsReadFailStreak"":0,""lastReason"":""none"",""lastRecoveryMs"":0,""bootRecoveryArmed"":false,""bootRecoveryDueMs"":0,""bootRecoveryReason"":""none"",""bootRecoveryNonAdsFailure"":false,""bootRecoveryRestartCount"":0},""nulling"":{""done"":false,""retryArmed"":false,""attemptCount"":0,""nextRetryMs"":0,""thresholdV"":9.999999747E-06,""minFinalV"":0},""telemetry"":{""valid"":true,""sampleMs"":6734058,""gasClass"":6,""gasName"":""CO2"",""confidence"":0,""alarm"":false,""sensorVoltage"":[0.116743244,0.003872677,0.00497588,-0.002600769,-0.009440897,-0.011574576,-0.019526195,-0.024991484],""sensorGain"":[32,64,64,64,64,64,64,64],""sensorStatus"":[0,0,0,0,0,0,0,0],""featureOrder"":[""MQ8"",""MQ135"",""MQ3"",""MQ5"",""MQ4"",""MQ7"",""MQ6"",""MQ2""]},""alarmLatched"":false}"
2026-08-04 11:13:18.830 +07:00,357.708,HOT_SWEEP_70,70,700,300,1,0,0.116289496,0.003900134,0.005004746,-0.0025964,-0.009443395,-0.011579538,-0.019542228,-0.025447894,"{""deviceId"":""1001"",""nodeId"":4097,""targetChId"":""0010"",""mode"":""inference"",""uptimeMs"":6735160,""debugEnabled"":true,""power"":{""mode"":""24v"",""externalPower"":true,""batteryMv"":65535,""batteryValid"":false,""batteryDetected"":false,""batterySenseStatus"":""not_detected"",""batteryLow"":false,""batteryCritical"":false,""sourceAmbiguous"":false,""serviceHoldActive"":false,""serviceHoldEffective"":false},""batterySession"":{""state"":""inactive"",""startedMs"":0,""stateStartedMs"":0,""validSampleBatches"":0,""requiredSampleBatches"":10,""alarmTxAttempts"":0,""alarmTxAttemptLimit"":3,""alarmAckReceived"":false,""pendingAlarm"":false,""pendingSaveRequired"":false,""persistenceFaultHold"":false,""completionReason"":""session_done""},""bootHealth"":{""adsReady"":true,""adsDrdyLevel"":0,""adsDrdyPulldownLevel"":0,""adsDrdyPullupLevel"":0,""adsMisoPulldownLevel"":0,""adsMisoPullupLevel"":1,""adsCsLevel"":1,""adsSyncLevel"":1,""adsStatus"":54,""adsMux"":15,""adsAdcon"":6,""adsDrate"":240,""adsReason"":""ok"",""tcaOk"":true,""mcpOkCount"":8,""mcpOk"":[true,true,true,true,true,true,true,true],""mcpAddrMask"":[1,1,1,1,1,1,1,1],""mcpControlTested"":true,""mcpControlOkCount"":8,""mcpControlOk"":[true,true,true,true,true,true,true,true],""dacReady"":true,""radioReady"":true,""mlReady"":true,""nullingProfileApplied"":true,""modelProfileReady"":false},""runtimeMcpCode"":[255,519,795,706,799,865,665,139],""model"":{""profileId"":""cnn-dualbranch-datasheet-v1-unbound"",""scalerProfileId"":""cnn-dualbranch-datasheet-v1-unbound"",""productionApproved"":true,""boundNullingProfileId"":8,""activeNullingProfileId"":9,""bindingValid"":true,""bindingModelMatches"":true,""profileReady"":false,""inferenceValid"":false,""sensorFault"":true},""lora"":{""beginState"":0,""lastTxState"":0,""lastTxOk"":false,""txSeq"":0,""txCounter"":0,""aesKeyProvisioned"":true,""aesKeyPresent"":true,""aesKeySource"":""nvs"",""keyId"":1,""lastDownlinkCommandId"":0,""freqMHz"":920,""bwKHz"":125,""sf"":7,""cr"":5,""syncWord"":18,""txPowerDbm"":17,""preamble"":8,""tcxoVoltage"":1.600000024,""xtalVoltage"":0},""dataset"":{""state"":""idle"",""step"":""idle"",""label"":"""",""seq"":0,""targetSamples"":0,""sampleIntervalMs"":500,""maxDurationMs"":0,""useFanIntake"":true,""fanOnMs"":1000,""postFanSettleMs"":0,""nullingProfileId"":9,""queuePending"":0,""queueCapacity"":16,""queueEnqueued"":0,""queueDropped"":0,""publishFailCount"":0,""retryCount"":0,""retryFailCount"":0,""rejectedSamples"":0,""lastRejectReason"":""none"",""lastRejectChannel"":-1,""lastRejectOkFiniteCount"":0,""lastRejectStatus"":255,""lastRejectGain"":0,""lastRejectSaturated"":false},""recovery"":{""wifiReconnectCount"":0,""wifiReconnectFailCount"":0,""mqttReconnectCount"":0,""mqttConnectFailCount"":0,""lastMqttState"":0,""adsRecoveryCount"":0,""adsRecoveryFailCount"":0,""adsReadFailStreak"":0,""lastReason"":""none"",""lastRecoveryMs"":0,""bootRecoveryArmed"":false,""bootRecoveryDueMs"":0,""bootRecoveryReason"":""none"",""bootRecoveryNonAdsFailure"":false,""bootRecoveryRestartCount"":0},""nulling"":{""done"":false,""retryArmed"":false,""attemptCount"":0,""nextRetryMs"":0,""thresholdV"":9.999999747E-06,""minFinalV"":0},""telemetry"":{""valid"":true,""sampleMs"":6734745,""gasClass"":6,""gasName"":""CO2"",""confidence"":0,""alarm"":false,""sensorVoltage"":[0.116289496,0.003900134,0.005004746,-0.0025964,-0.009443395,-0.011579538,-0.019542228,-0.025447894],""sensorGain"":[32,64,64,64,64,64,64,64],""sensorStatus"":[0,0,0,0,0,0,0,0],""featureOrder"":[""MQ8"",""MQ135"",""MQ3"",""MQ5"",""MQ4"",""MQ7"",""MQ6"",""MQ2""]},""alarmLatched"":false}"
2026-08-04 11:13:19.522 +07:00,358.403,HOT_SWEEP_70,70,700,300,1,0,0.116034783,0.003896508,0.005014831,-0.002599239,-0.009444836,-0.011579713,-0.019606534,-0.025469175,"{""deviceId"":""1001"",""nodeId"":4097,""targetChId"":""0010"",""mode"":""inference"",""uptimeMs"":6735859,""debugEnabled"":true,""power"":{""mode"":""24v"",""externalPower"":true,""batteryMv"":65535,""batteryValid"":false,""batteryDetected"":false,""batterySenseStatus"":""not_detected"",""batteryLow"":false,""batteryCritical"":false,""sourceAmbiguous"":false,""serviceHoldActive"":false,""serviceHoldEffective"":false},""batterySession"":{""state"":""inactive"",""startedMs"":0,""stateStartedMs"":0,""validSampleBatches"":0,""requiredSampleBatches"":10,""alarmTxAttempts"":0,""alarmTxAttemptLimit"":3,""alarmAckReceived"":false,""pendingAlarm"":false,""pendingSaveRequired"":false,""persistenceFaultHold"":false,""completionReason"":""session_done""},""bootHealth"":{""adsReady"":true,""adsDrdyLevel"":0,""adsDrdyPulldownLevel"":0,""adsDrdyPullupLevel"":0,""adsMisoPulldownLevel"":0,""adsMisoPullupLevel"":1,""adsCsLevel"":1,""adsSyncLevel"":1,""adsStatus"":54,""adsMux"":15,""adsAdcon"":6,""adsDrate"":240,""adsReason"":""ok"",""tcaOk"":true,""mcpOkCount"":8,""mcpOk"":[true,true,true,true,true,true,true,true],""mcpAddrMask"":[1,1,1,1,1,1,1,1],""mcpControlTested"":true,""mcpControlOkCount"":8,""mcpControlOk"":[true,true,true,true,true,true,true,true],""dacReady"":true,""radioReady"":true,""mlReady"":true,""nullingProfileApplied"":true,""modelProfileReady"":false},""runtimeMcpCode"":[255,519,795,706,799,865,665,139],""model"":{""profileId"":""cnn-dualbranch-datasheet-v1-unbound"",""scalerProfileId"":""cnn-dualbranch-datasheet-v1-unbound"",""productionApproved"":true,""boundNullingProfileId"":8,""activeNullingProfileId"":9,""bindingValid"":true,""bindingModelMatches"":true,""profileReady"":false,""inferenceValid"":false,""sensorFault"":true},""lora"":{""beginState"":0,""lastTxState"":0,""lastTxOk"":false,""txSeq"":0,""txCounter"":0,""aesKeyProvisioned"":true,""aesKeyPresent"":true,""aesKeySource"":""nvs"",""keyId"":1,""lastDownlinkCommandId"":0,""freqMHz"":920,""bwKHz"":125,""sf"":7,""cr"":5,""syncWord"":18,""txPowerDbm"":17,""preamble"":8,""tcxoVoltage"":1.600000024,""xtalVoltage"":0},""dataset"":{""state"":""idle"",""step"":""idle"",""label"":"""",""seq"":0,""targetSamples"":0,""sampleIntervalMs"":500,""maxDurationMs"":0,""useFanIntake"":true,""fanOnMs"":1000,""postFanSettleMs"":0,""nullingProfileId"":9,""queuePending"":0,""queueCapacity"":16,""queueEnqueued"":0,""queueDropped"":0,""publishFailCount"":0,""retryCount"":0,""retryFailCount"":0,""rejectedSamples"":0,""lastRejectReason"":""none"",""lastRejectChannel"":-1,""lastRejectOkFiniteCount"":0,""lastRejectStatus"":255,""lastRejectGain"":0,""lastRejectSaturated"":false},""recovery"":{""wifiReconnectCount"":0,""wifiReconnectFailCount"":0,""mqttReconnectCount"":0,""mqttConnectFailCount"":0,""lastMqttState"":0,""adsRecoveryCount"":0,""adsRecoveryFailCount"":0,""adsReadFailStreak"":0,""lastReason"":""none"",""lastRecoveryMs"":0,""bootRecoveryArmed"":false,""bootRecoveryDueMs"":0,""bootRecoveryReason"":""none"",""bootRecoveryNonAdsFailure"":false,""bootRecoveryRestartCount"":0},""nulling"":{""done"":false,""retryArmed"":false,""attemptCount"":0,""nextRetryMs"":0,""thresholdV"":9.999999747E-06,""minFinalV"":0},""telemetry"":{""valid"":true,""sampleMs"":6735470,""gasClass"":6,""gasName"":""CO2"",""confidence"":0,""alarm"":false,""sensorVoltage"":[0.116034783,0.003896508,0.005014831,-0.002599239,-0.009444836,-0.011579713,-0.019606534,-0.025469175],""sensorGain"":[32,64,64,64,64,64,64,64],""sensorStatus"":[0,0,0,0,0,0,0,0],""featureOrder"":[""MQ8"",""MQ135"",""MQ3"",""MQ5"",""MQ4"",""MQ7"",""MQ6"",""MQ2""]},""alarmLatched"":false}"
2026-08-04 11:13:20.212 +07:00,359.092,HOT_SWEEP_70,70,700,300,1,0,0.117111064,0.003842991,0.004942268,-0.0025428,-0.009221395,-0.011302861,-0.019223543,-0.025421355,"{""deviceId"":""1001"",""nodeId"":4097,""targetChId"":""0010"",""mode"":""inference"",""uptimeMs"":6736543,""debugEnabled"":true,""power"":{""mode"":""24v"",""externalPower"":true,""batteryMv"":65535,""batteryValid"":false,""batteryDetected"":false,""batterySenseStatus"":""not_detected"",""batteryLow"":false,""batteryCritical"":false,""sourceAmbiguous"":false,""serviceHoldActive"":false,""serviceHoldEffective"":false},""batterySession"":{""state"":""inactive"",""startedMs"":0,""stateStartedMs"":0,""validSampleBatches"":0,""requiredSampleBatches"":10,""alarmTxAttempts"":0,""alarmTxAttemptLimit"":3,""alarmAckReceived"":false,""pendingAlarm"":false,""pendingSaveRequired"":false,""persistenceFaultHold"":false,""completionReason"":""session_done""},""bootHealth"":{""adsReady"":true,""adsDrdyLevel"":0,""adsDrdyPulldownLevel"":0,""adsDrdyPullupLevel"":0,""adsMisoPulldownLevel"":0,""adsMisoPullupLevel"":1,""adsCsLevel"":1,""adsSyncLevel"":1,""adsStatus"":54,""adsMux"":15,""adsAdcon"":6,""adsDrate"":240,""adsReason"":""ok"",""tcaOk"":true,""mcpOkCount"":8,""mcpOk"":[true,true,true,true,true,true,true,true],""mcpAddrMask"":[1,1,1,1,1,1,1,1],""mcpControlTested"":true,""mcpControlOkCount"":8,""mcpControlOk"":[true,true,true,true,true,true,true,true],""dacReady"":true,""radioReady"":true,""mlReady"":true,""nullingProfileApplied"":true,""modelProfileReady"":false},""runtimeMcpCode"":[255,519,795,706,799,865,665,139],""model"":{""profileId"":""cnn-dualbranch-datasheet-v1-unbound"",""scalerProfileId"":""cnn-dualbranch-datasheet-v1-unbound"",""productionApproved"":true,""boundNullingProfileId"":8,""activeNullingProfileId"":9,""bindingValid"":true,""bindingModelMatches"":true,""profileReady"":false,""inferenceValid"":false,""sensorFault"":true},""lora"":{""beginState"":0,""lastTxState"":0,""lastTxOk"":false,""txSeq"":0,""txCounter"":0,""aesKeyProvisioned"":true,""aesKeyPresent"":true,""aesKeySource"":""nvs"",""keyId"":1,""lastDownlinkCommandId"":0,""freqMHz"":920,""bwKHz"":125,""sf"":7,""cr"":5,""syncWord"":18,""txPowerDbm"":17,""preamble"":8,""tcxoVoltage"":1.600000024,""xtalVoltage"":0},""dataset"":{""state"":""idle"",""step"":""idle"",""label"":"""",""seq"":0,""targetSamples"":0,""sampleIntervalMs"":500,""maxDurationMs"":0,""useFanIntake"":true,""fanOnMs"":1000,""postFanSettleMs"":0,""nullingProfileId"":9,""queuePending"":0,""queueCapacity"":16,""queueEnqueued"":0,""queueDropped"":0,""publishFailCount"":0,""retryCount"":0,""retryFailCount"":0,""rejectedSamples"":0,""lastRejectReason"":""none"",""lastRejectChannel"":-1,""lastRejectOkFiniteCount"":0,""lastRejectStatus"":255,""lastRejectGain"":0,""lastRejectSaturated"":false},""recovery"":{""wifiReconnectCount"":0,""wifiReconnectFailCount"":0,""mqttReconnectCount"":0,""mqttConnectFailCount"":0,""lastMqttState"":0,""adsRecoveryCount"":0,""adsRecoveryFailCount"":0,""adsReadFailStreak"":0,""lastReason"":""none"",""lastRecoveryMs"":0,""bootRecoveryArmed"":false,""bootRecoveryDueMs"":0,""bootRecoveryReason"":""none"",""bootRecoveryNonAdsFailure"":false,""bootRecoveryRestartCount"":0},""nulling"":{""done"":false,""retryArmed"":false,""attemptCount"":0,""nextRetryMs"":0,""thresholdV"":9.999999747E-06,""minFinalV"":0},""telemetry"":{""valid"":true,""sampleMs"":6736137,""gasClass"":6,""gasName"":""CO2"",""confidence"":0,""alarm"":false,""sensorVoltage"":[0.117111064,0.003842991,0.004942268,-0.0025428,-0.009221395,-0.011302861,-0.019223543,-0.025421355],""sensorGain"":[32,64,64,64,64,64,64,64],""sensorStatus"":[0,0,0,0,0,0,0,0],""featureOrder"":[""MQ8"",""MQ135"",""MQ3"",""MQ5"",""MQ4"",""MQ7"",""MQ6"",""MQ2""]},""alarmLatched"":false}"
2026-08-04 11:13:20.885 +07:00,359.766,HOT_SWEEP_70,70,700,300,1,0,0.116745844,0.003857319,0.004919986,-0.002499439,-0.009438683,-0.011560926,-0.019527702,-0.025409449,"{""deviceId"":""1001"",""nodeId"":4097,""targetChId"":""0010"",""mode"":""inference"",""uptimeMs"":6737226,""debugEnabled"":true,""power"":{""mode"":""24v"",""externalPower"":true,""batteryMv"":65535,""batteryValid"":false,""batteryDetected"":false,""batterySenseStatus"":""not_detected"",""batteryLow"":false,""batteryCritical"":false,""sourceAmbiguous"":false,""serviceHoldActive"":false,""serviceHoldEffective"":false},""batterySession"":{""state"":""inactive"",""startedMs"":0,""stateStartedMs"":0,""validSampleBatches"":0,""requiredSampleBatches"":10,""alarmTxAttempts"":0,""alarmTxAttemptLimit"":3,""alarmAckReceived"":false,""pendingAlarm"":false,""pendingSaveRequired"":false,""persistenceFaultHold"":false,""completionReason"":""session_done""},""bootHealth"":{""adsReady"":true,""adsDrdyLevel"":0,""adsDrdyPulldownLevel"":0,""adsDrdyPullupLevel"":0,""adsMisoPulldownLevel"":0,""adsMisoPullupLevel"":1,""adsCsLevel"":1,""adsSyncLevel"":1,""adsStatus"":54,""adsMux"":15,""adsAdcon"":6,""adsDrate"":240,""adsReason"":""ok"",""tcaOk"":true,""mcpOkCount"":8,""mcpOk"":[true,true,true,true,true,true,true,true],""mcpAddrMask"":[1,1,1,1,1,1,1,1],""mcpControlTested"":true,""mcpControlOkCount"":8,""mcpControlOk"":[true,true,true,true,true,true,true,true],""dacReady"":true,""radioReady"":true,""mlReady"":true,""nullingProfileApplied"":true,""modelProfileReady"":false},""runtimeMcpCode"":[255,519,795,706,799,865,665,139],""model"":{""profileId"":""cnn-dualbranch-datasheet-v1-unbound"",""scalerProfileId"":""cnn-dualbranch-datasheet-v1-unbound"",""productionApproved"":true,""boundNullingProfileId"":8,""activeNullingProfileId"":9,""bindingValid"":true,""bindingModelMatches"":true,""profileReady"":false,""inferenceValid"":false,""sensorFault"":true},""lora"":{""beginState"":0,""lastTxState"":0,""lastTxOk"":false,""txSeq"":0,""txCounter"":0,""aesKeyProvisioned"":true,""aesKeyPresent"":true,""aesKeySource"":""nvs"",""keyId"":1,""lastDownlinkCommandId"":0,""freqMHz"":920,""bwKHz"":125,""sf"":7,""cr"":5,""syncWord"":18,""txPowerDbm"":17,""preamble"":8,""tcxoVoltage"":1.600000024,""xtalVoltage"":0},""dataset"":{""state"":""idle"",""step"":""idle"",""label"":"""",""seq"":0,""targetSamples"":0,""sampleIntervalMs"":500,""maxDurationMs"":0,""useFanIntake"":true,""fanOnMs"":1000,""postFanSettleMs"":0,""nullingProfileId"":9,""queuePending"":0,""queueCapacity"":16,""queueEnqueued"":0,""queueDropped"":0,""publishFailCount"":0,""retryCount"":0,""retryFailCount"":0,""rejectedSamples"":0,""lastRejectReason"":""none"",""lastRejectChannel"":-1,""lastRejectOkFiniteCount"":0,""lastRejectStatus"":255,""lastRejectGain"":0,""lastRejectSaturated"":false},""recovery"":{""wifiReconnectCount"":0,""wifiReconnectFailCount"":0,""mqttReconnectCount"":0,""mqttConnectFailCount"":0,""lastMqttState"":0,""adsRecoveryCount"":0,""adsRecoveryFailCount"":0,""adsReadFailStreak"":0,""lastReason"":""none"",""lastRecoveryMs"":0,""bootRecoveryArmed"":false,""bootRecoveryDueMs"":0,""bootRecoveryReason"":""none"",""bootRecoveryNonAdsFailure"":false,""bootRecoveryRestartCount"":0},""nulling"":{""done"":false,""retryArmed"":false,""attemptCount"":0,""nextRetryMs"":0,""thresholdV"":9.999999747E-06,""minFinalV"":0},""telemetry"":{""valid"":true,""sampleMs"":6736821,""gasClass"":6,""gasName"":""CO2"",""confidence"":0,""alarm"":false,""sensorVoltage"":[0.116745844,0.003857319,0.004919986,-0.002499439,-0.009438683,-0.011560926,-0.019527702,-0.025409449],""sensorGain"":[32,64,64,64,64,64,64,64],""sensorStatus"":[0,0,0,0,0,0,0,0],""featureOrder"":[""MQ8"",""MQ135"",""MQ3"",""MQ5"",""MQ4"",""MQ7"",""MQ6"",""MQ2""]},""alarmLatched"":false}"
2026-08-04 11:13:21.572 +07:00,360.453,HOT_SWEEP_70,70,700,300,1,0,0.116348669,0.00386593,0.004911758,-0.002527167,-0.009425152,-0.011572025,-0.019511156,-0.025344646,"{""deviceId"":""1001"",""nodeId"":4097,""targetChId"":""0010"",""mode"":""inference"",""uptimeMs"":6737911,""debugEnabled"":true,""power"":{""mode"":""24v"",""externalPower"":true,""batteryMv"":65535,""batteryValid"":false,""batteryDetected"":false,""batterySenseStatus"":""not_detected"",""batteryLow"":false,""batteryCritical"":false,""sourceAmbiguous"":false,""serviceHoldActive"":false,""serviceHoldEffective"":false},""batterySession"":{""state"":""inactive"",""startedMs"":0,""stateStartedMs"":0,""validSampleBatches"":0,""requiredSampleBatches"":10,""alarmTxAttempts"":0,""alarmTxAttemptLimit"":3,""alarmAckReceived"":false,""pendingAlarm"":false,""pendingSaveRequired"":false,""persistenceFaultHold"":false,""completionReason"":""session_done""},""bootHealth"":{""adsReady"":true,""adsDrdyLevel"":0,""adsDrdyPulldownLevel"":0,""adsDrdyPullupLevel"":0,""adsMisoPulldownLevel"":0,""adsMisoPullupLevel"":1,""adsCsLevel"":1,""adsSyncLevel"":1,""adsStatus"":54,""adsMux"":15,""adsAdcon"":6,""adsDrate"":240,""adsReason"":""ok"",""tcaOk"":true,""mcpOkCount"":8,""mcpOk"":[true,true,true,true,true,true,true,true],""mcpAddrMask"":[1,1,1,1,1,1,1,1],""mcpControlTested"":true,""mcpControlOkCount"":8,""mcpControlOk"":[true,true,true,true,true,true,true,true],""dacReady"":true,""radioReady"":true,""mlReady"":true,""nullingProfileApplied"":true,""modelProfileReady"":false},""runtimeMcpCode"":[255,519,795,706,799,865,665,139],""model"":{""profileId"":""cnn-dualbranch-datasheet-v1-unbound"",""scalerProfileId"":""cnn-dualbranch-datasheet-v1-unbound"",""productionApproved"":true,""boundNullingProfileId"":8,""activeNullingProfileId"":9,""bindingValid"":true,""bindingModelMatches"":true,""profileReady"":false,""inferenceValid"":false,""sensorFault"":true},""lora"":{""beginState"":0,""lastTxState"":0,""lastTxOk"":false,""txSeq"":0,""txCounter"":0,""aesKeyProvisioned"":true,""aesKeyPresent"":true,""aesKeySource"":""nvs"",""keyId"":1,""lastDownlinkCommandId"":0,""freqMHz"":920,""bwKHz"":125,""sf"":7,""cr"":5,""syncWord"":18,""txPowerDbm"":17,""preamble"":8,""tcxoVoltage"":1.600000024,""xtalVoltage"":0},""dataset"":{""state"":""idle"",""step"":""idle"",""label"":"""",""seq"":0,""targetSamples"":0,""sampleIntervalMs"":500,""maxDurationMs"":0,""useFanIntake"":true,""fanOnMs"":1000,""postFanSettleMs"":0,""nullingProfileId"":9,""queuePending"":0,""queueCapacity"":16,""queueEnqueued"":0,""queueDropped"":0,""publishFailCount"":0,""retryCount"":0,""retryFailCount"":0,""rejectedSamples"":0,""lastRejectReason"":""none"",""lastRejectChannel"":-1,""lastRejectOkFiniteCount"":0,""lastRejectStatus"":255,""lastRejectGain"":0,""lastRejectSaturated"":false},""recovery"":{""wifiReconnectCount"":0,""wifiReconnectFailCount"":0,""mqttReconnectCount"":0,""mqttConnectFailCount"":0,""lastMqttState"":0,""adsRecoveryCount"":0,""adsRecoveryFailCount"":0,""adsReadFailStreak"":0,""lastReason"":""none"",""lastRecoveryMs"":0,""bootRecoveryArmed"":false,""bootRecoveryDueMs"":0,""bootRecoveryReason"":""none"",""bootRecoveryNonAdsFailure"":false,""bootRecoveryRestartCount"":0},""nulling"":{""done"":false,""retryArmed"":false,""attemptCount"":0,""nextRetryMs"":0,""thresholdV"":9.999999747E-06,""minFinalV"":0},""telemetry"":{""valid"":true,""sampleMs"":6737536,""gasClass"":6,""gasName"":""CO2"",""confidence"":0,""alarm"":false,""sensorVoltage"":[0.116348669,0.00386593,0.004911758,-0.002527167,-0.009425152,-0.011572025,-0.019511156,-0.025344646],""sensorGain"":[32,64,64,64,64,64,64,64],""sensorStatus"":[0,0,0,0,0,0,0,0],""featureOrder"":[""MQ8"",""MQ135"",""MQ3"",""MQ5"",""MQ4"",""MQ7"",""MQ6"",""MQ2""]},""alarmLatched"":false}"
2026-08-04 11:13:22.258 +07:00,361.139,HOT_SWEEP_70,70,700,300,1,0,0.117701575,0.003768545,0.004852013,-0.002474613,-0.009431268,-0.011567792,-0.019513989,-0.025405064,"{""deviceId"":""1001"",""nodeId"":4097,""targetChId"":""0010"",""mode"":""inference"",""uptimeMs"":6738591,""debugEnabled"":true,""power"":{""mode"":""24v"",""externalPower"":true,""batteryMv"":65535,""batteryValid"":false,""batteryDetected"":false,""batterySenseStatus"":""not_detected"",""batteryLow"":false,""batteryCritical"":false,""sourceAmbiguous"":false,""serviceHoldActive"":false,""serviceHoldEffective"":false},""batterySession"":{""state"":""inactive"",""startedMs"":0,""stateStartedMs"":0,""validSampleBatches"":0,""requiredSampleBatches"":10,""alarmTxAttempts"":0,""alarmTxAttemptLimit"":3,""alarmAckReceived"":false,""pendingAlarm"":false,""pendingSaveRequired"":false,""persistenceFaultHold"":false,""completionReason"":""session_done""},""bootHealth"":{""adsReady"":true,""adsDrdyLevel"":0,""adsDrdyPulldownLevel"":0,""adsDrdyPullupLevel"":0,""adsMisoPulldownLevel"":0,""adsMisoPullupLevel"":1,""adsCsLevel"":1,""adsSyncLevel"":1,""adsStatus"":54,""adsMux"":15,""adsAdcon"":6,""adsDrate"":240,""adsReason"":""ok"",""tcaOk"":true,""mcpOkCount"":8,""mcpOk"":[true,true,true,true,true,true,true,true],""mcpAddrMask"":[1,1,1,1,1,1,1,1],""mcpControlTested"":true,""mcpControlOkCount"":8,""mcpControlOk"":[true,true,true,true,true,true,true,true],""dacReady"":true,""radioReady"":true,""mlReady"":true,""nullingProfileApplied"":true,""modelProfileReady"":false},""runtimeMcpCode"":[255,519,795,706,799,865,665,139],""model"":{""profileId"":""cnn-dualbranch-datasheet-v1-unbound"",""scalerProfileId"":""cnn-dualbranch-datasheet-v1-unbound"",""productionApproved"":true,""boundNullingProfileId"":8,""activeNullingProfileId"":9,""bindingValid"":true,""bindingModelMatches"":true,""profileReady"":false,""inferenceValid"":false,""sensorFault"":true},""lora"":{""beginState"":0,""lastTxState"":0,""lastTxOk"":false,""txSeq"":0,""txCounter"":0,""aesKeyProvisioned"":true,""aesKeyPresent"":true,""aesKeySource"":""nvs"",""keyId"":1,""lastDownlinkCommandId"":0,""freqMHz"":920,""bwKHz"":125,""sf"":7,""cr"":5,""syncWord"":18,""txPowerDbm"":17,""preamble"":8,""tcxoVoltage"":1.600000024,""xtalVoltage"":0},""dataset"":{""state"":""idle"",""step"":""idle"",""label"":"""",""seq"":0,""targetSamples"":0,""sampleIntervalMs"":500,""maxDurationMs"":0,""useFanIntake"":true,""fanOnMs"":1000,""postFanSettleMs"":0,""nullingProfileId"":9,""queuePending"":0,""queueCapacity"":16,""queueEnqueued"":0,""queueDropped"":0,""publishFailCount"":0,""retryCount"":0,""retryFailCount"":0,""rejectedSamples"":0,""lastRejectReason"":""none"",""lastRejectChannel"":-1,""lastRejectOkFiniteCount"":0,""lastRejectStatus"":255,""lastRejectGain"":0,""lastRejectSaturated"":false},""recovery"":{""wifiReconnectCount"":0,""wifiReconnectFailCount"":0,""mqttReconnectCount"":0,""mqttConnectFailCount"":0,""lastMqttState"":0,""adsRecoveryCount"":0,""adsRecoveryFailCount"":0,""adsReadFailStreak"":0,""lastReason"":""none"",""lastRecoveryMs"":0,""bootRecoveryArmed"":false,""bootRecoveryDueMs"":0,""bootRecoveryReason"":""none"",""bootRecoveryNonAdsFailure"":false,""bootRecoveryRestartCount"":0},""nulling"":{""done"":false,""retryArmed"":false,""attemptCount"":0,""nextRetryMs"":0,""thresholdV"":9.999999747E-06,""minFinalV"":0},""telemetry"":{""valid"":true,""sampleMs"":6738189,""gasClass"":6,""gasName"":""CO2"",""confidence"":0,""alarm"":false,""sensorVoltage"":[0.117701575,0.003768545,0.004852013,-0.002474613,-0.009431268,-0.011567792,-0.019513989,-0.025405064],""sensorGain"":[32,64,64,64,64,64,64,64],""sensorStatus"":[0,0,0,0,0,0,0,0],""featureOrder"":[""MQ8"",""MQ135"",""MQ3"",""MQ5"",""MQ4"",""MQ7"",""MQ6"",""MQ2""]},""alarmLatched"":false}"
2026-08-04 11:13:22.946 +07:00,361.820,HOT_SWEEP_70,70,700,300,1,0,0.117050812,0.003877984,0.004813865,-0.002530121,-0.009590591,-0.011641582,-0.019527804,-0.025412153,"{""deviceId"":""1001"",""nodeId"":4097,""targetChId"":""0010"",""mode"":""inference"",""uptimeMs"":6739278,""debugEnabled"":true,""power"":{""mode"":""24v"",""externalPower"":true,""batteryMv"":65535,""batteryValid"":false,""batteryDetected"":false,""batterySenseStatus"":""not_detected"",""batteryLow"":false,""batteryCritical"":false,""sourceAmbiguous"":false,""serviceHoldActive"":false,""serviceHoldEffective"":false},""batterySession"":{""state"":""inactive"",""startedMs"":0,""stateStartedMs"":0,""validSampleBatches"":0,""requiredSampleBatches"":10,""alarmTxAttempts"":0,""alarmTxAttemptLimit"":3,""alarmAckReceived"":false,""pendingAlarm"":false,""pendingSaveRequired"":false,""persistenceFaultHold"":false,""completionReason"":""session_done""},""bootHealth"":{""adsReady"":true,""adsDrdyLevel"":0,""adsDrdyPulldownLevel"":0,""adsDrdyPullupLevel"":0,""adsMisoPulldownLevel"":0,""adsMisoPullupLevel"":1,""adsCsLevel"":1,""adsSyncLevel"":1,""adsStatus"":54,""adsMux"":15,""adsAdcon"":6,""adsDrate"":240,""adsReason"":""ok"",""tcaOk"":true,""mcpOkCount"":8,""mcpOk"":[true,true,true,true,true,true,true,true],""mcpAddrMask"":[1,1,1,1,1,1,1,1],""mcpControlTested"":true,""mcpControlOkCount"":8,""mcpControlOk"":[true,true,true,true,true,true,true,true],""dacReady"":true,""radioReady"":true,""mlReady"":true,""nullingProfileApplied"":true,""modelProfileReady"":false},""runtimeMcpCode"":[255,519,795,706,799,865,665,139],""model"":{""profileId"":""cnn-dualbranch-datasheet-v1-unbound"",""scalerProfileId"":""cnn-dualbranch-datasheet-v1-unbound"",""productionApproved"":true,""boundNullingProfileId"":8,""activeNullingProfileId"":9,""bindingValid"":true,""bindingModelMatches"":true,""profileReady"":false,""inferenceValid"":false,""sensorFault"":true},""lora"":{""beginState"":0,""lastTxState"":0,""lastTxOk"":false,""txSeq"":0,""txCounter"":0,""aesKeyProvisioned"":true,""aesKeyPresent"":true,""aesKeySource"":""nvs"",""keyId"":1,""lastDownlinkCommandId"":0,""freqMHz"":920,""bwKHz"":125,""sf"":7,""cr"":5,""syncWord"":18,""txPowerDbm"":17,""preamble"":8,""tcxoVoltage"":1.600000024,""xtalVoltage"":0},""dataset"":{""state"":""idle"",""step"":""idle"",""label"":"""",""seq"":0,""targetSamples"":0,""sampleIntervalMs"":500,""maxDurationMs"":0,""useFanIntake"":true,""fanOnMs"":1000,""postFanSettleMs"":0,""nullingProfileId"":9,""queuePending"":0,""queueCapacity"":16,""queueEnqueued"":0,""queueDropped"":0,""publishFailCount"":0,""retryCount"":0,""retryFailCount"":0,""rejectedSamples"":0,""lastRejectReason"":""none"",""lastRejectChannel"":-1,""lastRejectOkFiniteCount"":0,""lastRejectStatus"":255,""lastRejectGain"":0,""lastRejectSaturated"":false},""recovery"":{""wifiReconnectCount"":0,""wifiReconnectFailCount"":0,""mqttReconnectCount"":0,""mqttConnectFailCount"":0,""lastMqttState"":0,""adsRecoveryCount"":0,""adsRecoveryFailCount"":0,""adsReadFailStreak"":0,""lastReason"":""none"",""lastRecoveryMs"":0,""bootRecoveryArmed"":false,""bootRecoveryDueMs"":0,""bootRecoveryReason"":""none"",""bootRecoveryNonAdsFailure"":false,""bootRecoveryRestartCount"":0},""nulling"":{""done"":false,""retryArmed"":false,""attemptCount"":0,""nextRetryMs"":0,""thresholdV"":9.999999747E-06,""minFinalV"":0},""telemetry"":{""valid"":true,""sampleMs"":6738869,""gasClass"":6,""gasName"":""CO2"",""confidence"":0,""alarm"":false,""sensorVoltage"":[0.117050812,0.003877984,0.004813865,-0.002530121,-0.009590591,-0.011641582,-0.019527804,-0.025412153],""sensorGain"":[32,64,64,64,64,64,64,64],""sensorStatus"":[0,0,0,0,0,0,0,0],""featureOrder"":[""MQ8"",""MQ135"",""MQ3"",""MQ5"",""MQ4"",""MQ7"",""MQ6"",""MQ2""]},""alarmLatched"":false}"
2026-08-04 11:13:23.620 +07:00,362.501,HOT_SWEEP_70,70,700,300,1,0,0.11681328,0.003909416,0.004767056,-0.002526501,-0.009567668,-0.01165163,-0.019466709,-0.025478953,"{""deviceId"":""1001"",""nodeId"":4097,""targetChId"":""0010"",""mode"":""inference"",""uptimeMs"":6739957,""debugEnabled"":true,""power"":{""mode"":""24v"",""externalPower"":true,""batteryMv"":65535,""batteryValid"":false,""batteryDetected"":false,""batterySenseStatus"":""not_detected"",""batteryLow"":false,""batteryCritical"":false,""sourceAmbiguous"":false,""serviceHoldActive"":false,""serviceHoldEffective"":false},""batterySession"":{""state"":""inactive"",""startedMs"":0,""stateStartedMs"":0,""validSampleBatches"":0,""requiredSampleBatches"":10,""alarmTxAttempts"":0,""alarmTxAttemptLimit"":3,""alarmAckReceived"":false,""pendingAlarm"":false,""pendingSaveRequired"":false,""persistenceFaultHold"":false,""completionReason"":""session_done""},""bootHealth"":{""adsReady"":true,""adsDrdyLevel"":0,""adsDrdyPulldownLevel"":0,""adsDrdyPullupLevel"":0,""adsMisoPulldownLevel"":0,""adsMisoPullupLevel"":1,""adsCsLevel"":1,""adsSyncLevel"":1,""adsStatus"":54,""adsMux"":15,""adsAdcon"":6,""adsDrate"":240,""adsReason"":""ok"",""tcaOk"":true,""mcpOkCount"":8,""mcpOk"":[true,true,true,true,true,true,true,true],""mcpAddrMask"":[1,1,1,1,1,1,1,1],""mcpControlTested"":true,""mcpControlOkCount"":8,""mcpControlOk"":[true,true,true,true,true,true,true,true],""dacReady"":true,""radioReady"":true,""mlReady"":true,""nullingProfileApplied"":true,""modelProfileReady"":false},""runtimeMcpCode"":[255,519,795,706,799,865,665,139],""model"":{""profileId"":""cnn-dualbranch-datasheet-v1-unbound"",""scalerProfileId"":""cnn-dualbranch-datasheet-v1-unbound"",""productionApproved"":true,""boundNullingProfileId"":8,""activeNullingProfileId"":9,""bindingValid"":true,""bindingModelMatches"":true,""profileReady"":false,""inferenceValid"":false,""sensorFault"":true},""lora"":{""beginState"":0,""lastTxState"":0,""lastTxOk"":false,""txSeq"":0,""txCounter"":0,""aesKeyProvisioned"":true,""aesKeyPresent"":true,""aesKeySource"":""nvs"",""keyId"":1,""lastDownlinkCommandId"":0,""freqMHz"":920,""bwKHz"":125,""sf"":7,""cr"":5,""syncWord"":18,""txPowerDbm"":17,""preamble"":8,""tcxoVoltage"":1.600000024,""xtalVoltage"":0},""dataset"":{""state"":""idle"",""step"":""idle"",""label"":"""",""seq"":0,""targetSamples"":0,""sampleIntervalMs"":500,""maxDurationMs"":0,""useFanIntake"":true,""fanOnMs"":1000,""postFanSettleMs"":0,""nullingProfileId"":9,""queuePending"":0,""queueCapacity"":16,""queueEnqueued"":0,""queueDropped"":0,""publishFailCount"":0,""retryCount"":0,""retryFailCount"":0,""rejectedSamples"":0,""lastRejectReason"":""none"",""lastRejectChannel"":-1,""lastRejectOkFiniteCount"":0,""lastRejectStatus"":255,""lastRejectGain"":0,""lastRejectSaturated"":false},""recovery"":{""wifiReconnectCount"":0,""wifiReconnectFailCount"":0,""mqttReconnectCount"":0,""mqttConnectFailCount"":0,""lastMqttState"":0,""adsRecoveryCount"":0,""adsRecoveryFailCount"":0,""adsReadFailStreak"":0,""lastReason"":""none"",""lastRecoveryMs"":0,""bootRecoveryArmed"":false,""bootRecoveryDueMs"":0,""bootRecoveryReason"":""none"",""bootRecoveryNonAdsFailure"":false,""bootRecoveryRestartCount"":0},""nulling"":{""done"":false,""retryArmed"":false,""attemptCount"":0,""nextRetryMs"":0,""thresholdV"":9.999999747E-06,""minFinalV"":0},""telemetry"":{""valid"":true,""sampleMs"":6739588,""gasClass"":6,""gasName"":""CO2"",""confidence"":0,""alarm"":false,""sensorVoltage"":[0.11681328,0.003909416,0.004767056,-0.002526501,-0.009567668,-0.01165163,-0.019466709,-0.025478953],""sensorGain"":[32,64,64,64,64,64,64,64],""sensorStatus"":[0,0,0,0,0,0,0,0],""featureOrder"":[""MQ8"",""MQ135"",""MQ3"",""MQ5"",""MQ4"",""MQ7"",""MQ6"",""MQ2""]},""alarmLatched"":false}"
2026-08-04 11:13:24.299 +07:00,363.180,HOT_SWEEP_70,70,700,300,1,0,0.117951714,0.003894512,0.004815808,-0.002535808,-0.009565614,-0.011646896,-0.019414535,-0.02540856,"{""deviceId"":""1001"",""nodeId"":4097,""targetChId"":""0010"",""mode"":""inference"",""uptimeMs"":6740638,""debugEnabled"":true,""power"":{""mode"":""24v"",""externalPower"":true,""batteryMv"":65535,""batteryValid"":false,""batteryDetected"":false,""batterySenseStatus"":""not_detected"",""batteryLow"":false,""batteryCritical"":false,""sourceAmbiguous"":false,""serviceHoldActive"":false,""serviceHoldEffective"":false},""batterySession"":{""state"":""inactive"",""startedMs"":0,""stateStartedMs"":0,""validSampleBatches"":0,""requiredSampleBatches"":10,""alarmTxAttempts"":0,""alarmTxAttemptLimit"":3,""alarmAckReceived"":false,""pendingAlarm"":false,""pendingSaveRequired"":false,""persistenceFaultHold"":false,""completionReason"":""session_done""},""bootHealth"":{""adsReady"":true,""adsDrdyLevel"":0,""adsDrdyPulldownLevel"":0,""adsDrdyPullupLevel"":0,""adsMisoPulldownLevel"":0,""adsMisoPullupLevel"":1,""adsCsLevel"":1,""adsSyncLevel"":1,""adsStatus"":54,""adsMux"":15,""adsAdcon"":6,""adsDrate"":240,""adsReason"":""ok"",""tcaOk"":true,""mcpOkCount"":8,""mcpOk"":[true,true,true,true,true,true,true,true],""mcpAddrMask"":[1,1,1,1,1,1,1,1],""mcpControlTested"":true,""mcpControlOkCount"":8,""mcpControlOk"":[true,true,true,true,true,true,true,true],""dacReady"":true,""radioReady"":true,""mlReady"":true,""nullingProfileApplied"":true,""modelProfileReady"":false},""runtimeMcpCode"":[255,519,795,706,799,865,665,139],""model"":{""profileId"":""cnn-dualbranch-datasheet-v1-unbound"",""scalerProfileId"":""cnn-dualbranch-datasheet-v1-unbound"",""productionApproved"":true,""boundNullingProfileId"":8,""activeNullingProfileId"":9,""bindingValid"":true,""bindingModelMatches"":true,""profileReady"":false,""inferenceValid"":false,""sensorFault"":true},""lora"":{""beginState"":0,""lastTxState"":0,""lastTxOk"":false,""txSeq"":0,""txCounter"":0,""aesKeyProvisioned"":true,""aesKeyPresent"":true,""aesKeySource"":""nvs"",""keyId"":1,""lastDownlinkCommandId"":0,""freqMHz"":920,""bwKHz"":125,""sf"":7,""cr"":5,""syncWord"":18,""txPowerDbm"":17,""preamble"":8,""tcxoVoltage"":1.600000024,""xtalVoltage"":0},""dataset"":{""state"":""idle"",""step"":""idle"",""label"":"""",""seq"":0,""targetSamples"":0,""sampleIntervalMs"":500,""maxDurationMs"":0,""useFanIntake"":true,""fanOnMs"":1000,""postFanSettleMs"":0,""nullingProfileId"":9,""queuePending"":0,""queueCapacity"":16,""queueEnqueued"":0,""queueDropped"":0,""publishFailCount"":0,""retryCount"":0,""retryFailCount"":0,""rejectedSamples"":0,""lastRejectReason"":""none"",""lastRejectChannel"":-1,""lastRejectOkFiniteCount"":0,""lastRejectStatus"":255,""lastRejectGain"":0,""lastRejectSaturated"":false},""recovery"":{""wifiReconnectCount"":0,""wifiReconnectFailCount"":0,""mqttReconnectCount"":0,""mqttConnectFailCount"":0,""lastMqttState"":0,""adsRecoveryCount"":0,""adsRecoveryFailCount"":0,""adsReadFailStreak"":0,""lastReason"":""none"",""lastRecoveryMs"":0,""bootRecoveryArmed"":false,""bootRecoveryDueMs"":0,""bootRecoveryReason"":""none"",""bootRecoveryNonAdsFailure"":false,""bootRecoveryRestartCount"":0},""nulling"":{""done"":false,""retryArmed"":false,""attemptCount"":0,""nextRetryMs"":0,""thresholdV"":9.999999747E-06,""minFinalV"":0},""telemetry"":{""valid"":true,""sampleMs"":6740235,""gasClass"":6,""gasName"":""CO2"",""confidence"":0,""alarm"":false,""sensorVoltage"":[0.117951714,0.003894512,0.004815808,-0.002535808,-0.009565614,-0.011646896,-0.019414535,-0.02540856],""sensorGain"":[32,64,64,64,64,64,64,64],""sensorStatus"":[0,0,0,0,0,0,0,0],""featureOrder"":[""MQ8"",""MQ135"",""MQ3"",""MQ5"",""MQ4"",""MQ7"",""MQ6"",""MQ2""]},""alarmLatched"":false}"
2026-08-04 11:13:24.995 +07:00,363.876,HOT_SWEEP_70,70,700,300,1,0,0.117656387,0.003983843,0.004840861,-0.002576132,-0.009676721,-0.011658686,-0.019366456,-0.025397589,"{""deviceId"":""1001"",""nodeId"":4097,""targetChId"":""0010"",""mode"":""inference"",""uptimeMs"":6741330,""debugEnabled"":true,""power"":{""mode"":""24v"",""externalPower"":true,""batteryMv"":65535,""batteryValid"":false,""batteryDetected"":false,""batterySenseStatus"":""not_detected"",""batteryLow"":false,""batteryCritical"":false,""sourceAmbiguous"":false,""serviceHoldActive"":false,""serviceHoldEffective"":false},""batterySession"":{""state"":""inactive"",""startedMs"":0,""stateStartedMs"":0,""validSampleBatches"":0,""requiredSampleBatches"":10,""alarmTxAttempts"":0,""alarmTxAttemptLimit"":3,""alarmAckReceived"":false,""pendingAlarm"":false,""pendingSaveRequired"":false,""persistenceFaultHold"":false,""completionReason"":""session_done""},""bootHealth"":{""adsReady"":true,""adsDrdyLevel"":0,""adsDrdyPulldownLevel"":0,""adsDrdyPullupLevel"":0,""adsMisoPulldownLevel"":0,""adsMisoPullupLevel"":1,""adsCsLevel"":1,""adsSyncLevel"":1,""adsStatus"":54,""adsMux"":15,""adsAdcon"":6,""adsDrate"":240,""adsReason"":""ok"",""tcaOk"":true,""mcpOkCount"":8,""mcpOk"":[true,true,true,true,true,true,true,true],""mcpAddrMask"":[1,1,1,1,1,1,1,1],""mcpControlTested"":true,""mcpControlOkCount"":8,""mcpControlOk"":[true,true,true,true,true,true,true,true],""dacReady"":true,""radioReady"":true,""mlReady"":true,""nullingProfileApplied"":true,""modelProfileReady"":false},""runtimeMcpCode"":[255,519,795,706,799,865,665,139],""model"":{""profileId"":""cnn-dualbranch-datasheet-v1-unbound"",""scalerProfileId"":""cnn-dualbranch-datasheet-v1-unbound"",""productionApproved"":true,""boundNullingProfileId"":8,""activeNullingProfileId"":9,""bindingValid"":true,""bindingModelMatches"":true,""profileReady"":false,""inferenceValid"":false,""sensorFault"":true},""lora"":{""beginState"":0,""lastTxState"":0,""lastTxOk"":false,""txSeq"":0,""txCounter"":0,""aesKeyProvisioned"":true,""aesKeyPresent"":true,""aesKeySource"":""nvs"",""keyId"":1,""lastDownlinkCommandId"":0,""freqMHz"":920,""bwKHz"":125,""sf"":7,""cr"":5,""syncWord"":18,""txPowerDbm"":17,""preamble"":8,""tcxoVoltage"":1.600000024,""xtalVoltage"":0},""dataset"":{""state"":""idle"",""step"":""idle"",""label"":"""",""seq"":0,""targetSamples"":0,""sampleIntervalMs"":500,""maxDurationMs"":0,""useFanIntake"":true,""fanOnMs"":1000,""postFanSettleMs"":0,""nullingProfileId"":9,""queuePending"":0,""queueCapacity"":16,""queueEnqueued"":0,""queueDropped"":0,""publishFailCount"":0,""retryCount"":0,""retryFailCount"":0,""rejectedSamples"":0,""lastRejectReason"":""none"",""lastRejectChannel"":-1,""lastRejectOkFiniteCount"":0,""lastRejectStatus"":255,""lastRejectGain"":0,""lastRejectSaturated"":false},""recovery"":{""wifiReconnectCount"":0,""wifiReconnectFailCount"":0,""mqttReconnectCount"":0,""mqttConnectFailCount"":0,""lastMqttState"":0,""adsRecoveryCount"":0,""adsRecoveryFailCount"":0,""adsReadFailStreak"":0,""lastReason"":""none"",""lastRecoveryMs"":0,""bootRecoveryArmed"":false,""bootRecoveryDueMs"":0,""bootRecoveryReason"":""none"",""bootRecoveryNonAdsFailure"":false,""bootRecoveryRestartCount"":0},""nulling"":{""done"":false,""retryArmed"":false,""attemptCount"":0,""nextRetryMs"":0,""thresholdV"":9.999999747E-06,""minFinalV"":0},""telemetry"":{""valid"":true,""sampleMs"":6740916,""gasClass"":6,""gasName"":""CO2"",""confidence"":0,""alarm"":false,""sensorVoltage"":[0.117656387,0.003983843,0.004840861,-0.002576132,-0.009676721,-0.011658686,-0.019366456,-0.025397589],""sensorGain"":[32,64,64,64,64,64,64,64],""sensorStatus"":[0,0,0,0,0,0,0,0],""featureOrder"":[""MQ8"",""MQ135"",""MQ3"",""MQ5"",""MQ4"",""MQ7"",""MQ6"",""MQ2""]},""alarmLatched"":false}"
2026-08-04 11:13:25.692 +07:00,364.572,HOT_SWEEP_70,70,700,300,1,0,0.117241003,0.003955625,0.004821123,-0.002579192,-0.009630898,-0.011691758,-0.019365773,-0.025403867,"{""deviceId"":""1001"",""nodeId"":4097,""targetChId"":""0010"",""mode"":""inference"",""uptimeMs"":6742023,""debugEnabled"":true,""power"":{""mode"":""24v"",""externalPower"":true,""batteryMv"":65535,""batteryValid"":false,""batteryDetected"":false,""batterySenseStatus"":""not_detected"",""batteryLow"":false,""batteryCritical"":false,""sourceAmbiguous"":false,""serviceHoldActive"":false,""serviceHoldEffective"":false},""batterySession"":{""state"":""inactive"",""startedMs"":0,""stateStartedMs"":0,""validSampleBatches"":0,""requiredSampleBatches"":10,""alarmTxAttempts"":0,""alarmTxAttemptLimit"":3,""alarmAckReceived"":false,""pendingAlarm"":false,""pendingSaveRequired"":false,""persistenceFaultHold"":false,""completionReason"":""session_done""},""bootHealth"":{""adsReady"":true,""adsDrdyLevel"":0,""adsDrdyPulldownLevel"":0,""adsDrdyPullupLevel"":0,""adsMisoPulldownLevel"":0,""adsMisoPullupLevel"":1,""adsCsLevel"":1,""adsSyncLevel"":1,""adsStatus"":54,""adsMux"":15,""adsAdcon"":6,""adsDrate"":240,""adsReason"":""ok"",""tcaOk"":true,""mcpOkCount"":8,""mcpOk"":[true,true,true,true,true,true,true,true],""mcpAddrMask"":[1,1,1,1,1,1,1,1],""mcpControlTested"":true,""mcpControlOkCount"":8,""mcpControlOk"":[true,true,true,true,true,true,true,true],""dacReady"":true,""radioReady"":true,""mlReady"":true,""nullingProfileApplied"":true,""modelProfileReady"":false},""runtimeMcpCode"":[255,519,795,706,799,865,665,139],""model"":{""profileId"":""cnn-dualbranch-datasheet-v1-unbound"",""scalerProfileId"":""cnn-dualbranch-datasheet-v1-unbound"",""productionApproved"":true,""boundNullingProfileId"":8,""activeNullingProfileId"":9,""bindingValid"":true,""bindingModelMatches"":true,""profileReady"":false,""inferenceValid"":false,""sensorFault"":true},""lora"":{""beginState"":0,""lastTxState"":0,""lastTxOk"":false,""txSeq"":0,""txCounter"":0,""aesKeyProvisioned"":true,""aesKeyPresent"":true,""aesKeySource"":""nvs"",""keyId"":1,""lastDownlinkCommandId"":0,""freqMHz"":920,""bwKHz"":125,""sf"":7,""cr"":5,""syncWord"":18,""txPowerDbm"":17,""preamble"":8,""tcxoVoltage"":1.600000024,""xtalVoltage"":0},""dataset"":{""state"":""idle"",""step"":""idle"",""label"":"""",""seq"":0,""targetSamples"":0,""sampleIntervalMs"":500,""maxDurationMs"":0,""useFanIntake"":true,""fanOnMs"":1000,""postFanSettleMs"":0,""nullingProfileId"":9,""queuePending"":0,""queueCapacity"":16,""queueEnqueued"":0,""queueDropped"":0,""publishFailCount"":0,""retryCount"":0,""retryFailCount"":0,""rejectedSamples"":0,""lastRejectReason"":""none"",""lastRejectChannel"":-1,""lastRejectOkFiniteCount"":0,""lastRejectStatus"":255,""lastRejectGain"":0,""lastRejectSaturated"":false},""recovery"":{""wifiReconnectCount"":0,""wifiReconnectFailCount"":0,""mqttReconnectCount"":0,""mqttConnectFailCount"":0,""lastMqttState"":0,""adsRecoveryCount"":0,""adsRecoveryFailCount"":0,""adsReadFailStreak"":0,""lastReason"":""none"",""lastRecoveryMs"":0,""bootRecoveryArmed"":false,""bootRecoveryDueMs"":0,""bootRecoveryReason"":""none"",""bootRecoveryNonAdsFailure"":false,""bootRecoveryRestartCount"":0},""nulling"":{""done"":false,""retryArmed"":false,""attemptCount"":0,""nextRetryMs"":0,""thresholdV"":9.999999747E-06,""minFinalV"":0},""telemetry"":{""valid"":true,""sampleMs"":6741640,""gasClass"":6,""gasName"":""CO2"",""confidence"":0,""alarm"":false,""sensorVoltage"":[0.117241003,0.003955625,0.004821123,-0.002579192,-0.009630898,-0.011691758,-0.019365773,-0.025403867],""sensorGain"":[32,64,64,64,64,64,64,64],""sensorStatus"":[0,0,0,0,0,0,0,0],""featureOrder"":[""MQ8"",""MQ135"",""MQ3"",""MQ5"",""MQ4"",""MQ7"",""MQ6"",""MQ2""]},""alarmLatched"":false}"
2026-08-04 11:13:26.375 +07:00,365.256,HOT_SWEEP_70,70,700,300,1,0,0.11770767,0.003950061,0.004822969,-0.002608669,-0.009630328,-0.011691744,-0.019289941,-0.025403718,"{""deviceId"":""1001"",""nodeId"":4097,""targetChId"":""0010"",""mode"":""inference"",""uptimeMs"":6742716,""debugEnabled"":true,""power"":{""mode"":""24v"",""externalPower"":true,""batteryMv"":65535,""batteryValid"":false,""batteryDetected"":false,""batterySenseStatus"":""not_detected"",""batteryLow"":false,""batteryCritical"":false,""sourceAmbiguous"":false,""serviceHoldActive"":false,""serviceHoldEffective"":false},""batterySession"":{""state"":""inactive"",""startedMs"":0,""stateStartedMs"":0,""validSampleBatches"":0,""requiredSampleBatches"":10,""alarmTxAttempts"":0,""alarmTxAttemptLimit"":3,""alarmAckReceived"":false,""pendingAlarm"":false,""pendingSaveRequired"":false,""persistenceFaultHold"":false,""completionReason"":""session_done""},""bootHealth"":{""adsReady"":true,""adsDrdyLevel"":0,""adsDrdyPulldownLevel"":0,""adsDrdyPullupLevel"":0,""adsMisoPulldownLevel"":0,""adsMisoPullupLevel"":1,""adsCsLevel"":1,""adsSyncLevel"":1,""adsStatus"":54,""adsMux"":15,""adsAdcon"":6,""adsDrate"":240,""adsReason"":""ok"",""tcaOk"":true,""mcpOkCount"":8,""mcpOk"":[true,true,true,true,true,true,true,true],""mcpAddrMask"":[1,1,1,1,1,1,1,1],""mcpControlTested"":true,""mcpControlOkCount"":8,""mcpControlOk"":[true,true,true,true,true,true,true,true],""dacReady"":true,""radioReady"":true,""mlReady"":true,""nullingProfileApplied"":true,""modelProfileReady"":false},""runtimeMcpCode"":[255,519,795,706,799,865,665,139],""model"":{""profileId"":""cnn-dualbranch-datasheet-v1-unbound"",""scalerProfileId"":""cnn-dualbranch-datasheet-v1-unbound"",""productionApproved"":true,""boundNullingProfileId"":8,""activeNullingProfileId"":9,""bindingValid"":true,""bindingModelMatches"":true,""profileReady"":false,""inferenceValid"":false,""sensorFault"":true},""lora"":{""beginState"":0,""lastTxState"":0,""lastTxOk"":false,""txSeq"":0,""txCounter"":0,""aesKeyProvisioned"":true,""aesKeyPresent"":true,""aesKeySource"":""nvs"",""keyId"":1,""lastDownlinkCommandId"":0,""freqMHz"":920,""bwKHz"":125,""sf"":7,""cr"":5,""syncWord"":18,""txPowerDbm"":17,""preamble"":8,""tcxoVoltage"":1.600000024,""xtalVoltage"":0},""dataset"":{""state"":""idle"",""step"":""idle"",""label"":"""",""seq"":0,""targetSamples"":0,""sampleIntervalMs"":500,""maxDurationMs"":0,""useFanIntake"":true,""fanOnMs"":1000,""postFanSettleMs"":0,""nullingProfileId"":9,""queuePending"":0,""queueCapacity"":16,""queueEnqueued"":0,""queueDropped"":0,""publishFailCount"":0,""retryCount"":0,""retryFailCount"":0,""rejectedSamples"":0,""lastRejectReason"":""none"",""lastRejectChannel"":-1,""lastRejectOkFiniteCount"":0,""lastRejectStatus"":255,""lastRejectGain"":0,""lastRejectSaturated"":false},""recovery"":{""wifiReconnectCount"":0,""wifiReconnectFailCount"":0,""mqttReconnectCount"":0,""mqttConnectFailCount"":0,""lastMqttState"":0,""adsRecoveryCount"":0,""adsRecoveryFailCount"":0,""adsReadFailStreak"":0,""lastReason"":""none"",""lastRecoveryMs"":0,""bootRecoveryArmed"":false,""bootRecoveryDueMs"":0,""bootRecoveryReason"":""none"",""bootRecoveryNonAdsFailure"":false,""bootRecoveryRestartCount"":0},""nulling"":{""done"":false,""retryArmed"":false,""attemptCount"":0,""nextRetryMs"":0,""thresholdV"":9.999999747E-06,""minFinalV"":0},""telemetry"":{""valid"":true,""sampleMs"":6742301,""gasClass"":6,""gasName"":""CO2"",""confidence"":0,""alarm"":false,""sensorVoltage"":[0.11770767,0.003950061,0.004822969,-0.002608669,-0.009630328,-0.011691744,-0.019289941,-0.025403718],""sensorGain"":[32,64,64,64,64,64,64,64],""sensorStatus"":[0,0,0,0,0,0,0,0],""featureOrder"":[""MQ8"",""MQ135"",""MQ3"",""MQ5"",""MQ4"",""MQ7"",""MQ6"",""MQ2""]},""alarmLatched"":false}"
2026-08-04 11:13:27.058 +07:00,365.939,HOT_SWEEP_70,70,700,300,1,0,0.117910966,0.004006698,0.004865862,-0.002580353,-0.009630308,-0.011698641,-0.019298336,-0.024978105,"{""deviceId"":""1001"",""nodeId"":4097,""targetChId"":""0010"",""mode"":""inference"",""uptimeMs"":6743399,""debugEnabled"":true,""power"":{""mode"":""24v"",""externalPower"":true,""batteryMv"":65535,""batteryValid"":false,""batteryDetected"":false,""batterySenseStatus"":""not_detected"",""batteryLow"":false,""batteryCritical"":false,""sourceAmbiguous"":false,""serviceHoldActive"":false,""serviceHoldEffective"":false},""batterySession"":{""state"":""inactive"",""startedMs"":0,""stateStartedMs"":0,""validSampleBatches"":0,""requiredSampleBatches"":10,""alarmTxAttempts"":0,""alarmTxAttemptLimit"":3,""alarmAckReceived"":false,""pendingAlarm"":false,""pendingSaveRequired"":false,""persistenceFaultHold"":false,""completionReason"":""session_done""},""bootHealth"":{""adsReady"":true,""adsDrdyLevel"":0,""adsDrdyPulldownLevel"":0,""adsDrdyPullupLevel"":0,""adsMisoPulldownLevel"":0,""adsMisoPullupLevel"":1,""adsCsLevel"":1,""adsSyncLevel"":1,""adsStatus"":54,""adsMux"":15,""adsAdcon"":6,""adsDrate"":240,""adsReason"":""ok"",""tcaOk"":true,""mcpOkCount"":8,""mcpOk"":[true,true,true,true,true,true,true,true],""mcpAddrMask"":[1,1,1,1,1,1,1,1],""mcpControlTested"":true,""mcpControlOkCount"":8,""mcpControlOk"":[true,true,true,true,true,true,true,true],""dacReady"":true,""radioReady"":true,""mlReady"":true,""nullingProfileApplied"":true,""modelProfileReady"":false},""runtimeMcpCode"":[255,519,795,706,799,865,665,139],""model"":{""profileId"":""cnn-dualbranch-datasheet-v1-unbound"",""scalerProfileId"":""cnn-dualbranch-datasheet-v1-unbound"",""productionApproved"":true,""boundNullingProfileId"":8,""activeNullingProfileId"":9,""bindingValid"":true,""bindingModelMatches"":true,""profileReady"":false,""inferenceValid"":false,""sensorFault"":true},""lora"":{""beginState"":0,""lastTxState"":0,""lastTxOk"":false,""txSeq"":0,""txCounter"":0,""aesKeyProvisioned"":true,""aesKeyPresent"":true,""aesKeySource"":""nvs"",""keyId"":1,""lastDownlinkCommandId"":0,""freqMHz"":920,""bwKHz"":125,""sf"":7,""cr"":5,""syncWord"":18,""txPowerDbm"":17,""preamble"":8,""tcxoVoltage"":1.600000024,""xtalVoltage"":0},""dataset"":{""state"":""idle"",""step"":""idle"",""label"":"""",""seq"":0,""targetSamples"":0,""sampleIntervalMs"":500,""maxDurationMs"":0,""useFanIntake"":true,""fanOnMs"":1000,""postFanSettleMs"":0,""nullingProfileId"":9,""queuePending"":0,""queueCapacity"":16,""queueEnqueued"":0,""queueDropped"":0,""publishFailCount"":0,""retryCount"":0,""retryFailCount"":0,""rejectedSamples"":0,""lastRejectReason"":""none"",""lastRejectChannel"":-1,""lastRejectOkFiniteCount"":0,""lastRejectStatus"":255,""lastRejectGain"":0,""lastRejectSaturated"":false},""recovery"":{""wifiReconnectCount"":0,""wifiReconnectFailCount"":0,""mqttReconnectCount"":0,""mqttConnectFailCount"":0,""lastMqttState"":0,""adsRecoveryCount"":0,""adsRecoveryFailCount"":0,""adsReadFailStreak"":0,""lastReason"":""none"",""lastRecoveryMs"":0,""bootRecoveryArmed"":false,""bootRecoveryDueMs"":0,""bootRecoveryReason"":""none"",""bootRecoveryNonAdsFailure"":false,""bootRecoveryRestartCount"":0},""nulling"":{""done"":false,""retryArmed"":false,""attemptCount"":0,""nextRetryMs"":0,""thresholdV"":9.999999747E-06,""minFinalV"":0},""telemetry"":{""valid"":true,""sampleMs"":6742994,""gasClass"":6,""gasName"":""CO2"",""confidence"":0,""alarm"":false,""sensorVoltage"":[0.117910966,0.004006698,0.004865862,-0.002580353,-0.009630308,-0.011698641,-0.019298336,-0.024978105],""sensorGain"":[32,64,64,64,64,64,64,64],""sensorStatus"":[0,0,0,0,0,0,0,0],""featureOrder"":[""MQ8"",""MQ135"",""MQ3"",""MQ5"",""MQ4"",""MQ7"",""MQ6"",""MQ2""]},""alarmLatched"":false}"
2026-08-04 11:13:27.745 +07:00,366.627,HOT_SWEEP_70,70,700,300,1,0,0.117372528,0.003997063,0.004924224,-0.002579854,-0.009668352,-0.011699892,-0.019327249,-0.025445748,"{""deviceId"":""1001"",""nodeId"":4097,""targetChId"":""0010"",""mode"":""inference"",""uptimeMs"":6744081,""debugEnabled"":true,""power"":{""mode"":""24v"",""externalPower"":true,""batteryMv"":65535,""batteryValid"":false,""batteryDetected"":false,""batterySenseStatus"":""not_detected"",""batteryLow"":false,""batteryCritical"":false,""sourceAmbiguous"":false,""serviceHoldActive"":false,""serviceHoldEffective"":false},""batterySession"":{""state"":""inactive"",""startedMs"":0,""stateStartedMs"":0,""validSampleBatches"":0,""requiredSampleBatches"":10,""alarmTxAttempts"":0,""alarmTxAttemptLimit"":3,""alarmAckReceived"":false,""pendingAlarm"":false,""pendingSaveRequired"":false,""persistenceFaultHold"":false,""completionReason"":""session_done""},""bootHealth"":{""adsReady"":true,""adsDrdyLevel"":0,""adsDrdyPulldownLevel"":0,""adsDrdyPullupLevel"":0,""adsMisoPulldownLevel"":0,""adsMisoPullupLevel"":1,""adsCsLevel"":1,""adsSyncLevel"":1,""adsStatus"":54,""adsMux"":15,""adsAdcon"":6,""adsDrate"":240,""adsReason"":""ok"",""tcaOk"":true,""mcpOkCount"":8,""mcpOk"":[true,true,true,true,true,true,true,true],""mcpAddrMask"":[1,1,1,1,1,1,1,1],""mcpControlTested"":true,""mcpControlOkCount"":8,""mcpControlOk"":[true,true,true,true,true,true,true,true],""dacReady"":true,""radioReady"":true,""mlReady"":true,""nullingProfileApplied"":true,""modelProfileReady"":false},""runtimeMcpCode"":[255,519,795,706,799,865,665,139],""model"":{""profileId"":""cnn-dualbranch-datasheet-v1-unbound"",""scalerProfileId"":""cnn-dualbranch-datasheet-v1-unbound"",""productionApproved"":true,""boundNullingProfileId"":8,""activeNullingProfileId"":9,""bindingValid"":true,""bindingModelMatches"":true,""profileReady"":false,""inferenceValid"":false,""sensorFault"":true},""lora"":{""beginState"":0,""lastTxState"":0,""lastTxOk"":false,""txSeq"":0,""txCounter"":0,""aesKeyProvisioned"":true,""aesKeyPresent"":true,""aesKeySource"":""nvs"",""keyId"":1,""lastDownlinkCommandId"":0,""freqMHz"":920,""bwKHz"":125,""sf"":7,""cr"":5,""syncWord"":18,""txPowerDbm"":17,""preamble"":8,""tcxoVoltage"":1.600000024,""xtalVoltage"":0},""dataset"":{""state"":""idle"",""step"":""idle"",""label"":"""",""seq"":0,""targetSamples"":0,""sampleIntervalMs"":500,""maxDurationMs"":0,""useFanIntake"":true,""fanOnMs"":1000,""postFanSettleMs"":0,""nullingProfileId"":9,""queuePending"":0,""queueCapacity"":16,""queueEnqueued"":0,""queueDropped"":0,""publishFailCount"":0,""retryCount"":0,""retryFailCount"":0,""rejectedSamples"":0,""lastRejectReason"":""none"",""lastRejectChannel"":-1,""lastRejectOkFiniteCount"":0,""lastRejectStatus"":255,""lastRejectGain"":0,""lastRejectSaturated"":false},""recovery"":{""wifiReconnectCount"":0,""wifiReconnectFailCount"":0,""mqttReconnectCount"":0,""mqttConnectFailCount"":0,""lastMqttState"":0,""adsRecoveryCount"":0,""adsRecoveryFailCount"":0,""adsReadFailStreak"":0,""lastReason"":""none"",""lastRecoveryMs"":0,""bootRecoveryArmed"":false,""bootRecoveryDueMs"":0,""bootRecoveryReason"":""none"",""bootRecoveryNonAdsFailure"":false,""bootRecoveryRestartCount"":0},""nulling"":{""done"":false,""retryArmed"":false,""attemptCount"":0,""nextRetryMs"":0,""thresholdV"":9.999999747E-06,""minFinalV"":0},""telemetry"":{""valid"":true,""sampleMs"":6743709,""gasClass"":6,""gasName"":""CO2"",""confidence"":0,""alarm"":false,""sensorVoltage"":[0.117372528,0.003997063,0.004924224,-0.002579854,-0.009668352,-0.011699892,-0.019327249,-0.025445748],""sensorGain"":[32,64,64,64,64,64,64,64],""sensorStatus"":[0,0,0,0,0,0,0,0],""featureOrder"":[""MQ8"",""MQ135"",""MQ3"",""MQ5"",""MQ4"",""MQ7"",""MQ6"",""MQ2""]},""alarmLatched"":false}"
2026-08-04 11:13:28.437 +07:00,367.318,HOT_SWEEP_70,70,700,300,1,0,0.117243387,0.003974055,0.004972725,-0.002571275,-0.009660324,-0.011688039,-0.019325364,-0.025476316,"{""deviceId"":""1001"",""nodeId"":4097,""targetChId"":""0010"",""mode"":""inference"",""uptimeMs"":6744778,""debugEnabled"":true,""power"":{""mode"":""24v"",""externalPower"":true,""batteryMv"":65535,""batteryValid"":false,""batteryDetected"":false,""batterySenseStatus"":""not_detected"",""batteryLow"":false,""batteryCritical"":false,""sourceAmbiguous"":false,""serviceHoldActive"":false,""serviceHoldEffective"":false},""batterySession"":{""state"":""inactive"",""startedMs"":0,""stateStartedMs"":0,""validSampleBatches"":0,""requiredSampleBatches"":10,""alarmTxAttempts"":0,""alarmTxAttemptLimit"":3,""alarmAckReceived"":false,""pendingAlarm"":false,""pendingSaveRequired"":false,""persistenceFaultHold"":false,""completionReason"":""session_done""},""bootHealth"":{""adsReady"":true,""adsDrdyLevel"":0,""adsDrdyPulldownLevel"":0,""adsDrdyPullupLevel"":0,""adsMisoPulldownLevel"":0,""adsMisoPullupLevel"":1,""adsCsLevel"":1,""adsSyncLevel"":1,""adsStatus"":54,""adsMux"":15,""adsAdcon"":6,""adsDrate"":240,""adsReason"":""ok"",""tcaOk"":true,""mcpOkCount"":8,""mcpOk"":[true,true,true,true,true,true,true,true],""mcpAddrMask"":[1,1,1,1,1,1,1,1],""mcpControlTested"":true,""mcpControlOkCount"":8,""mcpControlOk"":[true,true,true,true,true,true,true,true],""dacReady"":true,""radioReady"":true,""mlReady"":true,""nullingProfileApplied"":true,""modelProfileReady"":false},""runtimeMcpCode"":[255,519,795,706,799,865,665,139],""model"":{""profileId"":""cnn-dualbranch-datasheet-v1-unbound"",""scalerProfileId"":""cnn-dualbranch-datasheet-v1-unbound"",""productionApproved"":true,""boundNullingProfileId"":8,""activeNullingProfileId"":9,""bindingValid"":true,""bindingModelMatches"":true,""profileReady"":false,""inferenceValid"":false,""sensorFault"":true},""lora"":{""beginState"":0,""lastTxState"":0,""lastTxOk"":false,""txSeq"":0,""txCounter"":0,""aesKeyProvisioned"":true,""aesKeyPresent"":true,""aesKeySource"":""nvs"",""keyId"":1,""lastDownlinkCommandId"":0,""freqMHz"":920,""bwKHz"":125,""sf"":7,""cr"":5,""syncWord"":18,""txPowerDbm"":17,""preamble"":8,""tcxoVoltage"":1.600000024,""xtalVoltage"":0},""dataset"":{""state"":""idle"",""step"":""idle"",""label"":"""",""seq"":0,""targetSamples"":0,""sampleIntervalMs"":500,""maxDurationMs"":0,""useFanIntake"":true,""fanOnMs"":1000,""postFanSettleMs"":0,""nullingProfileId"":9,""queuePending"":0,""queueCapacity"":16,""queueEnqueued"":0,""queueDropped"":0,""publishFailCount"":0,""retryCount"":0,""retryFailCount"":0,""rejectedSamples"":0,""lastRejectReason"":""none"",""lastRejectChannel"":-1,""lastRejectOkFiniteCount"":0,""lastRejectStatus"":255,""lastRejectGain"":0,""lastRejectSaturated"":false},""recovery"":{""wifiReconnectCount"":0,""wifiReconnectFailCount"":0,""mqttReconnectCount"":0,""mqttConnectFailCount"":0,""lastMqttState"":0,""adsRecoveryCount"":0,""adsRecoveryFailCount"":0,""adsReadFailStreak"":0,""lastReason"":""none"",""lastRecoveryMs"":0,""bootRecoveryArmed"":false,""bootRecoveryDueMs"":0,""bootRecoveryReason"":""none"",""bootRecoveryNonAdsFailure"":false,""bootRecoveryRestartCount"":0},""nulling"":{""done"":false,""retryArmed"":false,""attemptCount"":0,""nextRetryMs"":0,""thresholdV"":9.999999747E-06,""minFinalV"":0},""telemetry"":{""valid"":true,""sampleMs"":6744359,""gasClass"":6,""gasName"":""CO2"",""confidence"":0,""alarm"":false,""sensorVoltage"":[0.117243387,0.003974055,0.004972725,-0.002571275,-0.009660324,-0.011688039,-0.019325364,-0.025476316],""sensorGain"":[32,64,64,64,64,64,64,64],""sensorStatus"":[0,0,0,0,0,0,0,0],""featureOrder"":[""MQ8"",""MQ135"",""MQ3"",""MQ5"",""MQ4"",""MQ7"",""MQ6"",""MQ2""]},""alarmLatched"":false}"
2026-08-04 11:13:29.120 +07:00,368.001,HOT_SWEEP_70,70,700,300,1,0,0.117991373,0.004071527,0.004983892,-0.002594088,-0.009486267,-0.011407774,-0.01896056,-0.024942432,"{""deviceId"":""1001"",""nodeId"":4097,""targetChId"":""0010"",""mode"":""inference"",""uptimeMs"":6745459,""debugEnabled"":true,""power"":{""mode"":""24v"",""externalPower"":true,""batteryMv"":65535,""batteryValid"":false,""batteryDetected"":false,""batterySenseStatus"":""not_detected"",""batteryLow"":false,""batteryCritical"":false,""sourceAmbiguous"":false,""serviceHoldActive"":false,""serviceHoldEffective"":false},""batterySession"":{""state"":""inactive"",""startedMs"":0,""stateStartedMs"":0,""validSampleBatches"":0,""requiredSampleBatches"":10,""alarmTxAttempts"":0,""alarmTxAttemptLimit"":3,""alarmAckReceived"":false,""pendingAlarm"":false,""pendingSaveRequired"":false,""persistenceFaultHold"":false,""completionReason"":""session_done""},""bootHealth"":{""adsReady"":true,""adsDrdyLevel"":0,""adsDrdyPulldownLevel"":0,""adsDrdyPullupLevel"":0,""adsMisoPulldownLevel"":0,""adsMisoPullupLevel"":1,""adsCsLevel"":1,""adsSyncLevel"":1,""adsStatus"":54,""adsMux"":15,""adsAdcon"":6,""adsDrate"":240,""adsReason"":""ok"",""tcaOk"":true,""mcpOkCount"":8,""mcpOk"":[true,true,true,true,true,true,true,true],""mcpAddrMask"":[1,1,1,1,1,1,1,1],""mcpControlTested"":true,""mcpControlOkCount"":8,""mcpControlOk"":[true,true,true,true,true,true,true,true],""dacReady"":true,""radioReady"":true,""mlReady"":true,""nullingProfileApplied"":true,""modelProfileReady"":false},""runtimeMcpCode"":[255,519,795,706,799,865,665,139],""model"":{""profileId"":""cnn-dualbranch-datasheet-v1-unbound"",""scalerProfileId"":""cnn-dualbranch-datasheet-v1-unbound"",""productionApproved"":true,""boundNullingProfileId"":8,""activeNullingProfileId"":9,""bindingValid"":true,""bindingModelMatches"":true,""profileReady"":false,""inferenceValid"":false,""sensorFault"":true},""lora"":{""beginState"":0,""lastTxState"":0,""lastTxOk"":false,""txSeq"":0,""txCounter"":0,""aesKeyProvisioned"":true,""aesKeyPresent"":true,""aesKeySource"":""nvs"",""keyId"":1,""lastDownlinkCommandId"":0,""freqMHz"":920,""bwKHz"":125,""sf"":7,""cr"":5,""syncWord"":18,""txPowerDbm"":17,""preamble"":8,""tcxoVoltage"":1.600000024,""xtalVoltage"":0},""dataset"":{""state"":""idle"",""step"":""idle"",""label"":"""",""seq"":0,""targetSamples"":0,""sampleIntervalMs"":500,""maxDurationMs"":0,""useFanIntake"":true,""fanOnMs"":1000,""postFanSettleMs"":0,""nullingProfileId"":9,""queuePending"":0,""queueCapacity"":16,""queueEnqueued"":0,""queueDropped"":0,""publishFailCount"":0,""retryCount"":0,""retryFailCount"":0,""rejectedSamples"":0,""lastRejectReason"":""none"",""lastRejectChannel"":-1,""lastRejectOkFiniteCount"":0,""lastRejectStatus"":255,""lastRejectGain"":0,""lastRejectSaturated"":false},""recovery"":{""wifiReconnectCount"":0,""wifiReconnectFailCount"":0,""mqttReconnectCount"":0,""mqttConnectFailCount"":0,""lastMqttState"":0,""adsRecoveryCount"":0,""adsRecoveryFailCount"":0,""adsReadFailStreak"":0,""lastReason"":""none"",""lastRecoveryMs"":0,""bootRecoveryArmed"":false,""bootRecoveryDueMs"":0,""bootRecoveryReason"":""none"",""bootRecoveryNonAdsFailure"":false,""bootRecoveryRestartCount"":0},""nulling"":{""done"":false,""retryArmed"":false,""attemptCount"":0,""nextRetryMs"":0,""thresholdV"":9.999999747E-06,""minFinalV"":0},""telemetry"":{""valid"":true,""sampleMs"":6745056,""gasClass"":6,""gasName"":""CO2"",""confidence"":0,""alarm"":false,""sensorVoltage"":[0.117991373,0.004071527,0.004983892,-0.002594088,-0.009486267,-0.011407774,-0.01896056,-0.024942432],""sensorGain"":[32,64,64,64,64,64,64,64],""sensorStatus"":[0,0,0,0,0,0,0,0],""featureOrder"":[""MQ8"",""MQ135"",""MQ3"",""MQ5"",""MQ4"",""MQ7"",""MQ6"",""MQ2""]},""alarmLatched"":false}"
2026-08-04 11:13:29.806 +07:00,368.683,HOT_SWEEP_70,70,700,300,1,0,0.117635474,0.00399666,0.00498631,-0.002605375,-0.009479139,-0.011638078,-0.01933606,-0.025369864,"{""deviceId"":""1001"",""nodeId"":4097,""targetChId"":""0010"",""mode"":""inference"",""uptimeMs"":6746138,""debugEnabled"":true,""power"":{""mode"":""24v"",""externalPower"":true,""batteryMv"":65535,""batteryValid"":false,""batteryDetected"":false,""batterySenseStatus"":""not_detected"",""batteryLow"":false,""batteryCritical"":false,""sourceAmbiguous"":false,""serviceHoldActive"":false,""serviceHoldEffective"":false},""batterySession"":{""state"":""inactive"",""startedMs"":0,""stateStartedMs"":0,""validSampleBatches"":0,""requiredSampleBatches"":10,""alarmTxAttempts"":0,""alarmTxAttemptLimit"":3,""alarmAckReceived"":false,""pendingAlarm"":false,""pendingSaveRequired"":false,""persistenceFaultHold"":false,""completionReason"":""session_done""},""bootHealth"":{""adsReady"":true,""adsDrdyLevel"":0,""adsDrdyPulldownLevel"":0,""adsDrdyPullupLevel"":0,""adsMisoPulldownLevel"":0,""adsMisoPullupLevel"":1,""adsCsLevel"":1,""adsSyncLevel"":1,""adsStatus"":54,""adsMux"":15,""adsAdcon"":6,""adsDrate"":240,""adsReason"":""ok"",""tcaOk"":true,""mcpOkCount"":8,""mcpOk"":[true,true,true,true,true,true,true,true],""mcpAddrMask"":[1,1,1,1,1,1,1,1],""mcpControlTested"":true,""mcpControlOkCount"":8,""mcpControlOk"":[true,true,true,true,true,true,true,true],""dacReady"":true,""radioReady"":true,""mlReady"":true,""nullingProfileApplied"":true,""modelProfileReady"":false},""runtimeMcpCode"":[255,519,795,706,799,865,665,139],""model"":{""profileId"":""cnn-dualbranch-datasheet-v1-unbound"",""scalerProfileId"":""cnn-dualbranch-datasheet-v1-unbound"",""productionApproved"":true,""boundNullingProfileId"":8,""activeNullingProfileId"":9,""bindingValid"":true,""bindingModelMatches"":true,""profileReady"":false,""inferenceValid"":false,""sensorFault"":true},""lora"":{""beginState"":0,""lastTxState"":0,""lastTxOk"":false,""txSeq"":0,""txCounter"":0,""aesKeyProvisioned"":true,""aesKeyPresent"":true,""aesKeySource"":""nvs"",""keyId"":1,""lastDownlinkCommandId"":0,""freqMHz"":920,""bwKHz"":125,""sf"":7,""cr"":5,""syncWord"":18,""txPowerDbm"":17,""preamble"":8,""tcxoVoltage"":1.600000024,""xtalVoltage"":0},""dataset"":{""state"":""idle"",""step"":""idle"",""label"":"""",""seq"":0,""targetSamples"":0,""sampleIntervalMs"":500,""maxDurationMs"":0,""useFanIntake"":true,""fanOnMs"":1000,""postFanSettleMs"":0,""nullingProfileId"":9,""queuePending"":0,""queueCapacity"":16,""queueEnqueued"":0,""queueDropped"":0,""publishFailCount"":0,""retryCount"":0,""retryFailCount"":0,""rejectedSamples"":0,""lastRejectReason"":""none"",""lastRejectChannel"":-1,""lastRejectOkFiniteCount"":0,""lastRejectStatus"":255,""lastRejectGain"":0,""lastRejectSaturated"":false},""recovery"":{""wifiReconnectCount"":0,""wifiReconnectFailCount"":0,""mqttReconnectCount"":0,""mqttConnectFailCount"":0,""lastMqttState"":0,""adsRecoveryCount"":0,""adsRecoveryFailCount"":0,""adsReadFailStreak"":0,""lastReason"":""none"",""lastRecoveryMs"":0,""bootRecoveryArmed"":false,""bootRecoveryDueMs"":0,""bootRecoveryReason"":""none"",""bootRecoveryNonAdsFailure"":false,""bootRecoveryRestartCount"":0},""nulling"":{""done"":false,""retryArmed"":false,""attemptCount"":0,""nextRetryMs"":0,""thresholdV"":9.999999747E-06,""minFinalV"":0},""telemetry"":{""valid"":true,""sampleMs"":6745769,""gasClass"":6,""gasName"":""CO2"",""confidence"":0,""alarm"":false,""sensorVoltage"":[0.117635474,0.00399666,0.00498631,-0.002605375,-0.009479139,-0.011638078,-0.01933606,-0.025369864],""sensorGain"":[32,64,64,64,64,64,64,64],""sensorStatus"":[0,0,0,0,0,0,0,0],""featureOrder"":[""MQ8"",""MQ135"",""MQ3"",""MQ5"",""MQ4"",""MQ7"",""MQ6"",""MQ2""]},""alarmLatched"":false}"
2026-08-04 11:13:30.487 +07:00,369.368,HOT_SWEEP_70,70,700,300,1,0,0.117052816,0.003999282,0.004983022,-0.002594221,-0.009475427,-0.011606258,-0.019387398,-0.025306959,"{""deviceId"":""1001"",""nodeId"":4097,""targetChId"":""0010"",""mode"":""inference"",""uptimeMs"":6746824,""debugEnabled"":true,""power"":{""mode"":""24v"",""externalPower"":true,""batteryMv"":65535,""batteryValid"":false,""batteryDetected"":false,""batterySenseStatus"":""not_detected"",""batteryLow"":false,""batteryCritical"":false,""sourceAmbiguous"":false,""serviceHoldActive"":false,""serviceHoldEffective"":false},""batterySession"":{""state"":""inactive"",""startedMs"":0,""stateStartedMs"":0,""validSampleBatches"":0,""requiredSampleBatches"":10,""alarmTxAttempts"":0,""alarmTxAttemptLimit"":3,""alarmAckReceived"":false,""pendingAlarm"":false,""pendingSaveRequired"":false,""persistenceFaultHold"":false,""completionReason"":""session_done""},""bootHealth"":{""adsReady"":true,""adsDrdyLevel"":0,""adsDrdyPulldownLevel"":0,""adsDrdyPullupLevel"":0,""adsMisoPulldownLevel"":0,""adsMisoPullupLevel"":1,""adsCsLevel"":1,""adsSyncLevel"":1,""adsStatus"":54,""adsMux"":15,""adsAdcon"":6,""adsDrate"":240,""adsReason"":""ok"",""tcaOk"":true,""mcpOkCount"":8,""mcpOk"":[true,true,true,true,true,true,true,true],""mcpAddrMask"":[1,1,1,1,1,1,1,1],""mcpControlTested"":true,""mcpControlOkCount"":8,""mcpControlOk"":[true,true,true,true,true,true,true,true],""dacReady"":true,""radioReady"":true,""mlReady"":true,""nullingProfileApplied"":true,""modelProfileReady"":false},""runtimeMcpCode"":[255,519,795,706,799,865,665,139],""model"":{""profileId"":""cnn-dualbranch-datasheet-v1-unbound"",""scalerProfileId"":""cnn-dualbranch-datasheet-v1-unbound"",""productionApproved"":true,""boundNullingProfileId"":8,""activeNullingProfileId"":9,""bindingValid"":true,""bindingModelMatches"":true,""profileReady"":false,""inferenceValid"":false,""sensorFault"":true},""lora"":{""beginState"":0,""lastTxState"":0,""lastTxOk"":false,""txSeq"":0,""txCounter"":0,""aesKeyProvisioned"":true,""aesKeyPresent"":true,""aesKeySource"":""nvs"",""keyId"":1,""lastDownlinkCommandId"":0,""freqMHz"":920,""bwKHz"":125,""sf"":7,""cr"":5,""syncWord"":18,""txPowerDbm"":17,""preamble"":8,""tcxoVoltage"":1.600000024,""xtalVoltage"":0},""dataset"":{""state"":""idle"",""step"":""idle"",""label"":"""",""seq"":0,""targetSamples"":0,""sampleIntervalMs"":500,""maxDurationMs"":0,""useFanIntake"":true,""fanOnMs"":1000,""postFanSettleMs"":0,""nullingProfileId"":9,""queuePending"":0,""queueCapacity"":16,""queueEnqueued"":0,""queueDropped"":0,""publishFailCount"":0,""retryCount"":0,""retryFailCount"":0,""rejectedSamples"":0,""lastRejectReason"":""none"",""lastRejectChannel"":-1,""lastRejectOkFiniteCount"":0,""lastRejectStatus"":255,""lastRejectGain"":0,""lastRejectSaturated"":false},""recovery"":{""wifiReconnectCount"":0,""wifiReconnectFailCount"":0,""mqttReconnectCount"":0,""mqttConnectFailCount"":0,""lastMqttState"":0,""adsRecoveryCount"":0,""adsRecoveryFailCount"":0,""adsReadFailStreak"":0,""lastReason"":""none"",""lastRecoveryMs"":0,""bootRecoveryArmed"":false,""bootRecoveryDueMs"":0,""bootRecoveryReason"":""none"",""bootRecoveryNonAdsFailure"":false,""bootRecoveryRestartCount"":0},""nulling"":{""done"":false,""retryArmed"":false,""attemptCount"":0,""nextRetryMs"":0,""thresholdV"":9.999999747E-06,""minFinalV"":0},""telemetry"":{""valid"":true,""sampleMs"":6746416,""gasClass"":6,""gasName"":""CO2"",""confidence"":0,""alarm"":false,""sensorVoltage"":[0.117052816,0.003999282,0.004983022,-0.002594221,-0.009475427,-0.011606258,-0.019387398,-0.025306959],""sensorGain"":[32,64,64,64,64,64,64,64],""sensorStatus"":[0,0,0,0,0,0,0,0],""featureOrder"":[""MQ8"",""MQ135"",""MQ3"",""MQ5"",""MQ4"",""MQ7"",""MQ6"",""MQ2""]},""alarmLatched"":false}"
2026-08-04 11:13:31.170 +07:00,370.051,HOT_SWEEP_70,70,700,300,1,0,0.118008867,0.004033008,0.004890894,-0.002566607,-0.009260616,-0.011362424,-0.019118179,-0.024866316,"{""deviceId"":""1001"",""nodeId"":4097,""targetChId"":""0010"",""mode"":""inference"",""uptimeMs"":6747505,""debugEnabled"":true,""power"":{""mode"":""24v"",""externalPower"":true,""batteryMv"":65535,""batteryValid"":false,""batteryDetected"":false,""batterySenseStatus"":""not_detected"",""batteryLow"":false,""batteryCritical"":false,""sourceAmbiguous"":false,""serviceHoldActive"":false,""serviceHoldEffective"":false},""batterySession"":{""state"":""inactive"",""startedMs"":0,""stateStartedMs"":0,""validSampleBatches"":0,""requiredSampleBatches"":10,""alarmTxAttempts"":0,""alarmTxAttemptLimit"":3,""alarmAckReceived"":false,""pendingAlarm"":false,""pendingSaveRequired"":false,""persistenceFaultHold"":false,""completionReason"":""session_done""},""bootHealth"":{""adsReady"":true,""adsDrdyLevel"":0,""adsDrdyPulldownLevel"":0,""adsDrdyPullupLevel"":0,""adsMisoPulldownLevel"":0,""adsMisoPullupLevel"":1,""adsCsLevel"":1,""adsSyncLevel"":1,""adsStatus"":54,""adsMux"":15,""adsAdcon"":6,""adsDrate"":240,""adsReason"":""ok"",""tcaOk"":true,""mcpOkCount"":8,""mcpOk"":[true,true,true,true,true,true,true,true],""mcpAddrMask"":[1,1,1,1,1,1,1,1],""mcpControlTested"":true,""mcpControlOkCount"":8,""mcpControlOk"":[true,true,true,true,true,true,true,true],""dacReady"":true,""radioReady"":true,""mlReady"":true,""nullingProfileApplied"":true,""modelProfileReady"":false},""runtimeMcpCode"":[255,519,795,706,799,865,665,139],""model"":{""profileId"":""cnn-dualbranch-datasheet-v1-unbound"",""scalerProfileId"":""cnn-dualbranch-datasheet-v1-unbound"",""productionApproved"":true,""boundNullingProfileId"":8,""activeNullingProfileId"":9,""bindingValid"":true,""bindingModelMatches"":true,""profileReady"":false,""inferenceValid"":false,""sensorFault"":true},""lora"":{""beginState"":0,""lastTxState"":0,""lastTxOk"":false,""txSeq"":0,""txCounter"":0,""aesKeyProvisioned"":true,""aesKeyPresent"":true,""aesKeySource"":""nvs"",""keyId"":1,""lastDownlinkCommandId"":0,""freqMHz"":920,""bwKHz"":125,""sf"":7,""cr"":5,""syncWord"":18,""txPowerDbm"":17,""preamble"":8,""tcxoVoltage"":1.600000024,""xtalVoltage"":0},""dataset"":{""state"":""idle"",""step"":""idle"",""label"":"""",""seq"":0,""targetSamples"":0,""sampleIntervalMs"":500,""maxDurationMs"":0,""useFanIntake"":true,""fanOnMs"":1000,""postFanSettleMs"":0,""nullingProfileId"":9,""queuePending"":0,""queueCapacity"":16,""queueEnqueued"":0,""queueDropped"":0,""publishFailCount"":0,""retryCount"":0,""retryFailCount"":0,""rejectedSamples"":0,""lastRejectReason"":""none"",""lastRejectChannel"":-1,""lastRejectOkFiniteCount"":0,""lastRejectStatus"":255,""lastRejectGain"":0,""lastRejectSaturated"":false},""recovery"":{""wifiReconnectCount"":0,""wifiReconnectFailCount"":0,""mqttReconnectCount"":0,""mqttConnectFailCount"":0,""lastMqttState"":0,""adsRecoveryCount"":0,""adsRecoveryFailCount"":0,""adsReadFailStreak"":0,""lastReason"":""none"",""lastRecoveryMs"":0,""bootRecoveryArmed"":false,""bootRecoveryDueMs"":0,""bootRecoveryReason"":""none"",""bootRecoveryNonAdsFailure"":false,""bootRecoveryRestartCount"":0},""nulling"":{""done"":false,""retryArmed"":false,""attemptCount"":0,""nextRetryMs"":0,""thresholdV"":9.999999747E-06,""minFinalV"":0},""telemetry"":{""valid"":true,""sampleMs"":6747102,""gasClass"":6,""gasName"":""CO2"",""confidence"":0,""alarm"":false,""sensorVoltage"":[0.118008867,0.004033008,0.004890894,-0.002566607,-0.009260616,-0.011362424,-0.019118179,-0.024866316],""sensorGain"":[32,64,64,64,64,64,64,64],""sensorStatus"":[0,0,0,0,0,0,0,0],""featureOrder"":[""MQ8"",""MQ135"",""MQ3"",""MQ5"",""MQ4"",""MQ7"",""MQ6"",""MQ2""]},""alarmLatched"":false}"
2026-08-04 11:13:31.857 +07:00,370.736,HOT_SWEEP_70,70,700,300,1,0,0.117372833,0.004021316,0.004859759,-0.002584272,-0.009417248,-0.011623302,-0.019512324,-0.025305327,"{""deviceId"":""1001"",""nodeId"":4097,""targetChId"":""0010"",""mode"":""inference"",""uptimeMs"":6748188,""debugEnabled"":true,""power"":{""mode"":""24v"",""externalPower"":true,""batteryMv"":65535,""batteryValid"":false,""batteryDetected"":false,""batterySenseStatus"":""not_detected"",""batteryLow"":false,""batteryCritical"":false,""sourceAmbiguous"":false,""serviceHoldActive"":false,""serviceHoldEffective"":false},""batterySession"":{""state"":""inactive"",""startedMs"":0,""stateStartedMs"":0,""validSampleBatches"":0,""requiredSampleBatches"":10,""alarmTxAttempts"":0,""alarmTxAttemptLimit"":3,""alarmAckReceived"":false,""pendingAlarm"":false,""pendingSaveRequired"":false,""persistenceFaultHold"":false,""completionReason"":""session_done""},""bootHealth"":{""adsReady"":true,""adsDrdyLevel"":0,""adsDrdyPulldownLevel"":0,""adsDrdyPullupLevel"":0,""adsMisoPulldownLevel"":0,""adsMisoPullupLevel"":1,""adsCsLevel"":1,""adsSyncLevel"":1,""adsStatus"":54,""adsMux"":15,""adsAdcon"":6,""adsDrate"":240,""adsReason"":""ok"",""tcaOk"":true,""mcpOkCount"":8,""mcpOk"":[true,true,true,true,true,true,true,true],""mcpAddrMask"":[1,1,1,1,1,1,1,1],""mcpControlTested"":true,""mcpControlOkCount"":8,""mcpControlOk"":[true,true,true,true,true,true,true,true],""dacReady"":true,""radioReady"":true,""mlReady"":true,""nullingProfileApplied"":true,""modelProfileReady"":false},""runtimeMcpCode"":[255,519,795,706,799,865,665,139],""model"":{""profileId"":""cnn-dualbranch-datasheet-v1-unbound"",""scalerProfileId"":""cnn-dualbranch-datasheet-v1-unbound"",""productionApproved"":true,""boundNullingProfileId"":8,""activeNullingProfileId"":9,""bindingValid"":true,""bindingModelMatches"":true,""profileReady"":false,""inferenceValid"":false,""sensorFault"":true},""lora"":{""beginState"":0,""lastTxState"":0,""lastTxOk"":false,""txSeq"":0,""txCounter"":0,""aesKeyProvisioned"":true,""aesKeyPresent"":true,""aesKeySource"":""nvs"",""keyId"":1,""lastDownlinkCommandId"":0,""freqMHz"":920,""bwKHz"":125,""sf"":7,""cr"":5,""syncWord"":18,""txPowerDbm"":17,""preamble"":8,""tcxoVoltage"":1.600000024,""xtalVoltage"":0},""dataset"":{""state"":""idle"",""step"":""idle"",""label"":"""",""seq"":0,""targetSamples"":0,""sampleIntervalMs"":500,""maxDurationMs"":0,""useFanIntake"":true,""fanOnMs"":1000,""postFanSettleMs"":0,""nullingProfileId"":9,""queuePending"":0,""queueCapacity"":16,""queueEnqueued"":0,""queueDropped"":0,""publishFailCount"":0,""retryCount"":0,""retryFailCount"":0,""rejectedSamples"":0,""lastRejectReason"":""none"",""lastRejectChannel"":-1,""lastRejectOkFiniteCount"":0,""lastRejectStatus"":255,""lastRejectGain"":0,""lastRejectSaturated"":false},""recovery"":{""wifiReconnectCount"":0,""wifiReconnectFailCount"":0,""mqttReconnectCount"":0,""mqttConnectFailCount"":0,""lastMqttState"":0,""adsRecoveryCount"":0,""adsRecoveryFailCount"":0,""adsReadFailStreak"":0,""lastReason"":""none"",""lastRecoveryMs"":0,""bootRecoveryArmed"":false,""bootRecoveryDueMs"":0,""bootRecoveryReason"":""none"",""bootRecoveryNonAdsFailure"":false,""bootRecoveryRestartCount"":0},""nulling"":{""done"":false,""retryArmed"":false,""attemptCount"":0,""nextRetryMs"":0,""thresholdV"":9.999999747E-06,""minFinalV"":0},""telemetry"":{""valid"":true,""sampleMs"":6747815,""gasClass"":6,""gasName"":""CO2"",""confidence"":0,""alarm"":false,""sensorVoltage"":[0.117372833,0.004021316,0.004859759,-0.002584272,-0.009417248,-0.011623302,-0.019512324,-0.025305327],""sensorGain"":[32,64,64,64,64,64,64,64],""sensorStatus"":[0,0,0,0,0,0,0,0],""featureOrder"":[""MQ8"",""MQ135"",""MQ3"",""MQ5"",""MQ4"",""MQ7"",""MQ6"",""MQ2""]},""alarmLatched"":false}"
2026-08-04 11:13:32.551 +07:00,371.432,HOT_SWEEP_70,70,700,300,1,0,0.116701938,0.004048362,0.004864362,-0.002578751,-0.009439358,-0.011599145,-0.01950107,-0.025366306,"{""deviceId"":""1001"",""nodeId"":4097,""targetChId"":""0010"",""mode"":""inference"",""uptimeMs"":6748886,""debugEnabled"":true,""power"":{""mode"":""24v"",""externalPower"":true,""batteryMv"":65535,""batteryValid"":false,""batteryDetected"":false,""batterySenseStatus"":""not_detected"",""batteryLow"":false,""batteryCritical"":false,""sourceAmbiguous"":false,""serviceHoldActive"":false,""serviceHoldEffective"":false},""batterySession"":{""state"":""inactive"",""startedMs"":0,""stateStartedMs"":0,""validSampleBatches"":0,""requiredSampleBatches"":10,""alarmTxAttempts"":0,""alarmTxAttemptLimit"":3,""alarmAckReceived"":false,""pendingAlarm"":false,""pendingSaveRequired"":false,""persistenceFaultHold"":false,""completionReason"":""session_done""},""bootHealth"":{""adsReady"":true,""adsDrdyLevel"":0,""adsDrdyPulldownLevel"":0,""adsDrdyPullupLevel"":0,""adsMisoPulldownLevel"":0,""adsMisoPullupLevel"":1,""adsCsLevel"":1,""adsSyncLevel"":1,""adsStatus"":54,""adsMux"":15,""adsAdcon"":6,""adsDrate"":240,""adsReason"":""ok"",""tcaOk"":true,""mcpOkCount"":8,""mcpOk"":[true,true,true,true,true,true,true,true],""mcpAddrMask"":[1,1,1,1,1,1,1,1],""mcpControlTested"":true,""mcpControlOkCount"":8,""mcpControlOk"":[true,true,true,true,true,true,true,true],""dacReady"":true,""radioReady"":true,""mlReady"":true,""nullingProfileApplied"":true,""modelProfileReady"":false},""runtimeMcpCode"":[255,519,795,706,799,865,665,139],""model"":{""profileId"":""cnn-dualbranch-datasheet-v1-unbound"",""scalerProfileId"":""cnn-dualbranch-datasheet-v1-unbound"",""productionApproved"":true,""boundNullingProfileId"":8,""activeNullingProfileId"":9,""bindingValid"":true,""bindingModelMatches"":true,""profileReady"":false,""inferenceValid"":false,""sensorFault"":true},""lora"":{""beginState"":0,""lastTxState"":0,""lastTxOk"":false,""txSeq"":0,""txCounter"":0,""aesKeyProvisioned"":true,""aesKeyPresent"":true,""aesKeySource"":""nvs"",""keyId"":1,""lastDownlinkCommandId"":0,""freqMHz"":920,""bwKHz"":125,""sf"":7,""cr"":5,""syncWord"":18,""txPowerDbm"":17,""preamble"":8,""tcxoVoltage"":1.600000024,""xtalVoltage"":0},""dataset"":{""state"":""idle"",""step"":""idle"",""label"":"""",""seq"":0,""targetSamples"":0,""sampleIntervalMs"":500,""maxDurationMs"":0,""useFanIntake"":true,""fanOnMs"":1000,""postFanSettleMs"":0,""nullingProfileId"":9,""queuePending"":0,""queueCapacity"":16,""queueEnqueued"":0,""queueDropped"":0,""publishFailCount"":0,""retryCount"":0,""retryFailCount"":0,""rejectedSamples"":0,""lastRejectReason"":""none"",""lastRejectChannel"":-1,""lastRejectOkFiniteCount"":0,""lastRejectStatus"":255,""lastRejectGain"":0,""lastRejectSaturated"":false},""recovery"":{""wifiReconnectCount"":0,""wifiReconnectFailCount"":0,""mqttReconnectCount"":0,""mqttConnectFailCount"":0,""lastMqttState"":0,""adsRecoveryCount"":0,""adsRecoveryFailCount"":0,""adsReadFailStreak"":0,""lastReason"":""none"",""lastRecoveryMs"":0,""bootRecoveryArmed"":false,""bootRecoveryDueMs"":0,""bootRecoveryReason"":""none"",""bootRecoveryNonAdsFailure"":false,""bootRecoveryRestartCount"":0},""nulling"":{""done"":false,""retryArmed"":false,""attemptCount"":0,""nextRetryMs"":0,""thresholdV"":9.999999747E-06,""minFinalV"":0},""telemetry"":{""valid"":true,""sampleMs"":6748466,""gasClass"":6,""gasName"":""CO2"",""confidence"":0,""alarm"":false,""sensorVoltage"":[0.116701938,0.004048362,0.004864362,-0.002578751,-0.009439358,-0.011599145,-0.01950107,-0.025366306],""sensorGain"":[32,64,64,64,64,64,64,64],""sensorStatus"":[0,0,0,0,0,0,0,0],""featureOrder"":[""MQ8"",""MQ135"",""MQ3"",""MQ5"",""MQ4"",""MQ7"",""MQ6"",""MQ2""]},""alarmLatched"":false}"
2026-08-04 11:13:33.229 +07:00,372.110,HOT_SWEEP_70,70,700,300,1,0,0.11773064,0.004028375,0.004806296,-0.002586863,-0.009220449,-0.011331242,-0.019498657,-0.025373399,"{""deviceId"":""1001"",""nodeId"":4097,""targetChId"":""0010"",""mode"":""inference"",""uptimeMs"":6749569,""debugEnabled"":true,""power"":{""mode"":""24v"",""externalPower"":true,""batteryMv"":65535,""batteryValid"":false,""batteryDetected"":false,""batterySenseStatus"":""not_detected"",""batteryLow"":false,""batteryCritical"":false,""sourceAmbiguous"":false,""serviceHoldActive"":false,""serviceHoldEffective"":false},""batterySession"":{""state"":""inactive"",""startedMs"":0,""stateStartedMs"":0,""validSampleBatches"":0,""requiredSampleBatches"":10,""alarmTxAttempts"":0,""alarmTxAttemptLimit"":3,""alarmAckReceived"":false,""pendingAlarm"":false,""pendingSaveRequired"":false,""persistenceFaultHold"":false,""completionReason"":""session_done""},""bootHealth"":{""adsReady"":true,""adsDrdyLevel"":0,""adsDrdyPulldownLevel"":0,""adsDrdyPullupLevel"":0,""adsMisoPulldownLevel"":0,""adsMisoPullupLevel"":1,""adsCsLevel"":1,""adsSyncLevel"":1,""adsStatus"":54,""adsMux"":15,""adsAdcon"":6,""adsDrate"":240,""adsReason"":""ok"",""tcaOk"":true,""mcpOkCount"":8,""mcpOk"":[true,true,true,true,true,true,true,true],""mcpAddrMask"":[1,1,1,1,1,1,1,1],""mcpControlTested"":true,""mcpControlOkCount"":8,""mcpControlOk"":[true,true,true,true,true,true,true,true],""dacReady"":true,""radioReady"":true,""mlReady"":true,""nullingProfileApplied"":true,""modelProfileReady"":false},""runtimeMcpCode"":[255,519,795,706,799,865,665,139],""model"":{""profileId"":""cnn-dualbranch-datasheet-v1-unbound"",""scalerProfileId"":""cnn-dualbranch-datasheet-v1-unbound"",""productionApproved"":true,""boundNullingProfileId"":8,""activeNullingProfileId"":9,""bindingValid"":true,""bindingModelMatches"":true,""profileReady"":false,""inferenceValid"":false,""sensorFault"":true},""lora"":{""beginState"":0,""lastTxState"":0,""lastTxOk"":false,""txSeq"":0,""txCounter"":0,""aesKeyProvisioned"":true,""aesKeyPresent"":true,""aesKeySource"":""nvs"",""keyId"":1,""lastDownlinkCommandId"":0,""freqMHz"":920,""bwKHz"":125,""sf"":7,""cr"":5,""syncWord"":18,""txPowerDbm"":17,""preamble"":8,""tcxoVoltage"":1.600000024,""xtalVoltage"":0},""dataset"":{""state"":""idle"",""step"":""idle"",""label"":"""",""seq"":0,""targetSamples"":0,""sampleIntervalMs"":500,""maxDurationMs"":0,""useFanIntake"":true,""fanOnMs"":1000,""postFanSettleMs"":0,""nullingProfileId"":9,""queuePending"":0,""queueCapacity"":16,""queueEnqueued"":0,""queueDropped"":0,""publishFailCount"":0,""retryCount"":0,""retryFailCount"":0,""rejectedSamples"":0,""lastRejectReason"":""none"",""lastRejectChannel"":-1,""lastRejectOkFiniteCount"":0,""lastRejectStatus"":255,""lastRejectGain"":0,""lastRejectSaturated"":false},""recovery"":{""wifiReconnectCount"":0,""wifiReconnectFailCount"":0,""mqttReconnectCount"":0,""mqttConnectFailCount"":0,""lastMqttState"":0,""adsRecoveryCount"":0,""adsRecoveryFailCount"":0,""adsReadFailStreak"":0,""lastReason"":""none"",""lastRecoveryMs"":0,""bootRecoveryArmed"":false,""bootRecoveryDueMs"":0,""bootRecoveryReason"":""none"",""bootRecoveryNonAdsFailure"":false,""bootRecoveryRestartCount"":0},""nulling"":{""done"":false,""retryArmed"":false,""attemptCount"":0,""nextRetryMs"":0,""thresholdV"":9.999999747E-06,""minFinalV"":0},""telemetry"":{""valid"":true,""sampleMs"":6749164,""gasClass"":6,""gasName"":""CO2"",""confidence"":0,""alarm"":false,""sensorVoltage"":[0.11773064,0.004028375,0.004806296,-0.002586863,-0.009220449,-0.011331242,-0.019498657,-0.025373399],""sensorGain"":[32,64,64,64,64,64,64,64],""sensorStatus"":[0,0,0,0,0,0,0,0],""featureOrder"":[""MQ8"",""MQ135"",""MQ3"",""MQ5"",""MQ4"",""MQ7"",""MQ6"",""MQ2""]},""alarmLatched"":false}"
2026-08-04 11:13:33.926 +07:00,372.800,HOT_SWEEP_70,70,700,300,1,0,0.117205165,0.004008093,0.00484082,-0.002678229,-0.009443458,-0.011304651,-0.019490805,-0.025398359,"{""deviceId"":""1001"",""nodeId"":4097,""targetChId"":""0010"",""mode"":""inference"",""uptimeMs"":6750254,""debugEnabled"":true,""power"":{""mode"":""24v"",""externalPower"":true,""batteryMv"":65535,""batteryValid"":false,""batteryDetected"":false,""batterySenseStatus"":""not_detected"",""batteryLow"":false,""batteryCritical"":false,""sourceAmbiguous"":false,""serviceHoldActive"":false,""serviceHoldEffective"":false},""batterySession"":{""state"":""inactive"",""startedMs"":0,""stateStartedMs"":0,""validSampleBatches"":0,""requiredSampleBatches"":10,""alarmTxAttempts"":0,""alarmTxAttemptLimit"":3,""alarmAckReceived"":false,""pendingAlarm"":false,""pendingSaveRequired"":false,""persistenceFaultHold"":false,""completionReason"":""session_done""},""bootHealth"":{""adsReady"":true,""adsDrdyLevel"":0,""adsDrdyPulldownLevel"":0,""adsDrdyPullupLevel"":0,""adsMisoPulldownLevel"":0,""adsMisoPullupLevel"":1,""adsCsLevel"":1,""adsSyncLevel"":1,""adsStatus"":54,""adsMux"":15,""adsAdcon"":6,""adsDrate"":240,""adsReason"":""ok"",""tcaOk"":true,""mcpOkCount"":8,""mcpOk"":[true,true,true,true,true,true,true,true],""mcpAddrMask"":[1,1,1,1,1,1,1,1],""mcpControlTested"":true,""mcpControlOkCount"":8,""mcpControlOk"":[true,true,true,true,true,true,true,true],""dacReady"":true,""radioReady"":true,""mlReady"":true,""nullingProfileApplied"":true,""modelProfileReady"":false},""runtimeMcpCode"":[255,519,795,706,799,865,665,139],""model"":{""profileId"":""cnn-dualbranch-datasheet-v1-unbound"",""scalerProfileId"":""cnn-dualbranch-datasheet-v1-unbound"",""productionApproved"":true,""boundNullingProfileId"":8,""activeNullingProfileId"":9,""bindingValid"":true,""bindingModelMatches"":true,""profileReady"":false,""inferenceValid"":false,""sensorFault"":true},""lora"":{""beginState"":0,""lastTxState"":0,""lastTxOk"":false,""txSeq"":0,""txCounter"":0,""aesKeyProvisioned"":true,""aesKeyPresent"":true,""aesKeySource"":""nvs"",""keyId"":1,""lastDownlinkCommandId"":0,""freqMHz"":920,""bwKHz"":125,""sf"":7,""cr"":5,""syncWord"":18,""txPowerDbm"":17,""preamble"":8,""tcxoVoltage"":1.600000024,""xtalVoltage"":0},""dataset"":{""state"":""idle"",""step"":""idle"",""label"":"""",""seq"":0,""targetSamples"":0,""sampleIntervalMs"":500,""maxDurationMs"":0,""useFanIntake"":true,""fanOnMs"":1000,""postFanSettleMs"":0,""nullingProfileId"":9,""queuePending"":0,""queueCapacity"":16,""queueEnqueued"":0,""queueDropped"":0,""publishFailCount"":0,""retryCount"":0,""retryFailCount"":0,""rejectedSamples"":0,""lastRejectReason"":""none"",""lastRejectChannel"":-1,""lastRejectOkFiniteCount"":0,""lastRejectStatus"":255,""lastRejectGain"":0,""lastRejectSaturated"":false},""recovery"":{""wifiReconnectCount"":0,""wifiReconnectFailCount"":0,""mqttReconnectCount"":0,""mqttConnectFailCount"":0,""lastMqttState"":0,""adsRecoveryCount"":0,""adsRecoveryFailCount"":0,""adsReadFailStreak"":0,""lastReason"":""none"",""lastRecoveryMs"":0,""bootRecoveryArmed"":false,""bootRecoveryDueMs"":0,""bootRecoveryReason"":""none"",""bootRecoveryNonAdsFailure"":false,""bootRecoveryRestartCount"":0},""nulling"":{""done"":false,""retryArmed"":false,""attemptCount"":0,""nextRetryMs"":0,""thresholdV"":9.999999747E-06,""minFinalV"":0},""telemetry"":{""valid"":true,""sampleMs"":6749879,""gasClass"":6,""gasName"":""CO2"",""confidence"":0,""alarm"":false,""sensorVoltage"":[0.117205165,0.004008093,0.00484082,-0.002678229,-0.009443458,-0.011304651,-0.019490805,-0.025398359],""sensorGain"":[32,64,64,64,64,64,64,64],""sensorStatus"":[0,0,0,0,0,0,0,0],""featureOrder"":[""MQ8"",""MQ135"",""MQ3"",""MQ5"",""MQ4"",""MQ7"",""MQ6"",""MQ2""]},""alarmLatched"":false}"
2026-08-04 11:13:34.617 +07:00,373.496,HOT_SWEEP_70,70,700,300,1,0,0.116389498,0.004035989,0.00473418,-0.002720215,-0.009420171,-0.011303747,-0.019503329,-0.025374079,"{""deviceId"":""1001"",""nodeId"":4097,""targetChId"":""0010"",""mode"":""inference"",""uptimeMs"":6750949,""debugEnabled"":true,""power"":{""mode"":""24v"",""externalPower"":true,""batteryMv"":65535,""batteryValid"":false,""batteryDetected"":false,""batterySenseStatus"":""not_detected"",""batteryLow"":false,""batteryCritical"":false,""sourceAmbiguous"":false,""serviceHoldActive"":false,""serviceHoldEffective"":false},""batterySession"":{""state"":""inactive"",""startedMs"":0,""stateStartedMs"":0,""validSampleBatches"":0,""requiredSampleBatches"":10,""alarmTxAttempts"":0,""alarmTxAttemptLimit"":3,""alarmAckReceived"":false,""pendingAlarm"":false,""pendingSaveRequired"":false,""persistenceFaultHold"":false,""completionReason"":""session_done""},""bootHealth"":{""adsReady"":true,""adsDrdyLevel"":0,""adsDrdyPulldownLevel"":0,""adsDrdyPullupLevel"":0,""adsMisoPulldownLevel"":0,""adsMisoPullupLevel"":1,""adsCsLevel"":1,""adsSyncLevel"":1,""adsStatus"":54,""adsMux"":15,""adsAdcon"":6,""adsDrate"":240,""adsReason"":""ok"",""tcaOk"":true,""mcpOkCount"":8,""mcpOk"":[true,true,true,true,true,true,true,true],""mcpAddrMask"":[1,1,1,1,1,1,1,1],""mcpControlTested"":true,""mcpControlOkCount"":8,""mcpControlOk"":[true,true,true,true,true,true,true,true],""dacReady"":true,""radioReady"":true,""mlReady"":true,""nullingProfileApplied"":true,""modelProfileReady"":false},""runtimeMcpCode"":[255,519,795,706,799,865,665,139],""model"":{""profileId"":""cnn-dualbranch-datasheet-v1-unbound"",""scalerProfileId"":""cnn-dualbranch-datasheet-v1-unbound"",""productionApproved"":true,""boundNullingProfileId"":8,""activeNullingProfileId"":9,""bindingValid"":true,""bindingModelMatches"":true,""profileReady"":false,""inferenceValid"":false,""sensorFault"":true},""lora"":{""beginState"":0,""lastTxState"":0,""lastTxOk"":false,""txSeq"":0,""txCounter"":0,""aesKeyProvisioned"":true,""aesKeyPresent"":true,""aesKeySource"":""nvs"",""keyId"":1,""lastDownlinkCommandId"":0,""freqMHz"":920,""bwKHz"":125,""sf"":7,""cr"":5,""syncWord"":18,""txPowerDbm"":17,""preamble"":8,""tcxoVoltage"":1.600000024,""xtalVoltage"":0},""dataset"":{""state"":""idle"",""step"":""idle"",""label"":"""",""seq"":0,""targetSamples"":0,""sampleIntervalMs"":500,""maxDurationMs"":0,""useFanIntake"":true,""fanOnMs"":1000,""postFanSettleMs"":0,""nullingProfileId"":9,""queuePending"":0,""queueCapacity"":16,""queueEnqueued"":0,""queueDropped"":0,""publishFailCount"":0,""retryCount"":0,""retryFailCount"":0,""rejectedSamples"":0,""lastRejectReason"":""none"",""lastRejectChannel"":-1,""lastRejectOkFiniteCount"":0,""lastRejectStatus"":255,""lastRejectGain"":0,""lastRejectSaturated"":false},""recovery"":{""wifiReconnectCount"":0,""wifiReconnectFailCount"":0,""mqttReconnectCount"":0,""mqttConnectFailCount"":0,""lastMqttState"":0,""adsRecoveryCount"":0,""adsRecoveryFailCount"":0,""adsReadFailStreak"":0,""lastReason"":""none"",""lastRecoveryMs"":0,""bootRecoveryArmed"":false,""bootRecoveryDueMs"":0,""bootRecoveryReason"":""none"",""bootRecoveryNonAdsFailure"":false,""bootRecoveryRestartCount"":0},""nulling"":{""done"":false,""retryArmed"":false,""attemptCount"":0,""nextRetryMs"":0,""thresholdV"":9.999999747E-06,""minFinalV"":0},""telemetry"":{""valid"":true,""sampleMs"":6750532,""gasClass"":6,""gasName"":""CO2"",""confidence"":0,""alarm"":false,""sensorVoltage"":[0.116389498,0.004035989,0.00473418,-0.002720215,-0.009420171,-0.011303747,-0.019503329,-0.025374079],""sensorGain"":[32,64,64,64,64,64,64,64],""sensorStatus"":[0,0,0,0,0,0,0,0],""featureOrder"":[""MQ8"",""MQ135"",""MQ3"",""MQ5"",""MQ4"",""MQ7"",""MQ6"",""MQ2""]},""alarmLatched"":false}"
2026-08-04 11:13:35.296 +07:00,374.177,HOT_SWEEP_70,70,700,300,1,0,0.117405139,0.004021287,0.004629062,-0.002723334,-0.009421213,-0.011309383,-0.019477606,-0.025346037,"{""deviceId"":""1001"",""nodeId"":4097,""targetChId"":""0010"",""mode"":""inference"",""uptimeMs"":6751632,""debugEnabled"":true,""power"":{""mode"":""24v"",""externalPower"":true,""batteryMv"":65535,""batteryValid"":false,""batteryDetected"":false,""batterySenseStatus"":""not_detected"",""batteryLow"":false,""batteryCritical"":false,""sourceAmbiguous"":false,""serviceHoldActive"":false,""serviceHoldEffective"":false},""batterySession"":{""state"":""inactive"",""startedMs"":0,""stateStartedMs"":0,""validSampleBatches"":0,""requiredSampleBatches"":10,""alarmTxAttempts"":0,""alarmTxAttemptLimit"":3,""alarmAckReceived"":false,""pendingAlarm"":false,""pendingSaveRequired"":false,""persistenceFaultHold"":false,""completionReason"":""session_done""},""bootHealth"":{""adsReady"":true,""adsDrdyLevel"":0,""adsDrdyPulldownLevel"":0,""adsDrdyPullupLevel"":0,""adsMisoPulldownLevel"":0,""adsMisoPullupLevel"":1,""adsCsLevel"":1,""adsSyncLevel"":1,""adsStatus"":54,""adsMux"":15,""adsAdcon"":6,""adsDrate"":240,""adsReason"":""ok"",""tcaOk"":true,""mcpOkCount"":8,""mcpOk"":[true,true,true,true,true,true,true,true],""mcpAddrMask"":[1,1,1,1,1,1,1,1],""mcpControlTested"":true,""mcpControlOkCount"":8,""mcpControlOk"":[true,true,true,true,true,true,true,true],""dacReady"":true,""radioReady"":true,""mlReady"":true,""nullingProfileApplied"":true,""modelProfileReady"":false},""runtimeMcpCode"":[255,519,795,706,799,865,665,139],""model"":{""profileId"":""cnn-dualbranch-datasheet-v1-unbound"",""scalerProfileId"":""cnn-dualbranch-datasheet-v1-unbound"",""productionApproved"":true,""boundNullingProfileId"":8,""activeNullingProfileId"":9,""bindingValid"":true,""bindingModelMatches"":true,""profileReady"":false,""inferenceValid"":false,""sensorFault"":true},""lora"":{""beginState"":0,""lastTxState"":0,""lastTxOk"":false,""txSeq"":0,""txCounter"":0,""aesKeyProvisioned"":true,""aesKeyPresent"":true,""aesKeySource"":""nvs"",""keyId"":1,""lastDownlinkCommandId"":0,""freqMHz"":920,""bwKHz"":125,""sf"":7,""cr"":5,""syncWord"":18,""txPowerDbm"":17,""preamble"":8,""tcxoVoltage"":1.600000024,""xtalVoltage"":0},""dataset"":{""state"":""idle"",""step"":""idle"",""label"":"""",""seq"":0,""targetSamples"":0,""sampleIntervalMs"":500,""maxDurationMs"":0,""useFanIntake"":true,""fanOnMs"":1000,""postFanSettleMs"":0,""nullingProfileId"":9,""queuePending"":0,""queueCapacity"":16,""queueEnqueued"":0,""queueDropped"":0,""publishFailCount"":0,""retryCount"":0,""retryFailCount"":0,""rejectedSamples"":0,""lastRejectReason"":""none"",""lastRejectChannel"":-1,""lastRejectOkFiniteCount"":0,""lastRejectStatus"":255,""lastRejectGain"":0,""lastRejectSaturated"":false},""recovery"":{""wifiReconnectCount"":0,""wifiReconnectFailCount"":0,""mqttReconnectCount"":0,""mqttConnectFailCount"":0,""lastMqttState"":0,""adsRecoveryCount"":0,""adsRecoveryFailCount"":0,""adsReadFailStreak"":0,""lastReason"":""none"",""lastRecoveryMs"":0,""bootRecoveryArmed"":false,""bootRecoveryDueMs"":0,""bootRecoveryReason"":""none"",""bootRecoveryNonAdsFailure"":false,""bootRecoveryRestartCount"":0},""nulling"":{""done"":false,""retryArmed"":false,""attemptCount"":0,""nextRetryMs"":0,""thresholdV"":9.999999747E-06,""minFinalV"":0},""telemetry"":{""valid"":true,""sampleMs"":6751227,""gasClass"":6,""gasName"":""CO2"",""confidence"":0,""alarm"":false,""sensorVoltage"":[0.117405139,0.004021287,0.004629062,-0.002723334,-0.009421213,-0.011309383,-0.019477606,-0.025346037],""sensorGain"":[32,64,64,64,64,64,64,64],""sensorStatus"":[0,0,0,0,0,0,0,0],""featureOrder"":[""MQ8"",""MQ135"",""MQ3"",""MQ5"",""MQ4"",""MQ7"",""MQ6"",""MQ2""]},""alarmLatched"":false}"
2026-08-04 11:13:35.987 +07:00,374.868,HOT_SWEEP_70,70,700,300,1,0,0.11691048,0.003995783,0.004684989,-0.002713442,-0.009379586,-0.011321484,-0.019460911,-0.025402281,"{""deviceId"":""1001"",""nodeId"":4097,""targetChId"":""0010"",""mode"":""inference"",""uptimeMs"":6752327,""debugEnabled"":true,""power"":{""mode"":""24v"",""externalPower"":true,""batteryMv"":65535,""batteryValid"":false,""batteryDetected"":false,""batterySenseStatus"":""not_detected"",""batteryLow"":false,""batteryCritical"":false,""sourceAmbiguous"":false,""serviceHoldActive"":false,""serviceHoldEffective"":false},""batterySession"":{""state"":""inactive"",""startedMs"":0,""stateStartedMs"":0,""validSampleBatches"":0,""requiredSampleBatches"":10,""alarmTxAttempts"":0,""alarmTxAttemptLimit"":3,""alarmAckReceived"":false,""pendingAlarm"":false,""pendingSaveRequired"":false,""persistenceFaultHold"":false,""completionReason"":""session_done""},""bootHealth"":{""adsReady"":true,""adsDrdyLevel"":0,""adsDrdyPulldownLevel"":0,""adsDrdyPullupLevel"":0,""adsMisoPulldownLevel"":0,""adsMisoPullupLevel"":1,""adsCsLevel"":1,""adsSyncLevel"":1,""adsStatus"":54,""adsMux"":15,""adsAdcon"":6,""adsDrate"":240,""adsReason"":""ok"",""tcaOk"":true,""mcpOkCount"":8,""mcpOk"":[true,true,true,true,true,true,true,true],""mcpAddrMask"":[1,1,1,1,1,1,1,1],""mcpControlTested"":true,""mcpControlOkCount"":8,""mcpControlOk"":[true,true,true,true,true,true,true,true],""dacReady"":true,""radioReady"":true,""mlReady"":true,""nullingProfileApplied"":true,""modelProfileReady"":false},""runtimeMcpCode"":[255,519,795,706,799,865,665,139],""model"":{""profileId"":""cnn-dualbranch-datasheet-v1-unbound"",""scalerProfileId"":""cnn-dualbranch-datasheet-v1-unbound"",""productionApproved"":true,""boundNullingProfileId"":8,""activeNullingProfileId"":9,""bindingValid"":true,""bindingModelMatches"":true,""profileReady"":false,""inferenceValid"":false,""sensorFault"":true},""lora"":{""beginState"":0,""lastTxState"":0,""lastTxOk"":false,""txSeq"":0,""txCounter"":0,""aesKeyProvisioned"":true,""aesKeyPresent"":true,""aesKeySource"":""nvs"",""keyId"":1,""lastDownlinkCommandId"":0,""freqMHz"":920,""bwKHz"":125,""sf"":7,""cr"":5,""syncWord"":18,""txPowerDbm"":17,""preamble"":8,""tcxoVoltage"":1.600000024,""xtalVoltage"":0},""dataset"":{""state"":""idle"",""step"":""idle"",""label"":"""",""seq"":0,""targetSamples"":0,""sampleIntervalMs"":500,""maxDurationMs"":0,""useFanIntake"":true,""fanOnMs"":1000,""postFanSettleMs"":0,""nullingProfileId"":9,""queuePending"":0,""queueCapacity"":16,""queueEnqueued"":0,""queueDropped"":0,""publishFailCount"":0,""retryCount"":0,""retryFailCount"":0,""rejectedSamples"":0,""lastRejectReason"":""none"",""lastRejectChannel"":-1,""lastRejectOkFiniteCount"":0,""lastRejectStatus"":255,""lastRejectGain"":0,""lastRejectSaturated"":false},""recovery"":{""wifiReconnectCount"":0,""wifiReconnectFailCount"":0,""mqttReconnectCount"":0,""mqttConnectFailCount"":0,""lastMqttState"":0,""adsRecoveryCount"":0,""adsRecoveryFailCount"":0,""adsReadFailStreak"":0,""lastReason"":""none"",""lastRecoveryMs"":0,""bootRecoveryArmed"":false,""bootRecoveryDueMs"":0,""bootRecoveryReason"":""none"",""bootRecoveryNonAdsFailure"":false,""bootRecoveryRestartCount"":0},""nulling"":{""done"":false,""retryArmed"":false,""attemptCount"":0,""nextRetryMs"":0,""thresholdV"":9.999999747E-06,""minFinalV"":0},""telemetry"":{""valid"":true,""sampleMs"":6751942,""gasClass"":6,""gasName"":""CO2"",""confidence"":0,""alarm"":false,""sensorVoltage"":[0.11691048,0.003995783,0.004684989,-0.002713442,-0.009379586,-0.011321484,-0.019460911,-0.025402281],""sensorGain"":[32,64,64,64,64,64,64,64],""sensorStatus"":[0,0,0,0,0,0,0,0],""featureOrder"":[""MQ8"",""MQ135"",""MQ3"",""MQ5"",""MQ4"",""MQ7"",""MQ6"",""MQ2""]},""alarmLatched"":false}"
2026-08-04 11:13:36.666 +07:00,375.547,HOT_SWEEP_70,70,700,300,1,0,0.116091691,0.003996179,0.004793272,-0.002700669,-0.009374239,-0.011311995,-0.019446542,-0.025440525,"{""deviceId"":""1001"",""nodeId"":4097,""targetChId"":""0010"",""mode"":""inference"",""uptimeMs"":6753011,""debugEnabled"":true,""power"":{""mode"":""24v"",""externalPower"":true,""batteryMv"":65535,""batteryValid"":false,""batteryDetected"":false,""batterySenseStatus"":""not_detected"",""batteryLow"":false,""batteryCritical"":false,""sourceAmbiguous"":false,""serviceHoldActive"":false,""serviceHoldEffective"":false},""batterySession"":{""state"":""inactive"",""startedMs"":0,""stateStartedMs"":0,""validSampleBatches"":0,""requiredSampleBatches"":10,""alarmTxAttempts"":0,""alarmTxAttemptLimit"":3,""alarmAckReceived"":false,""pendingAlarm"":false,""pendingSaveRequired"":false,""persistenceFaultHold"":false,""completionReason"":""session_done""},""bootHealth"":{""adsReady"":true,""adsDrdyLevel"":0,""adsDrdyPulldownLevel"":0,""adsDrdyPullupLevel"":0,""adsMisoPulldownLevel"":0,""adsMisoPullupLevel"":1,""adsCsLevel"":1,""adsSyncLevel"":1,""adsStatus"":54,""adsMux"":15,""adsAdcon"":6,""adsDrate"":240,""adsReason"":""ok"",""tcaOk"":true,""mcpOkCount"":8,""mcpOk"":[true,true,true,true,true,true,true,true],""mcpAddrMask"":[1,1,1,1,1,1,1,1],""mcpControlTested"":true,""mcpControlOkCount"":8,""mcpControlOk"":[true,true,true,true,true,true,true,true],""dacReady"":true,""radioReady"":true,""mlReady"":true,""nullingProfileApplied"":true,""modelProfileReady"":false},""runtimeMcpCode"":[255,519,795,706,799,865,665,139],""model"":{""profileId"":""cnn-dualbranch-datasheet-v1-unbound"",""scalerProfileId"":""cnn-dualbranch-datasheet-v1-unbound"",""productionApproved"":true,""boundNullingProfileId"":8,""activeNullingProfileId"":9,""bindingValid"":true,""bindingModelMatches"":true,""profileReady"":false,""inferenceValid"":false,""sensorFault"":true},""lora"":{""beginState"":0,""lastTxState"":0,""lastTxOk"":false,""txSeq"":0,""txCounter"":0,""aesKeyProvisioned"":true,""aesKeyPresent"":true,""aesKeySource"":""nvs"",""keyId"":1,""lastDownlinkCommandId"":0,""freqMHz"":920,""bwKHz"":125,""sf"":7,""cr"":5,""syncWord"":18,""txPowerDbm"":17,""preamble"":8,""tcxoVoltage"":1.600000024,""xtalVoltage"":0},""dataset"":{""state"":""idle"",""step"":""idle"",""label"":"""",""seq"":0,""targetSamples"":0,""sampleIntervalMs"":500,""maxDurationMs"":0,""useFanIntake"":true,""fanOnMs"":1000,""postFanSettleMs"":0,""nullingProfileId"":9,""queuePending"":0,""queueCapacity"":16,""queueEnqueued"":0,""queueDropped"":0,""publishFailCount"":0,""retryCount"":0,""retryFailCount"":0,""rejectedSamples"":0,""lastRejectReason"":""none"",""lastRejectChannel"":-1,""lastRejectOkFiniteCount"":0,""lastRejectStatus"":255,""lastRejectGain"":0,""lastRejectSaturated"":false},""recovery"":{""wifiReconnectCount"":0,""wifiReconnectFailCount"":0,""mqttReconnectCount"":0,""mqttConnectFailCount"":0,""lastMqttState"":0,""adsRecoveryCount"":0,""adsRecoveryFailCount"":0,""adsReadFailStreak"":0,""lastReason"":""none"",""lastRecoveryMs"":0,""bootRecoveryArmed"":false,""bootRecoveryDueMs"":0,""bootRecoveryReason"":""none"",""bootRecoveryNonAdsFailure"":false,""bootRecoveryRestartCount"":0},""nulling"":{""done"":false,""retryArmed"":false,""attemptCount"":0,""nextRetryMs"":0,""thresholdV"":9.999999747E-06,""minFinalV"":0},""telemetry"":{""valid"":true,""sampleMs"":6752605,""gasClass"":6,""gasName"":""CO2"",""confidence"":0,""alarm"":false,""sensorVoltage"":[0.116091691,0.003996179,0.004793272,-0.002700669,-0.009374239,-0.011311995,-0.019446542,-0.025440525],""sensorGain"":[32,64,64,64,64,64,64,64],""sensorStatus"":[0,0,0,0,0,0,0,0],""featureOrder"":[""MQ8"",""MQ135"",""MQ3"",""MQ5"",""MQ4"",""MQ7"",""MQ6"",""MQ2""]},""alarmLatched"":false}"
2026-08-04 11:13:37.352 +07:00,376.233,HOT_SWEEP_70,70,700,300,1,0,0.116625592,0.004013609,0.004790011,-0.002705439,-0.00937908,-0.011343127,-0.019428691,-0.025444757,"{""deviceId"":""1001"",""nodeId"":4097,""targetChId"":""0010"",""mode"":""inference"",""uptimeMs"":6753695,""debugEnabled"":true,""power"":{""mode"":""24v"",""externalPower"":true,""batteryMv"":65535,""batteryValid"":false,""batteryDetected"":false,""batterySenseStatus"":""not_detected"",""batteryLow"":false,""batteryCritical"":false,""sourceAmbiguous"":false,""serviceHoldActive"":false,""serviceHoldEffective"":false},""batterySession"":{""state"":""inactive"",""startedMs"":0,""stateStartedMs"":0,""validSampleBatches"":0,""requiredSampleBatches"":10,""alarmTxAttempts"":0,""alarmTxAttemptLimit"":3,""alarmAckReceived"":false,""pendingAlarm"":false,""pendingSaveRequired"":false,""persistenceFaultHold"":false,""completionReason"":""session_done""},""bootHealth"":{""adsReady"":true,""adsDrdyLevel"":0,""adsDrdyPulldownLevel"":0,""adsDrdyPullupLevel"":0,""adsMisoPulldownLevel"":0,""adsMisoPullupLevel"":1,""adsCsLevel"":1,""adsSyncLevel"":1,""adsStatus"":54,""adsMux"":15,""adsAdcon"":6,""adsDrate"":240,""adsReason"":""ok"",""tcaOk"":true,""mcpOkCount"":8,""mcpOk"":[true,true,true,true,true,true,true,true],""mcpAddrMask"":[1,1,1,1,1,1,1,1],""mcpControlTested"":true,""mcpControlOkCount"":8,""mcpControlOk"":[true,true,true,true,true,true,true,true],""dacReady"":true,""radioReady"":true,""mlReady"":true,""nullingProfileApplied"":true,""modelProfileReady"":false},""runtimeMcpCode"":[255,519,795,706,799,865,665,139],""model"":{""profileId"":""cnn-dualbranch-datasheet-v1-unbound"",""scalerProfileId"":""cnn-dualbranch-datasheet-v1-unbound"",""productionApproved"":true,""boundNullingProfileId"":8,""activeNullingProfileId"":9,""bindingValid"":true,""bindingModelMatches"":true,""profileReady"":false,""inferenceValid"":false,""sensorFault"":true},""lora"":{""beginState"":0,""lastTxState"":0,""lastTxOk"":false,""txSeq"":0,""txCounter"":0,""aesKeyProvisioned"":true,""aesKeyPresent"":true,""aesKeySource"":""nvs"",""keyId"":1,""lastDownlinkCommandId"":0,""freqMHz"":920,""bwKHz"":125,""sf"":7,""cr"":5,""syncWord"":18,""txPowerDbm"":17,""preamble"":8,""tcxoVoltage"":1.600000024,""xtalVoltage"":0},""dataset"":{""state"":""idle"",""step"":""idle"",""label"":"""",""seq"":0,""targetSamples"":0,""sampleIntervalMs"":500,""maxDurationMs"":0,""useFanIntake"":true,""fanOnMs"":1000,""postFanSettleMs"":0,""nullingProfileId"":9,""queuePending"":0,""queueCapacity"":16,""queueEnqueued"":0,""queueDropped"":0,""publishFailCount"":0,""retryCount"":0,""retryFailCount"":0,""rejectedSamples"":0,""lastRejectReason"":""none"",""lastRejectChannel"":-1,""lastRejectOkFiniteCount"":0,""lastRejectStatus"":255,""lastRejectGain"":0,""lastRejectSaturated"":false},""recovery"":{""wifiReconnectCount"":0,""wifiReconnectFailCount"":0,""mqttReconnectCount"":0,""mqttConnectFailCount"":0,""lastMqttState"":0,""adsRecoveryCount"":0,""adsRecoveryFailCount"":0,""adsReadFailStreak"":0,""lastReason"":""none"",""lastRecoveryMs"":0,""bootRecoveryArmed"":false,""bootRecoveryDueMs"":0,""bootRecoveryReason"":""none"",""bootRecoveryNonAdsFailure"":false,""bootRecoveryRestartCount"":0},""nulling"":{""done"":false,""retryArmed"":false,""attemptCount"":0,""nextRetryMs"":0,""thresholdV"":9.999999747E-06,""minFinalV"":0},""telemetry"":{""valid"":true,""sampleMs"":6753289,""gasClass"":6,""gasName"":""CO2"",""confidence"":0,""alarm"":false,""sensorVoltage"":[0.116625592,0.004013609,0.004790011,-0.002705439,-0.00937908,-0.011343127,-0.019428691,-0.025444757],""sensorGain"":[32,64,64,64,64,64,64,64],""sensorStatus"":[0,0,0,0,0,0,0,0],""featureOrder"":[""MQ8"",""MQ135"",""MQ3"",""MQ5"",""MQ4"",""MQ7"",""MQ6"",""MQ2""]},""alarmLatched"":false}"
2026-08-04 11:13:38.042 +07:00,376.923,HOT_SWEEP_70,70,700,300,1,0,0.116523959,0.00397023,0.004784887,-0.002691473,-0.009394631,-0.011327177,-0.01937207,-0.025450906,"{""deviceId"":""1001"",""nodeId"":4097,""targetChId"":""0010"",""mode"":""inference"",""uptimeMs"":6754374,""debugEnabled"":true,""power"":{""mode"":""24v"",""externalPower"":true,""batteryMv"":65535,""batteryValid"":false,""batteryDetected"":false,""batterySenseStatus"":""not_detected"",""batteryLow"":false,""batteryCritical"":false,""sourceAmbiguous"":false,""serviceHoldActive"":false,""serviceHoldEffective"":false},""batterySession"":{""state"":""inactive"",""startedMs"":0,""stateStartedMs"":0,""validSampleBatches"":0,""requiredSampleBatches"":10,""alarmTxAttempts"":0,""alarmTxAttemptLimit"":3,""alarmAckReceived"":false,""pendingAlarm"":false,""pendingSaveRequired"":false,""persistenceFaultHold"":false,""completionReason"":""session_done""},""bootHealth"":{""adsReady"":true,""adsDrdyLevel"":0,""adsDrdyPulldownLevel"":0,""adsDrdyPullupLevel"":0,""adsMisoPulldownLevel"":0,""adsMisoPullupLevel"":1,""adsCsLevel"":1,""adsSyncLevel"":1,""adsStatus"":54,""adsMux"":15,""adsAdcon"":6,""adsDrate"":240,""adsReason"":""ok"",""tcaOk"":true,""mcpOkCount"":8,""mcpOk"":[true,true,true,true,true,true,true,true],""mcpAddrMask"":[1,1,1,1,1,1,1,1],""mcpControlTested"":true,""mcpControlOkCount"":8,""mcpControlOk"":[true,true,true,true,true,true,true,true],""dacReady"":true,""radioReady"":true,""mlReady"":true,""nullingProfileApplied"":true,""modelProfileReady"":false},""runtimeMcpCode"":[255,519,795,706,799,865,665,139],""model"":{""profileId"":""cnn-dualbranch-datasheet-v1-unbound"",""scalerProfileId"":""cnn-dualbranch-datasheet-v1-unbound"",""productionApproved"":true,""boundNullingProfileId"":8,""activeNullingProfileId"":9,""bindingValid"":true,""bindingModelMatches"":true,""profileReady"":false,""inferenceValid"":false,""sensorFault"":true},""lora"":{""beginState"":0,""lastTxState"":0,""lastTxOk"":false,""txSeq"":0,""txCounter"":0,""aesKeyProvisioned"":true,""aesKeyPresent"":true,""aesKeySource"":""nvs"",""keyId"":1,""lastDownlinkCommandId"":0,""freqMHz"":920,""bwKHz"":125,""sf"":7,""cr"":5,""syncWord"":18,""txPowerDbm"":17,""preamble"":8,""tcxoVoltage"":1.600000024,""xtalVoltage"":0},""dataset"":{""state"":""idle"",""step"":""idle"",""label"":"""",""seq"":0,""targetSamples"":0,""sampleIntervalMs"":500,""maxDurationMs"":0,""useFanIntake"":true,""fanOnMs"":1000,""postFanSettleMs"":0,""nullingProfileId"":9,""queuePending"":0,""queueCapacity"":16,""queueEnqueued"":0,""queueDropped"":0,""publishFailCount"":0,""retryCount"":0,""retryFailCount"":0,""rejectedSamples"":0,""lastRejectReason"":""none"",""lastRejectChannel"":-1,""lastRejectOkFiniteCount"":0,""lastRejectStatus"":255,""lastRejectGain"":0,""lastRejectSaturated"":false},""recovery"":{""wifiReconnectCount"":0,""wifiReconnectFailCount"":0,""mqttReconnectCount"":0,""mqttConnectFailCount"":0,""lastMqttState"":0,""adsRecoveryCount"":0,""adsRecoveryFailCount"":0,""adsReadFailStreak"":0,""lastReason"":""none"",""lastRecoveryMs"":0,""bootRecoveryArmed"":false,""bootRecoveryDueMs"":0,""bootRecoveryReason"":""none"",""bootRecoveryNonAdsFailure"":false,""bootRecoveryRestartCount"":0},""nulling"":{""done"":false,""retryArmed"":false,""attemptCount"":0,""nextRetryMs"":0,""thresholdV"":9.999999747E-06,""minFinalV"":0},""telemetry"":{""valid"":true,""sampleMs"":6754005,""gasClass"":6,""gasName"":""CO2"",""confidence"":0,""alarm"":false,""sensorVoltage"":[0.116523959,0.00397023,0.004784887,-0.002691473,-0.009394631,-0.011327177,-0.01937207,-0.025450906],""sensorGain"":[32,64,64,64,64,64,64,64],""sensorStatus"":[0,0,0,0,0,0,0,0],""featureOrder"":[""MQ8"",""MQ135"",""MQ3"",""MQ5"",""MQ4"",""MQ7"",""MQ6"",""MQ2""]},""alarmLatched"":false}"
2026-08-04 11:13:38.714 +07:00,377.595,HOT_SWEEP_70,70,700,300,1,0,0.115871787,0.003966175,0.004864572,-0.002720739,-0.009422899,-0.011327023,-0.019388402,-0.025479253,"{""deviceId"":""1001"",""nodeId"":4097,""targetChId"":""0010"",""mode"":""inference"",""uptimeMs"":6755058,""debugEnabled"":true,""power"":{""mode"":""24v"",""externalPower"":true,""batteryMv"":65535,""batteryValid"":false,""batteryDetected"":false,""batterySenseStatus"":""not_detected"",""batteryLow"":false,""batteryCritical"":false,""sourceAmbiguous"":false,""serviceHoldActive"":false,""serviceHoldEffective"":false},""batterySession"":{""state"":""inactive"",""startedMs"":0,""stateStartedMs"":0,""validSampleBatches"":0,""requiredSampleBatches"":10,""alarmTxAttempts"":0,""alarmTxAttemptLimit"":3,""alarmAckReceived"":false,""pendingAlarm"":false,""pendingSaveRequired"":false,""persistenceFaultHold"":false,""completionReason"":""session_done""},""bootHealth"":{""adsReady"":true,""adsDrdyLevel"":0,""adsDrdyPulldownLevel"":0,""adsDrdyPullupLevel"":0,""adsMisoPulldownLevel"":0,""adsMisoPullupLevel"":1,""adsCsLevel"":1,""adsSyncLevel"":1,""adsStatus"":54,""adsMux"":15,""adsAdcon"":6,""adsDrate"":240,""adsReason"":""ok"",""tcaOk"":true,""mcpOkCount"":8,""mcpOk"":[true,true,true,true,true,true,true,true],""mcpAddrMask"":[1,1,1,1,1,1,1,1],""mcpControlTested"":true,""mcpControlOkCount"":8,""mcpControlOk"":[true,true,true,true,true,true,true,true],""dacReady"":true,""radioReady"":true,""mlReady"":true,""nullingProfileApplied"":true,""modelProfileReady"":false},""runtimeMcpCode"":[255,519,795,706,799,865,665,139],""model"":{""profileId"":""cnn-dualbranch-datasheet-v1-unbound"",""scalerProfileId"":""cnn-dualbranch-datasheet-v1-unbound"",""productionApproved"":true,""boundNullingProfileId"":8,""activeNullingProfileId"":9,""bindingValid"":true,""bindingModelMatches"":true,""profileReady"":false,""inferenceValid"":false,""sensorFault"":true},""lora"":{""beginState"":0,""lastTxState"":0,""lastTxOk"":false,""txSeq"":0,""txCounter"":0,""aesKeyProvisioned"":true,""aesKeyPresent"":true,""aesKeySource"":""nvs"",""keyId"":1,""lastDownlinkCommandId"":0,""freqMHz"":920,""bwKHz"":125,""sf"":7,""cr"":5,""syncWord"":18,""txPowerDbm"":17,""preamble"":8,""tcxoVoltage"":1.600000024,""xtalVoltage"":0},""dataset"":{""state"":""idle"",""step"":""idle"",""label"":"""",""seq"":0,""targetSamples"":0,""sampleIntervalMs"":500,""maxDurationMs"":0,""useFanIntake"":true,""fanOnMs"":1000,""postFanSettleMs"":0,""nullingProfileId"":9,""queuePending"":0,""queueCapacity"":16,""queueEnqueued"":0,""queueDropped"":0,""publishFailCount"":0,""retryCount"":0,""retryFailCount"":0,""rejectedSamples"":0,""lastRejectReason"":""none"",""lastRejectChannel"":-1,""lastRejectOkFiniteCount"":0,""lastRejectStatus"":255,""lastRejectGain"":0,""lastRejectSaturated"":false},""recovery"":{""wifiReconnectCount"":0,""wifiReconnectFailCount"":0,""mqttReconnectCount"":0,""mqttConnectFailCount"":0,""lastMqttState"":0,""adsRecoveryCount"":0,""adsRecoveryFailCount"":0,""adsReadFailStreak"":0,""lastReason"":""none"",""lastRecoveryMs"":0,""bootRecoveryArmed"":false,""bootRecoveryDueMs"":0,""bootRecoveryReason"":""none"",""bootRecoveryNonAdsFailure"":false,""bootRecoveryRestartCount"":0},""nulling"":{""done"":false,""retryArmed"":false,""attemptCount"":0,""nextRetryMs"":0,""thresholdV"":9.999999747E-06,""minFinalV"":0},""telemetry"":{""valid"":true,""sampleMs"":6754652,""gasClass"":6,""gasName"":""CO2"",""confidence"":0,""alarm"":false,""sensorVoltage"":[0.115871787,0.003966175,0.004864572,-0.002720739,-0.009422899,-0.011327023,-0.019388402,-0.025479253],""sensorGain"":[32,64,64,64,64,64,64,64],""sensorStatus"":[0,0,0,0,0,0,0,0],""featureOrder"":[""MQ8"",""MQ135"",""MQ3"",""MQ5"",""MQ4"",""MQ7"",""MQ6"",""MQ2""]},""alarmLatched"":false}"
2026-08-04 11:13:39.418 +07:00,378.299,HOT_SWEEP_70,70,700,300,1,0,0.1158944,0.003964973,0.004814076,-0.002711215,-0.009429375,-0.011319427,-0.019368019,-0.025365919,"{""deviceId"":""1001"",""nodeId"":4097,""targetChId"":""0010"",""mode"":""inference"",""uptimeMs"":6755758,""debugEnabled"":true,""power"":{""mode"":""24v"",""externalPower"":true,""batteryMv"":65535,""batteryValid"":false,""batteryDetected"":false,""batterySenseStatus"":""not_detected"",""batteryLow"":false,""batteryCritical"":false,""sourceAmbiguous"":false,""serviceHoldActive"":false,""serviceHoldEffective"":false},""batterySession"":{""state"":""inactive"",""startedMs"":0,""stateStartedMs"":0,""validSampleBatches"":0,""requiredSampleBatches"":10,""alarmTxAttempts"":0,""alarmTxAttemptLimit"":3,""alarmAckReceived"":false,""pendingAlarm"":false,""pendingSaveRequired"":false,""persistenceFaultHold"":false,""completionReason"":""session_done""},""bootHealth"":{""adsReady"":true,""adsDrdyLevel"":0,""adsDrdyPulldownLevel"":0,""adsDrdyPullupLevel"":0,""adsMisoPulldownLevel"":0,""adsMisoPullupLevel"":1,""adsCsLevel"":1,""adsSyncLevel"":1,""adsStatus"":54,""adsMux"":15,""adsAdcon"":6,""adsDrate"":240,""adsReason"":""ok"",""tcaOk"":true,""mcpOkCount"":8,""mcpOk"":[true,true,true,true,true,true,true,true],""mcpAddrMask"":[1,1,1,1,1,1,1,1],""mcpControlTested"":true,""mcpControlOkCount"":8,""mcpControlOk"":[true,true,true,true,true,true,true,true],""dacReady"":true,""radioReady"":true,""mlReady"":true,""nullingProfileApplied"":true,""modelProfileReady"":false},""runtimeMcpCode"":[255,519,795,706,799,865,665,139],""model"":{""profileId"":""cnn-dualbranch-datasheet-v1-unbound"",""scalerProfileId"":""cnn-dualbranch-datasheet-v1-unbound"",""productionApproved"":true,""boundNullingProfileId"":8,""activeNullingProfileId"":9,""bindingValid"":true,""bindingModelMatches"":true,""profileReady"":false,""inferenceValid"":false,""sensorFault"":true},""lora"":{""beginState"":0,""lastTxState"":0,""lastTxOk"":false,""txSeq"":0,""txCounter"":0,""aesKeyProvisioned"":true,""aesKeyPresent"":true,""aesKeySource"":""nvs"",""keyId"":1,""lastDownlinkCommandId"":0,""freqMHz"":920,""bwKHz"":125,""sf"":7,""cr"":5,""syncWord"":18,""txPowerDbm"":17,""preamble"":8,""tcxoVoltage"":1.600000024,""xtalVoltage"":0},""dataset"":{""state"":""idle"",""step"":""idle"",""label"":"""",""seq"":0,""targetSamples"":0,""sampleIntervalMs"":500,""maxDurationMs"":0,""useFanIntake"":true,""fanOnMs"":1000,""postFanSettleMs"":0,""nullingProfileId"":9,""queuePending"":0,""queueCapacity"":16,""queueEnqueued"":0,""queueDropped"":0,""publishFailCount"":0,""retryCount"":0,""retryFailCount"":0,""rejectedSamples"":0,""lastRejectReason"":""none"",""lastRejectChannel"":-1,""lastRejectOkFiniteCount"":0,""lastRejectStatus"":255,""lastRejectGain"":0,""lastRejectSaturated"":false},""recovery"":{""wifiReconnectCount"":0,""wifiReconnectFailCount"":0,""mqttReconnectCount"":0,""mqttConnectFailCount"":0,""lastMqttState"":0,""adsRecoveryCount"":0,""adsRecoveryFailCount"":0,""adsReadFailStreak"":0,""lastReason"":""none"",""lastRecoveryMs"":0,""bootRecoveryArmed"":false,""bootRecoveryDueMs"":0,""bootRecoveryReason"":""none"",""bootRecoveryNonAdsFailure"":false,""bootRecoveryRestartCount"":0},""nulling"":{""done"":false,""retryArmed"":false,""attemptCount"":0,""nextRetryMs"":0,""thresholdV"":9.999999747E-06,""minFinalV"":0},""telemetry"":{""valid"":true,""sampleMs"":6755336,""gasClass"":6,""gasName"":""CO2"",""confidence"":0,""alarm"":false,""sensorVoltage"":[0.1158944,0.003964973,0.004814076,-0.002711215,-0.009429375,-0.011319427,-0.019368019,-0.025365919],""sensorGain"":[32,64,64,64,64,64,64,64],""sensorStatus"":[0,0,0,0,0,0,0,0],""featureOrder"":[""MQ8"",""MQ135"",""MQ3"",""MQ5"",""MQ4"",""MQ7"",""MQ6"",""MQ2""]},""alarmLatched"":false}"
2026-08-04 11:13:40.105 +07:00,378.986,HOT_SWEEP_70,70,700,300,1,0,0.116499647,0.003961358,0.004844236,-0.002603838,-0.009425798,-0.011262773,-0.019062649,-0.024929222,"{""deviceId"":""1001"",""nodeId"":4097,""targetChId"":""0010"",""mode"":""inference"",""uptimeMs"":6756440,""debugEnabled"":true,""power"":{""mode"":""24v"",""externalPower"":true,""batteryMv"":65535,""batteryValid"":false,""batteryDetected"":false,""batterySenseStatus"":""not_detected"",""batteryLow"":false,""batteryCritical"":false,""sourceAmbiguous"":false,""serviceHoldActive"":false,""serviceHoldEffective"":false},""batterySession"":{""state"":""inactive"",""startedMs"":0,""stateStartedMs"":0,""validSampleBatches"":0,""requiredSampleBatches"":10,""alarmTxAttempts"":0,""alarmTxAttemptLimit"":3,""alarmAckReceived"":false,""pendingAlarm"":false,""pendingSaveRequired"":false,""persistenceFaultHold"":false,""completionReason"":""session_done""},""bootHealth"":{""adsReady"":true,""adsDrdyLevel"":0,""adsDrdyPulldownLevel"":0,""adsDrdyPullupLevel"":0,""adsMisoPulldownLevel"":0,""adsMisoPullupLevel"":1,""adsCsLevel"":1,""adsSyncLevel"":1,""adsStatus"":54,""adsMux"":15,""adsAdcon"":6,""adsDrate"":240,""adsReason"":""ok"",""tcaOk"":true,""mcpOkCount"":8,""mcpOk"":[true,true,true,true,true,true,true,true],""mcpAddrMask"":[1,1,1,1,1,1,1,1],""mcpControlTested"":true,""mcpControlOkCount"":8,""mcpControlOk"":[true,true,true,true,true,true,true,true],""dacReady"":true,""radioReady"":true,""mlReady"":true,""nullingProfileApplied"":true,""modelProfileReady"":false},""runtimeMcpCode"":[255,519,795,706,799,865,665,139],""model"":{""profileId"":""cnn-dualbranch-datasheet-v1-unbound"",""scalerProfileId"":""cnn-dualbranch-datasheet-v1-unbound"",""productionApproved"":true,""boundNullingProfileId"":8,""activeNullingProfileId"":9,""bindingValid"":true,""bindingModelMatches"":true,""profileReady"":false,""inferenceValid"":false,""sensorFault"":true},""lora"":{""beginState"":0,""lastTxState"":0,""lastTxOk"":false,""txSeq"":0,""txCounter"":0,""aesKeyProvisioned"":true,""aesKeyPresent"":true,""aesKeySource"":""nvs"",""keyId"":1,""lastDownlinkCommandId"":0,""freqMHz"":920,""bwKHz"":125,""sf"":7,""cr"":5,""syncWord"":18,""txPowerDbm"":17,""preamble"":8,""tcxoVoltage"":1.600000024,""xtalVoltage"":0},""dataset"":{""state"":""idle"",""step"":""idle"",""label"":"""",""seq"":0,""targetSamples"":0,""sampleIntervalMs"":500,""maxDurationMs"":0,""useFanIntake"":true,""fanOnMs"":1000,""postFanSettleMs"":0,""nullingProfileId"":9,""queuePending"":0,""queueCapacity"":16,""queueEnqueued"":0,""queueDropped"":0,""publishFailCount"":0,""retryCount"":0,""retryFailCount"":0,""rejectedSamples"":0,""lastRejectReason"":""none"",""lastRejectChannel"":-1,""lastRejectOkFiniteCount"":0,""lastRejectStatus"":255,""lastRejectGain"":0,""lastRejectSaturated"":false},""recovery"":{""wifiReconnectCount"":0,""wifiReconnectFailCount"":0,""mqttReconnectCount"":0,""mqttConnectFailCount"":0,""lastMqttState"":0,""adsRecoveryCount"":0,""adsRecoveryFailCount"":0,""adsReadFailStreak"":0,""lastReason"":""none"",""lastRecoveryMs"":0,""bootRecoveryArmed"":false,""bootRecoveryDueMs"":0,""bootRecoveryReason"":""none"",""bootRecoveryNonAdsFailure"":false,""bootRecoveryRestartCount"":0},""nulling"":{""done"":false,""retryArmed"":false,""attemptCount"":0,""nextRetryMs"":0,""thresholdV"":9.999999747E-06,""minFinalV"":0},""telemetry"":{""valid"":true,""sampleMs"":6756068,""gasClass"":6,""gasName"":""CO2"",""confidence"":0,""alarm"":false,""sensorVoltage"":[0.116499647,0.003961358,0.004844236,-0.002603838,-0.009425798,-0.011262773,-0.019062649,-0.024929222],""sensorGain"":[32,64,64,64,64,64,64,64],""sensorStatus"":[0,0,0,0,0,0,0,0],""featureOrder"":[""MQ8"",""MQ135"",""MQ3"",""MQ5"",""MQ4"",""MQ7"",""MQ6"",""MQ2""]},""alarmLatched"":false}"
2026-08-04 11:13:40.789 +07:00,379.670,HOT_SWEEP_70,70,700,300,1,0,0.115735196,0.003973608,0.004855275,-0.002590972,-0.009427061,-0.011591129,-0.019456172,-0.025372352,"{""deviceId"":""1001"",""nodeId"":4097,""targetChId"":""0010"",""mode"":""inference"",""uptimeMs"":6757122,""debugEnabled"":true,""power"":{""mode"":""24v"",""externalPower"":true,""batteryMv"":65535,""batteryValid"":false,""batteryDetected"":false,""batterySenseStatus"":""not_detected"",""batteryLow"":false,""batteryCritical"":false,""sourceAmbiguous"":false,""serviceHoldActive"":false,""serviceHoldEffective"":false},""batterySession"":{""state"":""inactive"",""startedMs"":0,""stateStartedMs"":0,""validSampleBatches"":0,""requiredSampleBatches"":10,""alarmTxAttempts"":0,""alarmTxAttemptLimit"":3,""alarmAckReceived"":false,""pendingAlarm"":false,""pendingSaveRequired"":false,""persistenceFaultHold"":false,""completionReason"":""session_done""},""bootHealth"":{""adsReady"":true,""adsDrdyLevel"":0,""adsDrdyPulldownLevel"":0,""adsDrdyPullupLevel"":0,""adsMisoPulldownLevel"":0,""adsMisoPullupLevel"":1,""adsCsLevel"":1,""adsSyncLevel"":1,""adsStatus"":54,""adsMux"":15,""adsAdcon"":6,""adsDrate"":240,""adsReason"":""ok"",""tcaOk"":true,""mcpOkCount"":8,""mcpOk"":[true,true,true,true,true,true,true,true],""mcpAddrMask"":[1,1,1,1,1,1,1,1],""mcpControlTested"":true,""mcpControlOkCount"":8,""mcpControlOk"":[true,true,true,true,true,true,true,true],""dacReady"":true,""radioReady"":true,""mlReady"":true,""nullingProfileApplied"":true,""modelProfileReady"":false},""runtimeMcpCode"":[255,519,795,706,799,865,665,139],""model"":{""profileId"":""cnn-dualbranch-datasheet-v1-unbound"",""scalerProfileId"":""cnn-dualbranch-datasheet-v1-unbound"",""productionApproved"":true,""boundNullingProfileId"":8,""activeNullingProfileId"":9,""bindingValid"":true,""bindingModelMatches"":true,""profileReady"":false,""inferenceValid"":false,""sensorFault"":true},""lora"":{""beginState"":0,""lastTxState"":0,""lastTxOk"":false,""txSeq"":0,""txCounter"":0,""aesKeyProvisioned"":true,""aesKeyPresent"":true,""aesKeySource"":""nvs"",""keyId"":1,""lastDownlinkCommandId"":0,""freqMHz"":920,""bwKHz"":125,""sf"":7,""cr"":5,""syncWord"":18,""txPowerDbm"":17,""preamble"":8,""tcxoVoltage"":1.600000024,""xtalVoltage"":0},""dataset"":{""state"":""idle"",""step"":""idle"",""label"":"""",""seq"":0,""targetSamples"":0,""sampleIntervalMs"":500,""maxDurationMs"":0,""useFanIntake"":true,""fanOnMs"":1000,""postFanSettleMs"":0,""nullingProfileId"":9,""queuePending"":0,""queueCapacity"":16,""queueEnqueued"":0,""queueDropped"":0,""publishFailCount"":0,""retryCount"":0,""retryFailCount"":0,""rejectedSamples"":0,""lastRejectReason"":""none"",""lastRejectChannel"":-1,""lastRejectOkFiniteCount"":0,""lastRejectStatus"":255,""lastRejectGain"":0,""lastRejectSaturated"":false},""recovery"":{""wifiReconnectCount"":0,""wifiReconnectFailCount"":0,""mqttReconnectCount"":0,""mqttConnectFailCount"":0,""lastMqttState"":0,""adsRecoveryCount"":0,""adsRecoveryFailCount"":0,""adsReadFailStreak"":0,""lastReason"":""none"",""lastRecoveryMs"":0,""bootRecoveryArmed"":false,""bootRecoveryDueMs"":0,""bootRecoveryReason"":""none"",""bootRecoveryNonAdsFailure"":false,""bootRecoveryRestartCount"":0},""nulling"":{""done"":false,""retryArmed"":false,""attemptCount"":0,""nextRetryMs"":0,""thresholdV"":9.999999747E-06,""minFinalV"":0},""telemetry"":{""valid"":true,""sampleMs"":6756718,""gasClass"":6,""gasName"":""CO2"",""confidence"":0,""alarm"":false,""sensorVoltage"":[0.115735196,0.003973608,0.004855275,-0.002590972,-0.009427061,-0.011591129,-0.019456172,-0.025372352],""sensorGain"":[32,64,64,64,64,64,64,64],""sensorStatus"":[0,0,0,0,0,0,0,0],""featureOrder"":[""MQ8"",""MQ135"",""MQ3"",""MQ5"",""MQ4"",""MQ7"",""MQ6"",""MQ2""]},""alarmLatched"":false}"
2026-08-04 11:13:41.459 +07:00,380.340,HOT_SWEEP_70,70,700,300,1,0,0.115607515,0.003961851,0.00492218,-0.002562446,-0.009422147,-0.011578327,-0.019513294,-0.025380779,"{""deviceId"":""1001"",""nodeId"":4097,""targetChId"":""0010"",""mode"":""inference"",""uptimeMs"":6757804,""debugEnabled"":true,""power"":{""mode"":""24v"",""externalPower"":true,""batteryMv"":65535,""batteryValid"":false,""batteryDetected"":false,""batterySenseStatus"":""not_detected"",""batteryLow"":false,""batteryCritical"":false,""sourceAmbiguous"":false,""serviceHoldActive"":false,""serviceHoldEffective"":false},""batterySession"":{""state"":""inactive"",""startedMs"":0,""stateStartedMs"":0,""validSampleBatches"":0,""requiredSampleBatches"":10,""alarmTxAttempts"":0,""alarmTxAttemptLimit"":3,""alarmAckReceived"":false,""pendingAlarm"":false,""pendingSaveRequired"":false,""persistenceFaultHold"":false,""completionReason"":""session_done""},""bootHealth"":{""adsReady"":true,""adsDrdyLevel"":0,""adsDrdyPulldownLevel"":0,""adsDrdyPullupLevel"":0,""adsMisoPulldownLevel"":0,""adsMisoPullupLevel"":1,""adsCsLevel"":1,""adsSyncLevel"":1,""adsStatus"":54,""adsMux"":15,""adsAdcon"":6,""adsDrate"":240,""adsReason"":""ok"",""tcaOk"":true,""mcpOkCount"":8,""mcpOk"":[true,true,true,true,true,true,true,true],""mcpAddrMask"":[1,1,1,1,1,1,1,1],""mcpControlTested"":true,""mcpControlOkCount"":8,""mcpControlOk"":[true,true,true,true,true,true,true,true],""dacReady"":true,""radioReady"":true,""mlReady"":true,""nullingProfileApplied"":true,""modelProfileReady"":false},""runtimeMcpCode"":[255,519,795,706,799,865,665,139],""model"":{""profileId"":""cnn-dualbranch-datasheet-v1-unbound"",""scalerProfileId"":""cnn-dualbranch-datasheet-v1-unbound"",""productionApproved"":true,""boundNullingProfileId"":8,""activeNullingProfileId"":9,""bindingValid"":true,""bindingModelMatches"":true,""profileReady"":false,""inferenceValid"":false,""sensorFault"":true},""lora"":{""beginState"":0,""lastTxState"":0,""lastTxOk"":false,""txSeq"":0,""txCounter"":0,""aesKeyProvisioned"":true,""aesKeyPresent"":true,""aesKeySource"":""nvs"",""keyId"":1,""lastDownlinkCommandId"":0,""freqMHz"":920,""bwKHz"":125,""sf"":7,""cr"":5,""syncWord"":18,""txPowerDbm"":17,""preamble"":8,""tcxoVoltage"":1.600000024,""xtalVoltage"":0},""dataset"":{""state"":""idle"",""step"":""idle"",""label"":"""",""seq"":0,""targetSamples"":0,""sampleIntervalMs"":500,""maxDurationMs"":0,""useFanIntake"":true,""fanOnMs"":1000,""postFanSettleMs"":0,""nullingProfileId"":9,""queuePending"":0,""queueCapacity"":16,""queueEnqueued"":0,""queueDropped"":0,""publishFailCount"":0,""retryCount"":0,""retryFailCount"":0,""rejectedSamples"":0,""lastRejectReason"":""none"",""lastRejectChannel"":-1,""lastRejectOkFiniteCount"":0,""lastRejectStatus"":255,""lastRejectGain"":0,""lastRejectSaturated"":false},""recovery"":{""wifiReconnectCount"":0,""wifiReconnectFailCount"":0,""mqttReconnectCount"":0,""mqttConnectFailCount"":0,""lastMqttState"":0,""adsRecoveryCount"":0,""adsRecoveryFailCount"":0,""adsReadFailStreak"":0,""lastReason"":""none"",""lastRecoveryMs"":0,""bootRecoveryArmed"":false,""bootRecoveryDueMs"":0,""bootRecoveryReason"":""none"",""bootRecoveryNonAdsFailure"":false,""bootRecoveryRestartCount"":0},""nulling"":{""done"":false,""retryArmed"":false,""attemptCount"":0,""nextRetryMs"":0,""thresholdV"":9.999999747E-06,""minFinalV"":0},""telemetry"":{""valid"":true,""sampleMs"":6757400,""gasClass"":6,""gasName"":""CO2"",""confidence"":0,""alarm"":false,""sensorVoltage"":[0.115607515,0.003961851,0.00492218,-0.002562446,-0.009422147,-0.011578327,-0.019513294,-0.025380779],""sensorGain"":[32,64,64,64,64,64,64,64],""sensorStatus"":[0,0,0,0,0,0,0,0],""featureOrder"":[""MQ8"",""MQ135"",""MQ3"",""MQ5"",""MQ4"",""MQ7"",""MQ6"",""MQ2""]},""alarmLatched"":false}"
2026-08-04 11:13:42.168 +07:00,381.048,HOT_SWEEP_70,70,700,300,1,0,0.116349317,0.003950777,0.004935444,-0.002577684,-0.009194588,-0.011307126,-0.019076522,-0.024917906,"{""deviceId"":""1001"",""nodeId"":4097,""targetChId"":""0010"",""mode"":""inference"",""uptimeMs"":6758500,""debugEnabled"":true,""power"":{""mode"":""24v"",""externalPower"":true,""batteryMv"":65535,""batteryValid"":false,""batteryDetected"":false,""batterySenseStatus"":""not_detected"",""batteryLow"":false,""batteryCritical"":false,""sourceAmbiguous"":false,""serviceHoldActive"":false,""serviceHoldEffective"":false},""batterySession"":{""state"":""inactive"",""startedMs"":0,""stateStartedMs"":0,""validSampleBatches"":0,""requiredSampleBatches"":10,""alarmTxAttempts"":0,""alarmTxAttemptLimit"":3,""alarmAckReceived"":false,""pendingAlarm"":false,""pendingSaveRequired"":false,""persistenceFaultHold"":false,""completionReason"":""session_done""},""bootHealth"":{""adsReady"":true,""adsDrdyLevel"":0,""adsDrdyPulldownLevel"":0,""adsDrdyPullupLevel"":0,""adsMisoPulldownLevel"":0,""adsMisoPullupLevel"":1,""adsCsLevel"":1,""adsSyncLevel"":1,""adsStatus"":54,""adsMux"":15,""adsAdcon"":6,""adsDrate"":240,""adsReason"":""ok"",""tcaOk"":true,""mcpOkCount"":8,""mcpOk"":[true,true,true,true,true,true,true,true],""mcpAddrMask"":[1,1,1,1,1,1,1,1],""mcpControlTested"":true,""mcpControlOkCount"":8,""mcpControlOk"":[true,true,true,true,true,true,true,true],""dacReady"":true,""radioReady"":true,""mlReady"":true,""nullingProfileApplied"":true,""modelProfileReady"":false},""runtimeMcpCode"":[255,519,795,706,799,865,665,139],""model"":{""profileId"":""cnn-dualbranch-datasheet-v1-unbound"",""scalerProfileId"":""cnn-dualbranch-datasheet-v1-unbound"",""productionApproved"":true,""boundNullingProfileId"":8,""activeNullingProfileId"":9,""bindingValid"":true,""bindingModelMatches"":true,""profileReady"":false,""inferenceValid"":false,""sensorFault"":true},""lora"":{""beginState"":0,""lastTxState"":0,""lastTxOk"":false,""txSeq"":0,""txCounter"":0,""aesKeyProvisioned"":true,""aesKeyPresent"":true,""aesKeySource"":""nvs"",""keyId"":1,""lastDownlinkCommandId"":0,""freqMHz"":920,""bwKHz"":125,""sf"":7,""cr"":5,""syncWord"":18,""txPowerDbm"":17,""preamble"":8,""tcxoVoltage"":1.600000024,""xtalVoltage"":0},""dataset"":{""state"":""idle"",""step"":""idle"",""label"":"""",""seq"":0,""targetSamples"":0,""sampleIntervalMs"":500,""maxDurationMs"":0,""useFanIntake"":true,""fanOnMs"":1000,""postFanSettleMs"":0,""nullingProfileId"":9,""queuePending"":0,""queueCapacity"":16,""queueEnqueued"":0,""queueDropped"":0,""publishFailCount"":0,""retryCount"":0,""retryFailCount"":0,""rejectedSamples"":0,""lastRejectReason"":""none"",""lastRejectChannel"":-1,""lastRejectOkFiniteCount"":0,""lastRejectStatus"":255,""lastRejectGain"":0,""lastRejectSaturated"":false},""recovery"":{""wifiReconnectCount"":0,""wifiReconnectFailCount"":0,""mqttReconnectCount"":0,""mqttConnectFailCount"":0,""lastMqttState"":0,""adsRecoveryCount"":0,""adsRecoveryFailCount"":0,""adsReadFailStreak"":0,""lastReason"":""none"",""lastRecoveryMs"":0,""bootRecoveryArmed"":false,""bootRecoveryDueMs"":0,""bootRecoveryReason"":""none"",""bootRecoveryNonAdsFailure"":false,""bootRecoveryRestartCount"":0},""nulling"":{""done"":false,""retryArmed"":false,""attemptCount"":0,""nextRetryMs"":0,""thresholdV"":9.999999747E-06,""minFinalV"":0},""telemetry"":{""valid"":true,""sampleMs"":6758114,""gasClass"":6,""gasName"":""CO2"",""confidence"":0,""alarm"":false,""sensorVoltage"":[0.116349317,0.003950777,0.004935444,-0.002577684,-0.009194588,-0.011307126,-0.019076522,-0.024917906],""sensorGain"":[32,64,64,64,64,64,64,64],""sensorStatus"":[0,0,0,0,0,0,0,0],""featureOrder"":[""MQ8"",""MQ135"",""MQ3"",""MQ5"",""MQ4"",""MQ7"",""MQ6"",""MQ2""]},""alarmLatched"":false}"
2026-08-04 11:13:42.850 +07:00,381.730,HOT_SWEEP_70,70,700,300,1,0,0.11565268,0.003978267,0.004931959,-0.002602284,-0.00942199,-0.011596655,-0.019448871,-0.025358107,"{""deviceId"":""1001"",""nodeId"":4097,""targetChId"":""0010"",""mode"":""inference"",""uptimeMs"":6759181,""debugEnabled"":true,""power"":{""mode"":""24v"",""externalPower"":true,""batteryMv"":65535,""batteryValid"":false,""batteryDetected"":false,""batterySenseStatus"":""not_detected"",""batteryLow"":false,""batteryCritical"":false,""sourceAmbiguous"":false,""serviceHoldActive"":false,""serviceHoldEffective"":false},""batterySession"":{""state"":""inactive"",""startedMs"":0,""stateStartedMs"":0,""validSampleBatches"":0,""requiredSampleBatches"":10,""alarmTxAttempts"":0,""alarmTxAttemptLimit"":3,""alarmAckReceived"":false,""pendingAlarm"":false,""pendingSaveRequired"":false,""persistenceFaultHold"":false,""completionReason"":""session_done""},""bootHealth"":{""adsReady"":true,""adsDrdyLevel"":0,""adsDrdyPulldownLevel"":0,""adsDrdyPullupLevel"":0,""adsMisoPulldownLevel"":0,""adsMisoPullupLevel"":1,""adsCsLevel"":1,""adsSyncLevel"":1,""adsStatus"":54,""adsMux"":15,""adsAdcon"":6,""adsDrate"":240,""adsReason"":""ok"",""tcaOk"":true,""mcpOkCount"":8,""mcpOk"":[true,true,true,true,true,true,true,true],""mcpAddrMask"":[1,1,1,1,1,1,1,1],""mcpControlTested"":true,""mcpControlOkCount"":8,""mcpControlOk"":[true,true,true,true,true,true,true,true],""dacReady"":true,""radioReady"":true,""mlReady"":true,""nullingProfileApplied"":true,""modelProfileReady"":false},""runtimeMcpCode"":[255,519,795,706,799,865,665,139],""model"":{""profileId"":""cnn-dualbranch-datasheet-v1-unbound"",""scalerProfileId"":""cnn-dualbranch-datasheet-v1-unbound"",""productionApproved"":true,""boundNullingProfileId"":8,""activeNullingProfileId"":9,""bindingValid"":true,""bindingModelMatches"":true,""profileReady"":false,""inferenceValid"":false,""sensorFault"":true},""lora"":{""beginState"":0,""lastTxState"":0,""lastTxOk"":false,""txSeq"":0,""txCounter"":0,""aesKeyProvisioned"":true,""aesKeyPresent"":true,""aesKeySource"":""nvs"",""keyId"":1,""lastDownlinkCommandId"":0,""freqMHz"":920,""bwKHz"":125,""sf"":7,""cr"":5,""syncWord"":18,""txPowerDbm"":17,""preamble"":8,""tcxoVoltage"":1.600000024,""xtalVoltage"":0},""dataset"":{""state"":""idle"",""step"":""idle"",""label"":"""",""seq"":0,""targetSamples"":0,""sampleIntervalMs"":500,""maxDurationMs"":0,""useFanIntake"":true,""fanOnMs"":1000,""postFanSettleMs"":0,""nullingProfileId"":9,""queuePending"":0,""queueCapacity"":16,""queueEnqueued"":0,""queueDropped"":0,""publishFailCount"":0,""retryCount"":0,""retryFailCount"":0,""rejectedSamples"":0,""lastRejectReason"":""none"",""lastRejectChannel"":-1,""lastRejectOkFiniteCount"":0,""lastRejectStatus"":255,""lastRejectGain"":0,""lastRejectSaturated"":false},""recovery"":{""wifiReconnectCount"":0,""wifiReconnectFailCount"":0,""mqttReconnectCount"":0,""mqttConnectFailCount"":0,""lastMqttState"":0,""adsRecoveryCount"":0,""adsRecoveryFailCount"":0,""adsReadFailStreak"":0,""lastReason"":""none"",""lastRecoveryMs"":0,""bootRecoveryArmed"":false,""bootRecoveryDueMs"":0,""bootRecoveryReason"":""none"",""bootRecoveryNonAdsFailure"":false,""bootRecoveryRestartCount"":0},""nulling"":{""done"":false,""retryArmed"":false,""attemptCount"":0,""nextRetryMs"":0,""thresholdV"":9.999999747E-06,""minFinalV"":0},""telemetry"":{""valid"":true,""sampleMs"":6758778,""gasClass"":6,""gasName"":""CO2"",""confidence"":0,""alarm"":false,""sensorVoltage"":[0.11565268,0.003978267,0.004931959,-0.002602284,-0.00942199,-0.011596655,-0.019448871,-0.025358107],""sensorGain"":[32,64,64,64,64,64,64,64],""sensorStatus"":[0,0,0,0,0,0,0,0],""featureOrder"":[""MQ8"",""MQ135"",""MQ3"",""MQ5"",""MQ4"",""MQ7"",""MQ6"",""MQ2""]},""alarmLatched"":false}"
2026-08-04 11:13:43.528 +07:00,382.409,HOT_SWEEP_70,70,700,300,1,0,0.115238562,0.003987324,0.004898736,-0.00259576,-0.009442269,-0.011591425,-0.019455537,-0.025429312,"{""deviceId"":""1001"",""nodeId"":4097,""targetChId"":""0010"",""mode"":""inference"",""uptimeMs"":6759863,""debugEnabled"":true,""power"":{""mode"":""24v"",""externalPower"":true,""batteryMv"":65535,""batteryValid"":false,""batteryDetected"":false,""batterySenseStatus"":""not_detected"",""batteryLow"":false,""batteryCritical"":false,""sourceAmbiguous"":false,""serviceHoldActive"":false,""serviceHoldEffective"":false},""batterySession"":{""state"":""inactive"",""startedMs"":0,""stateStartedMs"":0,""validSampleBatches"":0,""requiredSampleBatches"":10,""alarmTxAttempts"":0,""alarmTxAttemptLimit"":3,""alarmAckReceived"":false,""pendingAlarm"":false,""pendingSaveRequired"":false,""persistenceFaultHold"":false,""completionReason"":""session_done""},""bootHealth"":{""adsReady"":true,""adsDrdyLevel"":0,""adsDrdyPulldownLevel"":0,""adsDrdyPullupLevel"":0,""adsMisoPulldownLevel"":0,""adsMisoPullupLevel"":1,""adsCsLevel"":1,""adsSyncLevel"":1,""adsStatus"":54,""adsMux"":15,""adsAdcon"":6,""adsDrate"":240,""adsReason"":""ok"",""tcaOk"":true,""mcpOkCount"":8,""mcpOk"":[true,true,true,true,true,true,true,true],""mcpAddrMask"":[1,1,1,1,1,1,1,1],""mcpControlTested"":true,""mcpControlOkCount"":8,""mcpControlOk"":[true,true,true,true,true,true,true,true],""dacReady"":true,""radioReady"":true,""mlReady"":true,""nullingProfileApplied"":true,""modelProfileReady"":false},""runtimeMcpCode"":[255,519,795,706,799,865,665,139],""model"":{""profileId"":""cnn-dualbranch-datasheet-v1-unbound"",""scalerProfileId"":""cnn-dualbranch-datasheet-v1-unbound"",""productionApproved"":true,""boundNullingProfileId"":8,""activeNullingProfileId"":9,""bindingValid"":true,""bindingModelMatches"":true,""profileReady"":false,""inferenceValid"":false,""sensorFault"":true},""lora"":{""beginState"":0,""lastTxState"":0,""lastTxOk"":false,""txSeq"":0,""txCounter"":0,""aesKeyProvisioned"":true,""aesKeyPresent"":true,""aesKeySource"":""nvs"",""keyId"":1,""lastDownlinkCommandId"":0,""freqMHz"":920,""bwKHz"":125,""sf"":7,""cr"":5,""syncWord"":18,""txPowerDbm"":17,""preamble"":8,""tcxoVoltage"":1.600000024,""xtalVoltage"":0},""dataset"":{""state"":""idle"",""step"":""idle"",""label"":"""",""seq"":0,""targetSamples"":0,""sampleIntervalMs"":500,""maxDurationMs"":0,""useFanIntake"":true,""fanOnMs"":1000,""postFanSettleMs"":0,""nullingProfileId"":9,""queuePending"":0,""queueCapacity"":16,""queueEnqueued"":0,""queueDropped"":0,""publishFailCount"":0,""retryCount"":0,""retryFailCount"":0,""rejectedSamples"":0,""lastRejectReason"":""none"",""lastRejectChannel"":-1,""lastRejectOkFiniteCount"":0,""lastRejectStatus"":255,""lastRejectGain"":0,""lastRejectSaturated"":false},""recovery"":{""wifiReconnectCount"":0,""wifiReconnectFailCount"":0,""mqttReconnectCount"":0,""mqttConnectFailCount"":0,""lastMqttState"":0,""adsRecoveryCount"":0,""adsRecoveryFailCount"":0,""adsReadFailStreak"":0,""lastReason"":""none"",""lastRecoveryMs"":0,""bootRecoveryArmed"":false,""bootRecoveryDueMs"":0,""bootRecoveryReason"":""none"",""bootRecoveryNonAdsFailure"":false,""bootRecoveryRestartCount"":0},""nulling"":{""done"":false,""retryArmed"":false,""attemptCount"":0,""nextRetryMs"":0,""thresholdV"":9.999999747E-06,""minFinalV"":0},""telemetry"":{""valid"":true,""sampleMs"":6759459,""gasClass"":6,""gasName"":""CO2"",""confidence"":0,""alarm"":false,""sensorVoltage"":[0.115238562,0.003987324,0.004898736,-0.00259576,-0.009442269,-0.011591425,-0.019455537,-0.025429312],""sensorGain"":[32,64,64,64,64,64,64,64],""sensorStatus"":[0,0,0,0,0,0,0,0],""featureOrder"":[""MQ8"",""MQ135"",""MQ3"",""MQ5"",""MQ4"",""MQ7"",""MQ6"",""MQ2""]},""alarmLatched"":false}"
2026-08-04 11:13:44.214 +07:00,383.095,HOT_SWEEP_70,70,700,300,1,0,0.116359033,0.003987473,0.004854999,-0.002622504,-0.009211773,-0.011591392,-0.019440461,-0.025401661,"{""deviceId"":""1001"",""nodeId"":4097,""targetChId"":""0010"",""mode"":""inference"",""uptimeMs"":6760547,""debugEnabled"":true,""power"":{""mode"":""24v"",""externalPower"":true,""batteryMv"":65535,""batteryValid"":false,""batteryDetected"":false,""batterySenseStatus"":""not_detected"",""batteryLow"":false,""batteryCritical"":false,""sourceAmbiguous"":false,""serviceHoldActive"":false,""serviceHoldEffective"":false},""batterySession"":{""state"":""inactive"",""startedMs"":0,""stateStartedMs"":0,""validSampleBatches"":0,""requiredSampleBatches"":10,""alarmTxAttempts"":0,""alarmTxAttemptLimit"":3,""alarmAckReceived"":false,""pendingAlarm"":false,""pendingSaveRequired"":false,""persistenceFaultHold"":false,""completionReason"":""session_done""},""bootHealth"":{""adsReady"":true,""adsDrdyLevel"":0,""adsDrdyPulldownLevel"":0,""adsDrdyPullupLevel"":0,""adsMisoPulldownLevel"":0,""adsMisoPullupLevel"":1,""adsCsLevel"":1,""adsSyncLevel"":1,""adsStatus"":54,""adsMux"":15,""adsAdcon"":6,""adsDrate"":240,""adsReason"":""ok"",""tcaOk"":true,""mcpOkCount"":8,""mcpOk"":[true,true,true,true,true,true,true,true],""mcpAddrMask"":[1,1,1,1,1,1,1,1],""mcpControlTested"":true,""mcpControlOkCount"":8,""mcpControlOk"":[true,true,true,true,true,true,true,true],""dacReady"":true,""radioReady"":true,""mlReady"":true,""nullingProfileApplied"":true,""modelProfileReady"":false},""runtimeMcpCode"":[255,519,795,706,799,865,665,139],""model"":{""profileId"":""cnn-dualbranch-datasheet-v1-unbound"",""scalerProfileId"":""cnn-dualbranch-datasheet-v1-unbound"",""productionApproved"":true,""boundNullingProfileId"":8,""activeNullingProfileId"":9,""bindingValid"":true,""bindingModelMatches"":true,""profileReady"":false,""inferenceValid"":false,""sensorFault"":true},""lora"":{""beginState"":0,""lastTxState"":0,""lastTxOk"":false,""txSeq"":0,""txCounter"":0,""aesKeyProvisioned"":true,""aesKeyPresent"":true,""aesKeySource"":""nvs"",""keyId"":1,""lastDownlinkCommandId"":0,""freqMHz"":920,""bwKHz"":125,""sf"":7,""cr"":5,""syncWord"":18,""txPowerDbm"":17,""preamble"":8,""tcxoVoltage"":1.600000024,""xtalVoltage"":0},""dataset"":{""state"":""idle"",""step"":""idle"",""label"":"""",""seq"":0,""targetSamples"":0,""sampleIntervalMs"":500,""maxDurationMs"":0,""useFanIntake"":true,""fanOnMs"":1000,""postFanSettleMs"":0,""nullingProfileId"":9,""queuePending"":0,""queueCapacity"":16,""queueEnqueued"":0,""queueDropped"":0,""publishFailCount"":0,""retryCount"":0,""retryFailCount"":0,""rejectedSamples"":0,""lastRejectReason"":""none"",""lastRejectChannel"":-1,""lastRejectOkFiniteCount"":0,""lastRejectStatus"":255,""lastRejectGain"":0,""lastRejectSaturated"":false},""recovery"":{""wifiReconnectCount"":0,""wifiReconnectFailCount"":0,""mqttReconnectCount"":0,""mqttConnectFailCount"":0,""lastMqttState"":0,""adsRecoveryCount"":0,""adsRecoveryFailCount"":0,""adsReadFailStreak"":0,""lastReason"":""none"",""lastRecoveryMs"":0,""bootRecoveryArmed"":false,""bootRecoveryDueMs"":0,""bootRecoveryReason"":""none"",""bootRecoveryNonAdsFailure"":false,""bootRecoveryRestartCount"":0},""nulling"":{""done"":false,""retryArmed"":false,""attemptCount"":0,""nextRetryMs"":0,""thresholdV"":9.999999747E-06,""minFinalV"":0},""telemetry"":{""valid"":true,""sampleMs"":6760178,""gasClass"":6,""gasName"":""CO2"",""confidence"":0,""alarm"":false,""sensorVoltage"":[0.116359033,0.003987473,0.004854999,-0.002622504,-0.009211773,-0.011591392,-0.019440461,-0.025401661],""sensorGain"":[32,64,64,64,64,64,64,64],""sensorStatus"":[0,0,0,0,0,0,0,0],""featureOrder"":[""MQ8"",""MQ135"",""MQ3"",""MQ5"",""MQ4"",""MQ7"",""MQ6"",""MQ2""]},""alarmLatched"":false}"
2026-08-04 11:13:44.903 +07:00,383.782,HOT_SWEEP_70,70,700,300,1,0,0.115554765,0.00401976,0.004901045,-0.002668878,-0.009412339,-0.011873787,-0.019790549,-0.025792029,"{""deviceId"":""1001"",""nodeId"":4097,""targetChId"":""0010"",""mode"":""inference"",""uptimeMs"":6761232,""debugEnabled"":true,""power"":{""mode"":""24v"",""externalPower"":true,""batteryMv"":65535,""batteryValid"":false,""batteryDetected"":false,""batterySenseStatus"":""not_detected"",""batteryLow"":false,""batteryCritical"":false,""sourceAmbiguous"":false,""serviceHoldActive"":false,""serviceHoldEffective"":false},""batterySession"":{""state"":""inactive"",""startedMs"":0,""stateStartedMs"":0,""validSampleBatches"":0,""requiredSampleBatches"":10,""alarmTxAttempts"":0,""alarmTxAttemptLimit"":3,""alarmAckReceived"":false,""pendingAlarm"":false,""pendingSaveRequired"":false,""persistenceFaultHold"":false,""completionReason"":""session_done""},""bootHealth"":{""adsReady"":true,""adsDrdyLevel"":0,""adsDrdyPulldownLevel"":0,""adsDrdyPullupLevel"":0,""adsMisoPulldownLevel"":0,""adsMisoPullupLevel"":1,""adsCsLevel"":1,""adsSyncLevel"":1,""adsStatus"":54,""adsMux"":15,""adsAdcon"":6,""adsDrate"":240,""adsReason"":""ok"",""tcaOk"":true,""mcpOkCount"":8,""mcpOk"":[true,true,true,true,true,true,true,true],""mcpAddrMask"":[1,1,1,1,1,1,1,1],""mcpControlTested"":true,""mcpControlOkCount"":8,""mcpControlOk"":[true,true,true,true,true,true,true,true],""dacReady"":true,""radioReady"":true,""mlReady"":true,""nullingProfileApplied"":true,""modelProfileReady"":false},""runtimeMcpCode"":[255,519,795,706,799,865,665,139],""model"":{""profileId"":""cnn-dualbranch-datasheet-v1-unbound"",""scalerProfileId"":""cnn-dualbranch-datasheet-v1-unbound"",""productionApproved"":true,""boundNullingProfileId"":8,""activeNullingProfileId"":9,""bindingValid"":true,""bindingModelMatches"":true,""profileReady"":false,""inferenceValid"":false,""sensorFault"":true},""lora"":{""beginState"":0,""lastTxState"":0,""lastTxOk"":false,""txSeq"":0,""txCounter"":0,""aesKeyProvisioned"":true,""aesKeyPresent"":true,""aesKeySource"":""nvs"",""keyId"":1,""lastDownlinkCommandId"":0,""freqMHz"":920,""bwKHz"":125,""sf"":7,""cr"":5,""syncWord"":18,""txPowerDbm"":17,""preamble"":8,""tcxoVoltage"":1.600000024,""xtalVoltage"":0},""dataset"":{""state"":""idle"",""step"":""idle"",""label"":"""",""seq"":0,""targetSamples"":0,""sampleIntervalMs"":500,""maxDurationMs"":0,""useFanIntake"":true,""fanOnMs"":1000,""postFanSettleMs"":0,""nullingProfileId"":9,""queuePending"":0,""queueCapacity"":16,""queueEnqueued"":0,""queueDropped"":0,""publishFailCount"":0,""retryCount"":0,""retryFailCount"":0,""rejectedSamples"":0,""lastRejectReason"":""none"",""lastRejectChannel"":-1,""lastRejectOkFiniteCount"":0,""lastRejectStatus"":255,""lastRejectGain"":0,""lastRejectSaturated"":false},""recovery"":{""wifiReconnectCount"":0,""wifiReconnectFailCount"":0,""mqttReconnectCount"":0,""mqttConnectFailCount"":0,""lastMqttState"":0,""adsRecoveryCount"":0,""adsRecoveryFailCount"":0,""adsReadFailStreak"":0,""lastReason"":""none"",""lastRecoveryMs"":0,""bootRecoveryArmed"":false,""bootRecoveryDueMs"":0,""bootRecoveryReason"":""none"",""bootRecoveryNonAdsFailure"":false,""bootRecoveryRestartCount"":0},""nulling"":{""done"":false,""retryArmed"":false,""attemptCount"":0,""nextRetryMs"":0,""thresholdV"":9.999999747E-06,""minFinalV"":0},""telemetry"":{""valid"":true,""sampleMs"":6760825,""gasClass"":6,""gasName"":""CO2"",""confidence"":0,""alarm"":false,""sensorVoltage"":[0.115554765,0.00401976,0.004901045,-0.002668878,-0.009412339,-0.011873787,-0.019790549,-0.025792029],""sensorGain"":[32,64,64,64,64,64,64,64],""sensorStatus"":[0,0,0,0,0,0,0,0],""featureOrder"":[""MQ8"",""MQ135"",""MQ3"",""MQ5"",""MQ4"",""MQ7"",""MQ6"",""MQ2""]},""alarmLatched"":false}"
2026-08-04 11:13:45.589 +07:00,384.468,HOT_SWEEP_70,70,700,300,1,0,0.114984848,0.00404964,0.004877694,-0.0026509,-0.009390742,-0.01189258,-0.019805204,-0.025778931,"{""deviceId"":""1001"",""nodeId"":4097,""targetChId"":""0010"",""mode"":""inference"",""uptimeMs"":6761921,""debugEnabled"":true,""power"":{""mode"":""24v"",""externalPower"":true,""batteryMv"":65535,""batteryValid"":false,""batteryDetected"":false,""batterySenseStatus"":""not_detected"",""batteryLow"":false,""batteryCritical"":false,""sourceAmbiguous"":false,""serviceHoldActive"":false,""serviceHoldEffective"":false},""batterySession"":{""state"":""inactive"",""startedMs"":0,""stateStartedMs"":0,""validSampleBatches"":0,""requiredSampleBatches"":10,""alarmTxAttempts"":0,""alarmTxAttemptLimit"":3,""alarmAckReceived"":false,""pendingAlarm"":false,""pendingSaveRequired"":false,""persistenceFaultHold"":false,""completionReason"":""session_done""},""bootHealth"":{""adsReady"":true,""adsDrdyLevel"":0,""adsDrdyPulldownLevel"":0,""adsDrdyPullupLevel"":0,""adsMisoPulldownLevel"":0,""adsMisoPullupLevel"":1,""adsCsLevel"":1,""adsSyncLevel"":1,""adsStatus"":54,""adsMux"":15,""adsAdcon"":6,""adsDrate"":240,""adsReason"":""ok"",""tcaOk"":true,""mcpOkCount"":8,""mcpOk"":[true,true,true,true,true,true,true,true],""mcpAddrMask"":[1,1,1,1,1,1,1,1],""mcpControlTested"":true,""mcpControlOkCount"":8,""mcpControlOk"":[true,true,true,true,true,true,true,true],""dacReady"":true,""radioReady"":true,""mlReady"":true,""nullingProfileApplied"":true,""modelProfileReady"":false},""runtimeMcpCode"":[255,519,795,706,799,865,665,139],""model"":{""profileId"":""cnn-dualbranch-datasheet-v1-unbound"",""scalerProfileId"":""cnn-dualbranch-datasheet-v1-unbound"",""productionApproved"":true,""boundNullingProfileId"":8,""activeNullingProfileId"":9,""bindingValid"":true,""bindingModelMatches"":true,""profileReady"":false,""inferenceValid"":false,""sensorFault"":true},""lora"":{""beginState"":0,""lastTxState"":0,""lastTxOk"":false,""txSeq"":0,""txCounter"":0,""aesKeyProvisioned"":true,""aesKeyPresent"":true,""aesKeySource"":""nvs"",""keyId"":1,""lastDownlinkCommandId"":0,""freqMHz"":920,""bwKHz"":125,""sf"":7,""cr"":5,""syncWord"":18,""txPowerDbm"":17,""preamble"":8,""tcxoVoltage"":1.600000024,""xtalVoltage"":0},""dataset"":{""state"":""idle"",""step"":""idle"",""label"":"""",""seq"":0,""targetSamples"":0,""sampleIntervalMs"":500,""maxDurationMs"":0,""useFanIntake"":true,""fanOnMs"":1000,""postFanSettleMs"":0,""nullingProfileId"":9,""queuePending"":0,""queueCapacity"":16,""queueEnqueued"":0,""queueDropped"":0,""publishFailCount"":0,""retryCount"":0,""retryFailCount"":0,""rejectedSamples"":0,""lastRejectReason"":""none"",""lastRejectChannel"":-1,""lastRejectOkFiniteCount"":0,""lastRejectStatus"":255,""lastRejectGain"":0,""lastRejectSaturated"":false},""recovery"":{""wifiReconnectCount"":0,""wifiReconnectFailCount"":0,""mqttReconnectCount"":0,""mqttConnectFailCount"":0,""lastMqttState"":0,""adsRecoveryCount"":0,""adsRecoveryFailCount"":0,""adsReadFailStreak"":0,""lastReason"":""none"",""lastRecoveryMs"":0,""bootRecoveryArmed"":false,""bootRecoveryDueMs"":0,""bootRecoveryReason"":""none"",""bootRecoveryNonAdsFailure"":false,""bootRecoveryRestartCount"":0},""nulling"":{""done"":false,""retryArmed"":false,""attemptCount"":0,""nextRetryMs"":0,""thresholdV"":9.999999747E-06,""minFinalV"":0},""telemetry"":{""valid"":true,""sampleMs"":6761510,""gasClass"":6,""gasName"":""CO2"",""confidence"":0,""alarm"":false,""sensorVoltage"":[0.114984848,0.00404964,0.004877694,-0.0026509,-0.009390742,-0.01189258,-0.019805204,-0.025778931],""sensorGain"":[32,64,64,64,64,64,64,64],""sensorStatus"":[0,0,0,0,0,0,0,0],""featureOrder"":[""MQ8"",""MQ135"",""MQ3"",""MQ5"",""MQ4"",""MQ7"",""MQ6"",""MQ2""]},""alarmLatched"":false}"
2026-08-04 11:13:46.293 +07:00,385.174,HOT_SWEEP_70,70,700,300,1,0,0.11607603,0.004032866,0.004873393,-0.002654699,-0.00939595,-0.011827425,-0.019826662,-0.025848204,"{""deviceId"":""1001"",""nodeId"":4097,""targetChId"":""0010"",""mode"":""inference"",""uptimeMs"":6762626,""debugEnabled"":true,""power"":{""mode"":""24v"",""externalPower"":true,""batteryMv"":65535,""batteryValid"":false,""batteryDetected"":false,""batterySenseStatus"":""not_detected"",""batteryLow"":false,""batteryCritical"":false,""sourceAmbiguous"":false,""serviceHoldActive"":false,""serviceHoldEffective"":false},""batterySession"":{""state"":""inactive"",""startedMs"":0,""stateStartedMs"":0,""validSampleBatches"":0,""requiredSampleBatches"":10,""alarmTxAttempts"":0,""alarmTxAttemptLimit"":3,""alarmAckReceived"":false,""pendingAlarm"":false,""pendingSaveRequired"":false,""persistenceFaultHold"":false,""completionReason"":""session_done""},""bootHealth"":{""adsReady"":true,""adsDrdyLevel"":0,""adsDrdyPulldownLevel"":0,""adsDrdyPullupLevel"":0,""adsMisoPulldownLevel"":0,""adsMisoPullupLevel"":1,""adsCsLevel"":1,""adsSyncLevel"":1,""adsStatus"":54,""adsMux"":15,""adsAdcon"":6,""adsDrate"":240,""adsReason"":""ok"",""tcaOk"":true,""mcpOkCount"":8,""mcpOk"":[true,true,true,true,true,true,true,true],""mcpAddrMask"":[1,1,1,1,1,1,1,1],""mcpControlTested"":true,""mcpControlOkCount"":8,""mcpControlOk"":[true,true,true,true,true,true,true,true],""dacReady"":true,""radioReady"":true,""mlReady"":true,""nullingProfileApplied"":true,""modelProfileReady"":false},""runtimeMcpCode"":[255,519,795,706,799,865,665,139],""model"":{""profileId"":""cnn-dualbranch-datasheet-v1-unbound"",""scalerProfileId"":""cnn-dualbranch-datasheet-v1-unbound"",""productionApproved"":true,""boundNullingProfileId"":8,""activeNullingProfileId"":9,""bindingValid"":true,""bindingModelMatches"":true,""profileReady"":false,""inferenceValid"":false,""sensorFault"":true},""lora"":{""beginState"":0,""lastTxState"":0,""lastTxOk"":false,""txSeq"":0,""txCounter"":0,""aesKeyProvisioned"":true,""aesKeyPresent"":true,""aesKeySource"":""nvs"",""keyId"":1,""lastDownlinkCommandId"":0,""freqMHz"":920,""bwKHz"":125,""sf"":7,""cr"":5,""syncWord"":18,""txPowerDbm"":17,""preamble"":8,""tcxoVoltage"":1.600000024,""xtalVoltage"":0},""dataset"":{""state"":""idle"",""step"":""idle"",""label"":"""",""seq"":0,""targetSamples"":0,""sampleIntervalMs"":500,""maxDurationMs"":0,""useFanIntake"":true,""fanOnMs"":1000,""postFanSettleMs"":0,""nullingProfileId"":9,""queuePending"":0,""queueCapacity"":16,""queueEnqueued"":0,""queueDropped"":0,""publishFailCount"":0,""retryCount"":0,""retryFailCount"":0,""rejectedSamples"":0,""lastRejectReason"":""none"",""lastRejectChannel"":-1,""lastRejectOkFiniteCount"":0,""lastRejectStatus"":255,""lastRejectGain"":0,""lastRejectSaturated"":false},""recovery"":{""wifiReconnectCount"":0,""wifiReconnectFailCount"":0,""mqttReconnectCount"":0,""mqttConnectFailCount"":0,""lastMqttState"":0,""adsRecoveryCount"":0,""adsRecoveryFailCount"":0,""adsReadFailStreak"":0,""lastReason"":""none"",""lastRecoveryMs"":0,""bootRecoveryArmed"":false,""bootRecoveryDueMs"":0,""bootRecoveryReason"":""none"",""bootRecoveryNonAdsFailure"":false,""bootRecoveryRestartCount"":0},""nulling"":{""done"":false,""retryArmed"":false,""attemptCount"":0,""nextRetryMs"":0,""thresholdV"":9.999999747E-06,""minFinalV"":0},""telemetry"":{""valid"":true,""sampleMs"":6762231,""gasClass"":6,""gasName"":""CO2"",""confidence"":0,""alarm"":false,""sensorVoltage"":[0.11607603,0.004032866,0.004873393,-0.002654699,-0.00939595,-0.011827425,-0.019826662,-0.025848204],""sensorGain"":[32,64,64,64,64,64,64,64],""sensorStatus"":[0,0,0,0,0,0,0,0],""featureOrder"":[""MQ8"",""MQ135"",""MQ3"",""MQ5"",""MQ4"",""MQ7"",""MQ6"",""MQ2""]},""alarmLatched"":false}"
2026-08-04 11:13:46.982 +07:00,385.863,HOT_SWEEP_70,70,700,300,1,0,0.11549972,0.004084364,0.004875808,-0.002713159,-0.009384806,-0.011853752,-0.019752141,-0.025822738,"{""deviceId"":""1001"",""nodeId"":4097,""targetChId"":""0010"",""mode"":""inference"",""uptimeMs"":6763315,""debugEnabled"":true,""power"":{""mode"":""24v"",""externalPower"":true,""batteryMv"":65535,""batteryValid"":false,""batteryDetected"":false,""batterySenseStatus"":""not_detected"",""batteryLow"":false,""batteryCritical"":false,""sourceAmbiguous"":false,""serviceHoldActive"":false,""serviceHoldEffective"":false},""batterySession"":{""state"":""inactive"",""startedMs"":0,""stateStartedMs"":0,""validSampleBatches"":0,""requiredSampleBatches"":10,""alarmTxAttempts"":0,""alarmTxAttemptLimit"":3,""alarmAckReceived"":false,""pendingAlarm"":false,""pendingSaveRequired"":false,""persistenceFaultHold"":false,""completionReason"":""session_done""},""bootHealth"":{""adsReady"":true,""adsDrdyLevel"":0,""adsDrdyPulldownLevel"":0,""adsDrdyPullupLevel"":0,""adsMisoPulldownLevel"":0,""adsMisoPullupLevel"":1,""adsCsLevel"":1,""adsSyncLevel"":1,""adsStatus"":54,""adsMux"":15,""adsAdcon"":6,""adsDrate"":240,""adsReason"":""ok"",""tcaOk"":true,""mcpOkCount"":8,""mcpOk"":[true,true,true,true,true,true,true,true],""mcpAddrMask"":[1,1,1,1,1,1,1,1],""mcpControlTested"":true,""mcpControlOkCount"":8,""mcpControlOk"":[true,true,true,true,true,true,true,true],""dacReady"":true,""radioReady"":true,""mlReady"":true,""nullingProfileApplied"":true,""modelProfileReady"":false},""runtimeMcpCode"":[255,519,795,706,799,865,665,139],""model"":{""profileId"":""cnn-dualbranch-datasheet-v1-unbound"",""scalerProfileId"":""cnn-dualbranch-datasheet-v1-unbound"",""productionApproved"":true,""boundNullingProfileId"":8,""activeNullingProfileId"":9,""bindingValid"":true,""bindingModelMatches"":true,""profileReady"":false,""inferenceValid"":false,""sensorFault"":true},""lora"":{""beginState"":0,""lastTxState"":0,""lastTxOk"":false,""txSeq"":0,""txCounter"":0,""aesKeyProvisioned"":true,""aesKeyPresent"":true,""aesKeySource"":""nvs"",""keyId"":1,""lastDownlinkCommandId"":0,""freqMHz"":920,""bwKHz"":125,""sf"":7,""cr"":5,""syncWord"":18,""txPowerDbm"":17,""preamble"":8,""tcxoVoltage"":1.600000024,""xtalVoltage"":0},""dataset"":{""state"":""idle"",""step"":""idle"",""label"":"""",""seq"":0,""targetSamples"":0,""sampleIntervalMs"":500,""maxDurationMs"":0,""useFanIntake"":true,""fanOnMs"":1000,""postFanSettleMs"":0,""nullingProfileId"":9,""queuePending"":0,""queueCapacity"":16,""queueEnqueued"":0,""queueDropped"":0,""publishFailCount"":0,""retryCount"":0,""retryFailCount"":0,""rejectedSamples"":0,""lastRejectReason"":""none"",""lastRejectChannel"":-1,""lastRejectOkFiniteCount"":0,""lastRejectStatus"":255,""lastRejectGain"":0,""lastRejectSaturated"":false},""recovery"":{""wifiReconnectCount"":0,""wifiReconnectFailCount"":0,""mqttReconnectCount"":0,""mqttConnectFailCount"":0,""lastMqttState"":0,""adsRecoveryCount"":0,""adsRecoveryFailCount"":0,""adsReadFailStreak"":0,""lastReason"":""none"",""lastRecoveryMs"":0,""bootRecoveryArmed"":false,""bootRecoveryDueMs"":0,""bootRecoveryReason"":""none"",""bootRecoveryNonAdsFailure"":false,""bootRecoveryRestartCount"":0},""nulling"":{""done"":false,""retryArmed"":false,""attemptCount"":0,""nextRetryMs"":0,""thresholdV"":9.999999747E-06,""minFinalV"":0},""telemetry"":{""valid"":true,""sampleMs"":6762904,""gasClass"":6,""gasName"":""CO2"",""confidence"":0,""alarm"":false,""sensorVoltage"":[0.11549972,0.004084364,0.004875808,-0.002713159,-0.009384806,-0.011853752,-0.019752141,-0.025822738],""sensorGain"":[32,64,64,64,64,64,64,64],""sensorStatus"":[0,0,0,0,0,0,0,0],""featureOrder"":[""MQ8"",""MQ135"",""MQ3"",""MQ5"",""MQ4"",""MQ7"",""MQ6"",""MQ2""]},""alarmLatched"":false}"
2026-08-04 11:13:47.674 +07:00,386.540,HOT_SWEEP_70,70,700,300,1,0,0.115072921,0.004096718,0.004845676,-0.002701325,-0.009371276,-0.011800678,-0.019814188,-0.025781438,"{""deviceId"":""1001"",""nodeId"":4097,""targetChId"":""0010"",""mode"":""inference"",""uptimeMs"":6764005,""debugEnabled"":true,""power"":{""mode"":""24v"",""externalPower"":true,""batteryMv"":65535,""batteryValid"":false,""batteryDetected"":false,""batterySenseStatus"":""not_detected"",""batteryLow"":false,""batteryCritical"":false,""sourceAmbiguous"":false,""serviceHoldActive"":false,""serviceHoldEffective"":false},""batterySession"":{""state"":""inactive"",""startedMs"":0,""stateStartedMs"":0,""validSampleBatches"":0,""requiredSampleBatches"":10,""alarmTxAttempts"":0,""alarmTxAttemptLimit"":3,""alarmAckReceived"":false,""pendingAlarm"":false,""pendingSaveRequired"":false,""persistenceFaultHold"":false,""completionReason"":""session_done""},""bootHealth"":{""adsReady"":true,""adsDrdyLevel"":0,""adsDrdyPulldownLevel"":0,""adsDrdyPullupLevel"":0,""adsMisoPulldownLevel"":0,""adsMisoPullupLevel"":1,""adsCsLevel"":1,""adsSyncLevel"":1,""adsStatus"":54,""adsMux"":15,""adsAdcon"":6,""adsDrate"":240,""adsReason"":""ok"",""tcaOk"":true,""mcpOkCount"":8,""mcpOk"":[true,true,true,true,true,true,true,true],""mcpAddrMask"":[1,1,1,1,1,1,1,1],""mcpControlTested"":true,""mcpControlOkCount"":8,""mcpControlOk"":[true,true,true,true,true,true,true,true],""dacReady"":true,""radioReady"":true,""mlReady"":true,""nullingProfileApplied"":true,""modelProfileReady"":false},""runtimeMcpCode"":[255,519,795,706,799,865,665,139],""model"":{""profileId"":""cnn-dualbranch-datasheet-v1-unbound"",""scalerProfileId"":""cnn-dualbranch-datasheet-v1-unbound"",""productionApproved"":true,""boundNullingProfileId"":8,""activeNullingProfileId"":9,""bindingValid"":true,""bindingModelMatches"":true,""profileReady"":false,""inferenceValid"":false,""sensorFault"":true},""lora"":{""beginState"":0,""lastTxState"":0,""lastTxOk"":false,""txSeq"":0,""txCounter"":0,""aesKeyProvisioned"":true,""aesKeyPresent"":true,""aesKeySource"":""nvs"",""keyId"":1,""lastDownlinkCommandId"":0,""freqMHz"":920,""bwKHz"":125,""sf"":7,""cr"":5,""syncWord"":18,""txPowerDbm"":17,""preamble"":8,""tcxoVoltage"":1.600000024,""xtalVoltage"":0},""dataset"":{""state"":""idle"",""step"":""idle"",""label"":"""",""seq"":0,""targetSamples"":0,""sampleIntervalMs"":500,""maxDurationMs"":0,""useFanIntake"":true,""fanOnMs"":1000,""postFanSettleMs"":0,""nullingProfileId"":9,""queuePending"":0,""queueCapacity"":16,""queueEnqueued"":0,""queueDropped"":0,""publishFailCount"":0,""retryCount"":0,""retryFailCount"":0,""rejectedSamples"":0,""lastRejectReason"":""none"",""lastRejectChannel"":-1,""lastRejectOkFiniteCount"":0,""lastRejectStatus"":255,""lastRejectGain"":0,""lastRejectSaturated"":false},""recovery"":{""wifiReconnectCount"":0,""wifiReconnectFailCount"":0,""mqttReconnectCount"":0,""mqttConnectFailCount"":0,""lastMqttState"":0,""adsRecoveryCount"":0,""adsRecoveryFailCount"":0,""adsReadFailStreak"":0,""lastReason"":""none"",""lastRecoveryMs"":0,""bootRecoveryArmed"":false,""bootRecoveryDueMs"":0,""bootRecoveryReason"":""none"",""bootRecoveryNonAdsFailure"":false,""bootRecoveryRestartCount"":0},""nulling"":{""done"":false,""retryArmed"":false,""attemptCount"":0,""nextRetryMs"":0,""thresholdV"":9.999999747E-06,""minFinalV"":0},""telemetry"":{""valid"":true,""sampleMs"":6763593,""gasClass"":6,""gasName"":""CO2"",""confidence"":0,""alarm"":false,""sensorVoltage"":[0.115072921,0.004096718,0.004845676,-0.002701325,-0.009371276,-0.011800678,-0.019814188,-0.025781438],""sensorGain"":[32,64,64,64,64,64,64,64],""sensorStatus"":[0,0,0,0,0,0,0,0],""featureOrder"":[""MQ8"",""MQ135"",""MQ3"",""MQ5"",""MQ4"",""MQ7"",""MQ6"",""MQ2""]},""alarmLatched"":false}"
2026-08-04 11:13:48.376 +07:00,387.255,HOT_SWEEP_70,70,700,300,1,0,0.11548917,0.004090214,0.004852178,-0.002686109,-0.009346349,-0.011842117,-0.019759903,-0.025774334,"{""deviceId"":""1001"",""nodeId"":4097,""targetChId"":""0010"",""mode"":""inference"",""uptimeMs"":6764706,""debugEnabled"":true,""power"":{""mode"":""24v"",""externalPower"":true,""batteryMv"":65535,""batteryValid"":false,""batteryDetected"":false,""batterySenseStatus"":""not_detected"",""batteryLow"":false,""batteryCritical"":false,""sourceAmbiguous"":false,""serviceHoldActive"":false,""serviceHoldEffective"":false},""batterySession"":{""state"":""inactive"",""startedMs"":0,""stateStartedMs"":0,""validSampleBatches"":0,""requiredSampleBatches"":10,""alarmTxAttempts"":0,""alarmTxAttemptLimit"":3,""alarmAckReceived"":false,""pendingAlarm"":false,""pendingSaveRequired"":false,""persistenceFaultHold"":false,""completionReason"":""session_done""},""bootHealth"":{""adsReady"":true,""adsDrdyLevel"":0,""adsDrdyPulldownLevel"":0,""adsDrdyPullupLevel"":0,""adsMisoPulldownLevel"":0,""adsMisoPullupLevel"":1,""adsCsLevel"":1,""adsSyncLevel"":1,""adsStatus"":54,""adsMux"":15,""adsAdcon"":6,""adsDrate"":240,""adsReason"":""ok"",""tcaOk"":true,""mcpOkCount"":8,""mcpOk"":[true,true,true,true,true,true,true,true],""mcpAddrMask"":[1,1,1,1,1,1,1,1],""mcpControlTested"":true,""mcpControlOkCount"":8,""mcpControlOk"":[true,true,true,true,true,true,true,true],""dacReady"":true,""radioReady"":true,""mlReady"":true,""nullingProfileApplied"":true,""modelProfileReady"":false},""runtimeMcpCode"":[255,519,795,706,799,865,665,139],""model"":{""profileId"":""cnn-dualbranch-datasheet-v1-unbound"",""scalerProfileId"":""cnn-dualbranch-datasheet-v1-unbound"",""productionApproved"":true,""boundNullingProfileId"":8,""activeNullingProfileId"":9,""bindingValid"":true,""bindingModelMatches"":true,""profileReady"":false,""inferenceValid"":false,""sensorFault"":true},""lora"":{""beginState"":0,""lastTxState"":0,""lastTxOk"":false,""txSeq"":0,""txCounter"":0,""aesKeyProvisioned"":true,""aesKeyPresent"":true,""aesKeySource"":""nvs"",""keyId"":1,""lastDownlinkCommandId"":0,""freqMHz"":920,""bwKHz"":125,""sf"":7,""cr"":5,""syncWord"":18,""txPowerDbm"":17,""preamble"":8,""tcxoVoltage"":1.600000024,""xtalVoltage"":0},""dataset"":{""state"":""idle"",""step"":""idle"",""label"":"""",""seq"":0,""targetSamples"":0,""sampleIntervalMs"":500,""maxDurationMs"":0,""useFanIntake"":true,""fanOnMs"":1000,""postFanSettleMs"":0,""nullingProfileId"":9,""queuePending"":0,""queueCapacity"":16,""queueEnqueued"":0,""queueDropped"":0,""publishFailCount"":0,""retryCount"":0,""retryFailCount"":0,""rejectedSamples"":0,""lastRejectReason"":""none"",""lastRejectChannel"":-1,""lastRejectOkFiniteCount"":0,""lastRejectStatus"":255,""lastRejectGain"":0,""lastRejectSaturated"":false},""recovery"":{""wifiReconnectCount"":0,""wifiReconnectFailCount"":0,""mqttReconnectCount"":0,""mqttConnectFailCount"":0,""lastMqttState"":0,""adsRecoveryCount"":0,""adsRecoveryFailCount"":0,""adsReadFailStreak"":0,""lastReason"":""none"",""lastRecoveryMs"":0,""bootRecoveryArmed"":false,""bootRecoveryDueMs"":0,""bootRecoveryReason"":""none"",""bootRecoveryNonAdsFailure"":false,""bootRecoveryRestartCount"":0},""nulling"":{""done"":false,""retryArmed"":false,""attemptCount"":0,""nextRetryMs"":0,""thresholdV"":9.999999747E-06,""minFinalV"":0},""telemetry"":{""valid"":true,""sampleMs"":6764315,""gasClass"":6,""gasName"":""CO2"",""confidence"":0,""alarm"":false,""sensorVoltage"":[0.11548917,0.004090214,0.004852178,-0.002686109,-0.009346349,-0.011842117,-0.019759903,-0.025774334],""sensorGain"":[32,64,64,64,64,64,64,64],""sensorStatus"":[0,0,0,0,0,0,0,0],""featureOrder"":[""MQ8"",""MQ135"",""MQ3"",""MQ5"",""MQ4"",""MQ7"",""MQ6"",""MQ2""]},""alarmLatched"":false}"
2026-08-04 11:13:49.048 +07:00,387.929,HOT_SWEEP_70,70,700,300,1,0,0.115567826,0.004026149,0.004838945,-0.002577038,-0.009378778,-0.011910223,-0.019856077,-0.025784006,"{""deviceId"":""1001"",""nodeId"":4097,""targetChId"":""0010"",""mode"":""inference"",""uptimeMs"":6765394,""debugEnabled"":true,""power"":{""mode"":""24v"",""externalPower"":true,""batteryMv"":65535,""batteryValid"":false,""batteryDetected"":false,""batterySenseStatus"":""not_detected"",""batteryLow"":false,""batteryCritical"":false,""sourceAmbiguous"":false,""serviceHoldActive"":false,""serviceHoldEffective"":false},""batterySession"":{""state"":""inactive"",""startedMs"":0,""stateStartedMs"":0,""validSampleBatches"":0,""requiredSampleBatches"":10,""alarmTxAttempts"":0,""alarmTxAttemptLimit"":3,""alarmAckReceived"":false,""pendingAlarm"":false,""pendingSaveRequired"":false,""persistenceFaultHold"":false,""completionReason"":""session_done""},""bootHealth"":{""adsReady"":true,""adsDrdyLevel"":0,""adsDrdyPulldownLevel"":0,""adsDrdyPullupLevel"":0,""adsMisoPulldownLevel"":0,""adsMisoPullupLevel"":1,""adsCsLevel"":1,""adsSyncLevel"":1,""adsStatus"":54,""adsMux"":15,""adsAdcon"":6,""adsDrate"":240,""adsReason"":""ok"",""tcaOk"":true,""mcpOkCount"":8,""mcpOk"":[true,true,true,true,true,true,true,true],""mcpAddrMask"":[1,1,1,1,1,1,1,1],""mcpControlTested"":true,""mcpControlOkCount"":8,""mcpControlOk"":[true,true,true,true,true,true,true,true],""dacReady"":true,""radioReady"":true,""mlReady"":true,""nullingProfileApplied"":true,""modelProfileReady"":false},""runtimeMcpCode"":[255,519,795,706,799,865,665,139],""model"":{""profileId"":""cnn-dualbranch-datasheet-v1-unbound"",""scalerProfileId"":""cnn-dualbranch-datasheet-v1-unbound"",""productionApproved"":true,""boundNullingProfileId"":8,""activeNullingProfileId"":9,""bindingValid"":true,""bindingModelMatches"":true,""profileReady"":false,""inferenceValid"":false,""sensorFault"":true},""lora"":{""beginState"":0,""lastTxState"":0,""lastTxOk"":false,""txSeq"":0,""txCounter"":0,""aesKeyProvisioned"":true,""aesKeyPresent"":true,""aesKeySource"":""nvs"",""keyId"":1,""lastDownlinkCommandId"":0,""freqMHz"":920,""bwKHz"":125,""sf"":7,""cr"":5,""syncWord"":18,""txPowerDbm"":17,""preamble"":8,""tcxoVoltage"":1.600000024,""xtalVoltage"":0},""dataset"":{""state"":""idle"",""step"":""idle"",""label"":"""",""seq"":0,""targetSamples"":0,""sampleIntervalMs"":500,""maxDurationMs"":0,""useFanIntake"":true,""fanOnMs"":1000,""postFanSettleMs"":0,""nullingProfileId"":9,""queuePending"":0,""queueCapacity"":16,""queueEnqueued"":0,""queueDropped"":0,""publishFailCount"":0,""retryCount"":0,""retryFailCount"":0,""rejectedSamples"":0,""lastRejectReason"":""none"",""lastRejectChannel"":-1,""lastRejectOkFiniteCount"":0,""lastRejectStatus"":255,""lastRejectGain"":0,""lastRejectSaturated"":false},""recovery"":{""wifiReconnectCount"":0,""wifiReconnectFailCount"":0,""mqttReconnectCount"":0,""mqttConnectFailCount"":0,""lastMqttState"":0,""adsRecoveryCount"":0,""adsRecoveryFailCount"":0,""adsReadFailStreak"":0,""lastReason"":""none"",""lastRecoveryMs"":0,""bootRecoveryArmed"":false,""bootRecoveryDueMs"":0,""bootRecoveryReason"":""none"",""bootRecoveryNonAdsFailure"":false,""bootRecoveryRestartCount"":0},""nulling"":{""done"":false,""retryArmed"":false,""attemptCount"":0,""nextRetryMs"":0,""thresholdV"":9.999999747E-06,""minFinalV"":0},""telemetry"":{""valid"":true,""sampleMs"":6764984,""gasClass"":6,""gasName"":""CO2"",""confidence"":0,""alarm"":false,""sensorVoltage"":[0.115567826,0.004026149,0.004838945,-0.002577038,-0.009378778,-0.011910223,-0.019856077,-0.025784006],""sensorGain"":[32,64,64,64,64,64,64,64],""sensorStatus"":[0,0,0,0,0,0,0,0],""featureOrder"":[""MQ8"",""MQ135"",""MQ3"",""MQ5"",""MQ4"",""MQ7"",""MQ6"",""MQ2""]},""alarmLatched"":false}"
2026-08-04 11:13:49.756 +07:00,388.633,HOT_SWEEP_70,70,700,300,1,0,0.115165569,0.004018405,0.004836507,-0.002592151,-0.009359782,-0.011899976,-0.0198457,-0.025747811,"{""deviceId"":""1001"",""nodeId"":4097,""targetChId"":""0010"",""mode"":""inference"",""uptimeMs"":6766086,""debugEnabled"":true,""power"":{""mode"":""24v"",""externalPower"":true,""batteryMv"":65535,""batteryValid"":false,""batteryDetected"":false,""batterySenseStatus"":""not_detected"",""batteryLow"":false,""batteryCritical"":false,""sourceAmbiguous"":false,""serviceHoldActive"":false,""serviceHoldEffective"":false},""batterySession"":{""state"":""inactive"",""startedMs"":0,""stateStartedMs"":0,""validSampleBatches"":0,""requiredSampleBatches"":10,""alarmTxAttempts"":0,""alarmTxAttemptLimit"":3,""alarmAckReceived"":false,""pendingAlarm"":false,""pendingSaveRequired"":false,""persistenceFaultHold"":false,""completionReason"":""session_done""},""bootHealth"":{""adsReady"":true,""adsDrdyLevel"":0,""adsDrdyPulldownLevel"":0,""adsDrdyPullupLevel"":0,""adsMisoPulldownLevel"":0,""adsMisoPullupLevel"":1,""adsCsLevel"":1,""adsSyncLevel"":1,""adsStatus"":54,""adsMux"":15,""adsAdcon"":6,""adsDrate"":240,""adsReason"":""ok"",""tcaOk"":true,""mcpOkCount"":8,""mcpOk"":[true,true,true,true,true,true,true,true],""mcpAddrMask"":[1,1,1,1,1,1,1,1],""mcpControlTested"":true,""mcpControlOkCount"":8,""mcpControlOk"":[true,true,true,true,true,true,true,true],""dacReady"":true,""radioReady"":true,""mlReady"":true,""nullingProfileApplied"":true,""modelProfileReady"":false},""runtimeMcpCode"":[255,519,795,706,799,865,665,139],""model"":{""profileId"":""cnn-dualbranch-datasheet-v1-unbound"",""scalerProfileId"":""cnn-dualbranch-datasheet-v1-unbound"",""productionApproved"":true,""boundNullingProfileId"":8,""activeNullingProfileId"":9,""bindingValid"":true,""bindingModelMatches"":true,""profileReady"":false,""inferenceValid"":false,""sensorFault"":true},""lora"":{""beginState"":0,""lastTxState"":0,""lastTxOk"":false,""txSeq"":0,""txCounter"":0,""aesKeyProvisioned"":true,""aesKeyPresent"":true,""aesKeySource"":""nvs"",""keyId"":1,""lastDownlinkCommandId"":0,""freqMHz"":920,""bwKHz"":125,""sf"":7,""cr"":5,""syncWord"":18,""txPowerDbm"":17,""preamble"":8,""tcxoVoltage"":1.600000024,""xtalVoltage"":0},""dataset"":{""state"":""idle"",""step"":""idle"",""label"":"""",""seq"":0,""targetSamples"":0,""sampleIntervalMs"":500,""maxDurationMs"":0,""useFanIntake"":true,""fanOnMs"":1000,""postFanSettleMs"":0,""nullingProfileId"":9,""queuePending"":0,""queueCapacity"":16,""queueEnqueued"":0,""queueDropped"":0,""publishFailCount"":0,""retryCount"":0,""retryFailCount"":0,""rejectedSamples"":0,""lastRejectReason"":""none"",""lastRejectChannel"":-1,""lastRejectOkFiniteCount"":0,""lastRejectStatus"":255,""lastRejectGain"":0,""lastRejectSaturated"":false},""recovery"":{""wifiReconnectCount"":0,""wifiReconnectFailCount"":0,""mqttReconnectCount"":0,""mqttConnectFailCount"":0,""lastMqttState"":0,""adsRecoveryCount"":0,""adsRecoveryFailCount"":0,""adsReadFailStreak"":0,""lastReason"":""none"",""lastRecoveryMs"":0,""bootRecoveryArmed"":false,""bootRecoveryDueMs"":0,""bootRecoveryReason"":""none"",""bootRecoveryNonAdsFailure"":false,""bootRecoveryRestartCount"":0},""nulling"":{""done"":false,""retryArmed"":false,""attemptCount"":0,""nextRetryMs"":0,""thresholdV"":9.999999747E-06,""minFinalV"":0},""telemetry"":{""valid"":true,""sampleMs"":6765672,""gasClass"":6,""gasName"":""CO2"",""confidence"":0,""alarm"":false,""sensorVoltage"":[0.115165569,0.004018405,0.004836507,-0.002592151,-0.009359782,-0.011899976,-0.0198457,-0.025747811],""sensorGain"":[32,64,64,64,64,64,64,64],""sensorStatus"":[0,0,0,0,0,0,0,0],""featureOrder"":[""MQ8"",""MQ135"",""MQ3"",""MQ5"",""MQ4"",""MQ7"",""MQ6"",""MQ2""]},""alarmLatched"":false}"
2026-08-04 11:13:50.439 +07:00,389.320,HOT_SWEEP_70,70,700,300,1,0,0.115237877,0.00403012,0.004840194,-0.002570168,-0.009332531,-0.011895682,-0.019831324,-0.025678072,"{""deviceId"":""1001"",""nodeId"":4097,""targetChId"":""0010"",""mode"":""inference"",""uptimeMs"":6766782,""debugEnabled"":true,""power"":{""mode"":""24v"",""externalPower"":true,""batteryMv"":65535,""batteryValid"":false,""batteryDetected"":false,""batterySenseStatus"":""not_detected"",""batteryLow"":false,""batteryCritical"":false,""sourceAmbiguous"":false,""serviceHoldActive"":false,""serviceHoldEffective"":false},""batterySession"":{""state"":""inactive"",""startedMs"":0,""stateStartedMs"":0,""validSampleBatches"":0,""requiredSampleBatches"":10,""alarmTxAttempts"":0,""alarmTxAttemptLimit"":3,""alarmAckReceived"":false,""pendingAlarm"":false,""pendingSaveRequired"":false,""persistenceFaultHold"":false,""completionReason"":""session_done""},""bootHealth"":{""adsReady"":true,""adsDrdyLevel"":0,""adsDrdyPulldownLevel"":0,""adsDrdyPullupLevel"":0,""adsMisoPulldownLevel"":0,""adsMisoPullupLevel"":1,""adsCsLevel"":1,""adsSyncLevel"":1,""adsStatus"":54,""adsMux"":15,""adsAdcon"":6,""adsDrate"":240,""adsReason"":""ok"",""tcaOk"":true,""mcpOkCount"":8,""mcpOk"":[true,true,true,true,true,true,true,true],""mcpAddrMask"":[1,1,1,1,1,1,1,1],""mcpControlTested"":true,""mcpControlOkCount"":8,""mcpControlOk"":[true,true,true,true,true,true,true,true],""dacReady"":true,""radioReady"":true,""mlReady"":true,""nullingProfileApplied"":true,""modelProfileReady"":false},""runtimeMcpCode"":[255,519,795,706,799,865,665,139],""model"":{""profileId"":""cnn-dualbranch-datasheet-v1-unbound"",""scalerProfileId"":""cnn-dualbranch-datasheet-v1-unbound"",""productionApproved"":true,""boundNullingProfileId"":8,""activeNullingProfileId"":9,""bindingValid"":true,""bindingModelMatches"":true,""profileReady"":false,""inferenceValid"":false,""sensorFault"":true},""lora"":{""beginState"":0,""lastTxState"":0,""lastTxOk"":false,""txSeq"":0,""txCounter"":0,""aesKeyProvisioned"":true,""aesKeyPresent"":true,""aesKeySource"":""nvs"",""keyId"":1,""lastDownlinkCommandId"":0,""freqMHz"":920,""bwKHz"":125,""sf"":7,""cr"":5,""syncWord"":18,""txPowerDbm"":17,""preamble"":8,""tcxoVoltage"":1.600000024,""xtalVoltage"":0},""dataset"":{""state"":""idle"",""step"":""idle"",""label"":"""",""seq"":0,""targetSamples"":0,""sampleIntervalMs"":500,""maxDurationMs"":0,""useFanIntake"":true,""fanOnMs"":1000,""postFanSettleMs"":0,""nullingProfileId"":9,""queuePending"":0,""queueCapacity"":16,""queueEnqueued"":0,""queueDropped"":0,""publishFailCount"":0,""retryCount"":0,""retryFailCount"":0,""rejectedSamples"":0,""lastRejectReason"":""none"",""lastRejectChannel"":-1,""lastRejectOkFiniteCount"":0,""lastRejectStatus"":255,""lastRejectGain"":0,""lastRejectSaturated"":false},""recovery"":{""wifiReconnectCount"":0,""wifiReconnectFailCount"":0,""mqttReconnectCount"":0,""mqttConnectFailCount"":0,""lastMqttState"":0,""adsRecoveryCount"":0,""adsRecoveryFailCount"":0,""adsReadFailStreak"":0,""lastReason"":""none"",""lastRecoveryMs"":0,""bootRecoveryArmed"":false,""bootRecoveryDueMs"":0,""bootRecoveryReason"":""none"",""bootRecoveryNonAdsFailure"":false,""bootRecoveryRestartCount"":0},""nulling"":{""done"":false,""retryArmed"":false,""attemptCount"":0,""nextRetryMs"":0,""thresholdV"":9.999999747E-06,""minFinalV"":0},""telemetry"":{""valid"":true,""sampleMs"":6766396,""gasClass"":6,""gasName"":""CO2"",""confidence"":0,""alarm"":false,""sensorVoltage"":[0.115237877,0.00403012,0.004840194,-0.002570168,-0.009332531,-0.011895682,-0.019831324,-0.025678072],""sensorGain"":[32,64,64,64,64,64,64,64],""sensorStatus"":[0,0,0,0,0,0,0,0],""featureOrder"":[""MQ8"",""MQ135"",""MQ3"",""MQ5"",""MQ4"",""MQ7"",""MQ6"",""MQ2""]},""alarmLatched"":false}"
2026-08-04 11:13:51.124 +07:00,390.005,HOT_SWEEP_70,70,700,300,1,0,0.115640007,0.003963713,0.004853257,-0.002496415,-0.009330406,-0.01161819,-0.019460693,-0.025253799,"{""deviceId"":""1001"",""nodeId"":4097,""targetChId"":""0010"",""mode"":""inference"",""uptimeMs"":6767462,""debugEnabled"":true,""power"":{""mode"":""24v"",""externalPower"":true,""batteryMv"":65535,""batteryValid"":false,""batteryDetected"":false,""batterySenseStatus"":""not_detected"",""batteryLow"":false,""batteryCritical"":false,""sourceAmbiguous"":false,""serviceHoldActive"":false,""serviceHoldEffective"":false},""batterySession"":{""state"":""inactive"",""startedMs"":0,""stateStartedMs"":0,""validSampleBatches"":0,""requiredSampleBatches"":10,""alarmTxAttempts"":0,""alarmTxAttemptLimit"":3,""alarmAckReceived"":false,""pendingAlarm"":false,""pendingSaveRequired"":false,""persistenceFaultHold"":false,""completionReason"":""session_done""},""bootHealth"":{""adsReady"":true,""adsDrdyLevel"":0,""adsDrdyPulldownLevel"":0,""adsDrdyPullupLevel"":0,""adsMisoPulldownLevel"":0,""adsMisoPullupLevel"":1,""adsCsLevel"":1,""adsSyncLevel"":1,""adsStatus"":54,""adsMux"":15,""adsAdcon"":6,""adsDrate"":240,""adsReason"":""ok"",""tcaOk"":true,""mcpOkCount"":8,""mcpOk"":[true,true,true,true,true,true,true,true],""mcpAddrMask"":[1,1,1,1,1,1,1,1],""mcpControlTested"":true,""mcpControlOkCount"":8,""mcpControlOk"":[true,true,true,true,true,true,true,true],""dacReady"":true,""radioReady"":true,""mlReady"":true,""nullingProfileApplied"":true,""modelProfileReady"":false},""runtimeMcpCode"":[255,519,795,706,799,865,665,139],""model"":{""profileId"":""cnn-dualbranch-datasheet-v1-unbound"",""scalerProfileId"":""cnn-dualbranch-datasheet-v1-unbound"",""productionApproved"":true,""boundNullingProfileId"":8,""activeNullingProfileId"":9,""bindingValid"":true,""bindingModelMatches"":true,""profileReady"":false,""inferenceValid"":false,""sensorFault"":true},""lora"":{""beginState"":0,""lastTxState"":0,""lastTxOk"":false,""txSeq"":0,""txCounter"":0,""aesKeyProvisioned"":true,""aesKeyPresent"":true,""aesKeySource"":""nvs"",""keyId"":1,""lastDownlinkCommandId"":0,""freqMHz"":920,""bwKHz"":125,""sf"":7,""cr"":5,""syncWord"":18,""txPowerDbm"":17,""preamble"":8,""tcxoVoltage"":1.600000024,""xtalVoltage"":0},""dataset"":{""state"":""idle"",""step"":""idle"",""label"":"""",""seq"":0,""targetSamples"":0,""sampleIntervalMs"":500,""maxDurationMs"":0,""useFanIntake"":true,""fanOnMs"":1000,""postFanSettleMs"":0,""nullingProfileId"":9,""queuePending"":0,""queueCapacity"":16,""queueEnqueued"":0,""queueDropped"":0,""publishFailCount"":0,""retryCount"":0,""retryFailCount"":0,""rejectedSamples"":0,""lastRejectReason"":""none"",""lastRejectChannel"":-1,""lastRejectOkFiniteCount"":0,""lastRejectStatus"":255,""lastRejectGain"":0,""lastRejectSaturated"":false},""recovery"":{""wifiReconnectCount"":0,""wifiReconnectFailCount"":0,""mqttReconnectCount"":0,""mqttConnectFailCount"":0,""lastMqttState"":0,""adsRecoveryCount"":0,""adsRecoveryFailCount"":0,""adsReadFailStreak"":0,""lastReason"":""none"",""lastRecoveryMs"":0,""bootRecoveryArmed"":false,""bootRecoveryDueMs"":0,""bootRecoveryReason"":""none"",""bootRecoveryNonAdsFailure"":false,""bootRecoveryRestartCount"":0},""nulling"":{""done"":false,""retryArmed"":false,""attemptCount"":0,""nextRetryMs"":0,""thresholdV"":9.999999747E-06,""minFinalV"":0},""telemetry"":{""valid"":true,""sampleMs"":6767060,""gasClass"":6,""gasName"":""CO2"",""confidence"":0,""alarm"":false,""sensorVoltage"":[0.115640007,0.003963713,0.004853257,-0.002496415,-0.009330406,-0.01161819,-0.019460693,-0.025253799],""sensorGain"":[32,64,64,64,64,64,64,64],""sensorStatus"":[0,0,0,0,0,0,0,0],""featureOrder"":[""MQ8"",""MQ135"",""MQ3"",""MQ5"",""MQ4"",""MQ7"",""MQ6"",""MQ2""]},""alarmLatched"":false}"
2026-08-04 11:13:51.814 +07:00,390.688,HOT_SWEEP_70,70,700,300,1,0,0.115260065,0.003972732,0.004863852,-0.00247955,-0.009339606,-0.011627171,-0.01948818,-0.025261423,"{""deviceId"":""1001"",""nodeId"":4097,""targetChId"":""0010"",""mode"":""inference"",""uptimeMs"":6768145,""debugEnabled"":true,""power"":{""mode"":""24v"",""externalPower"":true,""batteryMv"":65535,""batteryValid"":false,""batteryDetected"":false,""batterySenseStatus"":""not_detected"",""batteryLow"":false,""batteryCritical"":false,""sourceAmbiguous"":false,""serviceHoldActive"":false,""serviceHoldEffective"":false},""batterySession"":{""state"":""inactive"",""startedMs"":0,""stateStartedMs"":0,""validSampleBatches"":0,""requiredSampleBatches"":10,""alarmTxAttempts"":0,""alarmTxAttemptLimit"":3,""alarmAckReceived"":false,""pendingAlarm"":false,""pendingSaveRequired"":false,""persistenceFaultHold"":false,""completionReason"":""session_done""},""bootHealth"":{""adsReady"":true,""adsDrdyLevel"":0,""adsDrdyPulldownLevel"":0,""adsDrdyPullupLevel"":0,""adsMisoPulldownLevel"":0,""adsMisoPullupLevel"":1,""adsCsLevel"":1,""adsSyncLevel"":1,""adsStatus"":54,""adsMux"":15,""adsAdcon"":6,""adsDrate"":240,""adsReason"":""ok"",""tcaOk"":true,""mcpOkCount"":8,""mcpOk"":[true,true,true,true,true,true,true,true],""mcpAddrMask"":[1,1,1,1,1,1,1,1],""mcpControlTested"":true,""mcpControlOkCount"":8,""mcpControlOk"":[true,true,true,true,true,true,true,true],""dacReady"":true,""radioReady"":true,""mlReady"":true,""nullingProfileApplied"":true,""modelProfileReady"":false},""runtimeMcpCode"":[255,519,795,706,799,865,665,139],""model"":{""profileId"":""cnn-dualbranch-datasheet-v1-unbound"",""scalerProfileId"":""cnn-dualbranch-datasheet-v1-unbound"",""productionApproved"":true,""boundNullingProfileId"":8,""activeNullingProfileId"":9,""bindingValid"":true,""bindingModelMatches"":true,""profileReady"":false,""inferenceValid"":false,""sensorFault"":true},""lora"":{""beginState"":0,""lastTxState"":0,""lastTxOk"":false,""txSeq"":0,""txCounter"":0,""aesKeyProvisioned"":true,""aesKeyPresent"":true,""aesKeySource"":""nvs"",""keyId"":1,""lastDownlinkCommandId"":0,""freqMHz"":920,""bwKHz"":125,""sf"":7,""cr"":5,""syncWord"":18,""txPowerDbm"":17,""preamble"":8,""tcxoVoltage"":1.600000024,""xtalVoltage"":0},""dataset"":{""state"":""idle"",""step"":""idle"",""label"":"""",""seq"":0,""targetSamples"":0,""sampleIntervalMs"":500,""maxDurationMs"":0,""useFanIntake"":true,""fanOnMs"":1000,""postFanSettleMs"":0,""nullingProfileId"":9,""queuePending"":0,""queueCapacity"":16,""queueEnqueued"":0,""queueDropped"":0,""publishFailCount"":0,""retryCount"":0,""retryFailCount"":0,""rejectedSamples"":0,""lastRejectReason"":""none"",""lastRejectChannel"":-1,""lastRejectOkFiniteCount"":0,""lastRejectStatus"":255,""lastRejectGain"":0,""lastRejectSaturated"":false},""recovery"":{""wifiReconnectCount"":0,""wifiReconnectFailCount"":0,""mqttReconnectCount"":0,""mqttConnectFailCount"":0,""lastMqttState"":0,""adsRecoveryCount"":0,""adsRecoveryFailCount"":0,""adsReadFailStreak"":0,""lastReason"":""none"",""lastRecoveryMs"":0,""bootRecoveryArmed"":false,""bootRecoveryDueMs"":0,""bootRecoveryReason"":""none"",""bootRecoveryNonAdsFailure"":false,""bootRecoveryRestartCount"":0},""nulling"":{""done"":false,""retryArmed"":false,""attemptCount"":0,""nextRetryMs"":0,""thresholdV"":9.999999747E-06,""minFinalV"":0},""telemetry"":{""valid"":true,""sampleMs"":6767740,""gasClass"":6,""gasName"":""CO2"",""confidence"":0,""alarm"":false,""sensorVoltage"":[0.115260065,0.003972732,0.004863852,-0.00247955,-0.009339606,-0.011627171,-0.01948818,-0.025261423],""sensorGain"":[32,64,64,64,64,64,64,64],""sensorStatus"":[0,0,0,0,0,0,0,0],""featureOrder"":[""MQ8"",""MQ135"",""MQ3"",""MQ5"",""MQ4"",""MQ7"",""MQ6"",""MQ2""]},""alarmLatched"":false}"
2026-08-04 11:13:52.498 +07:00,391.379,HOT_SWEEP_70,70,700,300,1,0,0.115317345,0.003976056,0.004849763,-0.002481656,-0.009337836,-0.011537084,-0.019464385,-0.025291715,"{""deviceId"":""1001"",""nodeId"":4097,""targetChId"":""0010"",""mode"":""inference"",""uptimeMs"":6768832,""debugEnabled"":true,""power"":{""mode"":""24v"",""externalPower"":true,""batteryMv"":65535,""batteryValid"":false,""batteryDetected"":false,""batterySenseStatus"":""not_detected"",""batteryLow"":false,""batteryCritical"":false,""sourceAmbiguous"":false,""serviceHoldActive"":false,""serviceHoldEffective"":false},""batterySession"":{""state"":""inactive"",""startedMs"":0,""stateStartedMs"":0,""validSampleBatches"":0,""requiredSampleBatches"":10,""alarmTxAttempts"":0,""alarmTxAttemptLimit"":3,""alarmAckReceived"":false,""pendingAlarm"":false,""pendingSaveRequired"":false,""persistenceFaultHold"":false,""completionReason"":""session_done""},""bootHealth"":{""adsReady"":true,""adsDrdyLevel"":0,""adsDrdyPulldownLevel"":0,""adsDrdyPullupLevel"":0,""adsMisoPulldownLevel"":0,""adsMisoPullupLevel"":1,""adsCsLevel"":1,""adsSyncLevel"":1,""adsStatus"":54,""adsMux"":15,""adsAdcon"":6,""adsDrate"":240,""adsReason"":""ok"",""tcaOk"":true,""mcpOkCount"":8,""mcpOk"":[true,true,true,true,true,true,true,true],""mcpAddrMask"":[1,1,1,1,1,1,1,1],""mcpControlTested"":true,""mcpControlOkCount"":8,""mcpControlOk"":[true,true,true,true,true,true,true,true],""dacReady"":true,""radioReady"":true,""mlReady"":true,""nullingProfileApplied"":true,""modelProfileReady"":false},""runtimeMcpCode"":[255,519,795,706,799,865,665,139],""model"":{""profileId"":""cnn-dualbranch-datasheet-v1-unbound"",""scalerProfileId"":""cnn-dualbranch-datasheet-v1-unbound"",""productionApproved"":true,""boundNullingProfileId"":8,""activeNullingProfileId"":9,""bindingValid"":true,""bindingModelMatches"":true,""profileReady"":false,""inferenceValid"":false,""sensorFault"":true},""lora"":{""beginState"":0,""lastTxState"":0,""lastTxOk"":false,""txSeq"":0,""txCounter"":0,""aesKeyProvisioned"":true,""aesKeyPresent"":true,""aesKeySource"":""nvs"",""keyId"":1,""lastDownlinkCommandId"":0,""freqMHz"":920,""bwKHz"":125,""sf"":7,""cr"":5,""syncWord"":18,""txPowerDbm"":17,""preamble"":8,""tcxoVoltage"":1.600000024,""xtalVoltage"":0},""dataset"":{""state"":""idle"",""step"":""idle"",""label"":"""",""seq"":0,""targetSamples"":0,""sampleIntervalMs"":500,""maxDurationMs"":0,""useFanIntake"":true,""fanOnMs"":1000,""postFanSettleMs"":0,""nullingProfileId"":9,""queuePending"":0,""queueCapacity"":16,""queueEnqueued"":0,""queueDropped"":0,""publishFailCount"":0,""retryCount"":0,""retryFailCount"":0,""rejectedSamples"":0,""lastRejectReason"":""none"",""lastRejectChannel"":-1,""lastRejectOkFiniteCount"":0,""lastRejectStatus"":255,""lastRejectGain"":0,""lastRejectSaturated"":false},""recovery"":{""wifiReconnectCount"":0,""wifiReconnectFailCount"":0,""mqttReconnectCount"":0,""mqttConnectFailCount"":0,""lastMqttState"":0,""adsRecoveryCount"":0,""adsRecoveryFailCount"":0,""adsReadFailStreak"":0,""lastReason"":""none"",""lastRecoveryMs"":0,""bootRecoveryArmed"":false,""bootRecoveryDueMs"":0,""bootRecoveryReason"":""none"",""bootRecoveryNonAdsFailure"":false,""bootRecoveryRestartCount"":0},""nulling"":{""done"":false,""retryArmed"":false,""attemptCount"":0,""nextRetryMs"":0,""thresholdV"":9.999999747E-06,""minFinalV"":0},""telemetry"":{""valid"":true,""sampleMs"":6768455,""gasClass"":6,""gasName"":""CO2"",""confidence"":0,""alarm"":false,""sensorVoltage"":[0.115317345,0.003976056,0.004849763,-0.002481656,-0.009337836,-0.011537084,-0.019464385,-0.025291715],""sensorGain"":[32,64,64,64,64,64,64,64],""sensorStatus"":[0,0,0,0,0,0,0,0],""featureOrder"":[""MQ8"",""MQ135"",""MQ3"",""MQ5"",""MQ4"",""MQ7"",""MQ6"",""MQ2""]},""alarmLatched"":false}"
2026-08-04 11:13:53.189 +07:00,392.070,HOT_SWEEP_70,70,700,300,1,0,0.116278723,0.003980163,0.004893427,-0.002444773,-0.00909383,-0.011320503,-0.019100212,-0.024818443,"{""deviceId"":""1001"",""nodeId"":4097,""targetChId"":""0010"",""mode"":""inference"",""uptimeMs"":6769526,""debugEnabled"":true,""power"":{""mode"":""24v"",""externalPower"":true,""batteryMv"":65535,""batteryValid"":false,""batteryDetected"":false,""batterySenseStatus"":""not_detected"",""batteryLow"":false,""batteryCritical"":false,""sourceAmbiguous"":false,""serviceHoldActive"":false,""serviceHoldEffective"":false},""batterySession"":{""state"":""inactive"",""startedMs"":0,""stateStartedMs"":0,""validSampleBatches"":0,""requiredSampleBatches"":10,""alarmTxAttempts"":0,""alarmTxAttemptLimit"":3,""alarmAckReceived"":false,""pendingAlarm"":false,""pendingSaveRequired"":false,""persistenceFaultHold"":false,""completionReason"":""session_done""},""bootHealth"":{""adsReady"":true,""adsDrdyLevel"":0,""adsDrdyPulldownLevel"":0,""adsDrdyPullupLevel"":0,""adsMisoPulldownLevel"":0,""adsMisoPullupLevel"":1,""adsCsLevel"":1,""adsSyncLevel"":1,""adsStatus"":54,""adsMux"":15,""adsAdcon"":6,""adsDrate"":240,""adsReason"":""ok"",""tcaOk"":true,""mcpOkCount"":8,""mcpOk"":[true,true,true,true,true,true,true,true],""mcpAddrMask"":[1,1,1,1,1,1,1,1],""mcpControlTested"":true,""mcpControlOkCount"":8,""mcpControlOk"":[true,true,true,true,true,true,true,true],""dacReady"":true,""radioReady"":true,""mlReady"":true,""nullingProfileApplied"":true,""modelProfileReady"":false},""runtimeMcpCode"":[255,519,795,706,799,865,665,139],""model"":{""profileId"":""cnn-dualbranch-datasheet-v1-unbound"",""scalerProfileId"":""cnn-dualbranch-datasheet-v1-unbound"",""productionApproved"":true,""boundNullingProfileId"":8,""activeNullingProfileId"":9,""bindingValid"":true,""bindingModelMatches"":true,""profileReady"":false,""inferenceValid"":false,""sensorFault"":true},""lora"":{""beginState"":0,""lastTxState"":0,""lastTxOk"":false,""txSeq"":0,""txCounter"":0,""aesKeyProvisioned"":true,""aesKeyPresent"":true,""aesKeySource"":""nvs"",""keyId"":1,""lastDownlinkCommandId"":0,""freqMHz"":920,""bwKHz"":125,""sf"":7,""cr"":5,""syncWord"":18,""txPowerDbm"":17,""preamble"":8,""tcxoVoltage"":1.600000024,""xtalVoltage"":0},""dataset"":{""state"":""idle"",""step"":""idle"",""label"":"""",""seq"":0,""targetSamples"":0,""sampleIntervalMs"":500,""maxDurationMs"":0,""useFanIntake"":true,""fanOnMs"":1000,""postFanSettleMs"":0,""nullingProfileId"":9,""queuePending"":0,""queueCapacity"":16,""queueEnqueued"":0,""queueDropped"":0,""publishFailCount"":0,""retryCount"":0,""retryFailCount"":0,""rejectedSamples"":0,""lastRejectReason"":""none"",""lastRejectChannel"":-1,""lastRejectOkFiniteCount"":0,""lastRejectStatus"":255,""lastRejectGain"":0,""lastRejectSaturated"":false},""recovery"":{""wifiReconnectCount"":0,""wifiReconnectFailCount"":0,""mqttReconnectCount"":0,""mqttConnectFailCount"":0,""lastMqttState"":0,""adsRecoveryCount"":0,""adsRecoveryFailCount"":0,""adsReadFailStreak"":0,""lastReason"":""none"",""lastRecoveryMs"":0,""bootRecoveryArmed"":false,""bootRecoveryDueMs"":0,""bootRecoveryReason"":""none"",""bootRecoveryNonAdsFailure"":false,""bootRecoveryRestartCount"":0},""nulling"":{""done"":false,""retryArmed"":false,""attemptCount"":0,""nextRetryMs"":0,""thresholdV"":9.999999747E-06,""minFinalV"":0},""telemetry"":{""valid"":true,""sampleMs"":6769110,""gasClass"":6,""gasName"":""CO2"",""confidence"":0,""alarm"":false,""sensorVoltage"":[0.116278723,0.003980163,0.004893427,-0.002444773,-0.00909383,-0.011320503,-0.019100212,-0.024818443],""sensorGain"":[32,64,64,64,64,64,64,64],""sensorStatus"":[0,0,0,0,0,0,0,0],""featureOrder"":[""MQ8"",""MQ135"",""MQ3"",""MQ5"",""MQ4"",""MQ7"",""MQ6"",""MQ2""]},""alarmLatched"":false}"
2026-08-04 11:13:53.870 +07:00,392.751,HOT_SWEEP_70,70,700,300,1,0,0.115944706,0.003977405,0.004933403,-0.002457044,-0.009312169,-0.011611876,-0.019488294,-0.0252489,"{""deviceId"":""1001"",""nodeId"":4097,""targetChId"":""0010"",""mode"":""inference"",""uptimeMs"":6770212,""debugEnabled"":true,""power"":{""mode"":""24v"",""externalPower"":true,""batteryMv"":65535,""batteryValid"":false,""batteryDetected"":false,""batterySenseStatus"":""not_detected"",""batteryLow"":false,""batteryCritical"":false,""sourceAmbiguous"":false,""serviceHoldActive"":false,""serviceHoldEffective"":false},""batterySession"":{""state"":""inactive"",""startedMs"":0,""stateStartedMs"":0,""validSampleBatches"":0,""requiredSampleBatches"":10,""alarmTxAttempts"":0,""alarmTxAttemptLimit"":3,""alarmAckReceived"":false,""pendingAlarm"":false,""pendingSaveRequired"":false,""persistenceFaultHold"":false,""completionReason"":""session_done""},""bootHealth"":{""adsReady"":true,""adsDrdyLevel"":0,""adsDrdyPulldownLevel"":0,""adsDrdyPullupLevel"":0,""adsMisoPulldownLevel"":0,""adsMisoPullupLevel"":1,""adsCsLevel"":1,""adsSyncLevel"":1,""adsStatus"":54,""adsMux"":15,""adsAdcon"":6,""adsDrate"":240,""adsReason"":""ok"",""tcaOk"":true,""mcpOkCount"":8,""mcpOk"":[true,true,true,true,true,true,true,true],""mcpAddrMask"":[1,1,1,1,1,1,1,1],""mcpControlTested"":true,""mcpControlOkCount"":8,""mcpControlOk"":[true,true,true,true,true,true,true,true],""dacReady"":true,""radioReady"":true,""mlReady"":true,""nullingProfileApplied"":true,""modelProfileReady"":false},""runtimeMcpCode"":[255,519,795,706,799,865,665,139],""model"":{""profileId"":""cnn-dualbranch-datasheet-v1-unbound"",""scalerProfileId"":""cnn-dualbranch-datasheet-v1-unbound"",""productionApproved"":true,""boundNullingProfileId"":8,""activeNullingProfileId"":9,""bindingValid"":true,""bindingModelMatches"":true,""profileReady"":false,""inferenceValid"":false,""sensorFault"":true},""lora"":{""beginState"":0,""lastTxState"":0,""lastTxOk"":false,""txSeq"":0,""txCounter"":0,""aesKeyProvisioned"":true,""aesKeyPresent"":true,""aesKeySource"":""nvs"",""keyId"":1,""lastDownlinkCommandId"":0,""freqMHz"":920,""bwKHz"":125,""sf"":7,""cr"":5,""syncWord"":18,""txPowerDbm"":17,""preamble"":8,""tcxoVoltage"":1.600000024,""xtalVoltage"":0},""dataset"":{""state"":""idle"",""step"":""idle"",""label"":"""",""seq"":0,""targetSamples"":0,""sampleIntervalMs"":500,""maxDurationMs"":0,""useFanIntake"":true,""fanOnMs"":1000,""postFanSettleMs"":0,""nullingProfileId"":9,""queuePending"":0,""queueCapacity"":16,""queueEnqueued"":0,""queueDropped"":0,""publishFailCount"":0,""retryCount"":0,""retryFailCount"":0,""rejectedSamples"":0,""lastRejectReason"":""none"",""lastRejectChannel"":-1,""lastRejectOkFiniteCount"":0,""lastRejectStatus"":255,""lastRejectGain"":0,""lastRejectSaturated"":false},""recovery"":{""wifiReconnectCount"":0,""wifiReconnectFailCount"":0,""mqttReconnectCount"":0,""mqttConnectFailCount"":0,""lastMqttState"":0,""adsRecoveryCount"":0,""adsRecoveryFailCount"":0,""adsReadFailStreak"":0,""lastReason"":""none"",""lastRecoveryMs"":0,""bootRecoveryArmed"":false,""bootRecoveryDueMs"":0,""bootRecoveryReason"":""none"",""bootRecoveryNonAdsFailure"":false,""bootRecoveryRestartCount"":0},""nulling"":{""done"":false,""retryArmed"":false,""attemptCount"":0,""nextRetryMs"":0,""thresholdV"":9.999999747E-06,""minFinalV"":0},""telemetry"":{""valid"":true,""sampleMs"":6769804,""gasClass"":6,""gasName"":""CO2"",""confidence"":0,""alarm"":false,""sensorVoltage"":[0.115944706,0.003977405,0.004933403,-0.002457044,-0.009312169,-0.011611876,-0.019488294,-0.0252489],""sensorGain"":[32,64,64,64,64,64,64,64],""sensorStatus"":[0,0,0,0,0,0,0,0],""featureOrder"":[""MQ8"",""MQ135"",""MQ3"",""MQ5"",""MQ4"",""MQ7"",""MQ6"",""MQ2""]},""alarmLatched"":false}"
2026-08-04 11:13:54.556 +07:00,393.437,HOT_SWEEP_70,70,700,300,1,0,0.115792789,0.003976163,0.004950077,-0.002466886,-0.009347891,-0.011635944,-0.019420488,-0.025251806,"{""deviceId"":""1001"",""nodeId"":4097,""targetChId"":""0010"",""mode"":""inference"",""uptimeMs"":6770892,""debugEnabled"":true,""power"":{""mode"":""24v"",""externalPower"":true,""batteryMv"":65535,""batteryValid"":false,""batteryDetected"":false,""batterySenseStatus"":""not_detected"",""batteryLow"":false,""batteryCritical"":false,""sourceAmbiguous"":false,""serviceHoldActive"":false,""serviceHoldEffective"":false},""batterySession"":{""state"":""inactive"",""startedMs"":0,""stateStartedMs"":0,""validSampleBatches"":0,""requiredSampleBatches"":10,""alarmTxAttempts"":0,""alarmTxAttemptLimit"":3,""alarmAckReceived"":false,""pendingAlarm"":false,""pendingSaveRequired"":false,""persistenceFaultHold"":false,""completionReason"":""session_done""},""bootHealth"":{""adsReady"":true,""adsDrdyLevel"":0,""adsDrdyPulldownLevel"":0,""adsDrdyPullupLevel"":0,""adsMisoPulldownLevel"":0,""adsMisoPullupLevel"":1,""adsCsLevel"":1,""adsSyncLevel"":1,""adsStatus"":54,""adsMux"":15,""adsAdcon"":6,""adsDrate"":240,""adsReason"":""ok"",""tcaOk"":true,""mcpOkCount"":8,""mcpOk"":[true,true,true,true,true,true,true,true],""mcpAddrMask"":[1,1,1,1,1,1,1,1],""mcpControlTested"":true,""mcpControlOkCount"":8,""mcpControlOk"":[true,true,true,true,true,true,true,true],""dacReady"":true,""radioReady"":true,""mlReady"":true,""nullingProfileApplied"":true,""modelProfileReady"":false},""runtimeMcpCode"":[255,519,795,706,799,865,665,139],""model"":{""profileId"":""cnn-dualbranch-datasheet-v1-unbound"",""scalerProfileId"":""cnn-dualbranch-datasheet-v1-unbound"",""productionApproved"":true,""boundNullingProfileId"":8,""activeNullingProfileId"":9,""bindingValid"":true,""bindingModelMatches"":true,""profileReady"":false,""inferenceValid"":false,""sensorFault"":true},""lora"":{""beginState"":0,""lastTxState"":0,""lastTxOk"":false,""txSeq"":0,""txCounter"":0,""aesKeyProvisioned"":true,""aesKeyPresent"":true,""aesKeySource"":""nvs"",""keyId"":1,""lastDownlinkCommandId"":0,""freqMHz"":920,""bwKHz"":125,""sf"":7,""cr"":5,""syncWord"":18,""txPowerDbm"":17,""preamble"":8,""tcxoVoltage"":1.600000024,""xtalVoltage"":0},""dataset"":{""state"":""idle"",""step"":""idle"",""label"":"""",""seq"":0,""targetSamples"":0,""sampleIntervalMs"":500,""maxDurationMs"":0,""useFanIntake"":true,""fanOnMs"":1000,""postFanSettleMs"":0,""nullingProfileId"":9,""queuePending"":0,""queueCapacity"":16,""queueEnqueued"":0,""queueDropped"":0,""publishFailCount"":0,""retryCount"":0,""retryFailCount"":0,""rejectedSamples"":0,""lastRejectReason"":""none"",""lastRejectChannel"":-1,""lastRejectOkFiniteCount"":0,""lastRejectStatus"":255,""lastRejectGain"":0,""lastRejectSaturated"":false},""recovery"":{""wifiReconnectCount"":0,""wifiReconnectFailCount"":0,""mqttReconnectCount"":0,""mqttConnectFailCount"":0,""lastMqttState"":0,""adsRecoveryCount"":0,""adsRecoveryFailCount"":0,""adsReadFailStreak"":0,""lastReason"":""none"",""lastRecoveryMs"":0,""bootRecoveryArmed"":false,""bootRecoveryDueMs"":0,""bootRecoveryReason"":""none"",""bootRecoveryNonAdsFailure"":false,""bootRecoveryRestartCount"":0},""nulling"":{""done"":false,""retryArmed"":false,""attemptCount"":0,""nextRetryMs"":0,""thresholdV"":9.999999747E-06,""minFinalV"":0},""telemetry"":{""valid"":true,""sampleMs"":6770522,""gasClass"":6,""gasName"":""CO2"",""confidence"":0,""alarm"":false,""sensorVoltage"":[0.115792789,0.003976163,0.004950077,-0.002466886,-0.009347891,-0.011635944,-0.019420488,-0.025251806],""sensorGain"":[32,64,64,64,64,64,64,64],""sensorStatus"":[0,0,0,0,0,0,0,0],""featureOrder"":[""MQ8"",""MQ135"",""MQ3"",""MQ5"",""MQ4"",""MQ7"",""MQ6"",""MQ2""]},""alarmLatched"":false}"
2026-08-04 11:13:55.240 +07:00,394.122,HOT_SWEEP_70,70,700,300,1,0,0.117207907,0.003947402,0.004899842,-0.002445261,-0.009137126,-0.01131771,-0.019379091,-0.025240183,"{""deviceId"":""1001"",""nodeId"":4097,""targetChId"":""0010"",""mode"":""inference"",""uptimeMs"":6771574,""debugEnabled"":true,""power"":{""mode"":""24v"",""externalPower"":true,""batteryMv"":65535,""batteryValid"":false,""batteryDetected"":false,""batterySenseStatus"":""not_detected"",""batteryLow"":false,""batteryCritical"":false,""sourceAmbiguous"":false,""serviceHoldActive"":false,""serviceHoldEffective"":false},""batterySession"":{""state"":""inactive"",""startedMs"":0,""stateStartedMs"":0,""validSampleBatches"":0,""requiredSampleBatches"":10,""alarmTxAttempts"":0,""alarmTxAttemptLimit"":3,""alarmAckReceived"":false,""pendingAlarm"":false,""pendingSaveRequired"":false,""persistenceFaultHold"":false,""completionReason"":""session_done""},""bootHealth"":{""adsReady"":true,""adsDrdyLevel"":0,""adsDrdyPulldownLevel"":0,""adsDrdyPullupLevel"":0,""adsMisoPulldownLevel"":0,""adsMisoPullupLevel"":1,""adsCsLevel"":1,""adsSyncLevel"":1,""adsStatus"":54,""adsMux"":15,""adsAdcon"":6,""adsDrate"":240,""adsReason"":""ok"",""tcaOk"":true,""mcpOkCount"":8,""mcpOk"":[true,true,true,true,true,true,true,true],""mcpAddrMask"":[1,1,1,1,1,1,1,1],""mcpControlTested"":true,""mcpControlOkCount"":8,""mcpControlOk"":[true,true,true,true,true,true,true,true],""dacReady"":true,""radioReady"":true,""mlReady"":true,""nullingProfileApplied"":true,""modelProfileReady"":false},""runtimeMcpCode"":[255,519,795,706,799,865,665,139],""model"":{""profileId"":""cnn-dualbranch-datasheet-v1-unbound"",""scalerProfileId"":""cnn-dualbranch-datasheet-v1-unbound"",""productionApproved"":true,""boundNullingProfileId"":8,""activeNullingProfileId"":9,""bindingValid"":true,""bindingModelMatches"":true,""profileReady"":false,""inferenceValid"":false,""sensorFault"":true},""lora"":{""beginState"":0,""lastTxState"":0,""lastTxOk"":false,""txSeq"":0,""txCounter"":0,""aesKeyProvisioned"":true,""aesKeyPresent"":true,""aesKeySource"":""nvs"",""keyId"":1,""lastDownlinkCommandId"":0,""freqMHz"":920,""bwKHz"":125,""sf"":7,""cr"":5,""syncWord"":18,""txPowerDbm"":17,""preamble"":8,""tcxoVoltage"":1.600000024,""xtalVoltage"":0},""dataset"":{""state"":""idle"",""step"":""idle"",""label"":"""",""seq"":0,""targetSamples"":0,""sampleIntervalMs"":500,""maxDurationMs"":0,""useFanIntake"":true,""fanOnMs"":1000,""postFanSettleMs"":0,""nullingProfileId"":9,""queuePending"":0,""queueCapacity"":16,""queueEnqueued"":0,""queueDropped"":0,""publishFailCount"":0,""retryCount"":0,""retryFailCount"":0,""rejectedSamples"":0,""lastRejectReason"":""none"",""lastRejectChannel"":-1,""lastRejectOkFiniteCount"":0,""lastRejectStatus"":255,""lastRejectGain"":0,""lastRejectSaturated"":false},""recovery"":{""wifiReconnectCount"":0,""wifiReconnectFailCount"":0,""mqttReconnectCount"":0,""mqttConnectFailCount"":0,""lastMqttState"":0,""adsRecoveryCount"":0,""adsRecoveryFailCount"":0,""adsReadFailStreak"":0,""lastReason"":""none"",""lastRecoveryMs"":0,""bootRecoveryArmed"":false,""bootRecoveryDueMs"":0,""bootRecoveryReason"":""none"",""bootRecoveryNonAdsFailure"":false,""bootRecoveryRestartCount"":0},""nulling"":{""done"":false,""retryArmed"":false,""attemptCount"":0,""nextRetryMs"":0,""thresholdV"":9.999999747E-06,""minFinalV"":0},""telemetry"":{""valid"":true,""sampleMs"":6771170,""gasClass"":6,""gasName"":""CO2"",""confidence"":0,""alarm"":false,""sensorVoltage"":[0.117207907,0.003947402,0.004899842,-0.002445261,-0.009137126,-0.01131771,-0.019379091,-0.025240183],""sensorGain"":[32,64,64,64,64,64,64,64],""sensorStatus"":[0,0,0,0,0,0,0,0],""featureOrder"":[""MQ8"",""MQ135"",""MQ3"",""MQ5"",""MQ4"",""MQ7"",""MQ6"",""MQ2""]},""alarmLatched"":false}"
2026-08-04 11:13:55.932 +07:00,394.811,HOT_SWEEP_70,70,700,300,1,0,0.116699003,0.004043933,0.004966075,-0.002525794,-0.009356493,-0.011520359,-0.019751919,-0.025269696,"{""deviceId"":""1001"",""nodeId"":4097,""targetChId"":""0010"",""mode"":""inference"",""uptimeMs"":6772263,""debugEnabled"":true,""power"":{""mode"":""24v"",""externalPower"":true,""batteryMv"":65535,""batteryValid"":false,""batteryDetected"":false,""batterySenseStatus"":""not_detected"",""batteryLow"":false,""batteryCritical"":false,""sourceAmbiguous"":false,""serviceHoldActive"":false,""serviceHoldEffective"":false},""batterySession"":{""state"":""inactive"",""startedMs"":0,""stateStartedMs"":0,""validSampleBatches"":0,""requiredSampleBatches"":10,""alarmTxAttempts"":0,""alarmTxAttemptLimit"":3,""alarmAckReceived"":false,""pendingAlarm"":false,""pendingSaveRequired"":false,""persistenceFaultHold"":false,""completionReason"":""session_done""},""bootHealth"":{""adsReady"":true,""adsDrdyLevel"":0,""adsDrdyPulldownLevel"":0,""adsDrdyPullupLevel"":0,""adsMisoPulldownLevel"":0,""adsMisoPullupLevel"":1,""adsCsLevel"":1,""adsSyncLevel"":1,""adsStatus"":54,""adsMux"":15,""adsAdcon"":6,""adsDrate"":240,""adsReason"":""ok"",""tcaOk"":true,""mcpOkCount"":8,""mcpOk"":[true,true,true,true,true,true,true,true],""mcpAddrMask"":[1,1,1,1,1,1,1,1],""mcpControlTested"":true,""mcpControlOkCount"":8,""mcpControlOk"":[true,true,true,true,true,true,true,true],""dacReady"":true,""radioReady"":true,""mlReady"":true,""nullingProfileApplied"":true,""modelProfileReady"":false},""runtimeMcpCode"":[255,519,795,706,799,865,665,139],""model"":{""profileId"":""cnn-dualbranch-datasheet-v1-unbound"",""scalerProfileId"":""cnn-dualbranch-datasheet-v1-unbound"",""productionApproved"":true,""boundNullingProfileId"":8,""activeNullingProfileId"":9,""bindingValid"":true,""bindingModelMatches"":true,""profileReady"":false,""inferenceValid"":false,""sensorFault"":true},""lora"":{""beginState"":0,""lastTxState"":0,""lastTxOk"":false,""txSeq"":0,""txCounter"":0,""aesKeyProvisioned"":true,""aesKeyPresent"":true,""aesKeySource"":""nvs"",""keyId"":1,""lastDownlinkCommandId"":0,""freqMHz"":920,""bwKHz"":125,""sf"":7,""cr"":5,""syncWord"":18,""txPowerDbm"":17,""preamble"":8,""tcxoVoltage"":1.600000024,""xtalVoltage"":0},""dataset"":{""state"":""idle"",""step"":""idle"",""label"":"""",""seq"":0,""targetSamples"":0,""sampleIntervalMs"":500,""maxDurationMs"":0,""useFanIntake"":true,""fanOnMs"":1000,""postFanSettleMs"":0,""nullingProfileId"":9,""queuePending"":0,""queueCapacity"":16,""queueEnqueued"":0,""queueDropped"":0,""publishFailCount"":0,""retryCount"":0,""retryFailCount"":0,""rejectedSamples"":0,""lastRejectReason"":""none"",""lastRejectChannel"":-1,""lastRejectOkFiniteCount"":0,""lastRejectStatus"":255,""lastRejectGain"":0,""lastRejectSaturated"":false},""recovery"":{""wifiReconnectCount"":0,""wifiReconnectFailCount"":0,""mqttReconnectCount"":0,""mqttConnectFailCount"":0,""lastMqttState"":0,""adsRecoveryCount"":0,""adsRecoveryFailCount"":0,""adsReadFailStreak"":0,""lastReason"":""none"",""lastRecoveryMs"":0,""bootRecoveryArmed"":false,""bootRecoveryDueMs"":0,""bootRecoveryReason"":""none"",""bootRecoveryNonAdsFailure"":false,""bootRecoveryRestartCount"":0},""nulling"":{""done"":false,""retryArmed"":false,""attemptCount"":0,""nextRetryMs"":0,""thresholdV"":9.999999747E-06,""minFinalV"":0},""telemetry"":{""valid"":true,""sampleMs"":6771852,""gasClass"":6,""gasName"":""CO2"",""confidence"":0,""alarm"":false,""sensorVoltage"":[0.116699003,0.004043933,0.004966075,-0.002525794,-0.009356493,-0.011520359,-0.019751919,-0.025269696],""sensorGain"":[32,64,64,64,64,64,64,64],""sensorStatus"":[0,0,0,0,0,0,0,0],""featureOrder"":[""MQ8"",""MQ135"",""MQ3"",""MQ5"",""MQ4"",""MQ7"",""MQ6"",""MQ2""]},""alarmLatched"":false}"
2026-08-04 11:13:56.621 +07:00,395.502,HOT_SWEEP_70,70,700,300,1,0,0.116356924,0.004061791,0.004952568,-0.002511958,-0.009353007,-0.011529094,-0.01977179,-0.025272433,"{""deviceId"":""1001"",""nodeId"":4097,""targetChId"":""0010"",""mode"":""inference"",""uptimeMs"":6772954,""debugEnabled"":true,""power"":{""mode"":""24v"",""externalPower"":true,""batteryMv"":65535,""batteryValid"":false,""batteryDetected"":false,""batterySenseStatus"":""not_detected"",""batteryLow"":false,""batteryCritical"":false,""sourceAmbiguous"":false,""serviceHoldActive"":false,""serviceHoldEffective"":false},""batterySession"":{""state"":""inactive"",""startedMs"":0,""stateStartedMs"":0,""validSampleBatches"":0,""requiredSampleBatches"":10,""alarmTxAttempts"":0,""alarmTxAttemptLimit"":3,""alarmAckReceived"":false,""pendingAlarm"":false,""pendingSaveRequired"":false,""persistenceFaultHold"":false,""completionReason"":""session_done""},""bootHealth"":{""adsReady"":true,""adsDrdyLevel"":0,""adsDrdyPulldownLevel"":0,""adsDrdyPullupLevel"":0,""adsMisoPulldownLevel"":0,""adsMisoPullupLevel"":1,""adsCsLevel"":1,""adsSyncLevel"":1,""adsStatus"":54,""adsMux"":15,""adsAdcon"":6,""adsDrate"":240,""adsReason"":""ok"",""tcaOk"":true,""mcpOkCount"":8,""mcpOk"":[true,true,true,true,true,true,true,true],""mcpAddrMask"":[1,1,1,1,1,1,1,1],""mcpControlTested"":true,""mcpControlOkCount"":8,""mcpControlOk"":[true,true,true,true,true,true,true,true],""dacReady"":true,""radioReady"":true,""mlReady"":true,""nullingProfileApplied"":true,""modelProfileReady"":false},""runtimeMcpCode"":[255,519,795,706,799,865,665,139],""model"":{""profileId"":""cnn-dualbranch-datasheet-v1-unbound"",""scalerProfileId"":""cnn-dualbranch-datasheet-v1-unbound"",""productionApproved"":true,""boundNullingProfileId"":8,""activeNullingProfileId"":9,""bindingValid"":true,""bindingModelMatches"":true,""profileReady"":false,""inferenceValid"":false,""sensorFault"":true},""lora"":{""beginState"":0,""lastTxState"":0,""lastTxOk"":false,""txSeq"":0,""txCounter"":0,""aesKeyProvisioned"":true,""aesKeyPresent"":true,""aesKeySource"":""nvs"",""keyId"":1,""lastDownlinkCommandId"":0,""freqMHz"":920,""bwKHz"":125,""sf"":7,""cr"":5,""syncWord"":18,""txPowerDbm"":17,""preamble"":8,""tcxoVoltage"":1.600000024,""xtalVoltage"":0},""dataset"":{""state"":""idle"",""step"":""idle"",""label"":"""",""seq"":0,""targetSamples"":0,""sampleIntervalMs"":500,""maxDurationMs"":0,""useFanIntake"":true,""fanOnMs"":1000,""postFanSettleMs"":0,""nullingProfileId"":9,""queuePending"":0,""queueCapacity"":16,""queueEnqueued"":0,""queueDropped"":0,""publishFailCount"":0,""retryCount"":0,""retryFailCount"":0,""rejectedSamples"":0,""lastRejectReason"":""none"",""lastRejectChannel"":-1,""lastRejectOkFiniteCount"":0,""lastRejectStatus"":255,""lastRejectGain"":0,""lastRejectSaturated"":false},""recovery"":{""wifiReconnectCount"":0,""wifiReconnectFailCount"":0,""mqttReconnectCount"":0,""mqttConnectFailCount"":0,""lastMqttState"":0,""adsRecoveryCount"":0,""adsRecoveryFailCount"":0,""adsReadFailStreak"":0,""lastReason"":""none"",""lastRecoveryMs"":0,""bootRecoveryArmed"":false,""bootRecoveryDueMs"":0,""bootRecoveryReason"":""none"",""bootRecoveryNonAdsFailure"":false,""bootRecoveryRestartCount"":0},""nulling"":{""done"":false,""retryArmed"":false,""attemptCount"":0,""nextRetryMs"":0,""thresholdV"":9.999999747E-06,""minFinalV"":0},""telemetry"":{""valid"":true,""sampleMs"":6772573,""gasClass"":6,""gasName"":""CO2"",""confidence"":0,""alarm"":false,""sensorVoltage"":[0.116356924,0.004061791,0.004952568,-0.002511958,-0.009353007,-0.011529094,-0.01977179,-0.025272433],""sensorGain"":[32,64,64,64,64,64,64,64],""sensorStatus"":[0,0,0,0,0,0,0,0],""featureOrder"":[""MQ8"",""MQ135"",""MQ3"",""MQ5"",""MQ4"",""MQ7"",""MQ6"",""MQ2""]},""alarmLatched"":false}"
2026-08-04 11:13:57.305 +07:00,396.171,HOT_SWEEP_70,70,700,300,1,0,0.117629386,0.004017072,0.00490351,-0.002499225,-0.00938487,-0.011550929,-0.019736892,-0.025342917,"{""deviceId"":""1001"",""nodeId"":4097,""targetChId"":""0010"",""mode"":""inference"",""uptimeMs"":6773637,""debugEnabled"":true,""power"":{""mode"":""24v"",""externalPower"":true,""batteryMv"":65535,""batteryValid"":false,""batteryDetected"":false,""batterySenseStatus"":""not_detected"",""batteryLow"":false,""batteryCritical"":false,""sourceAmbiguous"":false,""serviceHoldActive"":false,""serviceHoldEffective"":false},""batterySession"":{""state"":""inactive"",""startedMs"":0,""stateStartedMs"":0,""validSampleBatches"":0,""requiredSampleBatches"":10,""alarmTxAttempts"":0,""alarmTxAttemptLimit"":3,""alarmAckReceived"":false,""pendingAlarm"":false,""pendingSaveRequired"":false,""persistenceFaultHold"":false,""completionReason"":""session_done""},""bootHealth"":{""adsReady"":true,""adsDrdyLevel"":0,""adsDrdyPulldownLevel"":0,""adsDrdyPullupLevel"":0,""adsMisoPulldownLevel"":0,""adsMisoPullupLevel"":1,""adsCsLevel"":1,""adsSyncLevel"":1,""adsStatus"":54,""adsMux"":15,""adsAdcon"":6,""adsDrate"":240,""adsReason"":""ok"",""tcaOk"":true,""mcpOkCount"":8,""mcpOk"":[true,true,true,true,true,true,true,true],""mcpAddrMask"":[1,1,1,1,1,1,1,1],""mcpControlTested"":true,""mcpControlOkCount"":8,""mcpControlOk"":[true,true,true,true,true,true,true,true],""dacReady"":true,""radioReady"":true,""mlReady"":true,""nullingProfileApplied"":true,""modelProfileReady"":false},""runtimeMcpCode"":[255,519,795,706,799,865,665,139],""model"":{""profileId"":""cnn-dualbranch-datasheet-v1-unbound"",""scalerProfileId"":""cnn-dualbranch-datasheet-v1-unbound"",""productionApproved"":true,""boundNullingProfileId"":8,""activeNullingProfileId"":9,""bindingValid"":true,""bindingModelMatches"":true,""profileReady"":false,""inferenceValid"":false,""sensorFault"":true},""lora"":{""beginState"":0,""lastTxState"":0,""lastTxOk"":false,""txSeq"":0,""txCounter"":0,""aesKeyProvisioned"":true,""aesKeyPresent"":true,""aesKeySource"":""nvs"",""keyId"":1,""lastDownlinkCommandId"":0,""freqMHz"":920,""bwKHz"":125,""sf"":7,""cr"":5,""syncWord"":18,""txPowerDbm"":17,""preamble"":8,""tcxoVoltage"":1.600000024,""xtalVoltage"":0},""dataset"":{""state"":""idle"",""step"":""idle"",""label"":"""",""seq"":0,""targetSamples"":0,""sampleIntervalMs"":500,""maxDurationMs"":0,""useFanIntake"":true,""fanOnMs"":1000,""postFanSettleMs"":0,""nullingProfileId"":9,""queuePending"":0,""queueCapacity"":16,""queueEnqueued"":0,""queueDropped"":0,""publishFailCount"":0,""retryCount"":0,""retryFailCount"":0,""rejectedSamples"":0,""lastRejectReason"":""none"",""lastRejectChannel"":-1,""lastRejectOkFiniteCount"":0,""lastRejectStatus"":255,""lastRejectGain"":0,""lastRejectSaturated"":false},""recovery"":{""wifiReconnectCount"":0,""wifiReconnectFailCount"":0,""mqttReconnectCount"":0,""mqttConnectFailCount"":0,""lastMqttState"":0,""adsRecoveryCount"":0,""adsRecoveryFailCount"":0,""adsReadFailStreak"":0,""lastReason"":""none"",""lastRecoveryMs"":0,""bootRecoveryArmed"":false,""bootRecoveryDueMs"":0,""bootRecoveryReason"":""none"",""bootRecoveryNonAdsFailure"":false,""bootRecoveryRestartCount"":0},""nulling"":{""done"":false,""retryArmed"":false,""attemptCount"":0,""nextRetryMs"":0,""thresholdV"":9.999999747E-06,""minFinalV"":0},""telemetry"":{""valid"":true,""sampleMs"":6773232,""gasClass"":6,""gasName"":""CO2"",""confidence"":0,""alarm"":false,""sensorVoltage"":[0.117629386,0.004017072,0.00490351,-0.002499225,-0.00938487,-0.011550929,-0.019736892,-0.025342917],""sensorGain"":[32,64,64,64,64,64,64,64],""sensorStatus"":[0,0,0,0,0,0,0,0],""featureOrder"":[""MQ8"",""MQ135"",""MQ3"",""MQ5"",""MQ4"",""MQ7"",""MQ6"",""MQ2""]},""alarmLatched"":false}"
2026-08-04 11:13:57.995 +07:00,396.876,HOT_SWEEP_70,70,700,300,1,0,0.117296711,0.004059454,0.004939194,-0.002539406,-0.009382944,-0.011549895,-0.019733997,-0.025317103,"{""deviceId"":""1001"",""nodeId"":4097,""targetChId"":""0010"",""mode"":""inference"",""uptimeMs"":6774327,""debugEnabled"":true,""power"":{""mode"":""24v"",""externalPower"":true,""batteryMv"":65535,""batteryValid"":false,""batteryDetected"":false,""batterySenseStatus"":""not_detected"",""batteryLow"":false,""batteryCritical"":false,""sourceAmbiguous"":false,""serviceHoldActive"":false,""serviceHoldEffective"":false},""batterySession"":{""state"":""inactive"",""startedMs"":0,""stateStartedMs"":0,""validSampleBatches"":0,""requiredSampleBatches"":10,""alarmTxAttempts"":0,""alarmTxAttemptLimit"":3,""alarmAckReceived"":false,""pendingAlarm"":false,""pendingSaveRequired"":false,""persistenceFaultHold"":false,""completionReason"":""session_done""},""bootHealth"":{""adsReady"":true,""adsDrdyLevel"":0,""adsDrdyPulldownLevel"":0,""adsDrdyPullupLevel"":0,""adsMisoPulldownLevel"":0,""adsMisoPullupLevel"":1,""adsCsLevel"":1,""adsSyncLevel"":1,""adsStatus"":54,""adsMux"":15,""adsAdcon"":6,""adsDrate"":240,""adsReason"":""ok"",""tcaOk"":true,""mcpOkCount"":8,""mcpOk"":[true,true,true,true,true,true,true,true],""mcpAddrMask"":[1,1,1,1,1,1,1,1],""mcpControlTested"":true,""mcpControlOkCount"":8,""mcpControlOk"":[true,true,true,true,true,true,true,true],""dacReady"":true,""radioReady"":true,""mlReady"":true,""nullingProfileApplied"":true,""modelProfileReady"":false},""runtimeMcpCode"":[255,519,795,706,799,865,665,139],""model"":{""profileId"":""cnn-dualbranch-datasheet-v1-unbound"",""scalerProfileId"":""cnn-dualbranch-datasheet-v1-unbound"",""productionApproved"":true,""boundNullingProfileId"":8,""activeNullingProfileId"":9,""bindingValid"":true,""bindingModelMatches"":true,""profileReady"":false,""inferenceValid"":false,""sensorFault"":true},""lora"":{""beginState"":0,""lastTxState"":0,""lastTxOk"":false,""txSeq"":0,""txCounter"":0,""aesKeyProvisioned"":true,""aesKeyPresent"":true,""aesKeySource"":""nvs"",""keyId"":1,""lastDownlinkCommandId"":0,""freqMHz"":920,""bwKHz"":125,""sf"":7,""cr"":5,""syncWord"":18,""txPowerDbm"":17,""preamble"":8,""tcxoVoltage"":1.600000024,""xtalVoltage"":0},""dataset"":{""state"":""idle"",""step"":""idle"",""label"":"""",""seq"":0,""targetSamples"":0,""sampleIntervalMs"":500,""maxDurationMs"":0,""useFanIntake"":true,""fanOnMs"":1000,""postFanSettleMs"":0,""nullingProfileId"":9,""queuePending"":0,""queueCapacity"":16,""queueEnqueued"":0,""queueDropped"":0,""publishFailCount"":0,""retryCount"":0,""retryFailCount"":0,""rejectedSamples"":0,""lastRejectReason"":""none"",""lastRejectChannel"":-1,""lastRejectOkFiniteCount"":0,""lastRejectStatus"":255,""lastRejectGain"":0,""lastRejectSaturated"":false},""recovery"":{""wifiReconnectCount"":0,""wifiReconnectFailCount"":0,""mqttReconnectCount"":0,""mqttConnectFailCount"":0,""lastMqttState"":0,""adsRecoveryCount"":0,""adsRecoveryFailCount"":0,""adsReadFailStreak"":0,""lastReason"":""none"",""lastRecoveryMs"":0,""bootRecoveryArmed"":false,""bootRecoveryDueMs"":0,""bootRecoveryReason"":""none"",""bootRecoveryNonAdsFailure"":false,""bootRecoveryRestartCount"":0},""nulling"":{""done"":false,""retryArmed"":false,""attemptCount"":0,""nextRetryMs"":0,""thresholdV"":9.999999747E-06,""minFinalV"":0},""telemetry"":{""valid"":true,""sampleMs"":6773915,""gasClass"":6,""gasName"":""CO2"",""confidence"":0,""alarm"":false,""sensorVoltage"":[0.117296711,0.004059454,0.004939194,-0.002539406,-0.009382944,-0.011549895,-0.019733997,-0.025317103],""sensorGain"":[32,64,64,64,64,64,64,64],""sensorStatus"":[0,0,0,0,0,0,0,0],""featureOrder"":[""MQ8"",""MQ135"",""MQ3"",""MQ5"",""MQ4"",""MQ7"",""MQ6"",""MQ2""]},""alarmLatched"":false}"
2026-08-04 11:13:58.684 +07:00,397.565,HOT_SWEEP_70,70,700,300,1,0,0.117143527,0.004059198,0.004926177,-0.002564474,-0.009375349,-0.011500051,-0.019711776,-0.025374416,"{""deviceId"":""1001"",""nodeId"":4097,""targetChId"":""0010"",""mode"":""inference"",""uptimeMs"":6775016,""debugEnabled"":true,""power"":{""mode"":""24v"",""externalPower"":true,""batteryMv"":65535,""batteryValid"":false,""batteryDetected"":false,""batterySenseStatus"":""not_detected"",""batteryLow"":false,""batteryCritical"":false,""sourceAmbiguous"":false,""serviceHoldActive"":false,""serviceHoldEffective"":false},""batterySession"":{""state"":""inactive"",""startedMs"":0,""stateStartedMs"":0,""validSampleBatches"":0,""requiredSampleBatches"":10,""alarmTxAttempts"":0,""alarmTxAttemptLimit"":3,""alarmAckReceived"":false,""pendingAlarm"":false,""pendingSaveRequired"":false,""persistenceFaultHold"":false,""completionReason"":""session_done""},""bootHealth"":{""adsReady"":true,""adsDrdyLevel"":0,""adsDrdyPulldownLevel"":0,""adsDrdyPullupLevel"":0,""adsMisoPulldownLevel"":0,""adsMisoPullupLevel"":1,""adsCsLevel"":1,""adsSyncLevel"":1,""adsStatus"":54,""adsMux"":15,""adsAdcon"":6,""adsDrate"":240,""adsReason"":""ok"",""tcaOk"":true,""mcpOkCount"":8,""mcpOk"":[true,true,true,true,true,true,true,true],""mcpAddrMask"":[1,1,1,1,1,1,1,1],""mcpControlTested"":true,""mcpControlOkCount"":8,""mcpControlOk"":[true,true,true,true,true,true,true,true],""dacReady"":true,""radioReady"":true,""mlReady"":true,""nullingProfileApplied"":true,""modelProfileReady"":false},""runtimeMcpCode"":[255,519,795,706,799,865,665,139],""model"":{""profileId"":""cnn-dualbranch-datasheet-v1-unbound"",""scalerProfileId"":""cnn-dualbranch-datasheet-v1-unbound"",""productionApproved"":true,""boundNullingProfileId"":8,""activeNullingProfileId"":9,""bindingValid"":true,""bindingModelMatches"":true,""profileReady"":false,""inferenceValid"":false,""sensorFault"":true},""lora"":{""beginState"":0,""lastTxState"":0,""lastTxOk"":false,""txSeq"":0,""txCounter"":0,""aesKeyProvisioned"":true,""aesKeyPresent"":true,""aesKeySource"":""nvs"",""keyId"":1,""lastDownlinkCommandId"":0,""freqMHz"":920,""bwKHz"":125,""sf"":7,""cr"":5,""syncWord"":18,""txPowerDbm"":17,""preamble"":8,""tcxoVoltage"":1.600000024,""xtalVoltage"":0},""dataset"":{""state"":""idle"",""step"":""idle"",""label"":"""",""seq"":0,""targetSamples"":0,""sampleIntervalMs"":500,""maxDurationMs"":0,""useFanIntake"":true,""fanOnMs"":1000,""postFanSettleMs"":0,""nullingProfileId"":9,""queuePending"":0,""queueCapacity"":16,""queueEnqueued"":0,""queueDropped"":0,""publishFailCount"":0,""retryCount"":0,""retryFailCount"":0,""rejectedSamples"":0,""lastRejectReason"":""none"",""lastRejectChannel"":-1,""lastRejectOkFiniteCount"":0,""lastRejectStatus"":255,""lastRejectGain"":0,""lastRejectSaturated"":false},""recovery"":{""wifiReconnectCount"":0,""wifiReconnectFailCount"":0,""mqttReconnectCount"":0,""mqttConnectFailCount"":0,""lastMqttState"":0,""adsRecoveryCount"":0,""adsRecoveryFailCount"":0,""adsReadFailStreak"":0,""lastReason"":""none"",""lastRecoveryMs"":0,""bootRecoveryArmed"":false,""bootRecoveryDueMs"":0,""bootRecoveryReason"":""none"",""bootRecoveryNonAdsFailure"":false,""bootRecoveryRestartCount"":0},""nulling"":{""done"":false,""retryArmed"":false,""attemptCount"":0,""nextRetryMs"":0,""thresholdV"":9.999999747E-06,""minFinalV"":0},""telemetry"":{""valid"":true,""sampleMs"":6774637,""gasClass"":6,""gasName"":""CO2"",""confidence"":0,""alarm"":false,""sensorVoltage"":[0.117143527,0.004059198,0.004926177,-0.002564474,-0.009375349,-0.011500051,-0.019711776,-0.025374416],""sensorGain"":[32,64,64,64,64,64,64,64],""sensorStatus"":[0,0,0,0,0,0,0,0],""featureOrder"":[""MQ8"",""MQ135"",""MQ3"",""MQ5"",""MQ4"",""MQ7"",""MQ6"",""MQ2""]},""alarmLatched"":false}"
2026-08-04 11:13:59.368 +07:00,398.249,HOT_SWEEP_70,70,700,300,1,0,0.117841348,0.004055087,0.004952005,-0.002552942,-0.009377482,-0.011590304,-0.019718822,-0.025360078,"{""deviceId"":""1001"",""nodeId"":4097,""targetChId"":""0010"",""mode"":""inference"",""uptimeMs"":6775704,""debugEnabled"":true,""power"":{""mode"":""24v"",""externalPower"":true,""batteryMv"":65535,""batteryValid"":false,""batteryDetected"":false,""batterySenseStatus"":""not_detected"",""batteryLow"":false,""batteryCritical"":false,""sourceAmbiguous"":false,""serviceHoldActive"":false,""serviceHoldEffective"":false},""batterySession"":{""state"":""inactive"",""startedMs"":0,""stateStartedMs"":0,""validSampleBatches"":0,""requiredSampleBatches"":10,""alarmTxAttempts"":0,""alarmTxAttemptLimit"":3,""alarmAckReceived"":false,""pendingAlarm"":false,""pendingSaveRequired"":false,""persistenceFaultHold"":false,""completionReason"":""session_done""},""bootHealth"":{""adsReady"":true,""adsDrdyLevel"":0,""adsDrdyPulldownLevel"":0,""adsDrdyPullupLevel"":0,""adsMisoPulldownLevel"":0,""adsMisoPullupLevel"":1,""adsCsLevel"":1,""adsSyncLevel"":1,""adsStatus"":54,""adsMux"":15,""adsAdcon"":6,""adsDrate"":240,""adsReason"":""ok"",""tcaOk"":true,""mcpOkCount"":8,""mcpOk"":[true,true,true,true,true,true,true,true],""mcpAddrMask"":[1,1,1,1,1,1,1,1],""mcpControlTested"":true,""mcpControlOkCount"":8,""mcpControlOk"":[true,true,true,true,true,true,true,true],""dacReady"":true,""radioReady"":true,""mlReady"":true,""nullingProfileApplied"":true,""modelProfileReady"":false},""runtimeMcpCode"":[255,519,795,706,799,865,665,139],""model"":{""profileId"":""cnn-dualbranch-datasheet-v1-unbound"",""scalerProfileId"":""cnn-dualbranch-datasheet-v1-unbound"",""productionApproved"":true,""boundNullingProfileId"":8,""activeNullingProfileId"":9,""bindingValid"":true,""bindingModelMatches"":true,""profileReady"":false,""inferenceValid"":false,""sensorFault"":true},""lora"":{""beginState"":0,""lastTxState"":0,""lastTxOk"":false,""txSeq"":0,""txCounter"":0,""aesKeyProvisioned"":true,""aesKeyPresent"":true,""aesKeySource"":""nvs"",""keyId"":1,""lastDownlinkCommandId"":0,""freqMHz"":920,""bwKHz"":125,""sf"":7,""cr"":5,""syncWord"":18,""txPowerDbm"":17,""preamble"":8,""tcxoVoltage"":1.600000024,""xtalVoltage"":0},""dataset"":{""state"":""idle"",""step"":""idle"",""label"":"""",""seq"":0,""targetSamples"":0,""sampleIntervalMs"":500,""maxDurationMs"":0,""useFanIntake"":true,""fanOnMs"":1000,""postFanSettleMs"":0,""nullingProfileId"":9,""queuePending"":0,""queueCapacity"":16,""queueEnqueued"":0,""queueDropped"":0,""publishFailCount"":0,""retryCount"":0,""retryFailCount"":0,""rejectedSamples"":0,""lastRejectReason"":""none"",""lastRejectChannel"":-1,""lastRejectOkFiniteCount"":0,""lastRejectStatus"":255,""lastRejectGain"":0,""lastRejectSaturated"":false},""recovery"":{""wifiReconnectCount"":0,""wifiReconnectFailCount"":0,""mqttReconnectCount"":0,""mqttConnectFailCount"":0,""lastMqttState"":0,""adsRecoveryCount"":0,""adsRecoveryFailCount"":0,""adsReadFailStreak"":0,""lastReason"":""none"",""lastRecoveryMs"":0,""bootRecoveryArmed"":false,""bootRecoveryDueMs"":0,""bootRecoveryReason"":""none"",""bootRecoveryNonAdsFailure"":false,""bootRecoveryRestartCount"":0},""nulling"":{""done"":false,""retryArmed"":false,""attemptCount"":0,""nextRetryMs"":0,""thresholdV"":9.999999747E-06,""minFinalV"":0},""telemetry"":{""valid"":true,""sampleMs"":6775294,""gasClass"":6,""gasName"":""CO2"",""confidence"":0,""alarm"":false,""sensorVoltage"":[0.117841348,0.004055087,0.004952005,-0.002552942,-0.009377482,-0.011590304,-0.019718822,-0.025360078],""sensorGain"":[32,64,64,64,64,64,64,64],""sensorStatus"":[0,0,0,0,0,0,0,0],""featureOrder"":[""MQ8"",""MQ135"",""MQ3"",""MQ5"",""MQ4"",""MQ7"",""MQ6"",""MQ2""]},""alarmLatched"":false}"
2026-08-04 11:14:00.075 +07:00,398.940,HOT_SWEEP_70,70,700,300,1,0,0.117779396,0.004098584,0.004923617,-0.002542411,-0.009385182,-0.011575692,-0.019712631,-0.025337961,"{""deviceId"":""1001"",""nodeId"":4097,""targetChId"":""0010"",""mode"":""inference"",""uptimeMs"":6776406,""debugEnabled"":true,""power"":{""mode"":""24v"",""externalPower"":true,""batteryMv"":65535,""batteryValid"":false,""batteryDetected"":false,""batterySenseStatus"":""not_detected"",""batteryLow"":false,""batteryCritical"":false,""sourceAmbiguous"":false,""serviceHoldActive"":false,""serviceHoldEffective"":false},""batterySession"":{""state"":""inactive"",""startedMs"":0,""stateStartedMs"":0,""validSampleBatches"":0,""requiredSampleBatches"":10,""alarmTxAttempts"":0,""alarmTxAttemptLimit"":3,""alarmAckReceived"":false,""pendingAlarm"":false,""pendingSaveRequired"":false,""persistenceFaultHold"":false,""completionReason"":""session_done""},""bootHealth"":{""adsReady"":true,""adsDrdyLevel"":0,""adsDrdyPulldownLevel"":0,""adsDrdyPullupLevel"":0,""adsMisoPulldownLevel"":0,""adsMisoPullupLevel"":1,""adsCsLevel"":1,""adsSyncLevel"":1,""adsStatus"":54,""adsMux"":15,""adsAdcon"":6,""adsDrate"":240,""adsReason"":""ok"",""tcaOk"":true,""mcpOkCount"":8,""mcpOk"":[true,true,true,true,true,true,true,true],""mcpAddrMask"":[1,1,1,1,1,1,1,1],""mcpControlTested"":true,""mcpControlOkCount"":8,""mcpControlOk"":[true,true,true,true,true,true,true,true],""dacReady"":true,""radioReady"":true,""mlReady"":true,""nullingProfileApplied"":true,""modelProfileReady"":false},""runtimeMcpCode"":[255,519,795,706,799,865,665,139],""model"":{""profileId"":""cnn-dualbranch-datasheet-v1-unbound"",""scalerProfileId"":""cnn-dualbranch-datasheet-v1-unbound"",""productionApproved"":true,""boundNullingProfileId"":8,""activeNullingProfileId"":9,""bindingValid"":true,""bindingModelMatches"":true,""profileReady"":false,""inferenceValid"":false,""sensorFault"":true},""lora"":{""beginState"":0,""lastTxState"":0,""lastTxOk"":false,""txSeq"":0,""txCounter"":0,""aesKeyProvisioned"":true,""aesKeyPresent"":true,""aesKeySource"":""nvs"",""keyId"":1,""lastDownlinkCommandId"":0,""freqMHz"":920,""bwKHz"":125,""sf"":7,""cr"":5,""syncWord"":18,""txPowerDbm"":17,""preamble"":8,""tcxoVoltage"":1.600000024,""xtalVoltage"":0},""dataset"":{""state"":""idle"",""step"":""idle"",""label"":"""",""seq"":0,""targetSamples"":0,""sampleIntervalMs"":500,""maxDurationMs"":0,""useFanIntake"":true,""fanOnMs"":1000,""postFanSettleMs"":0,""nullingProfileId"":9,""queuePending"":0,""queueCapacity"":16,""queueEnqueued"":0,""queueDropped"":0,""publishFailCount"":0,""retryCount"":0,""retryFailCount"":0,""rejectedSamples"":0,""lastRejectReason"":""none"",""lastRejectChannel"":-1,""lastRejectOkFiniteCount"":0,""lastRejectStatus"":255,""lastRejectGain"":0,""lastRejectSaturated"":false},""recovery"":{""wifiReconnectCount"":0,""wifiReconnectFailCount"":0,""mqttReconnectCount"":0,""mqttConnectFailCount"":0,""lastMqttState"":0,""adsRecoveryCount"":0,""adsRecoveryFailCount"":0,""adsReadFailStreak"":0,""lastReason"":""none"",""lastRecoveryMs"":0,""bootRecoveryArmed"":false,""bootRecoveryDueMs"":0,""bootRecoveryReason"":""none"",""bootRecoveryNonAdsFailure"":false,""bootRecoveryRestartCount"":0},""nulling"":{""done"":false,""retryArmed"":false,""attemptCount"":0,""nextRetryMs"":0,""thresholdV"":9.999999747E-06,""minFinalV"":0},""telemetry"":{""valid"":true,""sampleMs"":6775982,""gasClass"":6,""gasName"":""CO2"",""confidence"":0,""alarm"":false,""sensorVoltage"":[0.117779396,0.004098584,0.004923617,-0.002542411,-0.009385182,-0.011575692,-0.019712631,-0.025337961],""sensorGain"":[32,64,64,64,64,64,64,64],""sensorStatus"":[0,0,0,0,0,0,0,0],""featureOrder"":[""MQ8"",""MQ135"",""MQ3"",""MQ5"",""MQ4"",""MQ7"",""MQ6"",""MQ2""]},""alarmLatched"":false}"
2026-08-04 11:14:00.760 +07:00,399.641,HOT_SWEEP_70,70,700,300,1,0,0.117605902,0.004106117,0.004917778,-0.002546503,-0.009409648,-0.011588557,-0.019701652,-0.025338352,"{""deviceId"":""1001"",""nodeId"":4097,""targetChId"":""0010"",""mode"":""inference"",""uptimeMs"":6777093,""debugEnabled"":true,""power"":{""mode"":""24v"",""externalPower"":true,""batteryMv"":65535,""batteryValid"":false,""batteryDetected"":false,""batterySenseStatus"":""not_detected"",""batteryLow"":false,""batteryCritical"":false,""sourceAmbiguous"":false,""serviceHoldActive"":false,""serviceHoldEffective"":false},""batterySession"":{""state"":""inactive"",""startedMs"":0,""stateStartedMs"":0,""validSampleBatches"":0,""requiredSampleBatches"":10,""alarmTxAttempts"":0,""alarmTxAttemptLimit"":3,""alarmAckReceived"":false,""pendingAlarm"":false,""pendingSaveRequired"":false,""persistenceFaultHold"":false,""completionReason"":""session_done""},""bootHealth"":{""adsReady"":true,""adsDrdyLevel"":0,""adsDrdyPulldownLevel"":0,""adsDrdyPullupLevel"":0,""adsMisoPulldownLevel"":0,""adsMisoPullupLevel"":1,""adsCsLevel"":1,""adsSyncLevel"":1,""adsStatus"":54,""adsMux"":15,""adsAdcon"":6,""adsDrate"":240,""adsReason"":""ok"",""tcaOk"":true,""mcpOkCount"":8,""mcpOk"":[true,true,true,true,true,true,true,true],""mcpAddrMask"":[1,1,1,1,1,1,1,1],""mcpControlTested"":true,""mcpControlOkCount"":8,""mcpControlOk"":[true,true,true,true,true,true,true,true],""dacReady"":true,""radioReady"":true,""mlReady"":true,""nullingProfileApplied"":true,""modelProfileReady"":false},""runtimeMcpCode"":[255,519,795,706,799,865,665,139],""model"":{""profileId"":""cnn-dualbranch-datasheet-v1-unbound"",""scalerProfileId"":""cnn-dualbranch-datasheet-v1-unbound"",""productionApproved"":true,""boundNullingProfileId"":8,""activeNullingProfileId"":9,""bindingValid"":true,""bindingModelMatches"":true,""profileReady"":false,""inferenceValid"":false,""sensorFault"":true},""lora"":{""beginState"":0,""lastTxState"":0,""lastTxOk"":false,""txSeq"":0,""txCounter"":0,""aesKeyProvisioned"":true,""aesKeyPresent"":true,""aesKeySource"":""nvs"",""keyId"":1,""lastDownlinkCommandId"":0,""freqMHz"":920,""bwKHz"":125,""sf"":7,""cr"":5,""syncWord"":18,""txPowerDbm"":17,""preamble"":8,""tcxoVoltage"":1.600000024,""xtalVoltage"":0},""dataset"":{""state"":""idle"",""step"":""idle"",""label"":"""",""seq"":0,""targetSamples"":0,""sampleIntervalMs"":500,""maxDurationMs"":0,""useFanIntake"":true,""fanOnMs"":1000,""postFanSettleMs"":0,""nullingProfileId"":9,""queuePending"":0,""queueCapacity"":16,""queueEnqueued"":0,""queueDropped"":0,""publishFailCount"":0,""retryCount"":0,""retryFailCount"":0,""rejectedSamples"":0,""lastRejectReason"":""none"",""lastRejectChannel"":-1,""lastRejectOkFiniteCount"":0,""lastRejectStatus"":255,""lastRejectGain"":0,""lastRejectSaturated"":false},""recovery"":{""wifiReconnectCount"":0,""wifiReconnectFailCount"":0,""mqttReconnectCount"":0,""mqttConnectFailCount"":0,""lastMqttState"":0,""adsRecoveryCount"":0,""adsRecoveryFailCount"":0,""adsReadFailStreak"":0,""lastReason"":""none"",""lastRecoveryMs"":0,""bootRecoveryArmed"":false,""bootRecoveryDueMs"":0,""bootRecoveryReason"":""none"",""bootRecoveryNonAdsFailure"":false,""bootRecoveryRestartCount"":0},""nulling"":{""done"":false,""retryArmed"":false,""attemptCount"":0,""nextRetryMs"":0,""thresholdV"":9.999999747E-06,""minFinalV"":0},""telemetry"":{""valid"":true,""sampleMs"":6776716,""gasClass"":6,""gasName"":""CO2"",""confidence"":0,""alarm"":false,""sensorVoltage"":[0.117605902,0.004106117,0.004917778,-0.002546503,-0.009409648,-0.011588557,-0.019701652,-0.025338352],""sensorGain"":[32,64,64,64,64,64,64,64],""sensorStatus"":[0,0,0,0,0,0,0,0],""featureOrder"":[""MQ8"",""MQ135"",""MQ3"",""MQ5"",""MQ4"",""MQ7"",""MQ6"",""MQ2""]},""alarmLatched"":false}"
2026-08-04 11:14:01.460 +07:00,400.340,HOT_SWEEP_70,70,700,300,1,0,0.117582247,0.004083704,0.004911863,-0.002558208,-0.009360206,-0.011579519,-0.019720653,-0.0253975,"{""deviceId"":""1001"",""nodeId"":4097,""targetChId"":""0010"",""mode"":""inference"",""uptimeMs"":6777776,""debugEnabled"":true,""power"":{""mode"":""24v"",""externalPower"":true,""batteryMv"":65535,""batteryValid"":false,""batteryDetected"":false,""batterySenseStatus"":""not_detected"",""batteryLow"":false,""batteryCritical"":false,""sourceAmbiguous"":false,""serviceHoldActive"":false,""serviceHoldEffective"":false},""batterySession"":{""state"":""inactive"",""startedMs"":0,""stateStartedMs"":0,""validSampleBatches"":0,""requiredSampleBatches"":10,""alarmTxAttempts"":0,""alarmTxAttemptLimit"":3,""alarmAckReceived"":false,""pendingAlarm"":false,""pendingSaveRequired"":false,""persistenceFaultHold"":false,""completionReason"":""session_done""},""bootHealth"":{""adsReady"":true,""adsDrdyLevel"":0,""adsDrdyPulldownLevel"":0,""adsDrdyPullupLevel"":0,""adsMisoPulldownLevel"":0,""adsMisoPullupLevel"":1,""adsCsLevel"":1,""adsSyncLevel"":1,""adsStatus"":54,""adsMux"":15,""adsAdcon"":6,""adsDrate"":240,""adsReason"":""ok"",""tcaOk"":true,""mcpOkCount"":8,""mcpOk"":[true,true,true,true,true,true,true,true],""mcpAddrMask"":[1,1,1,1,1,1,1,1],""mcpControlTested"":true,""mcpControlOkCount"":8,""mcpControlOk"":[true,true,true,true,true,true,true,true],""dacReady"":true,""radioReady"":true,""mlReady"":true,""nullingProfileApplied"":true,""modelProfileReady"":false},""runtimeMcpCode"":[255,519,795,706,799,865,665,139],""model"":{""profileId"":""cnn-dualbranch-datasheet-v1-unbound"",""scalerProfileId"":""cnn-dualbranch-datasheet-v1-unbound"",""productionApproved"":true,""boundNullingProfileId"":8,""activeNullingProfileId"":9,""bindingValid"":true,""bindingModelMatches"":true,""profileReady"":false,""inferenceValid"":false,""sensorFault"":true},""lora"":{""beginState"":0,""lastTxState"":0,""lastTxOk"":false,""txSeq"":0,""txCounter"":0,""aesKeyProvisioned"":true,""aesKeyPresent"":true,""aesKeySource"":""nvs"",""keyId"":1,""lastDownlinkCommandId"":0,""freqMHz"":920,""bwKHz"":125,""sf"":7,""cr"":5,""syncWord"":18,""txPowerDbm"":17,""preamble"":8,""tcxoVoltage"":1.600000024,""xtalVoltage"":0},""dataset"":{""state"":""idle"",""step"":""idle"",""label"":"""",""seq"":0,""targetSamples"":0,""sampleIntervalMs"":500,""maxDurationMs"":0,""useFanIntake"":true,""fanOnMs"":1000,""postFanSettleMs"":0,""nullingProfileId"":9,""queuePending"":0,""queueCapacity"":16,""queueEnqueued"":0,""queueDropped"":0,""publishFailCount"":0,""retryCount"":0,""retryFailCount"":0,""rejectedSamples"":0,""lastRejectReason"":""none"",""lastRejectChannel"":-1,""lastRejectOkFiniteCount"":0,""lastRejectStatus"":255,""lastRejectGain"":0,""lastRejectSaturated"":false},""recovery"":{""wifiReconnectCount"":0,""wifiReconnectFailCount"":0,""mqttReconnectCount"":0,""mqttConnectFailCount"":0,""lastMqttState"":0,""adsRecoveryCount"":0,""adsRecoveryFailCount"":0,""adsReadFailStreak"":0,""lastReason"":""none"",""lastRecoveryMs"":0,""bootRecoveryArmed"":false,""bootRecoveryDueMs"":0,""bootRecoveryReason"":""none"",""bootRecoveryNonAdsFailure"":false,""bootRecoveryRestartCount"":0},""nulling"":{""done"":false,""retryArmed"":false,""attemptCount"":0,""nextRetryMs"":0,""thresholdV"":9.999999747E-06,""minFinalV"":0},""telemetry"":{""valid"":true,""sampleMs"":6777371,""gasClass"":6,""gasName"":""CO2"",""confidence"":0,""alarm"":false,""sensorVoltage"":[0.117582247,0.004083704,0.004911863,-0.002558208,-0.009360206,-0.011579519,-0.019720653,-0.0253975],""sensorGain"":[32,64,64,64,64,64,64,64],""sensorStatus"":[0,0,0,0,0,0,0,0],""featureOrder"":[""MQ8"",""MQ135"",""MQ3"",""MQ5"",""MQ4"",""MQ7"",""MQ6"",""MQ2""]},""alarmLatched"":false}"
2026-08-04 11:14:02.140 +07:00,401.021,HOT_SWEEP_70,70,700,300,1,0,0.118047141,0.004017711,0.004876215,-0.002549945,-0.009373236,-0.011581572,-0.01936676,-0.024955288,"{""deviceId"":""1001"",""nodeId"":4097,""targetChId"":""0010"",""mode"":""inference"",""uptimeMs"":6778474,""debugEnabled"":true,""power"":{""mode"":""24v"",""externalPower"":true,""batteryMv"":65535,""batteryValid"":false,""batteryDetected"":false,""batterySenseStatus"":""not_detected"",""batteryLow"":false,""batteryCritical"":false,""sourceAmbiguous"":false,""serviceHoldActive"":false,""serviceHoldEffective"":false},""batterySession"":{""state"":""inactive"",""startedMs"":0,""stateStartedMs"":0,""validSampleBatches"":0,""requiredSampleBatches"":10,""alarmTxAttempts"":0,""alarmTxAttemptLimit"":3,""alarmAckReceived"":false,""pendingAlarm"":false,""pendingSaveRequired"":false,""persistenceFaultHold"":false,""completionReason"":""session_done""},""bootHealth"":{""adsReady"":true,""adsDrdyLevel"":0,""adsDrdyPulldownLevel"":0,""adsDrdyPullupLevel"":0,""adsMisoPulldownLevel"":0,""adsMisoPullupLevel"":1,""adsCsLevel"":1,""adsSyncLevel"":1,""adsStatus"":54,""adsMux"":15,""adsAdcon"":6,""adsDrate"":240,""adsReason"":""ok"",""tcaOk"":true,""mcpOkCount"":8,""mcpOk"":[true,true,true,true,true,true,true,true],""mcpAddrMask"":[1,1,1,1,1,1,1,1],""mcpControlTested"":true,""mcpControlOkCount"":8,""mcpControlOk"":[true,true,true,true,true,true,true,true],""dacReady"":true,""radioReady"":true,""mlReady"":true,""nullingProfileApplied"":true,""modelProfileReady"":false},""runtimeMcpCode"":[255,519,795,706,799,865,665,139],""model"":{""profileId"":""cnn-dualbranch-datasheet-v1-unbound"",""scalerProfileId"":""cnn-dualbranch-datasheet-v1-unbound"",""productionApproved"":true,""boundNullingProfileId"":8,""activeNullingProfileId"":9,""bindingValid"":true,""bindingModelMatches"":true,""profileReady"":false,""inferenceValid"":false,""sensorFault"":true},""lora"":{""beginState"":0,""lastTxState"":0,""lastTxOk"":false,""txSeq"":0,""txCounter"":0,""aesKeyProvisioned"":true,""aesKeyPresent"":true,""aesKeySource"":""nvs"",""keyId"":1,""lastDownlinkCommandId"":0,""freqMHz"":920,""bwKHz"":125,""sf"":7,""cr"":5,""syncWord"":18,""txPowerDbm"":17,""preamble"":8,""tcxoVoltage"":1.600000024,""xtalVoltage"":0},""dataset"":{""state"":""idle"",""step"":""idle"",""label"":"""",""seq"":0,""targetSamples"":0,""sampleIntervalMs"":500,""maxDurationMs"":0,""useFanIntake"":true,""fanOnMs"":1000,""postFanSettleMs"":0,""nullingProfileId"":9,""queuePending"":0,""queueCapacity"":16,""queueEnqueued"":0,""queueDropped"":0,""publishFailCount"":0,""retryCount"":0,""retryFailCount"":0,""rejectedSamples"":0,""lastRejectReason"":""none"",""lastRejectChannel"":-1,""lastRejectOkFiniteCount"":0,""lastRejectStatus"":255,""lastRejectGain"":0,""lastRejectSaturated"":false},""recovery"":{""wifiReconnectCount"":0,""wifiReconnectFailCount"":0,""mqttReconnectCount"":0,""mqttConnectFailCount"":0,""lastMqttState"":0,""adsRecoveryCount"":0,""adsRecoveryFailCount"":0,""adsReadFailStreak"":0,""lastReason"":""none"",""lastRecoveryMs"":0,""bootRecoveryArmed"":false,""bootRecoveryDueMs"":0,""bootRecoveryReason"":""none"",""bootRecoveryNonAdsFailure"":false,""bootRecoveryRestartCount"":0},""nulling"":{""done"":false,""retryArmed"":false,""attemptCount"":0,""nextRetryMs"":0,""thresholdV"":9.999999747E-06,""minFinalV"":0},""telemetry"":{""valid"":true,""sampleMs"":6778054,""gasClass"":6,""gasName"":""CO2"",""confidence"":0,""alarm"":false,""sensorVoltage"":[0.118047141,0.004017711,0.004876215,-0.002549945,-0.009373236,-0.011581572,-0.01936676,-0.024955288],""sensorGain"":[32,64,64,64,64,64,64,64],""sensorStatus"":[0,0,0,0,0,0,0,0],""featureOrder"":[""MQ8"",""MQ135"",""MQ3"",""MQ5"",""MQ4"",""MQ7"",""MQ6"",""MQ2""]},""alarmLatched"":false}"
2026-08-04 11:14:02.820 +07:00,401.701,HOT_SWEEP_70,70,700,300,1,0,0.117921807,0.004007175,0.004868697,-0.002563362,-0.009370878,-0.011607299,-0.019441266,-0.025455469,"{""deviceId"":""1001"",""nodeId"":4097,""targetChId"":""0010"",""mode"":""inference"",""uptimeMs"":6779151,""debugEnabled"":true,""power"":{""mode"":""24v"",""externalPower"":true,""batteryMv"":65535,""batteryValid"":false,""batteryDetected"":false,""batterySenseStatus"":""not_detected"",""batteryLow"":false,""batteryCritical"":false,""sourceAmbiguous"":false,""serviceHoldActive"":false,""serviceHoldEffective"":false},""batterySession"":{""state"":""inactive"",""startedMs"":0,""stateStartedMs"":0,""validSampleBatches"":0,""requiredSampleBatches"":10,""alarmTxAttempts"":0,""alarmTxAttemptLimit"":3,""alarmAckReceived"":false,""pendingAlarm"":false,""pendingSaveRequired"":false,""persistenceFaultHold"":false,""completionReason"":""session_done""},""bootHealth"":{""adsReady"":true,""adsDrdyLevel"":0,""adsDrdyPulldownLevel"":0,""adsDrdyPullupLevel"":0,""adsMisoPulldownLevel"":0,""adsMisoPullupLevel"":1,""adsCsLevel"":1,""adsSyncLevel"":1,""adsStatus"":54,""adsMux"":15,""adsAdcon"":6,""adsDrate"":240,""adsReason"":""ok"",""tcaOk"":true,""mcpOkCount"":8,""mcpOk"":[true,true,true,true,true,true,true,true],""mcpAddrMask"":[1,1,1,1,1,1,1,1],""mcpControlTested"":true,""mcpControlOkCount"":8,""mcpControlOk"":[true,true,true,true,true,true,true,true],""dacReady"":true,""radioReady"":true,""mlReady"":true,""nullingProfileApplied"":true,""modelProfileReady"":false},""runtimeMcpCode"":[255,519,795,706,799,865,665,139],""model"":{""profileId"":""cnn-dualbranch-datasheet-v1-unbound"",""scalerProfileId"":""cnn-dualbranch-datasheet-v1-unbound"",""productionApproved"":true,""boundNullingProfileId"":8,""activeNullingProfileId"":9,""bindingValid"":true,""bindingModelMatches"":true,""profileReady"":false,""inferenceValid"":false,""sensorFault"":true},""lora"":{""beginState"":0,""lastTxState"":0,""lastTxOk"":false,""txSeq"":0,""txCounter"":0,""aesKeyProvisioned"":true,""aesKeyPresent"":true,""aesKeySource"":""nvs"",""keyId"":1,""lastDownlinkCommandId"":0,""freqMHz"":920,""bwKHz"":125,""sf"":7,""cr"":5,""syncWord"":18,""txPowerDbm"":17,""preamble"":8,""tcxoVoltage"":1.600000024,""xtalVoltage"":0},""dataset"":{""state"":""idle"",""step"":""idle"",""label"":"""",""seq"":0,""targetSamples"":0,""sampleIntervalMs"":500,""maxDurationMs"":0,""useFanIntake"":true,""fanOnMs"":1000,""postFanSettleMs"":0,""nullingProfileId"":9,""queuePending"":0,""queueCapacity"":16,""queueEnqueued"":0,""queueDropped"":0,""publishFailCount"":0,""retryCount"":0,""retryFailCount"":0,""rejectedSamples"":0,""lastRejectReason"":""none"",""lastRejectChannel"":-1,""lastRejectOkFiniteCount"":0,""lastRejectStatus"":255,""lastRejectGain"":0,""lastRejectSaturated"":false},""recovery"":{""wifiReconnectCount"":0,""wifiReconnectFailCount"":0,""mqttReconnectCount"":0,""mqttConnectFailCount"":0,""lastMqttState"":0,""adsRecoveryCount"":0,""adsRecoveryFailCount"":0,""adsReadFailStreak"":0,""lastReason"":""none"",""lastRecoveryMs"":0,""bootRecoveryArmed"":false,""bootRecoveryDueMs"":0,""bootRecoveryReason"":""none"",""bootRecoveryNonAdsFailure"":false,""bootRecoveryRestartCount"":0},""nulling"":{""done"":false,""retryArmed"":false,""attemptCount"":0,""nextRetryMs"":0,""thresholdV"":9.999999747E-06,""minFinalV"":0},""telemetry"":{""valid"":true,""sampleMs"":6778784,""gasClass"":6,""gasName"":""CO2"",""confidence"":0,""alarm"":false,""sensorVoltage"":[0.117921807,0.004007175,0.004868697,-0.002563362,-0.009370878,-0.011607299,-0.019441266,-0.025455469],""sensorGain"":[32,64,64,64,64,64,64,64],""sensorStatus"":[0,0,0,0,0,0,0,0],""featureOrder"":[""MQ8"",""MQ135"",""MQ3"",""MQ5"",""MQ4"",""MQ7"",""MQ6"",""MQ2""]},""alarmLatched"":false}"
2026-08-04 11:14:03.508 +07:00,402.383,HOT_SWEEP_70,70,700,300,1,0,0.117762551,0.004009453,0.004870798,-0.00257863,-0.009389514,-0.011618916,-0.019457523,-0.025460307,"{""deviceId"":""1001"",""nodeId"":4097,""targetChId"":""0010"",""mode"":""inference"",""uptimeMs"":6779839,""debugEnabled"":true,""power"":{""mode"":""24v"",""externalPower"":true,""batteryMv"":65535,""batteryValid"":false,""batteryDetected"":false,""batterySenseStatus"":""not_detected"",""batteryLow"":false,""batteryCritical"":false,""sourceAmbiguous"":false,""serviceHoldActive"":false,""serviceHoldEffective"":false},""batterySession"":{""state"":""inactive"",""startedMs"":0,""stateStartedMs"":0,""validSampleBatches"":0,""requiredSampleBatches"":10,""alarmTxAttempts"":0,""alarmTxAttemptLimit"":3,""alarmAckReceived"":false,""pendingAlarm"":false,""pendingSaveRequired"":false,""persistenceFaultHold"":false,""completionReason"":""session_done""},""bootHealth"":{""adsReady"":true,""adsDrdyLevel"":0,""adsDrdyPulldownLevel"":0,""adsDrdyPullupLevel"":0,""adsMisoPulldownLevel"":0,""adsMisoPullupLevel"":1,""adsCsLevel"":1,""adsSyncLevel"":1,""adsStatus"":54,""adsMux"":15,""adsAdcon"":6,""adsDrate"":240,""adsReason"":""ok"",""tcaOk"":true,""mcpOkCount"":8,""mcpOk"":[true,true,true,true,true,true,true,true],""mcpAddrMask"":[1,1,1,1,1,1,1,1],""mcpControlTested"":true,""mcpControlOkCount"":8,""mcpControlOk"":[true,true,true,true,true,true,true,true],""dacReady"":true,""radioReady"":true,""mlReady"":true,""nullingProfileApplied"":true,""modelProfileReady"":false},""runtimeMcpCode"":[255,519,795,706,799,865,665,139],""model"":{""profileId"":""cnn-dualbranch-datasheet-v1-unbound"",""scalerProfileId"":""cnn-dualbranch-datasheet-v1-unbound"",""productionApproved"":true,""boundNullingProfileId"":8,""activeNullingProfileId"":9,""bindingValid"":true,""bindingModelMatches"":true,""profileReady"":false,""inferenceValid"":false,""sensorFault"":true},""lora"":{""beginState"":0,""lastTxState"":0,""lastTxOk"":false,""txSeq"":0,""txCounter"":0,""aesKeyProvisioned"":true,""aesKeyPresent"":true,""aesKeySource"":""nvs"",""keyId"":1,""lastDownlinkCommandId"":0,""freqMHz"":920,""bwKHz"":125,""sf"":7,""cr"":5,""syncWord"":18,""txPowerDbm"":17,""preamble"":8,""tcxoVoltage"":1.600000024,""xtalVoltage"":0},""dataset"":{""state"":""idle"",""step"":""idle"",""label"":"""",""seq"":0,""targetSamples"":0,""sampleIntervalMs"":500,""maxDurationMs"":0,""useFanIntake"":true,""fanOnMs"":1000,""postFanSettleMs"":0,""nullingProfileId"":9,""queuePending"":0,""queueCapacity"":16,""queueEnqueued"":0,""queueDropped"":0,""publishFailCount"":0,""retryCount"":0,""retryFailCount"":0,""rejectedSamples"":0,""lastRejectReason"":""none"",""lastRejectChannel"":-1,""lastRejectOkFiniteCount"":0,""lastRejectStatus"":255,""lastRejectGain"":0,""lastRejectSaturated"":false},""recovery"":{""wifiReconnectCount"":0,""wifiReconnectFailCount"":0,""mqttReconnectCount"":0,""mqttConnectFailCount"":0,""lastMqttState"":0,""adsRecoveryCount"":0,""adsRecoveryFailCount"":0,""adsReadFailStreak"":0,""lastReason"":""none"",""lastRecoveryMs"":0,""bootRecoveryArmed"":false,""bootRecoveryDueMs"":0,""bootRecoveryReason"":""none"",""bootRecoveryNonAdsFailure"":false,""bootRecoveryRestartCount"":0},""nulling"":{""done"":false,""retryArmed"":false,""attemptCount"":0,""nextRetryMs"":0,""thresholdV"":9.999999747E-06,""minFinalV"":0},""telemetry"":{""valid"":true,""sampleMs"":6779429,""gasClass"":6,""gasName"":""CO2"",""confidence"":0,""alarm"":false,""sensorVoltage"":[0.117762551,0.004009453,0.004870798,-0.00257863,-0.009389514,-0.011618916,-0.019457523,-0.025460307],""sensorGain"":[32,64,64,64,64,64,64,64],""sensorStatus"":[0,0,0,0,0,0,0,0],""featureOrder"":[""MQ8"",""MQ135"",""MQ3"",""MQ5"",""MQ4"",""MQ7"",""MQ6"",""MQ2""]},""alarmLatched"":false}"
2026-08-04 11:14:04.185 +07:00,403.066,HOT_SWEEP_70,70,700,300,1,0,0.118432999,0.004015803,0.004884172,-0.002641765,-0.00911128,-0.011314752,-0.019116512,-0.024941025,"{""deviceId"":""1001"",""nodeId"":4097,""targetChId"":""0010"",""mode"":""inference"",""uptimeMs"":6780521,""debugEnabled"":true,""power"":{""mode"":""24v"",""externalPower"":true,""batteryMv"":65535,""batteryValid"":false,""batteryDetected"":false,""batterySenseStatus"":""not_detected"",""batteryLow"":false,""batteryCritical"":false,""sourceAmbiguous"":false,""serviceHoldActive"":false,""serviceHoldEffective"":false},""batterySession"":{""state"":""inactive"",""startedMs"":0,""stateStartedMs"":0,""validSampleBatches"":0,""requiredSampleBatches"":10,""alarmTxAttempts"":0,""alarmTxAttemptLimit"":3,""alarmAckReceived"":false,""pendingAlarm"":false,""pendingSaveRequired"":false,""persistenceFaultHold"":false,""completionReason"":""session_done""},""bootHealth"":{""adsReady"":true,""adsDrdyLevel"":0,""adsDrdyPulldownLevel"":0,""adsDrdyPullupLevel"":0,""adsMisoPulldownLevel"":0,""adsMisoPullupLevel"":1,""adsCsLevel"":1,""adsSyncLevel"":1,""adsStatus"":54,""adsMux"":15,""adsAdcon"":6,""adsDrate"":240,""adsReason"":""ok"",""tcaOk"":true,""mcpOkCount"":8,""mcpOk"":[true,true,true,true,true,true,true,true],""mcpAddrMask"":[1,1,1,1,1,1,1,1],""mcpControlTested"":true,""mcpControlOkCount"":8,""mcpControlOk"":[true,true,true,true,true,true,true,true],""dacReady"":true,""radioReady"":true,""mlReady"":true,""nullingProfileApplied"":true,""modelProfileReady"":false},""runtimeMcpCode"":[255,519,795,706,799,865,665,139],""model"":{""profileId"":""cnn-dualbranch-datasheet-v1-unbound"",""scalerProfileId"":""cnn-dualbranch-datasheet-v1-unbound"",""productionApproved"":true,""boundNullingProfileId"":8,""activeNullingProfileId"":9,""bindingValid"":true,""bindingModelMatches"":true,""profileReady"":false,""inferenceValid"":false,""sensorFault"":true},""lora"":{""beginState"":0,""lastTxState"":0,""lastTxOk"":false,""txSeq"":0,""txCounter"":0,""aesKeyProvisioned"":true,""aesKeyPresent"":true,""aesKeySource"":""nvs"",""keyId"":1,""lastDownlinkCommandId"":0,""freqMHz"":920,""bwKHz"":125,""sf"":7,""cr"":5,""syncWord"":18,""txPowerDbm"":17,""preamble"":8,""tcxoVoltage"":1.600000024,""xtalVoltage"":0},""dataset"":{""state"":""idle"",""step"":""idle"",""label"":"""",""seq"":0,""targetSamples"":0,""sampleIntervalMs"":500,""maxDurationMs"":0,""useFanIntake"":true,""fanOnMs"":1000,""postFanSettleMs"":0,""nullingProfileId"":9,""queuePending"":0,""queueCapacity"":16,""queueEnqueued"":0,""queueDropped"":0,""publishFailCount"":0,""retryCount"":0,""retryFailCount"":0,""rejectedSamples"":0,""lastRejectReason"":""none"",""lastRejectChannel"":-1,""lastRejectOkFiniteCount"":0,""lastRejectStatus"":255,""lastRejectGain"":0,""lastRejectSaturated"":false},""recovery"":{""wifiReconnectCount"":0,""wifiReconnectFailCount"":0,""mqttReconnectCount"":0,""mqttConnectFailCount"":0,""lastMqttState"":0,""adsRecoveryCount"":0,""adsRecoveryFailCount"":0,""adsReadFailStreak"":0,""lastReason"":""none"",""lastRecoveryMs"":0,""bootRecoveryArmed"":false,""bootRecoveryDueMs"":0,""bootRecoveryReason"":""none"",""bootRecoveryNonAdsFailure"":false,""bootRecoveryRestartCount"":0},""nulling"":{""done"":false,""retryArmed"":false,""attemptCount"":0,""nextRetryMs"":0,""thresholdV"":9.999999747E-06,""minFinalV"":0},""telemetry"":{""valid"":true,""sampleMs"":6780117,""gasClass"":6,""gasName"":""CO2"",""confidence"":0,""alarm"":false,""sensorVoltage"":[0.118432999,0.004015803,0.004884172,-0.002641765,-0.00911128,-0.011314752,-0.019116512,-0.024941025],""sensorGain"":[32,64,64,64,64,64,64,64],""sensorStatus"":[0,0,0,0,0,0,0,0],""featureOrder"":[""MQ8"",""MQ135"",""MQ3"",""MQ5"",""MQ4"",""MQ7"",""MQ6"",""MQ2""]},""alarmLatched"":false}"
2026-08-04 11:14:04.864 +07:00,403.745,HOT_SWEEP_70,70,700,300,1,0,0.118088149,0.004015454,0.004882336,-0.002640994,-0.009363297,-0.011593143,-0.019514991,-0.025379861,"{""deviceId"":""1001"",""nodeId"":4097,""targetChId"":""0010"",""mode"":""inference"",""uptimeMs"":6781200,""debugEnabled"":true,""power"":{""mode"":""24v"",""externalPower"":true,""batteryMv"":65535,""batteryValid"":false,""batteryDetected"":false,""batterySenseStatus"":""not_detected"",""batteryLow"":false,""batteryCritical"":false,""sourceAmbiguous"":false,""serviceHoldActive"":false,""serviceHoldEffective"":false},""batterySession"":{""state"":""inactive"",""startedMs"":0,""stateStartedMs"":0,""validSampleBatches"":0,""requiredSampleBatches"":10,""alarmTxAttempts"":0,""alarmTxAttemptLimit"":3,""alarmAckReceived"":false,""pendingAlarm"":false,""pendingSaveRequired"":false,""persistenceFaultHold"":false,""completionReason"":""session_done""},""bootHealth"":{""adsReady"":true,""adsDrdyLevel"":0,""adsDrdyPulldownLevel"":0,""adsDrdyPullupLevel"":0,""adsMisoPulldownLevel"":0,""adsMisoPullupLevel"":1,""adsCsLevel"":1,""adsSyncLevel"":1,""adsStatus"":54,""adsMux"":15,""adsAdcon"":6,""adsDrate"":240,""adsReason"":""ok"",""tcaOk"":true,""mcpOkCount"":8,""mcpOk"":[true,true,true,true,true,true,true,true],""mcpAddrMask"":[1,1,1,1,1,1,1,1],""mcpControlTested"":true,""mcpControlOkCount"":8,""mcpControlOk"":[true,true,true,true,true,true,true,true],""dacReady"":true,""radioReady"":true,""mlReady"":true,""nullingProfileApplied"":true,""modelProfileReady"":false},""runtimeMcpCode"":[255,519,795,706,799,865,665,139],""model"":{""profileId"":""cnn-dualbranch-datasheet-v1-unbound"",""scalerProfileId"":""cnn-dualbranch-datasheet-v1-unbound"",""productionApproved"":true,""boundNullingProfileId"":8,""activeNullingProfileId"":9,""bindingValid"":true,""bindingModelMatches"":true,""profileReady"":false,""inferenceValid"":false,""sensorFault"":true},""lora"":{""beginState"":0,""lastTxState"":0,""lastTxOk"":false,""txSeq"":0,""txCounter"":0,""aesKeyProvisioned"":true,""aesKeyPresent"":true,""aesKeySource"":""nvs"",""keyId"":1,""lastDownlinkCommandId"":0,""freqMHz"":920,""bwKHz"":125,""sf"":7,""cr"":5,""syncWord"":18,""txPowerDbm"":17,""preamble"":8,""tcxoVoltage"":1.600000024,""xtalVoltage"":0},""dataset"":{""state"":""idle"",""step"":""idle"",""label"":"""",""seq"":0,""targetSamples"":0,""sampleIntervalMs"":500,""maxDurationMs"":0,""useFanIntake"":true,""fanOnMs"":1000,""postFanSettleMs"":0,""nullingProfileId"":9,""queuePending"":0,""queueCapacity"":16,""queueEnqueued"":0,""queueDropped"":0,""publishFailCount"":0,""retryCount"":0,""retryFailCount"":0,""rejectedSamples"":0,""lastRejectReason"":""none"",""lastRejectChannel"":-1,""lastRejectOkFiniteCount"":0,""lastRejectStatus"":255,""lastRejectGain"":0,""lastRejectSaturated"":false},""recovery"":{""wifiReconnectCount"":0,""wifiReconnectFailCount"":0,""mqttReconnectCount"":0,""mqttConnectFailCount"":0,""lastMqttState"":0,""adsRecoveryCount"":0,""adsRecoveryFailCount"":0,""adsReadFailStreak"":0,""lastReason"":""none"",""lastRecoveryMs"":0,""bootRecoveryArmed"":false,""bootRecoveryDueMs"":0,""bootRecoveryReason"":""none"",""bootRecoveryNonAdsFailure"":false,""bootRecoveryRestartCount"":0},""nulling"":{""done"":false,""retryArmed"":false,""attemptCount"":0,""nextRetryMs"":0,""thresholdV"":9.999999747E-06,""minFinalV"":0},""telemetry"":{""valid"":true,""sampleMs"":6780831,""gasClass"":6,""gasName"":""CO2"",""confidence"":0,""alarm"":false,""sensorVoltage"":[0.118088149,0.004015454,0.004882336,-0.002640994,-0.009363297,-0.011593143,-0.019514991,-0.025379861],""sensorGain"":[32,64,64,64,64,64,64,64],""sensorStatus"":[0,0,0,0,0,0,0,0],""featureOrder"":[""MQ8"",""MQ135"",""MQ3"",""MQ5"",""MQ4"",""MQ7"",""MQ6"",""MQ2""]},""alarmLatched"":false}"
2026-08-04 11:14:05.542 +07:00,404.423,HOT_SWEEP_70,70,700,300,1,0,0.117516004,0.004000634,0.004899223,-0.002624645,-0.00937325,-0.011624658,-0.019488856,-0.025371572,"{""deviceId"":""1001"",""nodeId"":4097,""targetChId"":""0010"",""mode"":""inference"",""uptimeMs"":6781885,""debugEnabled"":true,""power"":{""mode"":""24v"",""externalPower"":true,""batteryMv"":65535,""batteryValid"":false,""batteryDetected"":false,""batterySenseStatus"":""not_detected"",""batteryLow"":false,""batteryCritical"":false,""sourceAmbiguous"":false,""serviceHoldActive"":false,""serviceHoldEffective"":false},""batterySession"":{""state"":""inactive"",""startedMs"":0,""stateStartedMs"":0,""validSampleBatches"":0,""requiredSampleBatches"":10,""alarmTxAttempts"":0,""alarmTxAttemptLimit"":3,""alarmAckReceived"":false,""pendingAlarm"":false,""pendingSaveRequired"":false,""persistenceFaultHold"":false,""completionReason"":""session_done""},""bootHealth"":{""adsReady"":true,""adsDrdyLevel"":0,""adsDrdyPulldownLevel"":0,""adsDrdyPullupLevel"":0,""adsMisoPulldownLevel"":0,""adsMisoPullupLevel"":1,""adsCsLevel"":1,""adsSyncLevel"":1,""adsStatus"":54,""adsMux"":15,""adsAdcon"":6,""adsDrate"":240,""adsReason"":""ok"",""tcaOk"":true,""mcpOkCount"":8,""mcpOk"":[true,true,true,true,true,true,true,true],""mcpAddrMask"":[1,1,1,1,1,1,1,1],""mcpControlTested"":true,""mcpControlOkCount"":8,""mcpControlOk"":[true,true,true,true,true,true,true,true],""dacReady"":true,""radioReady"":true,""mlReady"":true,""nullingProfileApplied"":true,""modelProfileReady"":false},""runtimeMcpCode"":[255,519,795,706,799,865,665,139],""model"":{""profileId"":""cnn-dualbranch-datasheet-v1-unbound"",""scalerProfileId"":""cnn-dualbranch-datasheet-v1-unbound"",""productionApproved"":true,""boundNullingProfileId"":8,""activeNullingProfileId"":9,""bindingValid"":true,""bindingModelMatches"":true,""profileReady"":false,""inferenceValid"":false,""sensorFault"":true},""lora"":{""beginState"":0,""lastTxState"":0,""lastTxOk"":false,""txSeq"":0,""txCounter"":0,""aesKeyProvisioned"":true,""aesKeyPresent"":true,""aesKeySource"":""nvs"",""keyId"":1,""lastDownlinkCommandId"":0,""freqMHz"":920,""bwKHz"":125,""sf"":7,""cr"":5,""syncWord"":18,""txPowerDbm"":17,""preamble"":8,""tcxoVoltage"":1.600000024,""xtalVoltage"":0},""dataset"":{""state"":""idle"",""step"":""idle"",""label"":"""",""seq"":0,""targetSamples"":0,""sampleIntervalMs"":500,""maxDurationMs"":0,""useFanIntake"":true,""fanOnMs"":1000,""postFanSettleMs"":0,""nullingProfileId"":9,""queuePending"":0,""queueCapacity"":16,""queueEnqueued"":0,""queueDropped"":0,""publishFailCount"":0,""retryCount"":0,""retryFailCount"":0,""rejectedSamples"":0,""lastRejectReason"":""none"",""lastRejectChannel"":-1,""lastRejectOkFiniteCount"":0,""lastRejectStatus"":255,""lastRejectGain"":0,""lastRejectSaturated"":false},""recovery"":{""wifiReconnectCount"":0,""wifiReconnectFailCount"":0,""mqttReconnectCount"":0,""mqttConnectFailCount"":0,""lastMqttState"":0,""adsRecoveryCount"":0,""adsRecoveryFailCount"":0,""adsReadFailStreak"":0,""lastReason"":""none"",""lastRecoveryMs"":0,""bootRecoveryArmed"":false,""bootRecoveryDueMs"":0,""bootRecoveryReason"":""none"",""bootRecoveryNonAdsFailure"":false,""bootRecoveryRestartCount"":0},""nulling"":{""done"":false,""retryArmed"":false,""attemptCount"":0,""nextRetryMs"":0,""thresholdV"":9.999999747E-06,""minFinalV"":0},""telemetry"":{""valid"":true,""sampleMs"":6781478,""gasClass"":6,""gasName"":""CO2"",""confidence"":0,""alarm"":false,""sensorVoltage"":[0.117516004,0.004000634,0.004899223,-0.002624645,-0.00937325,-0.011624658,-0.019488856,-0.025371572],""sensorGain"":[32,64,64,64,64,64,64,64],""sensorStatus"":[0,0,0,0,0,0,0,0],""featureOrder"":[""MQ8"",""MQ135"",""MQ3"",""MQ5"",""MQ4"",""MQ7"",""MQ6"",""MQ2""]},""alarmLatched"":false}"
2026-08-04 11:14:06.224 +07:00,405.104,HOT_SWEEP_70,70,700,300,1,0,0.118583366,0.003897862,0.004833254,-0.002658739,-0.009131053,-0.011287744,-0.019097513,-0.025373545,"{""deviceId"":""1001"",""nodeId"":4097,""targetChId"":""0010"",""mode"":""inference"",""uptimeMs"":6782553,""debugEnabled"":true,""power"":{""mode"":""24v"",""externalPower"":true,""batteryMv"":65535,""batteryValid"":false,""batteryDetected"":false,""batterySenseStatus"":""not_detected"",""batteryLow"":false,""batteryCritical"":false,""sourceAmbiguous"":false,""serviceHoldActive"":false,""serviceHoldEffective"":false},""batterySession"":{""state"":""inactive"",""startedMs"":0,""stateStartedMs"":0,""validSampleBatches"":0,""requiredSampleBatches"":10,""alarmTxAttempts"":0,""alarmTxAttemptLimit"":3,""alarmAckReceived"":false,""pendingAlarm"":false,""pendingSaveRequired"":false,""persistenceFaultHold"":false,""completionReason"":""session_done""},""bootHealth"":{""adsReady"":true,""adsDrdyLevel"":0,""adsDrdyPulldownLevel"":0,""adsDrdyPullupLevel"":0,""adsMisoPulldownLevel"":0,""adsMisoPullupLevel"":1,""adsCsLevel"":1,""adsSyncLevel"":1,""adsStatus"":54,""adsMux"":15,""adsAdcon"":6,""adsDrate"":240,""adsReason"":""ok"",""tcaOk"":true,""mcpOkCount"":8,""mcpOk"":[true,true,true,true,true,true,true,true],""mcpAddrMask"":[1,1,1,1,1,1,1,1],""mcpControlTested"":true,""mcpControlOkCount"":8,""mcpControlOk"":[true,true,true,true,true,true,true,true],""dacReady"":true,""radioReady"":true,""mlReady"":true,""nullingProfileApplied"":true,""modelProfileReady"":false},""runtimeMcpCode"":[255,519,795,706,799,865,665,139],""model"":{""profileId"":""cnn-dualbranch-datasheet-v1-unbound"",""scalerProfileId"":""cnn-dualbranch-datasheet-v1-unbound"",""productionApproved"":true,""boundNullingProfileId"":8,""activeNullingProfileId"":9,""bindingValid"":true,""bindingModelMatches"":true,""profileReady"":false,""inferenceValid"":false,""sensorFault"":true},""lora"":{""beginState"":0,""lastTxState"":0,""lastTxOk"":false,""txSeq"":0,""txCounter"":0,""aesKeyProvisioned"":true,""aesKeyPresent"":true,""aesKeySource"":""nvs"",""keyId"":1,""lastDownlinkCommandId"":0,""freqMHz"":920,""bwKHz"":125,""sf"":7,""cr"":5,""syncWord"":18,""txPowerDbm"":17,""preamble"":8,""tcxoVoltage"":1.600000024,""xtalVoltage"":0},""dataset"":{""state"":""idle"",""step"":""idle"",""label"":"""",""seq"":0,""targetSamples"":0,""sampleIntervalMs"":500,""maxDurationMs"":0,""useFanIntake"":true,""fanOnMs"":1000,""postFanSettleMs"":0,""nullingProfileId"":9,""queuePending"":0,""queueCapacity"":16,""queueEnqueued"":0,""queueDropped"":0,""publishFailCount"":0,""retryCount"":0,""retryFailCount"":0,""rejectedSamples"":0,""lastRejectReason"":""none"",""lastRejectChannel"":-1,""lastRejectOkFiniteCount"":0,""lastRejectStatus"":255,""lastRejectGain"":0,""lastRejectSaturated"":false},""recovery"":{""wifiReconnectCount"":0,""wifiReconnectFailCount"":0,""mqttReconnectCount"":0,""mqttConnectFailCount"":0,""lastMqttState"":0,""adsRecoveryCount"":0,""adsRecoveryFailCount"":0,""adsReadFailStreak"":0,""lastReason"":""none"",""lastRecoveryMs"":0,""bootRecoveryArmed"":false,""bootRecoveryDueMs"":0,""bootRecoveryReason"":""none"",""bootRecoveryNonAdsFailure"":false,""bootRecoveryRestartCount"":0},""nulling"":{""done"":false,""retryArmed"":false,""attemptCount"":0,""nextRetryMs"":0,""thresholdV"":9.999999747E-06,""minFinalV"":0},""telemetry"":{""valid"":true,""sampleMs"":6782163,""gasClass"":6,""gasName"":""CO2"",""confidence"":0,""alarm"":false,""sensorVoltage"":[0.118583366,0.003897862,0.004833254,-0.002658739,-0.009131053,-0.011287744,-0.019097513,-0.025373545],""sensorGain"":[32,64,64,64,64,64,64,64],""sensorStatus"":[0,0,0,0,0,0,0,0],""featureOrder"":[""MQ8"",""MQ135"",""MQ3"",""MQ5"",""MQ4"",""MQ7"",""MQ6"",""MQ2""]},""alarmLatched"":false}"
2026-08-04 11:14:06.912 +07:00,405.793,HOT_SWEEP_70,70,700,300,1,0,0.118083633,0.003839763,0.004830541,-0.002699865,-0.009340308,-0.011582667,-0.019521162,-0.025417734,"{""deviceId"":""1001"",""nodeId"":4097,""targetChId"":""0010"",""mode"":""inference"",""uptimeMs"":6783253,""debugEnabled"":true,""power"":{""mode"":""24v"",""externalPower"":true,""batteryMv"":65535,""batteryValid"":false,""batteryDetected"":false,""batterySenseStatus"":""not_detected"",""batteryLow"":false,""batteryCritical"":false,""sourceAmbiguous"":false,""serviceHoldActive"":false,""serviceHoldEffective"":false},""batterySession"":{""state"":""inactive"",""startedMs"":0,""stateStartedMs"":0,""validSampleBatches"":0,""requiredSampleBatches"":10,""alarmTxAttempts"":0,""alarmTxAttemptLimit"":3,""alarmAckReceived"":false,""pendingAlarm"":false,""pendingSaveRequired"":false,""persistenceFaultHold"":false,""completionReason"":""session_done""},""bootHealth"":{""adsReady"":true,""adsDrdyLevel"":0,""adsDrdyPulldownLevel"":0,""adsDrdyPullupLevel"":0,""adsMisoPulldownLevel"":0,""adsMisoPullupLevel"":1,""adsCsLevel"":1,""adsSyncLevel"":1,""adsStatus"":54,""adsMux"":15,""adsAdcon"":6,""adsDrate"":240,""adsReason"":""ok"",""tcaOk"":true,""mcpOkCount"":8,""mcpOk"":[true,true,true,true,true,true,true,true],""mcpAddrMask"":[1,1,1,1,1,1,1,1],""mcpControlTested"":true,""mcpControlOkCount"":8,""mcpControlOk"":[true,true,true,true,true,true,true,true],""dacReady"":true,""radioReady"":true,""mlReady"":true,""nullingProfileApplied"":true,""modelProfileReady"":false},""runtimeMcpCode"":[255,519,795,706,799,865,665,139],""model"":{""profileId"":""cnn-dualbranch-datasheet-v1-unbound"",""scalerProfileId"":""cnn-dualbranch-datasheet-v1-unbound"",""productionApproved"":true,""boundNullingProfileId"":8,""activeNullingProfileId"":9,""bindingValid"":true,""bindingModelMatches"":true,""profileReady"":false,""inferenceValid"":false,""sensorFault"":true},""lora"":{""beginState"":0,""lastTxState"":0,""lastTxOk"":false,""txSeq"":0,""txCounter"":0,""aesKeyProvisioned"":true,""aesKeyPresent"":true,""aesKeySource"":""nvs"",""keyId"":1,""lastDownlinkCommandId"":0,""freqMHz"":920,""bwKHz"":125,""sf"":7,""cr"":5,""syncWord"":18,""txPowerDbm"":17,""preamble"":8,""tcxoVoltage"":1.600000024,""xtalVoltage"":0},""dataset"":{""state"":""idle"",""step"":""idle"",""label"":"""",""seq"":0,""targetSamples"":0,""sampleIntervalMs"":500,""maxDurationMs"":0,""useFanIntake"":true,""fanOnMs"":1000,""postFanSettleMs"":0,""nullingProfileId"":9,""queuePending"":0,""queueCapacity"":16,""queueEnqueued"":0,""queueDropped"":0,""publishFailCount"":0,""retryCount"":0,""retryFailCount"":0,""rejectedSamples"":0,""lastRejectReason"":""none"",""lastRejectChannel"":-1,""lastRejectOkFiniteCount"":0,""lastRejectStatus"":255,""lastRejectGain"":0,""lastRejectSaturated"":false},""recovery"":{""wifiReconnectCount"":0,""wifiReconnectFailCount"":0,""mqttReconnectCount"":0,""mqttConnectFailCount"":0,""lastMqttState"":0,""adsRecoveryCount"":0,""adsRecoveryFailCount"":0,""adsReadFailStreak"":0,""lastReason"":""none"",""lastRecoveryMs"":0,""bootRecoveryArmed"":false,""bootRecoveryDueMs"":0,""bootRecoveryReason"":""none"",""bootRecoveryNonAdsFailure"":false,""bootRecoveryRestartCount"":0},""nulling"":{""done"":false,""retryArmed"":false,""attemptCount"":0,""nextRetryMs"":0,""thresholdV"":9.999999747E-06,""minFinalV"":0},""telemetry"":{""valid"":true,""sampleMs"":6782863,""gasClass"":6,""gasName"":""CO2"",""confidence"":0,""alarm"":false,""sensorVoltage"":[0.118083633,0.003839763,0.004830541,-0.002699865,-0.009340308,-0.011582667,-0.019521162,-0.025417734],""sensorGain"":[32,64,64,64,64,64,64,64],""sensorStatus"":[0,0,0,0,0,0,0,0],""featureOrder"":[""MQ8"",""MQ135"",""MQ3"",""MQ5"",""MQ4"",""MQ7"",""MQ6"",""MQ2""]},""alarmLatched"":false}"
2026-08-04 11:14:07.597 +07:00,406.476,HOT_SWEEP_70,70,700,300,1,0,0.117191866,0.00381982,0.004811116,-0.002716334,-0.009341525,-0.011562603,-0.019520998,-0.025472125,"{""deviceId"":""1001"",""nodeId"":4097,""targetChId"":""0010"",""mode"":""inference"",""uptimeMs"":6783927,""debugEnabled"":true,""power"":{""mode"":""24v"",""externalPower"":true,""batteryMv"":65535,""batteryValid"":false,""batteryDetected"":false,""batterySenseStatus"":""not_detected"",""batteryLow"":false,""batteryCritical"":false,""sourceAmbiguous"":false,""serviceHoldActive"":false,""serviceHoldEffective"":false},""batterySession"":{""state"":""inactive"",""startedMs"":0,""stateStartedMs"":0,""validSampleBatches"":0,""requiredSampleBatches"":10,""alarmTxAttempts"":0,""alarmTxAttemptLimit"":3,""alarmAckReceived"":false,""pendingAlarm"":false,""pendingSaveRequired"":false,""persistenceFaultHold"":false,""completionReason"":""session_done""},""bootHealth"":{""adsReady"":true,""adsDrdyLevel"":0,""adsDrdyPulldownLevel"":0,""adsDrdyPullupLevel"":0,""adsMisoPulldownLevel"":0,""adsMisoPullupLevel"":1,""adsCsLevel"":1,""adsSyncLevel"":1,""adsStatus"":54,""adsMux"":15,""adsAdcon"":6,""adsDrate"":240,""adsReason"":""ok"",""tcaOk"":true,""mcpOkCount"":8,""mcpOk"":[true,true,true,true,true,true,true,true],""mcpAddrMask"":[1,1,1,1,1,1,1,1],""mcpControlTested"":true,""mcpControlOkCount"":8,""mcpControlOk"":[true,true,true,true,true,true,true,true],""dacReady"":true,""radioReady"":true,""mlReady"":true,""nullingProfileApplied"":true,""modelProfileReady"":false},""runtimeMcpCode"":[255,519,795,706,799,865,665,139],""model"":{""profileId"":""cnn-dualbranch-datasheet-v1-unbound"",""scalerProfileId"":""cnn-dualbranch-datasheet-v1-unbound"",""productionApproved"":true,""boundNullingProfileId"":8,""activeNullingProfileId"":9,""bindingValid"":true,""bindingModelMatches"":true,""profileReady"":false,""inferenceValid"":false,""sensorFault"":true},""lora"":{""beginState"":0,""lastTxState"":0,""lastTxOk"":false,""txSeq"":0,""txCounter"":0,""aesKeyProvisioned"":true,""aesKeyPresent"":true,""aesKeySource"":""nvs"",""keyId"":1,""lastDownlinkCommandId"":0,""freqMHz"":920,""bwKHz"":125,""sf"":7,""cr"":5,""syncWord"":18,""txPowerDbm"":17,""preamble"":8,""tcxoVoltage"":1.600000024,""xtalVoltage"":0},""dataset"":{""state"":""idle"",""step"":""idle"",""label"":"""",""seq"":0,""targetSamples"":0,""sampleIntervalMs"":500,""maxDurationMs"":0,""useFanIntake"":true,""fanOnMs"":1000,""postFanSettleMs"":0,""nullingProfileId"":9,""queuePending"":0,""queueCapacity"":16,""queueEnqueued"":0,""queueDropped"":0,""publishFailCount"":0,""retryCount"":0,""retryFailCount"":0,""rejectedSamples"":0,""lastRejectReason"":""none"",""lastRejectChannel"":-1,""lastRejectOkFiniteCount"":0,""lastRejectStatus"":255,""lastRejectGain"":0,""lastRejectSaturated"":false},""recovery"":{""wifiReconnectCount"":0,""wifiReconnectFailCount"":0,""mqttReconnectCount"":0,""mqttConnectFailCount"":0,""lastMqttState"":0,""adsRecoveryCount"":0,""adsRecoveryFailCount"":0,""adsReadFailStreak"":0,""lastReason"":""none"",""lastRecoveryMs"":0,""bootRecoveryArmed"":false,""bootRecoveryDueMs"":0,""bootRecoveryReason"":""none"",""bootRecoveryNonAdsFailure"":false,""bootRecoveryRestartCount"":0},""nulling"":{""done"":false,""retryArmed"":false,""attemptCount"":0,""nextRetryMs"":0,""thresholdV"":9.999999747E-06,""minFinalV"":0},""telemetry"":{""valid"":true,""sampleMs"":6783531,""gasClass"":6,""gasName"":""CO2"",""confidence"":0,""alarm"":false,""sensorVoltage"":[0.117191866,0.00381982,0.004811116,-0.002716334,-0.009341525,-0.011562603,-0.019520998,-0.025472125],""sensorGain"":[32,64,64,64,64,64,64,64],""sensorStatus"":[0,0,0,0,0,0,0,0],""featureOrder"":[""MQ8"",""MQ135"",""MQ3"",""MQ5"",""MQ4"",""MQ7"",""MQ6"",""MQ2""]},""alarmLatched"":false}"
2026-08-04 11:14:08.281 +07:00,407.162,HOT_SWEEP_70,70,700,300,1,0,0.118658043,0.003806593,0.004779579,-0.002666544,-0.009150444,-0.011545482,-0.019495716,-0.025464321,"{""deviceId"":""1001"",""nodeId"":4097,""targetChId"":""0010"",""mode"":""inference"",""uptimeMs"":6784620,""debugEnabled"":true,""power"":{""mode"":""24v"",""externalPower"":true,""batteryMv"":65535,""batteryValid"":false,""batteryDetected"":false,""batterySenseStatus"":""not_detected"",""batteryLow"":false,""batteryCritical"":false,""sourceAmbiguous"":false,""serviceHoldActive"":false,""serviceHoldEffective"":false},""batterySession"":{""state"":""inactive"",""startedMs"":0,""stateStartedMs"":0,""validSampleBatches"":0,""requiredSampleBatches"":10,""alarmTxAttempts"":0,""alarmTxAttemptLimit"":3,""alarmAckReceived"":false,""pendingAlarm"":false,""pendingSaveRequired"":false,""persistenceFaultHold"":false,""completionReason"":""session_done""},""bootHealth"":{""adsReady"":true,""adsDrdyLevel"":0,""adsDrdyPulldownLevel"":0,""adsDrdyPullupLevel"":0,""adsMisoPulldownLevel"":0,""adsMisoPullupLevel"":1,""adsCsLevel"":1,""adsSyncLevel"":1,""adsStatus"":54,""adsMux"":15,""adsAdcon"":6,""adsDrate"":240,""adsReason"":""ok"",""tcaOk"":true,""mcpOkCount"":8,""mcpOk"":[true,true,true,true,true,true,true,true],""mcpAddrMask"":[1,1,1,1,1,1,1,1],""mcpControlTested"":true,""mcpControlOkCount"":8,""mcpControlOk"":[true,true,true,true,true,true,true,true],""dacReady"":true,""radioReady"":true,""mlReady"":true,""nullingProfileApplied"":true,""modelProfileReady"":false},""runtimeMcpCode"":[255,519,795,706,799,865,665,139],""model"":{""profileId"":""cnn-dualbranch-datasheet-v1-unbound"",""scalerProfileId"":""cnn-dualbranch-datasheet-v1-unbound"",""productionApproved"":true,""boundNullingProfileId"":8,""activeNullingProfileId"":9,""bindingValid"":true,""bindingModelMatches"":true,""profileReady"":false,""inferenceValid"":false,""sensorFault"":true},""lora"":{""beginState"":0,""lastTxState"":0,""lastTxOk"":false,""txSeq"":0,""txCounter"":0,""aesKeyProvisioned"":true,""aesKeyPresent"":true,""aesKeySource"":""nvs"",""keyId"":1,""lastDownlinkCommandId"":0,""freqMHz"":920,""bwKHz"":125,""sf"":7,""cr"":5,""syncWord"":18,""txPowerDbm"":17,""preamble"":8,""tcxoVoltage"":1.600000024,""xtalVoltage"":0},""dataset"":{""state"":""idle"",""step"":""idle"",""label"":"""",""seq"":0,""targetSamples"":0,""sampleIntervalMs"":500,""maxDurationMs"":0,""useFanIntake"":true,""fanOnMs"":1000,""postFanSettleMs"":0,""nullingProfileId"":9,""queuePending"":0,""queueCapacity"":16,""queueEnqueued"":0,""queueDropped"":0,""publishFailCount"":0,""retryCount"":0,""retryFailCount"":0,""rejectedSamples"":0,""lastRejectReason"":""none"",""lastRejectChannel"":-1,""lastRejectOkFiniteCount"":0,""lastRejectStatus"":255,""lastRejectGain"":0,""lastRejectSaturated"":false},""recovery"":{""wifiReconnectCount"":0,""wifiReconnectFailCount"":0,""mqttReconnectCount"":0,""mqttConnectFailCount"":0,""lastMqttState"":0,""adsRecoveryCount"":0,""adsRecoveryFailCount"":0,""adsReadFailStreak"":0,""lastReason"":""none"",""lastRecoveryMs"":0,""bootRecoveryArmed"":false,""bootRecoveryDueMs"":0,""bootRecoveryReason"":""none"",""bootRecoveryNonAdsFailure"":false,""bootRecoveryRestartCount"":0},""nulling"":{""done"":false,""retryArmed"":false,""attemptCount"":0,""nextRetryMs"":0,""thresholdV"":9.999999747E-06,""minFinalV"":0},""telemetry"":{""valid"":true,""sampleMs"":6784205,""gasClass"":6,""gasName"":""CO2"",""confidence"":0,""alarm"":false,""sensorVoltage"":[0.118658043,0.003806593,0.004779579,-0.002666544,-0.009150444,-0.011545482,-0.019495716,-0.025464321],""sensorGain"":[32,64,64,64,64,64,64,64],""sensorStatus"":[0,0,0,0,0,0,0,0],""featureOrder"":[""MQ8"",""MQ135"",""MQ3"",""MQ5"",""MQ4"",""MQ7"",""MQ6"",""MQ2""]},""alarmLatched"":false}"
2026-08-04 11:14:08.959 +07:00,407.840,HOT_SWEEP_70,70,700,300,1,0,0.11807517,0.003868044,0.004789075,-0.002723431,-0.009110047,-0.011618067,-0.019583613,-0.025497198,"{""deviceId"":""1001"",""nodeId"":4097,""targetChId"":""0010"",""mode"":""inference"",""uptimeMs"":6785302,""debugEnabled"":true,""power"":{""mode"":""24v"",""externalPower"":true,""batteryMv"":65535,""batteryValid"":false,""batteryDetected"":false,""batterySenseStatus"":""not_detected"",""batteryLow"":false,""batteryCritical"":false,""sourceAmbiguous"":false,""serviceHoldActive"":false,""serviceHoldEffective"":false},""batterySession"":{""state"":""inactive"",""startedMs"":0,""stateStartedMs"":0,""validSampleBatches"":0,""requiredSampleBatches"":10,""alarmTxAttempts"":0,""alarmTxAttemptLimit"":3,""alarmAckReceived"":false,""pendingAlarm"":false,""pendingSaveRequired"":false,""persistenceFaultHold"":false,""completionReason"":""session_done""},""bootHealth"":{""adsReady"":true,""adsDrdyLevel"":0,""adsDrdyPulldownLevel"":0,""adsDrdyPullupLevel"":0,""adsMisoPulldownLevel"":0,""adsMisoPullupLevel"":1,""adsCsLevel"":1,""adsSyncLevel"":1,""adsStatus"":54,""adsMux"":15,""adsAdcon"":6,""adsDrate"":240,""adsReason"":""ok"",""tcaOk"":true,""mcpOkCount"":8,""mcpOk"":[true,true,true,true,true,true,true,true],""mcpAddrMask"":[1,1,1,1,1,1,1,1],""mcpControlTested"":true,""mcpControlOkCount"":8,""mcpControlOk"":[true,true,true,true,true,true,true,true],""dacReady"":true,""radioReady"":true,""mlReady"":true,""nullingProfileApplied"":true,""modelProfileReady"":false},""runtimeMcpCode"":[255,519,795,706,799,865,665,139],""model"":{""profileId"":""cnn-dualbranch-datasheet-v1-unbound"",""scalerProfileId"":""cnn-dualbranch-datasheet-v1-unbound"",""productionApproved"":true,""boundNullingProfileId"":8,""activeNullingProfileId"":9,""bindingValid"":true,""bindingModelMatches"":true,""profileReady"":false,""inferenceValid"":false,""sensorFault"":true},""lora"":{""beginState"":0,""lastTxState"":0,""lastTxOk"":false,""txSeq"":0,""txCounter"":0,""aesKeyProvisioned"":true,""aesKeyPresent"":true,""aesKeySource"":""nvs"",""keyId"":1,""lastDownlinkCommandId"":0,""freqMHz"":920,""bwKHz"":125,""sf"":7,""cr"":5,""syncWord"":18,""txPowerDbm"":17,""preamble"":8,""tcxoVoltage"":1.600000024,""xtalVoltage"":0},""dataset"":{""state"":""idle"",""step"":""idle"",""label"":"""",""seq"":0,""targetSamples"":0,""sampleIntervalMs"":500,""maxDurationMs"":0,""useFanIntake"":true,""fanOnMs"":1000,""postFanSettleMs"":0,""nullingProfileId"":9,""queuePending"":0,""queueCapacity"":16,""queueEnqueued"":0,""queueDropped"":0,""publishFailCount"":0,""retryCount"":0,""retryFailCount"":0,""rejectedSamples"":0,""lastRejectReason"":""none"",""lastRejectChannel"":-1,""lastRejectOkFiniteCount"":0,""lastRejectStatus"":255,""lastRejectGain"":0,""lastRejectSaturated"":false},""recovery"":{""wifiReconnectCount"":0,""wifiReconnectFailCount"":0,""mqttReconnectCount"":0,""mqttConnectFailCount"":0,""lastMqttState"":0,""adsRecoveryCount"":0,""adsRecoveryFailCount"":0,""adsReadFailStreak"":0,""lastReason"":""none"",""lastRecoveryMs"":0,""bootRecoveryArmed"":false,""bootRecoveryDueMs"":0,""bootRecoveryReason"":""none"",""bootRecoveryNonAdsFailure"":false,""bootRecoveryRestartCount"":0},""nulling"":{""done"":false,""retryArmed"":false,""attemptCount"":0,""nextRetryMs"":0,""thresholdV"":9.999999747E-06,""minFinalV"":0},""telemetry"":{""valid"":true,""sampleMs"":6784930,""gasClass"":6,""gasName"":""CO2"",""confidence"":0,""alarm"":false,""sensorVoltage"":[0.11807517,0.003868044,0.004789075,-0.002723431,-0.009110047,-0.011618067,-0.019583613,-0.025497198],""sensorGain"":[32,64,64,64,64,64,64,64],""sensorStatus"":[0,0,0,0,0,0,0,0],""featureOrder"":[""MQ8"",""MQ135"",""MQ3"",""MQ5"",""MQ4"",""MQ7"",""MQ6"",""MQ2""]},""alarmLatched"":false}"
2026-08-04 11:14:09.657 +07:00,408.538,HOT_SWEEP_70,70,700,300,1,0,0.117109656,0.00387989,0.004783916,-0.002721226,-0.009114532,-0.011617885,-0.019577604,-0.025404921,"{""deviceId"":""1001"",""nodeId"":4097,""targetChId"":""0010"",""mode"":""inference"",""uptimeMs"":6786002,""debugEnabled"":true,""power"":{""mode"":""24v"",""externalPower"":true,""batteryMv"":65535,""batteryValid"":false,""batteryDetected"":false,""batterySenseStatus"":""not_detected"",""batteryLow"":false,""batteryCritical"":false,""sourceAmbiguous"":false,""serviceHoldActive"":false,""serviceHoldEffective"":false},""batterySession"":{""state"":""inactive"",""startedMs"":0,""stateStartedMs"":0,""validSampleBatches"":0,""requiredSampleBatches"":10,""alarmTxAttempts"":0,""alarmTxAttemptLimit"":3,""alarmAckReceived"":false,""pendingAlarm"":false,""pendingSaveRequired"":false,""persistenceFaultHold"":false,""completionReason"":""session_done""},""bootHealth"":{""adsReady"":true,""adsDrdyLevel"":0,""adsDrdyPulldownLevel"":0,""adsDrdyPullupLevel"":0,""adsMisoPulldownLevel"":0,""adsMisoPullupLevel"":1,""adsCsLevel"":1,""adsSyncLevel"":1,""adsStatus"":54,""adsMux"":15,""adsAdcon"":6,""adsDrate"":240,""adsReason"":""ok"",""tcaOk"":true,""mcpOkCount"":8,""mcpOk"":[true,true,true,true,true,true,true,true],""mcpAddrMask"":[1,1,1,1,1,1,1,1],""mcpControlTested"":true,""mcpControlOkCount"":8,""mcpControlOk"":[true,true,true,true,true,true,true,true],""dacReady"":true,""radioReady"":true,""mlReady"":true,""nullingProfileApplied"":true,""modelProfileReady"":false},""runtimeMcpCode"":[255,519,795,706,799,865,665,139],""model"":{""profileId"":""cnn-dualbranch-datasheet-v1-unbound"",""scalerProfileId"":""cnn-dualbranch-datasheet-v1-unbound"",""productionApproved"":true,""boundNullingProfileId"":8,""activeNullingProfileId"":9,""bindingValid"":true,""bindingModelMatches"":true,""profileReady"":false,""inferenceValid"":false,""sensorFault"":true},""lora"":{""beginState"":0,""lastTxState"":0,""lastTxOk"":false,""txSeq"":0,""txCounter"":0,""aesKeyProvisioned"":true,""aesKeyPresent"":true,""aesKeySource"":""nvs"",""keyId"":1,""lastDownlinkCommandId"":0,""freqMHz"":920,""bwKHz"":125,""sf"":7,""cr"":5,""syncWord"":18,""txPowerDbm"":17,""preamble"":8,""tcxoVoltage"":1.600000024,""xtalVoltage"":0},""dataset"":{""state"":""idle"",""step"":""idle"",""label"":"""",""seq"":0,""targetSamples"":0,""sampleIntervalMs"":500,""maxDurationMs"":0,""useFanIntake"":true,""fanOnMs"":1000,""postFanSettleMs"":0,""nullingProfileId"":9,""queuePending"":0,""queueCapacity"":16,""queueEnqueued"":0,""queueDropped"":0,""publishFailCount"":0,""retryCount"":0,""retryFailCount"":0,""rejectedSamples"":0,""lastRejectReason"":""none"",""lastRejectChannel"":-1,""lastRejectOkFiniteCount"":0,""lastRejectStatus"":255,""lastRejectGain"":0,""lastRejectSaturated"":false},""recovery"":{""wifiReconnectCount"":0,""wifiReconnectFailCount"":0,""mqttReconnectCount"":0,""mqttConnectFailCount"":0,""lastMqttState"":0,""adsRecoveryCount"":0,""adsRecoveryFailCount"":0,""adsReadFailStreak"":0,""lastReason"":""none"",""lastRecoveryMs"":0,""bootRecoveryArmed"":false,""bootRecoveryDueMs"":0,""bootRecoveryReason"":""none"",""bootRecoveryNonAdsFailure"":false,""bootRecoveryRestartCount"":0},""nulling"":{""done"":false,""retryArmed"":false,""attemptCount"":0,""nextRetryMs"":0,""thresholdV"":9.999999747E-06,""minFinalV"":0},""telemetry"":{""valid"":true,""sampleMs"":6785580,""gasClass"":6,""gasName"":""CO2"",""confidence"":0,""alarm"":false,""sensorVoltage"":[0.117109656,0.00387989,0.004783916,-0.002721226,-0.009114532,-0.011617885,-0.019577604,-0.025404921],""sensorGain"":[32,64,64,64,64,64,64,64],""sensorStatus"":[0,0,0,0,0,0,0,0],""featureOrder"":[""MQ8"",""MQ135"",""MQ3"",""MQ5"",""MQ4"",""MQ7"",""MQ6"",""MQ2""]},""alarmLatched"":false}"
2026-08-04 11:14:10.349 +07:00,409.230,HOT_SWEEP_70,70,700,300,1,0,0.117949583,0.003851823,0.004791503,-0.002709605,-0.009079917,-0.011593281,-0.019560445,-0.025418554,"{""deviceId"":""1001"",""nodeId"":4097,""targetChId"":""0010"",""mode"":""inference"",""uptimeMs"":6786680,""debugEnabled"":true,""power"":{""mode"":""24v"",""externalPower"":true,""batteryMv"":65535,""batteryValid"":false,""batteryDetected"":false,""batterySenseStatus"":""not_detected"",""batteryLow"":false,""batteryCritical"":false,""sourceAmbiguous"":false,""serviceHoldActive"":false,""serviceHoldEffective"":false},""batterySession"":{""state"":""inactive"",""startedMs"":0,""stateStartedMs"":0,""validSampleBatches"":0,""requiredSampleBatches"":10,""alarmTxAttempts"":0,""alarmTxAttemptLimit"":3,""alarmAckReceived"":false,""pendingAlarm"":false,""pendingSaveRequired"":false,""persistenceFaultHold"":false,""completionReason"":""session_done""},""bootHealth"":{""adsReady"":true,""adsDrdyLevel"":0,""adsDrdyPulldownLevel"":0,""adsDrdyPullupLevel"":0,""adsMisoPulldownLevel"":0,""adsMisoPullupLevel"":1,""adsCsLevel"":1,""adsSyncLevel"":1,""adsStatus"":54,""adsMux"":15,""adsAdcon"":6,""adsDrate"":240,""adsReason"":""ok"",""tcaOk"":true,""mcpOkCount"":8,""mcpOk"":[true,true,true,true,true,true,true,true],""mcpAddrMask"":[1,1,1,1,1,1,1,1],""mcpControlTested"":true,""mcpControlOkCount"":8,""mcpControlOk"":[true,true,true,true,true,true,true,true],""dacReady"":true,""radioReady"":true,""mlReady"":true,""nullingProfileApplied"":true,""modelProfileReady"":false},""runtimeMcpCode"":[255,519,795,706,799,865,665,139],""model"":{""profileId"":""cnn-dualbranch-datasheet-v1-unbound"",""scalerProfileId"":""cnn-dualbranch-datasheet-v1-unbound"",""productionApproved"":true,""boundNullingProfileId"":8,""activeNullingProfileId"":9,""bindingValid"":true,""bindingModelMatches"":true,""profileReady"":false,""inferenceValid"":false,""sensorFault"":true},""lora"":{""beginState"":0,""lastTxState"":0,""lastTxOk"":false,""txSeq"":0,""txCounter"":0,""aesKeyProvisioned"":true,""aesKeyPresent"":true,""aesKeySource"":""nvs"",""keyId"":1,""lastDownlinkCommandId"":0,""freqMHz"":920,""bwKHz"":125,""sf"":7,""cr"":5,""syncWord"":18,""txPowerDbm"":17,""preamble"":8,""tcxoVoltage"":1.600000024,""xtalVoltage"":0},""dataset"":{""state"":""idle"",""step"":""idle"",""label"":"""",""seq"":0,""targetSamples"":0,""sampleIntervalMs"":500,""maxDurationMs"":0,""useFanIntake"":true,""fanOnMs"":1000,""postFanSettleMs"":0,""nullingProfileId"":9,""queuePending"":0,""queueCapacity"":16,""queueEnqueued"":0,""queueDropped"":0,""publishFailCount"":0,""retryCount"":0,""retryFailCount"":0,""rejectedSamples"":0,""lastRejectReason"":""none"",""lastRejectChannel"":-1,""lastRejectOkFiniteCount"":0,""lastRejectStatus"":255,""lastRejectGain"":0,""lastRejectSaturated"":false},""recovery"":{""wifiReconnectCount"":0,""wifiReconnectFailCount"":0,""mqttReconnectCount"":0,""mqttConnectFailCount"":0,""lastMqttState"":0,""adsRecoveryCount"":0,""adsRecoveryFailCount"":0,""adsReadFailStreak"":0,""lastReason"":""none"",""lastRecoveryMs"":0,""bootRecoveryArmed"":false,""bootRecoveryDueMs"":0,""bootRecoveryReason"":""none"",""bootRecoveryNonAdsFailure"":false,""bootRecoveryRestartCount"":0},""nulling"":{""done"":false,""retryArmed"":false,""attemptCount"":0,""nextRetryMs"":0,""thresholdV"":9.999999747E-06,""minFinalV"":0},""telemetry"":{""valid"":true,""sampleMs"":6786280,""gasClass"":6,""gasName"":""CO2"",""confidence"":0,""alarm"":false,""sensorVoltage"":[0.117949583,0.003851823,0.004791503,-0.002709605,-0.009079917,-0.011593281,-0.019560445,-0.025418554],""sensorGain"":[32,64,64,64,64,64,64,64],""sensorStatus"":[0,0,0,0,0,0,0,0],""featureOrder"":[""MQ8"",""MQ135"",""MQ3"",""MQ5"",""MQ4"",""MQ7"",""MQ6"",""MQ2""]},""alarmLatched"":false}"
2026-08-04 11:14:11.019 +07:00,409.900,HOT_SWEEP_70,70,700,300,1,0,0.118039988,0.003880113,0.004753487,-0.002644937,-0.009150015,-0.01160833,-0.019574495,-0.025408331,"{""deviceId"":""1001"",""nodeId"":4097,""targetChId"":""0010"",""mode"":""inference"",""uptimeMs"":6787362,""debugEnabled"":true,""power"":{""mode"":""24v"",""externalPower"":true,""batteryMv"":65535,""batteryValid"":false,""batteryDetected"":false,""batterySenseStatus"":""not_detected"",""batteryLow"":false,""batteryCritical"":false,""sourceAmbiguous"":false,""serviceHoldActive"":false,""serviceHoldEffective"":false},""batterySession"":{""state"":""inactive"",""startedMs"":0,""stateStartedMs"":0,""validSampleBatches"":0,""requiredSampleBatches"":10,""alarmTxAttempts"":0,""alarmTxAttemptLimit"":3,""alarmAckReceived"":false,""pendingAlarm"":false,""pendingSaveRequired"":false,""persistenceFaultHold"":false,""completionReason"":""session_done""},""bootHealth"":{""adsReady"":true,""adsDrdyLevel"":0,""adsDrdyPulldownLevel"":0,""adsDrdyPullupLevel"":0,""adsMisoPulldownLevel"":0,""adsMisoPullupLevel"":1,""adsCsLevel"":1,""adsSyncLevel"":1,""adsStatus"":54,""adsMux"":15,""adsAdcon"":6,""adsDrate"":240,""adsReason"":""ok"",""tcaOk"":true,""mcpOkCount"":8,""mcpOk"":[true,true,true,true,true,true,true,true],""mcpAddrMask"":[1,1,1,1,1,1,1,1],""mcpControlTested"":true,""mcpControlOkCount"":8,""mcpControlOk"":[true,true,true,true,true,true,true,true],""dacReady"":true,""radioReady"":true,""mlReady"":true,""nullingProfileApplied"":true,""modelProfileReady"":false},""runtimeMcpCode"":[255,519,795,706,799,865,665,139],""model"":{""profileId"":""cnn-dualbranch-datasheet-v1-unbound"",""scalerProfileId"":""cnn-dualbranch-datasheet-v1-unbound"",""productionApproved"":true,""boundNullingProfileId"":8,""activeNullingProfileId"":9,""bindingValid"":true,""bindingModelMatches"":true,""profileReady"":false,""inferenceValid"":false,""sensorFault"":true},""lora"":{""beginState"":0,""lastTxState"":0,""lastTxOk"":false,""txSeq"":0,""txCounter"":0,""aesKeyProvisioned"":true,""aesKeyPresent"":true,""aesKeySource"":""nvs"",""keyId"":1,""lastDownlinkCommandId"":0,""freqMHz"":920,""bwKHz"":125,""sf"":7,""cr"":5,""syncWord"":18,""txPowerDbm"":17,""preamble"":8,""tcxoVoltage"":1.600000024,""xtalVoltage"":0},""dataset"":{""state"":""idle"",""step"":""idle"",""label"":"""",""seq"":0,""targetSamples"":0,""sampleIntervalMs"":500,""maxDurationMs"":0,""useFanIntake"":true,""fanOnMs"":1000,""postFanSettleMs"":0,""nullingProfileId"":9,""queuePending"":0,""queueCapacity"":16,""queueEnqueued"":0,""queueDropped"":0,""publishFailCount"":0,""retryCount"":0,""retryFailCount"":0,""rejectedSamples"":0,""lastRejectReason"":""none"",""lastRejectChannel"":-1,""lastRejectOkFiniteCount"":0,""lastRejectStatus"":255,""lastRejectGain"":0,""lastRejectSaturated"":false},""recovery"":{""wifiReconnectCount"":0,""wifiReconnectFailCount"":0,""mqttReconnectCount"":0,""mqttConnectFailCount"":0,""lastMqttState"":0,""adsRecoveryCount"":0,""adsRecoveryFailCount"":0,""adsReadFailStreak"":0,""lastReason"":""none"",""lastRecoveryMs"":0,""bootRecoveryArmed"":false,""bootRecoveryDueMs"":0,""bootRecoveryReason"":""none"",""bootRecoveryNonAdsFailure"":false,""bootRecoveryRestartCount"":0},""nulling"":{""done"":false,""retryArmed"":false,""attemptCount"":0,""nextRetryMs"":0,""thresholdV"":9.999999747E-06,""minFinalV"":0},""telemetry"":{""valid"":true,""sampleMs"":6786990,""gasClass"":6,""gasName"":""CO2"",""confidence"":0,""alarm"":false,""sensorVoltage"":[0.118039988,0.003880113,0.004753487,-0.002644937,-0.009150015,-0.01160833,-0.019574495,-0.025408331],""sensorGain"":[32,64,64,64,64,64,64,64],""sensorStatus"":[0,0,0,0,0,0,0,0],""featureOrder"":[""MQ8"",""MQ135"",""MQ3"",""MQ5"",""MQ4"",""MQ7"",""MQ6"",""MQ2""]},""alarmLatched"":false}"
2026-08-04 11:14:11.719 +07:00,410.584,HOT_SWEEP_70,70,700,300,1,0,0.117178224,0.003880617,0.004748871,-0.002638753,-0.009124613,-0.011635185,-0.019546296,-0.025424983,"{""deviceId"":""1001"",""nodeId"":4097,""targetChId"":""0010"",""mode"":""inference"",""uptimeMs"":6788048,""debugEnabled"":true,""power"":{""mode"":""24v"",""externalPower"":true,""batteryMv"":65535,""batteryValid"":false,""batteryDetected"":false,""batterySenseStatus"":""not_detected"",""batteryLow"":false,""batteryCritical"":false,""sourceAmbiguous"":false,""serviceHoldActive"":false,""serviceHoldEffective"":false},""batterySession"":{""state"":""inactive"",""startedMs"":0,""stateStartedMs"":0,""validSampleBatches"":0,""requiredSampleBatches"":10,""alarmTxAttempts"":0,""alarmTxAttemptLimit"":3,""alarmAckReceived"":false,""pendingAlarm"":false,""pendingSaveRequired"":false,""persistenceFaultHold"":false,""completionReason"":""session_done""},""bootHealth"":{""adsReady"":true,""adsDrdyLevel"":0,""adsDrdyPulldownLevel"":0,""adsDrdyPullupLevel"":0,""adsMisoPulldownLevel"":0,""adsMisoPullupLevel"":1,""adsCsLevel"":1,""adsSyncLevel"":1,""adsStatus"":54,""adsMux"":15,""adsAdcon"":6,""adsDrate"":240,""adsReason"":""ok"",""tcaOk"":true,""mcpOkCount"":8,""mcpOk"":[true,true,true,true,true,true,true,true],""mcpAddrMask"":[1,1,1,1,1,1,1,1],""mcpControlTested"":true,""mcpControlOkCount"":8,""mcpControlOk"":[true,true,true,true,true,true,true,true],""dacReady"":true,""radioReady"":true,""mlReady"":true,""nullingProfileApplied"":true,""modelProfileReady"":false},""runtimeMcpCode"":[255,519,795,706,799,865,665,139],""model"":{""profileId"":""cnn-dualbranch-datasheet-v1-unbound"",""scalerProfileId"":""cnn-dualbranch-datasheet-v1-unbound"",""productionApproved"":true,""boundNullingProfileId"":8,""activeNullingProfileId"":9,""bindingValid"":true,""bindingModelMatches"":true,""profileReady"":false,""inferenceValid"":false,""sensorFault"":true},""lora"":{""beginState"":0,""lastTxState"":0,""lastTxOk"":false,""txSeq"":0,""txCounter"":0,""aesKeyProvisioned"":true,""aesKeyPresent"":true,""aesKeySource"":""nvs"",""keyId"":1,""lastDownlinkCommandId"":0,""freqMHz"":920,""bwKHz"":125,""sf"":7,""cr"":5,""syncWord"":18,""txPowerDbm"":17,""preamble"":8,""tcxoVoltage"":1.600000024,""xtalVoltage"":0},""dataset"":{""state"":""idle"",""step"":""idle"",""label"":"""",""seq"":0,""targetSamples"":0,""sampleIntervalMs"":500,""maxDurationMs"":0,""useFanIntake"":true,""fanOnMs"":1000,""postFanSettleMs"":0,""nullingProfileId"":9,""queuePending"":0,""queueCapacity"":16,""queueEnqueued"":0,""queueDropped"":0,""publishFailCount"":0,""retryCount"":0,""retryFailCount"":0,""rejectedSamples"":0,""lastRejectReason"":""none"",""lastRejectChannel"":-1,""lastRejectOkFiniteCount"":0,""lastRejectStatus"":255,""lastRejectGain"":0,""lastRejectSaturated"":false},""recovery"":{""wifiReconnectCount"":0,""wifiReconnectFailCount"":0,""mqttReconnectCount"":0,""mqttConnectFailCount"":0,""lastMqttState"":0,""adsRecoveryCount"":0,""adsRecoveryFailCount"":0,""adsReadFailStreak"":0,""lastReason"":""none"",""lastRecoveryMs"":0,""bootRecoveryArmed"":false,""bootRecoveryDueMs"":0,""bootRecoveryReason"":""none"",""bootRecoveryNonAdsFailure"":false,""bootRecoveryRestartCount"":0},""nulling"":{""done"":false,""retryArmed"":false,""attemptCount"":0,""nextRetryMs"":0,""thresholdV"":9.999999747E-06,""minFinalV"":0},""telemetry"":{""valid"":true,""sampleMs"":6787640,""gasClass"":6,""gasName"":""CO2"",""confidence"":0,""alarm"":false,""sensorVoltage"":[0.117178224,0.003880617,0.004748871,-0.002638753,-0.009124613,-0.011635185,-0.019546296,-0.025424983],""sensorGain"":[32,64,64,64,64,64,64,64],""sensorStatus"":[0,0,0,0,0,0,0,0],""featureOrder"":[""MQ8"",""MQ135"",""MQ3"",""MQ5"",""MQ4"",""MQ7"",""MQ6"",""MQ2""]},""alarmLatched"":false}"
2026-08-04 11:14:12.404 +07:00,411.284,HOT_SWEEP_70,70,700,300,1,0,0.117648959,0.003859956,0.004684916,-0.002666103,-0.009127945,-0.011629729,-0.019583916,-0.025373787,"{""deviceId"":""1001"",""nodeId"":4097,""targetChId"":""0010"",""mode"":""inference"",""uptimeMs"":6788735,""debugEnabled"":true,""power"":{""mode"":""24v"",""externalPower"":true,""batteryMv"":65535,""batteryValid"":false,""batteryDetected"":false,""batterySenseStatus"":""not_detected"",""batteryLow"":false,""batteryCritical"":false,""sourceAmbiguous"":false,""serviceHoldActive"":false,""serviceHoldEffective"":false},""batterySession"":{""state"":""inactive"",""startedMs"":0,""stateStartedMs"":0,""validSampleBatches"":0,""requiredSampleBatches"":10,""alarmTxAttempts"":0,""alarmTxAttemptLimit"":3,""alarmAckReceived"":false,""pendingAlarm"":false,""pendingSaveRequired"":false,""persistenceFaultHold"":false,""completionReason"":""session_done""},""bootHealth"":{""adsReady"":true,""adsDrdyLevel"":0,""adsDrdyPulldownLevel"":0,""adsDrdyPullupLevel"":0,""adsMisoPulldownLevel"":0,""adsMisoPullupLevel"":1,""adsCsLevel"":1,""adsSyncLevel"":1,""adsStatus"":54,""adsMux"":15,""adsAdcon"":6,""adsDrate"":240,""adsReason"":""ok"",""tcaOk"":true,""mcpOkCount"":8,""mcpOk"":[true,true,true,true,true,true,true,true],""mcpAddrMask"":[1,1,1,1,1,1,1,1],""mcpControlTested"":true,""mcpControlOkCount"":8,""mcpControlOk"":[true,true,true,true,true,true,true,true],""dacReady"":true,""radioReady"":true,""mlReady"":true,""nullingProfileApplied"":true,""modelProfileReady"":false},""runtimeMcpCode"":[255,519,795,706,799,865,665,139],""model"":{""profileId"":""cnn-dualbranch-datasheet-v1-unbound"",""scalerProfileId"":""cnn-dualbranch-datasheet-v1-unbound"",""productionApproved"":true,""boundNullingProfileId"":8,""activeNullingProfileId"":9,""bindingValid"":true,""bindingModelMatches"":true,""profileReady"":false,""inferenceValid"":false,""sensorFault"":true},""lora"":{""beginState"":0,""lastTxState"":0,""lastTxOk"":false,""txSeq"":0,""txCounter"":0,""aesKeyProvisioned"":true,""aesKeyPresent"":true,""aesKeySource"":""nvs"",""keyId"":1,""lastDownlinkCommandId"":0,""freqMHz"":920,""bwKHz"":125,""sf"":7,""cr"":5,""syncWord"":18,""txPowerDbm"":17,""preamble"":8,""tcxoVoltage"":1.600000024,""xtalVoltage"":0},""dataset"":{""state"":""idle"",""step"":""idle"",""label"":"""",""seq"":0,""targetSamples"":0,""sampleIntervalMs"":500,""maxDurationMs"":0,""useFanIntake"":true,""fanOnMs"":1000,""postFanSettleMs"":0,""nullingProfileId"":9,""queuePending"":0,""queueCapacity"":16,""queueEnqueued"":0,""queueDropped"":0,""publishFailCount"":0,""retryCount"":0,""retryFailCount"":0,""rejectedSamples"":0,""lastRejectReason"":""none"",""lastRejectChannel"":-1,""lastRejectOkFiniteCount"":0,""lastRejectStatus"":255,""lastRejectGain"":0,""lastRejectSaturated"":false},""recovery"":{""wifiReconnectCount"":0,""wifiReconnectFailCount"":0,""mqttReconnectCount"":0,""mqttConnectFailCount"":0,""lastMqttState"":0,""adsRecoveryCount"":0,""adsRecoveryFailCount"":0,""adsReadFailStreak"":0,""lastReason"":""none"",""lastRecoveryMs"":0,""bootRecoveryArmed"":false,""bootRecoveryDueMs"":0,""bootRecoveryReason"":""none"",""bootRecoveryNonAdsFailure"":false,""bootRecoveryRestartCount"":0},""nulling"":{""done"":false,""retryArmed"":false,""attemptCount"":0,""nextRetryMs"":0,""thresholdV"":9.999999747E-06,""minFinalV"":0},""telemetry"":{""valid"":true,""sampleMs"":6788326,""gasClass"":6,""gasName"":""CO2"",""confidence"":0,""alarm"":false,""sensorVoltage"":[0.117648959,0.003859956,0.004684916,-0.002666103,-0.009127945,-0.011629729,-0.019583916,-0.025373787],""sensorGain"":[32,64,64,64,64,64,64,64],""sensorStatus"":[0,0,0,0,0,0,0,0],""featureOrder"":[""MQ8"",""MQ135"",""MQ3"",""MQ5"",""MQ4"",""MQ7"",""MQ6"",""MQ2""]},""alarmLatched"":false}"
2026-08-04 11:14:13.098 +07:00,411.979,HOT_SWEEP_70,70,700,300,1,0,0.117985711,0.0039253,0.004663877,-0.002638703,-0.009139718,-0.011689213,-0.019583732,-0.02489223,"{""deviceId"":""1001"",""nodeId"":4097,""targetChId"":""0010"",""mode"":""inference"",""uptimeMs"":6789428,""debugEnabled"":true,""power"":{""mode"":""24v"",""externalPower"":true,""batteryMv"":65535,""batteryValid"":false,""batteryDetected"":false,""batterySenseStatus"":""not_detected"",""batteryLow"":false,""batteryCritical"":false,""sourceAmbiguous"":false,""serviceHoldActive"":false,""serviceHoldEffective"":false},""batterySession"":{""state"":""inactive"",""startedMs"":0,""stateStartedMs"":0,""validSampleBatches"":0,""requiredSampleBatches"":10,""alarmTxAttempts"":0,""alarmTxAttemptLimit"":3,""alarmAckReceived"":false,""pendingAlarm"":false,""pendingSaveRequired"":false,""persistenceFaultHold"":false,""completionReason"":""session_done""},""bootHealth"":{""adsReady"":true,""adsDrdyLevel"":0,""adsDrdyPulldownLevel"":0,""adsDrdyPullupLevel"":0,""adsMisoPulldownLevel"":0,""adsMisoPullupLevel"":1,""adsCsLevel"":1,""adsSyncLevel"":1,""adsStatus"":54,""adsMux"":15,""adsAdcon"":6,""adsDrate"":240,""adsReason"":""ok"",""tcaOk"":true,""mcpOkCount"":8,""mcpOk"":[true,true,true,true,true,true,true,true],""mcpAddrMask"":[1,1,1,1,1,1,1,1],""mcpControlTested"":true,""mcpControlOkCount"":8,""mcpControlOk"":[true,true,true,true,true,true,true,true],""dacReady"":true,""radioReady"":true,""mlReady"":true,""nullingProfileApplied"":true,""modelProfileReady"":false},""runtimeMcpCode"":[255,519,795,706,799,865,665,139],""model"":{""profileId"":""cnn-dualbranch-datasheet-v1-unbound"",""scalerProfileId"":""cnn-dualbranch-datasheet-v1-unbound"",""productionApproved"":true,""boundNullingProfileId"":8,""activeNullingProfileId"":9,""bindingValid"":true,""bindingModelMatches"":true,""profileReady"":false,""inferenceValid"":false,""sensorFault"":true},""lora"":{""beginState"":0,""lastTxState"":0,""lastTxOk"":false,""txSeq"":0,""txCounter"":0,""aesKeyProvisioned"":true,""aesKeyPresent"":true,""aesKeySource"":""nvs"",""keyId"":1,""lastDownlinkCommandId"":0,""freqMHz"":920,""bwKHz"":125,""sf"":7,""cr"":5,""syncWord"":18,""txPowerDbm"":17,""preamble"":8,""tcxoVoltage"":1.600000024,""xtalVoltage"":0},""dataset"":{""state"":""idle"",""step"":""idle"",""label"":"""",""seq"":0,""targetSamples"":0,""sampleIntervalMs"":500,""maxDurationMs"":0,""useFanIntake"":true,""fanOnMs"":1000,""postFanSettleMs"":0,""nullingProfileId"":9,""queuePending"":0,""queueCapacity"":16,""queueEnqueued"":0,""queueDropped"":0,""publishFailCount"":0,""retryCount"":0,""retryFailCount"":0,""rejectedSamples"":0,""lastRejectReason"":""none"",""lastRejectChannel"":-1,""lastRejectOkFiniteCount"":0,""lastRejectStatus"":255,""lastRejectGain"":0,""lastRejectSaturated"":false},""recovery"":{""wifiReconnectCount"":0,""wifiReconnectFailCount"":0,""mqttReconnectCount"":0,""mqttConnectFailCount"":0,""lastMqttState"":0,""adsRecoveryCount"":0,""adsRecoveryFailCount"":0,""adsReadFailStreak"":0,""lastReason"":""none"",""lastRecoveryMs"":0,""bootRecoveryArmed"":false,""bootRecoveryDueMs"":0,""bootRecoveryReason"":""none"",""bootRecoveryNonAdsFailure"":false,""bootRecoveryRestartCount"":0},""nulling"":{""done"":false,""retryArmed"":false,""attemptCount"":0,""nextRetryMs"":0,""thresholdV"":9.999999747E-06,""minFinalV"":0},""telemetry"":{""valid"":true,""sampleMs"":6789045,""gasClass"":6,""gasName"":""CO2"",""confidence"":0,""alarm"":false,""sensorVoltage"":[0.117985711,0.0039253,0.004663877,-0.002638703,-0.009139718,-0.011689213,-0.019583732,-0.02489223],""sensorGain"":[32,64,64,64,64,64,64,64],""sensorStatus"":[0,0,0,0,0,0,0,0],""featureOrder"":[""MQ8"",""MQ135"",""MQ3"",""MQ5"",""MQ4"",""MQ7"",""MQ6"",""MQ2""]},""alarmLatched"":false}"
2026-08-04 11:14:13.791 +07:00,412.671,HOT_SWEEP_70,70,700,300,1,0,0.117357239,0.003968107,0.004695071,-0.00264027,-0.009147788,-0.011683108,-0.019609837,-0.025292967,"{""deviceId"":""1001"",""nodeId"":4097,""targetChId"":""0010"",""mode"":""inference"",""uptimeMs"":6790122,""debugEnabled"":true,""power"":{""mode"":""24v"",""externalPower"":true,""batteryMv"":65535,""batteryValid"":false,""batteryDetected"":false,""batterySenseStatus"":""not_detected"",""batteryLow"":false,""batteryCritical"":false,""sourceAmbiguous"":false,""serviceHoldActive"":false,""serviceHoldEffective"":false},""batterySession"":{""state"":""inactive"",""startedMs"":0,""stateStartedMs"":0,""validSampleBatches"":0,""requiredSampleBatches"":10,""alarmTxAttempts"":0,""alarmTxAttemptLimit"":3,""alarmAckReceived"":false,""pendingAlarm"":false,""pendingSaveRequired"":false,""persistenceFaultHold"":false,""completionReason"":""session_done""},""bootHealth"":{""adsReady"":true,""adsDrdyLevel"":0,""adsDrdyPulldownLevel"":0,""adsDrdyPullupLevel"":0,""adsMisoPulldownLevel"":0,""adsMisoPullupLevel"":1,""adsCsLevel"":1,""adsSyncLevel"":1,""adsStatus"":54,""adsMux"":15,""adsAdcon"":6,""adsDrate"":240,""adsReason"":""ok"",""tcaOk"":true,""mcpOkCount"":8,""mcpOk"":[true,true,true,true,true,true,true,true],""mcpAddrMask"":[1,1,1,1,1,1,1,1],""mcpControlTested"":true,""mcpControlOkCount"":8,""mcpControlOk"":[true,true,true,true,true,true,true,true],""dacReady"":true,""radioReady"":true,""mlReady"":true,""nullingProfileApplied"":true,""modelProfileReady"":false},""runtimeMcpCode"":[255,519,795,706,799,865,665,139],""model"":{""profileId"":""cnn-dualbranch-datasheet-v1-unbound"",""scalerProfileId"":""cnn-dualbranch-datasheet-v1-unbound"",""productionApproved"":true,""boundNullingProfileId"":8,""activeNullingProfileId"":9,""bindingValid"":true,""bindingModelMatches"":true,""profileReady"":false,""inferenceValid"":false,""sensorFault"":true},""lora"":{""beginState"":0,""lastTxState"":0,""lastTxOk"":false,""txSeq"":0,""txCounter"":0,""aesKeyProvisioned"":true,""aesKeyPresent"":true,""aesKeySource"":""nvs"",""keyId"":1,""lastDownlinkCommandId"":0,""freqMHz"":920,""bwKHz"":125,""sf"":7,""cr"":5,""syncWord"":18,""txPowerDbm"":17,""preamble"":8,""tcxoVoltage"":1.600000024,""xtalVoltage"":0},""dataset"":{""state"":""idle"",""step"":""idle"",""label"":"""",""seq"":0,""targetSamples"":0,""sampleIntervalMs"":500,""maxDurationMs"":0,""useFanIntake"":true,""fanOnMs"":1000,""postFanSettleMs"":0,""nullingProfileId"":9,""queuePending"":0,""queueCapacity"":16,""queueEnqueued"":0,""queueDropped"":0,""publishFailCount"":0,""retryCount"":0,""retryFailCount"":0,""rejectedSamples"":0,""lastRejectReason"":""none"",""lastRejectChannel"":-1,""lastRejectOkFiniteCount"":0,""lastRejectStatus"":255,""lastRejectGain"":0,""lastRejectSaturated"":false},""recovery"":{""wifiReconnectCount"":0,""wifiReconnectFailCount"":0,""mqttReconnectCount"":0,""mqttConnectFailCount"":0,""lastMqttState"":0,""adsRecoveryCount"":0,""adsRecoveryFailCount"":0,""adsReadFailStreak"":0,""lastReason"":""none"",""lastRecoveryMs"":0,""bootRecoveryArmed"":false,""bootRecoveryDueMs"":0,""bootRecoveryReason"":""none"",""bootRecoveryNonAdsFailure"":false,""bootRecoveryRestartCount"":0},""nulling"":{""done"":false,""retryArmed"":false,""attemptCount"":0,""nextRetryMs"":0,""thresholdV"":9.999999747E-06,""minFinalV"":0},""telemetry"":{""valid"":true,""sampleMs"":6789706,""gasClass"":6,""gasName"":""CO2"",""confidence"":0,""alarm"":false,""sensorVoltage"":[0.117357239,0.003968107,0.004695071,-0.00264027,-0.009147788,-0.011683108,-0.019609837,-0.025292967],""sensorGain"":[32,64,64,64,64,64,64,64],""sensorStatus"":[0,0,0,0,0,0,0,0],""featureOrder"":[""MQ8"",""MQ135"",""MQ3"",""MQ5"",""MQ4"",""MQ7"",""MQ6"",""MQ2""]},""alarmLatched"":false}"
2026-08-04 11:14:14.476 +07:00,413.356,HOT_SWEEP_70,70,700,300,1,0,0.117293738,0.003961796,0.00469938,-0.002628303,-0.009135162,-0.011698297,-0.019629501,-0.025260231,"{""deviceId"":""1001"",""nodeId"":4097,""targetChId"":""0010"",""mode"":""inference"",""uptimeMs"":6790806,""debugEnabled"":true,""power"":{""mode"":""24v"",""externalPower"":true,""batteryMv"":65535,""batteryValid"":false,""batteryDetected"":false,""batterySenseStatus"":""not_detected"",""batteryLow"":false,""batteryCritical"":false,""sourceAmbiguous"":false,""serviceHoldActive"":false,""serviceHoldEffective"":false},""batterySession"":{""state"":""inactive"",""startedMs"":0,""stateStartedMs"":0,""validSampleBatches"":0,""requiredSampleBatches"":10,""alarmTxAttempts"":0,""alarmTxAttemptLimit"":3,""alarmAckReceived"":false,""pendingAlarm"":false,""pendingSaveRequired"":false,""persistenceFaultHold"":false,""completionReason"":""session_done""},""bootHealth"":{""adsReady"":true,""adsDrdyLevel"":0,""adsDrdyPulldownLevel"":0,""adsDrdyPullupLevel"":0,""adsMisoPulldownLevel"":0,""adsMisoPullupLevel"":1,""adsCsLevel"":1,""adsSyncLevel"":1,""adsStatus"":54,""adsMux"":15,""adsAdcon"":6,""adsDrate"":240,""adsReason"":""ok"",""tcaOk"":true,""mcpOkCount"":8,""mcpOk"":[true,true,true,true,true,true,true,true],""mcpAddrMask"":[1,1,1,1,1,1,1,1],""mcpControlTested"":true,""mcpControlOkCount"":8,""mcpControlOk"":[true,true,true,true,true,true,true,true],""dacReady"":true,""radioReady"":true,""mlReady"":true,""nullingProfileApplied"":true,""modelProfileReady"":false},""runtimeMcpCode"":[255,519,795,706,799,865,665,139],""model"":{""profileId"":""cnn-dualbranch-datasheet-v1-unbound"",""scalerProfileId"":""cnn-dualbranch-datasheet-v1-unbound"",""productionApproved"":true,""boundNullingProfileId"":8,""activeNullingProfileId"":9,""bindingValid"":true,""bindingModelMatches"":true,""profileReady"":false,""inferenceValid"":false,""sensorFault"":true},""lora"":{""beginState"":0,""lastTxState"":0,""lastTxOk"":false,""txSeq"":0,""txCounter"":0,""aesKeyProvisioned"":true,""aesKeyPresent"":true,""aesKeySource"":""nvs"",""keyId"":1,""lastDownlinkCommandId"":0,""freqMHz"":920,""bwKHz"":125,""sf"":7,""cr"":5,""syncWord"":18,""txPowerDbm"":17,""preamble"":8,""tcxoVoltage"":1.600000024,""xtalVoltage"":0},""dataset"":{""state"":""idle"",""step"":""idle"",""label"":"""",""seq"":0,""targetSamples"":0,""sampleIntervalMs"":500,""maxDurationMs"":0,""useFanIntake"":true,""fanOnMs"":1000,""postFanSettleMs"":0,""nullingProfileId"":9,""queuePending"":0,""queueCapacity"":16,""queueEnqueued"":0,""queueDropped"":0,""publishFailCount"":0,""retryCount"":0,""retryFailCount"":0,""rejectedSamples"":0,""lastRejectReason"":""none"",""lastRejectChannel"":-1,""lastRejectOkFiniteCount"":0,""lastRejectStatus"":255,""lastRejectGain"":0,""lastRejectSaturated"":false},""recovery"":{""wifiReconnectCount"":0,""wifiReconnectFailCount"":0,""mqttReconnectCount"":0,""mqttConnectFailCount"":0,""lastMqttState"":0,""adsRecoveryCount"":0,""adsRecoveryFailCount"":0,""adsReadFailStreak"":0,""lastReason"":""none"",""lastRecoveryMs"":0,""bootRecoveryArmed"":false,""bootRecoveryDueMs"":0,""bootRecoveryReason"":""none"",""bootRecoveryNonAdsFailure"":false,""bootRecoveryRestartCount"":0},""nulling"":{""done"":false,""retryArmed"":false,""attemptCount"":0,""nextRetryMs"":0,""thresholdV"":9.999999747E-06,""minFinalV"":0},""telemetry"":{""valid"":true,""sampleMs"":6790405,""gasClass"":6,""gasName"":""CO2"",""confidence"":0,""alarm"":false,""sensorVoltage"":[0.117293738,0.003961796,0.00469938,-0.002628303,-0.009135162,-0.011698297,-0.019629501,-0.025260231],""sensorGain"":[32,64,64,64,64,64,64,64],""sensorStatus"":[0,0,0,0,0,0,0,0],""featureOrder"":[""MQ8"",""MQ135"",""MQ3"",""MQ5"",""MQ4"",""MQ7"",""MQ6"",""MQ2""]},""alarmLatched"":false}"
2026-08-04 11:14:15.173 +07:00,414.053,HOT_SWEEP_70,70,700,300,1,0,0.117930606,0.003909455,0.004689468,-0.002637404,-0.009134036,-0.011443857,-0.019264642,-0.024781762,"{""deviceId"":""1001"",""nodeId"":4097,""targetChId"":""0010"",""mode"":""inference"",""uptimeMs"":6791503,""debugEnabled"":true,""power"":{""mode"":""24v"",""externalPower"":true,""batteryMv"":65535,""batteryValid"":false,""batteryDetected"":false,""batterySenseStatus"":""not_detected"",""batteryLow"":false,""batteryCritical"":false,""sourceAmbiguous"":false,""serviceHoldActive"":false,""serviceHoldEffective"":false},""batterySession"":{""state"":""inactive"",""startedMs"":0,""stateStartedMs"":0,""validSampleBatches"":0,""requiredSampleBatches"":10,""alarmTxAttempts"":0,""alarmTxAttemptLimit"":3,""alarmAckReceived"":false,""pendingAlarm"":false,""pendingSaveRequired"":false,""persistenceFaultHold"":false,""completionReason"":""session_done""},""bootHealth"":{""adsReady"":true,""adsDrdyLevel"":0,""adsDrdyPulldownLevel"":0,""adsDrdyPullupLevel"":0,""adsMisoPulldownLevel"":0,""adsMisoPullupLevel"":1,""adsCsLevel"":1,""adsSyncLevel"":1,""adsStatus"":54,""adsMux"":15,""adsAdcon"":6,""adsDrate"":240,""adsReason"":""ok"",""tcaOk"":true,""mcpOkCount"":8,""mcpOk"":[true,true,true,true,true,true,true,true],""mcpAddrMask"":[1,1,1,1,1,1,1,1],""mcpControlTested"":true,""mcpControlOkCount"":8,""mcpControlOk"":[true,true,true,true,true,true,true,true],""dacReady"":true,""radioReady"":true,""mlReady"":true,""nullingProfileApplied"":true,""modelProfileReady"":false},""runtimeMcpCode"":[255,519,795,706,799,865,665,139],""model"":{""profileId"":""cnn-dualbranch-datasheet-v1-unbound"",""scalerProfileId"":""cnn-dualbranch-datasheet-v1-unbound"",""productionApproved"":true,""boundNullingProfileId"":8,""activeNullingProfileId"":9,""bindingValid"":true,""bindingModelMatches"":true,""profileReady"":false,""inferenceValid"":false,""sensorFault"":true},""lora"":{""beginState"":0,""lastTxState"":0,""lastTxOk"":false,""txSeq"":0,""txCounter"":0,""aesKeyProvisioned"":true,""aesKeyPresent"":true,""aesKeySource"":""nvs"",""keyId"":1,""lastDownlinkCommandId"":0,""freqMHz"":920,""bwKHz"":125,""sf"":7,""cr"":5,""syncWord"":18,""txPowerDbm"":17,""preamble"":8,""tcxoVoltage"":1.600000024,""xtalVoltage"":0},""dataset"":{""state"":""idle"",""step"":""idle"",""label"":"""",""seq"":0,""targetSamples"":0,""sampleIntervalMs"":500,""maxDurationMs"":0,""useFanIntake"":true,""fanOnMs"":1000,""postFanSettleMs"":0,""nullingProfileId"":9,""queuePending"":0,""queueCapacity"":16,""queueEnqueued"":0,""queueDropped"":0,""publishFailCount"":0,""retryCount"":0,""retryFailCount"":0,""rejectedSamples"":0,""lastRejectReason"":""none"",""lastRejectChannel"":-1,""lastRejectOkFiniteCount"":0,""lastRejectStatus"":255,""lastRejectGain"":0,""lastRejectSaturated"":false},""recovery"":{""wifiReconnectCount"":0,""wifiReconnectFailCount"":0,""mqttReconnectCount"":0,""mqttConnectFailCount"":0,""lastMqttState"":0,""adsRecoveryCount"":0,""adsRecoveryFailCount"":0,""adsReadFailStreak"":0,""lastReason"":""none"",""lastRecoveryMs"":0,""bootRecoveryArmed"":false,""bootRecoveryDueMs"":0,""bootRecoveryReason"":""none"",""bootRecoveryNonAdsFailure"":false,""bootRecoveryRestartCount"":0},""nulling"":{""done"":false,""retryArmed"":false,""attemptCount"":0,""nextRetryMs"":0,""thresholdV"":9.999999747E-06,""minFinalV"":0},""telemetry"":{""valid"":true,""sampleMs"":6791116,""gasClass"":6,""gasName"":""CO2"",""confidence"":0,""alarm"":false,""sensorVoltage"":[0.117930606,0.003909455,0.004689468,-0.002637404,-0.009134036,-0.011443857,-0.019264642,-0.024781762],""sensorGain"":[32,64,64,64,64,64,64,64],""sensorStatus"":[0,0,0,0,0,0,0,0],""featureOrder"":[""MQ8"",""MQ135"",""MQ3"",""MQ5"",""MQ4"",""MQ7"",""MQ6"",""MQ2""]},""alarmLatched"":false}"
2026-08-04 11:14:15.870 +07:00,414.741,HOT_SWEEP_70,70,700,300,1,0,0.117376938,0.003972667,0.004780309,-0.002627361,-0.00940154,-0.011661565,-0.019565016,-0.025275027,"{""deviceId"":""1001"",""nodeId"":4097,""targetChId"":""0010"",""mode"":""inference"",""uptimeMs"":6792200,""debugEnabled"":true,""power"":{""mode"":""24v"",""externalPower"":true,""batteryMv"":65535,""batteryValid"":false,""batteryDetected"":false,""batterySenseStatus"":""not_detected"",""batteryLow"":false,""batteryCritical"":false,""sourceAmbiguous"":false,""serviceHoldActive"":false,""serviceHoldEffective"":false},""batterySession"":{""state"":""inactive"",""startedMs"":0,""stateStartedMs"":0,""validSampleBatches"":0,""requiredSampleBatches"":10,""alarmTxAttempts"":0,""alarmTxAttemptLimit"":3,""alarmAckReceived"":false,""pendingAlarm"":false,""pendingSaveRequired"":false,""persistenceFaultHold"":false,""completionReason"":""session_done""},""bootHealth"":{""adsReady"":true,""adsDrdyLevel"":0,""adsDrdyPulldownLevel"":0,""adsDrdyPullupLevel"":0,""adsMisoPulldownLevel"":0,""adsMisoPullupLevel"":1,""adsCsLevel"":1,""adsSyncLevel"":1,""adsStatus"":54,""adsMux"":15,""adsAdcon"":6,""adsDrate"":240,""adsReason"":""ok"",""tcaOk"":true,""mcpOkCount"":8,""mcpOk"":[true,true,true,true,true,true,true,true],""mcpAddrMask"":[1,1,1,1,1,1,1,1],""mcpControlTested"":true,""mcpControlOkCount"":8,""mcpControlOk"":[true,true,true,true,true,true,true,true],""dacReady"":true,""radioReady"":true,""mlReady"":true,""nullingProfileApplied"":true,""modelProfileReady"":false},""runtimeMcpCode"":[255,519,795,706,799,865,665,139],""model"":{""profileId"":""cnn-dualbranch-datasheet-v1-unbound"",""scalerProfileId"":""cnn-dualbranch-datasheet-v1-unbound"",""productionApproved"":true,""boundNullingProfileId"":8,""activeNullingProfileId"":9,""bindingValid"":true,""bindingModelMatches"":true,""profileReady"":false,""inferenceValid"":false,""sensorFault"":true},""lora"":{""beginState"":0,""lastTxState"":0,""lastTxOk"":false,""txSeq"":0,""txCounter"":0,""aesKeyProvisioned"":true,""aesKeyPresent"":true,""aesKeySource"":""nvs"",""keyId"":1,""lastDownlinkCommandId"":0,""freqMHz"":920,""bwKHz"":125,""sf"":7,""cr"":5,""syncWord"":18,""txPowerDbm"":17,""preamble"":8,""tcxoVoltage"":1.600000024,""xtalVoltage"":0},""dataset"":{""state"":""idle"",""step"":""idle"",""label"":"""",""seq"":0,""targetSamples"":0,""sampleIntervalMs"":500,""maxDurationMs"":0,""useFanIntake"":true,""fanOnMs"":1000,""postFanSettleMs"":0,""nullingProfileId"":9,""queuePending"":0,""queueCapacity"":16,""queueEnqueued"":0,""queueDropped"":0,""publishFailCount"":0,""retryCount"":0,""retryFailCount"":0,""rejectedSamples"":0,""lastRejectReason"":""none"",""lastRejectChannel"":-1,""lastRejectOkFiniteCount"":0,""lastRejectStatus"":255,""lastRejectGain"":0,""lastRejectSaturated"":false},""recovery"":{""wifiReconnectCount"":0,""wifiReconnectFailCount"":0,""mqttReconnectCount"":0,""mqttConnectFailCount"":0,""lastMqttState"":0,""adsRecoveryCount"":0,""adsRecoveryFailCount"":0,""adsReadFailStreak"":0,""lastReason"":""none"",""lastRecoveryMs"":0,""bootRecoveryArmed"":false,""bootRecoveryDueMs"":0,""bootRecoveryReason"":""none"",""bootRecoveryNonAdsFailure"":false,""bootRecoveryRestartCount"":0},""nulling"":{""done"":false,""retryArmed"":false,""attemptCount"":0,""nextRetryMs"":0,""thresholdV"":9.999999747E-06,""minFinalV"":0},""telemetry"":{""valid"":true,""sampleMs"":6791781,""gasClass"":6,""gasName"":""CO2"",""confidence"":0,""alarm"":false,""sensorVoltage"":[0.117376938,0.003972667,0.004780309,-0.002627361,-0.00940154,-0.011661565,-0.019565016,-0.025275027],""sensorGain"":[32,64,64,64,64,64,64,64],""sensorStatus"":[0,0,0,0,0,0,0,0],""featureOrder"":[""MQ8"",""MQ135"",""MQ3"",""MQ5"",""MQ4"",""MQ7"",""MQ6"",""MQ2""]},""alarmLatched"":false}"
2026-08-04 11:14:16.541 +07:00,415.422,HOT_SWEEP_70,70,700,300,1,0,0.117203951,0.003988495,0.004788683,-0.002622809,-0.009391973,-0.011664694,-0.019508129,-0.025306517,"{""deviceId"":""1001"",""nodeId"":4097,""targetChId"":""0010"",""mode"":""inference"",""uptimeMs"":6792879,""debugEnabled"":true,""power"":{""mode"":""24v"",""externalPower"":true,""batteryMv"":65535,""batteryValid"":false,""batteryDetected"":false,""batterySenseStatus"":""not_detected"",""batteryLow"":false,""batteryCritical"":false,""sourceAmbiguous"":false,""serviceHoldActive"":false,""serviceHoldEffective"":false},""batterySession"":{""state"":""inactive"",""startedMs"":0,""stateStartedMs"":0,""validSampleBatches"":0,""requiredSampleBatches"":10,""alarmTxAttempts"":0,""alarmTxAttemptLimit"":3,""alarmAckReceived"":false,""pendingAlarm"":false,""pendingSaveRequired"":false,""persistenceFaultHold"":false,""completionReason"":""session_done""},""bootHealth"":{""adsReady"":true,""adsDrdyLevel"":0,""adsDrdyPulldownLevel"":0,""adsDrdyPullupLevel"":0,""adsMisoPulldownLevel"":0,""adsMisoPullupLevel"":1,""adsCsLevel"":1,""adsSyncLevel"":1,""adsStatus"":54,""adsMux"":15,""adsAdcon"":6,""adsDrate"":240,""adsReason"":""ok"",""tcaOk"":true,""mcpOkCount"":8,""mcpOk"":[true,true,true,true,true,true,true,true],""mcpAddrMask"":[1,1,1,1,1,1,1,1],""mcpControlTested"":true,""mcpControlOkCount"":8,""mcpControlOk"":[true,true,true,true,true,true,true,true],""dacReady"":true,""radioReady"":true,""mlReady"":true,""nullingProfileApplied"":true,""modelProfileReady"":false},""runtimeMcpCode"":[255,519,795,706,799,865,665,139],""model"":{""profileId"":""cnn-dualbranch-datasheet-v1-unbound"",""scalerProfileId"":""cnn-dualbranch-datasheet-v1-unbound"",""productionApproved"":true,""boundNullingProfileId"":8,""activeNullingProfileId"":9,""bindingValid"":true,""bindingModelMatches"":true,""profileReady"":false,""inferenceValid"":false,""sensorFault"":true},""lora"":{""beginState"":0,""lastTxState"":0,""lastTxOk"":false,""txSeq"":0,""txCounter"":0,""aesKeyProvisioned"":true,""aesKeyPresent"":true,""aesKeySource"":""nvs"",""keyId"":1,""lastDownlinkCommandId"":0,""freqMHz"":920,""bwKHz"":125,""sf"":7,""cr"":5,""syncWord"":18,""txPowerDbm"":17,""preamble"":8,""tcxoVoltage"":1.600000024,""xtalVoltage"":0},""dataset"":{""state"":""idle"",""step"":""idle"",""label"":"""",""seq"":0,""targetSamples"":0,""sampleIntervalMs"":500,""maxDurationMs"":0,""useFanIntake"":true,""fanOnMs"":1000,""postFanSettleMs"":0,""nullingProfileId"":9,""queuePending"":0,""queueCapacity"":16,""queueEnqueued"":0,""queueDropped"":0,""publishFailCount"":0,""retryCount"":0,""retryFailCount"":0,""rejectedSamples"":0,""lastRejectReason"":""none"",""lastRejectChannel"":-1,""lastRejectOkFiniteCount"":0,""lastRejectStatus"":255,""lastRejectGain"":0,""lastRejectSaturated"":false},""recovery"":{""wifiReconnectCount"":0,""wifiReconnectFailCount"":0,""mqttReconnectCount"":0,""mqttConnectFailCount"":0,""lastMqttState"":0,""adsRecoveryCount"":0,""adsRecoveryFailCount"":0,""adsReadFailStreak"":0,""lastReason"":""none"",""lastRecoveryMs"":0,""bootRecoveryArmed"":false,""bootRecoveryDueMs"":0,""bootRecoveryReason"":""none"",""bootRecoveryNonAdsFailure"":false,""bootRecoveryRestartCount"":0},""nulling"":{""done"":false,""retryArmed"":false,""attemptCount"":0,""nextRetryMs"":0,""thresholdV"":9.999999747E-06,""minFinalV"":0},""telemetry"":{""valid"":true,""sampleMs"":6792478,""gasClass"":6,""gasName"":""CO2"",""confidence"":0,""alarm"":false,""sensorVoltage"":[0.117203951,0.003988495,0.004788683,-0.002622809,-0.009391973,-0.011664694,-0.019508129,-0.025306517],""sensorGain"":[32,64,64,64,64,64,64,64],""sensorStatus"":[0,0,0,0,0,0,0,0],""featureOrder"":[""MQ8"",""MQ135"",""MQ3"",""MQ5"",""MQ4"",""MQ7"",""MQ6"",""MQ2""]},""alarmLatched"":false}"
2026-08-04 11:14:17.223 +07:00,416.104,HOT_SWEEP_70,70,700,300,1,0,0.118067458,0.003952027,0.004735153,-0.002562361,-0.009199796,-0.011386549,-0.019511463,-0.025293007,"{""deviceId"":""1001"",""nodeId"":4097,""targetChId"":""0010"",""mode"":""inference"",""uptimeMs"":6793562,""debugEnabled"":true,""power"":{""mode"":""24v"",""externalPower"":true,""batteryMv"":65535,""batteryValid"":false,""batteryDetected"":false,""batterySenseStatus"":""not_detected"",""batteryLow"":false,""batteryCritical"":false,""sourceAmbiguous"":false,""serviceHoldActive"":false,""serviceHoldEffective"":false},""batterySession"":{""state"":""inactive"",""startedMs"":0,""stateStartedMs"":0,""validSampleBatches"":0,""requiredSampleBatches"":10,""alarmTxAttempts"":0,""alarmTxAttemptLimit"":3,""alarmAckReceived"":false,""pendingAlarm"":false,""pendingSaveRequired"":false,""persistenceFaultHold"":false,""completionReason"":""session_done""},""bootHealth"":{""adsReady"":true,""adsDrdyLevel"":0,""adsDrdyPulldownLevel"":0,""adsDrdyPullupLevel"":0,""adsMisoPulldownLevel"":0,""adsMisoPullupLevel"":1,""adsCsLevel"":1,""adsSyncLevel"":1,""adsStatus"":54,""adsMux"":15,""adsAdcon"":6,""adsDrate"":240,""adsReason"":""ok"",""tcaOk"":true,""mcpOkCount"":8,""mcpOk"":[true,true,true,true,true,true,true,true],""mcpAddrMask"":[1,1,1,1,1,1,1,1],""mcpControlTested"":true,""mcpControlOkCount"":8,""mcpControlOk"":[true,true,true,true,true,true,true,true],""dacReady"":true,""radioReady"":true,""mlReady"":true,""nullingProfileApplied"":true,""modelProfileReady"":false},""runtimeMcpCode"":[255,519,795,706,799,865,665,139],""model"":{""profileId"":""cnn-dualbranch-datasheet-v1-unbound"",""scalerProfileId"":""cnn-dualbranch-datasheet-v1-unbound"",""productionApproved"":true,""boundNullingProfileId"":8,""activeNullingProfileId"":9,""bindingValid"":true,""bindingModelMatches"":true,""profileReady"":false,""inferenceValid"":false,""sensorFault"":true},""lora"":{""beginState"":0,""lastTxState"":0,""lastTxOk"":false,""txSeq"":0,""txCounter"":0,""aesKeyProvisioned"":true,""aesKeyPresent"":true,""aesKeySource"":""nvs"",""keyId"":1,""lastDownlinkCommandId"":0,""freqMHz"":920,""bwKHz"":125,""sf"":7,""cr"":5,""syncWord"":18,""txPowerDbm"":17,""preamble"":8,""tcxoVoltage"":1.600000024,""xtalVoltage"":0},""dataset"":{""state"":""idle"",""step"":""idle"",""label"":"""",""seq"":0,""targetSamples"":0,""sampleIntervalMs"":500,""maxDurationMs"":0,""useFanIntake"":true,""fanOnMs"":1000,""postFanSettleMs"":0,""nullingProfileId"":9,""queuePending"":0,""queueCapacity"":16,""queueEnqueued"":0,""queueDropped"":0,""publishFailCount"":0,""retryCount"":0,""retryFailCount"":0,""rejectedSamples"":0,""lastRejectReason"":""none"",""lastRejectChannel"":-1,""lastRejectOkFiniteCount"":0,""lastRejectStatus"":255,""lastRejectGain"":0,""lastRejectSaturated"":false},""recovery"":{""wifiReconnectCount"":0,""wifiReconnectFailCount"":0,""mqttReconnectCount"":0,""mqttConnectFailCount"":0,""lastMqttState"":0,""adsRecoveryCount"":0,""adsRecoveryFailCount"":0,""adsReadFailStreak"":0,""lastReason"":""none"",""lastRecoveryMs"":0,""bootRecoveryArmed"":false,""bootRecoveryDueMs"":0,""bootRecoveryReason"":""none"",""bootRecoveryNonAdsFailure"":false,""bootRecoveryRestartCount"":0},""nulling"":{""done"":false,""retryArmed"":false,""attemptCount"":0,""nextRetryMs"":0,""thresholdV"":9.999999747E-06,""minFinalV"":0},""telemetry"":{""valid"":true,""sampleMs"":6793189,""gasClass"":6,""gasName"":""CO2"",""confidence"":0,""alarm"":false,""sensorVoltage"":[0.118067458,0.003952027,0.004735153,-0.002562361,-0.009199796,-0.011386549,-0.019511463,-0.025293007],""sensorGain"":[32,64,64,64,64,64,64,64],""sensorStatus"":[0,0,0,0,0,0,0,0],""featureOrder"":[""MQ8"",""MQ135"",""MQ3"",""MQ5"",""MQ4"",""MQ7"",""MQ6"",""MQ2""]},""alarmLatched"":false}"
2026-08-04 11:14:17.915 +07:00,416.795,HOT_SWEEP_70,70,700,300,1,0,0.117500544,0.003948051,0.004817571,-0.002594444,-0.009402631,-0.011668783,-0.019875372,-0.02579557,"{""deviceId"":""1001"",""nodeId"":4097,""targetChId"":""0010"",""mode"":""inference"",""uptimeMs"":6794245,""debugEnabled"":true,""power"":{""mode"":""24v"",""externalPower"":true,""batteryMv"":65535,""batteryValid"":false,""batteryDetected"":false,""batterySenseStatus"":""not_detected"",""batteryLow"":false,""batteryCritical"":false,""sourceAmbiguous"":false,""serviceHoldActive"":false,""serviceHoldEffective"":false},""batterySession"":{""state"":""inactive"",""startedMs"":0,""stateStartedMs"":0,""validSampleBatches"":0,""requiredSampleBatches"":10,""alarmTxAttempts"":0,""alarmTxAttemptLimit"":3,""alarmAckReceived"":false,""pendingAlarm"":false,""pendingSaveRequired"":false,""persistenceFaultHold"":false,""completionReason"":""session_done""},""bootHealth"":{""adsReady"":true,""adsDrdyLevel"":0,""adsDrdyPulldownLevel"":0,""adsDrdyPullupLevel"":0,""adsMisoPulldownLevel"":0,""adsMisoPullupLevel"":1,""adsCsLevel"":1,""adsSyncLevel"":1,""adsStatus"":54,""adsMux"":15,""adsAdcon"":6,""adsDrate"":240,""adsReason"":""ok"",""tcaOk"":true,""mcpOkCount"":8,""mcpOk"":[true,true,true,true,true,true,true,true],""mcpAddrMask"":[1,1,1,1,1,1,1,1],""mcpControlTested"":true,""mcpControlOkCount"":8,""mcpControlOk"":[true,true,true,true,true,true,true,true],""dacReady"":true,""radioReady"":true,""mlReady"":true,""nullingProfileApplied"":true,""modelProfileReady"":false},""runtimeMcpCode"":[255,519,795,706,799,865,665,139],""model"":{""profileId"":""cnn-dualbranch-datasheet-v1-unbound"",""scalerProfileId"":""cnn-dualbranch-datasheet-v1-unbound"",""productionApproved"":true,""boundNullingProfileId"":8,""activeNullingProfileId"":9,""bindingValid"":true,""bindingModelMatches"":true,""profileReady"":false,""inferenceValid"":false,""sensorFault"":true},""lora"":{""beginState"":0,""lastTxState"":0,""lastTxOk"":false,""txSeq"":0,""txCounter"":0,""aesKeyProvisioned"":true,""aesKeyPresent"":true,""aesKeySource"":""nvs"",""keyId"":1,""lastDownlinkCommandId"":0,""freqMHz"":920,""bwKHz"":125,""sf"":7,""cr"":5,""syncWord"":18,""txPowerDbm"":17,""preamble"":8,""tcxoVoltage"":1.600000024,""xtalVoltage"":0},""dataset"":{""state"":""idle"",""step"":""idle"",""label"":"""",""seq"":0,""targetSamples"":0,""sampleIntervalMs"":500,""maxDurationMs"":0,""useFanIntake"":true,""fanOnMs"":1000,""postFanSettleMs"":0,""nullingProfileId"":9,""queuePending"":0,""queueCapacity"":16,""queueEnqueued"":0,""queueDropped"":0,""publishFailCount"":0,""retryCount"":0,""retryFailCount"":0,""rejectedSamples"":0,""lastRejectReason"":""none"",""lastRejectChannel"":-1,""lastRejectOkFiniteCount"":0,""lastRejectStatus"":255,""lastRejectGain"":0,""lastRejectSaturated"":false},""recovery"":{""wifiReconnectCount"":0,""wifiReconnectFailCount"":0,""mqttReconnectCount"":0,""mqttConnectFailCount"":0,""lastMqttState"":0,""adsRecoveryCount"":0,""adsRecoveryFailCount"":0,""adsReadFailStreak"":0,""lastReason"":""none"",""lastRecoveryMs"":0,""bootRecoveryArmed"":false,""bootRecoveryDueMs"":0,""bootRecoveryReason"":""none"",""bootRecoveryNonAdsFailure"":false,""bootRecoveryRestartCount"":0},""nulling"":{""done"":false,""retryArmed"":false,""attemptCount"":0,""nextRetryMs"":0,""thresholdV"":9.999999747E-06,""minFinalV"":0},""telemetry"":{""valid"":true,""sampleMs"":6793840,""gasClass"":6,""gasName"":""CO2"",""confidence"":0,""alarm"":false,""sensorVoltage"":[0.117500544,0.003948051,0.004817571,-0.002594444,-0.009402631,-0.011668783,-0.019875372,-0.02579557],""sensorGain"":[32,64,64,64,64,64,64,64],""sensorStatus"":[0,0,0,0,0,0,0,0],""featureOrder"":[""MQ8"",""MQ135"",""MQ3"",""MQ5"",""MQ4"",""MQ7"",""MQ6"",""MQ2""]},""alarmLatched"":false}"
2026-08-04 11:14:18.607 +07:00,417.488,HOT_SWEEP_70,70,700,300,1,0,0.117201626,0.003951035,0.004827276,-0.002613033,-0.009415356,-0.011623217,-0.019893086,-0.025823172,"{""deviceId"":""1001"",""nodeId"":4097,""targetChId"":""0010"",""mode"":""inference"",""uptimeMs"":6794939,""debugEnabled"":true,""power"":{""mode"":""24v"",""externalPower"":true,""batteryMv"":65535,""batteryValid"":false,""batteryDetected"":false,""batterySenseStatus"":""not_detected"",""batteryLow"":false,""batteryCritical"":false,""sourceAmbiguous"":false,""serviceHoldActive"":false,""serviceHoldEffective"":false},""batterySession"":{""state"":""inactive"",""startedMs"":0,""stateStartedMs"":0,""validSampleBatches"":0,""requiredSampleBatches"":10,""alarmTxAttempts"":0,""alarmTxAttemptLimit"":3,""alarmAckReceived"":false,""pendingAlarm"":false,""pendingSaveRequired"":false,""persistenceFaultHold"":false,""completionReason"":""session_done""},""bootHealth"":{""adsReady"":true,""adsDrdyLevel"":0,""adsDrdyPulldownLevel"":0,""adsDrdyPullupLevel"":0,""adsMisoPulldownLevel"":0,""adsMisoPullupLevel"":1,""adsCsLevel"":1,""adsSyncLevel"":1,""adsStatus"":54,""adsMux"":15,""adsAdcon"":6,""adsDrate"":240,""adsReason"":""ok"",""tcaOk"":true,""mcpOkCount"":8,""mcpOk"":[true,true,true,true,true,true,true,true],""mcpAddrMask"":[1,1,1,1,1,1,1,1],""mcpControlTested"":true,""mcpControlOkCount"":8,""mcpControlOk"":[true,true,true,true,true,true,true,true],""dacReady"":true,""radioReady"":true,""mlReady"":true,""nullingProfileApplied"":true,""modelProfileReady"":false},""runtimeMcpCode"":[255,519,795,706,799,865,665,139],""model"":{""profileId"":""cnn-dualbranch-datasheet-v1-unbound"",""scalerProfileId"":""cnn-dualbranch-datasheet-v1-unbound"",""productionApproved"":true,""boundNullingProfileId"":8,""activeNullingProfileId"":9,""bindingValid"":true,""bindingModelMatches"":true,""profileReady"":false,""inferenceValid"":false,""sensorFault"":true},""lora"":{""beginState"":0,""lastTxState"":0,""lastTxOk"":false,""txSeq"":0,""txCounter"":0,""aesKeyProvisioned"":true,""aesKeyPresent"":true,""aesKeySource"":""nvs"",""keyId"":1,""lastDownlinkCommandId"":0,""freqMHz"":920,""bwKHz"":125,""sf"":7,""cr"":5,""syncWord"":18,""txPowerDbm"":17,""preamble"":8,""tcxoVoltage"":1.600000024,""xtalVoltage"":0},""dataset"":{""state"":""idle"",""step"":""idle"",""label"":"""",""seq"":0,""targetSamples"":0,""sampleIntervalMs"":500,""maxDurationMs"":0,""useFanIntake"":true,""fanOnMs"":1000,""postFanSettleMs"":0,""nullingProfileId"":9,""queuePending"":0,""queueCapacity"":16,""queueEnqueued"":0,""queueDropped"":0,""publishFailCount"":0,""retryCount"":0,""retryFailCount"":0,""rejectedSamples"":0,""lastRejectReason"":""none"",""lastRejectChannel"":-1,""lastRejectOkFiniteCount"":0,""lastRejectStatus"":255,""lastRejectGain"":0,""lastRejectSaturated"":false},""recovery"":{""wifiReconnectCount"":0,""wifiReconnectFailCount"":0,""mqttReconnectCount"":0,""mqttConnectFailCount"":0,""lastMqttState"":0,""adsRecoveryCount"":0,""adsRecoveryFailCount"":0,""adsReadFailStreak"":0,""lastReason"":""none"",""lastRecoveryMs"":0,""bootRecoveryArmed"":false,""bootRecoveryDueMs"":0,""bootRecoveryReason"":""none"",""bootRecoveryNonAdsFailure"":false,""bootRecoveryRestartCount"":0},""nulling"":{""done"":false,""retryArmed"":false,""attemptCount"":0,""nextRetryMs"":0,""thresholdV"":9.999999747E-06,""minFinalV"":0},""telemetry"":{""valid"":true,""sampleMs"":6794523,""gasClass"":6,""gasName"":""CO2"",""confidence"":0,""alarm"":false,""sensorVoltage"":[0.117201626,0.003951035,0.004827276,-0.002613033,-0.009415356,-0.011623217,-0.019893086,-0.025823172],""sensorGain"":[32,64,64,64,64,64,64,64],""sensorStatus"":[0,0,0,0,0,0,0,0],""featureOrder"":[""MQ8"",""MQ135"",""MQ3"",""MQ5"",""MQ4"",""MQ7"",""MQ6"",""MQ2""]},""alarmLatched"":false}"
2026-08-04 11:14:19.285 +07:00,418.151,HOT_SWEEP_70,70,700,300,1,0,0.117902115,0.003949828,0.004850071,-0.002570016,-0.009408589,-0.011617031,-0.019948568,-0.025882443,"{""deviceId"":""1001"",""nodeId"":4097,""targetChId"":""0010"",""mode"":""inference"",""uptimeMs"":6795615,""debugEnabled"":true,""power"":{""mode"":""24v"",""externalPower"":true,""batteryMv"":65535,""batteryValid"":false,""batteryDetected"":false,""batterySenseStatus"":""not_detected"",""batteryLow"":false,""batteryCritical"":false,""sourceAmbiguous"":false,""serviceHoldActive"":false,""serviceHoldEffective"":false},""batterySession"":{""state"":""inactive"",""startedMs"":0,""stateStartedMs"":0,""validSampleBatches"":0,""requiredSampleBatches"":10,""alarmTxAttempts"":0,""alarmTxAttemptLimit"":3,""alarmAckReceived"":false,""pendingAlarm"":false,""pendingSaveRequired"":false,""persistenceFaultHold"":false,""completionReason"":""session_done""},""bootHealth"":{""adsReady"":true,""adsDrdyLevel"":0,""adsDrdyPulldownLevel"":0,""adsDrdyPullupLevel"":0,""adsMisoPulldownLevel"":0,""adsMisoPullupLevel"":1,""adsCsLevel"":1,""adsSyncLevel"":1,""adsStatus"":54,""adsMux"":15,""adsAdcon"":6,""adsDrate"":240,""adsReason"":""ok"",""tcaOk"":true,""mcpOkCount"":8,""mcpOk"":[true,true,true,true,true,true,true,true],""mcpAddrMask"":[1,1,1,1,1,1,1,1],""mcpControlTested"":true,""mcpControlOkCount"":8,""mcpControlOk"":[true,true,true,true,true,true,true,true],""dacReady"":true,""radioReady"":true,""mlReady"":true,""nullingProfileApplied"":true,""modelProfileReady"":false},""runtimeMcpCode"":[255,519,795,706,799,865,665,139],""model"":{""profileId"":""cnn-dualbranch-datasheet-v1-unbound"",""scalerProfileId"":""cnn-dualbranch-datasheet-v1-unbound"",""productionApproved"":true,""boundNullingProfileId"":8,""activeNullingProfileId"":9,""bindingValid"":true,""bindingModelMatches"":true,""profileReady"":false,""inferenceValid"":false,""sensorFault"":true},""lora"":{""beginState"":0,""lastTxState"":0,""lastTxOk"":false,""txSeq"":0,""txCounter"":0,""aesKeyProvisioned"":true,""aesKeyPresent"":true,""aesKeySource"":""nvs"",""keyId"":1,""lastDownlinkCommandId"":0,""freqMHz"":920,""bwKHz"":125,""sf"":7,""cr"":5,""syncWord"":18,""txPowerDbm"":17,""preamble"":8,""tcxoVoltage"":1.600000024,""xtalVoltage"":0},""dataset"":{""state"":""idle"",""step"":""idle"",""label"":"""",""seq"":0,""targetSamples"":0,""sampleIntervalMs"":500,""maxDurationMs"":0,""useFanIntake"":true,""fanOnMs"":1000,""postFanSettleMs"":0,""nullingProfileId"":9,""queuePending"":0,""queueCapacity"":16,""queueEnqueued"":0,""queueDropped"":0,""publishFailCount"":0,""retryCount"":0,""retryFailCount"":0,""rejectedSamples"":0,""lastRejectReason"":""none"",""lastRejectChannel"":-1,""lastRejectOkFiniteCount"":0,""lastRejectStatus"":255,""lastRejectGain"":0,""lastRejectSaturated"":false},""recovery"":{""wifiReconnectCount"":0,""wifiReconnectFailCount"":0,""mqttReconnectCount"":0,""mqttConnectFailCount"":0,""lastMqttState"":0,""adsRecoveryCount"":0,""adsRecoveryFailCount"":0,""adsReadFailStreak"":0,""lastReason"":""none"",""lastRecoveryMs"":0,""bootRecoveryArmed"":false,""bootRecoveryDueMs"":0,""bootRecoveryReason"":""none"",""bootRecoveryNonAdsFailure"":false,""bootRecoveryRestartCount"":0},""nulling"":{""done"":false,""retryArmed"":false,""attemptCount"":0,""nextRetryMs"":0,""thresholdV"":9.999999747E-06,""minFinalV"":0},""telemetry"":{""valid"":true,""sampleMs"":6795249,""gasClass"":6,""gasName"":""CO2"",""confidence"":0,""alarm"":false,""sensorVoltage"":[0.117902115,0.003949828,0.004850071,-0.002570016,-0.009408589,-0.011617031,-0.019948568,-0.025882443],""sensorGain"":[32,64,64,64,64,64,64,64],""sensorStatus"":[0,0,0,0,0,0,0,0],""featureOrder"":[""MQ8"",""MQ135"",""MQ3"",""MQ5"",""MQ4"",""MQ7"",""MQ6"",""MQ2""]},""alarmLatched"":false}"
2026-08-04 11:14:19.987 +07:00,418.864,HOT_SWEEP_70,70,700,300,1,0,0.117370591,0.003988086,0.004958821,-0.002610903,-0.009645429,-0.011884602,-0.019930745,-0.025894269,"{""deviceId"":""1001"",""nodeId"":4097,""targetChId"":""0010"",""mode"":""inference"",""uptimeMs"":6796313,""debugEnabled"":true,""power"":{""mode"":""24v"",""externalPower"":true,""batteryMv"":65535,""batteryValid"":false,""batteryDetected"":false,""batterySenseStatus"":""not_detected"",""batteryLow"":false,""batteryCritical"":false,""sourceAmbiguous"":false,""serviceHoldActive"":false,""serviceHoldEffective"":false},""batterySession"":{""state"":""inactive"",""startedMs"":0,""stateStartedMs"":0,""validSampleBatches"":0,""requiredSampleBatches"":10,""alarmTxAttempts"":0,""alarmTxAttemptLimit"":3,""alarmAckReceived"":false,""pendingAlarm"":false,""pendingSaveRequired"":false,""persistenceFaultHold"":false,""completionReason"":""session_done""},""bootHealth"":{""adsReady"":true,""adsDrdyLevel"":0,""adsDrdyPulldownLevel"":0,""adsDrdyPullupLevel"":0,""adsMisoPulldownLevel"":0,""adsMisoPullupLevel"":1,""adsCsLevel"":1,""adsSyncLevel"":1,""adsStatus"":54,""adsMux"":15,""adsAdcon"":6,""adsDrate"":240,""adsReason"":""ok"",""tcaOk"":true,""mcpOkCount"":8,""mcpOk"":[true,true,true,true,true,true,true,true],""mcpAddrMask"":[1,1,1,1,1,1,1,1],""mcpControlTested"":true,""mcpControlOkCount"":8,""mcpControlOk"":[true,true,true,true,true,true,true,true],""dacReady"":true,""radioReady"":true,""mlReady"":true,""nullingProfileApplied"":true,""modelProfileReady"":false},""runtimeMcpCode"":[255,519,795,706,799,865,665,139],""model"":{""profileId"":""cnn-dualbranch-datasheet-v1-unbound"",""scalerProfileId"":""cnn-dualbranch-datasheet-v1-unbound"",""productionApproved"":true,""boundNullingProfileId"":8,""activeNullingProfileId"":9,""bindingValid"":true,""bindingModelMatches"":true,""profileReady"":false,""inferenceValid"":false,""sensorFault"":true},""lora"":{""beginState"":0,""lastTxState"":0,""lastTxOk"":false,""txSeq"":0,""txCounter"":0,""aesKeyProvisioned"":true,""aesKeyPresent"":true,""aesKeySource"":""nvs"",""keyId"":1,""lastDownlinkCommandId"":0,""freqMHz"":920,""bwKHz"":125,""sf"":7,""cr"":5,""syncWord"":18,""txPowerDbm"":17,""preamble"":8,""tcxoVoltage"":1.600000024,""xtalVoltage"":0},""dataset"":{""state"":""idle"",""step"":""idle"",""label"":"""",""seq"":0,""targetSamples"":0,""sampleIntervalMs"":500,""maxDurationMs"":0,""useFanIntake"":true,""fanOnMs"":1000,""postFanSettleMs"":0,""nullingProfileId"":9,""queuePending"":0,""queueCapacity"":16,""queueEnqueued"":0,""queueDropped"":0,""publishFailCount"":0,""retryCount"":0,""retryFailCount"":0,""rejectedSamples"":0,""lastRejectReason"":""none"",""lastRejectChannel"":-1,""lastRejectOkFiniteCount"":0,""lastRejectStatus"":255,""lastRejectGain"":0,""lastRejectSaturated"":false},""recovery"":{""wifiReconnectCount"":0,""wifiReconnectFailCount"":0,""mqttReconnectCount"":0,""mqttConnectFailCount"":0,""lastMqttState"":0,""adsRecoveryCount"":0,""adsRecoveryFailCount"":0,""adsReadFailStreak"":0,""lastReason"":""none"",""lastRecoveryMs"":0,""bootRecoveryArmed"":false,""bootRecoveryDueMs"":0,""bootRecoveryReason"":""none"",""bootRecoveryNonAdsFailure"":false,""bootRecoveryRestartCount"":0},""nulling"":{""done"":false,""retryArmed"":false,""attemptCount"":0,""nextRetryMs"":0,""thresholdV"":9.999999747E-06,""minFinalV"":0},""telemetry"":{""valid"":true,""sampleMs"":6795893,""gasClass"":6,""gasName"":""CO2"",""confidence"":0,""alarm"":false,""sensorVoltage"":[0.117370591,0.003988086,0.004958821,-0.002610903,-0.009645429,-0.011884602,-0.019930745,-0.025894269],""sensorGain"":[32,64,64,64,64,64,64,64],""sensorStatus"":[0,0,0,0,0,0,0,0],""featureOrder"":[""MQ8"",""MQ135"",""MQ3"",""MQ5"",""MQ4"",""MQ7"",""MQ6"",""MQ2""]},""alarmLatched"":false}"
2026-08-04 11:14:20.730 +07:00,419.610,HOT_SWEEP_70,70,700,300,1,0,0.116775431,0.00399011,0.004909593,-0.002534034,-0.009673531,-0.011882138,-0.019877832,-0.025891816,"{""deviceId"":""1001"",""nodeId"":4097,""targetChId"":""0010"",""mode"":""inference"",""uptimeMs"":6797061,""debugEnabled"":true,""power"":{""mode"":""24v"",""externalPower"":true,""batteryMv"":65535,""batteryValid"":false,""batteryDetected"":false,""batterySenseStatus"":""not_detected"",""batteryLow"":false,""batteryCritical"":false,""sourceAmbiguous"":false,""serviceHoldActive"":false,""serviceHoldEffective"":false},""batterySession"":{""state"":""inactive"",""startedMs"":0,""stateStartedMs"":0,""validSampleBatches"":0,""requiredSampleBatches"":10,""alarmTxAttempts"":0,""alarmTxAttemptLimit"":3,""alarmAckReceived"":false,""pendingAlarm"":false,""pendingSaveRequired"":false,""persistenceFaultHold"":false,""completionReason"":""session_done""},""bootHealth"":{""adsReady"":true,""adsDrdyLevel"":0,""adsDrdyPulldownLevel"":0,""adsDrdyPullupLevel"":0,""adsMisoPulldownLevel"":0,""adsMisoPullupLevel"":1,""adsCsLevel"":1,""adsSyncLevel"":1,""adsStatus"":54,""adsMux"":15,""adsAdcon"":6,""adsDrate"":240,""adsReason"":""ok"",""tcaOk"":true,""mcpOkCount"":8,""mcpOk"":[true,true,true,true,true,true,true,true],""mcpAddrMask"":[1,1,1,1,1,1,1,1],""mcpControlTested"":true,""mcpControlOkCount"":8,""mcpControlOk"":[true,true,true,true,true,true,true,true],""dacReady"":true,""radioReady"":true,""mlReady"":true,""nullingProfileApplied"":true,""modelProfileReady"":false},""runtimeMcpCode"":[255,519,795,706,799,865,665,139],""model"":{""profileId"":""cnn-dualbranch-datasheet-v1-unbound"",""scalerProfileId"":""cnn-dualbranch-datasheet-v1-unbound"",""productionApproved"":true,""boundNullingProfileId"":8,""activeNullingProfileId"":9,""bindingValid"":true,""bindingModelMatches"":true,""profileReady"":false,""inferenceValid"":false,""sensorFault"":true},""lora"":{""beginState"":0,""lastTxState"":0,""lastTxOk"":false,""txSeq"":0,""txCounter"":0,""aesKeyProvisioned"":true,""aesKeyPresent"":true,""aesKeySource"":""nvs"",""keyId"":1,""lastDownlinkCommandId"":0,""freqMHz"":920,""bwKHz"":125,""sf"":7,""cr"":5,""syncWord"":18,""txPowerDbm"":17,""preamble"":8,""tcxoVoltage"":1.600000024,""xtalVoltage"":0},""dataset"":{""state"":""idle"",""step"":""idle"",""label"":"""",""seq"":0,""targetSamples"":0,""sampleIntervalMs"":500,""maxDurationMs"":0,""useFanIntake"":true,""fanOnMs"":1000,""postFanSettleMs"":0,""nullingProfileId"":9,""queuePending"":0,""queueCapacity"":16,""queueEnqueued"":0,""queueDropped"":0,""publishFailCount"":0,""retryCount"":0,""retryFailCount"":0,""rejectedSamples"":0,""lastRejectReason"":""none"",""lastRejectChannel"":-1,""lastRejectOkFiniteCount"":0,""lastRejectStatus"":255,""lastRejectGain"":0,""lastRejectSaturated"":false},""recovery"":{""wifiReconnectCount"":0,""wifiReconnectFailCount"":0,""mqttReconnectCount"":0,""mqttConnectFailCount"":0,""lastMqttState"":0,""adsRecoveryCount"":0,""adsRecoveryFailCount"":0,""adsReadFailStreak"":0,""lastReason"":""none"",""lastRecoveryMs"":0,""bootRecoveryArmed"":false,""bootRecoveryDueMs"":0,""bootRecoveryReason"":""none"",""bootRecoveryNonAdsFailure"":false,""bootRecoveryRestartCount"":0},""nulling"":{""done"":false,""retryArmed"":false,""attemptCount"":0,""nextRetryMs"":0,""thresholdV"":9.999999747E-06,""minFinalV"":0},""telemetry"":{""valid"":true,""sampleMs"":6796591,""gasClass"":6,""gasName"":""CO2"",""confidence"":0,""alarm"":false,""sensorVoltage"":[0.116775431,0.00399011,0.004909593,-0.002534034,-0.009673531,-0.011882138,-0.019877832,-0.025891816],""sensorGain"":[32,64,64,64,64,64,64,64],""sensorStatus"":[0,0,0,0,0,0,0,0],""featureOrder"":[""MQ8"",""MQ135"",""MQ3"",""MQ5"",""MQ4"",""MQ7"",""MQ6"",""MQ2""]},""alarmLatched"":false}"
2026-08-04 11:14:21.416 +07:00,420.296,HOT_SWEEP_70,70,700,300,1,0,0.116943933,0.00401199,0.004910104,-0.002520425,-0.009667033,-0.011870189,-0.019861465,-0.025931258,"{""deviceId"":""1001"",""nodeId"":4097,""targetChId"":""0010"",""mode"":""inference"",""uptimeMs"":6797747,""debugEnabled"":true,""power"":{""mode"":""24v"",""externalPower"":true,""batteryMv"":65535,""batteryValid"":false,""batteryDetected"":false,""batterySenseStatus"":""not_detected"",""batteryLow"":false,""batteryCritical"":false,""sourceAmbiguous"":false,""serviceHoldActive"":false,""serviceHoldEffective"":false},""batterySession"":{""state"":""inactive"",""startedMs"":0,""stateStartedMs"":0,""validSampleBatches"":0,""requiredSampleBatches"":10,""alarmTxAttempts"":0,""alarmTxAttemptLimit"":3,""alarmAckReceived"":false,""pendingAlarm"":false,""pendingSaveRequired"":false,""persistenceFaultHold"":false,""completionReason"":""session_done""},""bootHealth"":{""adsReady"":true,""adsDrdyLevel"":0,""adsDrdyPulldownLevel"":0,""adsDrdyPullupLevel"":0,""adsMisoPulldownLevel"":0,""adsMisoPullupLevel"":1,""adsCsLevel"":1,""adsSyncLevel"":1,""adsStatus"":54,""adsMux"":15,""adsAdcon"":6,""adsDrate"":240,""adsReason"":""ok"",""tcaOk"":true,""mcpOkCount"":8,""mcpOk"":[true,true,true,true,true,true,true,true],""mcpAddrMask"":[1,1,1,1,1,1,1,1],""mcpControlTested"":true,""mcpControlOkCount"":8,""mcpControlOk"":[true,true,true,true,true,true,true,true],""dacReady"":true,""radioReady"":true,""mlReady"":true,""nullingProfileApplied"":true,""modelProfileReady"":false},""runtimeMcpCode"":[255,519,795,706,799,865,665,139],""model"":{""profileId"":""cnn-dualbranch-datasheet-v1-unbound"",""scalerProfileId"":""cnn-dualbranch-datasheet-v1-unbound"",""productionApproved"":true,""boundNullingProfileId"":8,""activeNullingProfileId"":9,""bindingValid"":true,""bindingModelMatches"":true,""profileReady"":false,""inferenceValid"":false,""sensorFault"":true},""lora"":{""beginState"":0,""lastTxState"":0,""lastTxOk"":false,""txSeq"":0,""txCounter"":0,""aesKeyProvisioned"":true,""aesKeyPresent"":true,""aesKeySource"":""nvs"",""keyId"":1,""lastDownlinkCommandId"":0,""freqMHz"":920,""bwKHz"":125,""sf"":7,""cr"":5,""syncWord"":18,""txPowerDbm"":17,""preamble"":8,""tcxoVoltage"":1.600000024,""xtalVoltage"":0},""dataset"":{""state"":""idle"",""step"":""idle"",""label"":"""",""seq"":0,""targetSamples"":0,""sampleIntervalMs"":500,""maxDurationMs"":0,""useFanIntake"":true,""fanOnMs"":1000,""postFanSettleMs"":0,""nullingProfileId"":9,""queuePending"":0,""queueCapacity"":16,""queueEnqueued"":0,""queueDropped"":0,""publishFailCount"":0,""retryCount"":0,""retryFailCount"":0,""rejectedSamples"":0,""lastRejectReason"":""none"",""lastRejectChannel"":-1,""lastRejectOkFiniteCount"":0,""lastRejectStatus"":255,""lastRejectGain"":0,""lastRejectSaturated"":false},""recovery"":{""wifiReconnectCount"":0,""wifiReconnectFailCount"":0,""mqttReconnectCount"":0,""mqttConnectFailCount"":0,""lastMqttState"":0,""adsRecoveryCount"":0,""adsRecoveryFailCount"":0,""adsReadFailStreak"":0,""lastReason"":""none"",""lastRecoveryMs"":0,""bootRecoveryArmed"":false,""bootRecoveryDueMs"":0,""bootRecoveryReason"":""none"",""bootRecoveryNonAdsFailure"":false,""bootRecoveryRestartCount"":0},""nulling"":{""done"":false,""retryArmed"":false,""attemptCount"":0,""nextRetryMs"":0,""thresholdV"":9.999999747E-06,""minFinalV"":0},""telemetry"":{""valid"":true,""sampleMs"":6797371,""gasClass"":6,""gasName"":""CO2"",""confidence"":0,""alarm"":false,""sensorVoltage"":[0.116943933,0.00401199,0.004910104,-0.002520425,-0.009667033,-0.011870189,-0.019861465,-0.025931258],""sensorGain"":[32,64,64,64,64,64,64,64],""sensorStatus"":[0,0,0,0,0,0,0,0],""featureOrder"":[""MQ8"",""MQ135"",""MQ3"",""MQ5"",""MQ4"",""MQ7"",""MQ6"",""MQ2""]},""alarmLatched"":false}"
2026-08-04 11:14:22.089 +07:00,420.970,HOT_SWEEP_70,70,700,300,1,0,0.116949856,0.004053092,0.004928204,-0.002521978,-0.009645922,-0.011927245,-0.019871144,-0.025879446,"{""deviceId"":""1001"",""nodeId"":4097,""targetChId"":""0010"",""mode"":""inference"",""uptimeMs"":6798427,""debugEnabled"":true,""power"":{""mode"":""24v"",""externalPower"":true,""batteryMv"":65535,""batteryValid"":false,""batteryDetected"":false,""batterySenseStatus"":""not_detected"",""batteryLow"":false,""batteryCritical"":false,""sourceAmbiguous"":false,""serviceHoldActive"":false,""serviceHoldEffective"":false},""batterySession"":{""state"":""inactive"",""startedMs"":0,""stateStartedMs"":0,""validSampleBatches"":0,""requiredSampleBatches"":10,""alarmTxAttempts"":0,""alarmTxAttemptLimit"":3,""alarmAckReceived"":false,""pendingAlarm"":false,""pendingSaveRequired"":false,""persistenceFaultHold"":false,""completionReason"":""session_done""},""bootHealth"":{""adsReady"":true,""adsDrdyLevel"":0,""adsDrdyPulldownLevel"":0,""adsDrdyPullupLevel"":0,""adsMisoPulldownLevel"":0,""adsMisoPullupLevel"":1,""adsCsLevel"":1,""adsSyncLevel"":1,""adsStatus"":54,""adsMux"":15,""adsAdcon"":6,""adsDrate"":240,""adsReason"":""ok"",""tcaOk"":true,""mcpOkCount"":8,""mcpOk"":[true,true,true,true,true,true,true,true],""mcpAddrMask"":[1,1,1,1,1,1,1,1],""mcpControlTested"":true,""mcpControlOkCount"":8,""mcpControlOk"":[true,true,true,true,true,true,true,true],""dacReady"":true,""radioReady"":true,""mlReady"":true,""nullingProfileApplied"":true,""modelProfileReady"":false},""runtimeMcpCode"":[255,519,795,706,799,865,665,139],""model"":{""profileId"":""cnn-dualbranch-datasheet-v1-unbound"",""scalerProfileId"":""cnn-dualbranch-datasheet-v1-unbound"",""productionApproved"":true,""boundNullingProfileId"":8,""activeNullingProfileId"":9,""bindingValid"":true,""bindingModelMatches"":true,""profileReady"":false,""inferenceValid"":false,""sensorFault"":true},""lora"":{""beginState"":0,""lastTxState"":0,""lastTxOk"":false,""txSeq"":0,""txCounter"":0,""aesKeyProvisioned"":true,""aesKeyPresent"":true,""aesKeySource"":""nvs"",""keyId"":1,""lastDownlinkCommandId"":0,""freqMHz"":920,""bwKHz"":125,""sf"":7,""cr"":5,""syncWord"":18,""txPowerDbm"":17,""preamble"":8,""tcxoVoltage"":1.600000024,""xtalVoltage"":0},""dataset"":{""state"":""idle"",""step"":""idle"",""label"":"""",""seq"":0,""targetSamples"":0,""sampleIntervalMs"":500,""maxDurationMs"":0,""useFanIntake"":true,""fanOnMs"":1000,""postFanSettleMs"":0,""nullingProfileId"":9,""queuePending"":0,""queueCapacity"":16,""queueEnqueued"":0,""queueDropped"":0,""publishFailCount"":0,""retryCount"":0,""retryFailCount"":0,""rejectedSamples"":0,""lastRejectReason"":""none"",""lastRejectChannel"":-1,""lastRejectOkFiniteCount"":0,""lastRejectStatus"":255,""lastRejectGain"":0,""lastRejectSaturated"":false},""recovery"":{""wifiReconnectCount"":0,""wifiReconnectFailCount"":0,""mqttReconnectCount"":0,""mqttConnectFailCount"":0,""lastMqttState"":0,""adsRecoveryCount"":0,""adsRecoveryFailCount"":0,""adsReadFailStreak"":0,""lastReason"":""none"",""lastRecoveryMs"":0,""bootRecoveryArmed"":false,""bootRecoveryDueMs"":0,""bootRecoveryReason"":""none"",""bootRecoveryNonAdsFailure"":false,""bootRecoveryRestartCount"":0},""nulling"":{""done"":false,""retryArmed"":false,""attemptCount"":0,""nextRetryMs"":0,""thresholdV"":9.999999747E-06,""minFinalV"":0},""telemetry"":{""valid"":true,""sampleMs"":6798025,""gasClass"":6,""gasName"":""CO2"",""confidence"":0,""alarm"":false,""sensorVoltage"":[0.116949856,0.004053092,0.004928204,-0.002521978,-0.009645922,-0.011927245,-0.019871144,-0.025879446],""sensorGain"":[32,64,64,64,64,64,64,64],""sensorStatus"":[0,0,0,0,0,0,0,0],""featureOrder"":[""MQ8"",""MQ135"",""MQ3"",""MQ5"",""MQ4"",""MQ7"",""MQ6"",""MQ2""]},""alarmLatched"":false}"
2026-08-04 11:14:22.781 +07:00,421.662,HOT_SWEEP_70,70,700,300,1,0,0.116737321,0.004045472,0.004917154,-0.002524027,-0.009661486,-0.011896575,-0.019883174,-0.025829379,"{""deviceId"":""1001"",""nodeId"":4097,""targetChId"":""0010"",""mode"":""inference"",""uptimeMs"":6799112,""debugEnabled"":true,""power"":{""mode"":""24v"",""externalPower"":true,""batteryMv"":65535,""batteryValid"":false,""batteryDetected"":false,""batterySenseStatus"":""not_detected"",""batteryLow"":false,""batteryCritical"":false,""sourceAmbiguous"":false,""serviceHoldActive"":false,""serviceHoldEffective"":false},""batterySession"":{""state"":""inactive"",""startedMs"":0,""stateStartedMs"":0,""validSampleBatches"":0,""requiredSampleBatches"":10,""alarmTxAttempts"":0,""alarmTxAttemptLimit"":3,""alarmAckReceived"":false,""pendingAlarm"":false,""pendingSaveRequired"":false,""persistenceFaultHold"":false,""completionReason"":""session_done""},""bootHealth"":{""adsReady"":true,""adsDrdyLevel"":0,""adsDrdyPulldownLevel"":0,""adsDrdyPullupLevel"":0,""adsMisoPulldownLevel"":0,""adsMisoPullupLevel"":1,""adsCsLevel"":1,""adsSyncLevel"":1,""adsStatus"":54,""adsMux"":15,""adsAdcon"":6,""adsDrate"":240,""adsReason"":""ok"",""tcaOk"":true,""mcpOkCount"":8,""mcpOk"":[true,true,true,true,true,true,true,true],""mcpAddrMask"":[1,1,1,1,1,1,1,1],""mcpControlTested"":true,""mcpControlOkCount"":8,""mcpControlOk"":[true,true,true,true,true,true,true,true],""dacReady"":true,""radioReady"":true,""mlReady"":true,""nullingProfileApplied"":true,""modelProfileReady"":false},""runtimeMcpCode"":[255,519,795,706,799,865,665,139],""model"":{""profileId"":""cnn-dualbranch-datasheet-v1-unbound"",""scalerProfileId"":""cnn-dualbranch-datasheet-v1-unbound"",""productionApproved"":true,""boundNullingProfileId"":8,""activeNullingProfileId"":9,""bindingValid"":true,""bindingModelMatches"":true,""profileReady"":false,""inferenceValid"":false,""sensorFault"":true},""lora"":{""beginState"":0,""lastTxState"":0,""lastTxOk"":false,""txSeq"":0,""txCounter"":0,""aesKeyProvisioned"":true,""aesKeyPresent"":true,""aesKeySource"":""nvs"",""keyId"":1,""lastDownlinkCommandId"":0,""freqMHz"":920,""bwKHz"":125,""sf"":7,""cr"":5,""syncWord"":18,""txPowerDbm"":17,""preamble"":8,""tcxoVoltage"":1.600000024,""xtalVoltage"":0},""dataset"":{""state"":""idle"",""step"":""idle"",""label"":"""",""seq"":0,""targetSamples"":0,""sampleIntervalMs"":500,""maxDurationMs"":0,""useFanIntake"":true,""fanOnMs"":1000,""postFanSettleMs"":0,""nullingProfileId"":9,""queuePending"":0,""queueCapacity"":16,""queueEnqueued"":0,""queueDropped"":0,""publishFailCount"":0,""retryCount"":0,""retryFailCount"":0,""rejectedSamples"":0,""lastRejectReason"":""none"",""lastRejectChannel"":-1,""lastRejectOkFiniteCount"":0,""lastRejectStatus"":255,""lastRejectGain"":0,""lastRejectSaturated"":false},""recovery"":{""wifiReconnectCount"":0,""wifiReconnectFailCount"":0,""mqttReconnectCount"":0,""mqttConnectFailCount"":0,""lastMqttState"":0,""adsRecoveryCount"":0,""adsRecoveryFailCount"":0,""adsReadFailStreak"":0,""lastReason"":""none"",""lastRecoveryMs"":0,""bootRecoveryArmed"":false,""bootRecoveryDueMs"":0,""bootRecoveryReason"":""none"",""bootRecoveryNonAdsFailure"":false,""bootRecoveryRestartCount"":0},""nulling"":{""done"":false,""retryArmed"":false,""attemptCount"":0,""nextRetryMs"":0,""thresholdV"":9.999999747E-06,""minFinalV"":0},""telemetry"":{""valid"":true,""sampleMs"":6798705,""gasClass"":6,""gasName"":""CO2"",""confidence"":0,""alarm"":false,""sensorVoltage"":[0.116737321,0.004045472,0.004917154,-0.002524027,-0.009661486,-0.011896575,-0.019883174,-0.025829379],""sensorGain"":[32,64,64,64,64,64,64,64],""sensorStatus"":[0,0,0,0,0,0,0,0],""featureOrder"":[""MQ8"",""MQ135"",""MQ3"",""MQ5"",""MQ4"",""MQ7"",""MQ6"",""MQ2""]},""alarmLatched"":false}"
2026-08-04 11:14:23.455 +07:00,422.336,HOT_SWEEP_70,70,700,300,1,0,0.116746232,0.004028037,0.004917804,-0.002518959,-0.009657139,-0.011863102,-0.019863384,-0.025820231,"{""deviceId"":""1001"",""nodeId"":4097,""targetChId"":""0010"",""mode"":""inference"",""uptimeMs"":6799791,""debugEnabled"":true,""power"":{""mode"":""24v"",""externalPower"":true,""batteryMv"":65535,""batteryValid"":false,""batteryDetected"":false,""batterySenseStatus"":""not_detected"",""batteryLow"":false,""batteryCritical"":false,""sourceAmbiguous"":false,""serviceHoldActive"":false,""serviceHoldEffective"":false},""batterySession"":{""state"":""inactive"",""startedMs"":0,""stateStartedMs"":0,""validSampleBatches"":0,""requiredSampleBatches"":10,""alarmTxAttempts"":0,""alarmTxAttemptLimit"":3,""alarmAckReceived"":false,""pendingAlarm"":false,""pendingSaveRequired"":false,""persistenceFaultHold"":false,""completionReason"":""session_done""},""bootHealth"":{""adsReady"":true,""adsDrdyLevel"":0,""adsDrdyPulldownLevel"":0,""adsDrdyPullupLevel"":0,""adsMisoPulldownLevel"":0,""adsMisoPullupLevel"":1,""adsCsLevel"":1,""adsSyncLevel"":1,""adsStatus"":54,""adsMux"":15,""adsAdcon"":6,""adsDrate"":240,""adsReason"":""ok"",""tcaOk"":true,""mcpOkCount"":8,""mcpOk"":[true,true,true,true,true,true,true,true],""mcpAddrMask"":[1,1,1,1,1,1,1,1],""mcpControlTested"":true,""mcpControlOkCount"":8,""mcpControlOk"":[true,true,true,true,true,true,true,true],""dacReady"":true,""radioReady"":true,""mlReady"":true,""nullingProfileApplied"":true,""modelProfileReady"":false},""runtimeMcpCode"":[255,519,795,706,799,865,665,139],""model"":{""profileId"":""cnn-dualbranch-datasheet-v1-unbound"",""scalerProfileId"":""cnn-dualbranch-datasheet-v1-unbound"",""productionApproved"":true,""boundNullingProfileId"":8,""activeNullingProfileId"":9,""bindingValid"":true,""bindingModelMatches"":true,""profileReady"":false,""inferenceValid"":false,""sensorFault"":true},""lora"":{""beginState"":0,""lastTxState"":0,""lastTxOk"":false,""txSeq"":0,""txCounter"":0,""aesKeyProvisioned"":true,""aesKeyPresent"":true,""aesKeySource"":""nvs"",""keyId"":1,""lastDownlinkCommandId"":0,""freqMHz"":920,""bwKHz"":125,""sf"":7,""cr"":5,""syncWord"":18,""txPowerDbm"":17,""preamble"":8,""tcxoVoltage"":1.600000024,""xtalVoltage"":0},""dataset"":{""state"":""idle"",""step"":""idle"",""label"":"""",""seq"":0,""targetSamples"":0,""sampleIntervalMs"":500,""maxDurationMs"":0,""useFanIntake"":true,""fanOnMs"":1000,""postFanSettleMs"":0,""nullingProfileId"":9,""queuePending"":0,""queueCapacity"":16,""queueEnqueued"":0,""queueDropped"":0,""publishFailCount"":0,""retryCount"":0,""retryFailCount"":0,""rejectedSamples"":0,""lastRejectReason"":""none"",""lastRejectChannel"":-1,""lastRejectOkFiniteCount"":0,""lastRejectStatus"":255,""lastRejectGain"":0,""lastRejectSaturated"":false},""recovery"":{""wifiReconnectCount"":0,""wifiReconnectFailCount"":0,""mqttReconnectCount"":0,""mqttConnectFailCount"":0,""lastMqttState"":0,""adsRecoveryCount"":0,""adsRecoveryFailCount"":0,""adsReadFailStreak"":0,""lastReason"":""none"",""lastRecoveryMs"":0,""bootRecoveryArmed"":false,""bootRecoveryDueMs"":0,""bootRecoveryReason"":""none"",""bootRecoveryNonAdsFailure"":false,""bootRecoveryRestartCount"":0},""nulling"":{""done"":false,""retryArmed"":false,""attemptCount"":0,""nextRetryMs"":0,""thresholdV"":9.999999747E-06,""minFinalV"":0},""telemetry"":{""valid"":true,""sampleMs"":6799422,""gasClass"":6,""gasName"":""CO2"",""confidence"":0,""alarm"":false,""sensorVoltage"":[0.116746232,0.004028037,0.004917804,-0.002518959,-0.009657139,-0.011863102,-0.019863384,-0.025820231],""sensorGain"":[32,64,64,64,64,64,64,64],""sensorStatus"":[0,0,0,0,0,0,0,0],""featureOrder"":[""MQ8"",""MQ135"",""MQ3"",""MQ5"",""MQ4"",""MQ7"",""MQ6"",""MQ2""]},""alarmLatched"":false}"
2026-08-04 11:14:24.149 +07:00,423.027,HOT_SWEEP_70,70,700,300,1,0,0.117285207,0.004008937,0.004915467,-0.002567128,-0.00971129,-0.011884255,-0.01948991,-0.025366958,"{""deviceId"":""1001"",""nodeId"":4097,""targetChId"":""0010"",""mode"":""inference"",""uptimeMs"":6800477,""debugEnabled"":true,""power"":{""mode"":""24v"",""externalPower"":true,""batteryMv"":65535,""batteryValid"":false,""batteryDetected"":false,""batterySenseStatus"":""not_detected"",""batteryLow"":false,""batteryCritical"":false,""sourceAmbiguous"":false,""serviceHoldActive"":false,""serviceHoldEffective"":false},""batterySession"":{""state"":""inactive"",""startedMs"":0,""stateStartedMs"":0,""validSampleBatches"":0,""requiredSampleBatches"":10,""alarmTxAttempts"":0,""alarmTxAttemptLimit"":3,""alarmAckReceived"":false,""pendingAlarm"":false,""pendingSaveRequired"":false,""persistenceFaultHold"":false,""completionReason"":""session_done""},""bootHealth"":{""adsReady"":true,""adsDrdyLevel"":0,""adsDrdyPulldownLevel"":0,""adsDrdyPullupLevel"":0,""adsMisoPulldownLevel"":0,""adsMisoPullupLevel"":1,""adsCsLevel"":1,""adsSyncLevel"":1,""adsStatus"":54,""adsMux"":15,""adsAdcon"":6,""adsDrate"":240,""adsReason"":""ok"",""tcaOk"":true,""mcpOkCount"":8,""mcpOk"":[true,true,true,true,true,true,true,true],""mcpAddrMask"":[1,1,1,1,1,1,1,1],""mcpControlTested"":true,""mcpControlOkCount"":8,""mcpControlOk"":[true,true,true,true,true,true,true,true],""dacReady"":true,""radioReady"":true,""mlReady"":true,""nullingProfileApplied"":true,""modelProfileReady"":false},""runtimeMcpCode"":[255,519,795,706,799,865,665,139],""model"":{""profileId"":""cnn-dualbranch-datasheet-v1-unbound"",""scalerProfileId"":""cnn-dualbranch-datasheet-v1-unbound"",""productionApproved"":true,""boundNullingProfileId"":8,""activeNullingProfileId"":9,""bindingValid"":true,""bindingModelMatches"":true,""profileReady"":false,""inferenceValid"":false,""sensorFault"":true},""lora"":{""beginState"":0,""lastTxState"":0,""lastTxOk"":false,""txSeq"":0,""txCounter"":0,""aesKeyProvisioned"":true,""aesKeyPresent"":true,""aesKeySource"":""nvs"",""keyId"":1,""lastDownlinkCommandId"":0,""freqMHz"":920,""bwKHz"":125,""sf"":7,""cr"":5,""syncWord"":18,""txPowerDbm"":17,""preamble"":8,""tcxoVoltage"":1.600000024,""xtalVoltage"":0},""dataset"":{""state"":""idle"",""step"":""idle"",""label"":"""",""seq"":0,""targetSamples"":0,""sampleIntervalMs"":500,""maxDurationMs"":0,""useFanIntake"":true,""fanOnMs"":1000,""postFanSettleMs"":0,""nullingProfileId"":9,""queuePending"":0,""queueCapacity"":16,""queueEnqueued"":0,""queueDropped"":0,""publishFailCount"":0,""retryCount"":0,""retryFailCount"":0,""rejectedSamples"":0,""lastRejectReason"":""none"",""lastRejectChannel"":-1,""lastRejectOkFiniteCount"":0,""lastRejectStatus"":255,""lastRejectGain"":0,""lastRejectSaturated"":false},""recovery"":{""wifiReconnectCount"":0,""wifiReconnectFailCount"":0,""mqttReconnectCount"":0,""mqttConnectFailCount"":0,""lastMqttState"":0,""adsRecoveryCount"":0,""adsRecoveryFailCount"":0,""adsReadFailStreak"":0,""lastReason"":""none"",""lastRecoveryMs"":0,""bootRecoveryArmed"":false,""bootRecoveryDueMs"":0,""bootRecoveryReason"":""none"",""bootRecoveryNonAdsFailure"":false,""bootRecoveryRestartCount"":0},""nulling"":{""done"":false,""retryArmed"":false,""attemptCount"":0,""nextRetryMs"":0,""thresholdV"":9.999999747E-06,""minFinalV"":0},""telemetry"":{""valid"":true,""sampleMs"":6800069,""gasClass"":6,""gasName"":""CO2"",""confidence"":0,""alarm"":false,""sensorVoltage"":[0.117285207,0.004008937,0.004915467,-0.002567128,-0.00971129,-0.011884255,-0.01948991,-0.025366958],""sensorGain"":[32,64,64,64,64,64,64,64],""sensorStatus"":[0,0,0,0,0,0,0,0],""featureOrder"":[""MQ8"",""MQ135"",""MQ3"",""MQ5"",""MQ4"",""MQ7"",""MQ6"",""MQ2""]},""alarmLatched"":false}"
2026-08-04 11:14:24.840 +07:00,423.719,HOT_SWEEP_70,70,700,300,1,0,0.116887771,0.004018287,0.004905715,-0.002580986,-0.009701657,-0.011861813,-0.019566696,-0.025330752,"{""deviceId"":""1001"",""nodeId"":4097,""targetChId"":""0010"",""mode"":""inference"",""uptimeMs"":6801169,""debugEnabled"":true,""power"":{""mode"":""24v"",""externalPower"":true,""batteryMv"":65535,""batteryValid"":false,""batteryDetected"":false,""batterySenseStatus"":""not_detected"",""batteryLow"":false,""batteryCritical"":false,""sourceAmbiguous"":false,""serviceHoldActive"":false,""serviceHoldEffective"":false},""batterySession"":{""state"":""inactive"",""startedMs"":0,""stateStartedMs"":0,""validSampleBatches"":0,""requiredSampleBatches"":10,""alarmTxAttempts"":0,""alarmTxAttemptLimit"":3,""alarmAckReceived"":false,""pendingAlarm"":false,""pendingSaveRequired"":false,""persistenceFaultHold"":false,""completionReason"":""session_done""},""bootHealth"":{""adsReady"":true,""adsDrdyLevel"":0,""adsDrdyPulldownLevel"":0,""adsDrdyPullupLevel"":0,""adsMisoPulldownLevel"":0,""adsMisoPullupLevel"":1,""adsCsLevel"":1,""adsSyncLevel"":1,""adsStatus"":54,""adsMux"":15,""adsAdcon"":6,""adsDrate"":240,""adsReason"":""ok"",""tcaOk"":true,""mcpOkCount"":8,""mcpOk"":[true,true,true,true,true,true,true,true],""mcpAddrMask"":[1,1,1,1,1,1,1,1],""mcpControlTested"":true,""mcpControlOkCount"":8,""mcpControlOk"":[true,true,true,true,true,true,true,true],""dacReady"":true,""radioReady"":true,""mlReady"":true,""nullingProfileApplied"":true,""modelProfileReady"":false},""runtimeMcpCode"":[255,519,795,706,799,865,665,139],""model"":{""profileId"":""cnn-dualbranch-datasheet-v1-unbound"",""scalerProfileId"":""cnn-dualbranch-datasheet-v1-unbound"",""productionApproved"":true,""boundNullingProfileId"":8,""activeNullingProfileId"":9,""bindingValid"":true,""bindingModelMatches"":true,""profileReady"":false,""inferenceValid"":false,""sensorFault"":true},""lora"":{""beginState"":0,""lastTxState"":0,""lastTxOk"":false,""txSeq"":0,""txCounter"":0,""aesKeyProvisioned"":true,""aesKeyPresent"":true,""aesKeySource"":""nvs"",""keyId"":1,""lastDownlinkCommandId"":0,""freqMHz"":920,""bwKHz"":125,""sf"":7,""cr"":5,""syncWord"":18,""txPowerDbm"":17,""preamble"":8,""tcxoVoltage"":1.600000024,""xtalVoltage"":0},""dataset"":{""state"":""idle"",""step"":""idle"",""label"":"""",""seq"":0,""targetSamples"":0,""sampleIntervalMs"":500,""maxDurationMs"":0,""useFanIntake"":true,""fanOnMs"":1000,""postFanSettleMs"":0,""nullingProfileId"":9,""queuePending"":0,""queueCapacity"":16,""queueEnqueued"":0,""queueDropped"":0,""publishFailCount"":0,""retryCount"":0,""retryFailCount"":0,""rejectedSamples"":0,""lastRejectReason"":""none"",""lastRejectChannel"":-1,""lastRejectOkFiniteCount"":0,""lastRejectStatus"":255,""lastRejectGain"":0,""lastRejectSaturated"":false},""recovery"":{""wifiReconnectCount"":0,""wifiReconnectFailCount"":0,""mqttReconnectCount"":0,""mqttConnectFailCount"":0,""lastMqttState"":0,""adsRecoveryCount"":0,""adsRecoveryFailCount"":0,""adsReadFailStreak"":0,""lastReason"":""none"",""lastRecoveryMs"":0,""bootRecoveryArmed"":false,""bootRecoveryDueMs"":0,""bootRecoveryReason"":""none"",""bootRecoveryNonAdsFailure"":false,""bootRecoveryRestartCount"":0},""nulling"":{""done"":false,""retryArmed"":false,""attemptCount"":0,""nextRetryMs"":0,""thresholdV"":9.999999747E-06,""minFinalV"":0},""telemetry"":{""valid"":true,""sampleMs"":6800755,""gasClass"":6,""gasName"":""CO2"",""confidence"":0,""alarm"":false,""sensorVoltage"":[0.116887771,0.004018287,0.004905715,-0.002580986,-0.009701657,-0.011861813,-0.019566696,-0.025330752],""sensorGain"":[32,64,64,64,64,64,64,64],""sensorStatus"":[0,0,0,0,0,0,0,0],""featureOrder"":[""MQ8"",""MQ135"",""MQ3"",""MQ5"",""MQ4"",""MQ7"",""MQ6"",""MQ2""]},""alarmLatched"":false}"
2026-08-04 11:14:25.531 +07:00,424.411,HOT_SWEEP_70,70,700,300,1,0,0.116891362,0.004016215,0.004835571,-0.002581728,-0.009673098,-0.01187864,-0.019593969,-0.025272345,"{""deviceId"":""1001"",""nodeId"":4097,""targetChId"":""0010"",""mode"":""inference"",""uptimeMs"":6801861,""debugEnabled"":true,""power"":{""mode"":""24v"",""externalPower"":true,""batteryMv"":65535,""batteryValid"":false,""batteryDetected"":false,""batterySenseStatus"":""not_detected"",""batteryLow"":false,""batteryCritical"":false,""sourceAmbiguous"":false,""serviceHoldActive"":false,""serviceHoldEffective"":false},""batterySession"":{""state"":""inactive"",""startedMs"":0,""stateStartedMs"":0,""validSampleBatches"":0,""requiredSampleBatches"":10,""alarmTxAttempts"":0,""alarmTxAttemptLimit"":3,""alarmAckReceived"":false,""pendingAlarm"":false,""pendingSaveRequired"":false,""persistenceFaultHold"":false,""completionReason"":""session_done""},""bootHealth"":{""adsReady"":true,""adsDrdyLevel"":0,""adsDrdyPulldownLevel"":0,""adsDrdyPullupLevel"":0,""adsMisoPulldownLevel"":0,""adsMisoPullupLevel"":1,""adsCsLevel"":1,""adsSyncLevel"":1,""adsStatus"":54,""adsMux"":15,""adsAdcon"":6,""adsDrate"":240,""adsReason"":""ok"",""tcaOk"":true,""mcpOkCount"":8,""mcpOk"":[true,true,true,true,true,true,true,true],""mcpAddrMask"":[1,1,1,1,1,1,1,1],""mcpControlTested"":true,""mcpControlOkCount"":8,""mcpControlOk"":[true,true,true,true,true,true,true,true],""dacReady"":true,""radioReady"":true,""mlReady"":true,""nullingProfileApplied"":true,""modelProfileReady"":false},""runtimeMcpCode"":[255,519,795,706,799,865,665,139],""model"":{""profileId"":""cnn-dualbranch-datasheet-v1-unbound"",""scalerProfileId"":""cnn-dualbranch-datasheet-v1-unbound"",""productionApproved"":true,""boundNullingProfileId"":8,""activeNullingProfileId"":9,""bindingValid"":true,""bindingModelMatches"":true,""profileReady"":false,""inferenceValid"":false,""sensorFault"":true},""lora"":{""beginState"":0,""lastTxState"":0,""lastTxOk"":false,""txSeq"":0,""txCounter"":0,""aesKeyProvisioned"":true,""aesKeyPresent"":true,""aesKeySource"":""nvs"",""keyId"":1,""lastDownlinkCommandId"":0,""freqMHz"":920,""bwKHz"":125,""sf"":7,""cr"":5,""syncWord"":18,""txPowerDbm"":17,""preamble"":8,""tcxoVoltage"":1.600000024,""xtalVoltage"":0},""dataset"":{""state"":""idle"",""step"":""idle"",""label"":"""",""seq"":0,""targetSamples"":0,""sampleIntervalMs"":500,""maxDurationMs"":0,""useFanIntake"":true,""fanOnMs"":1000,""postFanSettleMs"":0,""nullingProfileId"":9,""queuePending"":0,""queueCapacity"":16,""queueEnqueued"":0,""queueDropped"":0,""publishFailCount"":0,""retryCount"":0,""retryFailCount"":0,""rejectedSamples"":0,""lastRejectReason"":""none"",""lastRejectChannel"":-1,""lastRejectOkFiniteCount"":0,""lastRejectStatus"":255,""lastRejectGain"":0,""lastRejectSaturated"":false},""recovery"":{""wifiReconnectCount"":0,""wifiReconnectFailCount"":0,""mqttReconnectCount"":0,""mqttConnectFailCount"":0,""lastMqttState"":0,""adsRecoveryCount"":0,""adsRecoveryFailCount"":0,""adsReadFailStreak"":0,""lastReason"":""none"",""lastRecoveryMs"":0,""bootRecoveryArmed"":false,""bootRecoveryDueMs"":0,""bootRecoveryReason"":""none"",""bootRecoveryNonAdsFailure"":false,""bootRecoveryRestartCount"":0},""nulling"":{""done"":false,""retryArmed"":false,""attemptCount"":0,""nextRetryMs"":0,""thresholdV"":9.999999747E-06,""minFinalV"":0},""telemetry"":{""valid"":true,""sampleMs"":6801479,""gasClass"":6,""gasName"":""CO2"",""confidence"":0,""alarm"":false,""sensorVoltage"":[0.116891362,0.004016215,0.004835571,-0.002581728,-0.009673098,-0.01187864,-0.019593969,-0.025272345],""sensorGain"":[32,64,64,64,64,64,64,64],""sensorStatus"":[0,0,0,0,0,0,0,0],""featureOrder"":[""MQ8"",""MQ135"",""MQ3"",""MQ5"",""MQ4"",""MQ7"",""MQ6"",""MQ2""]},""alarmLatched"":false}"
2026-08-04 11:14:26.213 +07:00,425.093,HOT_SWEEP_70,70,700,300,1,0,0.117711201,0.004029752,0.004849327,-0.002568778,-0.009448941,-0.011601555,-0.019169148,-0.024789367,"{""deviceId"":""1001"",""nodeId"":4097,""targetChId"":""0010"",""mode"":""inference"",""uptimeMs"":6802543,""debugEnabled"":true,""power"":{""mode"":""24v"",""externalPower"":true,""batteryMv"":65535,""batteryValid"":false,""batteryDetected"":false,""batterySenseStatus"":""not_detected"",""batteryLow"":false,""batteryCritical"":false,""sourceAmbiguous"":false,""serviceHoldActive"":false,""serviceHoldEffective"":false},""batterySession"":{""state"":""inactive"",""startedMs"":0,""stateStartedMs"":0,""validSampleBatches"":0,""requiredSampleBatches"":10,""alarmTxAttempts"":0,""alarmTxAttemptLimit"":3,""alarmAckReceived"":false,""pendingAlarm"":false,""pendingSaveRequired"":false,""persistenceFaultHold"":false,""completionReason"":""session_done""},""bootHealth"":{""adsReady"":true,""adsDrdyLevel"":0,""adsDrdyPulldownLevel"":0,""adsDrdyPullupLevel"":0,""adsMisoPulldownLevel"":0,""adsMisoPullupLevel"":1,""adsCsLevel"":1,""adsSyncLevel"":1,""adsStatus"":54,""adsMux"":15,""adsAdcon"":6,""adsDrate"":240,""adsReason"":""ok"",""tcaOk"":true,""mcpOkCount"":8,""mcpOk"":[true,true,true,true,true,true,true,true],""mcpAddrMask"":[1,1,1,1,1,1,1,1],""mcpControlTested"":true,""mcpControlOkCount"":8,""mcpControlOk"":[true,true,true,true,true,true,true,true],""dacReady"":true,""radioReady"":true,""mlReady"":true,""nullingProfileApplied"":true,""modelProfileReady"":false},""runtimeMcpCode"":[255,519,795,706,799,865,665,139],""model"":{""profileId"":""cnn-dualbranch-datasheet-v1-unbound"",""scalerProfileId"":""cnn-dualbranch-datasheet-v1-unbound"",""productionApproved"":true,""boundNullingProfileId"":8,""activeNullingProfileId"":9,""bindingValid"":true,""bindingModelMatches"":true,""profileReady"":false,""inferenceValid"":false,""sensorFault"":true},""lora"":{""beginState"":0,""lastTxState"":0,""lastTxOk"":false,""txSeq"":0,""txCounter"":0,""aesKeyProvisioned"":true,""aesKeyPresent"":true,""aesKeySource"":""nvs"",""keyId"":1,""lastDownlinkCommandId"":0,""freqMHz"":920,""bwKHz"":125,""sf"":7,""cr"":5,""syncWord"":18,""txPowerDbm"":17,""preamble"":8,""tcxoVoltage"":1.600000024,""xtalVoltage"":0},""dataset"":{""state"":""idle"",""step"":""idle"",""label"":"""",""seq"":0,""targetSamples"":0,""sampleIntervalMs"":500,""maxDurationMs"":0,""useFanIntake"":true,""fanOnMs"":1000,""postFanSettleMs"":0,""nullingProfileId"":9,""queuePending"":0,""queueCapacity"":16,""queueEnqueued"":0,""queueDropped"":0,""publishFailCount"":0,""retryCount"":0,""retryFailCount"":0,""rejectedSamples"":0,""lastRejectReason"":""none"",""lastRejectChannel"":-1,""lastRejectOkFiniteCount"":0,""lastRejectStatus"":255,""lastRejectGain"":0,""lastRejectSaturated"":false},""recovery"":{""wifiReconnectCount"":0,""wifiReconnectFailCount"":0,""mqttReconnectCount"":0,""mqttConnectFailCount"":0,""lastMqttState"":0,""adsRecoveryCount"":0,""adsRecoveryFailCount"":0,""adsReadFailStreak"":0,""lastReason"":""none"",""lastRecoveryMs"":0,""bootRecoveryArmed"":false,""bootRecoveryDueMs"":0,""bootRecoveryReason"":""none"",""bootRecoveryNonAdsFailure"":false,""bootRecoveryRestartCount"":0},""nulling"":{""done"":false,""retryArmed"":false,""attemptCount"":0,""nextRetryMs"":0,""thresholdV"":9.999999747E-06,""minFinalV"":0},""telemetry"":{""valid"":true,""sampleMs"":6802139,""gasClass"":6,""gasName"":""CO2"",""confidence"":0,""alarm"":false,""sensorVoltage"":[0.117711201,0.004029752,0.004849327,-0.002568778,-0.009448941,-0.011601555,-0.019169148,-0.024789367],""sensorGain"":[32,64,64,64,64,64,64,64],""sensorStatus"":[0,0,0,0,0,0,0,0],""featureOrder"":[""MQ8"",""MQ135"",""MQ3"",""MQ5"",""MQ4"",""MQ7"",""MQ6"",""MQ2""]},""alarmLatched"":false}"
2026-08-04 11:14:26.885 +07:00,425.766,HOT_SWEEP_70,70,700,300,1,0,0.117349312,0.004008409,0.004743136,-0.002531469,-0.009459632,-0.011595424,-0.019639574,-0.025259903,"{""deviceId"":""1001"",""nodeId"":4097,""targetChId"":""0010"",""mode"":""inference"",""uptimeMs"":6803228,""debugEnabled"":true,""power"":{""mode"":""24v"",""externalPower"":true,""batteryMv"":65535,""batteryValid"":false,""batteryDetected"":false,""batterySenseStatus"":""not_detected"",""batteryLow"":false,""batteryCritical"":false,""sourceAmbiguous"":false,""serviceHoldActive"":false,""serviceHoldEffective"":false},""batterySession"":{""state"":""inactive"",""startedMs"":0,""stateStartedMs"":0,""validSampleBatches"":0,""requiredSampleBatches"":10,""alarmTxAttempts"":0,""alarmTxAttemptLimit"":3,""alarmAckReceived"":false,""pendingAlarm"":false,""pendingSaveRequired"":false,""persistenceFaultHold"":false,""completionReason"":""session_done""},""bootHealth"":{""adsReady"":true,""adsDrdyLevel"":0,""adsDrdyPulldownLevel"":0,""adsDrdyPullupLevel"":0,""adsMisoPulldownLevel"":0,""adsMisoPullupLevel"":1,""adsCsLevel"":1,""adsSyncLevel"":1,""adsStatus"":54,""adsMux"":15,""adsAdcon"":6,""adsDrate"":240,""adsReason"":""ok"",""tcaOk"":true,""mcpOkCount"":8,""mcpOk"":[true,true,true,true,true,true,true,true],""mcpAddrMask"":[1,1,1,1,1,1,1,1],""mcpControlTested"":true,""mcpControlOkCount"":8,""mcpControlOk"":[true,true,true,true,true,true,true,true],""dacReady"":true,""radioReady"":true,""mlReady"":true,""nullingProfileApplied"":true,""modelProfileReady"":false},""runtimeMcpCode"":[255,519,795,706,799,865,665,139],""model"":{""profileId"":""cnn-dualbranch-datasheet-v1-unbound"",""scalerProfileId"":""cnn-dualbranch-datasheet-v1-unbound"",""productionApproved"":true,""boundNullingProfileId"":8,""activeNullingProfileId"":9,""bindingValid"":true,""bindingModelMatches"":true,""profileReady"":false,""inferenceValid"":false,""sensorFault"":true},""lora"":{""beginState"":0,""lastTxState"":0,""lastTxOk"":false,""txSeq"":0,""txCounter"":0,""aesKeyProvisioned"":true,""aesKeyPresent"":true,""aesKeySource"":""nvs"",""keyId"":1,""lastDownlinkCommandId"":0,""freqMHz"":920,""bwKHz"":125,""sf"":7,""cr"":5,""syncWord"":18,""txPowerDbm"":17,""preamble"":8,""tcxoVoltage"":1.600000024,""xtalVoltage"":0},""dataset"":{""state"":""idle"",""step"":""idle"",""label"":"""",""seq"":0,""targetSamples"":0,""sampleIntervalMs"":500,""maxDurationMs"":0,""useFanIntake"":true,""fanOnMs"":1000,""postFanSettleMs"":0,""nullingProfileId"":9,""queuePending"":0,""queueCapacity"":16,""queueEnqueued"":0,""queueDropped"":0,""publishFailCount"":0,""retryCount"":0,""retryFailCount"":0,""rejectedSamples"":0,""lastRejectReason"":""none"",""lastRejectChannel"":-1,""lastRejectOkFiniteCount"":0,""lastRejectStatus"":255,""lastRejectGain"":0,""lastRejectSaturated"":false},""recovery"":{""wifiReconnectCount"":0,""wifiReconnectFailCount"":0,""mqttReconnectCount"":0,""mqttConnectFailCount"":0,""lastMqttState"":0,""adsRecoveryCount"":0,""adsRecoveryFailCount"":0,""adsReadFailStreak"":0,""lastReason"":""none"",""lastRecoveryMs"":0,""bootRecoveryArmed"":false,""bootRecoveryDueMs"":0,""bootRecoveryReason"":""none"",""bootRecoveryNonAdsFailure"":false,""bootRecoveryRestartCount"":0},""nulling"":{""done"":false,""retryArmed"":false,""attemptCount"":0,""nextRetryMs"":0,""thresholdV"":9.999999747E-06,""minFinalV"":0},""telemetry"":{""valid"":true,""sampleMs"":6802821,""gasClass"":6,""gasName"":""CO2"",""confidence"":0,""alarm"":false,""sensorVoltage"":[0.117349312,0.004008409,0.004743136,-0.002531469,-0.009459632,-0.011595424,-0.019639574,-0.025259903],""sensorGain"":[32,64,64,64,64,64,64,64],""sensorStatus"":[0,0,0,0,0,0,0,0],""featureOrder"":[""MQ8"",""MQ135"",""MQ3"",""MQ5"",""MQ4"",""MQ7"",""MQ6"",""MQ2""]},""alarmLatched"":false}"
2026-08-04 11:14:27.605 +07:00,426.486,HOT_SWEEP_70,70,700,300,1,0,0.117253937,0.004004219,0.004810989,-0.002622365,-0.009431725,-0.011610942,-0.019587135,-0.025311794,"{""deviceId"":""1001"",""nodeId"":4097,""targetChId"":""0010"",""mode"":""inference"",""uptimeMs"":6803939,""debugEnabled"":true,""power"":{""mode"":""24v"",""externalPower"":true,""batteryMv"":65535,""batteryValid"":false,""batteryDetected"":false,""batterySenseStatus"":""not_detected"",""batteryLow"":false,""batteryCritical"":false,""sourceAmbiguous"":false,""serviceHoldActive"":false,""serviceHoldEffective"":false},""batterySession"":{""state"":""inactive"",""startedMs"":0,""stateStartedMs"":0,""validSampleBatches"":0,""requiredSampleBatches"":10,""alarmTxAttempts"":0,""alarmTxAttemptLimit"":3,""alarmAckReceived"":false,""pendingAlarm"":false,""pendingSaveRequired"":false,""persistenceFaultHold"":false,""completionReason"":""session_done""},""bootHealth"":{""adsReady"":true,""adsDrdyLevel"":0,""adsDrdyPulldownLevel"":0,""adsDrdyPullupLevel"":0,""adsMisoPulldownLevel"":0,""adsMisoPullupLevel"":1,""adsCsLevel"":1,""adsSyncLevel"":1,""adsStatus"":54,""adsMux"":15,""adsAdcon"":6,""adsDrate"":240,""adsReason"":""ok"",""tcaOk"":true,""mcpOkCount"":8,""mcpOk"":[true,true,true,true,true,true,true,true],""mcpAddrMask"":[1,1,1,1,1,1,1,1],""mcpControlTested"":true,""mcpControlOkCount"":8,""mcpControlOk"":[true,true,true,true,true,true,true,true],""dacReady"":true,""radioReady"":true,""mlReady"":true,""nullingProfileApplied"":true,""modelProfileReady"":false},""runtimeMcpCode"":[255,519,795,706,799,865,665,139],""model"":{""profileId"":""cnn-dualbranch-datasheet-v1-unbound"",""scalerProfileId"":""cnn-dualbranch-datasheet-v1-unbound"",""productionApproved"":true,""boundNullingProfileId"":8,""activeNullingProfileId"":9,""bindingValid"":true,""bindingModelMatches"":true,""profileReady"":false,""inferenceValid"":false,""sensorFault"":true},""lora"":{""beginState"":0,""lastTxState"":0,""lastTxOk"":false,""txSeq"":0,""txCounter"":0,""aesKeyProvisioned"":true,""aesKeyPresent"":true,""aesKeySource"":""nvs"",""keyId"":1,""lastDownlinkCommandId"":0,""freqMHz"":920,""bwKHz"":125,""sf"":7,""cr"":5,""syncWord"":18,""txPowerDbm"":17,""preamble"":8,""tcxoVoltage"":1.600000024,""xtalVoltage"":0},""dataset"":{""state"":""idle"",""step"":""idle"",""label"":"""",""seq"":0,""targetSamples"":0,""sampleIntervalMs"":500,""maxDurationMs"":0,""useFanIntake"":true,""fanOnMs"":1000,""postFanSettleMs"":0,""nullingProfileId"":9,""queuePending"":0,""queueCapacity"":16,""queueEnqueued"":0,""queueDropped"":0,""publishFailCount"":0,""retryCount"":0,""retryFailCount"":0,""rejectedSamples"":0,""lastRejectReason"":""none"",""lastRejectChannel"":-1,""lastRejectOkFiniteCount"":0,""lastRejectStatus"":255,""lastRejectGain"":0,""lastRejectSaturated"":false},""recovery"":{""wifiReconnectCount"":0,""wifiReconnectFailCount"":0,""mqttReconnectCount"":0,""mqttConnectFailCount"":0,""lastMqttState"":0,""adsRecoveryCount"":0,""adsRecoveryFailCount"":0,""adsReadFailStreak"":0,""lastReason"":""none"",""lastRecoveryMs"":0,""bootRecoveryArmed"":false,""bootRecoveryDueMs"":0,""bootRecoveryReason"":""none"",""bootRecoveryNonAdsFailure"":false,""bootRecoveryRestartCount"":0},""nulling"":{""done"":false,""retryArmed"":false,""attemptCount"":0,""nextRetryMs"":0,""thresholdV"":9.999999747E-06,""minFinalV"":0},""telemetry"":{""valid"":true,""sampleMs"":6803538,""gasClass"":6,""gasName"":""CO2"",""confidence"":0,""alarm"":false,""sensorVoltage"":[0.117253937,0.004004219,0.004810989,-0.002622365,-0.009431725,-0.011610942,-0.019587135,-0.025311794],""sensorGain"":[32,64,64,64,64,64,64,64],""sensorStatus"":[0,0,0,0,0,0,0,0],""featureOrder"":[""MQ8"",""MQ135"",""MQ3"",""MQ5"",""MQ4"",""MQ7"",""MQ6"",""MQ2""]},""alarmLatched"":false}"
2026-08-04 11:14:28.282 +07:00,427.164,HOT_SWEEP_70,70,700,300,1,0,0.118603729,0.003892174,0.004747931,-0.00255281,-0.009217381,-0.011638259,-0.01960972,-0.025266776,"{""deviceId"":""1001"",""nodeId"":4097,""targetChId"":""0010"",""mode"":""inference"",""uptimeMs"":6804619,""debugEnabled"":true,""power"":{""mode"":""24v"",""externalPower"":true,""batteryMv"":65535,""batteryValid"":false,""batteryDetected"":false,""batterySenseStatus"":""not_detected"",""batteryLow"":false,""batteryCritical"":false,""sourceAmbiguous"":false,""serviceHoldActive"":false,""serviceHoldEffective"":false},""batterySession"":{""state"":""inactive"",""startedMs"":0,""stateStartedMs"":0,""validSampleBatches"":0,""requiredSampleBatches"":10,""alarmTxAttempts"":0,""alarmTxAttemptLimit"":3,""alarmAckReceived"":false,""pendingAlarm"":false,""pendingSaveRequired"":false,""persistenceFaultHold"":false,""completionReason"":""session_done""},""bootHealth"":{""adsReady"":true,""adsDrdyLevel"":0,""adsDrdyPulldownLevel"":0,""adsDrdyPullupLevel"":0,""adsMisoPulldownLevel"":0,""adsMisoPullupLevel"":1,""adsCsLevel"":1,""adsSyncLevel"":1,""adsStatus"":54,""adsMux"":15,""adsAdcon"":6,""adsDrate"":240,""adsReason"":""ok"",""tcaOk"":true,""mcpOkCount"":8,""mcpOk"":[true,true,true,true,true,true,true,true],""mcpAddrMask"":[1,1,1,1,1,1,1,1],""mcpControlTested"":true,""mcpControlOkCount"":8,""mcpControlOk"":[true,true,true,true,true,true,true,true],""dacReady"":true,""radioReady"":true,""mlReady"":true,""nullingProfileApplied"":true,""modelProfileReady"":false},""runtimeMcpCode"":[255,519,795,706,799,865,665,139],""model"":{""profileId"":""cnn-dualbranch-datasheet-v1-unbound"",""scalerProfileId"":""cnn-dualbranch-datasheet-v1-unbound"",""productionApproved"":true,""boundNullingProfileId"":8,""activeNullingProfileId"":9,""bindingValid"":true,""bindingModelMatches"":true,""profileReady"":false,""inferenceValid"":false,""sensorFault"":true},""lora"":{""beginState"":0,""lastTxState"":0,""lastTxOk"":false,""txSeq"":0,""txCounter"":0,""aesKeyProvisioned"":true,""aesKeyPresent"":true,""aesKeySource"":""nvs"",""keyId"":1,""lastDownlinkCommandId"":0,""freqMHz"":920,""bwKHz"":125,""sf"":7,""cr"":5,""syncWord"":18,""txPowerDbm"":17,""preamble"":8,""tcxoVoltage"":1.600000024,""xtalVoltage"":0},""dataset"":{""state"":""idle"",""step"":""idle"",""label"":"""",""seq"":0,""targetSamples"":0,""sampleIntervalMs"":500,""maxDurationMs"":0,""useFanIntake"":true,""fanOnMs"":1000,""postFanSettleMs"":0,""nullingProfileId"":9,""queuePending"":0,""queueCapacity"":16,""queueEnqueued"":0,""queueDropped"":0,""publishFailCount"":0,""retryCount"":0,""retryFailCount"":0,""rejectedSamples"":0,""lastRejectReason"":""none"",""lastRejectChannel"":-1,""lastRejectOkFiniteCount"":0,""lastRejectStatus"":255,""lastRejectGain"":0,""lastRejectSaturated"":false},""recovery"":{""wifiReconnectCount"":0,""wifiReconnectFailCount"":0,""mqttReconnectCount"":0,""mqttConnectFailCount"":0,""lastMqttState"":0,""adsRecoveryCount"":0,""adsRecoveryFailCount"":0,""adsReadFailStreak"":0,""lastReason"":""none"",""lastRecoveryMs"":0,""bootRecoveryArmed"":false,""bootRecoveryDueMs"":0,""bootRecoveryReason"":""none"",""bootRecoveryNonAdsFailure"":false,""bootRecoveryRestartCount"":0},""nulling"":{""done"":false,""retryArmed"":false,""attemptCount"":0,""nextRetryMs"":0,""thresholdV"":9.999999747E-06,""minFinalV"":0},""telemetry"":{""valid"":true,""sampleMs"":6804217,""gasClass"":6,""gasName"":""CO2"",""confidence"":0,""alarm"":false,""sensorVoltage"":[0.118603729,0.003892174,0.004747931,-0.00255281,-0.009217381,-0.011638259,-0.01960972,-0.025266776],""sensorGain"":[32,64,64,64,64,64,64,64],""sensorStatus"":[0,0,0,0,0,0,0,0],""featureOrder"":[""MQ8"",""MQ135"",""MQ3"",""MQ5"",""MQ4"",""MQ7"",""MQ6"",""MQ2""]},""alarmLatched"":false}"
2026-08-04 11:14:28.985 +07:00,427.864,HOT_SWEEP_70,70,700,300,1,0,0.11797066,0.003924487,0.004702185,-0.00259195,-0.009452615,-0.011857949,-0.019602433,-0.02533864,"{""deviceId"":""1001"",""nodeId"":4097,""targetChId"":""0010"",""mode"":""inference"",""uptimeMs"":6805314,""debugEnabled"":true,""power"":{""mode"":""24v"",""externalPower"":true,""batteryMv"":65535,""batteryValid"":false,""batteryDetected"":false,""batterySenseStatus"":""not_detected"",""batteryLow"":false,""batteryCritical"":false,""sourceAmbiguous"":false,""serviceHoldActive"":false,""serviceHoldEffective"":false},""batterySession"":{""state"":""inactive"",""startedMs"":0,""stateStartedMs"":0,""validSampleBatches"":0,""requiredSampleBatches"":10,""alarmTxAttempts"":0,""alarmTxAttemptLimit"":3,""alarmAckReceived"":false,""pendingAlarm"":false,""pendingSaveRequired"":false,""persistenceFaultHold"":false,""completionReason"":""session_done""},""bootHealth"":{""adsReady"":true,""adsDrdyLevel"":0,""adsDrdyPulldownLevel"":0,""adsDrdyPullupLevel"":0,""adsMisoPulldownLevel"":0,""adsMisoPullupLevel"":1,""adsCsLevel"":1,""adsSyncLevel"":1,""adsStatus"":54,""adsMux"":15,""adsAdcon"":6,""adsDrate"":240,""adsReason"":""ok"",""tcaOk"":true,""mcpOkCount"":8,""mcpOk"":[true,true,true,true,true,true,true,true],""mcpAddrMask"":[1,1,1,1,1,1,1,1],""mcpControlTested"":true,""mcpControlOkCount"":8,""mcpControlOk"":[true,true,true,true,true,true,true,true],""dacReady"":true,""radioReady"":true,""mlReady"":true,""nullingProfileApplied"":true,""modelProfileReady"":false},""runtimeMcpCode"":[255,519,795,706,799,865,665,139],""model"":{""profileId"":""cnn-dualbranch-datasheet-v1-unbound"",""scalerProfileId"":""cnn-dualbranch-datasheet-v1-unbound"",""productionApproved"":true,""boundNullingProfileId"":8,""activeNullingProfileId"":9,""bindingValid"":true,""bindingModelMatches"":true,""profileReady"":false,""inferenceValid"":false,""sensorFault"":true},""lora"":{""beginState"":0,""lastTxState"":0,""lastTxOk"":false,""txSeq"":0,""txCounter"":0,""aesKeyProvisioned"":true,""aesKeyPresent"":true,""aesKeySource"":""nvs"",""keyId"":1,""lastDownlinkCommandId"":0,""freqMHz"":920,""bwKHz"":125,""sf"":7,""cr"":5,""syncWord"":18,""txPowerDbm"":17,""preamble"":8,""tcxoVoltage"":1.600000024,""xtalVoltage"":0},""dataset"":{""state"":""idle"",""step"":""idle"",""label"":"""",""seq"":0,""targetSamples"":0,""sampleIntervalMs"":500,""maxDurationMs"":0,""useFanIntake"":true,""fanOnMs"":1000,""postFanSettleMs"":0,""nullingProfileId"":9,""queuePending"":0,""queueCapacity"":16,""queueEnqueued"":0,""queueDropped"":0,""publishFailCount"":0,""retryCount"":0,""retryFailCount"":0,""rejectedSamples"":0,""lastRejectReason"":""none"",""lastRejectChannel"":-1,""lastRejectOkFiniteCount"":0,""lastRejectStatus"":255,""lastRejectGain"":0,""lastRejectSaturated"":false},""recovery"":{""wifiReconnectCount"":0,""wifiReconnectFailCount"":0,""mqttReconnectCount"":0,""mqttConnectFailCount"":0,""lastMqttState"":0,""adsRecoveryCount"":0,""adsRecoveryFailCount"":0,""adsReadFailStreak"":0,""lastReason"":""none"",""lastRecoveryMs"":0,""bootRecoveryArmed"":false,""bootRecoveryDueMs"":0,""bootRecoveryReason"":""none"",""bootRecoveryNonAdsFailure"":false,""bootRecoveryRestartCount"":0},""nulling"":{""done"":false,""retryArmed"":false,""attemptCount"":0,""nextRetryMs"":0,""thresholdV"":9.999999747E-06,""minFinalV"":0},""telemetry"":{""valid"":true,""sampleMs"":6804897,""gasClass"":6,""gasName"":""CO2"",""confidence"":0,""alarm"":false,""sensorVoltage"":[0.11797066,0.003924487,0.004702185,-0.00259195,-0.009452615,-0.011857949,-0.019602433,-0.02533864],""sensorGain"":[32,64,64,64,64,64,64,64],""sensorStatus"":[0,0,0,0,0,0,0,0],""featureOrder"":[""MQ8"",""MQ135"",""MQ3"",""MQ5"",""MQ4"",""MQ7"",""MQ6"",""MQ2""]},""alarmLatched"":false}"
2026-08-04 11:14:29.678 +07:00,428.558,HOT_SWEEP_70,70,700,300,1,0,0.117534138,0.003902435,0.004685512,-0.002587626,-0.009437929,-0.011869298,-0.019592989,-0.025273005,"{""deviceId"":""1001"",""nodeId"":4097,""targetChId"":""0010"",""mode"":""inference"",""uptimeMs"":6806007,""debugEnabled"":true,""power"":{""mode"":""24v"",""externalPower"":true,""batteryMv"":65535,""batteryValid"":false,""batteryDetected"":false,""batterySenseStatus"":""not_detected"",""batteryLow"":false,""batteryCritical"":false,""sourceAmbiguous"":false,""serviceHoldActive"":false,""serviceHoldEffective"":false},""batterySession"":{""state"":""inactive"",""startedMs"":0,""stateStartedMs"":0,""validSampleBatches"":0,""requiredSampleBatches"":10,""alarmTxAttempts"":0,""alarmTxAttemptLimit"":3,""alarmAckReceived"":false,""pendingAlarm"":false,""pendingSaveRequired"":false,""persistenceFaultHold"":false,""completionReason"":""session_done""},""bootHealth"":{""adsReady"":true,""adsDrdyLevel"":0,""adsDrdyPulldownLevel"":0,""adsDrdyPullupLevel"":0,""adsMisoPulldownLevel"":0,""adsMisoPullupLevel"":1,""adsCsLevel"":1,""adsSyncLevel"":1,""adsStatus"":54,""adsMux"":15,""adsAdcon"":6,""adsDrate"":240,""adsReason"":""ok"",""tcaOk"":true,""mcpOkCount"":8,""mcpOk"":[true,true,true,true,true,true,true,true],""mcpAddrMask"":[1,1,1,1,1,1,1,1],""mcpControlTested"":true,""mcpControlOkCount"":8,""mcpControlOk"":[true,true,true,true,true,true,true,true],""dacReady"":true,""radioReady"":true,""mlReady"":true,""nullingProfileApplied"":true,""modelProfileReady"":false},""runtimeMcpCode"":[255,519,795,706,799,865,665,139],""model"":{""profileId"":""cnn-dualbranch-datasheet-v1-unbound"",""scalerProfileId"":""cnn-dualbranch-datasheet-v1-unbound"",""productionApproved"":true,""boundNullingProfileId"":8,""activeNullingProfileId"":9,""bindingValid"":true,""bindingModelMatches"":true,""profileReady"":false,""inferenceValid"":false,""sensorFault"":true},""lora"":{""beginState"":0,""lastTxState"":0,""lastTxOk"":false,""txSeq"":0,""txCounter"":0,""aesKeyProvisioned"":true,""aesKeyPresent"":true,""aesKeySource"":""nvs"",""keyId"":1,""lastDownlinkCommandId"":0,""freqMHz"":920,""bwKHz"":125,""sf"":7,""cr"":5,""syncWord"":18,""txPowerDbm"":17,""preamble"":8,""tcxoVoltage"":1.600000024,""xtalVoltage"":0},""dataset"":{""state"":""idle"",""step"":""idle"",""label"":"""",""seq"":0,""targetSamples"":0,""sampleIntervalMs"":500,""maxDurationMs"":0,""useFanIntake"":true,""fanOnMs"":1000,""postFanSettleMs"":0,""nullingProfileId"":9,""queuePending"":0,""queueCapacity"":16,""queueEnqueued"":0,""queueDropped"":0,""publishFailCount"":0,""retryCount"":0,""retryFailCount"":0,""rejectedSamples"":0,""lastRejectReason"":""none"",""lastRejectChannel"":-1,""lastRejectOkFiniteCount"":0,""lastRejectStatus"":255,""lastRejectGain"":0,""lastRejectSaturated"":false},""recovery"":{""wifiReconnectCount"":0,""wifiReconnectFailCount"":0,""mqttReconnectCount"":0,""mqttConnectFailCount"":0,""lastMqttState"":0,""adsRecoveryCount"":0,""adsRecoveryFailCount"":0,""adsReadFailStreak"":0,""lastReason"":""none"",""lastRecoveryMs"":0,""bootRecoveryArmed"":false,""bootRecoveryDueMs"":0,""bootRecoveryReason"":""none"",""bootRecoveryNonAdsFailure"":false,""bootRecoveryRestartCount"":0},""nulling"":{""done"":false,""retryArmed"":false,""attemptCount"":0,""nextRetryMs"":0,""thresholdV"":9.999999747E-06,""minFinalV"":0},""telemetry"":{""valid"":true,""sampleMs"":6805624,""gasClass"":6,""gasName"":""CO2"",""confidence"":0,""alarm"":false,""sensorVoltage"":[0.117534138,0.003902435,0.004685512,-0.002587626,-0.009437929,-0.011869298,-0.019592989,-0.025273005],""sensorGain"":[32,64,64,64,64,64,64,64],""sensorStatus"":[0,0,0,0,0,0,0,0],""featureOrder"":[""MQ8"",""MQ135"",""MQ3"",""MQ5"",""MQ4"",""MQ7"",""MQ6"",""MQ2""]},""alarmLatched"":false}"
2026-08-04 11:14:30.358 +07:00,429.239,HOT_SWEEP_70,70,700,300,1,0,0.118426599,0.003822758,0.004693727,-0.002572536,-0.00945129,-0.011863986,-0.019617449,-0.02526826,"{""deviceId"":""1001"",""nodeId"":4097,""targetChId"":""0010"",""mode"":""inference"",""uptimeMs"":6806691,""debugEnabled"":true,""power"":{""mode"":""24v"",""externalPower"":true,""batteryMv"":65535,""batteryValid"":false,""batteryDetected"":false,""batterySenseStatus"":""not_detected"",""batteryLow"":false,""batteryCritical"":false,""sourceAmbiguous"":false,""serviceHoldActive"":false,""serviceHoldEffective"":false},""batterySession"":{""state"":""inactive"",""startedMs"":0,""stateStartedMs"":0,""validSampleBatches"":0,""requiredSampleBatches"":10,""alarmTxAttempts"":0,""alarmTxAttemptLimit"":3,""alarmAckReceived"":false,""pendingAlarm"":false,""pendingSaveRequired"":false,""persistenceFaultHold"":false,""completionReason"":""session_done""},""bootHealth"":{""adsReady"":true,""adsDrdyLevel"":0,""adsDrdyPulldownLevel"":0,""adsDrdyPullupLevel"":0,""adsMisoPulldownLevel"":0,""adsMisoPullupLevel"":1,""adsCsLevel"":1,""adsSyncLevel"":1,""adsStatus"":54,""adsMux"":15,""adsAdcon"":6,""adsDrate"":240,""adsReason"":""ok"",""tcaOk"":true,""mcpOkCount"":8,""mcpOk"":[true,true,true,true,true,true,true,true],""mcpAddrMask"":[1,1,1,1,1,1,1,1],""mcpControlTested"":true,""mcpControlOkCount"":8,""mcpControlOk"":[true,true,true,true,true,true,true,true],""dacReady"":true,""radioReady"":true,""mlReady"":true,""nullingProfileApplied"":true,""modelProfileReady"":false},""runtimeMcpCode"":[255,519,795,706,799,865,665,139],""model"":{""profileId"":""cnn-dualbranch-datasheet-v1-unbound"",""scalerProfileId"":""cnn-dualbranch-datasheet-v1-unbound"",""productionApproved"":true,""boundNullingProfileId"":8,""activeNullingProfileId"":9,""bindingValid"":true,""bindingModelMatches"":true,""profileReady"":false,""inferenceValid"":false,""sensorFault"":true},""lora"":{""beginState"":0,""lastTxState"":0,""lastTxOk"":false,""txSeq"":0,""txCounter"":0,""aesKeyProvisioned"":true,""aesKeyPresent"":true,""aesKeySource"":""nvs"",""keyId"":1,""lastDownlinkCommandId"":0,""freqMHz"":920,""bwKHz"":125,""sf"":7,""cr"":5,""syncWord"":18,""txPowerDbm"":17,""preamble"":8,""tcxoVoltage"":1.600000024,""xtalVoltage"":0},""dataset"":{""state"":""idle"",""step"":""idle"",""label"":"""",""seq"":0,""targetSamples"":0,""sampleIntervalMs"":500,""maxDurationMs"":0,""useFanIntake"":true,""fanOnMs"":1000,""postFanSettleMs"":0,""nullingProfileId"":9,""queuePending"":0,""queueCapacity"":16,""queueEnqueued"":0,""queueDropped"":0,""publishFailCount"":0,""retryCount"":0,""retryFailCount"":0,""rejectedSamples"":0,""lastRejectReason"":""none"",""lastRejectChannel"":-1,""lastRejectOkFiniteCount"":0,""lastRejectStatus"":255,""lastRejectGain"":0,""lastRejectSaturated"":false},""recovery"":{""wifiReconnectCount"":0,""wifiReconnectFailCount"":0,""mqttReconnectCount"":0,""mqttConnectFailCount"":0,""lastMqttState"":0,""adsRecoveryCount"":0,""adsRecoveryFailCount"":0,""adsReadFailStreak"":0,""lastReason"":""none"",""lastRecoveryMs"":0,""bootRecoveryArmed"":false,""bootRecoveryDueMs"":0,""bootRecoveryReason"":""none"",""bootRecoveryNonAdsFailure"":false,""bootRecoveryRestartCount"":0},""nulling"":{""done"":false,""retryArmed"":false,""attemptCount"":0,""nextRetryMs"":0,""thresholdV"":9.999999747E-06,""minFinalV"":0},""telemetry"":{""valid"":true,""sampleMs"":6806285,""gasClass"":6,""gasName"":""CO2"",""confidence"":0,""alarm"":false,""sensorVoltage"":[0.118426599,0.003822758,0.004693727,-0.002572536,-0.00945129,-0.011863986,-0.019617449,-0.02526826],""sensorGain"":[32,64,64,64,64,64,64,64],""sensorStatus"":[0,0,0,0,0,0,0,0],""featureOrder"":[""MQ8"",""MQ135"",""MQ3"",""MQ5"",""MQ4"",""MQ7"",""MQ6"",""MQ2""]},""alarmLatched"":false}"
2026-08-04 11:14:31.025 +07:00,429.906,HOT_SWEEP_70,70,700,300,1,0,0.118020676,0.003840964,0.004776028,-0.002564448,-0.009387971,-0.011864422,-0.019580964,-0.025199747,"{""deviceId"":""1001"",""nodeId"":4097,""targetChId"":""0010"",""mode"":""inference"",""uptimeMs"":6807368,""debugEnabled"":true,""power"":{""mode"":""24v"",""externalPower"":true,""batteryMv"":65535,""batteryValid"":false,""batteryDetected"":false,""batterySenseStatus"":""not_detected"",""batteryLow"":false,""batteryCritical"":false,""sourceAmbiguous"":false,""serviceHoldActive"":false,""serviceHoldEffective"":false},""batterySession"":{""state"":""inactive"",""startedMs"":0,""stateStartedMs"":0,""validSampleBatches"":0,""requiredSampleBatches"":10,""alarmTxAttempts"":0,""alarmTxAttemptLimit"":3,""alarmAckReceived"":false,""pendingAlarm"":false,""pendingSaveRequired"":false,""persistenceFaultHold"":false,""completionReason"":""session_done""},""bootHealth"":{""adsReady"":true,""adsDrdyLevel"":0,""adsDrdyPulldownLevel"":0,""adsDrdyPullupLevel"":0,""adsMisoPulldownLevel"":0,""adsMisoPullupLevel"":1,""adsCsLevel"":1,""adsSyncLevel"":1,""adsStatus"":54,""adsMux"":15,""adsAdcon"":6,""adsDrate"":240,""adsReason"":""ok"",""tcaOk"":true,""mcpOkCount"":8,""mcpOk"":[true,true,true,true,true,true,true,true],""mcpAddrMask"":[1,1,1,1,1,1,1,1],""mcpControlTested"":true,""mcpControlOkCount"":8,""mcpControlOk"":[true,true,true,true,true,true,true,true],""dacReady"":true,""radioReady"":true,""mlReady"":true,""nullingProfileApplied"":true,""modelProfileReady"":false},""runtimeMcpCode"":[255,519,795,706,799,865,665,139],""model"":{""profileId"":""cnn-dualbranch-datasheet-v1-unbound"",""scalerProfileId"":""cnn-dualbranch-datasheet-v1-unbound"",""productionApproved"":true,""boundNullingProfileId"":8,""activeNullingProfileId"":9,""bindingValid"":true,""bindingModelMatches"":true,""profileReady"":false,""inferenceValid"":false,""sensorFault"":true},""lora"":{""beginState"":0,""lastTxState"":0,""lastTxOk"":false,""txSeq"":0,""txCounter"":0,""aesKeyProvisioned"":true,""aesKeyPresent"":true,""aesKeySource"":""nvs"",""keyId"":1,""lastDownlinkCommandId"":0,""freqMHz"":920,""bwKHz"":125,""sf"":7,""cr"":5,""syncWord"":18,""txPowerDbm"":17,""preamble"":8,""tcxoVoltage"":1.600000024,""xtalVoltage"":0},""dataset"":{""state"":""idle"",""step"":""idle"",""label"":"""",""seq"":0,""targetSamples"":0,""sampleIntervalMs"":500,""maxDurationMs"":0,""useFanIntake"":true,""fanOnMs"":1000,""postFanSettleMs"":0,""nullingProfileId"":9,""queuePending"":0,""queueCapacity"":16,""queueEnqueued"":0,""queueDropped"":0,""publishFailCount"":0,""retryCount"":0,""retryFailCount"":0,""rejectedSamples"":0,""lastRejectReason"":""none"",""lastRejectChannel"":-1,""lastRejectOkFiniteCount"":0,""lastRejectStatus"":255,""lastRejectGain"":0,""lastRejectSaturated"":false},""recovery"":{""wifiReconnectCount"":0,""wifiReconnectFailCount"":0,""mqttReconnectCount"":0,""mqttConnectFailCount"":0,""lastMqttState"":0,""adsRecoveryCount"":0,""adsRecoveryFailCount"":0,""adsReadFailStreak"":0,""lastReason"":""none"",""lastRecoveryMs"":0,""bootRecoveryArmed"":false,""bootRecoveryDueMs"":0,""bootRecoveryReason"":""none"",""bootRecoveryNonAdsFailure"":false,""bootRecoveryRestartCount"":0},""nulling"":{""done"":false,""retryArmed"":false,""attemptCount"":0,""nextRetryMs"":0,""thresholdV"":9.999999747E-06,""minFinalV"":0},""telemetry"":{""valid"":true,""sampleMs"":6806969,""gasClass"":6,""gasName"":""CO2"",""confidence"":0,""alarm"":false,""sensorVoltage"":[0.118020676,0.003840964,0.004776028,-0.002564448,-0.009387971,-0.011864422,-0.019580964,-0.025199747],""sensorGain"":[32,64,64,64,64,64,64,64],""sensorStatus"":[0,0,0,0,0,0,0,0],""featureOrder"":[""MQ8"",""MQ135"",""MQ3"",""MQ5"",""MQ4"",""MQ7"",""MQ6"",""MQ2""]},""alarmLatched"":false}"
2026-08-04 11:14:31.715 +07:00,430.596,HOT_SWEEP_70,70,700,300,1,0,0.117716789,0.003807416,0.004747379,-0.002542315,-0.009412074,-0.011875739,-0.019565653,-0.025180627,"{""deviceId"":""1001"",""nodeId"":4097,""targetChId"":""0010"",""mode"":""inference"",""uptimeMs"":6808046,""debugEnabled"":true,""power"":{""mode"":""24v"",""externalPower"":true,""batteryMv"":65535,""batteryValid"":false,""batteryDetected"":false,""batterySenseStatus"":""not_detected"",""batteryLow"":false,""batteryCritical"":false,""sourceAmbiguous"":false,""serviceHoldActive"":false,""serviceHoldEffective"":false},""batterySession"":{""state"":""inactive"",""startedMs"":0,""stateStartedMs"":0,""validSampleBatches"":0,""requiredSampleBatches"":10,""alarmTxAttempts"":0,""alarmTxAttemptLimit"":3,""alarmAckReceived"":false,""pendingAlarm"":false,""pendingSaveRequired"":false,""persistenceFaultHold"":false,""completionReason"":""session_done""},""bootHealth"":{""adsReady"":true,""adsDrdyLevel"":0,""adsDrdyPulldownLevel"":0,""adsDrdyPullupLevel"":0,""adsMisoPulldownLevel"":0,""adsMisoPullupLevel"":1,""adsCsLevel"":1,""adsSyncLevel"":1,""adsStatus"":54,""adsMux"":15,""adsAdcon"":6,""adsDrate"":240,""adsReason"":""ok"",""tcaOk"":true,""mcpOkCount"":8,""mcpOk"":[true,true,true,true,true,true,true,true],""mcpAddrMask"":[1,1,1,1,1,1,1,1],""mcpControlTested"":true,""mcpControlOkCount"":8,""mcpControlOk"":[true,true,true,true,true,true,true,true],""dacReady"":true,""radioReady"":true,""mlReady"":true,""nullingProfileApplied"":true,""modelProfileReady"":false},""runtimeMcpCode"":[255,519,795,706,799,865,665,139],""model"":{""profileId"":""cnn-dualbranch-datasheet-v1-unbound"",""scalerProfileId"":""cnn-dualbranch-datasheet-v1-unbound"",""productionApproved"":true,""boundNullingProfileId"":8,""activeNullingProfileId"":9,""bindingValid"":true,""bindingModelMatches"":true,""profileReady"":false,""inferenceValid"":false,""sensorFault"":true},""lora"":{""beginState"":0,""lastTxState"":0,""lastTxOk"":false,""txSeq"":0,""txCounter"":0,""aesKeyProvisioned"":true,""aesKeyPresent"":true,""aesKeySource"":""nvs"",""keyId"":1,""lastDownlinkCommandId"":0,""freqMHz"":920,""bwKHz"":125,""sf"":7,""cr"":5,""syncWord"":18,""txPowerDbm"":17,""preamble"":8,""tcxoVoltage"":1.600000024,""xtalVoltage"":0},""dataset"":{""state"":""idle"",""step"":""idle"",""label"":"""",""seq"":0,""targetSamples"":0,""sampleIntervalMs"":500,""maxDurationMs"":0,""useFanIntake"":true,""fanOnMs"":1000,""postFanSettleMs"":0,""nullingProfileId"":9,""queuePending"":0,""queueCapacity"":16,""queueEnqueued"":0,""queueDropped"":0,""publishFailCount"":0,""retryCount"":0,""retryFailCount"":0,""rejectedSamples"":0,""lastRejectReason"":""none"",""lastRejectChannel"":-1,""lastRejectOkFiniteCount"":0,""lastRejectStatus"":255,""lastRejectGain"":0,""lastRejectSaturated"":false},""recovery"":{""wifiReconnectCount"":0,""wifiReconnectFailCount"":0,""mqttReconnectCount"":0,""mqttConnectFailCount"":0,""lastMqttState"":0,""adsRecoveryCount"":0,""adsRecoveryFailCount"":0,""adsReadFailStreak"":0,""lastReason"":""none"",""lastRecoveryMs"":0,""bootRecoveryArmed"":false,""bootRecoveryDueMs"":0,""bootRecoveryReason"":""none"",""bootRecoveryNonAdsFailure"":false,""bootRecoveryRestartCount"":0},""nulling"":{""done"":false,""retryArmed"":false,""attemptCount"":0,""nextRetryMs"":0,""thresholdV"":9.999999747E-06,""minFinalV"":0},""telemetry"":{""valid"":true,""sampleMs"":6807678,""gasClass"":6,""gasName"":""CO2"",""confidence"":0,""alarm"":false,""sensorVoltage"":[0.117716789,0.003807416,0.004747379,-0.002542315,-0.009412074,-0.011875739,-0.019565653,-0.025180627],""sensorGain"":[32,64,64,64,64,64,64,64],""sensorStatus"":[0,0,0,0,0,0,0,0],""featureOrder"":[""MQ8"",""MQ135"",""MQ3"",""MQ5"",""MQ4"",""MQ7"",""MQ6"",""MQ2""]},""alarmLatched"":false}"
2026-08-04 11:14:32.397 +07:00,431.276,HOT_SWEEP_70,70,700,300,1,0,0.118277289,0.003804652,0.004862854,-0.002546089,-0.009440224,-0.011879262,-0.01954289,-0.02525701,"{""deviceId"":""1001"",""nodeId"":4097,""targetChId"":""0010"",""mode"":""inference"",""uptimeMs"":6808726,""debugEnabled"":true,""power"":{""mode"":""24v"",""externalPower"":true,""batteryMv"":65535,""batteryValid"":false,""batteryDetected"":false,""batterySenseStatus"":""not_detected"",""batteryLow"":false,""batteryCritical"":false,""sourceAmbiguous"":false,""serviceHoldActive"":false,""serviceHoldEffective"":false},""batterySession"":{""state"":""inactive"",""startedMs"":0,""stateStartedMs"":0,""validSampleBatches"":0,""requiredSampleBatches"":10,""alarmTxAttempts"":0,""alarmTxAttemptLimit"":3,""alarmAckReceived"":false,""pendingAlarm"":false,""pendingSaveRequired"":false,""persistenceFaultHold"":false,""completionReason"":""session_done""},""bootHealth"":{""adsReady"":true,""adsDrdyLevel"":0,""adsDrdyPulldownLevel"":0,""adsDrdyPullupLevel"":0,""adsMisoPulldownLevel"":0,""adsMisoPullupLevel"":1,""adsCsLevel"":1,""adsSyncLevel"":1,""adsStatus"":54,""adsMux"":15,""adsAdcon"":6,""adsDrate"":240,""adsReason"":""ok"",""tcaOk"":true,""mcpOkCount"":8,""mcpOk"":[true,true,true,true,true,true,true,true],""mcpAddrMask"":[1,1,1,1,1,1,1,1],""mcpControlTested"":true,""mcpControlOkCount"":8,""mcpControlOk"":[true,true,true,true,true,true,true,true],""dacReady"":true,""radioReady"":true,""mlReady"":true,""nullingProfileApplied"":true,""modelProfileReady"":false},""runtimeMcpCode"":[255,519,795,706,799,865,665,139],""model"":{""profileId"":""cnn-dualbranch-datasheet-v1-unbound"",""scalerProfileId"":""cnn-dualbranch-datasheet-v1-unbound"",""productionApproved"":true,""boundNullingProfileId"":8,""activeNullingProfileId"":9,""bindingValid"":true,""bindingModelMatches"":true,""profileReady"":false,""inferenceValid"":false,""sensorFault"":true},""lora"":{""beginState"":0,""lastTxState"":0,""lastTxOk"":false,""txSeq"":0,""txCounter"":0,""aesKeyProvisioned"":true,""aesKeyPresent"":true,""aesKeySource"":""nvs"",""keyId"":1,""lastDownlinkCommandId"":0,""freqMHz"":920,""bwKHz"":125,""sf"":7,""cr"":5,""syncWord"":18,""txPowerDbm"":17,""preamble"":8,""tcxoVoltage"":1.600000024,""xtalVoltage"":0},""dataset"":{""state"":""idle"",""step"":""idle"",""label"":"""",""seq"":0,""targetSamples"":0,""sampleIntervalMs"":500,""maxDurationMs"":0,""useFanIntake"":true,""fanOnMs"":1000,""postFanSettleMs"":0,""nullingProfileId"":9,""queuePending"":0,""queueCapacity"":16,""queueEnqueued"":0,""queueDropped"":0,""publishFailCount"":0,""retryCount"":0,""retryFailCount"":0,""rejectedSamples"":0,""lastRejectReason"":""none"",""lastRejectChannel"":-1,""lastRejectOkFiniteCount"":0,""lastRejectStatus"":255,""lastRejectGain"":0,""lastRejectSaturated"":false},""recovery"":{""wifiReconnectCount"":0,""wifiReconnectFailCount"":0,""mqttReconnectCount"":0,""mqttConnectFailCount"":0,""lastMqttState"":0,""adsRecoveryCount"":0,""adsRecoveryFailCount"":0,""adsReadFailStreak"":0,""lastReason"":""none"",""lastRecoveryMs"":0,""bootRecoveryArmed"":false,""bootRecoveryDueMs"":0,""bootRecoveryReason"":""none"",""bootRecoveryNonAdsFailure"":false,""bootRecoveryRestartCount"":0},""nulling"":{""done"":false,""retryArmed"":false,""attemptCount"":0,""nextRetryMs"":0,""thresholdV"":9.999999747E-06,""minFinalV"":0},""telemetry"":{""valid"":true,""sampleMs"":6808324,""gasClass"":6,""gasName"":""CO2"",""confidence"":0,""alarm"":false,""sensorVoltage"":[0.118277289,0.003804652,0.004862854,-0.002546089,-0.009440224,-0.011879262,-0.01954289,-0.02525701],""sensorGain"":[32,64,64,64,64,64,64,64],""sensorStatus"":[0,0,0,0,0,0,0,0],""featureOrder"":[""MQ8"",""MQ135"",""MQ3"",""MQ5"",""MQ4"",""MQ7"",""MQ6"",""MQ2""]},""alarmLatched"":false}"
2026-08-04 11:14:33.092 +07:00,431.972,HOT_SWEEP_70,70,700,300,1,0,0.118307814,0.003822829,0.004841047,-0.00255463,-0.009404024,-0.011839115,-0.019552495,-0.025294427,"{""deviceId"":""1001"",""nodeId"":4097,""targetChId"":""0010"",""mode"":""inference"",""uptimeMs"":6809422,""debugEnabled"":true,""power"":{""mode"":""24v"",""externalPower"":true,""batteryMv"":65535,""batteryValid"":false,""batteryDetected"":false,""batterySenseStatus"":""not_detected"",""batteryLow"":false,""batteryCritical"":false,""sourceAmbiguous"":false,""serviceHoldActive"":false,""serviceHoldEffective"":false},""batterySession"":{""state"":""inactive"",""startedMs"":0,""stateStartedMs"":0,""validSampleBatches"":0,""requiredSampleBatches"":10,""alarmTxAttempts"":0,""alarmTxAttemptLimit"":3,""alarmAckReceived"":false,""pendingAlarm"":false,""pendingSaveRequired"":false,""persistenceFaultHold"":false,""completionReason"":""session_done""},""bootHealth"":{""adsReady"":true,""adsDrdyLevel"":0,""adsDrdyPulldownLevel"":0,""adsDrdyPullupLevel"":0,""adsMisoPulldownLevel"":0,""adsMisoPullupLevel"":1,""adsCsLevel"":1,""adsSyncLevel"":1,""adsStatus"":54,""adsMux"":15,""adsAdcon"":6,""adsDrate"":240,""adsReason"":""ok"",""tcaOk"":true,""mcpOkCount"":8,""mcpOk"":[true,true,true,true,true,true,true,true],""mcpAddrMask"":[1,1,1,1,1,1,1,1],""mcpControlTested"":true,""mcpControlOkCount"":8,""mcpControlOk"":[true,true,true,true,true,true,true,true],""dacReady"":true,""radioReady"":true,""mlReady"":true,""nullingProfileApplied"":true,""modelProfileReady"":false},""runtimeMcpCode"":[255,519,795,706,799,865,665,139],""model"":{""profileId"":""cnn-dualbranch-datasheet-v1-unbound"",""scalerProfileId"":""cnn-dualbranch-datasheet-v1-unbound"",""productionApproved"":true,""boundNullingProfileId"":8,""activeNullingProfileId"":9,""bindingValid"":true,""bindingModelMatches"":true,""profileReady"":false,""inferenceValid"":false,""sensorFault"":true},""lora"":{""beginState"":0,""lastTxState"":0,""lastTxOk"":false,""txSeq"":0,""txCounter"":0,""aesKeyProvisioned"":true,""aesKeyPresent"":true,""aesKeySource"":""nvs"",""keyId"":1,""lastDownlinkCommandId"":0,""freqMHz"":920,""bwKHz"":125,""sf"":7,""cr"":5,""syncWord"":18,""txPowerDbm"":17,""preamble"":8,""tcxoVoltage"":1.600000024,""xtalVoltage"":0},""dataset"":{""state"":""idle"",""step"":""idle"",""label"":"""",""seq"":0,""targetSamples"":0,""sampleIntervalMs"":500,""maxDurationMs"":0,""useFanIntake"":true,""fanOnMs"":1000,""postFanSettleMs"":0,""nullingProfileId"":9,""queuePending"":0,""queueCapacity"":16,""queueEnqueued"":0,""queueDropped"":0,""publishFailCount"":0,""retryCount"":0,""retryFailCount"":0,""rejectedSamples"":0,""lastRejectReason"":""none"",""lastRejectChannel"":-1,""lastRejectOkFiniteCount"":0,""lastRejectStatus"":255,""lastRejectGain"":0,""lastRejectSaturated"":false},""recovery"":{""wifiReconnectCount"":0,""wifiReconnectFailCount"":0,""mqttReconnectCount"":0,""mqttConnectFailCount"":0,""lastMqttState"":0,""adsRecoveryCount"":0,""adsRecoveryFailCount"":0,""adsReadFailStreak"":0,""lastReason"":""none"",""lastRecoveryMs"":0,""bootRecoveryArmed"":false,""bootRecoveryDueMs"":0,""bootRecoveryReason"":""none"",""bootRecoveryNonAdsFailure"":false,""bootRecoveryRestartCount"":0},""nulling"":{""done"":false,""retryArmed"":false,""attemptCount"":0,""nextRetryMs"":0,""thresholdV"":9.999999747E-06,""minFinalV"":0},""telemetry"":{""valid"":true,""sampleMs"":6809004,""gasClass"":6,""gasName"":""CO2"",""confidence"":0,""alarm"":false,""sensorVoltage"":[0.118307814,0.003822829,0.004841047,-0.00255463,-0.009404024,-0.011839115,-0.019552495,-0.025294427],""sensorGain"":[32,64,64,64,64,64,64,64],""sensorStatus"":[0,0,0,0,0,0,0,0],""featureOrder"":[""MQ8"",""MQ135"",""MQ3"",""MQ5"",""MQ4"",""MQ7"",""MQ6"",""MQ2""]},""alarmLatched"":false}"
2026-08-04 11:14:33.773 +07:00,432.653,HOT_SWEEP_70,70,700,300,1,0,0.117887221,0.003845629,0.004902191,-0.002537569,-0.009389674,-0.011845785,-0.019477408,-0.025253188,"{""deviceId"":""1001"",""nodeId"":4097,""targetChId"":""0010"",""mode"":""inference"",""uptimeMs"":6810102,""debugEnabled"":true,""power"":{""mode"":""24v"",""externalPower"":true,""batteryMv"":65535,""batteryValid"":false,""batteryDetected"":false,""batterySenseStatus"":""not_detected"",""batteryLow"":false,""batteryCritical"":false,""sourceAmbiguous"":false,""serviceHoldActive"":false,""serviceHoldEffective"":false},""batterySession"":{""state"":""inactive"",""startedMs"":0,""stateStartedMs"":0,""validSampleBatches"":0,""requiredSampleBatches"":10,""alarmTxAttempts"":0,""alarmTxAttemptLimit"":3,""alarmAckReceived"":false,""pendingAlarm"":false,""pendingSaveRequired"":false,""persistenceFaultHold"":false,""completionReason"":""session_done""},""bootHealth"":{""adsReady"":true,""adsDrdyLevel"":0,""adsDrdyPulldownLevel"":0,""adsDrdyPullupLevel"":0,""adsMisoPulldownLevel"":0,""adsMisoPullupLevel"":1,""adsCsLevel"":1,""adsSyncLevel"":1,""adsStatus"":54,""adsMux"":15,""adsAdcon"":6,""adsDrate"":240,""adsReason"":""ok"",""tcaOk"":true,""mcpOkCount"":8,""mcpOk"":[true,true,true,true,true,true,true,true],""mcpAddrMask"":[1,1,1,1,1,1,1,1],""mcpControlTested"":true,""mcpControlOkCount"":8,""mcpControlOk"":[true,true,true,true,true,true,true,true],""dacReady"":true,""radioReady"":true,""mlReady"":true,""nullingProfileApplied"":true,""modelProfileReady"":false},""runtimeMcpCode"":[255,519,795,706,799,865,665,139],""model"":{""profileId"":""cnn-dualbranch-datasheet-v1-unbound"",""scalerProfileId"":""cnn-dualbranch-datasheet-v1-unbound"",""productionApproved"":true,""boundNullingProfileId"":8,""activeNullingProfileId"":9,""bindingValid"":true,""bindingModelMatches"":true,""profileReady"":false,""inferenceValid"":false,""sensorFault"":true},""lora"":{""beginState"":0,""lastTxState"":0,""lastTxOk"":false,""txSeq"":0,""txCounter"":0,""aesKeyProvisioned"":true,""aesKeyPresent"":true,""aesKeySource"":""nvs"",""keyId"":1,""lastDownlinkCommandId"":0,""freqMHz"":920,""bwKHz"":125,""sf"":7,""cr"":5,""syncWord"":18,""txPowerDbm"":17,""preamble"":8,""tcxoVoltage"":1.600000024,""xtalVoltage"":0},""dataset"":{""state"":""idle"",""step"":""idle"",""label"":"""",""seq"":0,""targetSamples"":0,""sampleIntervalMs"":500,""maxDurationMs"":0,""useFanIntake"":true,""fanOnMs"":1000,""postFanSettleMs"":0,""nullingProfileId"":9,""queuePending"":0,""queueCapacity"":16,""queueEnqueued"":0,""queueDropped"":0,""publishFailCount"":0,""retryCount"":0,""retryFailCount"":0,""rejectedSamples"":0,""lastRejectReason"":""none"",""lastRejectChannel"":-1,""lastRejectOkFiniteCount"":0,""lastRejectStatus"":255,""lastRejectGain"":0,""lastRejectSaturated"":false},""recovery"":{""wifiReconnectCount"":0,""wifiReconnectFailCount"":0,""mqttReconnectCount"":0,""mqttConnectFailCount"":0,""lastMqttState"":0,""adsRecoveryCount"":0,""adsRecoveryFailCount"":0,""adsReadFailStreak"":0,""lastReason"":""none"",""lastRecoveryMs"":0,""bootRecoveryArmed"":false,""bootRecoveryDueMs"":0,""bootRecoveryReason"":""none"",""bootRecoveryNonAdsFailure"":false,""bootRecoveryRestartCount"":0},""nulling"":{""done"":false,""retryArmed"":false,""attemptCount"":0,""nextRetryMs"":0,""thresholdV"":9.999999747E-06,""minFinalV"":0},""telemetry"":{""valid"":true,""sampleMs"":6809732,""gasClass"":6,""gasName"":""CO2"",""confidence"":0,""alarm"":false,""sensorVoltage"":[0.117887221,0.003845629,0.004902191,-0.002537569,-0.009389674,-0.011845785,-0.019477408,-0.025253188],""sensorGain"":[32,64,64,64,64,64,64,64],""sensorStatus"":[0,0,0,0,0,0,0,0],""featureOrder"":[""MQ8"",""MQ135"",""MQ3"",""MQ5"",""MQ4"",""MQ7"",""MQ6"",""MQ2""]},""alarmLatched"":false}"
2026-08-04 11:14:34.494 +07:00,433.371,HOT_SWEEP_70,70,700,300,1,0,0.118105985,0.003852793,0.004876831,-0.002528701,-0.009403748,-0.011824485,-0.019541534,-0.025229299,"{""deviceId"":""1001"",""nodeId"":4097,""targetChId"":""0010"",""mode"":""inference"",""uptimeMs"":6810823,""debugEnabled"":true,""power"":{""mode"":""24v"",""externalPower"":true,""batteryMv"":65535,""batteryValid"":false,""batteryDetected"":false,""batterySenseStatus"":""not_detected"",""batteryLow"":false,""batteryCritical"":false,""sourceAmbiguous"":false,""serviceHoldActive"":false,""serviceHoldEffective"":false},""batterySession"":{""state"":""inactive"",""startedMs"":0,""stateStartedMs"":0,""validSampleBatches"":0,""requiredSampleBatches"":10,""alarmTxAttempts"":0,""alarmTxAttemptLimit"":3,""alarmAckReceived"":false,""pendingAlarm"":false,""pendingSaveRequired"":false,""persistenceFaultHold"":false,""completionReason"":""session_done""},""bootHealth"":{""adsReady"":true,""adsDrdyLevel"":0,""adsDrdyPulldownLevel"":0,""adsDrdyPullupLevel"":0,""adsMisoPulldownLevel"":0,""adsMisoPullupLevel"":1,""adsCsLevel"":1,""adsSyncLevel"":1,""adsStatus"":54,""adsMux"":15,""adsAdcon"":6,""adsDrate"":240,""adsReason"":""ok"",""tcaOk"":true,""mcpOkCount"":8,""mcpOk"":[true,true,true,true,true,true,true,true],""mcpAddrMask"":[1,1,1,1,1,1,1,1],""mcpControlTested"":true,""mcpControlOkCount"":8,""mcpControlOk"":[true,true,true,true,true,true,true,true],""dacReady"":true,""radioReady"":true,""mlReady"":true,""nullingProfileApplied"":true,""modelProfileReady"":false},""runtimeMcpCode"":[255,519,795,706,799,865,665,139],""model"":{""profileId"":""cnn-dualbranch-datasheet-v1-unbound"",""scalerProfileId"":""cnn-dualbranch-datasheet-v1-unbound"",""productionApproved"":true,""boundNullingProfileId"":8,""activeNullingProfileId"":9,""bindingValid"":true,""bindingModelMatches"":true,""profileReady"":false,""inferenceValid"":false,""sensorFault"":true},""lora"":{""beginState"":0,""lastTxState"":0,""lastTxOk"":false,""txSeq"":0,""txCounter"":0,""aesKeyProvisioned"":true,""aesKeyPresent"":true,""aesKeySource"":""nvs"",""keyId"":1,""lastDownlinkCommandId"":0,""freqMHz"":920,""bwKHz"":125,""sf"":7,""cr"":5,""syncWord"":18,""txPowerDbm"":17,""preamble"":8,""tcxoVoltage"":1.600000024,""xtalVoltage"":0},""dataset"":{""state"":""idle"",""step"":""idle"",""label"":"""",""seq"":0,""targetSamples"":0,""sampleIntervalMs"":500,""maxDurationMs"":0,""useFanIntake"":true,""fanOnMs"":1000,""postFanSettleMs"":0,""nullingProfileId"":9,""queuePending"":0,""queueCapacity"":16,""queueEnqueued"":0,""queueDropped"":0,""publishFailCount"":0,""retryCount"":0,""retryFailCount"":0,""rejectedSamples"":0,""lastRejectReason"":""none"",""lastRejectChannel"":-1,""lastRejectOkFiniteCount"":0,""lastRejectStatus"":255,""lastRejectGain"":0,""lastRejectSaturated"":false},""recovery"":{""wifiReconnectCount"":0,""wifiReconnectFailCount"":0,""mqttReconnectCount"":0,""mqttConnectFailCount"":0,""lastMqttState"":0,""adsRecoveryCount"":0,""adsRecoveryFailCount"":0,""adsReadFailStreak"":0,""lastReason"":""none"",""lastRecoveryMs"":0,""bootRecoveryArmed"":false,""bootRecoveryDueMs"":0,""bootRecoveryReason"":""none"",""bootRecoveryNonAdsFailure"":false,""bootRecoveryRestartCount"":0},""nulling"":{""done"":false,""retryArmed"":false,""attemptCount"":0,""nextRetryMs"":0,""thresholdV"":9.999999747E-06,""minFinalV"":0},""telemetry"":{""valid"":true,""sampleMs"":6810380,""gasClass"":6,""gasName"":""CO2"",""confidence"":0,""alarm"":false,""sensorVoltage"":[0.118105985,0.003852793,0.004876831,-0.002528701,-0.009403748,-0.011824485,-0.019541534,-0.025229299],""sensorGain"":[32,64,64,64,64,64,64,64],""sensorStatus"":[0,0,0,0,0,0,0,0],""featureOrder"":[""MQ8"",""MQ135"",""MQ3"",""MQ5"",""MQ4"",""MQ7"",""MQ6"",""MQ2""]},""alarmLatched"":false}"
2026-08-04 11:14:35.176 +07:00,434.055,HOT_SWEEP_70,70,700,300,1,0,0.118866101,0.003921882,0.004905093,-0.00256969,-0.009385607,-0.01152513,-0.019132856,-0.02478105,"{""deviceId"":""1001"",""nodeId"":4097,""targetChId"":""0010"",""mode"":""inference"",""uptimeMs"":6811504,""debugEnabled"":true,""power"":{""mode"":""24v"",""externalPower"":true,""batteryMv"":65535,""batteryValid"":false,""batteryDetected"":false,""batterySenseStatus"":""not_detected"",""batteryLow"":false,""batteryCritical"":false,""sourceAmbiguous"":false,""serviceHoldActive"":false,""serviceHoldEffective"":false},""batterySession"":{""state"":""inactive"",""startedMs"":0,""stateStartedMs"":0,""validSampleBatches"":0,""requiredSampleBatches"":10,""alarmTxAttempts"":0,""alarmTxAttemptLimit"":3,""alarmAckReceived"":false,""pendingAlarm"":false,""pendingSaveRequired"":false,""persistenceFaultHold"":false,""completionReason"":""session_done""},""bootHealth"":{""adsReady"":true,""adsDrdyLevel"":0,""adsDrdyPulldownLevel"":0,""adsDrdyPullupLevel"":0,""adsMisoPulldownLevel"":0,""adsMisoPullupLevel"":1,""adsCsLevel"":1,""adsSyncLevel"":1,""adsStatus"":54,""adsMux"":15,""adsAdcon"":6,""adsDrate"":240,""adsReason"":""ok"",""tcaOk"":true,""mcpOkCount"":8,""mcpOk"":[true,true,true,true,true,true,true,true],""mcpAddrMask"":[1,1,1,1,1,1,1,1],""mcpControlTested"":true,""mcpControlOkCount"":8,""mcpControlOk"":[true,true,true,true,true,true,true,true],""dacReady"":true,""radioReady"":true,""mlReady"":true,""nullingProfileApplied"":true,""modelProfileReady"":false},""runtimeMcpCode"":[255,519,795,706,799,865,665,139],""model"":{""profileId"":""cnn-dualbranch-datasheet-v1-unbound"",""scalerProfileId"":""cnn-dualbranch-datasheet-v1-unbound"",""productionApproved"":true,""boundNullingProfileId"":8,""activeNullingProfileId"":9,""bindingValid"":true,""bindingModelMatches"":true,""profileReady"":false,""inferenceValid"":false,""sensorFault"":true},""lora"":{""beginState"":0,""lastTxState"":0,""lastTxOk"":false,""txSeq"":0,""txCounter"":0,""aesKeyProvisioned"":true,""aesKeyPresent"":true,""aesKeySource"":""nvs"",""keyId"":1,""lastDownlinkCommandId"":0,""freqMHz"":920,""bwKHz"":125,""sf"":7,""cr"":5,""syncWord"":18,""txPowerDbm"":17,""preamble"":8,""tcxoVoltage"":1.600000024,""xtalVoltage"":0},""dataset"":{""state"":""idle"",""step"":""idle"",""label"":"""",""seq"":0,""targetSamples"":0,""sampleIntervalMs"":500,""maxDurationMs"":0,""useFanIntake"":true,""fanOnMs"":1000,""postFanSettleMs"":0,""nullingProfileId"":9,""queuePending"":0,""queueCapacity"":16,""queueEnqueued"":0,""queueDropped"":0,""publishFailCount"":0,""retryCount"":0,""retryFailCount"":0,""rejectedSamples"":0,""lastRejectReason"":""none"",""lastRejectChannel"":-1,""lastRejectOkFiniteCount"":0,""lastRejectStatus"":255,""lastRejectGain"":0,""lastRejectSaturated"":false},""recovery"":{""wifiReconnectCount"":0,""wifiReconnectFailCount"":0,""mqttReconnectCount"":0,""mqttConnectFailCount"":0,""lastMqttState"":0,""adsRecoveryCount"":0,""adsRecoveryFailCount"":0,""adsReadFailStreak"":0,""lastReason"":""none"",""lastRecoveryMs"":0,""bootRecoveryArmed"":false,""bootRecoveryDueMs"":0,""bootRecoveryReason"":""none"",""bootRecoveryNonAdsFailure"":false,""bootRecoveryRestartCount"":0},""nulling"":{""done"":false,""retryArmed"":false,""attemptCount"":0,""nextRetryMs"":0,""thresholdV"":9.999999747E-06,""minFinalV"":0},""telemetry"":{""valid"":true,""sampleMs"":6811101,""gasClass"":6,""gasName"":""CO2"",""confidence"":0,""alarm"":false,""sensorVoltage"":[0.118866101,0.003921882,0.004905093,-0.00256969,-0.009385607,-0.01152513,-0.019132856,-0.02478105],""sensorGain"":[32,64,64,64,64,64,64,64],""sensorStatus"":[0,0,0,0,0,0,0,0],""featureOrder"":[""MQ8"",""MQ135"",""MQ3"",""MQ5"",""MQ4"",""MQ7"",""MQ6"",""MQ2""]},""alarmLatched"":false}"
2026-08-04 11:14:35.866 +07:00,434.747,HOT_SWEEP_70,70,700,300,1,0,0.118540086,0.003921301,0.004968846,-0.002558643,-0.009408019,-0.011504972,-0.019488264,-0.025250262,"{""deviceId"":""1001"",""nodeId"":4097,""targetChId"":""0010"",""mode"":""inference"",""uptimeMs"":6812205,""debugEnabled"":true,""power"":{""mode"":""24v"",""externalPower"":true,""batteryMv"":65535,""batteryValid"":false,""batteryDetected"":false,""batterySenseStatus"":""not_detected"",""batteryLow"":false,""batteryCritical"":false,""sourceAmbiguous"":false,""serviceHoldActive"":false,""serviceHoldEffective"":false},""batterySession"":{""state"":""inactive"",""startedMs"":0,""stateStartedMs"":0,""validSampleBatches"":0,""requiredSampleBatches"":10,""alarmTxAttempts"":0,""alarmTxAttemptLimit"":3,""alarmAckReceived"":false,""pendingAlarm"":false,""pendingSaveRequired"":false,""persistenceFaultHold"":false,""completionReason"":""session_done""},""bootHealth"":{""adsReady"":true,""adsDrdyLevel"":0,""adsDrdyPulldownLevel"":0,""adsDrdyPullupLevel"":0,""adsMisoPulldownLevel"":0,""adsMisoPullupLevel"":1,""adsCsLevel"":1,""adsSyncLevel"":1,""adsStatus"":54,""adsMux"":15,""adsAdcon"":6,""adsDrate"":240,""adsReason"":""ok"",""tcaOk"":true,""mcpOkCount"":8,""mcpOk"":[true,true,true,true,true,true,true,true],""mcpAddrMask"":[1,1,1,1,1,1,1,1],""mcpControlTested"":true,""mcpControlOkCount"":8,""mcpControlOk"":[true,true,true,true,true,true,true,true],""dacReady"":true,""radioReady"":true,""mlReady"":true,""nullingProfileApplied"":true,""modelProfileReady"":false},""runtimeMcpCode"":[255,519,795,706,799,865,665,139],""model"":{""profileId"":""cnn-dualbranch-datasheet-v1-unbound"",""scalerProfileId"":""cnn-dualbranch-datasheet-v1-unbound"",""productionApproved"":true,""boundNullingProfileId"":8,""activeNullingProfileId"":9,""bindingValid"":true,""bindingModelMatches"":true,""profileReady"":false,""inferenceValid"":false,""sensorFault"":true},""lora"":{""beginState"":0,""lastTxState"":0,""lastTxOk"":false,""txSeq"":0,""txCounter"":0,""aesKeyProvisioned"":true,""aesKeyPresent"":true,""aesKeySource"":""nvs"",""keyId"":1,""lastDownlinkCommandId"":0,""freqMHz"":920,""bwKHz"":125,""sf"":7,""cr"":5,""syncWord"":18,""txPowerDbm"":17,""preamble"":8,""tcxoVoltage"":1.600000024,""xtalVoltage"":0},""dataset"":{""state"":""idle"",""step"":""idle"",""label"":"""",""seq"":0,""targetSamples"":0,""sampleIntervalMs"":500,""maxDurationMs"":0,""useFanIntake"":true,""fanOnMs"":1000,""postFanSettleMs"":0,""nullingProfileId"":9,""queuePending"":0,""queueCapacity"":16,""queueEnqueued"":0,""queueDropped"":0,""publishFailCount"":0,""retryCount"":0,""retryFailCount"":0,""rejectedSamples"":0,""lastRejectReason"":""none"",""lastRejectChannel"":-1,""lastRejectOkFiniteCount"":0,""lastRejectStatus"":255,""lastRejectGain"":0,""lastRejectSaturated"":false},""recovery"":{""wifiReconnectCount"":0,""wifiReconnectFailCount"":0,""mqttReconnectCount"":0,""mqttConnectFailCount"":0,""lastMqttState"":0,""adsRecoveryCount"":0,""adsRecoveryFailCount"":0,""adsReadFailStreak"":0,""lastReason"":""none"",""lastRecoveryMs"":0,""bootRecoveryArmed"":false,""bootRecoveryDueMs"":0,""bootRecoveryReason"":""none"",""bootRecoveryNonAdsFailure"":false,""bootRecoveryRestartCount"":0},""nulling"":{""done"":false,""retryArmed"":false,""attemptCount"":0,""nextRetryMs"":0,""thresholdV"":9.999999747E-06,""minFinalV"":0},""telemetry"":{""valid"":true,""sampleMs"":6811814,""gasClass"":6,""gasName"":""CO2"",""confidence"":0,""alarm"":false,""sensorVoltage"":[0.118540086,0.003921301,0.004968846,-0.002558643,-0.009408019,-0.011504972,-0.019488264,-0.025250262],""sensorGain"":[32,64,64,64,64,64,64,64],""sensorStatus"":[0,0,0,0,0,0,0,0],""featureOrder"":[""MQ8"",""MQ135"",""MQ3"",""MQ5"",""MQ4"",""MQ7"",""MQ6"",""MQ2""]},""alarmLatched"":false}"
2026-08-04 11:14:36.558 +07:00,435.439,HOT_SWEEP_70,70,700,300,1,0,0.118227303,0.003938487,0.004973955,-0.002548901,-0.009384127,-0.011497785,-0.019498002,-0.025291288,"{""deviceId"":""1001"",""nodeId"":4097,""targetChId"":""0010"",""mode"":""inference"",""uptimeMs"":6812888,""debugEnabled"":true,""power"":{""mode"":""24v"",""externalPower"":true,""batteryMv"":65535,""batteryValid"":false,""batteryDetected"":false,""batterySenseStatus"":""not_detected"",""batteryLow"":false,""batteryCritical"":false,""sourceAmbiguous"":false,""serviceHoldActive"":false,""serviceHoldEffective"":false},""batterySession"":{""state"":""inactive"",""startedMs"":0,""stateStartedMs"":0,""validSampleBatches"":0,""requiredSampleBatches"":10,""alarmTxAttempts"":0,""alarmTxAttemptLimit"":3,""alarmAckReceived"":false,""pendingAlarm"":false,""pendingSaveRequired"":false,""persistenceFaultHold"":false,""completionReason"":""session_done""},""bootHealth"":{""adsReady"":true,""adsDrdyLevel"":0,""adsDrdyPulldownLevel"":0,""adsDrdyPullupLevel"":0,""adsMisoPulldownLevel"":0,""adsMisoPullupLevel"":1,""adsCsLevel"":1,""adsSyncLevel"":1,""adsStatus"":54,""adsMux"":15,""adsAdcon"":6,""adsDrate"":240,""adsReason"":""ok"",""tcaOk"":true,""mcpOkCount"":8,""mcpOk"":[true,true,true,true,true,true,true,true],""mcpAddrMask"":[1,1,1,1,1,1,1,1],""mcpControlTested"":true,""mcpControlOkCount"":8,""mcpControlOk"":[true,true,true,true,true,true,true,true],""dacReady"":true,""radioReady"":true,""mlReady"":true,""nullingProfileApplied"":true,""modelProfileReady"":false},""runtimeMcpCode"":[255,519,795,706,799,865,665,139],""model"":{""profileId"":""cnn-dualbranch-datasheet-v1-unbound"",""scalerProfileId"":""cnn-dualbranch-datasheet-v1-unbound"",""productionApproved"":true,""boundNullingProfileId"":8,""activeNullingProfileId"":9,""bindingValid"":true,""bindingModelMatches"":true,""profileReady"":false,""inferenceValid"":false,""sensorFault"":true},""lora"":{""beginState"":0,""lastTxState"":0,""lastTxOk"":false,""txSeq"":0,""txCounter"":0,""aesKeyProvisioned"":true,""aesKeyPresent"":true,""aesKeySource"":""nvs"",""keyId"":1,""lastDownlinkCommandId"":0,""freqMHz"":920,""bwKHz"":125,""sf"":7,""cr"":5,""syncWord"":18,""txPowerDbm"":17,""preamble"":8,""tcxoVoltage"":1.600000024,""xtalVoltage"":0},""dataset"":{""state"":""idle"",""step"":""idle"",""label"":"""",""seq"":0,""targetSamples"":0,""sampleIntervalMs"":500,""maxDurationMs"":0,""useFanIntake"":true,""fanOnMs"":1000,""postFanSettleMs"":0,""nullingProfileId"":9,""queuePending"":0,""queueCapacity"":16,""queueEnqueued"":0,""queueDropped"":0,""publishFailCount"":0,""retryCount"":0,""retryFailCount"":0,""rejectedSamples"":0,""lastRejectReason"":""none"",""lastRejectChannel"":-1,""lastRejectOkFiniteCount"":0,""lastRejectStatus"":255,""lastRejectGain"":0,""lastRejectSaturated"":false},""recovery"":{""wifiReconnectCount"":0,""wifiReconnectFailCount"":0,""mqttReconnectCount"":0,""mqttConnectFailCount"":0,""lastMqttState"":0,""adsRecoveryCount"":0,""adsRecoveryFailCount"":0,""adsReadFailStreak"":0,""lastReason"":""none"",""lastRecoveryMs"":0,""bootRecoveryArmed"":false,""bootRecoveryDueMs"":0,""bootRecoveryReason"":""none"",""bootRecoveryNonAdsFailure"":false,""bootRecoveryRestartCount"":0},""nulling"":{""done"":false,""retryArmed"":false,""attemptCount"":0,""nextRetryMs"":0,""thresholdV"":9.999999747E-06,""minFinalV"":0},""telemetry"":{""valid"":true,""sampleMs"":6812483,""gasClass"":6,""gasName"":""CO2"",""confidence"":0,""alarm"":false,""sensorVoltage"":[0.118227303,0.003938487,0.004973955,-0.002548901,-0.009384127,-0.011497785,-0.019498002,-0.025291288],""sensorGain"":[32,64,64,64,64,64,64,64],""sensorStatus"":[0,0,0,0,0,0,0,0],""featureOrder"":[""MQ8"",""MQ135"",""MQ3"",""MQ5"",""MQ4"",""MQ7"",""MQ6"",""MQ2""]},""alarmLatched"":false}"
2026-08-04 11:14:37.235 +07:00,436.116,HOT_SWEEP_70,70,700,300,1,0,0.119184829,0.004023368,0.004919847,-0.002600673,-0.009172918,-0.011239565,-0.019113293,-0.025324743,"{""deviceId"":""1001"",""nodeId"":4097,""targetChId"":""0010"",""mode"":""inference"",""uptimeMs"":6813570,""debugEnabled"":true,""power"":{""mode"":""24v"",""externalPower"":true,""batteryMv"":65535,""batteryValid"":false,""batteryDetected"":false,""batterySenseStatus"":""not_detected"",""batteryLow"":false,""batteryCritical"":false,""sourceAmbiguous"":false,""serviceHoldActive"":false,""serviceHoldEffective"":false},""batterySession"":{""state"":""inactive"",""startedMs"":0,""stateStartedMs"":0,""validSampleBatches"":0,""requiredSampleBatches"":10,""alarmTxAttempts"":0,""alarmTxAttemptLimit"":3,""alarmAckReceived"":false,""pendingAlarm"":false,""pendingSaveRequired"":false,""persistenceFaultHold"":false,""completionReason"":""session_done""},""bootHealth"":{""adsReady"":true,""adsDrdyLevel"":0,""adsDrdyPulldownLevel"":0,""adsDrdyPullupLevel"":0,""adsMisoPulldownLevel"":0,""adsMisoPullupLevel"":1,""adsCsLevel"":1,""adsSyncLevel"":1,""adsStatus"":54,""adsMux"":15,""adsAdcon"":6,""adsDrate"":240,""adsReason"":""ok"",""tcaOk"":true,""mcpOkCount"":8,""mcpOk"":[true,true,true,true,true,true,true,true],""mcpAddrMask"":[1,1,1,1,1,1,1,1],""mcpControlTested"":true,""mcpControlOkCount"":8,""mcpControlOk"":[true,true,true,true,true,true,true,true],""dacReady"":true,""radioReady"":true,""mlReady"":true,""nullingProfileApplied"":true,""modelProfileReady"":false},""runtimeMcpCode"":[255,519,795,706,799,865,665,139],""model"":{""profileId"":""cnn-dualbranch-datasheet-v1-unbound"",""scalerProfileId"":""cnn-dualbranch-datasheet-v1-unbound"",""productionApproved"":true,""boundNullingProfileId"":8,""activeNullingProfileId"":9,""bindingValid"":true,""bindingModelMatches"":true,""profileReady"":false,""inferenceValid"":false,""sensorFault"":true},""lora"":{""beginState"":0,""lastTxState"":0,""lastTxOk"":false,""txSeq"":0,""txCounter"":0,""aesKeyProvisioned"":true,""aesKeyPresent"":true,""aesKeySource"":""nvs"",""keyId"":1,""lastDownlinkCommandId"":0,""freqMHz"":920,""bwKHz"":125,""sf"":7,""cr"":5,""syncWord"":18,""txPowerDbm"":17,""preamble"":8,""tcxoVoltage"":1.600000024,""xtalVoltage"":0},""dataset"":{""state"":""idle"",""step"":""idle"",""label"":"""",""seq"":0,""targetSamples"":0,""sampleIntervalMs"":500,""maxDurationMs"":0,""useFanIntake"":true,""fanOnMs"":1000,""postFanSettleMs"":0,""nullingProfileId"":9,""queuePending"":0,""queueCapacity"":16,""queueEnqueued"":0,""queueDropped"":0,""publishFailCount"":0,""retryCount"":0,""retryFailCount"":0,""rejectedSamples"":0,""lastRejectReason"":""none"",""lastRejectChannel"":-1,""lastRejectOkFiniteCount"":0,""lastRejectStatus"":255,""lastRejectGain"":0,""lastRejectSaturated"":false},""recovery"":{""wifiReconnectCount"":0,""wifiReconnectFailCount"":0,""mqttReconnectCount"":0,""mqttConnectFailCount"":0,""lastMqttState"":0,""adsRecoveryCount"":0,""adsRecoveryFailCount"":0,""adsReadFailStreak"":0,""lastReason"":""none"",""lastRecoveryMs"":0,""bootRecoveryArmed"":false,""bootRecoveryDueMs"":0,""bootRecoveryReason"":""none"",""bootRecoveryNonAdsFailure"":false,""bootRecoveryRestartCount"":0},""nulling"":{""done"":false,""retryArmed"":false,""attemptCount"":0,""nextRetryMs"":0,""thresholdV"":9.999999747E-06,""minFinalV"":0},""telemetry"":{""valid"":true,""sampleMs"":6813166,""gasClass"":6,""gasName"":""CO2"",""confidence"":0,""alarm"":false,""sensorVoltage"":[0.119184829,0.004023368,0.004919847,-0.002600673,-0.009172918,-0.011239565,-0.019113293,-0.025324743],""sensorGain"":[32,64,64,64,64,64,64,64],""sensorStatus"":[0,0,0,0,0,0,0,0],""featureOrder"":[""MQ8"",""MQ135"",""MQ3"",""MQ5"",""MQ4"",""MQ7"",""MQ6"",""MQ2""]},""alarmLatched"":false}"
2026-08-04 11:14:37.922 +07:00,436.803,HOT_SWEEP_70,70,700,300,1,0,0.118853077,0.004044178,0.004830301,-0.002636719,-0.009398983,-0.011513021,-0.019512806,-0.025398225,"{""deviceId"":""1001"",""nodeId"":4097,""targetChId"":""0010"",""mode"":""inference"",""uptimeMs"":6814255,""debugEnabled"":true,""power"":{""mode"":""24v"",""externalPower"":true,""batteryMv"":65535,""batteryValid"":false,""batteryDetected"":false,""batterySenseStatus"":""not_detected"",""batteryLow"":false,""batteryCritical"":false,""sourceAmbiguous"":false,""serviceHoldActive"":false,""serviceHoldEffective"":false},""batterySession"":{""state"":""inactive"",""startedMs"":0,""stateStartedMs"":0,""validSampleBatches"":0,""requiredSampleBatches"":10,""alarmTxAttempts"":0,""alarmTxAttemptLimit"":3,""alarmAckReceived"":false,""pendingAlarm"":false,""pendingSaveRequired"":false,""persistenceFaultHold"":false,""completionReason"":""session_done""},""bootHealth"":{""adsReady"":true,""adsDrdyLevel"":0,""adsDrdyPulldownLevel"":0,""adsDrdyPullupLevel"":0,""adsMisoPulldownLevel"":0,""adsMisoPullupLevel"":1,""adsCsLevel"":1,""adsSyncLevel"":1,""adsStatus"":54,""adsMux"":15,""adsAdcon"":6,""adsDrate"":240,""adsReason"":""ok"",""tcaOk"":true,""mcpOkCount"":8,""mcpOk"":[true,true,true,true,true,true,true,true],""mcpAddrMask"":[1,1,1,1,1,1,1,1],""mcpControlTested"":true,""mcpControlOkCount"":8,""mcpControlOk"":[true,true,true,true,true,true,true,true],""dacReady"":true,""radioReady"":true,""mlReady"":true,""nullingProfileApplied"":true,""modelProfileReady"":false},""runtimeMcpCode"":[255,519,795,706,799,865,665,139],""model"":{""profileId"":""cnn-dualbranch-datasheet-v1-unbound"",""scalerProfileId"":""cnn-dualbranch-datasheet-v1-unbound"",""productionApproved"":true,""boundNullingProfileId"":8,""activeNullingProfileId"":9,""bindingValid"":true,""bindingModelMatches"":true,""profileReady"":false,""inferenceValid"":false,""sensorFault"":true},""lora"":{""beginState"":0,""lastTxState"":0,""lastTxOk"":false,""txSeq"":0,""txCounter"":0,""aesKeyProvisioned"":true,""aesKeyPresent"":true,""aesKeySource"":""nvs"",""keyId"":1,""lastDownlinkCommandId"":0,""freqMHz"":920,""bwKHz"":125,""sf"":7,""cr"":5,""syncWord"":18,""txPowerDbm"":17,""preamble"":8,""tcxoVoltage"":1.600000024,""xtalVoltage"":0},""dataset"":{""state"":""idle"",""step"":""idle"",""label"":"""",""seq"":0,""targetSamples"":0,""sampleIntervalMs"":500,""maxDurationMs"":0,""useFanIntake"":true,""fanOnMs"":1000,""postFanSettleMs"":0,""nullingProfileId"":9,""queuePending"":0,""queueCapacity"":16,""queueEnqueued"":0,""queueDropped"":0,""publishFailCount"":0,""retryCount"":0,""retryFailCount"":0,""rejectedSamples"":0,""lastRejectReason"":""none"",""lastRejectChannel"":-1,""lastRejectOkFiniteCount"":0,""lastRejectStatus"":255,""lastRejectGain"":0,""lastRejectSaturated"":false},""recovery"":{""wifiReconnectCount"":0,""wifiReconnectFailCount"":0,""mqttReconnectCount"":0,""mqttConnectFailCount"":0,""lastMqttState"":0,""adsRecoveryCount"":0,""adsRecoveryFailCount"":0,""adsReadFailStreak"":0,""lastReason"":""none"",""lastRecoveryMs"":0,""bootRecoveryArmed"":false,""bootRecoveryDueMs"":0,""bootRecoveryReason"":""none"",""bootRecoveryNonAdsFailure"":false,""bootRecoveryRestartCount"":0},""nulling"":{""done"":false,""retryArmed"":false,""attemptCount"":0,""nextRetryMs"":0,""thresholdV"":9.999999747E-06,""minFinalV"":0},""telemetry"":{""valid"":true,""sampleMs"":6813880,""gasClass"":6,""gasName"":""CO2"",""confidence"":0,""alarm"":false,""sensorVoltage"":[0.118853077,0.004044178,0.004830301,-0.002636719,-0.009398983,-0.011513021,-0.019512806,-0.025398225],""sensorGain"":[32,64,64,64,64,64,64,64],""sensorStatus"":[0,0,0,0,0,0,0,0],""featureOrder"":[""MQ8"",""MQ135"",""MQ3"",""MQ5"",""MQ4"",""MQ7"",""MQ6"",""MQ2""]},""alarmLatched"":false}"
2026-08-04 11:14:38.625 +07:00,437.504,HOT_SWEEP_70,70,700,300,1,0,0.118334889,0.004072353,0.004884009,-0.002664129,-0.009368008,-0.011510929,-0.019415455,-0.025429497,"{""deviceId"":""1001"",""nodeId"":4097,""targetChId"":""0010"",""mode"":""inference"",""uptimeMs"":6814953,""debugEnabled"":true,""power"":{""mode"":""24v"",""externalPower"":true,""batteryMv"":65535,""batteryValid"":false,""batteryDetected"":false,""batterySenseStatus"":""not_detected"",""batteryLow"":false,""batteryCritical"":false,""sourceAmbiguous"":false,""serviceHoldActive"":false,""serviceHoldEffective"":false},""batterySession"":{""state"":""inactive"",""startedMs"":0,""stateStartedMs"":0,""validSampleBatches"":0,""requiredSampleBatches"":10,""alarmTxAttempts"":0,""alarmTxAttemptLimit"":3,""alarmAckReceived"":false,""pendingAlarm"":false,""pendingSaveRequired"":false,""persistenceFaultHold"":false,""completionReason"":""session_done""},""bootHealth"":{""adsReady"":true,""adsDrdyLevel"":0,""adsDrdyPulldownLevel"":0,""adsDrdyPullupLevel"":0,""adsMisoPulldownLevel"":0,""adsMisoPullupLevel"":1,""adsCsLevel"":1,""adsSyncLevel"":1,""adsStatus"":54,""adsMux"":15,""adsAdcon"":6,""adsDrate"":240,""adsReason"":""ok"",""tcaOk"":true,""mcpOkCount"":8,""mcpOk"":[true,true,true,true,true,true,true,true],""mcpAddrMask"":[1,1,1,1,1,1,1,1],""mcpControlTested"":true,""mcpControlOkCount"":8,""mcpControlOk"":[true,true,true,true,true,true,true,true],""dacReady"":true,""radioReady"":true,""mlReady"":true,""nullingProfileApplied"":true,""modelProfileReady"":false},""runtimeMcpCode"":[255,519,795,706,799,865,665,139],""model"":{""profileId"":""cnn-dualbranch-datasheet-v1-unbound"",""scalerProfileId"":""cnn-dualbranch-datasheet-v1-unbound"",""productionApproved"":true,""boundNullingProfileId"":8,""activeNullingProfileId"":9,""bindingValid"":true,""bindingModelMatches"":true,""profileReady"":false,""inferenceValid"":false,""sensorFault"":true},""lora"":{""beginState"":0,""lastTxState"":0,""lastTxOk"":false,""txSeq"":0,""txCounter"":0,""aesKeyProvisioned"":true,""aesKeyPresent"":true,""aesKeySource"":""nvs"",""keyId"":1,""lastDownlinkCommandId"":0,""freqMHz"":920,""bwKHz"":125,""sf"":7,""cr"":5,""syncWord"":18,""txPowerDbm"":17,""preamble"":8,""tcxoVoltage"":1.600000024,""xtalVoltage"":0},""dataset"":{""state"":""idle"",""step"":""idle"",""label"":"""",""seq"":0,""targetSamples"":0,""sampleIntervalMs"":500,""maxDurationMs"":0,""useFanIntake"":true,""fanOnMs"":1000,""postFanSettleMs"":0,""nullingProfileId"":9,""queuePending"":0,""queueCapacity"":16,""queueEnqueued"":0,""queueDropped"":0,""publishFailCount"":0,""retryCount"":0,""retryFailCount"":0,""rejectedSamples"":0,""lastRejectReason"":""none"",""lastRejectChannel"":-1,""lastRejectOkFiniteCount"":0,""lastRejectStatus"":255,""lastRejectGain"":0,""lastRejectSaturated"":false},""recovery"":{""wifiReconnectCount"":0,""wifiReconnectFailCount"":0,""mqttReconnectCount"":0,""mqttConnectFailCount"":0,""lastMqttState"":0,""adsRecoveryCount"":0,""adsRecoveryFailCount"":0,""adsReadFailStreak"":0,""lastReason"":""none"",""lastRecoveryMs"":0,""bootRecoveryArmed"":false,""bootRecoveryDueMs"":0,""bootRecoveryReason"":""none"",""bootRecoveryNonAdsFailure"":false,""bootRecoveryRestartCount"":0},""nulling"":{""done"":false,""retryArmed"":false,""attemptCount"":0,""nextRetryMs"":0,""thresholdV"":9.999999747E-06,""minFinalV"":0},""telemetry"":{""valid"":true,""sampleMs"":6814533,""gasClass"":6,""gasName"":""CO2"",""confidence"":0,""alarm"":false,""sensorVoltage"":[0.118334889,0.004072353,0.004884009,-0.002664129,-0.009368008,-0.011510929,-0.019415455,-0.025429497],""sensorGain"":[32,64,64,64,64,64,64,64],""sensorStatus"":[0,0,0,0,0,0,0,0],""featureOrder"":[""MQ8"",""MQ135"",""MQ3"",""MQ5"",""MQ4"",""MQ7"",""MQ6"",""MQ2""]},""alarmLatched"":false}"
2026-08-04 11:14:39.325 +07:00,438.204,HOT_SWEEP_70,70,700,300,1,0,0.119301245,0.004069654,0.004808641,-0.00262081,-0.009111508,-0.01151404,-0.019393135,-0.025368493,"{""deviceId"":""1001"",""nodeId"":4097,""targetChId"":""0010"",""mode"":""inference"",""uptimeMs"":6815655,""debugEnabled"":true,""power"":{""mode"":""24v"",""externalPower"":true,""batteryMv"":65535,""batteryValid"":false,""batteryDetected"":false,""batterySenseStatus"":""not_detected"",""batteryLow"":false,""batteryCritical"":false,""sourceAmbiguous"":false,""serviceHoldActive"":false,""serviceHoldEffective"":false},""batterySession"":{""state"":""inactive"",""startedMs"":0,""stateStartedMs"":0,""validSampleBatches"":0,""requiredSampleBatches"":10,""alarmTxAttempts"":0,""alarmTxAttemptLimit"":3,""alarmAckReceived"":false,""pendingAlarm"":false,""pendingSaveRequired"":false,""persistenceFaultHold"":false,""completionReason"":""session_done""},""bootHealth"":{""adsReady"":true,""adsDrdyLevel"":0,""adsDrdyPulldownLevel"":0,""adsDrdyPullupLevel"":0,""adsMisoPulldownLevel"":0,""adsMisoPullupLevel"":1,""adsCsLevel"":1,""adsSyncLevel"":1,""adsStatus"":54,""adsMux"":15,""adsAdcon"":6,""adsDrate"":240,""adsReason"":""ok"",""tcaOk"":true,""mcpOkCount"":8,""mcpOk"":[true,true,true,true,true,true,true,true],""mcpAddrMask"":[1,1,1,1,1,1,1,1],""mcpControlTested"":true,""mcpControlOkCount"":8,""mcpControlOk"":[true,true,true,true,true,true,true,true],""dacReady"":true,""radioReady"":true,""mlReady"":true,""nullingProfileApplied"":true,""modelProfileReady"":false},""runtimeMcpCode"":[255,519,795,706,799,865,665,139],""model"":{""profileId"":""cnn-dualbranch-datasheet-v1-unbound"",""scalerProfileId"":""cnn-dualbranch-datasheet-v1-unbound"",""productionApproved"":true,""boundNullingProfileId"":8,""activeNullingProfileId"":9,""bindingValid"":true,""bindingModelMatches"":true,""profileReady"":false,""inferenceValid"":false,""sensorFault"":true},""lora"":{""beginState"":0,""lastTxState"":0,""lastTxOk"":false,""txSeq"":0,""txCounter"":0,""aesKeyProvisioned"":true,""aesKeyPresent"":true,""aesKeySource"":""nvs"",""keyId"":1,""lastDownlinkCommandId"":0,""freqMHz"":920,""bwKHz"":125,""sf"":7,""cr"":5,""syncWord"":18,""txPowerDbm"":17,""preamble"":8,""tcxoVoltage"":1.600000024,""xtalVoltage"":0},""dataset"":{""state"":""idle"",""step"":""idle"",""label"":"""",""seq"":0,""targetSamples"":0,""sampleIntervalMs"":500,""maxDurationMs"":0,""useFanIntake"":true,""fanOnMs"":1000,""postFanSettleMs"":0,""nullingProfileId"":9,""queuePending"":0,""queueCapacity"":16,""queueEnqueued"":0,""queueDropped"":0,""publishFailCount"":0,""retryCount"":0,""retryFailCount"":0,""rejectedSamples"":0,""lastRejectReason"":""none"",""lastRejectChannel"":-1,""lastRejectOkFiniteCount"":0,""lastRejectStatus"":255,""lastRejectGain"":0,""lastRejectSaturated"":false},""recovery"":{""wifiReconnectCount"":0,""wifiReconnectFailCount"":0,""mqttReconnectCount"":0,""mqttConnectFailCount"":0,""lastMqttState"":0,""adsRecoveryCount"":0,""adsRecoveryFailCount"":0,""adsReadFailStreak"":0,""lastReason"":""none"",""lastRecoveryMs"":0,""bootRecoveryArmed"":false,""bootRecoveryDueMs"":0,""bootRecoveryReason"":""none"",""bootRecoveryNonAdsFailure"":false,""bootRecoveryRestartCount"":0},""nulling"":{""done"":false,""retryArmed"":false,""attemptCount"":0,""nextRetryMs"":0,""thresholdV"":9.999999747E-06,""minFinalV"":0},""telemetry"":{""valid"":true,""sampleMs"":6815231,""gasClass"":6,""gasName"":""CO2"",""confidence"":0,""alarm"":false,""sensorVoltage"":[0.119301245,0.004069654,0.004808641,-0.00262081,-0.009111508,-0.01151404,-0.019393135,-0.025368493],""sensorGain"":[32,64,64,64,64,64,64,64],""sensorStatus"":[0,0,0,0,0,0,0,0],""featureOrder"":[""MQ8"",""MQ135"",""MQ3"",""MQ5"",""MQ4"",""MQ7"",""MQ6"",""MQ2""]},""alarmLatched"":false}"
2026-08-04 11:14:40.001 +07:00,438.882,HOT_SWEEP_70,70,700,300,1,0,0.119012818,0.004068319,0.004783274,-0.00261955,-0.009161578,-0.011619614,-0.019368827,-0.025266672,"{""deviceId"":""1001"",""nodeId"":4097,""targetChId"":""0010"",""mode"":""inference"",""uptimeMs"":6816336,""debugEnabled"":true,""power"":{""mode"":""24v"",""externalPower"":true,""batteryMv"":65535,""batteryValid"":false,""batteryDetected"":false,""batterySenseStatus"":""not_detected"",""batteryLow"":false,""batteryCritical"":false,""sourceAmbiguous"":false,""serviceHoldActive"":false,""serviceHoldEffective"":false},""batterySession"":{""state"":""inactive"",""startedMs"":0,""stateStartedMs"":0,""validSampleBatches"":0,""requiredSampleBatches"":10,""alarmTxAttempts"":0,""alarmTxAttemptLimit"":3,""alarmAckReceived"":false,""pendingAlarm"":false,""pendingSaveRequired"":false,""persistenceFaultHold"":false,""completionReason"":""session_done""},""bootHealth"":{""adsReady"":true,""adsDrdyLevel"":0,""adsDrdyPulldownLevel"":0,""adsDrdyPullupLevel"":0,""adsMisoPulldownLevel"":0,""adsMisoPullupLevel"":1,""adsCsLevel"":1,""adsSyncLevel"":1,""adsStatus"":54,""adsMux"":15,""adsAdcon"":6,""adsDrate"":240,""adsReason"":""ok"",""tcaOk"":true,""mcpOkCount"":8,""mcpOk"":[true,true,true,true,true,true,true,true],""mcpAddrMask"":[1,1,1,1,1,1,1,1],""mcpControlTested"":true,""mcpControlOkCount"":8,""mcpControlOk"":[true,true,true,true,true,true,true,true],""dacReady"":true,""radioReady"":true,""mlReady"":true,""nullingProfileApplied"":true,""modelProfileReady"":false},""runtimeMcpCode"":[255,519,795,706,799,865,665,139],""model"":{""profileId"":""cnn-dualbranch-datasheet-v1-unbound"",""scalerProfileId"":""cnn-dualbranch-datasheet-v1-unbound"",""productionApproved"":true,""boundNullingProfileId"":8,""activeNullingProfileId"":9,""bindingValid"":true,""bindingModelMatches"":true,""profileReady"":false,""inferenceValid"":false,""sensorFault"":true},""lora"":{""beginState"":0,""lastTxState"":0,""lastTxOk"":false,""txSeq"":0,""txCounter"":0,""aesKeyProvisioned"":true,""aesKeyPresent"":true,""aesKeySource"":""nvs"",""keyId"":1,""lastDownlinkCommandId"":0,""freqMHz"":920,""bwKHz"":125,""sf"":7,""cr"":5,""syncWord"":18,""txPowerDbm"":17,""preamble"":8,""tcxoVoltage"":1.600000024,""xtalVoltage"":0},""dataset"":{""state"":""idle"",""step"":""idle"",""label"":"""",""seq"":0,""targetSamples"":0,""sampleIntervalMs"":500,""maxDurationMs"":0,""useFanIntake"":true,""fanOnMs"":1000,""postFanSettleMs"":0,""nullingProfileId"":9,""queuePending"":0,""queueCapacity"":16,""queueEnqueued"":0,""queueDropped"":0,""publishFailCount"":0,""retryCount"":0,""retryFailCount"":0,""rejectedSamples"":0,""lastRejectReason"":""none"",""lastRejectChannel"":-1,""lastRejectOkFiniteCount"":0,""lastRejectStatus"":255,""lastRejectGain"":0,""lastRejectSaturated"":false},""recovery"":{""wifiReconnectCount"":0,""wifiReconnectFailCount"":0,""mqttReconnectCount"":0,""mqttConnectFailCount"":0,""lastMqttState"":0,""adsRecoveryCount"":0,""adsRecoveryFailCount"":0,""adsReadFailStreak"":0,""lastReason"":""none"",""lastRecoveryMs"":0,""bootRecoveryArmed"":false,""bootRecoveryDueMs"":0,""bootRecoveryReason"":""none"",""bootRecoveryNonAdsFailure"":false,""bootRecoveryRestartCount"":0},""nulling"":{""done"":false,""retryArmed"":false,""attemptCount"":0,""nextRetryMs"":0,""thresholdV"":9.999999747E-06,""minFinalV"":0},""telemetry"":{""valid"":true,""sampleMs"":6815965,""gasClass"":6,""gasName"":""CO2"",""confidence"":0,""alarm"":false,""sensorVoltage"":[0.119012818,0.004068319,0.004783274,-0.00261955,-0.009161578,-0.011619614,-0.019368827,-0.025266672],""sensorGain"":[32,64,64,64,64,64,64,64],""sensorStatus"":[0,0,0,0,0,0,0,0],""featureOrder"":[""MQ8"",""MQ135"",""MQ3"",""MQ5"",""MQ4"",""MQ7"",""MQ6"",""MQ2""]},""alarmLatched"":false}"
2026-08-04 11:14:40.688 +07:00,439.570,HOT_SWEEP_70,70,700,300,1,0,0.118539773,0.004038683,0.004781599,-0.002635349,-0.00916054,-0.01162979,-0.019406227,-0.025307715,"{""deviceId"":""1001"",""nodeId"":4097,""targetChId"":""0010"",""mode"":""inference"",""uptimeMs"":6817020,""debugEnabled"":true,""power"":{""mode"":""24v"",""externalPower"":true,""batteryMv"":65535,""batteryValid"":false,""batteryDetected"":false,""batterySenseStatus"":""not_detected"",""batteryLow"":false,""batteryCritical"":false,""sourceAmbiguous"":false,""serviceHoldActive"":false,""serviceHoldEffective"":false},""batterySession"":{""state"":""inactive"",""startedMs"":0,""stateStartedMs"":0,""validSampleBatches"":0,""requiredSampleBatches"":10,""alarmTxAttempts"":0,""alarmTxAttemptLimit"":3,""alarmAckReceived"":false,""pendingAlarm"":false,""pendingSaveRequired"":false,""persistenceFaultHold"":false,""completionReason"":""session_done""},""bootHealth"":{""adsReady"":true,""adsDrdyLevel"":0,""adsDrdyPulldownLevel"":0,""adsDrdyPullupLevel"":0,""adsMisoPulldownLevel"":0,""adsMisoPullupLevel"":1,""adsCsLevel"":1,""adsSyncLevel"":1,""adsStatus"":54,""adsMux"":15,""adsAdcon"":6,""adsDrate"":240,""adsReason"":""ok"",""tcaOk"":true,""mcpOkCount"":8,""mcpOk"":[true,true,true,true,true,true,true,true],""mcpAddrMask"":[1,1,1,1,1,1,1,1],""mcpControlTested"":true,""mcpControlOkCount"":8,""mcpControlOk"":[true,true,true,true,true,true,true,true],""dacReady"":true,""radioReady"":true,""mlReady"":true,""nullingProfileApplied"":true,""modelProfileReady"":false},""runtimeMcpCode"":[255,519,795,706,799,865,665,139],""model"":{""profileId"":""cnn-dualbranch-datasheet-v1-unbound"",""scalerProfileId"":""cnn-dualbranch-datasheet-v1-unbound"",""productionApproved"":true,""boundNullingProfileId"":8,""activeNullingProfileId"":9,""bindingValid"":true,""bindingModelMatches"":true,""profileReady"":false,""inferenceValid"":false,""sensorFault"":true},""lora"":{""beginState"":0,""lastTxState"":0,""lastTxOk"":false,""txSeq"":0,""txCounter"":0,""aesKeyProvisioned"":true,""aesKeyPresent"":true,""aesKeySource"":""nvs"",""keyId"":1,""lastDownlinkCommandId"":0,""freqMHz"":920,""bwKHz"":125,""sf"":7,""cr"":5,""syncWord"":18,""txPowerDbm"":17,""preamble"":8,""tcxoVoltage"":1.600000024,""xtalVoltage"":0},""dataset"":{""state"":""idle"",""step"":""idle"",""label"":"""",""seq"":0,""targetSamples"":0,""sampleIntervalMs"":500,""maxDurationMs"":0,""useFanIntake"":true,""fanOnMs"":1000,""postFanSettleMs"":0,""nullingProfileId"":9,""queuePending"":0,""queueCapacity"":16,""queueEnqueued"":0,""queueDropped"":0,""publishFailCount"":0,""retryCount"":0,""retryFailCount"":0,""rejectedSamples"":0,""lastRejectReason"":""none"",""lastRejectChannel"":-1,""lastRejectOkFiniteCount"":0,""lastRejectStatus"":255,""lastRejectGain"":0,""lastRejectSaturated"":false},""recovery"":{""wifiReconnectCount"":0,""wifiReconnectFailCount"":0,""mqttReconnectCount"":0,""mqttConnectFailCount"":0,""lastMqttState"":0,""adsRecoveryCount"":0,""adsRecoveryFailCount"":0,""adsReadFailStreak"":0,""lastReason"":""none"",""lastRecoveryMs"":0,""bootRecoveryArmed"":false,""bootRecoveryDueMs"":0,""bootRecoveryReason"":""none"",""bootRecoveryNonAdsFailure"":false,""bootRecoveryRestartCount"":0},""nulling"":{""done"":false,""retryArmed"":false,""attemptCount"":0,""nextRetryMs"":0,""thresholdV"":9.999999747E-06,""minFinalV"":0},""telemetry"":{""valid"":true,""sampleMs"":6816614,""gasClass"":6,""gasName"":""CO2"",""confidence"":0,""alarm"":false,""sensorVoltage"":[0.118539773,0.004038683,0.004781599,-0.002635349,-0.00916054,-0.01162979,-0.019406227,-0.025307715],""sensorGain"":[32,64,64,64,64,64,64,64],""sensorStatus"":[0,0,0,0,0,0,0,0],""featureOrder"":[""MQ8"",""MQ135"",""MQ3"",""MQ5"",""MQ4"",""MQ7"",""MQ6"",""MQ2""]},""alarmLatched"":false}"
2026-08-04 11:14:41.390 +07:00,440.270,HOT_SWEEP_70,70,700,300,1,0,0.119260326,0.003973111,0.004804464,-0.002631912,-0.009159297,-0.011572451,-0.019384088,-0.025380503,"{""deviceId"":""1001"",""nodeId"":4097,""targetChId"":""0010"",""mode"":""inference"",""uptimeMs"":6817719,""debugEnabled"":true,""power"":{""mode"":""24v"",""externalPower"":true,""batteryMv"":65535,""batteryValid"":false,""batteryDetected"":false,""batterySenseStatus"":""not_detected"",""batteryLow"":false,""batteryCritical"":false,""sourceAmbiguous"":false,""serviceHoldActive"":false,""serviceHoldEffective"":false},""batterySession"":{""state"":""inactive"",""startedMs"":0,""stateStartedMs"":0,""validSampleBatches"":0,""requiredSampleBatches"":10,""alarmTxAttempts"":0,""alarmTxAttemptLimit"":3,""alarmAckReceived"":false,""pendingAlarm"":false,""pendingSaveRequired"":false,""persistenceFaultHold"":false,""completionReason"":""session_done""},""bootHealth"":{""adsReady"":true,""adsDrdyLevel"":0,""adsDrdyPulldownLevel"":0,""adsDrdyPullupLevel"":0,""adsMisoPulldownLevel"":0,""adsMisoPullupLevel"":1,""adsCsLevel"":1,""adsSyncLevel"":1,""adsStatus"":54,""adsMux"":15,""adsAdcon"":6,""adsDrate"":240,""adsReason"":""ok"",""tcaOk"":true,""mcpOkCount"":8,""mcpOk"":[true,true,true,true,true,true,true,true],""mcpAddrMask"":[1,1,1,1,1,1,1,1],""mcpControlTested"":true,""mcpControlOkCount"":8,""mcpControlOk"":[true,true,true,true,true,true,true,true],""dacReady"":true,""radioReady"":true,""mlReady"":true,""nullingProfileApplied"":true,""modelProfileReady"":false},""runtimeMcpCode"":[255,519,795,706,799,865,665,139],""model"":{""profileId"":""cnn-dualbranch-datasheet-v1-unbound"",""scalerProfileId"":""cnn-dualbranch-datasheet-v1-unbound"",""productionApproved"":true,""boundNullingProfileId"":8,""activeNullingProfileId"":9,""bindingValid"":true,""bindingModelMatches"":true,""profileReady"":false,""inferenceValid"":false,""sensorFault"":true},""lora"":{""beginState"":0,""lastTxState"":0,""lastTxOk"":false,""txSeq"":0,""txCounter"":0,""aesKeyProvisioned"":true,""aesKeyPresent"":true,""aesKeySource"":""nvs"",""keyId"":1,""lastDownlinkCommandId"":0,""freqMHz"":920,""bwKHz"":125,""sf"":7,""cr"":5,""syncWord"":18,""txPowerDbm"":17,""preamble"":8,""tcxoVoltage"":1.600000024,""xtalVoltage"":0},""dataset"":{""state"":""idle"",""step"":""idle"",""label"":"""",""seq"":0,""targetSamples"":0,""sampleIntervalMs"":500,""maxDurationMs"":0,""useFanIntake"":true,""fanOnMs"":1000,""postFanSettleMs"":0,""nullingProfileId"":9,""queuePending"":0,""queueCapacity"":16,""queueEnqueued"":0,""queueDropped"":0,""publishFailCount"":0,""retryCount"":0,""retryFailCount"":0,""rejectedSamples"":0,""lastRejectReason"":""none"",""lastRejectChannel"":-1,""lastRejectOkFiniteCount"":0,""lastRejectStatus"":255,""lastRejectGain"":0,""lastRejectSaturated"":false},""recovery"":{""wifiReconnectCount"":0,""wifiReconnectFailCount"":0,""mqttReconnectCount"":0,""mqttConnectFailCount"":0,""lastMqttState"":0,""adsRecoveryCount"":0,""adsRecoveryFailCount"":0,""adsReadFailStreak"":0,""lastReason"":""none"",""lastRecoveryMs"":0,""bootRecoveryArmed"":false,""bootRecoveryDueMs"":0,""bootRecoveryReason"":""none"",""bootRecoveryNonAdsFailure"":false,""bootRecoveryRestartCount"":0},""nulling"":{""done"":false,""retryArmed"":false,""attemptCount"":0,""nextRetryMs"":0,""thresholdV"":9.999999747E-06,""minFinalV"":0},""telemetry"":{""valid"":true,""sampleMs"":6817298,""gasClass"":6,""gasName"":""CO2"",""confidence"":0,""alarm"":false,""sensorVoltage"":[0.119260326,0.003973111,0.004804464,-0.002631912,-0.009159297,-0.011572451,-0.019384088,-0.025380503],""sensorGain"":[32,64,64,64,64,64,64,64],""sensorStatus"":[0,0,0,0,0,0,0,0],""featureOrder"":[""MQ8"",""MQ135"",""MQ3"",""MQ5"",""MQ4"",""MQ7"",""MQ6"",""MQ2""]},""alarmLatched"":false}"
2026-08-04 11:14:42.092 +07:00,440.971,HOT_SWEEP_70,70,700,300,1,0,0.119088605,0.003967771,0.0048028,-0.002588223,-0.009151983,-0.011647237,-0.019396931,-0.025322437,"{""deviceId"":""1001"",""nodeId"":4097,""targetChId"":""0010"",""mode"":""inference"",""uptimeMs"":6818421,""debugEnabled"":true,""power"":{""mode"":""24v"",""externalPower"":true,""batteryMv"":65535,""batteryValid"":false,""batteryDetected"":false,""batterySenseStatus"":""not_detected"",""batteryLow"":false,""batteryCritical"":false,""sourceAmbiguous"":false,""serviceHoldActive"":false,""serviceHoldEffective"":false},""batterySession"":{""state"":""inactive"",""startedMs"":0,""stateStartedMs"":0,""validSampleBatches"":0,""requiredSampleBatches"":10,""alarmTxAttempts"":0,""alarmTxAttemptLimit"":3,""alarmAckReceived"":false,""pendingAlarm"":false,""pendingSaveRequired"":false,""persistenceFaultHold"":false,""completionReason"":""session_done""},""bootHealth"":{""adsReady"":true,""adsDrdyLevel"":0,""adsDrdyPulldownLevel"":0,""adsDrdyPullupLevel"":0,""adsMisoPulldownLevel"":0,""adsMisoPullupLevel"":1,""adsCsLevel"":1,""adsSyncLevel"":1,""adsStatus"":54,""adsMux"":15,""adsAdcon"":6,""adsDrate"":240,""adsReason"":""ok"",""tcaOk"":true,""mcpOkCount"":8,""mcpOk"":[true,true,true,true,true,true,true,true],""mcpAddrMask"":[1,1,1,1,1,1,1,1],""mcpControlTested"":true,""mcpControlOkCount"":8,""mcpControlOk"":[true,true,true,true,true,true,true,true],""dacReady"":true,""radioReady"":true,""mlReady"":true,""nullingProfileApplied"":true,""modelProfileReady"":false},""runtimeMcpCode"":[255,519,795,706,799,865,665,139],""model"":{""profileId"":""cnn-dualbranch-datasheet-v1-unbound"",""scalerProfileId"":""cnn-dualbranch-datasheet-v1-unbound"",""productionApproved"":true,""boundNullingProfileId"":8,""activeNullingProfileId"":9,""bindingValid"":true,""bindingModelMatches"":true,""profileReady"":false,""inferenceValid"":false,""sensorFault"":true},""lora"":{""beginState"":0,""lastTxState"":0,""lastTxOk"":false,""txSeq"":0,""txCounter"":0,""aesKeyProvisioned"":true,""aesKeyPresent"":true,""aesKeySource"":""nvs"",""keyId"":1,""lastDownlinkCommandId"":0,""freqMHz"":920,""bwKHz"":125,""sf"":7,""cr"":5,""syncWord"":18,""txPowerDbm"":17,""preamble"":8,""tcxoVoltage"":1.600000024,""xtalVoltage"":0},""dataset"":{""state"":""idle"",""step"":""idle"",""label"":"""",""seq"":0,""targetSamples"":0,""sampleIntervalMs"":500,""maxDurationMs"":0,""useFanIntake"":true,""fanOnMs"":1000,""postFanSettleMs"":0,""nullingProfileId"":9,""queuePending"":0,""queueCapacity"":16,""queueEnqueued"":0,""queueDropped"":0,""publishFailCount"":0,""retryCount"":0,""retryFailCount"":0,""rejectedSamples"":0,""lastRejectReason"":""none"",""lastRejectChannel"":-1,""lastRejectOkFiniteCount"":0,""lastRejectStatus"":255,""lastRejectGain"":0,""lastRejectSaturated"":false},""recovery"":{""wifiReconnectCount"":0,""wifiReconnectFailCount"":0,""mqttReconnectCount"":0,""mqttConnectFailCount"":0,""lastMqttState"":0,""adsRecoveryCount"":0,""adsRecoveryFailCount"":0,""adsReadFailStreak"":0,""lastReason"":""none"",""lastRecoveryMs"":0,""bootRecoveryArmed"":false,""bootRecoveryDueMs"":0,""bootRecoveryReason"":""none"",""bootRecoveryNonAdsFailure"":false,""bootRecoveryRestartCount"":0},""nulling"":{""done"":false,""retryArmed"":false,""attemptCount"":0,""nextRetryMs"":0,""thresholdV"":9.999999747E-06,""minFinalV"":0},""telemetry"":{""valid"":true,""sampleMs"":6818029,""gasClass"":6,""gasName"":""CO2"",""confidence"":0,""alarm"":false,""sensorVoltage"":[0.119088605,0.003967771,0.0048028,-0.002588223,-0.009151983,-0.011647237,-0.019396931,-0.025322437],""sensorGain"":[32,64,64,64,64,64,64,64],""sensorStatus"":[0,0,0,0,0,0,0,0],""featureOrder"":[""MQ8"",""MQ135"",""MQ3"",""MQ5"",""MQ4"",""MQ7"",""MQ6"",""MQ2""]},""alarmLatched"":false}"
2026-08-04 11:14:42.769 +07:00,441.648,HOT_SWEEP_70,70,700,300,1,0,0.118606649,0.003963655,0.004807448,-0.002508999,-0.009114405,-0.011703447,-0.019414036,-0.025358399,"{""deviceId"":""1001"",""nodeId"":4097,""targetChId"":""0010"",""mode"":""inference"",""uptimeMs"":6819098,""debugEnabled"":true,""power"":{""mode"":""24v"",""externalPower"":true,""batteryMv"":65535,""batteryValid"":false,""batteryDetected"":false,""batterySenseStatus"":""not_detected"",""batteryLow"":false,""batteryCritical"":false,""sourceAmbiguous"":false,""serviceHoldActive"":false,""serviceHoldEffective"":false},""batterySession"":{""state"":""inactive"",""startedMs"":0,""stateStartedMs"":0,""validSampleBatches"":0,""requiredSampleBatches"":10,""alarmTxAttempts"":0,""alarmTxAttemptLimit"":3,""alarmAckReceived"":false,""pendingAlarm"":false,""pendingSaveRequired"":false,""persistenceFaultHold"":false,""completionReason"":""session_done""},""bootHealth"":{""adsReady"":true,""adsDrdyLevel"":0,""adsDrdyPulldownLevel"":0,""adsDrdyPullupLevel"":0,""adsMisoPulldownLevel"":0,""adsMisoPullupLevel"":1,""adsCsLevel"":1,""adsSyncLevel"":1,""adsStatus"":54,""adsMux"":15,""adsAdcon"":6,""adsDrate"":240,""adsReason"":""ok"",""tcaOk"":true,""mcpOkCount"":8,""mcpOk"":[true,true,true,true,true,true,true,true],""mcpAddrMask"":[1,1,1,1,1,1,1,1],""mcpControlTested"":true,""mcpControlOkCount"":8,""mcpControlOk"":[true,true,true,true,true,true,true,true],""dacReady"":true,""radioReady"":true,""mlReady"":true,""nullingProfileApplied"":true,""modelProfileReady"":false},""runtimeMcpCode"":[255,519,795,706,799,865,665,139],""model"":{""profileId"":""cnn-dualbranch-datasheet-v1-unbound"",""scalerProfileId"":""cnn-dualbranch-datasheet-v1-unbound"",""productionApproved"":true,""boundNullingProfileId"":8,""activeNullingProfileId"":9,""bindingValid"":true,""bindingModelMatches"":true,""profileReady"":false,""inferenceValid"":false,""sensorFault"":true},""lora"":{""beginState"":0,""lastTxState"":0,""lastTxOk"":false,""txSeq"":0,""txCounter"":0,""aesKeyProvisioned"":true,""aesKeyPresent"":true,""aesKeySource"":""nvs"",""keyId"":1,""lastDownlinkCommandId"":0,""freqMHz"":920,""bwKHz"":125,""sf"":7,""cr"":5,""syncWord"":18,""txPowerDbm"":17,""preamble"":8,""tcxoVoltage"":1.600000024,""xtalVoltage"":0},""dataset"":{""state"":""idle"",""step"":""idle"",""label"":"""",""seq"":0,""targetSamples"":0,""sampleIntervalMs"":500,""maxDurationMs"":0,""useFanIntake"":true,""fanOnMs"":1000,""postFanSettleMs"":0,""nullingProfileId"":9,""queuePending"":0,""queueCapacity"":16,""queueEnqueued"":0,""queueDropped"":0,""publishFailCount"":0,""retryCount"":0,""retryFailCount"":0,""rejectedSamples"":0,""lastRejectReason"":""none"",""lastRejectChannel"":-1,""lastRejectOkFiniteCount"":0,""lastRejectStatus"":255,""lastRejectGain"":0,""lastRejectSaturated"":false},""recovery"":{""wifiReconnectCount"":0,""wifiReconnectFailCount"":0,""mqttReconnectCount"":0,""mqttConnectFailCount"":0,""lastMqttState"":0,""adsRecoveryCount"":0,""adsRecoveryFailCount"":0,""adsReadFailStreak"":0,""lastReason"":""none"",""lastRecoveryMs"":0,""bootRecoveryArmed"":false,""bootRecoveryDueMs"":0,""bootRecoveryReason"":""none"",""bootRecoveryNonAdsFailure"":false,""bootRecoveryRestartCount"":0},""nulling"":{""done"":false,""retryArmed"":false,""attemptCount"":0,""nextRetryMs"":0,""thresholdV"":9.999999747E-06,""minFinalV"":0},""telemetry"":{""valid"":true,""sampleMs"":6818699,""gasClass"":6,""gasName"":""CO2"",""confidence"":0,""alarm"":false,""sensorVoltage"":[0.118606649,0.003963655,0.004807448,-0.002508999,-0.009114405,-0.011703447,-0.019414036,-0.025358399],""sensorGain"":[32,64,64,64,64,64,64,64],""sensorStatus"":[0,0,0,0,0,0,0,0],""featureOrder"":[""MQ8"",""MQ135"",""MQ3"",""MQ5"",""MQ4"",""MQ7"",""MQ6"",""MQ2""]},""alarmLatched"":false}"
2026-08-04 11:14:43.459 +07:00,442.338,HOT_SWEEP_70,70,700,300,1,0,0.118939325,0.003952608,0.004815871,-0.002494521,-0.009117501,-0.011712598,-0.019415868,-0.025414426,"{""deviceId"":""1001"",""nodeId"":4097,""targetChId"":""0010"",""mode"":""inference"",""uptimeMs"":6819787,""debugEnabled"":true,""power"":{""mode"":""24v"",""externalPower"":true,""batteryMv"":65535,""batteryValid"":false,""batteryDetected"":false,""batterySenseStatus"":""not_detected"",""batteryLow"":false,""batteryCritical"":false,""sourceAmbiguous"":false,""serviceHoldActive"":false,""serviceHoldEffective"":false},""batterySession"":{""state"":""inactive"",""startedMs"":0,""stateStartedMs"":0,""validSampleBatches"":0,""requiredSampleBatches"":10,""alarmTxAttempts"":0,""alarmTxAttemptLimit"":3,""alarmAckReceived"":false,""pendingAlarm"":false,""pendingSaveRequired"":false,""persistenceFaultHold"":false,""completionReason"":""session_done""},""bootHealth"":{""adsReady"":true,""adsDrdyLevel"":0,""adsDrdyPulldownLevel"":0,""adsDrdyPullupLevel"":0,""adsMisoPulldownLevel"":0,""adsMisoPullupLevel"":1,""adsCsLevel"":1,""adsSyncLevel"":1,""adsStatus"":54,""adsMux"":15,""adsAdcon"":6,""adsDrate"":240,""adsReason"":""ok"",""tcaOk"":true,""mcpOkCount"":8,""mcpOk"":[true,true,true,true,true,true,true,true],""mcpAddrMask"":[1,1,1,1,1,1,1,1],""mcpControlTested"":true,""mcpControlOkCount"":8,""mcpControlOk"":[true,true,true,true,true,true,true,true],""dacReady"":true,""radioReady"":true,""mlReady"":true,""nullingProfileApplied"":true,""modelProfileReady"":false},""runtimeMcpCode"":[255,519,795,706,799,865,665,139],""model"":{""profileId"":""cnn-dualbranch-datasheet-v1-unbound"",""scalerProfileId"":""cnn-dualbranch-datasheet-v1-unbound"",""productionApproved"":true,""boundNullingProfileId"":8,""activeNullingProfileId"":9,""bindingValid"":true,""bindingModelMatches"":true,""profileReady"":false,""inferenceValid"":false,""sensorFault"":true},""lora"":{""beginState"":0,""lastTxState"":0,""lastTxOk"":false,""txSeq"":0,""txCounter"":0,""aesKeyProvisioned"":true,""aesKeyPresent"":true,""aesKeySource"":""nvs"",""keyId"":1,""lastDownlinkCommandId"":0,""freqMHz"":920,""bwKHz"":125,""sf"":7,""cr"":5,""syncWord"":18,""txPowerDbm"":17,""preamble"":8,""tcxoVoltage"":1.600000024,""xtalVoltage"":0},""dataset"":{""state"":""idle"",""step"":""idle"",""label"":"""",""seq"":0,""targetSamples"":0,""sampleIntervalMs"":500,""maxDurationMs"":0,""useFanIntake"":true,""fanOnMs"":1000,""postFanSettleMs"":0,""nullingProfileId"":9,""queuePending"":0,""queueCapacity"":16,""queueEnqueued"":0,""queueDropped"":0,""publishFailCount"":0,""retryCount"":0,""retryFailCount"":0,""rejectedSamples"":0,""lastRejectReason"":""none"",""lastRejectChannel"":-1,""lastRejectOkFiniteCount"":0,""lastRejectStatus"":255,""lastRejectGain"":0,""lastRejectSaturated"":false},""recovery"":{""wifiReconnectCount"":0,""wifiReconnectFailCount"":0,""mqttReconnectCount"":0,""mqttConnectFailCount"":0,""lastMqttState"":0,""adsRecoveryCount"":0,""adsRecoveryFailCount"":0,""adsReadFailStreak"":0,""lastReason"":""none"",""lastRecoveryMs"":0,""bootRecoveryArmed"":false,""bootRecoveryDueMs"":0,""bootRecoveryReason"":""none"",""bootRecoveryNonAdsFailure"":false,""bootRecoveryRestartCount"":0},""nulling"":{""done"":false,""retryArmed"":false,""attemptCount"":0,""nextRetryMs"":0,""thresholdV"":9.999999747E-06,""minFinalV"":0},""telemetry"":{""valid"":true,""sampleMs"":6819376,""gasClass"":6,""gasName"":""CO2"",""confidence"":0,""alarm"":false,""sensorVoltage"":[0.118939325,0.003952608,0.004815871,-0.002494521,-0.009117501,-0.011712598,-0.019415868,-0.025414426],""sensorGain"":[32,64,64,64,64,64,64,64],""sensorStatus"":[0,0,0,0,0,0,0,0],""featureOrder"":[""MQ8"",""MQ135"",""MQ3"",""MQ5"",""MQ4"",""MQ7"",""MQ6"",""MQ2""]},""alarmLatched"":false}"
2026-08-04 11:14:44.156 +07:00,443.031,HOT_SWEEP_70,70,700,300,1,0,0.119428918,0.003942638,0.004835736,-0.002374319,-0.009077901,-0.011702368,-0.019420769,-0.024949286,"{""deviceId"":""1001"",""nodeId"":4097,""targetChId"":""0010"",""mode"":""inference"",""uptimeMs"":6820485,""debugEnabled"":true,""power"":{""mode"":""24v"",""externalPower"":true,""batteryMv"":65535,""batteryValid"":false,""batteryDetected"":false,""batterySenseStatus"":""not_detected"",""batteryLow"":false,""batteryCritical"":false,""sourceAmbiguous"":false,""serviceHoldActive"":false,""serviceHoldEffective"":false},""batterySession"":{""state"":""inactive"",""startedMs"":0,""stateStartedMs"":0,""validSampleBatches"":0,""requiredSampleBatches"":10,""alarmTxAttempts"":0,""alarmTxAttemptLimit"":3,""alarmAckReceived"":false,""pendingAlarm"":false,""pendingSaveRequired"":false,""persistenceFaultHold"":false,""completionReason"":""session_done""},""bootHealth"":{""adsReady"":true,""adsDrdyLevel"":0,""adsDrdyPulldownLevel"":0,""adsDrdyPullupLevel"":0,""adsMisoPulldownLevel"":0,""adsMisoPullupLevel"":1,""adsCsLevel"":1,""adsSyncLevel"":1,""adsStatus"":54,""adsMux"":15,""adsAdcon"":6,""adsDrate"":240,""adsReason"":""ok"",""tcaOk"":true,""mcpOkCount"":8,""mcpOk"":[true,true,true,true,true,true,true,true],""mcpAddrMask"":[1,1,1,1,1,1,1,1],""mcpControlTested"":true,""mcpControlOkCount"":8,""mcpControlOk"":[true,true,true,true,true,true,true,true],""dacReady"":true,""radioReady"":true,""mlReady"":true,""nullingProfileApplied"":true,""modelProfileReady"":false},""runtimeMcpCode"":[255,519,795,706,799,865,665,139],""model"":{""profileId"":""cnn-dualbranch-datasheet-v1-unbound"",""scalerProfileId"":""cnn-dualbranch-datasheet-v1-unbound"",""productionApproved"":true,""boundNullingProfileId"":8,""activeNullingProfileId"":9,""bindingValid"":true,""bindingModelMatches"":true,""profileReady"":false,""inferenceValid"":false,""sensorFault"":true},""lora"":{""beginState"":0,""lastTxState"":0,""lastTxOk"":false,""txSeq"":0,""txCounter"":0,""aesKeyProvisioned"":true,""aesKeyPresent"":true,""aesKeySource"":""nvs"",""keyId"":1,""lastDownlinkCommandId"":0,""freqMHz"":920,""bwKHz"":125,""sf"":7,""cr"":5,""syncWord"":18,""txPowerDbm"":17,""preamble"":8,""tcxoVoltage"":1.600000024,""xtalVoltage"":0},""dataset"":{""state"":""idle"",""step"":""idle"",""label"":"""",""seq"":0,""targetSamples"":0,""sampleIntervalMs"":500,""maxDurationMs"":0,""useFanIntake"":true,""fanOnMs"":1000,""postFanSettleMs"":0,""nullingProfileId"":9,""queuePending"":0,""queueCapacity"":16,""queueEnqueued"":0,""queueDropped"":0,""publishFailCount"":0,""retryCount"":0,""retryFailCount"":0,""rejectedSamples"":0,""lastRejectReason"":""none"",""lastRejectChannel"":-1,""lastRejectOkFiniteCount"":0,""lastRejectStatus"":255,""lastRejectGain"":0,""lastRejectSaturated"":false},""recovery"":{""wifiReconnectCount"":0,""wifiReconnectFailCount"":0,""mqttReconnectCount"":0,""mqttConnectFailCount"":0,""lastMqttState"":0,""adsRecoveryCount"":0,""adsRecoveryFailCount"":0,""adsReadFailStreak"":0,""lastReason"":""none"",""lastRecoveryMs"":0,""bootRecoveryArmed"":false,""bootRecoveryDueMs"":0,""bootRecoveryReason"":""none"",""bootRecoveryNonAdsFailure"":false,""bootRecoveryRestartCount"":0},""nulling"":{""done"":false,""retryArmed"":false,""attemptCount"":0,""nextRetryMs"":0,""thresholdV"":9.999999747E-06,""minFinalV"":0},""telemetry"":{""valid"":true,""sampleMs"":6820097,""gasClass"":6,""gasName"":""CO2"",""confidence"":0,""alarm"":false,""sensorVoltage"":[0.119428918,0.003942638,0.004835736,-0.002374319,-0.009077901,-0.011702368,-0.019420769,-0.024949286],""sensorGain"":[32,64,64,64,64,64,64,64],""sensorStatus"":[0,0,0,0,0,0,0,0],""featureOrder"":[""MQ8"",""MQ135"",""MQ3"",""MQ5"",""MQ4"",""MQ7"",""MQ6"",""MQ2""]},""alarmLatched"":false}"
2026-08-04 11:14:44.840 +07:00,443.716,HOT_SWEEP_70,70,700,300,1,0,0.118941411,0.003953063,0.004880441,-0.002367503,-0.009095911,-0.01169165,-0.019506339,-0.025425512,"{""deviceId"":""1001"",""nodeId"":4097,""targetChId"":""0010"",""mode"":""inference"",""uptimeMs"":6821169,""debugEnabled"":true,""power"":{""mode"":""24v"",""externalPower"":true,""batteryMv"":65535,""batteryValid"":false,""batteryDetected"":false,""batterySenseStatus"":""not_detected"",""batteryLow"":false,""batteryCritical"":false,""sourceAmbiguous"":false,""serviceHoldActive"":false,""serviceHoldEffective"":false},""batterySession"":{""state"":""inactive"",""startedMs"":0,""stateStartedMs"":0,""validSampleBatches"":0,""requiredSampleBatches"":10,""alarmTxAttempts"":0,""alarmTxAttemptLimit"":3,""alarmAckReceived"":false,""pendingAlarm"":false,""pendingSaveRequired"":false,""persistenceFaultHold"":false,""completionReason"":""session_done""},""bootHealth"":{""adsReady"":true,""adsDrdyLevel"":0,""adsDrdyPulldownLevel"":0,""adsDrdyPullupLevel"":0,""adsMisoPulldownLevel"":0,""adsMisoPullupLevel"":1,""adsCsLevel"":1,""adsSyncLevel"":1,""adsStatus"":54,""adsMux"":15,""adsAdcon"":6,""adsDrate"":240,""adsReason"":""ok"",""tcaOk"":true,""mcpOkCount"":8,""mcpOk"":[true,true,true,true,true,true,true,true],""mcpAddrMask"":[1,1,1,1,1,1,1,1],""mcpControlTested"":true,""mcpControlOkCount"":8,""mcpControlOk"":[true,true,true,true,true,true,true,true],""dacReady"":true,""radioReady"":true,""mlReady"":true,""nullingProfileApplied"":true,""modelProfileReady"":false},""runtimeMcpCode"":[255,519,795,706,799,865,665,139],""model"":{""profileId"":""cnn-dualbranch-datasheet-v1-unbound"",""scalerProfileId"":""cnn-dualbranch-datasheet-v1-unbound"",""productionApproved"":true,""boundNullingProfileId"":8,""activeNullingProfileId"":9,""bindingValid"":true,""bindingModelMatches"":true,""profileReady"":false,""inferenceValid"":false,""sensorFault"":true},""lora"":{""beginState"":0,""lastTxState"":0,""lastTxOk"":false,""txSeq"":0,""txCounter"":0,""aesKeyProvisioned"":true,""aesKeyPresent"":true,""aesKeySource"":""nvs"",""keyId"":1,""lastDownlinkCommandId"":0,""freqMHz"":920,""bwKHz"":125,""sf"":7,""cr"":5,""syncWord"":18,""txPowerDbm"":17,""preamble"":8,""tcxoVoltage"":1.600000024,""xtalVoltage"":0},""dataset"":{""state"":""idle"",""step"":""idle"",""label"":"""",""seq"":0,""targetSamples"":0,""sampleIntervalMs"":500,""maxDurationMs"":0,""useFanIntake"":true,""fanOnMs"":1000,""postFanSettleMs"":0,""nullingProfileId"":9,""queuePending"":0,""queueCapacity"":16,""queueEnqueued"":0,""queueDropped"":0,""publishFailCount"":0,""retryCount"":0,""retryFailCount"":0,""rejectedSamples"":0,""lastRejectReason"":""none"",""lastRejectChannel"":-1,""lastRejectOkFiniteCount"":0,""lastRejectStatus"":255,""lastRejectGain"":0,""lastRejectSaturated"":false},""recovery"":{""wifiReconnectCount"":0,""wifiReconnectFailCount"":0,""mqttReconnectCount"":0,""mqttConnectFailCount"":0,""lastMqttState"":0,""adsRecoveryCount"":0,""adsRecoveryFailCount"":0,""adsReadFailStreak"":0,""lastReason"":""none"",""lastRecoveryMs"":0,""bootRecoveryArmed"":false,""bootRecoveryDueMs"":0,""bootRecoveryReason"":""none"",""bootRecoveryNonAdsFailure"":false,""bootRecoveryRestartCount"":0},""nulling"":{""done"":false,""retryArmed"":false,""attemptCount"":0,""nextRetryMs"":0,""thresholdV"":9.999999747E-06,""minFinalV"":0},""telemetry"":{""valid"":true,""sampleMs"":6820768,""gasClass"":6,""gasName"":""CO2"",""confidence"":0,""alarm"":false,""sensorVoltage"":[0.118941411,0.003953063,0.004880441,-0.002367503,-0.009095911,-0.01169165,-0.019506339,-0.025425512],""sensorGain"":[32,64,64,64,64,64,64,64],""sensorStatus"":[0,0,0,0,0,0,0,0],""featureOrder"":[""MQ8"",""MQ135"",""MQ3"",""MQ5"",""MQ4"",""MQ7"",""MQ6"",""MQ2""]},""alarmLatched"":false}"
2026-08-04 11:14:45.518 +07:00,444.399,HOT_SWEEP_70,70,700,300,1,0,0.118847132,0.003957218,0.004836369,-0.002350055,-0.009126056,-0.011706006,-0.019554278,-0.025383383,"{""deviceId"":""1001"",""nodeId"":4097,""targetChId"":""0010"",""mode"":""inference"",""uptimeMs"":6821852,""debugEnabled"":true,""power"":{""mode"":""24v"",""externalPower"":true,""batteryMv"":65535,""batteryValid"":false,""batteryDetected"":false,""batterySenseStatus"":""not_detected"",""batteryLow"":false,""batteryCritical"":false,""sourceAmbiguous"":false,""serviceHoldActive"":false,""serviceHoldEffective"":false},""batterySession"":{""state"":""inactive"",""startedMs"":0,""stateStartedMs"":0,""validSampleBatches"":0,""requiredSampleBatches"":10,""alarmTxAttempts"":0,""alarmTxAttemptLimit"":3,""alarmAckReceived"":false,""pendingAlarm"":false,""pendingSaveRequired"":false,""persistenceFaultHold"":false,""completionReason"":""session_done""},""bootHealth"":{""adsReady"":true,""adsDrdyLevel"":0,""adsDrdyPulldownLevel"":0,""adsDrdyPullupLevel"":0,""adsMisoPulldownLevel"":0,""adsMisoPullupLevel"":1,""adsCsLevel"":1,""adsSyncLevel"":1,""adsStatus"":54,""adsMux"":15,""adsAdcon"":6,""adsDrate"":240,""adsReason"":""ok"",""tcaOk"":true,""mcpOkCount"":8,""mcpOk"":[true,true,true,true,true,true,true,true],""mcpAddrMask"":[1,1,1,1,1,1,1,1],""mcpControlTested"":true,""mcpControlOkCount"":8,""mcpControlOk"":[true,true,true,true,true,true,true,true],""dacReady"":true,""radioReady"":true,""mlReady"":true,""nullingProfileApplied"":true,""modelProfileReady"":false},""runtimeMcpCode"":[255,519,795,706,799,865,665,139],""model"":{""profileId"":""cnn-dualbranch-datasheet-v1-unbound"",""scalerProfileId"":""cnn-dualbranch-datasheet-v1-unbound"",""productionApproved"":true,""boundNullingProfileId"":8,""activeNullingProfileId"":9,""bindingValid"":true,""bindingModelMatches"":true,""profileReady"":false,""inferenceValid"":false,""sensorFault"":true},""lora"":{""beginState"":0,""lastTxState"":0,""lastTxOk"":false,""txSeq"":0,""txCounter"":0,""aesKeyProvisioned"":true,""aesKeyPresent"":true,""aesKeySource"":""nvs"",""keyId"":1,""lastDownlinkCommandId"":0,""freqMHz"":920,""bwKHz"":125,""sf"":7,""cr"":5,""syncWord"":18,""txPowerDbm"":17,""preamble"":8,""tcxoVoltage"":1.600000024,""xtalVoltage"":0},""dataset"":{""state"":""idle"",""step"":""idle"",""label"":"""",""seq"":0,""targetSamples"":0,""sampleIntervalMs"":500,""maxDurationMs"":0,""useFanIntake"":true,""fanOnMs"":1000,""postFanSettleMs"":0,""nullingProfileId"":9,""queuePending"":0,""queueCapacity"":16,""queueEnqueued"":0,""queueDropped"":0,""publishFailCount"":0,""retryCount"":0,""retryFailCount"":0,""rejectedSamples"":0,""lastRejectReason"":""none"",""lastRejectChannel"":-1,""lastRejectOkFiniteCount"":0,""lastRejectStatus"":255,""lastRejectGain"":0,""lastRejectSaturated"":false},""recovery"":{""wifiReconnectCount"":0,""wifiReconnectFailCount"":0,""mqttReconnectCount"":0,""mqttConnectFailCount"":0,""lastMqttState"":0,""adsRecoveryCount"":0,""adsRecoveryFailCount"":0,""adsReadFailStreak"":0,""lastReason"":""none"",""lastRecoveryMs"":0,""bootRecoveryArmed"":false,""bootRecoveryDueMs"":0,""bootRecoveryReason"":""none"",""bootRecoveryNonAdsFailure"":false,""bootRecoveryRestartCount"":0},""nulling"":{""done"":false,""retryArmed"":false,""attemptCount"":0,""nextRetryMs"":0,""thresholdV"":9.999999747E-06,""minFinalV"":0},""telemetry"":{""valid"":true,""sampleMs"":6821447,""gasClass"":6,""gasName"":""CO2"",""confidence"":0,""alarm"":false,""sensorVoltage"":[0.118847132,0.003957218,0.004836369,-0.002350055,-0.009126056,-0.011706006,-0.019554278,-0.025383383],""sensorGain"":[32,64,64,64,64,64,64,64],""sensorStatus"":[0,0,0,0,0,0,0,0],""featureOrder"":[""MQ8"",""MQ135"",""MQ3"",""MQ5"",""MQ4"",""MQ7"",""MQ6"",""MQ2""]},""alarmLatched"":false}"
2026-08-04 11:14:46.207 +07:00,445.088,HOT_SWEEP_70,70,700,300,1,0,0.119319558,0.003870495,0.004829012,-0.002334182,-0.009138353,-0.011415018,-0.019199885,-0.024976026,"{""deviceId"":""1001"",""nodeId"":4097,""targetChId"":""0010"",""mode"":""inference"",""uptimeMs"":6822537,""debugEnabled"":true,""power"":{""mode"":""24v"",""externalPower"":true,""batteryMv"":65535,""batteryValid"":false,""batteryDetected"":false,""batterySenseStatus"":""not_detected"",""batteryLow"":false,""batteryCritical"":false,""sourceAmbiguous"":false,""serviceHoldActive"":false,""serviceHoldEffective"":false},""batterySession"":{""state"":""inactive"",""startedMs"":0,""stateStartedMs"":0,""validSampleBatches"":0,""requiredSampleBatches"":10,""alarmTxAttempts"":0,""alarmTxAttemptLimit"":3,""alarmAckReceived"":false,""pendingAlarm"":false,""pendingSaveRequired"":false,""persistenceFaultHold"":false,""completionReason"":""session_done""},""bootHealth"":{""adsReady"":true,""adsDrdyLevel"":0,""adsDrdyPulldownLevel"":0,""adsDrdyPullupLevel"":0,""adsMisoPulldownLevel"":0,""adsMisoPullupLevel"":1,""adsCsLevel"":1,""adsSyncLevel"":1,""adsStatus"":54,""adsMux"":15,""adsAdcon"":6,""adsDrate"":240,""adsReason"":""ok"",""tcaOk"":true,""mcpOkCount"":8,""mcpOk"":[true,true,true,true,true,true,true,true],""mcpAddrMask"":[1,1,1,1,1,1,1,1],""mcpControlTested"":true,""mcpControlOkCount"":8,""mcpControlOk"":[true,true,true,true,true,true,true,true],""dacReady"":true,""radioReady"":true,""mlReady"":true,""nullingProfileApplied"":true,""modelProfileReady"":false},""runtimeMcpCode"":[255,519,795,706,799,865,665,139],""model"":{""profileId"":""cnn-dualbranch-datasheet-v1-unbound"",""scalerProfileId"":""cnn-dualbranch-datasheet-v1-unbound"",""productionApproved"":true,""boundNullingProfileId"":8,""activeNullingProfileId"":9,""bindingValid"":true,""bindingModelMatches"":true,""profileReady"":false,""inferenceValid"":false,""sensorFault"":true},""lora"":{""beginState"":0,""lastTxState"":0,""lastTxOk"":false,""txSeq"":0,""txCounter"":0,""aesKeyProvisioned"":true,""aesKeyPresent"":true,""aesKeySource"":""nvs"",""keyId"":1,""lastDownlinkCommandId"":0,""freqMHz"":920,""bwKHz"":125,""sf"":7,""cr"":5,""syncWord"":18,""txPowerDbm"":17,""preamble"":8,""tcxoVoltage"":1.600000024,""xtalVoltage"":0},""dataset"":{""state"":""idle"",""step"":""idle"",""label"":"""",""seq"":0,""targetSamples"":0,""sampleIntervalMs"":500,""maxDurationMs"":0,""useFanIntake"":true,""fanOnMs"":1000,""postFanSettleMs"":0,""nullingProfileId"":9,""queuePending"":0,""queueCapacity"":16,""queueEnqueued"":0,""queueDropped"":0,""publishFailCount"":0,""retryCount"":0,""retryFailCount"":0,""rejectedSamples"":0,""lastRejectReason"":""none"",""lastRejectChannel"":-1,""lastRejectOkFiniteCount"":0,""lastRejectStatus"":255,""lastRejectGain"":0,""lastRejectSaturated"":false},""recovery"":{""wifiReconnectCount"":0,""wifiReconnectFailCount"":0,""mqttReconnectCount"":0,""mqttConnectFailCount"":0,""lastMqttState"":0,""adsRecoveryCount"":0,""adsRecoveryFailCount"":0,""adsReadFailStreak"":0,""lastReason"":""none"",""lastRecoveryMs"":0,""bootRecoveryArmed"":false,""bootRecoveryDueMs"":0,""bootRecoveryReason"":""none"",""bootRecoveryNonAdsFailure"":false,""bootRecoveryRestartCount"":0},""nulling"":{""done"":false,""retryArmed"":false,""attemptCount"":0,""nextRetryMs"":0,""thresholdV"":9.999999747E-06,""minFinalV"":0},""telemetry"":{""valid"":true,""sampleMs"":6822162,""gasClass"":6,""gasName"":""CO2"",""confidence"":0,""alarm"":false,""sensorVoltage"":[0.119319558,0.003870495,0.004829012,-0.002334182,-0.009138353,-0.011415018,-0.019199885,-0.024976026],""sensorGain"":[32,64,64,64,64,64,64,64],""sensorStatus"":[0,0,0,0,0,0,0,0],""featureOrder"":[""MQ8"",""MQ135"",""MQ3"",""MQ5"",""MQ4"",""MQ7"",""MQ6"",""MQ2""]},""alarmLatched"":false}"
2026-08-04 11:14:46.904 +07:00,445.784,HOT_SWEEP_70,70,700,300,1,0,0.1188794,0.003887884,0.004894424,-0.00238111,-0.009367459,-0.011621124,-0.019606343,-0.025564414,"{""deviceId"":""1001"",""nodeId"":4097,""targetChId"":""0010"",""mode"":""inference"",""uptimeMs"":6823233,""debugEnabled"":true,""power"":{""mode"":""24v"",""externalPower"":true,""batteryMv"":65535,""batteryValid"":false,""batteryDetected"":false,""batterySenseStatus"":""not_detected"",""batteryLow"":false,""batteryCritical"":false,""sourceAmbiguous"":false,""serviceHoldActive"":false,""serviceHoldEffective"":false},""batterySession"":{""state"":""inactive"",""startedMs"":0,""stateStartedMs"":0,""validSampleBatches"":0,""requiredSampleBatches"":10,""alarmTxAttempts"":0,""alarmTxAttemptLimit"":3,""alarmAckReceived"":false,""pendingAlarm"":false,""pendingSaveRequired"":false,""persistenceFaultHold"":false,""completionReason"":""session_done""},""bootHealth"":{""adsReady"":true,""adsDrdyLevel"":0,""adsDrdyPulldownLevel"":0,""adsDrdyPullupLevel"":0,""adsMisoPulldownLevel"":0,""adsMisoPullupLevel"":1,""adsCsLevel"":1,""adsSyncLevel"":1,""adsStatus"":54,""adsMux"":15,""adsAdcon"":6,""adsDrate"":240,""adsReason"":""ok"",""tcaOk"":true,""mcpOkCount"":8,""mcpOk"":[true,true,true,true,true,true,true,true],""mcpAddrMask"":[1,1,1,1,1,1,1,1],""mcpControlTested"":true,""mcpControlOkCount"":8,""mcpControlOk"":[true,true,true,true,true,true,true,true],""dacReady"":true,""radioReady"":true,""mlReady"":true,""nullingProfileApplied"":true,""modelProfileReady"":false},""runtimeMcpCode"":[255,519,795,706,799,865,665,139],""model"":{""profileId"":""cnn-dualbranch-datasheet-v1-unbound"",""scalerProfileId"":""cnn-dualbranch-datasheet-v1-unbound"",""productionApproved"":true,""boundNullingProfileId"":8,""activeNullingProfileId"":9,""bindingValid"":true,""bindingModelMatches"":true,""profileReady"":false,""inferenceValid"":false,""sensorFault"":true},""lora"":{""beginState"":0,""lastTxState"":0,""lastTxOk"":false,""txSeq"":0,""txCounter"":0,""aesKeyProvisioned"":true,""aesKeyPresent"":true,""aesKeySource"":""nvs"",""keyId"":1,""lastDownlinkCommandId"":0,""freqMHz"":920,""bwKHz"":125,""sf"":7,""cr"":5,""syncWord"":18,""txPowerDbm"":17,""preamble"":8,""tcxoVoltage"":1.600000024,""xtalVoltage"":0},""dataset"":{""state"":""idle"",""step"":""idle"",""label"":"""",""seq"":0,""targetSamples"":0,""sampleIntervalMs"":500,""maxDurationMs"":0,""useFanIntake"":true,""fanOnMs"":1000,""postFanSettleMs"":0,""nullingProfileId"":9,""queuePending"":0,""queueCapacity"":16,""queueEnqueued"":0,""queueDropped"":0,""publishFailCount"":0,""retryCount"":0,""retryFailCount"":0,""rejectedSamples"":0,""lastRejectReason"":""none"",""lastRejectChannel"":-1,""lastRejectOkFiniteCount"":0,""lastRejectStatus"":255,""lastRejectGain"":0,""lastRejectSaturated"":false},""recovery"":{""wifiReconnectCount"":0,""wifiReconnectFailCount"":0,""mqttReconnectCount"":0,""mqttConnectFailCount"":0,""lastMqttState"":0,""adsRecoveryCount"":0,""adsRecoveryFailCount"":0,""adsReadFailStreak"":0,""lastReason"":""none"",""lastRecoveryMs"":0,""bootRecoveryArmed"":false,""bootRecoveryDueMs"":0,""bootRecoveryReason"":""none"",""bootRecoveryNonAdsFailure"":false,""bootRecoveryRestartCount"":0},""nulling"":{""done"":false,""retryArmed"":false,""attemptCount"":0,""nextRetryMs"":0,""thresholdV"":9.999999747E-06,""minFinalV"":0},""telemetry"":{""valid"":true,""sampleMs"":6822815,""gasClass"":6,""gasName"":""CO2"",""confidence"":0,""alarm"":false,""sensorVoltage"":[0.1188794,0.003887884,0.004894424,-0.00238111,-0.009367459,-0.011621124,-0.019606343,-0.025564414],""sensorGain"":[32,64,64,64,64,64,64,64],""sensorStatus"":[0,0,0,0,0,0,0,0],""featureOrder"":[""MQ8"",""MQ135"",""MQ3"",""MQ5"",""MQ4"",""MQ7"",""MQ6"",""MQ2""]},""alarmLatched"":false}"
2026-08-04 11:14:47.587 +07:00,446.468,HOT_SWEEP_70,70,700,300,1,0,0.118645549,0.003889587,0.004900399,-0.002375451,-0.009375183,-0.011598414,-0.019644817,-0.025586128,"{""deviceId"":""1001"",""nodeId"":4097,""targetChId"":""0010"",""mode"":""inference"",""uptimeMs"":6823917,""debugEnabled"":true,""power"":{""mode"":""24v"",""externalPower"":true,""batteryMv"":65535,""batteryValid"":false,""batteryDetected"":false,""batterySenseStatus"":""not_detected"",""batteryLow"":false,""batteryCritical"":false,""sourceAmbiguous"":false,""serviceHoldActive"":false,""serviceHoldEffective"":false},""batterySession"":{""state"":""inactive"",""startedMs"":0,""stateStartedMs"":0,""validSampleBatches"":0,""requiredSampleBatches"":10,""alarmTxAttempts"":0,""alarmTxAttemptLimit"":3,""alarmAckReceived"":false,""pendingAlarm"":false,""pendingSaveRequired"":false,""persistenceFaultHold"":false,""completionReason"":""session_done""},""bootHealth"":{""adsReady"":true,""adsDrdyLevel"":0,""adsDrdyPulldownLevel"":0,""adsDrdyPullupLevel"":0,""adsMisoPulldownLevel"":0,""adsMisoPullupLevel"":1,""adsCsLevel"":1,""adsSyncLevel"":1,""adsStatus"":54,""adsMux"":15,""adsAdcon"":6,""adsDrate"":240,""adsReason"":""ok"",""tcaOk"":true,""mcpOkCount"":8,""mcpOk"":[true,true,true,true,true,true,true,true],""mcpAddrMask"":[1,1,1,1,1,1,1,1],""mcpControlTested"":true,""mcpControlOkCount"":8,""mcpControlOk"":[true,true,true,true,true,true,true,true],""dacReady"":true,""radioReady"":true,""mlReady"":true,""nullingProfileApplied"":true,""modelProfileReady"":false},""runtimeMcpCode"":[255,519,795,706,799,865,665,139],""model"":{""profileId"":""cnn-dualbranch-datasheet-v1-unbound"",""scalerProfileId"":""cnn-dualbranch-datasheet-v1-unbound"",""productionApproved"":true,""boundNullingProfileId"":8,""activeNullingProfileId"":9,""bindingValid"":true,""bindingModelMatches"":true,""profileReady"":false,""inferenceValid"":false,""sensorFault"":true},""lora"":{""beginState"":0,""lastTxState"":0,""lastTxOk"":false,""txSeq"":0,""txCounter"":0,""aesKeyProvisioned"":true,""aesKeyPresent"":true,""aesKeySource"":""nvs"",""keyId"":1,""lastDownlinkCommandId"":0,""freqMHz"":920,""bwKHz"":125,""sf"":7,""cr"":5,""syncWord"":18,""txPowerDbm"":17,""preamble"":8,""tcxoVoltage"":1.600000024,""xtalVoltage"":0},""dataset"":{""state"":""idle"",""step"":""idle"",""label"":"""",""seq"":0,""targetSamples"":0,""sampleIntervalMs"":500,""maxDurationMs"":0,""useFanIntake"":true,""fanOnMs"":1000,""postFanSettleMs"":0,""nullingProfileId"":9,""queuePending"":0,""queueCapacity"":16,""queueEnqueued"":0,""queueDropped"":0,""publishFailCount"":0,""retryCount"":0,""retryFailCount"":0,""rejectedSamples"":0,""lastRejectReason"":""none"",""lastRejectChannel"":-1,""lastRejectOkFiniteCount"":0,""lastRejectStatus"":255,""lastRejectGain"":0,""lastRejectSaturated"":false},""recovery"":{""wifiReconnectCount"":0,""wifiReconnectFailCount"":0,""mqttReconnectCount"":0,""mqttConnectFailCount"":0,""lastMqttState"":0,""adsRecoveryCount"":0,""adsRecoveryFailCount"":0,""adsReadFailStreak"":0,""lastReason"":""none"",""lastRecoveryMs"":0,""bootRecoveryArmed"":false,""bootRecoveryDueMs"":0,""bootRecoveryReason"":""none"",""bootRecoveryNonAdsFailure"":false,""bootRecoveryRestartCount"":0},""nulling"":{""done"":false,""retryArmed"":false,""attemptCount"":0,""nextRetryMs"":0,""thresholdV"":9.999999747E-06,""minFinalV"":0},""telemetry"":{""valid"":true,""sampleMs"":6823511,""gasClass"":6,""gasName"":""CO2"",""confidence"":0,""alarm"":false,""sensorVoltage"":[0.118645549,0.003889587,0.004900399,-0.002375451,-0.009375183,-0.011598414,-0.019644817,-0.025586128],""sensorGain"":[32,64,64,64,64,64,64,64],""sensorStatus"":[0,0,0,0,0,0,0,0],""featureOrder"":[""MQ8"",""MQ135"",""MQ3"",""MQ5"",""MQ4"",""MQ7"",""MQ6"",""MQ2""]},""alarmLatched"":false}"
2026-08-04 11:14:48.283 +07:00,447.164,HOT_SWEEP_70,70,700,300,1,0,0.119225919,0.003918601,0.00488951,-0.002349855,-0.00910642,-0.011672666,-0.019660344,-0.02552205,"{""deviceId"":""1001"",""nodeId"":4097,""targetChId"":""0010"",""mode"":""inference"",""uptimeMs"":6824616,""debugEnabled"":true,""power"":{""mode"":""24v"",""externalPower"":true,""batteryMv"":65535,""batteryValid"":false,""batteryDetected"":false,""batterySenseStatus"":""not_detected"",""batteryLow"":false,""batteryCritical"":false,""sourceAmbiguous"":false,""serviceHoldActive"":false,""serviceHoldEffective"":false},""batterySession"":{""state"":""inactive"",""startedMs"":0,""stateStartedMs"":0,""validSampleBatches"":0,""requiredSampleBatches"":10,""alarmTxAttempts"":0,""alarmTxAttemptLimit"":3,""alarmAckReceived"":false,""pendingAlarm"":false,""pendingSaveRequired"":false,""persistenceFaultHold"":false,""completionReason"":""session_done""},""bootHealth"":{""adsReady"":true,""adsDrdyLevel"":0,""adsDrdyPulldownLevel"":0,""adsDrdyPullupLevel"":0,""adsMisoPulldownLevel"":0,""adsMisoPullupLevel"":1,""adsCsLevel"":1,""adsSyncLevel"":1,""adsStatus"":54,""adsMux"":15,""adsAdcon"":6,""adsDrate"":240,""adsReason"":""ok"",""tcaOk"":true,""mcpOkCount"":8,""mcpOk"":[true,true,true,true,true,true,true,true],""mcpAddrMask"":[1,1,1,1,1,1,1,1],""mcpControlTested"":true,""mcpControlOkCount"":8,""mcpControlOk"":[true,true,true,true,true,true,true,true],""dacReady"":true,""radioReady"":true,""mlReady"":true,""nullingProfileApplied"":true,""modelProfileReady"":false},""runtimeMcpCode"":[255,519,795,706,799,865,665,139],""model"":{""profileId"":""cnn-dualbranch-datasheet-v1-unbound"",""scalerProfileId"":""cnn-dualbranch-datasheet-v1-unbound"",""productionApproved"":true,""boundNullingProfileId"":8,""activeNullingProfileId"":9,""bindingValid"":true,""bindingModelMatches"":true,""profileReady"":false,""inferenceValid"":false,""sensorFault"":true},""lora"":{""beginState"":0,""lastTxState"":0,""lastTxOk"":false,""txSeq"":0,""txCounter"":0,""aesKeyProvisioned"":true,""aesKeyPresent"":true,""aesKeySource"":""nvs"",""keyId"":1,""lastDownlinkCommandId"":0,""freqMHz"":920,""bwKHz"":125,""sf"":7,""cr"":5,""syncWord"":18,""txPowerDbm"":17,""preamble"":8,""tcxoVoltage"":1.600000024,""xtalVoltage"":0},""dataset"":{""state"":""idle"",""step"":""idle"",""label"":"""",""seq"":0,""targetSamples"":0,""sampleIntervalMs"":500,""maxDurationMs"":0,""useFanIntake"":true,""fanOnMs"":1000,""postFanSettleMs"":0,""nullingProfileId"":9,""queuePending"":0,""queueCapacity"":16,""queueEnqueued"":0,""queueDropped"":0,""publishFailCount"":0,""retryCount"":0,""retryFailCount"":0,""rejectedSamples"":0,""lastRejectReason"":""none"",""lastRejectChannel"":-1,""lastRejectOkFiniteCount"":0,""lastRejectStatus"":255,""lastRejectGain"":0,""lastRejectSaturated"":false},""recovery"":{""wifiReconnectCount"":0,""wifiReconnectFailCount"":0,""mqttReconnectCount"":0,""mqttConnectFailCount"":0,""lastMqttState"":0,""adsRecoveryCount"":0,""adsRecoveryFailCount"":0,""adsReadFailStreak"":0,""lastReason"":""none"",""lastRecoveryMs"":0,""bootRecoveryArmed"":false,""bootRecoveryDueMs"":0,""bootRecoveryReason"":""none"",""bootRecoveryNonAdsFailure"":false,""bootRecoveryRestartCount"":0},""nulling"":{""done"":false,""retryArmed"":false,""attemptCount"":0,""nextRetryMs"":0,""thresholdV"":9.999999747E-06,""minFinalV"":0},""telemetry"":{""valid"":true,""sampleMs"":6824227,""gasClass"":6,""gasName"":""CO2"",""confidence"":0,""alarm"":false,""sensorVoltage"":[0.119225919,0.003918601,0.00488951,-0.002349855,-0.00910642,-0.011672666,-0.019660344,-0.02552205],""sensorGain"":[32,64,64,64,64,64,64,64],""sensorStatus"":[0,0,0,0,0,0,0,0],""featureOrder"":[""MQ8"",""MQ135"",""MQ3"",""MQ5"",""MQ4"",""MQ7"",""MQ6"",""MQ2""]},""alarmLatched"":false}"
2026-08-04 11:14:48.973 +07:00,447.852,HOT_SWEEP_70,70,700,300,1,0,0.118654571,0.003945843,0.004912202,-0.002444565,-0.009360838,-0.011849271,-0.020054348,-0.025603646,"{""deviceId"":""1001"",""nodeId"":4097,""targetChId"":""0010"",""mode"":""inference"",""uptimeMs"":6825301,""debugEnabled"":true,""power"":{""mode"":""24v"",""externalPower"":true,""batteryMv"":65535,""batteryValid"":false,""batteryDetected"":false,""batterySenseStatus"":""not_detected"",""batteryLow"":false,""batteryCritical"":false,""sourceAmbiguous"":false,""serviceHoldActive"":false,""serviceHoldEffective"":false},""batterySession"":{""state"":""inactive"",""startedMs"":0,""stateStartedMs"":0,""validSampleBatches"":0,""requiredSampleBatches"":10,""alarmTxAttempts"":0,""alarmTxAttemptLimit"":3,""alarmAckReceived"":false,""pendingAlarm"":false,""pendingSaveRequired"":false,""persistenceFaultHold"":false,""completionReason"":""session_done""},""bootHealth"":{""adsReady"":true,""adsDrdyLevel"":0,""adsDrdyPulldownLevel"":0,""adsDrdyPullupLevel"":0,""adsMisoPulldownLevel"":0,""adsMisoPullupLevel"":1,""adsCsLevel"":1,""adsSyncLevel"":1,""adsStatus"":54,""adsMux"":15,""adsAdcon"":6,""adsDrate"":240,""adsReason"":""ok"",""tcaOk"":true,""mcpOkCount"":8,""mcpOk"":[true,true,true,true,true,true,true,true],""mcpAddrMask"":[1,1,1,1,1,1,1,1],""mcpControlTested"":true,""mcpControlOkCount"":8,""mcpControlOk"":[true,true,true,true,true,true,true,true],""dacReady"":true,""radioReady"":true,""mlReady"":true,""nullingProfileApplied"":true,""modelProfileReady"":false},""runtimeMcpCode"":[255,519,795,706,799,865,665,139],""model"":{""profileId"":""cnn-dualbranch-datasheet-v1-unbound"",""scalerProfileId"":""cnn-dualbranch-datasheet-v1-unbound"",""productionApproved"":true,""boundNullingProfileId"":8,""activeNullingProfileId"":9,""bindingValid"":true,""bindingModelMatches"":true,""profileReady"":false,""inferenceValid"":false,""sensorFault"":true},""lora"":{""beginState"":0,""lastTxState"":0,""lastTxOk"":false,""txSeq"":0,""txCounter"":0,""aesKeyProvisioned"":true,""aesKeyPresent"":true,""aesKeySource"":""nvs"",""keyId"":1,""lastDownlinkCommandId"":0,""freqMHz"":920,""bwKHz"":125,""sf"":7,""cr"":5,""syncWord"":18,""txPowerDbm"":17,""preamble"":8,""tcxoVoltage"":1.600000024,""xtalVoltage"":0},""dataset"":{""state"":""idle"",""step"":""idle"",""label"":"""",""seq"":0,""targetSamples"":0,""sampleIntervalMs"":500,""maxDurationMs"":0,""useFanIntake"":true,""fanOnMs"":1000,""postFanSettleMs"":0,""nullingProfileId"":9,""queuePending"":0,""queueCapacity"":16,""queueEnqueued"":0,""queueDropped"":0,""publishFailCount"":0,""retryCount"":0,""retryFailCount"":0,""rejectedSamples"":0,""lastRejectReason"":""none"",""lastRejectChannel"":-1,""lastRejectOkFiniteCount"":0,""lastRejectStatus"":255,""lastRejectGain"":0,""lastRejectSaturated"":false},""recovery"":{""wifiReconnectCount"":0,""wifiReconnectFailCount"":0,""mqttReconnectCount"":0,""mqttConnectFailCount"":0,""lastMqttState"":0,""adsRecoveryCount"":0,""adsRecoveryFailCount"":0,""adsReadFailStreak"":0,""lastReason"":""none"",""lastRecoveryMs"":0,""bootRecoveryArmed"":false,""bootRecoveryDueMs"":0,""bootRecoveryReason"":""none"",""bootRecoveryNonAdsFailure"":false,""bootRecoveryRestartCount"":0},""nulling"":{""done"":false,""retryArmed"":false,""attemptCount"":0,""nextRetryMs"":0,""thresholdV"":9.999999747E-06,""minFinalV"":0},""telemetry"":{""valid"":true,""sampleMs"":6824894,""gasClass"":6,""gasName"":""CO2"",""confidence"":0,""alarm"":false,""sensorVoltage"":[0.118654571,0.003945843,0.004912202,-0.002444565,-0.009360838,-0.011849271,-0.020054348,-0.025603646],""sensorGain"":[32,64,64,64,64,64,64,64],""sensorStatus"":[0,0,0,0,0,0,0,0],""featureOrder"":[""MQ8"",""MQ135"",""MQ3"",""MQ5"",""MQ4"",""MQ7"",""MQ6"",""MQ2""]},""alarmLatched"":false}"
2026-08-04 11:14:49.667 +07:00,448.548,HOT_SWEEP_70,70,700,300,1,0,0.118273102,0.003952136,0.004921808,-0.002535193,-0.009382062,-0.01181321,-0.020064166,-0.025545936,"{""deviceId"":""1001"",""nodeId"":4097,""targetChId"":""0010"",""mode"":""inference"",""uptimeMs"":6825997,""debugEnabled"":true,""power"":{""mode"":""24v"",""externalPower"":true,""batteryMv"":65535,""batteryValid"":false,""batteryDetected"":false,""batterySenseStatus"":""not_detected"",""batteryLow"":false,""batteryCritical"":false,""sourceAmbiguous"":false,""serviceHoldActive"":false,""serviceHoldEffective"":false},""batterySession"":{""state"":""inactive"",""startedMs"":0,""stateStartedMs"":0,""validSampleBatches"":0,""requiredSampleBatches"":10,""alarmTxAttempts"":0,""alarmTxAttemptLimit"":3,""alarmAckReceived"":false,""pendingAlarm"":false,""pendingSaveRequired"":false,""persistenceFaultHold"":false,""completionReason"":""session_done""},""bootHealth"":{""adsReady"":true,""adsDrdyLevel"":0,""adsDrdyPulldownLevel"":0,""adsDrdyPullupLevel"":0,""adsMisoPulldownLevel"":0,""adsMisoPullupLevel"":1,""adsCsLevel"":1,""adsSyncLevel"":1,""adsStatus"":54,""adsMux"":15,""adsAdcon"":6,""adsDrate"":240,""adsReason"":""ok"",""tcaOk"":true,""mcpOkCount"":8,""mcpOk"":[true,true,true,true,true,true,true,true],""mcpAddrMask"":[1,1,1,1,1,1,1,1],""mcpControlTested"":true,""mcpControlOkCount"":8,""mcpControlOk"":[true,true,true,true,true,true,true,true],""dacReady"":true,""radioReady"":true,""mlReady"":true,""nullingProfileApplied"":true,""modelProfileReady"":false},""runtimeMcpCode"":[255,519,795,706,799,865,665,139],""model"":{""profileId"":""cnn-dualbranch-datasheet-v1-unbound"",""scalerProfileId"":""cnn-dualbranch-datasheet-v1-unbound"",""productionApproved"":true,""boundNullingProfileId"":8,""activeNullingProfileId"":9,""bindingValid"":true,""bindingModelMatches"":true,""profileReady"":false,""inferenceValid"":false,""sensorFault"":true},""lora"":{""beginState"":0,""lastTxState"":0,""lastTxOk"":false,""txSeq"":0,""txCounter"":0,""aesKeyProvisioned"":true,""aesKeyPresent"":true,""aesKeySource"":""nvs"",""keyId"":1,""lastDownlinkCommandId"":0,""freqMHz"":920,""bwKHz"":125,""sf"":7,""cr"":5,""syncWord"":18,""txPowerDbm"":17,""preamble"":8,""tcxoVoltage"":1.600000024,""xtalVoltage"":0},""dataset"":{""state"":""idle"",""step"":""idle"",""label"":"""",""seq"":0,""targetSamples"":0,""sampleIntervalMs"":500,""maxDurationMs"":0,""useFanIntake"":true,""fanOnMs"":1000,""postFanSettleMs"":0,""nullingProfileId"":9,""queuePending"":0,""queueCapacity"":16,""queueEnqueued"":0,""queueDropped"":0,""publishFailCount"":0,""retryCount"":0,""retryFailCount"":0,""rejectedSamples"":0,""lastRejectReason"":""none"",""lastRejectChannel"":-1,""lastRejectOkFiniteCount"":0,""lastRejectStatus"":255,""lastRejectGain"":0,""lastRejectSaturated"":false},""recovery"":{""wifiReconnectCount"":0,""wifiReconnectFailCount"":0,""mqttReconnectCount"":0,""mqttConnectFailCount"":0,""lastMqttState"":0,""adsRecoveryCount"":0,""adsRecoveryFailCount"":0,""adsReadFailStreak"":0,""lastReason"":""none"",""lastRecoveryMs"":0,""bootRecoveryArmed"":false,""bootRecoveryDueMs"":0,""bootRecoveryReason"":""none"",""bootRecoveryNonAdsFailure"":false,""bootRecoveryRestartCount"":0},""nulling"":{""done"":false,""retryArmed"":false,""attemptCount"":0,""nextRetryMs"":0,""thresholdV"":9.999999747E-06,""minFinalV"":0},""telemetry"":{""valid"":true,""sampleMs"":6825579,""gasClass"":6,""gasName"":""CO2"",""confidence"":0,""alarm"":false,""sensorVoltage"":[0.118273102,0.003952136,0.004921808,-0.002535193,-0.009382062,-0.01181321,-0.020064166,-0.025545936],""sensorGain"":[32,64,64,64,64,64,64,64],""sensorStatus"":[0,0,0,0,0,0,0,0],""featureOrder"":[""MQ8"",""MQ135"",""MQ3"",""MQ5"",""MQ4"",""MQ7"",""MQ6"",""MQ2""]},""alarmLatched"":false}"
2026-08-04 11:14:50.352 +07:00,449.233,HOT_SWEEP_70,70,700,300,1,0,0.118848085,0.003912458,0.004926088,-0.002549929,-0.009396639,-0.011800364,-0.020069294,-0.025453612,"{""deviceId"":""1001"",""nodeId"":4097,""targetChId"":""0010"",""mode"":""inference"",""uptimeMs"":6826682,""debugEnabled"":true,""power"":{""mode"":""24v"",""externalPower"":true,""batteryMv"":65535,""batteryValid"":false,""batteryDetected"":false,""batterySenseStatus"":""not_detected"",""batteryLow"":false,""batteryCritical"":false,""sourceAmbiguous"":false,""serviceHoldActive"":false,""serviceHoldEffective"":false},""batterySession"":{""state"":""inactive"",""startedMs"":0,""stateStartedMs"":0,""validSampleBatches"":0,""requiredSampleBatches"":10,""alarmTxAttempts"":0,""alarmTxAttemptLimit"":3,""alarmAckReceived"":false,""pendingAlarm"":false,""pendingSaveRequired"":false,""persistenceFaultHold"":false,""completionReason"":""session_done""},""bootHealth"":{""adsReady"":true,""adsDrdyLevel"":0,""adsDrdyPulldownLevel"":0,""adsDrdyPullupLevel"":0,""adsMisoPulldownLevel"":0,""adsMisoPullupLevel"":1,""adsCsLevel"":1,""adsSyncLevel"":1,""adsStatus"":54,""adsMux"":15,""adsAdcon"":6,""adsDrate"":240,""adsReason"":""ok"",""tcaOk"":true,""mcpOkCount"":8,""mcpOk"":[true,true,true,true,true,true,true,true],""mcpAddrMask"":[1,1,1,1,1,1,1,1],""mcpControlTested"":true,""mcpControlOkCount"":8,""mcpControlOk"":[true,true,true,true,true,true,true,true],""dacReady"":true,""radioReady"":true,""mlReady"":true,""nullingProfileApplied"":true,""modelProfileReady"":false},""runtimeMcpCode"":[255,519,795,706,799,865,665,139],""model"":{""profileId"":""cnn-dualbranch-datasheet-v1-unbound"",""scalerProfileId"":""cnn-dualbranch-datasheet-v1-unbound"",""productionApproved"":true,""boundNullingProfileId"":8,""activeNullingProfileId"":9,""bindingValid"":true,""bindingModelMatches"":true,""profileReady"":false,""inferenceValid"":false,""sensorFault"":true},""lora"":{""beginState"":0,""lastTxState"":0,""lastTxOk"":false,""txSeq"":0,""txCounter"":0,""aesKeyProvisioned"":true,""aesKeyPresent"":true,""aesKeySource"":""nvs"",""keyId"":1,""lastDownlinkCommandId"":0,""freqMHz"":920,""bwKHz"":125,""sf"":7,""cr"":5,""syncWord"":18,""txPowerDbm"":17,""preamble"":8,""tcxoVoltage"":1.600000024,""xtalVoltage"":0},""dataset"":{""state"":""idle"",""step"":""idle"",""label"":"""",""seq"":0,""targetSamples"":0,""sampleIntervalMs"":500,""maxDurationMs"":0,""useFanIntake"":true,""fanOnMs"":1000,""postFanSettleMs"":0,""nullingProfileId"":9,""queuePending"":0,""queueCapacity"":16,""queueEnqueued"":0,""queueDropped"":0,""publishFailCount"":0,""retryCount"":0,""retryFailCount"":0,""rejectedSamples"":0,""lastRejectReason"":""none"",""lastRejectChannel"":-1,""lastRejectOkFiniteCount"":0,""lastRejectStatus"":255,""lastRejectGain"":0,""lastRejectSaturated"":false},""recovery"":{""wifiReconnectCount"":0,""wifiReconnectFailCount"":0,""mqttReconnectCount"":0,""mqttConnectFailCount"":0,""lastMqttState"":0,""adsRecoveryCount"":0,""adsRecoveryFailCount"":0,""adsReadFailStreak"":0,""lastReason"":""none"",""lastRecoveryMs"":0,""bootRecoveryArmed"":false,""bootRecoveryDueMs"":0,""bootRecoveryReason"":""none"",""bootRecoveryNonAdsFailure"":false,""bootRecoveryRestartCount"":0},""nulling"":{""done"":false,""retryArmed"":false,""attemptCount"":0,""nextRetryMs"":0,""thresholdV"":9.999999747E-06,""minFinalV"":0},""telemetry"":{""valid"":true,""sampleMs"":6826307,""gasClass"":6,""gasName"":""CO2"",""confidence"":0,""alarm"":false,""sensorVoltage"":[0.118848085,0.003912458,0.004926088,-0.002549929,-0.009396639,-0.011800364,-0.020069294,-0.025453612],""sensorGain"":[32,64,64,64,64,64,64,64],""sensorStatus"":[0,0,0,0,0,0,0,0],""featureOrder"":[""MQ8"",""MQ135"",""MQ3"",""MQ5"",""MQ4"",""MQ7"",""MQ6"",""MQ2""]},""alarmLatched"":false}"
2026-08-04 11:14:51.036 +07:00,449.915,HOT_SWEEP_70,70,700,300,1,0,0.118203677,0.0039145,0.004946049,-0.002630017,-0.00940053,-0.011823324,-0.020060031,-0.02544054,"{""deviceId"":""1001"",""nodeId"":4097,""targetChId"":""0010"",""mode"":""inference"",""uptimeMs"":6827364,""debugEnabled"":true,""power"":{""mode"":""24v"",""externalPower"":true,""batteryMv"":65535,""batteryValid"":false,""batteryDetected"":false,""batterySenseStatus"":""not_detected"",""batteryLow"":false,""batteryCritical"":false,""sourceAmbiguous"":false,""serviceHoldActive"":false,""serviceHoldEffective"":false},""batterySession"":{""state"":""inactive"",""startedMs"":0,""stateStartedMs"":0,""validSampleBatches"":0,""requiredSampleBatches"":10,""alarmTxAttempts"":0,""alarmTxAttemptLimit"":3,""alarmAckReceived"":false,""pendingAlarm"":false,""pendingSaveRequired"":false,""persistenceFaultHold"":false,""completionReason"":""session_done""},""bootHealth"":{""adsReady"":true,""adsDrdyLevel"":0,""adsDrdyPulldownLevel"":0,""adsDrdyPullupLevel"":0,""adsMisoPulldownLevel"":0,""adsMisoPullupLevel"":1,""adsCsLevel"":1,""adsSyncLevel"":1,""adsStatus"":54,""adsMux"":15,""adsAdcon"":6,""adsDrate"":240,""adsReason"":""ok"",""tcaOk"":true,""mcpOkCount"":8,""mcpOk"":[true,true,true,true,true,true,true,true],""mcpAddrMask"":[1,1,1,1,1,1,1,1],""mcpControlTested"":true,""mcpControlOkCount"":8,""mcpControlOk"":[true,true,true,true,true,true,true,true],""dacReady"":true,""radioReady"":true,""mlReady"":true,""nullingProfileApplied"":true,""modelProfileReady"":false},""runtimeMcpCode"":[255,519,795,706,799,865,665,139],""model"":{""profileId"":""cnn-dualbranch-datasheet-v1-unbound"",""scalerProfileId"":""cnn-dualbranch-datasheet-v1-unbound"",""productionApproved"":true,""boundNullingProfileId"":8,""activeNullingProfileId"":9,""bindingValid"":true,""bindingModelMatches"":true,""profileReady"":false,""inferenceValid"":false,""sensorFault"":true},""lora"":{""beginState"":0,""lastTxState"":0,""lastTxOk"":false,""txSeq"":0,""txCounter"":0,""aesKeyProvisioned"":true,""aesKeyPresent"":true,""aesKeySource"":""nvs"",""keyId"":1,""lastDownlinkCommandId"":0,""freqMHz"":920,""bwKHz"":125,""sf"":7,""cr"":5,""syncWord"":18,""txPowerDbm"":17,""preamble"":8,""tcxoVoltage"":1.600000024,""xtalVoltage"":0},""dataset"":{""state"":""idle"",""step"":""idle"",""label"":"""",""seq"":0,""targetSamples"":0,""sampleIntervalMs"":500,""maxDurationMs"":0,""useFanIntake"":true,""fanOnMs"":1000,""postFanSettleMs"":0,""nullingProfileId"":9,""queuePending"":0,""queueCapacity"":16,""queueEnqueued"":0,""queueDropped"":0,""publishFailCount"":0,""retryCount"":0,""retryFailCount"":0,""rejectedSamples"":0,""lastRejectReason"":""none"",""lastRejectChannel"":-1,""lastRejectOkFiniteCount"":0,""lastRejectStatus"":255,""lastRejectGain"":0,""lastRejectSaturated"":false},""recovery"":{""wifiReconnectCount"":0,""wifiReconnectFailCount"":0,""mqttReconnectCount"":0,""mqttConnectFailCount"":0,""lastMqttState"":0,""adsRecoveryCount"":0,""adsRecoveryFailCount"":0,""adsReadFailStreak"":0,""lastReason"":""none"",""lastRecoveryMs"":0,""bootRecoveryArmed"":false,""bootRecoveryDueMs"":0,""bootRecoveryReason"":""none"",""bootRecoveryNonAdsFailure"":false,""bootRecoveryRestartCount"":0},""nulling"":{""done"":false,""retryArmed"":false,""attemptCount"":0,""nextRetryMs"":0,""thresholdV"":9.999999747E-06,""minFinalV"":0},""telemetry"":{""valid"":true,""sampleMs"":6826960,""gasClass"":6,""gasName"":""CO2"",""confidence"":0,""alarm"":false,""sensorVoltage"":[0.118203677,0.0039145,0.004946049,-0.002630017,-0.00940053,-0.011823324,-0.020060031,-0.02544054],""sensorGain"":[32,64,64,64,64,64,64,64],""sensorStatus"":[0,0,0,0,0,0,0,0],""featureOrder"":[""MQ8"",""MQ135"",""MQ3"",""MQ5"",""MQ4"",""MQ7"",""MQ6"",""MQ2""]},""alarmLatched"":false}"
2026-08-04 11:14:51.725 +07:00,450.597,HOT_SWEEP_70,70,700,300,1,0,0.117678881,0.003930808,0.004961293,-0.002623814,-0.009410856,-0.011843815,-0.019950777,-0.025407296,"{""deviceId"":""1001"",""nodeId"":4097,""targetChId"":""0010"",""mode"":""inference"",""uptimeMs"":6828049,""debugEnabled"":true,""power"":{""mode"":""24v"",""externalPower"":true,""batteryMv"":65535,""batteryValid"":false,""batteryDetected"":false,""batterySenseStatus"":""not_detected"",""batteryLow"":false,""batteryCritical"":false,""sourceAmbiguous"":false,""serviceHoldActive"":false,""serviceHoldEffective"":false},""batterySession"":{""state"":""inactive"",""startedMs"":0,""stateStartedMs"":0,""validSampleBatches"":0,""requiredSampleBatches"":10,""alarmTxAttempts"":0,""alarmTxAttemptLimit"":3,""alarmAckReceived"":false,""pendingAlarm"":false,""pendingSaveRequired"":false,""persistenceFaultHold"":false,""completionReason"":""session_done""},""bootHealth"":{""adsReady"":true,""adsDrdyLevel"":0,""adsDrdyPulldownLevel"":0,""adsDrdyPullupLevel"":0,""adsMisoPulldownLevel"":0,""adsMisoPullupLevel"":1,""adsCsLevel"":1,""adsSyncLevel"":1,""adsStatus"":54,""adsMux"":15,""adsAdcon"":6,""adsDrate"":240,""adsReason"":""ok"",""tcaOk"":true,""mcpOkCount"":8,""mcpOk"":[true,true,true,true,true,true,true,true],""mcpAddrMask"":[1,1,1,1,1,1,1,1],""mcpControlTested"":true,""mcpControlOkCount"":8,""mcpControlOk"":[true,true,true,true,true,true,true,true],""dacReady"":true,""radioReady"":true,""mlReady"":true,""nullingProfileApplied"":true,""modelProfileReady"":false},""runtimeMcpCode"":[255,519,795,706,799,865,665,139],""model"":{""profileId"":""cnn-dualbranch-datasheet-v1-unbound"",""scalerProfileId"":""cnn-dualbranch-datasheet-v1-unbound"",""productionApproved"":true,""boundNullingProfileId"":8,""activeNullingProfileId"":9,""bindingValid"":true,""bindingModelMatches"":true,""profileReady"":false,""inferenceValid"":false,""sensorFault"":true},""lora"":{""beginState"":0,""lastTxState"":0,""lastTxOk"":false,""txSeq"":0,""txCounter"":0,""aesKeyProvisioned"":true,""aesKeyPresent"":true,""aesKeySource"":""nvs"",""keyId"":1,""lastDownlinkCommandId"":0,""freqMHz"":920,""bwKHz"":125,""sf"":7,""cr"":5,""syncWord"":18,""txPowerDbm"":17,""preamble"":8,""tcxoVoltage"":1.600000024,""xtalVoltage"":0},""dataset"":{""state"":""idle"",""step"":""idle"",""label"":"""",""seq"":0,""targetSamples"":0,""sampleIntervalMs"":500,""maxDurationMs"":0,""useFanIntake"":true,""fanOnMs"":1000,""postFanSettleMs"":0,""nullingProfileId"":9,""queuePending"":0,""queueCapacity"":16,""queueEnqueued"":0,""queueDropped"":0,""publishFailCount"":0,""retryCount"":0,""retryFailCount"":0,""rejectedSamples"":0,""lastRejectReason"":""none"",""lastRejectChannel"":-1,""lastRejectOkFiniteCount"":0,""lastRejectStatus"":255,""lastRejectGain"":0,""lastRejectSaturated"":false},""recovery"":{""wifiReconnectCount"":0,""wifiReconnectFailCount"":0,""mqttReconnectCount"":0,""mqttConnectFailCount"":0,""lastMqttState"":0,""adsRecoveryCount"":0,""adsRecoveryFailCount"":0,""adsReadFailStreak"":0,""lastReason"":""none"",""lastRecoveryMs"":0,""bootRecoveryArmed"":false,""bootRecoveryDueMs"":0,""bootRecoveryReason"":""none"",""bootRecoveryNonAdsFailure"":false,""bootRecoveryRestartCount"":0},""nulling"":{""done"":false,""retryArmed"":false,""attemptCount"":0,""nextRetryMs"":0,""thresholdV"":9.999999747E-06,""minFinalV"":0},""telemetry"":{""valid"":true,""sampleMs"":6827642,""gasClass"":6,""gasName"":""CO2"",""confidence"":0,""alarm"":false,""sensorVoltage"":[0.117678881,0.003930808,0.004961293,-0.002623814,-0.009410856,-0.011843815,-0.019950777,-0.025407296],""sensorGain"":[32,64,64,64,64,64,64,64],""sensorStatus"":[0,0,0,0,0,0,0,0],""featureOrder"":[""MQ8"",""MQ135"",""MQ3"",""MQ5"",""MQ4"",""MQ7"",""MQ6"",""MQ2""]},""alarmLatched"":false}"
2026-08-04 11:14:52.415 +07:00,451.294,HOT_SWEEP_70,70,700,300,1,0,0.118128799,0.003936459,0.004967158,-0.002653071,-0.009405352,-0.011827685,-0.01993026,-0.025413703,"{""deviceId"":""1001"",""nodeId"":4097,""targetChId"":""0010"",""mode"":""inference"",""uptimeMs"":6828744,""debugEnabled"":true,""power"":{""mode"":""24v"",""externalPower"":true,""batteryMv"":65535,""batteryValid"":false,""batteryDetected"":false,""batterySenseStatus"":""not_detected"",""batteryLow"":false,""batteryCritical"":false,""sourceAmbiguous"":false,""serviceHoldActive"":false,""serviceHoldEffective"":false},""batterySession"":{""state"":""inactive"",""startedMs"":0,""stateStartedMs"":0,""validSampleBatches"":0,""requiredSampleBatches"":10,""alarmTxAttempts"":0,""alarmTxAttemptLimit"":3,""alarmAckReceived"":false,""pendingAlarm"":false,""pendingSaveRequired"":false,""persistenceFaultHold"":false,""completionReason"":""session_done""},""bootHealth"":{""adsReady"":true,""adsDrdyLevel"":0,""adsDrdyPulldownLevel"":0,""adsDrdyPullupLevel"":0,""adsMisoPulldownLevel"":0,""adsMisoPullupLevel"":1,""adsCsLevel"":1,""adsSyncLevel"":1,""adsStatus"":54,""adsMux"":15,""adsAdcon"":6,""adsDrate"":240,""adsReason"":""ok"",""tcaOk"":true,""mcpOkCount"":8,""mcpOk"":[true,true,true,true,true,true,true,true],""mcpAddrMask"":[1,1,1,1,1,1,1,1],""mcpControlTested"":true,""mcpControlOkCount"":8,""mcpControlOk"":[true,true,true,true,true,true,true,true],""dacReady"":true,""radioReady"":true,""mlReady"":true,""nullingProfileApplied"":true,""modelProfileReady"":false},""runtimeMcpCode"":[255,519,795,706,799,865,665,139],""model"":{""profileId"":""cnn-dualbranch-datasheet-v1-unbound"",""scalerProfileId"":""cnn-dualbranch-datasheet-v1-unbound"",""productionApproved"":true,""boundNullingProfileId"":8,""activeNullingProfileId"":9,""bindingValid"":true,""bindingModelMatches"":true,""profileReady"":false,""inferenceValid"":false,""sensorFault"":true},""lora"":{""beginState"":0,""lastTxState"":0,""lastTxOk"":false,""txSeq"":0,""txCounter"":0,""aesKeyProvisioned"":true,""aesKeyPresent"":true,""aesKeySource"":""nvs"",""keyId"":1,""lastDownlinkCommandId"":0,""freqMHz"":920,""bwKHz"":125,""sf"":7,""cr"":5,""syncWord"":18,""txPowerDbm"":17,""preamble"":8,""tcxoVoltage"":1.600000024,""xtalVoltage"":0},""dataset"":{""state"":""idle"",""step"":""idle"",""label"":"""",""seq"":0,""targetSamples"":0,""sampleIntervalMs"":500,""maxDurationMs"":0,""useFanIntake"":true,""fanOnMs"":1000,""postFanSettleMs"":0,""nullingProfileId"":9,""queuePending"":0,""queueCapacity"":16,""queueEnqueued"":0,""queueDropped"":0,""publishFailCount"":0,""retryCount"":0,""retryFailCount"":0,""rejectedSamples"":0,""lastRejectReason"":""none"",""lastRejectChannel"":-1,""lastRejectOkFiniteCount"":0,""lastRejectStatus"":255,""lastRejectGain"":0,""lastRejectSaturated"":false},""recovery"":{""wifiReconnectCount"":0,""wifiReconnectFailCount"":0,""mqttReconnectCount"":0,""mqttConnectFailCount"":0,""lastMqttState"":0,""adsRecoveryCount"":0,""adsRecoveryFailCount"":0,""adsReadFailStreak"":0,""lastReason"":""none"",""lastRecoveryMs"":0,""bootRecoveryArmed"":false,""bootRecoveryDueMs"":0,""bootRecoveryReason"":""none"",""bootRecoveryNonAdsFailure"":false,""bootRecoveryRestartCount"":0},""nulling"":{""done"":false,""retryArmed"":false,""attemptCount"":0,""nextRetryMs"":0,""thresholdV"":9.999999747E-06,""minFinalV"":0},""telemetry"":{""valid"":true,""sampleMs"":6828359,""gasClass"":6,""gasName"":""CO2"",""confidence"":0,""alarm"":false,""sensorVoltage"":[0.118128799,0.003936459,0.004967158,-0.002653071,-0.009405352,-0.011827685,-0.01993026,-0.025413703],""sensorGain"":[32,64,64,64,64,64,64,64],""sensorStatus"":[0,0,0,0,0,0,0,0],""featureOrder"":[""MQ8"",""MQ135"",""MQ3"",""MQ5"",""MQ4"",""MQ7"",""MQ6"",""MQ2""]},""alarmLatched"":false}"
2026-08-04 11:14:53.109 +07:00,451.989,HOT_SWEEP_70,70,700,300,1,0,0.118159577,0.004002503,0.004930797,-0.002659823,-0.009422515,-0.011824189,-0.019937346,-0.025396019,"{""deviceId"":""1001"",""nodeId"":4097,""targetChId"":""0010"",""mode"":""inference"",""uptimeMs"":6829438,""debugEnabled"":true,""power"":{""mode"":""24v"",""externalPower"":true,""batteryMv"":65535,""batteryValid"":false,""batteryDetected"":false,""batterySenseStatus"":""not_detected"",""batteryLow"":false,""batteryCritical"":false,""sourceAmbiguous"":false,""serviceHoldActive"":false,""serviceHoldEffective"":false},""batterySession"":{""state"":""inactive"",""startedMs"":0,""stateStartedMs"":0,""validSampleBatches"":0,""requiredSampleBatches"":10,""alarmTxAttempts"":0,""alarmTxAttemptLimit"":3,""alarmAckReceived"":false,""pendingAlarm"":false,""pendingSaveRequired"":false,""persistenceFaultHold"":false,""completionReason"":""session_done""},""bootHealth"":{""adsReady"":true,""adsDrdyLevel"":0,""adsDrdyPulldownLevel"":0,""adsDrdyPullupLevel"":0,""adsMisoPulldownLevel"":0,""adsMisoPullupLevel"":1,""adsCsLevel"":1,""adsSyncLevel"":1,""adsStatus"":54,""adsMux"":15,""adsAdcon"":6,""adsDrate"":240,""adsReason"":""ok"",""tcaOk"":true,""mcpOkCount"":8,""mcpOk"":[true,true,true,true,true,true,true,true],""mcpAddrMask"":[1,1,1,1,1,1,1,1],""mcpControlTested"":true,""mcpControlOkCount"":8,""mcpControlOk"":[true,true,true,true,true,true,true,true],""dacReady"":true,""radioReady"":true,""mlReady"":true,""nullingProfileApplied"":true,""modelProfileReady"":false},""runtimeMcpCode"":[255,519,795,706,799,865,665,139],""model"":{""profileId"":""cnn-dualbranch-datasheet-v1-unbound"",""scalerProfileId"":""cnn-dualbranch-datasheet-v1-unbound"",""productionApproved"":true,""boundNullingProfileId"":8,""activeNullingProfileId"":9,""bindingValid"":true,""bindingModelMatches"":true,""profileReady"":false,""inferenceValid"":false,""sensorFault"":true},""lora"":{""beginState"":0,""lastTxState"":0,""lastTxOk"":false,""txSeq"":0,""txCounter"":0,""aesKeyProvisioned"":true,""aesKeyPresent"":true,""aesKeySource"":""nvs"",""keyId"":1,""lastDownlinkCommandId"":0,""freqMHz"":920,""bwKHz"":125,""sf"":7,""cr"":5,""syncWord"":18,""txPowerDbm"":17,""preamble"":8,""tcxoVoltage"":1.600000024,""xtalVoltage"":0},""dataset"":{""state"":""idle"",""step"":""idle"",""label"":"""",""seq"":0,""targetSamples"":0,""sampleIntervalMs"":500,""maxDurationMs"":0,""useFanIntake"":true,""fanOnMs"":1000,""postFanSettleMs"":0,""nullingProfileId"":9,""queuePending"":0,""queueCapacity"":16,""queueEnqueued"":0,""queueDropped"":0,""publishFailCount"":0,""retryCount"":0,""retryFailCount"":0,""rejectedSamples"":0,""lastRejectReason"":""none"",""lastRejectChannel"":-1,""lastRejectOkFiniteCount"":0,""lastRejectStatus"":255,""lastRejectGain"":0,""lastRejectSaturated"":false},""recovery"":{""wifiReconnectCount"":0,""wifiReconnectFailCount"":0,""mqttReconnectCount"":0,""mqttConnectFailCount"":0,""lastMqttState"":0,""adsRecoveryCount"":0,""adsRecoveryFailCount"":0,""adsReadFailStreak"":0,""lastReason"":""none"",""lastRecoveryMs"":0,""bootRecoveryArmed"":false,""bootRecoveryDueMs"":0,""bootRecoveryReason"":""none"",""bootRecoveryNonAdsFailure"":false,""bootRecoveryRestartCount"":0},""nulling"":{""done"":false,""retryArmed"":false,""attemptCount"":0,""nextRetryMs"":0,""thresholdV"":9.999999747E-06,""minFinalV"":0},""telemetry"":{""valid"":true,""sampleMs"":6829022,""gasClass"":6,""gasName"":""CO2"",""confidence"":0,""alarm"":false,""sensorVoltage"":[0.118159577,0.004002503,0.004930797,-0.002659823,-0.009422515,-0.011824189,-0.019937346,-0.025396019],""sensorGain"":[32,64,64,64,64,64,64,64],""sensorStatus"":[0,0,0,0,0,0,0,0],""featureOrder"":[""MQ8"",""MQ135"",""MQ3"",""MQ5"",""MQ4"",""MQ7"",""MQ6"",""MQ2""]},""alarmLatched"":false}"
2026-08-04 11:14:53.812 +07:00,452.693,HOT_SWEEP_70,70,700,300,1,0,0.117739677,0.003973279,0.004943539,-0.002649768,-0.009415704,-0.011841213,-0.019931829,-0.025341064,"{""deviceId"":""1001"",""nodeId"":4097,""targetChId"":""0010"",""mode"":""inference"",""uptimeMs"":6830143,""debugEnabled"":true,""power"":{""mode"":""24v"",""externalPower"":true,""batteryMv"":65535,""batteryValid"":false,""batteryDetected"":false,""batterySenseStatus"":""not_detected"",""batteryLow"":false,""batteryCritical"":false,""sourceAmbiguous"":false,""serviceHoldActive"":false,""serviceHoldEffective"":false},""batterySession"":{""state"":""inactive"",""startedMs"":0,""stateStartedMs"":0,""validSampleBatches"":0,""requiredSampleBatches"":10,""alarmTxAttempts"":0,""alarmTxAttemptLimit"":3,""alarmAckReceived"":false,""pendingAlarm"":false,""pendingSaveRequired"":false,""persistenceFaultHold"":false,""completionReason"":""session_done""},""bootHealth"":{""adsReady"":true,""adsDrdyLevel"":0,""adsDrdyPulldownLevel"":0,""adsDrdyPullupLevel"":0,""adsMisoPulldownLevel"":0,""adsMisoPullupLevel"":1,""adsCsLevel"":1,""adsSyncLevel"":1,""adsStatus"":54,""adsMux"":15,""adsAdcon"":6,""adsDrate"":240,""adsReason"":""ok"",""tcaOk"":true,""mcpOkCount"":8,""mcpOk"":[true,true,true,true,true,true,true,true],""mcpAddrMask"":[1,1,1,1,1,1,1,1],""mcpControlTested"":true,""mcpControlOkCount"":8,""mcpControlOk"":[true,true,true,true,true,true,true,true],""dacReady"":true,""radioReady"":true,""mlReady"":true,""nullingProfileApplied"":true,""modelProfileReady"":false},""runtimeMcpCode"":[255,519,795,706,799,865,665,139],""model"":{""profileId"":""cnn-dualbranch-datasheet-v1-unbound"",""scalerProfileId"":""cnn-dualbranch-datasheet-v1-unbound"",""productionApproved"":true,""boundNullingProfileId"":8,""activeNullingProfileId"":9,""bindingValid"":true,""bindingModelMatches"":true,""profileReady"":false,""inferenceValid"":false,""sensorFault"":true},""lora"":{""beginState"":0,""lastTxState"":0,""lastTxOk"":false,""txSeq"":0,""txCounter"":0,""aesKeyProvisioned"":true,""aesKeyPresent"":true,""aesKeySource"":""nvs"",""keyId"":1,""lastDownlinkCommandId"":0,""freqMHz"":920,""bwKHz"":125,""sf"":7,""cr"":5,""syncWord"":18,""txPowerDbm"":17,""preamble"":8,""tcxoVoltage"":1.600000024,""xtalVoltage"":0},""dataset"":{""state"":""idle"",""step"":""idle"",""label"":"""",""seq"":0,""targetSamples"":0,""sampleIntervalMs"":500,""maxDurationMs"":0,""useFanIntake"":true,""fanOnMs"":1000,""postFanSettleMs"":0,""nullingProfileId"":9,""queuePending"":0,""queueCapacity"":16,""queueEnqueued"":0,""queueDropped"":0,""publishFailCount"":0,""retryCount"":0,""retryFailCount"":0,""rejectedSamples"":0,""lastRejectReason"":""none"",""lastRejectChannel"":-1,""lastRejectOkFiniteCount"":0,""lastRejectStatus"":255,""lastRejectGain"":0,""lastRejectSaturated"":false},""recovery"":{""wifiReconnectCount"":0,""wifiReconnectFailCount"":0,""mqttReconnectCount"":0,""mqttConnectFailCount"":0,""lastMqttState"":0,""adsRecoveryCount"":0,""adsRecoveryFailCount"":0,""adsReadFailStreak"":0,""lastReason"":""none"",""lastRecoveryMs"":0,""bootRecoveryArmed"":false,""bootRecoveryDueMs"":0,""bootRecoveryReason"":""none"",""bootRecoveryNonAdsFailure"":false,""bootRecoveryRestartCount"":0},""nulling"":{""done"":false,""retryArmed"":false,""attemptCount"":0,""nextRetryMs"":0,""thresholdV"":9.999999747E-06,""minFinalV"":0},""telemetry"":{""valid"":true,""sampleMs"":6829716,""gasClass"":6,""gasName"":""CO2"",""confidence"":0,""alarm"":false,""sensorVoltage"":[0.117739677,0.003973279,0.004943539,-0.002649768,-0.009415704,-0.011841213,-0.019931829,-0.025341064],""sensorGain"":[32,64,64,64,64,64,64,64],""sensorStatus"":[0,0,0,0,0,0,0,0],""featureOrder"":[""MQ8"",""MQ135"",""MQ3"",""MQ5"",""MQ4"",""MQ7"",""MQ6"",""MQ2""]},""alarmLatched"":false}"
2026-08-04 11:14:54.502 +07:00,453.383,HOT_SWEEP_70,70,700,300,1,0,0.117852427,0.004004044,0.004936579,-0.002582034,-0.00939076,-0.011833886,-0.019856328,-0.025311634,"{""deviceId"":""1001"",""nodeId"":4097,""targetChId"":""0010"",""mode"":""inference"",""uptimeMs"":6830833,""debugEnabled"":true,""power"":{""mode"":""24v"",""externalPower"":true,""batteryMv"":65535,""batteryValid"":false,""batteryDetected"":false,""batterySenseStatus"":""not_detected"",""batteryLow"":false,""batteryCritical"":false,""sourceAmbiguous"":false,""serviceHoldActive"":false,""serviceHoldEffective"":false},""batterySession"":{""state"":""inactive"",""startedMs"":0,""stateStartedMs"":0,""validSampleBatches"":0,""requiredSampleBatches"":10,""alarmTxAttempts"":0,""alarmTxAttemptLimit"":3,""alarmAckReceived"":false,""pendingAlarm"":false,""pendingSaveRequired"":false,""persistenceFaultHold"":false,""completionReason"":""session_done""},""bootHealth"":{""adsReady"":true,""adsDrdyLevel"":0,""adsDrdyPulldownLevel"":0,""adsDrdyPullupLevel"":0,""adsMisoPulldownLevel"":0,""adsMisoPullupLevel"":1,""adsCsLevel"":1,""adsSyncLevel"":1,""adsStatus"":54,""adsMux"":15,""adsAdcon"":6,""adsDrate"":240,""adsReason"":""ok"",""tcaOk"":true,""mcpOkCount"":8,""mcpOk"":[true,true,true,true,true,true,true,true],""mcpAddrMask"":[1,1,1,1,1,1,1,1],""mcpControlTested"":true,""mcpControlOkCount"":8,""mcpControlOk"":[true,true,true,true,true,true,true,true],""dacReady"":true,""radioReady"":true,""mlReady"":true,""nullingProfileApplied"":true,""modelProfileReady"":false},""runtimeMcpCode"":[255,519,795,706,799,865,665,139],""model"":{""profileId"":""cnn-dualbranch-datasheet-v1-unbound"",""scalerProfileId"":""cnn-dualbranch-datasheet-v1-unbound"",""productionApproved"":true,""boundNullingProfileId"":8,""activeNullingProfileId"":9,""bindingValid"":true,""bindingModelMatches"":true,""profileReady"":false,""inferenceValid"":false,""sensorFault"":true},""lora"":{""beginState"":0,""lastTxState"":0,""lastTxOk"":false,""txSeq"":0,""txCounter"":0,""aesKeyProvisioned"":true,""aesKeyPresent"":true,""aesKeySource"":""nvs"",""keyId"":1,""lastDownlinkCommandId"":0,""freqMHz"":920,""bwKHz"":125,""sf"":7,""cr"":5,""syncWord"":18,""txPowerDbm"":17,""preamble"":8,""tcxoVoltage"":1.600000024,""xtalVoltage"":0},""dataset"":{""state"":""idle"",""step"":""idle"",""label"":"""",""seq"":0,""targetSamples"":0,""sampleIntervalMs"":500,""maxDurationMs"":0,""useFanIntake"":true,""fanOnMs"":1000,""postFanSettleMs"":0,""nullingProfileId"":9,""queuePending"":0,""queueCapacity"":16,""queueEnqueued"":0,""queueDropped"":0,""publishFailCount"":0,""retryCount"":0,""retryFailCount"":0,""rejectedSamples"":0,""lastRejectReason"":""none"",""lastRejectChannel"":-1,""lastRejectOkFiniteCount"":0,""lastRejectStatus"":255,""lastRejectGain"":0,""lastRejectSaturated"":false},""recovery"":{""wifiReconnectCount"":0,""wifiReconnectFailCount"":0,""mqttReconnectCount"":0,""mqttConnectFailCount"":0,""lastMqttState"":0,""adsRecoveryCount"":0,""adsRecoveryFailCount"":0,""adsReadFailStreak"":0,""lastReason"":""none"",""lastRecoveryMs"":0,""bootRecoveryArmed"":false,""bootRecoveryDueMs"":0,""bootRecoveryReason"":""none"",""bootRecoveryNonAdsFailure"":false,""bootRecoveryRestartCount"":0},""nulling"":{""done"":false,""retryArmed"":false,""attemptCount"":0,""nextRetryMs"":0,""thresholdV"":9.999999747E-06,""minFinalV"":0},""telemetry"":{""valid"":true,""sampleMs"":6830453,""gasClass"":6,""gasName"":""CO2"",""confidence"":0,""alarm"":false,""sensorVoltage"":[0.117852427,0.004004044,0.004936579,-0.002582034,-0.00939076,-0.011833886,-0.019856328,-0.025311634],""sensorGain"":[32,64,64,64,64,64,64,64],""sensorStatus"":[0,0,0,0,0,0,0,0],""featureOrder"":[""MQ8"",""MQ135"",""MQ3"",""MQ5"",""MQ4"",""MQ7"",""MQ6"",""MQ2""]},""alarmLatched"":false}"
2026-08-04 11:14:55.208 +07:00,454.089,HOT_SWEEP_70,70,700,300,1,0,0.118556358,0.003933324,0.004906027,-0.002637044,-0.009495525,-0.011617491,-0.01945276,-0.024852792,"{""deviceId"":""1001"",""nodeId"":4097,""targetChId"":""0010"",""mode"":""inference"",""uptimeMs"":6831542,""debugEnabled"":true,""power"":{""mode"":""24v"",""externalPower"":true,""batteryMv"":65535,""batteryValid"":false,""batteryDetected"":false,""batterySenseStatus"":""not_detected"",""batteryLow"":false,""batteryCritical"":false,""sourceAmbiguous"":false,""serviceHoldActive"":false,""serviceHoldEffective"":false},""batterySession"":{""state"":""inactive"",""startedMs"":0,""stateStartedMs"":0,""validSampleBatches"":0,""requiredSampleBatches"":10,""alarmTxAttempts"":0,""alarmTxAttemptLimit"":3,""alarmAckReceived"":false,""pendingAlarm"":false,""pendingSaveRequired"":false,""persistenceFaultHold"":false,""completionReason"":""session_done""},""bootHealth"":{""adsReady"":true,""adsDrdyLevel"":0,""adsDrdyPulldownLevel"":0,""adsDrdyPullupLevel"":0,""adsMisoPulldownLevel"":0,""adsMisoPullupLevel"":1,""adsCsLevel"":1,""adsSyncLevel"":1,""adsStatus"":54,""adsMux"":15,""adsAdcon"":6,""adsDrate"":240,""adsReason"":""ok"",""tcaOk"":true,""mcpOkCount"":8,""mcpOk"":[true,true,true,true,true,true,true,true],""mcpAddrMask"":[1,1,1,1,1,1,1,1],""mcpControlTested"":true,""mcpControlOkCount"":8,""mcpControlOk"":[true,true,true,true,true,true,true,true],""dacReady"":true,""radioReady"":true,""mlReady"":true,""nullingProfileApplied"":true,""modelProfileReady"":false},""runtimeMcpCode"":[255,519,795,706,799,865,665,139],""model"":{""profileId"":""cnn-dualbranch-datasheet-v1-unbound"",""scalerProfileId"":""cnn-dualbranch-datasheet-v1-unbound"",""productionApproved"":true,""boundNullingProfileId"":8,""activeNullingProfileId"":9,""bindingValid"":true,""bindingModelMatches"":true,""profileReady"":false,""inferenceValid"":false,""sensorFault"":true},""lora"":{""beginState"":0,""lastTxState"":0,""lastTxOk"":false,""txSeq"":0,""txCounter"":0,""aesKeyProvisioned"":true,""aesKeyPresent"":true,""aesKeySource"":""nvs"",""keyId"":1,""lastDownlinkCommandId"":0,""freqMHz"":920,""bwKHz"":125,""sf"":7,""cr"":5,""syncWord"":18,""txPowerDbm"":17,""preamble"":8,""tcxoVoltage"":1.600000024,""xtalVoltage"":0},""dataset"":{""state"":""idle"",""step"":""idle"",""label"":"""",""seq"":0,""targetSamples"":0,""sampleIntervalMs"":500,""maxDurationMs"":0,""useFanIntake"":true,""fanOnMs"":1000,""postFanSettleMs"":0,""nullingProfileId"":9,""queuePending"":0,""queueCapacity"":16,""queueEnqueued"":0,""queueDropped"":0,""publishFailCount"":0,""retryCount"":0,""retryFailCount"":0,""rejectedSamples"":0,""lastRejectReason"":""none"",""lastRejectChannel"":-1,""lastRejectOkFiniteCount"":0,""lastRejectStatus"":255,""lastRejectGain"":0,""lastRejectSaturated"":false},""recovery"":{""wifiReconnectCount"":0,""wifiReconnectFailCount"":0,""mqttReconnectCount"":0,""mqttConnectFailCount"":0,""lastMqttState"":0,""adsRecoveryCount"":0,""adsRecoveryFailCount"":0,""adsReadFailStreak"":0,""lastReason"":""none"",""lastRecoveryMs"":0,""bootRecoveryArmed"":false,""bootRecoveryDueMs"":0,""bootRecoveryReason"":""none"",""bootRecoveryNonAdsFailure"":false,""bootRecoveryRestartCount"":0},""nulling"":{""done"":false,""retryArmed"":false,""attemptCount"":0,""nextRetryMs"":0,""thresholdV"":9.999999747E-06,""minFinalV"":0},""telemetry"":{""valid"":true,""sampleMs"":6831111,""gasClass"":6,""gasName"":""CO2"",""confidence"":0,""alarm"":false,""sensorVoltage"":[0.118556358,0.003933324,0.004906027,-0.002637044,-0.009495525,-0.011617491,-0.01945276,-0.024852792],""sensorGain"":[32,64,64,64,64,64,64,64],""sensorStatus"":[0,0,0,0,0,0,0,0],""featureOrder"":[""MQ8"",""MQ135"",""MQ3"",""MQ5"",""MQ4"",""MQ7"",""MQ6"",""MQ2""]},""alarmLatched"":false}"
2026-08-04 11:14:55.901 +07:00,454.779,HOT_SWEEP_70,70,700,300,1,0,0.1181463,0.003939118,0.004929606,-0.002635341,-0.00949075,-0.011659859,-0.019434256,-0.025311192,"{""deviceId"":""1001"",""nodeId"":4097,""targetChId"":""0010"",""mode"":""inference"",""uptimeMs"":6832228,""debugEnabled"":true,""power"":{""mode"":""24v"",""externalPower"":true,""batteryMv"":65535,""batteryValid"":false,""batteryDetected"":false,""batterySenseStatus"":""not_detected"",""batteryLow"":false,""batteryCritical"":false,""sourceAmbiguous"":false,""serviceHoldActive"":false,""serviceHoldEffective"":false},""batterySession"":{""state"":""inactive"",""startedMs"":0,""stateStartedMs"":0,""validSampleBatches"":0,""requiredSampleBatches"":10,""alarmTxAttempts"":0,""alarmTxAttemptLimit"":3,""alarmAckReceived"":false,""pendingAlarm"":false,""pendingSaveRequired"":false,""persistenceFaultHold"":false,""completionReason"":""session_done""},""bootHealth"":{""adsReady"":true,""adsDrdyLevel"":0,""adsDrdyPulldownLevel"":0,""adsDrdyPullupLevel"":0,""adsMisoPulldownLevel"":0,""adsMisoPullupLevel"":1,""adsCsLevel"":1,""adsSyncLevel"":1,""adsStatus"":54,""adsMux"":15,""adsAdcon"":6,""adsDrate"":240,""adsReason"":""ok"",""tcaOk"":true,""mcpOkCount"":8,""mcpOk"":[true,true,true,true,true,true,true,true],""mcpAddrMask"":[1,1,1,1,1,1,1,1],""mcpControlTested"":true,""mcpControlOkCount"":8,""mcpControlOk"":[true,true,true,true,true,true,true,true],""dacReady"":true,""radioReady"":true,""mlReady"":true,""nullingProfileApplied"":true,""modelProfileReady"":false},""runtimeMcpCode"":[255,519,795,706,799,865,665,139],""model"":{""profileId"":""cnn-dualbranch-datasheet-v1-unbound"",""scalerProfileId"":""cnn-dualbranch-datasheet-v1-unbound"",""productionApproved"":true,""boundNullingProfileId"":8,""activeNullingProfileId"":9,""bindingValid"":true,""bindingModelMatches"":true,""profileReady"":false,""inferenceValid"":false,""sensorFault"":true},""lora"":{""beginState"":0,""lastTxState"":0,""lastTxOk"":false,""txSeq"":0,""txCounter"":0,""aesKeyProvisioned"":true,""aesKeyPresent"":true,""aesKeySource"":""nvs"",""keyId"":1,""lastDownlinkCommandId"":0,""freqMHz"":920,""bwKHz"":125,""sf"":7,""cr"":5,""syncWord"":18,""txPowerDbm"":17,""preamble"":8,""tcxoVoltage"":1.600000024,""xtalVoltage"":0},""dataset"":{""state"":""idle"",""step"":""idle"",""label"":"""",""seq"":0,""targetSamples"":0,""sampleIntervalMs"":500,""maxDurationMs"":0,""useFanIntake"":true,""fanOnMs"":1000,""postFanSettleMs"":0,""nullingProfileId"":9,""queuePending"":0,""queueCapacity"":16,""queueEnqueued"":0,""queueDropped"":0,""publishFailCount"":0,""retryCount"":0,""retryFailCount"":0,""rejectedSamples"":0,""lastRejectReason"":""none"",""lastRejectChannel"":-1,""lastRejectOkFiniteCount"":0,""lastRejectStatus"":255,""lastRejectGain"":0,""lastRejectSaturated"":false},""recovery"":{""wifiReconnectCount"":0,""wifiReconnectFailCount"":0,""mqttReconnectCount"":0,""mqttConnectFailCount"":0,""lastMqttState"":0,""adsRecoveryCount"":0,""adsRecoveryFailCount"":0,""adsReadFailStreak"":0,""lastReason"":""none"",""lastRecoveryMs"":0,""bootRecoveryArmed"":false,""bootRecoveryDueMs"":0,""bootRecoveryReason"":""none"",""bootRecoveryNonAdsFailure"":false,""bootRecoveryRestartCount"":0},""nulling"":{""done"":false,""retryArmed"":false,""attemptCount"":0,""nextRetryMs"":0,""thresholdV"":9.999999747E-06,""minFinalV"":0},""telemetry"":{""valid"":true,""sampleMs"":6831820,""gasClass"":6,""gasName"":""CO2"",""confidence"":0,""alarm"":false,""sensorVoltage"":[0.1181463,0.003939118,0.004929606,-0.002635341,-0.00949075,-0.011659859,-0.019434256,-0.025311192],""sensorGain"":[32,64,64,64,64,64,64,64],""sensorStatus"":[0,0,0,0,0,0,0,0],""featureOrder"":[""MQ8"",""MQ135"",""MQ3"",""MQ5"",""MQ4"",""MQ7"",""MQ6"",""MQ2""]},""alarmLatched"":false}"
2026-08-04 11:14:56.577 +07:00,455.458,HOT_SWEEP_70,70,700,300,1,0,0.117974378,0.003918577,0.004920811,-0.002617899,-0.009493941,-0.011639593,-0.019428167,-0.025342768,"{""deviceId"":""1001"",""nodeId"":4097,""targetChId"":""0010"",""mode"":""inference"",""uptimeMs"":6832912,""debugEnabled"":true,""power"":{""mode"":""24v"",""externalPower"":true,""batteryMv"":65535,""batteryValid"":false,""batteryDetected"":false,""batterySenseStatus"":""not_detected"",""batteryLow"":false,""batteryCritical"":false,""sourceAmbiguous"":false,""serviceHoldActive"":false,""serviceHoldEffective"":false},""batterySession"":{""state"":""inactive"",""startedMs"":0,""stateStartedMs"":0,""validSampleBatches"":0,""requiredSampleBatches"":10,""alarmTxAttempts"":0,""alarmTxAttemptLimit"":3,""alarmAckReceived"":false,""pendingAlarm"":false,""pendingSaveRequired"":false,""persistenceFaultHold"":false,""completionReason"":""session_done""},""bootHealth"":{""adsReady"":true,""adsDrdyLevel"":0,""adsDrdyPulldownLevel"":0,""adsDrdyPullupLevel"":0,""adsMisoPulldownLevel"":0,""adsMisoPullupLevel"":1,""adsCsLevel"":1,""adsSyncLevel"":1,""adsStatus"":54,""adsMux"":15,""adsAdcon"":6,""adsDrate"":240,""adsReason"":""ok"",""tcaOk"":true,""mcpOkCount"":8,""mcpOk"":[true,true,true,true,true,true,true,true],""mcpAddrMask"":[1,1,1,1,1,1,1,1],""mcpControlTested"":true,""mcpControlOkCount"":8,""mcpControlOk"":[true,true,true,true,true,true,true,true],""dacReady"":true,""radioReady"":true,""mlReady"":true,""nullingProfileApplied"":true,""modelProfileReady"":false},""runtimeMcpCode"":[255,519,795,706,799,865,665,139],""model"":{""profileId"":""cnn-dualbranch-datasheet-v1-unbound"",""scalerProfileId"":""cnn-dualbranch-datasheet-v1-unbound"",""productionApproved"":true,""boundNullingProfileId"":8,""activeNullingProfileId"":9,""bindingValid"":true,""bindingModelMatches"":true,""profileReady"":false,""inferenceValid"":false,""sensorFault"":true},""lora"":{""beginState"":0,""lastTxState"":0,""lastTxOk"":false,""txSeq"":0,""txCounter"":0,""aesKeyProvisioned"":true,""aesKeyPresent"":true,""aesKeySource"":""nvs"",""keyId"":1,""lastDownlinkCommandId"":0,""freqMHz"":920,""bwKHz"":125,""sf"":7,""cr"":5,""syncWord"":18,""txPowerDbm"":17,""preamble"":8,""tcxoVoltage"":1.600000024,""xtalVoltage"":0},""dataset"":{""state"":""idle"",""step"":""idle"",""label"":"""",""seq"":0,""targetSamples"":0,""sampleIntervalMs"":500,""maxDurationMs"":0,""useFanIntake"":true,""fanOnMs"":1000,""postFanSettleMs"":0,""nullingProfileId"":9,""queuePending"":0,""queueCapacity"":16,""queueEnqueued"":0,""queueDropped"":0,""publishFailCount"":0,""retryCount"":0,""retryFailCount"":0,""rejectedSamples"":0,""lastRejectReason"":""none"",""lastRejectChannel"":-1,""lastRejectOkFiniteCount"":0,""lastRejectStatus"":255,""lastRejectGain"":0,""lastRejectSaturated"":false},""recovery"":{""wifiReconnectCount"":0,""wifiReconnectFailCount"":0,""mqttReconnectCount"":0,""mqttConnectFailCount"":0,""lastMqttState"":0,""adsRecoveryCount"":0,""adsRecoveryFailCount"":0,""adsReadFailStreak"":0,""lastReason"":""none"",""lastRecoveryMs"":0,""bootRecoveryArmed"":false,""bootRecoveryDueMs"":0,""bootRecoveryReason"":""none"",""bootRecoveryNonAdsFailure"":false,""bootRecoveryRestartCount"":0},""nulling"":{""done"":false,""retryArmed"":false,""attemptCount"":0,""nextRetryMs"":0,""thresholdV"":9.999999747E-06,""minFinalV"":0},""telemetry"":{""valid"":true,""sampleMs"":6832538,""gasClass"":6,""gasName"":""CO2"",""confidence"":0,""alarm"":false,""sensorVoltage"":[0.117974378,0.003918577,0.004920811,-0.002617899,-0.009493941,-0.011639593,-0.019428167,-0.025342768],""sensorGain"":[32,64,64,64,64,64,64,64],""sensorStatus"":[0,0,0,0,0,0,0,0],""featureOrder"":[""MQ8"",""MQ135"",""MQ3"",""MQ5"",""MQ4"",""MQ7"",""MQ6"",""MQ2""]},""alarmLatched"":false}"
2026-08-04 11:14:57.269 +07:00,456.150,HOT_SWEEP_70,70,700,300,1,0,0.118949696,0.003931553,0.00485514,-0.00258015,-0.009292444,-0.011400816,-0.019031102,-0.025405472,"{""deviceId"":""1001"",""nodeId"":4097,""targetChId"":""0010"",""mode"":""inference"",""uptimeMs"":6833598,""debugEnabled"":true,""power"":{""mode"":""24v"",""externalPower"":true,""batteryMv"":65535,""batteryValid"":false,""batteryDetected"":false,""batterySenseStatus"":""not_detected"",""batteryLow"":false,""batteryCritical"":false,""sourceAmbiguous"":false,""serviceHoldActive"":false,""serviceHoldEffective"":false},""batterySession"":{""state"":""inactive"",""startedMs"":0,""stateStartedMs"":0,""validSampleBatches"":0,""requiredSampleBatches"":10,""alarmTxAttempts"":0,""alarmTxAttemptLimit"":3,""alarmAckReceived"":false,""pendingAlarm"":false,""pendingSaveRequired"":false,""persistenceFaultHold"":false,""completionReason"":""session_done""},""bootHealth"":{""adsReady"":true,""adsDrdyLevel"":0,""adsDrdyPulldownLevel"":0,""adsDrdyPullupLevel"":0,""adsMisoPulldownLevel"":0,""adsMisoPullupLevel"":1,""adsCsLevel"":1,""adsSyncLevel"":1,""adsStatus"":54,""adsMux"":15,""adsAdcon"":6,""adsDrate"":240,""adsReason"":""ok"",""tcaOk"":true,""mcpOkCount"":8,""mcpOk"":[true,true,true,true,true,true,true,true],""mcpAddrMask"":[1,1,1,1,1,1,1,1],""mcpControlTested"":true,""mcpControlOkCount"":8,""mcpControlOk"":[true,true,true,true,true,true,true,true],""dacReady"":true,""radioReady"":true,""mlReady"":true,""nullingProfileApplied"":true,""modelProfileReady"":false},""runtimeMcpCode"":[255,519,795,706,799,865,665,139],""model"":{""profileId"":""cnn-dualbranch-datasheet-v1-unbound"",""scalerProfileId"":""cnn-dualbranch-datasheet-v1-unbound"",""productionApproved"":true,""boundNullingProfileId"":8,""activeNullingProfileId"":9,""bindingValid"":true,""bindingModelMatches"":true,""profileReady"":false,""inferenceValid"":false,""sensorFault"":true},""lora"":{""beginState"":0,""lastTxState"":0,""lastTxOk"":false,""txSeq"":0,""txCounter"":0,""aesKeyProvisioned"":true,""aesKeyPresent"":true,""aesKeySource"":""nvs"",""keyId"":1,""lastDownlinkCommandId"":0,""freqMHz"":920,""bwKHz"":125,""sf"":7,""cr"":5,""syncWord"":18,""txPowerDbm"":17,""preamble"":8,""tcxoVoltage"":1.600000024,""xtalVoltage"":0},""dataset"":{""state"":""idle"",""step"":""idle"",""label"":"""",""seq"":0,""targetSamples"":0,""sampleIntervalMs"":500,""maxDurationMs"":0,""useFanIntake"":true,""fanOnMs"":1000,""postFanSettleMs"":0,""nullingProfileId"":9,""queuePending"":0,""queueCapacity"":16,""queueEnqueued"":0,""queueDropped"":0,""publishFailCount"":0,""retryCount"":0,""retryFailCount"":0,""rejectedSamples"":0,""lastRejectReason"":""none"",""lastRejectChannel"":-1,""lastRejectOkFiniteCount"":0,""lastRejectStatus"":255,""lastRejectGain"":0,""lastRejectSaturated"":false},""recovery"":{""wifiReconnectCount"":0,""wifiReconnectFailCount"":0,""mqttReconnectCount"":0,""mqttConnectFailCount"":0,""lastMqttState"":0,""adsRecoveryCount"":0,""adsRecoveryFailCount"":0,""adsReadFailStreak"":0,""lastReason"":""none"",""lastRecoveryMs"":0,""bootRecoveryArmed"":false,""bootRecoveryDueMs"":0,""bootRecoveryReason"":""none"",""bootRecoveryNonAdsFailure"":false,""bootRecoveryRestartCount"":0},""nulling"":{""done"":false,""retryArmed"":false,""attemptCount"":0,""nextRetryMs"":0,""thresholdV"":9.999999747E-06,""minFinalV"":0},""telemetry"":{""valid"":true,""sampleMs"":6833190,""gasClass"":6,""gasName"":""CO2"",""confidence"":0,""alarm"":false,""sensorVoltage"":[0.118949696,0.003931553,0.00485514,-0.00258015,-0.009292444,-0.011400816,-0.019031102,-0.025405472],""sensorGain"":[32,64,64,64,64,64,64,64],""sensorStatus"":[0,0,0,0,0,0,0,0],""featureOrder"":[""MQ8"",""MQ135"",""MQ3"",""MQ5"",""MQ4"",""MQ7"",""MQ6"",""MQ2""]},""alarmLatched"":false}"
2026-08-04 11:14:57.965 +07:00,456.844,HOT_SWEEP_70,70,700,300,1,0,0.118816838,0.003936196,0.004877928,-0.002590517,-0.009526471,-0.01164445,-0.019386193,-0.025877729,"{""deviceId"":""1001"",""nodeId"":4097,""targetChId"":""0010"",""mode"":""inference"",""uptimeMs"":6834293,""debugEnabled"":true,""power"":{""mode"":""24v"",""externalPower"":true,""batteryMv"":65535,""batteryValid"":false,""batteryDetected"":false,""batterySenseStatus"":""not_detected"",""batteryLow"":false,""batteryCritical"":false,""sourceAmbiguous"":false,""serviceHoldActive"":false,""serviceHoldEffective"":false},""batterySession"":{""state"":""inactive"",""startedMs"":0,""stateStartedMs"":0,""validSampleBatches"":0,""requiredSampleBatches"":10,""alarmTxAttempts"":0,""alarmTxAttemptLimit"":3,""alarmAckReceived"":false,""pendingAlarm"":false,""pendingSaveRequired"":false,""persistenceFaultHold"":false,""completionReason"":""session_done""},""bootHealth"":{""adsReady"":true,""adsDrdyLevel"":0,""adsDrdyPulldownLevel"":0,""adsDrdyPullupLevel"":0,""adsMisoPulldownLevel"":0,""adsMisoPullupLevel"":1,""adsCsLevel"":1,""adsSyncLevel"":1,""adsStatus"":54,""adsMux"":15,""adsAdcon"":6,""adsDrate"":240,""adsReason"":""ok"",""tcaOk"":true,""mcpOkCount"":8,""mcpOk"":[true,true,true,true,true,true,true,true],""mcpAddrMask"":[1,1,1,1,1,1,1,1],""mcpControlTested"":true,""mcpControlOkCount"":8,""mcpControlOk"":[true,true,true,true,true,true,true,true],""dacReady"":true,""radioReady"":true,""mlReady"":true,""nullingProfileApplied"":true,""modelProfileReady"":false},""runtimeMcpCode"":[255,519,795,706,799,865,665,139],""model"":{""profileId"":""cnn-dualbranch-datasheet-v1-unbound"",""scalerProfileId"":""cnn-dualbranch-datasheet-v1-unbound"",""productionApproved"":true,""boundNullingProfileId"":8,""activeNullingProfileId"":9,""bindingValid"":true,""bindingModelMatches"":true,""profileReady"":false,""inferenceValid"":false,""sensorFault"":true},""lora"":{""beginState"":0,""lastTxState"":0,""lastTxOk"":false,""txSeq"":0,""txCounter"":0,""aesKeyProvisioned"":true,""aesKeyPresent"":true,""aesKeySource"":""nvs"",""keyId"":1,""lastDownlinkCommandId"":0,""freqMHz"":920,""bwKHz"":125,""sf"":7,""cr"":5,""syncWord"":18,""txPowerDbm"":17,""preamble"":8,""tcxoVoltage"":1.600000024,""xtalVoltage"":0},""dataset"":{""state"":""idle"",""step"":""idle"",""label"":"""",""seq"":0,""targetSamples"":0,""sampleIntervalMs"":500,""maxDurationMs"":0,""useFanIntake"":true,""fanOnMs"":1000,""postFanSettleMs"":0,""nullingProfileId"":9,""queuePending"":0,""queueCapacity"":16,""queueEnqueued"":0,""queueDropped"":0,""publishFailCount"":0,""retryCount"":0,""retryFailCount"":0,""rejectedSamples"":0,""lastRejectReason"":""none"",""lastRejectChannel"":-1,""lastRejectOkFiniteCount"":0,""lastRejectStatus"":255,""lastRejectGain"":0,""lastRejectSaturated"":false},""recovery"":{""wifiReconnectCount"":0,""wifiReconnectFailCount"":0,""mqttReconnectCount"":0,""mqttConnectFailCount"":0,""lastMqttState"":0,""adsRecoveryCount"":0,""adsRecoveryFailCount"":0,""adsReadFailStreak"":0,""lastReason"":""none"",""lastRecoveryMs"":0,""bootRecoveryArmed"":false,""bootRecoveryDueMs"":0,""bootRecoveryReason"":""none"",""bootRecoveryNonAdsFailure"":false,""bootRecoveryRestartCount"":0},""nulling"":{""done"":false,""retryArmed"":false,""attemptCount"":0,""nextRetryMs"":0,""thresholdV"":9.999999747E-06,""minFinalV"":0},""telemetry"":{""valid"":true,""sampleMs"":6833876,""gasClass"":6,""gasName"":""CO2"",""confidence"":0,""alarm"":false,""sensorVoltage"":[0.118816838,0.003936196,0.004877928,-0.002590517,-0.009526471,-0.01164445,-0.019386193,-0.025877729],""sensorGain"":[32,64,64,64,64,64,64,64],""sensorStatus"":[0,0,0,0,0,0,0,0],""featureOrder"":[""MQ8"",""MQ135"",""MQ3"",""MQ5"",""MQ4"",""MQ7"",""MQ6"",""MQ2""]},""alarmLatched"":false}"
2026-08-04 11:14:58.642 +07:00,457.523,HOT_SWEEP_70,70,700,300,1,0,0.118592642,0.003940881,0.004815659,-0.002592027,-0.009475298,-0.011641729,-0.019445933,-0.025854915,"{""deviceId"":""1001"",""nodeId"":4097,""targetChId"":""0010"",""mode"":""inference"",""uptimeMs"":6834977,""debugEnabled"":true,""power"":{""mode"":""24v"",""externalPower"":true,""batteryMv"":65535,""batteryValid"":false,""batteryDetected"":false,""batterySenseStatus"":""not_detected"",""batteryLow"":false,""batteryCritical"":false,""sourceAmbiguous"":false,""serviceHoldActive"":false,""serviceHoldEffective"":false},""batterySession"":{""state"":""inactive"",""startedMs"":0,""stateStartedMs"":0,""validSampleBatches"":0,""requiredSampleBatches"":10,""alarmTxAttempts"":0,""alarmTxAttemptLimit"":3,""alarmAckReceived"":false,""pendingAlarm"":false,""pendingSaveRequired"":false,""persistenceFaultHold"":false,""completionReason"":""session_done""},""bootHealth"":{""adsReady"":true,""adsDrdyLevel"":0,""adsDrdyPulldownLevel"":0,""adsDrdyPullupLevel"":0,""adsMisoPulldownLevel"":0,""adsMisoPullupLevel"":1,""adsCsLevel"":1,""adsSyncLevel"":1,""adsStatus"":54,""adsMux"":15,""adsAdcon"":6,""adsDrate"":240,""adsReason"":""ok"",""tcaOk"":true,""mcpOkCount"":8,""mcpOk"":[true,true,true,true,true,true,true,true],""mcpAddrMask"":[1,1,1,1,1,1,1,1],""mcpControlTested"":true,""mcpControlOkCount"":8,""mcpControlOk"":[true,true,true,true,true,true,true,true],""dacReady"":true,""radioReady"":true,""mlReady"":true,""nullingProfileApplied"":true,""modelProfileReady"":false},""runtimeMcpCode"":[255,519,795,706,799,865,665,139],""model"":{""profileId"":""cnn-dualbranch-datasheet-v1-unbound"",""scalerProfileId"":""cnn-dualbranch-datasheet-v1-unbound"",""productionApproved"":true,""boundNullingProfileId"":8,""activeNullingProfileId"":9,""bindingValid"":true,""bindingModelMatches"":true,""profileReady"":false,""inferenceValid"":false,""sensorFault"":true},""lora"":{""beginState"":0,""lastTxState"":0,""lastTxOk"":false,""txSeq"":0,""txCounter"":0,""aesKeyProvisioned"":true,""aesKeyPresent"":true,""aesKeySource"":""nvs"",""keyId"":1,""lastDownlinkCommandId"":0,""freqMHz"":920,""bwKHz"":125,""sf"":7,""cr"":5,""syncWord"":18,""txPowerDbm"":17,""preamble"":8,""tcxoVoltage"":1.600000024,""xtalVoltage"":0},""dataset"":{""state"":""idle"",""step"":""idle"",""label"":"""",""seq"":0,""targetSamples"":0,""sampleIntervalMs"":500,""maxDurationMs"":0,""useFanIntake"":true,""fanOnMs"":1000,""postFanSettleMs"":0,""nullingProfileId"":9,""queuePending"":0,""queueCapacity"":16,""queueEnqueued"":0,""queueDropped"":0,""publishFailCount"":0,""retryCount"":0,""retryFailCount"":0,""rejectedSamples"":0,""lastRejectReason"":""none"",""lastRejectChannel"":-1,""lastRejectOkFiniteCount"":0,""lastRejectStatus"":255,""lastRejectGain"":0,""lastRejectSaturated"":false},""recovery"":{""wifiReconnectCount"":0,""wifiReconnectFailCount"":0,""mqttReconnectCount"":0,""mqttConnectFailCount"":0,""lastMqttState"":0,""adsRecoveryCount"":0,""adsRecoveryFailCount"":0,""adsReadFailStreak"":0,""lastReason"":""none"",""lastRecoveryMs"":0,""bootRecoveryArmed"":false,""bootRecoveryDueMs"":0,""bootRecoveryReason"":""none"",""bootRecoveryNonAdsFailure"":false,""bootRecoveryRestartCount"":0},""nulling"":{""done"":false,""retryArmed"":false,""attemptCount"":0,""nextRetryMs"":0,""thresholdV"":9.999999747E-06,""minFinalV"":0},""telemetry"":{""valid"":true,""sampleMs"":6834603,""gasClass"":6,""gasName"":""CO2"",""confidence"":0,""alarm"":false,""sensorVoltage"":[0.118592642,0.003940881,0.004815659,-0.002592027,-0.009475298,-0.011641729,-0.019445933,-0.025854915],""sensorGain"":[32,64,64,64,64,64,64,64],""sensorStatus"":[0,0,0,0,0,0,0,0],""featureOrder"":[""MQ8"",""MQ135"",""MQ3"",""MQ5"",""MQ4"",""MQ7"",""MQ6"",""MQ2""]},""alarmLatched"":false}"
2026-08-04 11:14:59.330 +07:00,458.211,HOT_SWEEP_70,70,700,300,1,0,0.119721815,0.003888822,0.004780429,-0.0025335,-0.009466803,-0.01165867,-0.019445863,-0.025863716,"{""deviceId"":""1001"",""nodeId"":4097,""targetChId"":""0010"",""mode"":""inference"",""uptimeMs"":6835660,""debugEnabled"":true,""power"":{""mode"":""24v"",""externalPower"":true,""batteryMv"":65535,""batteryValid"":false,""batteryDetected"":false,""batterySenseStatus"":""not_detected"",""batteryLow"":false,""batteryCritical"":false,""sourceAmbiguous"":false,""serviceHoldActive"":false,""serviceHoldEffective"":false},""batterySession"":{""state"":""inactive"",""startedMs"":0,""stateStartedMs"":0,""validSampleBatches"":0,""requiredSampleBatches"":10,""alarmTxAttempts"":0,""alarmTxAttemptLimit"":3,""alarmAckReceived"":false,""pendingAlarm"":false,""pendingSaveRequired"":false,""persistenceFaultHold"":false,""completionReason"":""session_done""},""bootHealth"":{""adsReady"":true,""adsDrdyLevel"":0,""adsDrdyPulldownLevel"":0,""adsDrdyPullupLevel"":0,""adsMisoPulldownLevel"":0,""adsMisoPullupLevel"":1,""adsCsLevel"":1,""adsSyncLevel"":1,""adsStatus"":54,""adsMux"":15,""adsAdcon"":6,""adsDrate"":240,""adsReason"":""ok"",""tcaOk"":true,""mcpOkCount"":8,""mcpOk"":[true,true,true,true,true,true,true,true],""mcpAddrMask"":[1,1,1,1,1,1,1,1],""mcpControlTested"":true,""mcpControlOkCount"":8,""mcpControlOk"":[true,true,true,true,true,true,true,true],""dacReady"":true,""radioReady"":true,""mlReady"":true,""nullingProfileApplied"":true,""modelProfileReady"":false},""runtimeMcpCode"":[255,519,795,706,799,865,665,139],""model"":{""profileId"":""cnn-dualbranch-datasheet-v1-unbound"",""scalerProfileId"":""cnn-dualbranch-datasheet-v1-unbound"",""productionApproved"":true,""boundNullingProfileId"":8,""activeNullingProfileId"":9,""bindingValid"":true,""bindingModelMatches"":true,""profileReady"":false,""inferenceValid"":false,""sensorFault"":true},""lora"":{""beginState"":0,""lastTxState"":0,""lastTxOk"":false,""txSeq"":0,""txCounter"":0,""aesKeyProvisioned"":true,""aesKeyPresent"":true,""aesKeySource"":""nvs"",""keyId"":1,""lastDownlinkCommandId"":0,""freqMHz"":920,""bwKHz"":125,""sf"":7,""cr"":5,""syncWord"":18,""txPowerDbm"":17,""preamble"":8,""tcxoVoltage"":1.600000024,""xtalVoltage"":0},""dataset"":{""state"":""idle"",""step"":""idle"",""label"":"""",""seq"":0,""targetSamples"":0,""sampleIntervalMs"":500,""maxDurationMs"":0,""useFanIntake"":true,""fanOnMs"":1000,""postFanSettleMs"":0,""nullingProfileId"":9,""queuePending"":0,""queueCapacity"":16,""queueEnqueued"":0,""queueDropped"":0,""publishFailCount"":0,""retryCount"":0,""retryFailCount"":0,""rejectedSamples"":0,""lastRejectReason"":""none"",""lastRejectChannel"":-1,""lastRejectOkFiniteCount"":0,""lastRejectStatus"":255,""lastRejectGain"":0,""lastRejectSaturated"":false},""recovery"":{""wifiReconnectCount"":0,""wifiReconnectFailCount"":0,""mqttReconnectCount"":0,""mqttConnectFailCount"":0,""lastMqttState"":0,""adsRecoveryCount"":0,""adsRecoveryFailCount"":0,""adsReadFailStreak"":0,""lastReason"":""none"",""lastRecoveryMs"":0,""bootRecoveryArmed"":false,""bootRecoveryDueMs"":0,""bootRecoveryReason"":""none"",""bootRecoveryNonAdsFailure"":false,""bootRecoveryRestartCount"":0},""nulling"":{""done"":false,""retryArmed"":false,""attemptCount"":0,""nextRetryMs"":0,""thresholdV"":9.999999747E-06,""minFinalV"":0},""telemetry"":{""valid"":true,""sampleMs"":6835255,""gasClass"":6,""gasName"":""CO2"",""confidence"":0,""alarm"":false,""sensorVoltage"":[0.119721815,0.003888822,0.004780429,-0.0025335,-0.009466803,-0.01165867,-0.019445863,-0.025863716],""sensorGain"":[32,64,64,64,64,64,64,64],""sensorStatus"":[0,0,0,0,0,0,0,0],""featureOrder"":[""MQ8"",""MQ135"",""MQ3"",""MQ5"",""MQ4"",""MQ7"",""MQ6"",""MQ2""]},""alarmLatched"":false}"
2026-08-04 11:15:00.026 +07:00,458.902,HOT_SWEEP_70,70,700,300,1,0,0.119396411,0.00389691,0.004847378,-0.002576767,-0.009652231,-0.011621506,-0.0194491,-0.025879059,"{""deviceId"":""1001"",""nodeId"":4097,""targetChId"":""0010"",""mode"":""inference"",""uptimeMs"":6836355,""debugEnabled"":true,""power"":{""mode"":""24v"",""externalPower"":true,""batteryMv"":65535,""batteryValid"":false,""batteryDetected"":false,""batterySenseStatus"":""not_detected"",""batteryLow"":false,""batteryCritical"":false,""sourceAmbiguous"":false,""serviceHoldActive"":false,""serviceHoldEffective"":false},""batterySession"":{""state"":""inactive"",""startedMs"":0,""stateStartedMs"":0,""validSampleBatches"":0,""requiredSampleBatches"":10,""alarmTxAttempts"":0,""alarmTxAttemptLimit"":3,""alarmAckReceived"":false,""pendingAlarm"":false,""pendingSaveRequired"":false,""persistenceFaultHold"":false,""completionReason"":""session_done""},""bootHealth"":{""adsReady"":true,""adsDrdyLevel"":0,""adsDrdyPulldownLevel"":0,""adsDrdyPullupLevel"":0,""adsMisoPulldownLevel"":0,""adsMisoPullupLevel"":1,""adsCsLevel"":1,""adsSyncLevel"":1,""adsStatus"":54,""adsMux"":15,""adsAdcon"":6,""adsDrate"":240,""adsReason"":""ok"",""tcaOk"":true,""mcpOkCount"":8,""mcpOk"":[true,true,true,true,true,true,true,true],""mcpAddrMask"":[1,1,1,1,1,1,1,1],""mcpControlTested"":true,""mcpControlOkCount"":8,""mcpControlOk"":[true,true,true,true,true,true,true,true],""dacReady"":true,""radioReady"":true,""mlReady"":true,""nullingProfileApplied"":true,""modelProfileReady"":false},""runtimeMcpCode"":[255,519,795,706,799,865,665,139],""model"":{""profileId"":""cnn-dualbranch-datasheet-v1-unbound"",""scalerProfileId"":""cnn-dualbranch-datasheet-v1-unbound"",""productionApproved"":true,""boundNullingProfileId"":8,""activeNullingProfileId"":9,""bindingValid"":true,""bindingModelMatches"":true,""profileReady"":false,""inferenceValid"":false,""sensorFault"":true},""lora"":{""beginState"":0,""lastTxState"":0,""lastTxOk"":false,""txSeq"":0,""txCounter"":0,""aesKeyProvisioned"":true,""aesKeyPresent"":true,""aesKeySource"":""nvs"",""keyId"":1,""lastDownlinkCommandId"":0,""freqMHz"":920,""bwKHz"":125,""sf"":7,""cr"":5,""syncWord"":18,""txPowerDbm"":17,""preamble"":8,""tcxoVoltage"":1.600000024,""xtalVoltage"":0},""dataset"":{""state"":""idle"",""step"":""idle"",""label"":"""",""seq"":0,""targetSamples"":0,""sampleIntervalMs"":500,""maxDurationMs"":0,""useFanIntake"":true,""fanOnMs"":1000,""postFanSettleMs"":0,""nullingProfileId"":9,""queuePending"":0,""queueCapacity"":16,""queueEnqueued"":0,""queueDropped"":0,""publishFailCount"":0,""retryCount"":0,""retryFailCount"":0,""rejectedSamples"":0,""lastRejectReason"":""none"",""lastRejectChannel"":-1,""lastRejectOkFiniteCount"":0,""lastRejectStatus"":255,""lastRejectGain"":0,""lastRejectSaturated"":false},""recovery"":{""wifiReconnectCount"":0,""wifiReconnectFailCount"":0,""mqttReconnectCount"":0,""mqttConnectFailCount"":0,""lastMqttState"":0,""adsRecoveryCount"":0,""adsRecoveryFailCount"":0,""adsReadFailStreak"":0,""lastReason"":""none"",""lastRecoveryMs"":0,""bootRecoveryArmed"":false,""bootRecoveryDueMs"":0,""bootRecoveryReason"":""none"",""bootRecoveryNonAdsFailure"":false,""bootRecoveryRestartCount"":0},""nulling"":{""done"":false,""retryArmed"":false,""attemptCount"":0,""nextRetryMs"":0,""thresholdV"":9.999999747E-06,""minFinalV"":0},""telemetry"":{""valid"":true,""sampleMs"":6835938,""gasClass"":6,""gasName"":""CO2"",""confidence"":0,""alarm"":false,""sensorVoltage"":[0.119396411,0.00389691,0.004847378,-0.002576767,-0.009652231,-0.011621506,-0.0194491,-0.025879059],""sensorGain"":[32,64,64,64,64,64,64,64],""sensorStatus"":[0,0,0,0,0,0,0,0],""featureOrder"":[""MQ8"",""MQ135"",""MQ3"",""MQ5"",""MQ4"",""MQ7"",""MQ6"",""MQ2""]},""alarmLatched"":false}"
2026-08-04 11:15:00.705 +07:00,459.586,HOT_SWEEP_70,70,700,300,1,0,0.119049266,0.003917867,0.004828171,-0.002592951,-0.009636549,-0.011603855,-0.019430757,-0.025869835,"{""deviceId"":""1001"",""nodeId"":4097,""targetChId"":""0010"",""mode"":""inference"",""uptimeMs"":6837040,""debugEnabled"":true,""power"":{""mode"":""24v"",""externalPower"":true,""batteryMv"":65535,""batteryValid"":false,""batteryDetected"":false,""batterySenseStatus"":""not_detected"",""batteryLow"":false,""batteryCritical"":false,""sourceAmbiguous"":false,""serviceHoldActive"":false,""serviceHoldEffective"":false},""batterySession"":{""state"":""inactive"",""startedMs"":0,""stateStartedMs"":0,""validSampleBatches"":0,""requiredSampleBatches"":10,""alarmTxAttempts"":0,""alarmTxAttemptLimit"":3,""alarmAckReceived"":false,""pendingAlarm"":false,""pendingSaveRequired"":false,""persistenceFaultHold"":false,""completionReason"":""session_done""},""bootHealth"":{""adsReady"":true,""adsDrdyLevel"":0,""adsDrdyPulldownLevel"":0,""adsDrdyPullupLevel"":0,""adsMisoPulldownLevel"":0,""adsMisoPullupLevel"":1,""adsCsLevel"":1,""adsSyncLevel"":1,""adsStatus"":54,""adsMux"":15,""adsAdcon"":6,""adsDrate"":240,""adsReason"":""ok"",""tcaOk"":true,""mcpOkCount"":8,""mcpOk"":[true,true,true,true,true,true,true,true],""mcpAddrMask"":[1,1,1,1,1,1,1,1],""mcpControlTested"":true,""mcpControlOkCount"":8,""mcpControlOk"":[true,true,true,true,true,true,true,true],""dacReady"":true,""radioReady"":true,""mlReady"":true,""nullingProfileApplied"":true,""modelProfileReady"":false},""runtimeMcpCode"":[255,519,795,706,799,865,665,139],""model"":{""profileId"":""cnn-dualbranch-datasheet-v1-unbound"",""scalerProfileId"":""cnn-dualbranch-datasheet-v1-unbound"",""productionApproved"":true,""boundNullingProfileId"":8,""activeNullingProfileId"":9,""bindingValid"":true,""bindingModelMatches"":true,""profileReady"":false,""inferenceValid"":false,""sensorFault"":true},""lora"":{""beginState"":0,""lastTxState"":0,""lastTxOk"":false,""txSeq"":0,""txCounter"":0,""aesKeyProvisioned"":true,""aesKeyPresent"":true,""aesKeySource"":""nvs"",""keyId"":1,""lastDownlinkCommandId"":0,""freqMHz"":920,""bwKHz"":125,""sf"":7,""cr"":5,""syncWord"":18,""txPowerDbm"":17,""preamble"":8,""tcxoVoltage"":1.600000024,""xtalVoltage"":0},""dataset"":{""state"":""idle"",""step"":""idle"",""label"":"""",""seq"":0,""targetSamples"":0,""sampleIntervalMs"":500,""maxDurationMs"":0,""useFanIntake"":true,""fanOnMs"":1000,""postFanSettleMs"":0,""nullingProfileId"":9,""queuePending"":0,""queueCapacity"":16,""queueEnqueued"":0,""queueDropped"":0,""publishFailCount"":0,""retryCount"":0,""retryFailCount"":0,""rejectedSamples"":0,""lastRejectReason"":""none"",""lastRejectChannel"":-1,""lastRejectOkFiniteCount"":0,""lastRejectStatus"":255,""lastRejectGain"":0,""lastRejectSaturated"":false},""recovery"":{""wifiReconnectCount"":0,""wifiReconnectFailCount"":0,""mqttReconnectCount"":0,""mqttConnectFailCount"":0,""lastMqttState"":0,""adsRecoveryCount"":0,""adsRecoveryFailCount"":0,""adsReadFailStreak"":0,""lastReason"":""none"",""lastRecoveryMs"":0,""bootRecoveryArmed"":false,""bootRecoveryDueMs"":0,""bootRecoveryReason"":""none"",""bootRecoveryNonAdsFailure"":false,""bootRecoveryRestartCount"":0},""nulling"":{""done"":false,""retryArmed"":false,""attemptCount"":0,""nextRetryMs"":0,""thresholdV"":9.999999747E-06,""minFinalV"":0},""telemetry"":{""valid"":true,""sampleMs"":6836665,""gasClass"":6,""gasName"":""CO2"",""confidence"":0,""alarm"":false,""sensorVoltage"":[0.119049266,0.003917867,0.004828171,-0.002592951,-0.009636549,-0.011603855,-0.019430757,-0.025869835],""sensorGain"":[32,64,64,64,64,64,64,64],""sensorStatus"":[0,0,0,0,0,0,0,0],""featureOrder"":[""MQ8"",""MQ135"",""MQ3"",""MQ5"",""MQ4"",""MQ7"",""MQ6"",""MQ2""]},""alarmLatched"":false}"
2026-08-04 11:15:01.393 +07:00,460.274,HOT_SWEEP_70,70,700,300,1,0,0.11994566,0.003841625,0.004882191,-0.002652692,-0.009661899,-0.011636805,-0.019436132,-0.025871268,"{""deviceId"":""1001"",""nodeId"":4097,""targetChId"":""0010"",""mode"":""inference"",""uptimeMs"":6837723,""debugEnabled"":true,""power"":{""mode"":""24v"",""externalPower"":true,""batteryMv"":65535,""batteryValid"":false,""batteryDetected"":false,""batterySenseStatus"":""not_detected"",""batteryLow"":false,""batteryCritical"":false,""sourceAmbiguous"":false,""serviceHoldActive"":false,""serviceHoldEffective"":false},""batterySession"":{""state"":""inactive"",""startedMs"":0,""stateStartedMs"":0,""validSampleBatches"":0,""requiredSampleBatches"":10,""alarmTxAttempts"":0,""alarmTxAttemptLimit"":3,""alarmAckReceived"":false,""pendingAlarm"":false,""pendingSaveRequired"":false,""persistenceFaultHold"":false,""completionReason"":""session_done""},""bootHealth"":{""adsReady"":true,""adsDrdyLevel"":0,""adsDrdyPulldownLevel"":0,""adsDrdyPullupLevel"":0,""adsMisoPulldownLevel"":0,""adsMisoPullupLevel"":1,""adsCsLevel"":1,""adsSyncLevel"":1,""adsStatus"":54,""adsMux"":15,""adsAdcon"":6,""adsDrate"":240,""adsReason"":""ok"",""tcaOk"":true,""mcpOkCount"":8,""mcpOk"":[true,true,true,true,true,true,true,true],""mcpAddrMask"":[1,1,1,1,1,1,1,1],""mcpControlTested"":true,""mcpControlOkCount"":8,""mcpControlOk"":[true,true,true,true,true,true,true,true],""dacReady"":true,""radioReady"":true,""mlReady"":true,""nullingProfileApplied"":true,""modelProfileReady"":false},""runtimeMcpCode"":[255,519,795,706,799,865,665,139],""model"":{""profileId"":""cnn-dualbranch-datasheet-v1-unbound"",""scalerProfileId"":""cnn-dualbranch-datasheet-v1-unbound"",""productionApproved"":true,""boundNullingProfileId"":8,""activeNullingProfileId"":9,""bindingValid"":true,""bindingModelMatches"":true,""profileReady"":false,""inferenceValid"":false,""sensorFault"":true},""lora"":{""beginState"":0,""lastTxState"":0,""lastTxOk"":false,""txSeq"":0,""txCounter"":0,""aesKeyProvisioned"":true,""aesKeyPresent"":true,""aesKeySource"":""nvs"",""keyId"":1,""lastDownlinkCommandId"":0,""freqMHz"":920,""bwKHz"":125,""sf"":7,""cr"":5,""syncWord"":18,""txPowerDbm"":17,""preamble"":8,""tcxoVoltage"":1.600000024,""xtalVoltage"":0},""dataset"":{""state"":""idle"",""step"":""idle"",""label"":"""",""seq"":0,""targetSamples"":0,""sampleIntervalMs"":500,""maxDurationMs"":0,""useFanIntake"":true,""fanOnMs"":1000,""postFanSettleMs"":0,""nullingProfileId"":9,""queuePending"":0,""queueCapacity"":16,""queueEnqueued"":0,""queueDropped"":0,""publishFailCount"":0,""retryCount"":0,""retryFailCount"":0,""rejectedSamples"":0,""lastRejectReason"":""none"",""lastRejectChannel"":-1,""lastRejectOkFiniteCount"":0,""lastRejectStatus"":255,""lastRejectGain"":0,""lastRejectSaturated"":false},""recovery"":{""wifiReconnectCount"":0,""wifiReconnectFailCount"":0,""mqttReconnectCount"":0,""mqttConnectFailCount"":0,""lastMqttState"":0,""adsRecoveryCount"":0,""adsRecoveryFailCount"":0,""adsReadFailStreak"":0,""lastReason"":""none"",""lastRecoveryMs"":0,""bootRecoveryArmed"":false,""bootRecoveryDueMs"":0,""bootRecoveryReason"":""none"",""bootRecoveryNonAdsFailure"":false,""bootRecoveryRestartCount"":0},""nulling"":{""done"":false,""retryArmed"":false,""attemptCount"":0,""nextRetryMs"":0,""thresholdV"":9.999999747E-06,""minFinalV"":0},""telemetry"":{""valid"":true,""sampleMs"":6837318,""gasClass"":6,""gasName"":""CO2"",""confidence"":0,""alarm"":false,""sensorVoltage"":[0.11994566,0.003841625,0.004882191,-0.002652692,-0.009661899,-0.011636805,-0.019436132,-0.025871268],""sensorGain"":[32,64,64,64,64,64,64,64],""sensorStatus"":[0,0,0,0,0,0,0,0],""featureOrder"":[""MQ8"",""MQ135"",""MQ3"",""MQ5"",""MQ4"",""MQ7"",""MQ6"",""MQ2""]},""alarmLatched"":false}"
2026-08-04 11:15:02.105 +07:00,460.986,HOT_SWEEP_70,70,700,300,1,0,0.119602859,0.003966037,0.00493095,-0.002597504,-0.009584425,-0.011573145,-0.019452842,-0.025867041,"{""deviceId"":""1001"",""nodeId"":4097,""targetChId"":""0010"",""mode"":""inference"",""uptimeMs"":6838434,""debugEnabled"":true,""power"":{""mode"":""24v"",""externalPower"":true,""batteryMv"":65535,""batteryValid"":false,""batteryDetected"":false,""batterySenseStatus"":""not_detected"",""batteryLow"":false,""batteryCritical"":false,""sourceAmbiguous"":false,""serviceHoldActive"":false,""serviceHoldEffective"":false},""batterySession"":{""state"":""inactive"",""startedMs"":0,""stateStartedMs"":0,""validSampleBatches"":0,""requiredSampleBatches"":10,""alarmTxAttempts"":0,""alarmTxAttemptLimit"":3,""alarmAckReceived"":false,""pendingAlarm"":false,""pendingSaveRequired"":false,""persistenceFaultHold"":false,""completionReason"":""session_done""},""bootHealth"":{""adsReady"":true,""adsDrdyLevel"":0,""adsDrdyPulldownLevel"":0,""adsDrdyPullupLevel"":0,""adsMisoPulldownLevel"":0,""adsMisoPullupLevel"":1,""adsCsLevel"":1,""adsSyncLevel"":1,""adsStatus"":54,""adsMux"":15,""adsAdcon"":6,""adsDrate"":240,""adsReason"":""ok"",""tcaOk"":true,""mcpOkCount"":8,""mcpOk"":[true,true,true,true,true,true,true,true],""mcpAddrMask"":[1,1,1,1,1,1,1,1],""mcpControlTested"":true,""mcpControlOkCount"":8,""mcpControlOk"":[true,true,true,true,true,true,true,true],""dacReady"":true,""radioReady"":true,""mlReady"":true,""nullingProfileApplied"":true,""modelProfileReady"":false},""runtimeMcpCode"":[255,519,795,706,799,865,665,139],""model"":{""profileId"":""cnn-dualbranch-datasheet-v1-unbound"",""scalerProfileId"":""cnn-dualbranch-datasheet-v1-unbound"",""productionApproved"":true,""boundNullingProfileId"":8,""activeNullingProfileId"":9,""bindingValid"":true,""bindingModelMatches"":true,""profileReady"":false,""inferenceValid"":false,""sensorFault"":true},""lora"":{""beginState"":0,""lastTxState"":0,""lastTxOk"":false,""txSeq"":0,""txCounter"":0,""aesKeyProvisioned"":true,""aesKeyPresent"":true,""aesKeySource"":""nvs"",""keyId"":1,""lastDownlinkCommandId"":0,""freqMHz"":920,""bwKHz"":125,""sf"":7,""cr"":5,""syncWord"":18,""txPowerDbm"":17,""preamble"":8,""tcxoVoltage"":1.600000024,""xtalVoltage"":0},""dataset"":{""state"":""idle"",""step"":""idle"",""label"":"""",""seq"":0,""targetSamples"":0,""sampleIntervalMs"":500,""maxDurationMs"":0,""useFanIntake"":true,""fanOnMs"":1000,""postFanSettleMs"":0,""nullingProfileId"":9,""queuePending"":0,""queueCapacity"":16,""queueEnqueued"":0,""queueDropped"":0,""publishFailCount"":0,""retryCount"":0,""retryFailCount"":0,""rejectedSamples"":0,""lastRejectReason"":""none"",""lastRejectChannel"":-1,""lastRejectOkFiniteCount"":0,""lastRejectStatus"":255,""lastRejectGain"":0,""lastRejectSaturated"":false},""recovery"":{""wifiReconnectCount"":0,""wifiReconnectFailCount"":0,""mqttReconnectCount"":0,""mqttConnectFailCount"":0,""lastMqttState"":0,""adsRecoveryCount"":0,""adsRecoveryFailCount"":0,""adsReadFailStreak"":0,""lastReason"":""none"",""lastRecoveryMs"":0,""bootRecoveryArmed"":false,""bootRecoveryDueMs"":0,""bootRecoveryReason"":""none"",""bootRecoveryNonAdsFailure"":false,""bootRecoveryRestartCount"":0},""nulling"":{""done"":false,""retryArmed"":false,""attemptCount"":0,""nextRetryMs"":0,""thresholdV"":9.999999747E-06,""minFinalV"":0},""telemetry"":{""valid"":true,""sampleMs"":6838001,""gasClass"":6,""gasName"":""CO2"",""confidence"":0,""alarm"":false,""sensorVoltage"":[0.119602859,0.003966037,0.00493095,-0.002597504,-0.009584425,-0.011573145,-0.019452842,-0.025867041],""sensorGain"":[32,64,64,64,64,64,64,64],""sensorStatus"":[0,0,0,0,0,0,0,0],""featureOrder"":[""MQ8"",""MQ135"",""MQ3"",""MQ5"",""MQ4"",""MQ7"",""MQ6"",""MQ2""]},""alarmLatched"":false}"
2026-08-04 11:15:02.791 +07:00,461.670,HOT_SWEEP_70,70,700,300,1,0,0.11948856,0.003978445,0.004905895,-0.002602113,-0.009576531,-0.011553996,-0.019442212,-0.025914442,"{""deviceId"":""1001"",""nodeId"":4097,""targetChId"":""0010"",""mode"":""inference"",""uptimeMs"":6839119,""debugEnabled"":true,""power"":{""mode"":""24v"",""externalPower"":true,""batteryMv"":65535,""batteryValid"":false,""batteryDetected"":false,""batterySenseStatus"":""not_detected"",""batteryLow"":false,""batteryCritical"":false,""sourceAmbiguous"":false,""serviceHoldActive"":false,""serviceHoldEffective"":false},""batterySession"":{""state"":""inactive"",""startedMs"":0,""stateStartedMs"":0,""validSampleBatches"":0,""requiredSampleBatches"":10,""alarmTxAttempts"":0,""alarmTxAttemptLimit"":3,""alarmAckReceived"":false,""pendingAlarm"":false,""pendingSaveRequired"":false,""persistenceFaultHold"":false,""completionReason"":""session_done""},""bootHealth"":{""adsReady"":true,""adsDrdyLevel"":0,""adsDrdyPulldownLevel"":0,""adsDrdyPullupLevel"":0,""adsMisoPulldownLevel"":0,""adsMisoPullupLevel"":1,""adsCsLevel"":1,""adsSyncLevel"":1,""adsStatus"":54,""adsMux"":15,""adsAdcon"":6,""adsDrate"":240,""adsReason"":""ok"",""tcaOk"":true,""mcpOkCount"":8,""mcpOk"":[true,true,true,true,true,true,true,true],""mcpAddrMask"":[1,1,1,1,1,1,1,1],""mcpControlTested"":true,""mcpControlOkCount"":8,""mcpControlOk"":[true,true,true,true,true,true,true,true],""dacReady"":true,""radioReady"":true,""mlReady"":true,""nullingProfileApplied"":true,""modelProfileReady"":false},""runtimeMcpCode"":[255,519,795,706,799,865,665,139],""model"":{""profileId"":""cnn-dualbranch-datasheet-v1-unbound"",""scalerProfileId"":""cnn-dualbranch-datasheet-v1-unbound"",""productionApproved"":true,""boundNullingProfileId"":8,""activeNullingProfileId"":9,""bindingValid"":true,""bindingModelMatches"":true,""profileReady"":false,""inferenceValid"":false,""sensorFault"":true},""lora"":{""beginState"":0,""lastTxState"":0,""lastTxOk"":false,""txSeq"":0,""txCounter"":0,""aesKeyProvisioned"":true,""aesKeyPresent"":true,""aesKeySource"":""nvs"",""keyId"":1,""lastDownlinkCommandId"":0,""freqMHz"":920,""bwKHz"":125,""sf"":7,""cr"":5,""syncWord"":18,""txPowerDbm"":17,""preamble"":8,""tcxoVoltage"":1.600000024,""xtalVoltage"":0},""dataset"":{""state"":""idle"",""step"":""idle"",""label"":"""",""seq"":0,""targetSamples"":0,""sampleIntervalMs"":500,""maxDurationMs"":0,""useFanIntake"":true,""fanOnMs"":1000,""postFanSettleMs"":0,""nullingProfileId"":9,""queuePending"":0,""queueCapacity"":16,""queueEnqueued"":0,""queueDropped"":0,""publishFailCount"":0,""retryCount"":0,""retryFailCount"":0,""rejectedSamples"":0,""lastRejectReason"":""none"",""lastRejectChannel"":-1,""lastRejectOkFiniteCount"":0,""lastRejectStatus"":255,""lastRejectGain"":0,""lastRejectSaturated"":false},""recovery"":{""wifiReconnectCount"":0,""wifiReconnectFailCount"":0,""mqttReconnectCount"":0,""mqttConnectFailCount"":0,""lastMqttState"":0,""adsRecoveryCount"":0,""adsRecoveryFailCount"":0,""adsReadFailStreak"":0,""lastReason"":""none"",""lastRecoveryMs"":0,""bootRecoveryArmed"":false,""bootRecoveryDueMs"":0,""bootRecoveryReason"":""none"",""bootRecoveryNonAdsFailure"":false,""bootRecoveryRestartCount"":0},""nulling"":{""done"":false,""retryArmed"":false,""attemptCount"":0,""nextRetryMs"":0,""thresholdV"":9.999999747E-06,""minFinalV"":0},""telemetry"":{""valid"":true,""sampleMs"":6838744,""gasClass"":6,""gasName"":""CO2"",""confidence"":0,""alarm"":false,""sensorVoltage"":[0.11948856,0.003978445,0.004905895,-0.002602113,-0.009576531,-0.011553996,-0.019442212,-0.025914442],""sensorGain"":[32,64,64,64,64,64,64,64],""sensorStatus"":[0,0,0,0,0,0,0,0],""featureOrder"":[""MQ8"",""MQ135"",""MQ3"",""MQ5"",""MQ4"",""MQ7"",""MQ6"",""MQ2""]},""alarmLatched"":false}"
2026-08-04 11:15:03.471 +07:00,462.352,HOT_SWEEP_70,70,700,300,1,0,0.119687952,0.003989351,0.004891684,-0.002606635,-0.009566315,-0.011600562,-0.019425362,-0.025903087,"{""deviceId"":""1001"",""nodeId"":4097,""targetChId"":""0010"",""mode"":""inference"",""uptimeMs"":6839814,""debugEnabled"":true,""power"":{""mode"":""24v"",""externalPower"":true,""batteryMv"":65535,""batteryValid"":false,""batteryDetected"":false,""batterySenseStatus"":""not_detected"",""batteryLow"":false,""batteryCritical"":false,""sourceAmbiguous"":false,""serviceHoldActive"":false,""serviceHoldEffective"":false},""batterySession"":{""state"":""inactive"",""startedMs"":0,""stateStartedMs"":0,""validSampleBatches"":0,""requiredSampleBatches"":10,""alarmTxAttempts"":0,""alarmTxAttemptLimit"":3,""alarmAckReceived"":false,""pendingAlarm"":false,""pendingSaveRequired"":false,""persistenceFaultHold"":false,""completionReason"":""session_done""},""bootHealth"":{""adsReady"":true,""adsDrdyLevel"":0,""adsDrdyPulldownLevel"":0,""adsDrdyPullupLevel"":0,""adsMisoPulldownLevel"":0,""adsMisoPullupLevel"":1,""adsCsLevel"":1,""adsSyncLevel"":1,""adsStatus"":54,""adsMux"":15,""adsAdcon"":6,""adsDrate"":240,""adsReason"":""ok"",""tcaOk"":true,""mcpOkCount"":8,""mcpOk"":[true,true,true,true,true,true,true,true],""mcpAddrMask"":[1,1,1,1,1,1,1,1],""mcpControlTested"":true,""mcpControlOkCount"":8,""mcpControlOk"":[true,true,true,true,true,true,true,true],""dacReady"":true,""radioReady"":true,""mlReady"":true,""nullingProfileApplied"":true,""modelProfileReady"":false},""runtimeMcpCode"":[255,519,795,706,799,865,665,139],""model"":{""profileId"":""cnn-dualbranch-datasheet-v1-unbound"",""scalerProfileId"":""cnn-dualbranch-datasheet-v1-unbound"",""productionApproved"":true,""boundNullingProfileId"":8,""activeNullingProfileId"":9,""bindingValid"":true,""bindingModelMatches"":true,""profileReady"":false,""inferenceValid"":false,""sensorFault"":true},""lora"":{""beginState"":0,""lastTxState"":0,""lastTxOk"":false,""txSeq"":0,""txCounter"":0,""aesKeyProvisioned"":true,""aesKeyPresent"":true,""aesKeySource"":""nvs"",""keyId"":1,""lastDownlinkCommandId"":0,""freqMHz"":920,""bwKHz"":125,""sf"":7,""cr"":5,""syncWord"":18,""txPowerDbm"":17,""preamble"":8,""tcxoVoltage"":1.600000024,""xtalVoltage"":0},""dataset"":{""state"":""idle"",""step"":""idle"",""label"":"""",""seq"":0,""targetSamples"":0,""sampleIntervalMs"":500,""maxDurationMs"":0,""useFanIntake"":true,""fanOnMs"":1000,""postFanSettleMs"":0,""nullingProfileId"":9,""queuePending"":0,""queueCapacity"":16,""queueEnqueued"":0,""queueDropped"":0,""publishFailCount"":0,""retryCount"":0,""retryFailCount"":0,""rejectedSamples"":0,""lastRejectReason"":""none"",""lastRejectChannel"":-1,""lastRejectOkFiniteCount"":0,""lastRejectStatus"":255,""lastRejectGain"":0,""lastRejectSaturated"":false},""recovery"":{""wifiReconnectCount"":0,""wifiReconnectFailCount"":0,""mqttReconnectCount"":0,""mqttConnectFailCount"":0,""lastMqttState"":0,""adsRecoveryCount"":0,""adsRecoveryFailCount"":0,""adsReadFailStreak"":0,""lastReason"":""none"",""lastRecoveryMs"":0,""bootRecoveryArmed"":false,""bootRecoveryDueMs"":0,""bootRecoveryReason"":""none"",""bootRecoveryNonAdsFailure"":false,""bootRecoveryRestartCount"":0},""nulling"":{""done"":false,""retryArmed"":false,""attemptCount"":0,""nextRetryMs"":0,""thresholdV"":9.999999747E-06,""minFinalV"":0},""telemetry"":{""valid"":true,""sampleMs"":6839397,""gasClass"":6,""gasName"":""CO2"",""confidence"":0,""alarm"":false,""sensorVoltage"":[0.119687952,0.003989351,0.004891684,-0.002606635,-0.009566315,-0.011600562,-0.019425362,-0.025903087],""sensorGain"":[32,64,64,64,64,64,64,64],""sensorStatus"":[0,0,0,0,0,0,0,0],""featureOrder"":[""MQ8"",""MQ135"",""MQ3"",""MQ5"",""MQ4"",""MQ7"",""MQ6"",""MQ2""]},""alarmLatched"":false}"
2026-08-04 11:15:04.172 +07:00,463.053,HOT_SWEEP_70,70,700,300,1,0,0.120113865,0.004034582,0.004871985,-0.002621377,-0.009568656,-0.011531977,-0.019425239,-0.025414636,"{""deviceId"":""1001"",""nodeId"":4097,""targetChId"":""0010"",""mode"":""inference"",""uptimeMs"":6840501,""debugEnabled"":true,""power"":{""mode"":""24v"",""externalPower"":true,""batteryMv"":65535,""batteryValid"":false,""batteryDetected"":false,""batterySenseStatus"":""not_detected"",""batteryLow"":false,""batteryCritical"":false,""sourceAmbiguous"":false,""serviceHoldActive"":false,""serviceHoldEffective"":false},""batterySession"":{""state"":""inactive"",""startedMs"":0,""stateStartedMs"":0,""validSampleBatches"":0,""requiredSampleBatches"":10,""alarmTxAttempts"":0,""alarmTxAttemptLimit"":3,""alarmAckReceived"":false,""pendingAlarm"":false,""pendingSaveRequired"":false,""persistenceFaultHold"":false,""completionReason"":""session_done""},""bootHealth"":{""adsReady"":true,""adsDrdyLevel"":0,""adsDrdyPulldownLevel"":0,""adsDrdyPullupLevel"":0,""adsMisoPulldownLevel"":0,""adsMisoPullupLevel"":1,""adsCsLevel"":1,""adsSyncLevel"":1,""adsStatus"":54,""adsMux"":15,""adsAdcon"":6,""adsDrate"":240,""adsReason"":""ok"",""tcaOk"":true,""mcpOkCount"":8,""mcpOk"":[true,true,true,true,true,true,true,true],""mcpAddrMask"":[1,1,1,1,1,1,1,1],""mcpControlTested"":true,""mcpControlOkCount"":8,""mcpControlOk"":[true,true,true,true,true,true,true,true],""dacReady"":true,""radioReady"":true,""mlReady"":true,""nullingProfileApplied"":true,""modelProfileReady"":false},""runtimeMcpCode"":[255,519,795,706,799,865,665,139],""model"":{""profileId"":""cnn-dualbranch-datasheet-v1-unbound"",""scalerProfileId"":""cnn-dualbranch-datasheet-v1-unbound"",""productionApproved"":true,""boundNullingProfileId"":8,""activeNullingProfileId"":9,""bindingValid"":true,""bindingModelMatches"":true,""profileReady"":false,""inferenceValid"":false,""sensorFault"":true},""lora"":{""beginState"":0,""lastTxState"":0,""lastTxOk"":false,""txSeq"":0,""txCounter"":0,""aesKeyProvisioned"":true,""aesKeyPresent"":true,""aesKeySource"":""nvs"",""keyId"":1,""lastDownlinkCommandId"":0,""freqMHz"":920,""bwKHz"":125,""sf"":7,""cr"":5,""syncWord"":18,""txPowerDbm"":17,""preamble"":8,""tcxoVoltage"":1.600000024,""xtalVoltage"":0},""dataset"":{""state"":""idle"",""step"":""idle"",""label"":"""",""seq"":0,""targetSamples"":0,""sampleIntervalMs"":500,""maxDurationMs"":0,""useFanIntake"":true,""fanOnMs"":1000,""postFanSettleMs"":0,""nullingProfileId"":9,""queuePending"":0,""queueCapacity"":16,""queueEnqueued"":0,""queueDropped"":0,""publishFailCount"":0,""retryCount"":0,""retryFailCount"":0,""rejectedSamples"":0,""lastRejectReason"":""none"",""lastRejectChannel"":-1,""lastRejectOkFiniteCount"":0,""lastRejectStatus"":255,""lastRejectGain"":0,""lastRejectSaturated"":false},""recovery"":{""wifiReconnectCount"":0,""wifiReconnectFailCount"":0,""mqttReconnectCount"":0,""mqttConnectFailCount"":0,""lastMqttState"":0,""adsRecoveryCount"":0,""adsRecoveryFailCount"":0,""adsReadFailStreak"":0,""lastReason"":""none"",""lastRecoveryMs"":0,""bootRecoveryArmed"":false,""bootRecoveryDueMs"":0,""bootRecoveryReason"":""none"",""bootRecoveryNonAdsFailure"":false,""bootRecoveryRestartCount"":0},""nulling"":{""done"":false,""retryArmed"":false,""attemptCount"":0,""nextRetryMs"":0,""thresholdV"":9.999999747E-06,""minFinalV"":0},""telemetry"":{""valid"":true,""sampleMs"":6840092,""gasClass"":6,""gasName"":""CO2"",""confidence"":0,""alarm"":false,""sensorVoltage"":[0.120113865,0.004034582,0.004871985,-0.002621377,-0.009568656,-0.011531977,-0.019425239,-0.025414636],""sensorGain"":[32,64,64,64,64,64,64,64],""sensorStatus"":[0,0,0,0,0,0,0,0],""featureOrder"":[""MQ8"",""MQ135"",""MQ3"",""MQ5"",""MQ4"",""MQ7"",""MQ6"",""MQ2""]},""alarmLatched"":false}"
2026-08-04 11:15:04.865 +07:00,463.745,HOT_SWEEP_70,70,700,300,1,0,0.119713381,0.004029788,0.004860729,-0.002608962,-0.009579366,-0.01157918,-0.019438745,-0.025355136,"{""deviceId"":""1001"",""nodeId"":4097,""targetChId"":""0010"",""mode"":""inference"",""uptimeMs"":6841193,""debugEnabled"":true,""power"":{""mode"":""24v"",""externalPower"":true,""batteryMv"":65535,""batteryValid"":false,""batteryDetected"":false,""batterySenseStatus"":""not_detected"",""batteryLow"":false,""batteryCritical"":false,""sourceAmbiguous"":false,""serviceHoldActive"":false,""serviceHoldEffective"":false},""batterySession"":{""state"":""inactive"",""startedMs"":0,""stateStartedMs"":0,""validSampleBatches"":0,""requiredSampleBatches"":10,""alarmTxAttempts"":0,""alarmTxAttemptLimit"":3,""alarmAckReceived"":false,""pendingAlarm"":false,""pendingSaveRequired"":false,""persistenceFaultHold"":false,""completionReason"":""session_done""},""bootHealth"":{""adsReady"":true,""adsDrdyLevel"":0,""adsDrdyPulldownLevel"":0,""adsDrdyPullupLevel"":0,""adsMisoPulldownLevel"":0,""adsMisoPullupLevel"":1,""adsCsLevel"":1,""adsSyncLevel"":1,""adsStatus"":54,""adsMux"":15,""adsAdcon"":6,""adsDrate"":240,""adsReason"":""ok"",""tcaOk"":true,""mcpOkCount"":8,""mcpOk"":[true,true,true,true,true,true,true,true],""mcpAddrMask"":[1,1,1,1,1,1,1,1],""mcpControlTested"":true,""mcpControlOkCount"":8,""mcpControlOk"":[true,true,true,true,true,true,true,true],""dacReady"":true,""radioReady"":true,""mlReady"":true,""nullingProfileApplied"":true,""modelProfileReady"":false},""runtimeMcpCode"":[255,519,795,706,799,865,665,139],""model"":{""profileId"":""cnn-dualbranch-datasheet-v1-unbound"",""scalerProfileId"":""cnn-dualbranch-datasheet-v1-unbound"",""productionApproved"":true,""boundNullingProfileId"":8,""activeNullingProfileId"":9,""bindingValid"":true,""bindingModelMatches"":true,""profileReady"":false,""inferenceValid"":false,""sensorFault"":true},""lora"":{""beginState"":0,""lastTxState"":0,""lastTxOk"":false,""txSeq"":0,""txCounter"":0,""aesKeyProvisioned"":true,""aesKeyPresent"":true,""aesKeySource"":""nvs"",""keyId"":1,""lastDownlinkCommandId"":0,""freqMHz"":920,""bwKHz"":125,""sf"":7,""cr"":5,""syncWord"":18,""txPowerDbm"":17,""preamble"":8,""tcxoVoltage"":1.600000024,""xtalVoltage"":0},""dataset"":{""state"":""idle"",""step"":""idle"",""label"":"""",""seq"":0,""targetSamples"":0,""sampleIntervalMs"":500,""maxDurationMs"":0,""useFanIntake"":true,""fanOnMs"":1000,""postFanSettleMs"":0,""nullingProfileId"":9,""queuePending"":0,""queueCapacity"":16,""queueEnqueued"":0,""queueDropped"":0,""publishFailCount"":0,""retryCount"":0,""retryFailCount"":0,""rejectedSamples"":0,""lastRejectReason"":""none"",""lastRejectChannel"":-1,""lastRejectOkFiniteCount"":0,""lastRejectStatus"":255,""lastRejectGain"":0,""lastRejectSaturated"":false},""recovery"":{""wifiReconnectCount"":0,""wifiReconnectFailCount"":0,""mqttReconnectCount"":0,""mqttConnectFailCount"":0,""lastMqttState"":0,""adsRecoveryCount"":0,""adsRecoveryFailCount"":0,""adsReadFailStreak"":0,""lastReason"":""none"",""lastRecoveryMs"":0,""bootRecoveryArmed"":false,""bootRecoveryDueMs"":0,""bootRecoveryReason"":""none"",""bootRecoveryNonAdsFailure"":false,""bootRecoveryRestartCount"":0},""nulling"":{""done"":false,""retryArmed"":false,""attemptCount"":0,""nextRetryMs"":0,""thresholdV"":9.999999747E-06,""minFinalV"":0},""telemetry"":{""valid"":true,""sampleMs"":6840816,""gasClass"":6,""gasName"":""CO2"",""confidence"":0,""alarm"":false,""sensorVoltage"":[0.119713381,0.004029788,0.004860729,-0.002608962,-0.009579366,-0.01157918,-0.019438745,-0.025355136],""sensorGain"":[32,64,64,64,64,64,64,64],""sensorStatus"":[0,0,0,0,0,0,0,0],""featureOrder"":[""MQ8"",""MQ135"",""MQ3"",""MQ5"",""MQ4"",""MQ7"",""MQ6"",""MQ2""]},""alarmLatched"":false}"
2026-08-04 11:15:05.554 +07:00,464.426,HOT_SWEEP_70,70,700,300,1,0,0.119659565,0.004092757,0.004934416,-0.002605441,-0.009612796,-0.011544689,-0.019420734,-0.02536492,"{""deviceId"":""1001"",""nodeId"":4097,""targetChId"":""0010"",""mode"":""inference"",""uptimeMs"":6841880,""debugEnabled"":true,""power"":{""mode"":""24v"",""externalPower"":true,""batteryMv"":65535,""batteryValid"":false,""batteryDetected"":false,""batterySenseStatus"":""not_detected"",""batteryLow"":false,""batteryCritical"":false,""sourceAmbiguous"":false,""serviceHoldActive"":false,""serviceHoldEffective"":false},""batterySession"":{""state"":""inactive"",""startedMs"":0,""stateStartedMs"":0,""validSampleBatches"":0,""requiredSampleBatches"":10,""alarmTxAttempts"":0,""alarmTxAttemptLimit"":3,""alarmAckReceived"":false,""pendingAlarm"":false,""pendingSaveRequired"":false,""persistenceFaultHold"":false,""completionReason"":""session_done""},""bootHealth"":{""adsReady"":true,""adsDrdyLevel"":0,""adsDrdyPulldownLevel"":0,""adsDrdyPullupLevel"":0,""adsMisoPulldownLevel"":0,""adsMisoPullupLevel"":1,""adsCsLevel"":1,""adsSyncLevel"":1,""adsStatus"":54,""adsMux"":15,""adsAdcon"":6,""adsDrate"":240,""adsReason"":""ok"",""tcaOk"":true,""mcpOkCount"":8,""mcpOk"":[true,true,true,true,true,true,true,true],""mcpAddrMask"":[1,1,1,1,1,1,1,1],""mcpControlTested"":true,""mcpControlOkCount"":8,""mcpControlOk"":[true,true,true,true,true,true,true,true],""dacReady"":true,""radioReady"":true,""mlReady"":true,""nullingProfileApplied"":true,""modelProfileReady"":false},""runtimeMcpCode"":[255,519,795,706,799,865,665,139],""model"":{""profileId"":""cnn-dualbranch-datasheet-v1-unbound"",""scalerProfileId"":""cnn-dualbranch-datasheet-v1-unbound"",""productionApproved"":true,""boundNullingProfileId"":8,""activeNullingProfileId"":9,""bindingValid"":true,""bindingModelMatches"":true,""profileReady"":false,""inferenceValid"":false,""sensorFault"":true},""lora"":{""beginState"":0,""lastTxState"":0,""lastTxOk"":false,""txSeq"":0,""txCounter"":0,""aesKeyProvisioned"":true,""aesKeyPresent"":true,""aesKeySource"":""nvs"",""keyId"":1,""lastDownlinkCommandId"":0,""freqMHz"":920,""bwKHz"":125,""sf"":7,""cr"":5,""syncWord"":18,""txPowerDbm"":17,""preamble"":8,""tcxoVoltage"":1.600000024,""xtalVoltage"":0},""dataset"":{""state"":""idle"",""step"":""idle"",""label"":"""",""seq"":0,""targetSamples"":0,""sampleIntervalMs"":500,""maxDurationMs"":0,""useFanIntake"":true,""fanOnMs"":1000,""postFanSettleMs"":0,""nullingProfileId"":9,""queuePending"":0,""queueCapacity"":16,""queueEnqueued"":0,""queueDropped"":0,""publishFailCount"":0,""retryCount"":0,""retryFailCount"":0,""rejectedSamples"":0,""lastRejectReason"":""none"",""lastRejectChannel"":-1,""lastRejectOkFiniteCount"":0,""lastRejectStatus"":255,""lastRejectGain"":0,""lastRejectSaturated"":false},""recovery"":{""wifiReconnectCount"":0,""wifiReconnectFailCount"":0,""mqttReconnectCount"":0,""mqttConnectFailCount"":0,""lastMqttState"":0,""adsRecoveryCount"":0,""adsRecoveryFailCount"":0,""adsReadFailStreak"":0,""lastReason"":""none"",""lastRecoveryMs"":0,""bootRecoveryArmed"":false,""bootRecoveryDueMs"":0,""bootRecoveryReason"":""none"",""bootRecoveryNonAdsFailure"":false,""bootRecoveryRestartCount"":0},""nulling"":{""done"":false,""retryArmed"":false,""attemptCount"":0,""nextRetryMs"":0,""thresholdV"":9.999999747E-06,""minFinalV"":0},""telemetry"":{""valid"":true,""sampleMs"":6841471,""gasClass"":6,""gasName"":""CO2"",""confidence"":0,""alarm"":false,""sensorVoltage"":[0.119659565,0.004092757,0.004934416,-0.002605441,-0.009612796,-0.011544689,-0.019420734,-0.02536492],""sensorGain"":[32,64,64,64,64,64,64,64],""sensorStatus"":[0,0,0,0,0,0,0,0],""featureOrder"":[""MQ8"",""MQ135"",""MQ3"",""MQ5"",""MQ4"",""MQ7"",""MQ6"",""MQ2""]},""alarmLatched"":false}"
2026-08-04 11:15:06.240 +07:00,465.121,HOT_SWEEP_70,70,700,300,1,0,0.120450854,0.004103954,0.005017667,-0.002601307,-0.009384092,-0.011251203,-0.019067304,-0.024920512,"{""deviceId"":""1001"",""nodeId"":4097,""targetChId"":""0010"",""mode"":""inference"",""uptimeMs"":6842572,""debugEnabled"":true,""power"":{""mode"":""24v"",""externalPower"":true,""batteryMv"":65535,""batteryValid"":false,""batteryDetected"":false,""batterySenseStatus"":""not_detected"",""batteryLow"":false,""batteryCritical"":false,""sourceAmbiguous"":false,""serviceHoldActive"":false,""serviceHoldEffective"":false},""batterySession"":{""state"":""inactive"",""startedMs"":0,""stateStartedMs"":0,""validSampleBatches"":0,""requiredSampleBatches"":10,""alarmTxAttempts"":0,""alarmTxAttemptLimit"":3,""alarmAckReceived"":false,""pendingAlarm"":false,""pendingSaveRequired"":false,""persistenceFaultHold"":false,""completionReason"":""session_done""},""bootHealth"":{""adsReady"":true,""adsDrdyLevel"":0,""adsDrdyPulldownLevel"":0,""adsDrdyPullupLevel"":0,""adsMisoPulldownLevel"":0,""adsMisoPullupLevel"":1,""adsCsLevel"":1,""adsSyncLevel"":1,""adsStatus"":54,""adsMux"":15,""adsAdcon"":6,""adsDrate"":240,""adsReason"":""ok"",""tcaOk"":true,""mcpOkCount"":8,""mcpOk"":[true,true,true,true,true,true,true,true],""mcpAddrMask"":[1,1,1,1,1,1,1,1],""mcpControlTested"":true,""mcpControlOkCount"":8,""mcpControlOk"":[true,true,true,true,true,true,true,true],""dacReady"":true,""radioReady"":true,""mlReady"":true,""nullingProfileApplied"":true,""modelProfileReady"":false},""runtimeMcpCode"":[255,519,795,706,799,865,665,139],""model"":{""profileId"":""cnn-dualbranch-datasheet-v1-unbound"",""scalerProfileId"":""cnn-dualbranch-datasheet-v1-unbound"",""productionApproved"":true,""boundNullingProfileId"":8,""activeNullingProfileId"":9,""bindingValid"":true,""bindingModelMatches"":true,""profileReady"":false,""inferenceValid"":false,""sensorFault"":true},""lora"":{""beginState"":0,""lastTxState"":0,""lastTxOk"":false,""txSeq"":0,""txCounter"":0,""aesKeyProvisioned"":true,""aesKeyPresent"":true,""aesKeySource"":""nvs"",""keyId"":1,""lastDownlinkCommandId"":0,""freqMHz"":920,""bwKHz"":125,""sf"":7,""cr"":5,""syncWord"":18,""txPowerDbm"":17,""preamble"":8,""tcxoVoltage"":1.600000024,""xtalVoltage"":0},""dataset"":{""state"":""idle"",""step"":""idle"",""label"":"""",""seq"":0,""targetSamples"":0,""sampleIntervalMs"":500,""maxDurationMs"":0,""useFanIntake"":true,""fanOnMs"":1000,""postFanSettleMs"":0,""nullingProfileId"":9,""queuePending"":0,""queueCapacity"":16,""queueEnqueued"":0,""queueDropped"":0,""publishFailCount"":0,""retryCount"":0,""retryFailCount"":0,""rejectedSamples"":0,""lastRejectReason"":""none"",""lastRejectChannel"":-1,""lastRejectOkFiniteCount"":0,""lastRejectStatus"":255,""lastRejectGain"":0,""lastRejectSaturated"":false},""recovery"":{""wifiReconnectCount"":0,""wifiReconnectFailCount"":0,""mqttReconnectCount"":0,""mqttConnectFailCount"":0,""lastMqttState"":0,""adsRecoveryCount"":0,""adsRecoveryFailCount"":0,""adsReadFailStreak"":0,""lastReason"":""none"",""lastRecoveryMs"":0,""bootRecoveryArmed"":false,""bootRecoveryDueMs"":0,""bootRecoveryReason"":""none"",""bootRecoveryNonAdsFailure"":false,""bootRecoveryRestartCount"":0},""nulling"":{""done"":false,""retryArmed"":false,""attemptCount"":0,""nextRetryMs"":0,""thresholdV"":9.999999747E-06,""minFinalV"":0},""telemetry"":{""valid"":true,""sampleMs"":6842158,""gasClass"":6,""gasName"":""CO2"",""confidence"":0,""alarm"":false,""sensorVoltage"":[0.120450854,0.004103954,0.005017667,-0.002601307,-0.009384092,-0.011251203,-0.019067304,-0.024920512],""sensorGain"":[32,64,64,64,64,64,64,64],""sensorStatus"":[0,0,0,0,0,0,0,0],""featureOrder"":[""MQ8"",""MQ135"",""MQ3"",""MQ5"",""MQ4"",""MQ7"",""MQ6"",""MQ2""]},""alarmLatched"":false}"
2026-08-04 11:15:06.920 +07:00,465.801,HOT_SWEEP_70,70,700,300,1,0,0.120312214,0.004130268,0.005026765,-0.002593822,-0.009416995,-0.011589792,-0.01948295,-0.025347337,"{""deviceId"":""1001"",""nodeId"":4097,""targetChId"":""0010"",""mode"":""inference"",""uptimeMs"":6843256,""debugEnabled"":true,""power"":{""mode"":""24v"",""externalPower"":true,""batteryMv"":65535,""batteryValid"":false,""batteryDetected"":false,""batterySenseStatus"":""not_detected"",""batteryLow"":false,""batteryCritical"":false,""sourceAmbiguous"":false,""serviceHoldActive"":false,""serviceHoldEffective"":false},""batterySession"":{""state"":""inactive"",""startedMs"":0,""stateStartedMs"":0,""validSampleBatches"":0,""requiredSampleBatches"":10,""alarmTxAttempts"":0,""alarmTxAttemptLimit"":3,""alarmAckReceived"":false,""pendingAlarm"":false,""pendingSaveRequired"":false,""persistenceFaultHold"":false,""completionReason"":""session_done""},""bootHealth"":{""adsReady"":true,""adsDrdyLevel"":0,""adsDrdyPulldownLevel"":0,""adsDrdyPullupLevel"":0,""adsMisoPulldownLevel"":0,""adsMisoPullupLevel"":1,""adsCsLevel"":1,""adsSyncLevel"":1,""adsStatus"":54,""adsMux"":15,""adsAdcon"":6,""adsDrate"":240,""adsReason"":""ok"",""tcaOk"":true,""mcpOkCount"":8,""mcpOk"":[true,true,true,true,true,true,true,true],""mcpAddrMask"":[1,1,1,1,1,1,1,1],""mcpControlTested"":true,""mcpControlOkCount"":8,""mcpControlOk"":[true,true,true,true,true,true,true,true],""dacReady"":true,""radioReady"":true,""mlReady"":true,""nullingProfileApplied"":true,""modelProfileReady"":false},""runtimeMcpCode"":[255,519,795,706,799,865,665,139],""model"":{""profileId"":""cnn-dualbranch-datasheet-v1-unbound"",""scalerProfileId"":""cnn-dualbranch-datasheet-v1-unbound"",""productionApproved"":true,""boundNullingProfileId"":8,""activeNullingProfileId"":9,""bindingValid"":true,""bindingModelMatches"":true,""profileReady"":false,""inferenceValid"":false,""sensorFault"":true},""lora"":{""beginState"":0,""lastTxState"":0,""lastTxOk"":false,""txSeq"":0,""txCounter"":0,""aesKeyProvisioned"":true,""aesKeyPresent"":true,""aesKeySource"":""nvs"",""keyId"":1,""lastDownlinkCommandId"":0,""freqMHz"":920,""bwKHz"":125,""sf"":7,""cr"":5,""syncWord"":18,""txPowerDbm"":17,""preamble"":8,""tcxoVoltage"":1.600000024,""xtalVoltage"":0},""dataset"":{""state"":""idle"",""step"":""idle"",""label"":"""",""seq"":0,""targetSamples"":0,""sampleIntervalMs"":500,""maxDurationMs"":0,""useFanIntake"":true,""fanOnMs"":1000,""postFanSettleMs"":0,""nullingProfileId"":9,""queuePending"":0,""queueCapacity"":16,""queueEnqueued"":0,""queueDropped"":0,""publishFailCount"":0,""retryCount"":0,""retryFailCount"":0,""rejectedSamples"":0,""lastRejectReason"":""none"",""lastRejectChannel"":-1,""lastRejectOkFiniteCount"":0,""lastRejectStatus"":255,""lastRejectGain"":0,""lastRejectSaturated"":false},""recovery"":{""wifiReconnectCount"":0,""wifiReconnectFailCount"":0,""mqttReconnectCount"":0,""mqttConnectFailCount"":0,""lastMqttState"":0,""adsRecoveryCount"":0,""adsRecoveryFailCount"":0,""adsReadFailStreak"":0,""lastReason"":""none"",""lastRecoveryMs"":0,""bootRecoveryArmed"":false,""bootRecoveryDueMs"":0,""bootRecoveryReason"":""none"",""bootRecoveryNonAdsFailure"":false,""bootRecoveryRestartCount"":0},""nulling"":{""done"":false,""retryArmed"":false,""attemptCount"":0,""nextRetryMs"":0,""thresholdV"":9.999999747E-06,""minFinalV"":0},""telemetry"":{""valid"":true,""sampleMs"":6842882,""gasClass"":6,""gasName"":""CO2"",""confidence"":0,""alarm"":false,""sensorVoltage"":[0.120312214,0.004130268,0.005026765,-0.002593822,-0.009416995,-0.011589792,-0.01948295,-0.025347337],""sensorGain"":[32,64,64,64,64,64,64,64],""sensorStatus"":[0,0,0,0,0,0,0,0],""featureOrder"":[""MQ8"",""MQ135"",""MQ3"",""MQ5"",""MQ4"",""MQ7"",""MQ6"",""MQ2""]},""alarmLatched"":false}"
2026-08-04 11:15:07.597 +07:00,466.477,HOT_SWEEP_70,70,700,300,1,0,0.120137788,0.004192567,0.005005589,-0.002576617,-0.009413541,-0.01158501,-0.019483203,-0.025316477,"{""deviceId"":""1001"",""nodeId"":4097,""targetChId"":""0010"",""mode"":""inference"",""uptimeMs"":6843925,""debugEnabled"":true,""power"":{""mode"":""24v"",""externalPower"":true,""batteryMv"":65535,""batteryValid"":false,""batteryDetected"":false,""batterySenseStatus"":""not_detected"",""batteryLow"":false,""batteryCritical"":false,""sourceAmbiguous"":false,""serviceHoldActive"":false,""serviceHoldEffective"":false},""batterySession"":{""state"":""inactive"",""startedMs"":0,""stateStartedMs"":0,""validSampleBatches"":0,""requiredSampleBatches"":10,""alarmTxAttempts"":0,""alarmTxAttemptLimit"":3,""alarmAckReceived"":false,""pendingAlarm"":false,""pendingSaveRequired"":false,""persistenceFaultHold"":false,""completionReason"":""session_done""},""bootHealth"":{""adsReady"":true,""adsDrdyLevel"":0,""adsDrdyPulldownLevel"":0,""adsDrdyPullupLevel"":0,""adsMisoPulldownLevel"":0,""adsMisoPullupLevel"":1,""adsCsLevel"":1,""adsSyncLevel"":1,""adsStatus"":54,""adsMux"":15,""adsAdcon"":6,""adsDrate"":240,""adsReason"":""ok"",""tcaOk"":true,""mcpOkCount"":8,""mcpOk"":[true,true,true,true,true,true,true,true],""mcpAddrMask"":[1,1,1,1,1,1,1,1],""mcpControlTested"":true,""mcpControlOkCount"":8,""mcpControlOk"":[true,true,true,true,true,true,true,true],""dacReady"":true,""radioReady"":true,""mlReady"":true,""nullingProfileApplied"":true,""modelProfileReady"":false},""runtimeMcpCode"":[255,519,795,706,799,865,665,139],""model"":{""profileId"":""cnn-dualbranch-datasheet-v1-unbound"",""scalerProfileId"":""cnn-dualbranch-datasheet-v1-unbound"",""productionApproved"":true,""boundNullingProfileId"":8,""activeNullingProfileId"":9,""bindingValid"":true,""bindingModelMatches"":true,""profileReady"":false,""inferenceValid"":false,""sensorFault"":true},""lora"":{""beginState"":0,""lastTxState"":0,""lastTxOk"":false,""txSeq"":0,""txCounter"":0,""aesKeyProvisioned"":true,""aesKeyPresent"":true,""aesKeySource"":""nvs"",""keyId"":1,""lastDownlinkCommandId"":0,""freqMHz"":920,""bwKHz"":125,""sf"":7,""cr"":5,""syncWord"":18,""txPowerDbm"":17,""preamble"":8,""tcxoVoltage"":1.600000024,""xtalVoltage"":0},""dataset"":{""state"":""idle"",""step"":""idle"",""label"":"""",""seq"":0,""targetSamples"":0,""sampleIntervalMs"":500,""maxDurationMs"":0,""useFanIntake"":true,""fanOnMs"":1000,""postFanSettleMs"":0,""nullingProfileId"":9,""queuePending"":0,""queueCapacity"":16,""queueEnqueued"":0,""queueDropped"":0,""publishFailCount"":0,""retryCount"":0,""retryFailCount"":0,""rejectedSamples"":0,""lastRejectReason"":""none"",""lastRejectChannel"":-1,""lastRejectOkFiniteCount"":0,""lastRejectStatus"":255,""lastRejectGain"":0,""lastRejectSaturated"":false},""recovery"":{""wifiReconnectCount"":0,""wifiReconnectFailCount"":0,""mqttReconnectCount"":0,""mqttConnectFailCount"":0,""lastMqttState"":0,""adsRecoveryCount"":0,""adsRecoveryFailCount"":0,""adsReadFailStreak"":0,""lastReason"":""none"",""lastRecoveryMs"":0,""bootRecoveryArmed"":false,""bootRecoveryDueMs"":0,""bootRecoveryReason"":""none"",""bootRecoveryNonAdsFailure"":false,""bootRecoveryRestartCount"":0},""nulling"":{""done"":false,""retryArmed"":false,""attemptCount"":0,""nextRetryMs"":0,""thresholdV"":9.999999747E-06,""minFinalV"":0},""telemetry"":{""valid"":true,""sampleMs"":6843534,""gasClass"":6,""gasName"":""CO2"",""confidence"":0,""alarm"":false,""sensorVoltage"":[0.120137788,0.004192567,0.005005589,-0.002576617,-0.009413541,-0.01158501,-0.019483203,-0.025316477],""sensorGain"":[32,64,64,64,64,64,64,64],""sensorStatus"":[0,0,0,0,0,0,0,0],""featureOrder"":[""MQ8"",""MQ135"",""MQ3"",""MQ5"",""MQ4"",""MQ7"",""MQ6"",""MQ2""]},""alarmLatched"":false}"
2026-08-04 11:15:08.291 +07:00,467.172,HOT_SWEEP_70,70,700,300,1,0,0.121007442,0.004221595,0.004923909,-0.002548988,-0.009178566,-0.011357738,-0.019102557,-0.025304204,"{""deviceId"":""1001"",""nodeId"":4097,""targetChId"":""0010"",""mode"":""inference"",""uptimeMs"":6844622,""debugEnabled"":true,""power"":{""mode"":""24v"",""externalPower"":true,""batteryMv"":65535,""batteryValid"":false,""batteryDetected"":false,""batterySenseStatus"":""not_detected"",""batteryLow"":false,""batteryCritical"":false,""sourceAmbiguous"":false,""serviceHoldActive"":false,""serviceHoldEffective"":false},""batterySession"":{""state"":""inactive"",""startedMs"":0,""stateStartedMs"":0,""validSampleBatches"":0,""requiredSampleBatches"":10,""alarmTxAttempts"":0,""alarmTxAttemptLimit"":3,""alarmAckReceived"":false,""pendingAlarm"":false,""pendingSaveRequired"":false,""persistenceFaultHold"":false,""completionReason"":""session_done""},""bootHealth"":{""adsReady"":true,""adsDrdyLevel"":0,""adsDrdyPulldownLevel"":0,""adsDrdyPullupLevel"":0,""adsMisoPulldownLevel"":0,""adsMisoPullupLevel"":1,""adsCsLevel"":1,""adsSyncLevel"":1,""adsStatus"":54,""adsMux"":15,""adsAdcon"":6,""adsDrate"":240,""adsReason"":""ok"",""tcaOk"":true,""mcpOkCount"":8,""mcpOk"":[true,true,true,true,true,true,true,true],""mcpAddrMask"":[1,1,1,1,1,1,1,1],""mcpControlTested"":true,""mcpControlOkCount"":8,""mcpControlOk"":[true,true,true,true,true,true,true,true],""dacReady"":true,""radioReady"":true,""mlReady"":true,""nullingProfileApplied"":true,""modelProfileReady"":false},""runtimeMcpCode"":[255,519,795,706,799,865,665,139],""model"":{""profileId"":""cnn-dualbranch-datasheet-v1-unbound"",""scalerProfileId"":""cnn-dualbranch-datasheet-v1-unbound"",""productionApproved"":true,""boundNullingProfileId"":8,""activeNullingProfileId"":9,""bindingValid"":true,""bindingModelMatches"":true,""profileReady"":false,""inferenceValid"":false,""sensorFault"":true},""lora"":{""beginState"":0,""lastTxState"":0,""lastTxOk"":false,""txSeq"":0,""txCounter"":0,""aesKeyProvisioned"":true,""aesKeyPresent"":true,""aesKeySource"":""nvs"",""keyId"":1,""lastDownlinkCommandId"":0,""freqMHz"":920,""bwKHz"":125,""sf"":7,""cr"":5,""syncWord"":18,""txPowerDbm"":17,""preamble"":8,""tcxoVoltage"":1.600000024,""xtalVoltage"":0},""dataset"":{""state"":""idle"",""step"":""idle"",""label"":"""",""seq"":0,""targetSamples"":0,""sampleIntervalMs"":500,""maxDurationMs"":0,""useFanIntake"":true,""fanOnMs"":1000,""postFanSettleMs"":0,""nullingProfileId"":9,""queuePending"":0,""queueCapacity"":16,""queueEnqueued"":0,""queueDropped"":0,""publishFailCount"":0,""retryCount"":0,""retryFailCount"":0,""rejectedSamples"":0,""lastRejectReason"":""none"",""lastRejectChannel"":-1,""lastRejectOkFiniteCount"":0,""lastRejectStatus"":255,""lastRejectGain"":0,""lastRejectSaturated"":false},""recovery"":{""wifiReconnectCount"":0,""wifiReconnectFailCount"":0,""mqttReconnectCount"":0,""mqttConnectFailCount"":0,""lastMqttState"":0,""adsRecoveryCount"":0,""adsRecoveryFailCount"":0,""adsReadFailStreak"":0,""lastReason"":""none"",""lastRecoveryMs"":0,""bootRecoveryArmed"":false,""bootRecoveryDueMs"":0,""bootRecoveryReason"":""none"",""bootRecoveryNonAdsFailure"":false,""bootRecoveryRestartCount"":0},""nulling"":{""done"":false,""retryArmed"":false,""attemptCount"":0,""nextRetryMs"":0,""thresholdV"":9.999999747E-06,""minFinalV"":0},""telemetry"":{""valid"":true,""sampleMs"":6844203,""gasClass"":6,""gasName"":""CO2"",""confidence"":0,""alarm"":false,""sensorVoltage"":[0.121007442,0.004221595,0.004923909,-0.002548988,-0.009178566,-0.011357738,-0.019102557,-0.025304204],""sensorGain"":[32,64,64,64,64,64,64,64],""sensorStatus"":[0,0,0,0,0,0,0,0],""featureOrder"":[""MQ8"",""MQ135"",""MQ3"",""MQ5"",""MQ4"",""MQ7"",""MQ6"",""MQ2""]},""alarmLatched"":false}"
2026-08-04 11:15:08.989 +07:00,467.869,HOT_SWEEP_70,70,700,300,1,0,0.120712377,0.004201487,0.004911768,-0.002611034,-0.009402873,-0.011634165,-0.019101944,-0.025285006,"{""deviceId"":""1001"",""nodeId"":4097,""targetChId"":""0010"",""mode"":""inference"",""uptimeMs"":6845318,""debugEnabled"":true,""power"":{""mode"":""24v"",""externalPower"":true,""batteryMv"":65535,""batteryValid"":false,""batteryDetected"":false,""batterySenseStatus"":""not_detected"",""batteryLow"":false,""batteryCritical"":false,""sourceAmbiguous"":false,""serviceHoldActive"":false,""serviceHoldEffective"":false},""batterySession"":{""state"":""inactive"",""startedMs"":0,""stateStartedMs"":0,""validSampleBatches"":0,""requiredSampleBatches"":10,""alarmTxAttempts"":0,""alarmTxAttemptLimit"":3,""alarmAckReceived"":false,""pendingAlarm"":false,""pendingSaveRequired"":false,""persistenceFaultHold"":false,""completionReason"":""session_done""},""bootHealth"":{""adsReady"":true,""adsDrdyLevel"":0,""adsDrdyPulldownLevel"":0,""adsDrdyPullupLevel"":0,""adsMisoPulldownLevel"":0,""adsMisoPullupLevel"":1,""adsCsLevel"":1,""adsSyncLevel"":1,""adsStatus"":54,""adsMux"":15,""adsAdcon"":6,""adsDrate"":240,""adsReason"":""ok"",""tcaOk"":true,""mcpOkCount"":8,""mcpOk"":[true,true,true,true,true,true,true,true],""mcpAddrMask"":[1,1,1,1,1,1,1,1],""mcpControlTested"":true,""mcpControlOkCount"":8,""mcpControlOk"":[true,true,true,true,true,true,true,true],""dacReady"":true,""radioReady"":true,""mlReady"":true,""nullingProfileApplied"":true,""modelProfileReady"":false},""runtimeMcpCode"":[255,519,795,706,799,865,665,139],""model"":{""profileId"":""cnn-dualbranch-datasheet-v1-unbound"",""scalerProfileId"":""cnn-dualbranch-datasheet-v1-unbound"",""productionApproved"":true,""boundNullingProfileId"":8,""activeNullingProfileId"":9,""bindingValid"":true,""bindingModelMatches"":true,""profileReady"":false,""inferenceValid"":false,""sensorFault"":true},""lora"":{""beginState"":0,""lastTxState"":0,""lastTxOk"":false,""txSeq"":0,""txCounter"":0,""aesKeyProvisioned"":true,""aesKeyPresent"":true,""aesKeySource"":""nvs"",""keyId"":1,""lastDownlinkCommandId"":0,""freqMHz"":920,""bwKHz"":125,""sf"":7,""cr"":5,""syncWord"":18,""txPowerDbm"":17,""preamble"":8,""tcxoVoltage"":1.600000024,""xtalVoltage"":0},""dataset"":{""state"":""idle"",""step"":""idle"",""label"":"""",""seq"":0,""targetSamples"":0,""sampleIntervalMs"":500,""maxDurationMs"":0,""useFanIntake"":true,""fanOnMs"":1000,""postFanSettleMs"":0,""nullingProfileId"":9,""queuePending"":0,""queueCapacity"":16,""queueEnqueued"":0,""queueDropped"":0,""publishFailCount"":0,""retryCount"":0,""retryFailCount"":0,""rejectedSamples"":0,""lastRejectReason"":""none"",""lastRejectChannel"":-1,""lastRejectOkFiniteCount"":0,""lastRejectStatus"":255,""lastRejectGain"":0,""lastRejectSaturated"":false},""recovery"":{""wifiReconnectCount"":0,""wifiReconnectFailCount"":0,""mqttReconnectCount"":0,""mqttConnectFailCount"":0,""lastMqttState"":0,""adsRecoveryCount"":0,""adsRecoveryFailCount"":0,""adsReadFailStreak"":0,""lastReason"":""none"",""lastRecoveryMs"":0,""bootRecoveryArmed"":false,""bootRecoveryDueMs"":0,""bootRecoveryReason"":""none"",""bootRecoveryNonAdsFailure"":false,""bootRecoveryRestartCount"":0},""nulling"":{""done"":false,""retryArmed"":false,""attemptCount"":0,""nextRetryMs"":0,""thresholdV"":9.999999747E-06,""minFinalV"":0},""telemetry"":{""valid"":true,""sampleMs"":6844932,""gasClass"":6,""gasName"":""CO2"",""confidence"":0,""alarm"":false,""sensorVoltage"":[0.120712377,0.004201487,0.004911768,-0.002611034,-0.009402873,-0.011634165,-0.019101944,-0.025285006],""sensorGain"":[32,64,64,64,64,64,64,64],""sensorStatus"":[0,0,0,0,0,0,0,0],""featureOrder"":[""MQ8"",""MQ135"",""MQ3"",""MQ5"",""MQ4"",""MQ7"",""MQ6"",""MQ2""]},""alarmLatched"":false}"
2026-08-04 11:15:09.663 +07:00,468.544,HOT_SWEEP_70,70,700,300,1,0,0.12011604,0.004205848,0.004906893,-0.002590903,-0.009420976,-0.011615725,-0.019076137,-0.025211465,"{""deviceId"":""1001"",""nodeId"":4097,""targetChId"":""0010"",""mode"":""inference"",""uptimeMs"":6846005,""debugEnabled"":true,""power"":{""mode"":""24v"",""externalPower"":true,""batteryMv"":65535,""batteryValid"":false,""batteryDetected"":false,""batterySenseStatus"":""not_detected"",""batteryLow"":false,""batteryCritical"":false,""sourceAmbiguous"":false,""serviceHoldActive"":false,""serviceHoldEffective"":false},""batterySession"":{""state"":""inactive"",""startedMs"":0,""stateStartedMs"":0,""validSampleBatches"":0,""requiredSampleBatches"":10,""alarmTxAttempts"":0,""alarmTxAttemptLimit"":3,""alarmAckReceived"":false,""pendingAlarm"":false,""pendingSaveRequired"":false,""persistenceFaultHold"":false,""completionReason"":""session_done""},""bootHealth"":{""adsReady"":true,""adsDrdyLevel"":0,""adsDrdyPulldownLevel"":0,""adsDrdyPullupLevel"":0,""adsMisoPulldownLevel"":0,""adsMisoPullupLevel"":1,""adsCsLevel"":1,""adsSyncLevel"":1,""adsStatus"":54,""adsMux"":15,""adsAdcon"":6,""adsDrate"":240,""adsReason"":""ok"",""tcaOk"":true,""mcpOkCount"":8,""mcpOk"":[true,true,true,true,true,true,true,true],""mcpAddrMask"":[1,1,1,1,1,1,1,1],""mcpControlTested"":true,""mcpControlOkCount"":8,""mcpControlOk"":[true,true,true,true,true,true,true,true],""dacReady"":true,""radioReady"":true,""mlReady"":true,""nullingProfileApplied"":true,""modelProfileReady"":false},""runtimeMcpCode"":[255,519,795,706,799,865,665,139],""model"":{""profileId"":""cnn-dualbranch-datasheet-v1-unbound"",""scalerProfileId"":""cnn-dualbranch-datasheet-v1-unbound"",""productionApproved"":true,""boundNullingProfileId"":8,""activeNullingProfileId"":9,""bindingValid"":true,""bindingModelMatches"":true,""profileReady"":false,""inferenceValid"":false,""sensorFault"":true},""lora"":{""beginState"":0,""lastTxState"":0,""lastTxOk"":false,""txSeq"":0,""txCounter"":0,""aesKeyProvisioned"":true,""aesKeyPresent"":true,""aesKeySource"":""nvs"",""keyId"":1,""lastDownlinkCommandId"":0,""freqMHz"":920,""bwKHz"":125,""sf"":7,""cr"":5,""syncWord"":18,""txPowerDbm"":17,""preamble"":8,""tcxoVoltage"":1.600000024,""xtalVoltage"":0},""dataset"":{""state"":""idle"",""step"":""idle"",""label"":"""",""seq"":0,""targetSamples"":0,""sampleIntervalMs"":500,""maxDurationMs"":0,""useFanIntake"":true,""fanOnMs"":1000,""postFanSettleMs"":0,""nullingProfileId"":9,""queuePending"":0,""queueCapacity"":16,""queueEnqueued"":0,""queueDropped"":0,""publishFailCount"":0,""retryCount"":0,""retryFailCount"":0,""rejectedSamples"":0,""lastRejectReason"":""none"",""lastRejectChannel"":-1,""lastRejectOkFiniteCount"":0,""lastRejectStatus"":255,""lastRejectGain"":0,""lastRejectSaturated"":false},""recovery"":{""wifiReconnectCount"":0,""wifiReconnectFailCount"":0,""mqttReconnectCount"":0,""mqttConnectFailCount"":0,""lastMqttState"":0,""adsRecoveryCount"":0,""adsRecoveryFailCount"":0,""adsReadFailStreak"":0,""lastReason"":""none"",""lastRecoveryMs"":0,""bootRecoveryArmed"":false,""bootRecoveryDueMs"":0,""bootRecoveryReason"":""none"",""bootRecoveryNonAdsFailure"":false,""bootRecoveryRestartCount"":0},""nulling"":{""done"":false,""retryArmed"":false,""attemptCount"":0,""nextRetryMs"":0,""thresholdV"":9.999999747E-06,""minFinalV"":0},""telemetry"":{""valid"":true,""sampleMs"":6845596,""gasClass"":6,""gasName"":""CO2"",""confidence"":0,""alarm"":false,""sensorVoltage"":[0.12011604,0.004205848,0.004906893,-0.002590903,-0.009420976,-0.011615725,-0.019076137,-0.025211465],""sensorGain"":[32,64,64,64,64,64,64,64],""sensorStatus"":[0,0,0,0,0,0,0,0],""featureOrder"":[""MQ8"",""MQ135"",""MQ3"",""MQ5"",""MQ4"",""MQ7"",""MQ6"",""MQ2""]},""alarmLatched"":false}"
2026-08-04 11:15:10.373 +07:00,469.254,HOT_SWEEP_70,70,700,300,1,0,0.121202134,0.004185379,0.004890756,-0.002526558,-0.009442699,-0.011591855,-0.019115012,-0.025193255,"{""deviceId"":""1001"",""nodeId"":4097,""targetChId"":""0010"",""mode"":""inference"",""uptimeMs"":6846702,""debugEnabled"":true,""power"":{""mode"":""24v"",""externalPower"":true,""batteryMv"":65535,""batteryValid"":false,""batteryDetected"":false,""batterySenseStatus"":""not_detected"",""batteryLow"":false,""batteryCritical"":false,""sourceAmbiguous"":false,""serviceHoldActive"":false,""serviceHoldEffective"":false},""batterySession"":{""state"":""inactive"",""startedMs"":0,""stateStartedMs"":0,""validSampleBatches"":0,""requiredSampleBatches"":10,""alarmTxAttempts"":0,""alarmTxAttemptLimit"":3,""alarmAckReceived"":false,""pendingAlarm"":false,""pendingSaveRequired"":false,""persistenceFaultHold"":false,""completionReason"":""session_done""},""bootHealth"":{""adsReady"":true,""adsDrdyLevel"":0,""adsDrdyPulldownLevel"":0,""adsDrdyPullupLevel"":0,""adsMisoPulldownLevel"":0,""adsMisoPullupLevel"":1,""adsCsLevel"":1,""adsSyncLevel"":1,""adsStatus"":54,""adsMux"":15,""adsAdcon"":6,""adsDrate"":240,""adsReason"":""ok"",""tcaOk"":true,""mcpOkCount"":8,""mcpOk"":[true,true,true,true,true,true,true,true],""mcpAddrMask"":[1,1,1,1,1,1,1,1],""mcpControlTested"":true,""mcpControlOkCount"":8,""mcpControlOk"":[true,true,true,true,true,true,true,true],""dacReady"":true,""radioReady"":true,""mlReady"":true,""nullingProfileApplied"":true,""modelProfileReady"":false},""runtimeMcpCode"":[255,519,795,706,799,865,665,139],""model"":{""profileId"":""cnn-dualbranch-datasheet-v1-unbound"",""scalerProfileId"":""cnn-dualbranch-datasheet-v1-unbound"",""productionApproved"":true,""boundNullingProfileId"":8,""activeNullingProfileId"":9,""bindingValid"":true,""bindingModelMatches"":true,""profileReady"":false,""inferenceValid"":false,""sensorFault"":true},""lora"":{""beginState"":0,""lastTxState"":0,""lastTxOk"":false,""txSeq"":0,""txCounter"":0,""aesKeyProvisioned"":true,""aesKeyPresent"":true,""aesKeySource"":""nvs"",""keyId"":1,""lastDownlinkCommandId"":0,""freqMHz"":920,""bwKHz"":125,""sf"":7,""cr"":5,""syncWord"":18,""txPowerDbm"":17,""preamble"":8,""tcxoVoltage"":1.600000024,""xtalVoltage"":0},""dataset"":{""state"":""idle"",""step"":""idle"",""label"":"""",""seq"":0,""targetSamples"":0,""sampleIntervalMs"":500,""maxDurationMs"":0,""useFanIntake"":true,""fanOnMs"":1000,""postFanSettleMs"":0,""nullingProfileId"":9,""queuePending"":0,""queueCapacity"":16,""queueEnqueued"":0,""queueDropped"":0,""publishFailCount"":0,""retryCount"":0,""retryFailCount"":0,""rejectedSamples"":0,""lastRejectReason"":""none"",""lastRejectChannel"":-1,""lastRejectOkFiniteCount"":0,""lastRejectStatus"":255,""lastRejectGain"":0,""lastRejectSaturated"":false},""recovery"":{""wifiReconnectCount"":0,""wifiReconnectFailCount"":0,""mqttReconnectCount"":0,""mqttConnectFailCount"":0,""lastMqttState"":0,""adsRecoveryCount"":0,""adsRecoveryFailCount"":0,""adsReadFailStreak"":0,""lastReason"":""none"",""lastRecoveryMs"":0,""bootRecoveryArmed"":false,""bootRecoveryDueMs"":0,""bootRecoveryReason"":""none"",""bootRecoveryNonAdsFailure"":false,""bootRecoveryRestartCount"":0},""nulling"":{""done"":false,""retryArmed"":false,""attemptCount"":0,""nextRetryMs"":0,""thresholdV"":9.999999747E-06,""minFinalV"":0},""telemetry"":{""valid"":true,""sampleMs"":6846283,""gasClass"":6,""gasName"":""CO2"",""confidence"":0,""alarm"":false,""sensorVoltage"":[0.121202134,0.004185379,0.004890756,-0.002526558,-0.009442699,-0.011591855,-0.019115012,-0.025193255],""sensorGain"":[32,64,64,64,64,64,64,64],""sensorStatus"":[0,0,0,0,0,0,0,0],""featureOrder"":[""MQ8"",""MQ135"",""MQ3"",""MQ5"",""MQ4"",""MQ7"",""MQ6"",""MQ2""]},""alarmLatched"":false}"
2026-08-04 11:15:11.054 +07:00,469.933,HOT_SWEEP_70,70,700,300,1,0,0.121005833,0.004136688,0.004944483,-0.002539937,-0.009421221,-0.011595501,-0.019093316,-0.025208468,"{""deviceId"":""1001"",""nodeId"":4097,""targetChId"":""0010"",""mode"":""inference"",""uptimeMs"":6847381,""debugEnabled"":true,""power"":{""mode"":""24v"",""externalPower"":true,""batteryMv"":65535,""batteryValid"":false,""batteryDetected"":false,""batterySenseStatus"":""not_detected"",""batteryLow"":false,""batteryCritical"":false,""sourceAmbiguous"":false,""serviceHoldActive"":false,""serviceHoldEffective"":false},""batterySession"":{""state"":""inactive"",""startedMs"":0,""stateStartedMs"":0,""validSampleBatches"":0,""requiredSampleBatches"":10,""alarmTxAttempts"":0,""alarmTxAttemptLimit"":3,""alarmAckReceived"":false,""pendingAlarm"":false,""pendingSaveRequired"":false,""persistenceFaultHold"":false,""completionReason"":""session_done""},""bootHealth"":{""adsReady"":true,""adsDrdyLevel"":0,""adsDrdyPulldownLevel"":0,""adsDrdyPullupLevel"":0,""adsMisoPulldownLevel"":0,""adsMisoPullupLevel"":1,""adsCsLevel"":1,""adsSyncLevel"":1,""adsStatus"":54,""adsMux"":15,""adsAdcon"":6,""adsDrate"":240,""adsReason"":""ok"",""tcaOk"":true,""mcpOkCount"":8,""mcpOk"":[true,true,true,true,true,true,true,true],""mcpAddrMask"":[1,1,1,1,1,1,1,1],""mcpControlTested"":true,""mcpControlOkCount"":8,""mcpControlOk"":[true,true,true,true,true,true,true,true],""dacReady"":true,""radioReady"":true,""mlReady"":true,""nullingProfileApplied"":true,""modelProfileReady"":false},""runtimeMcpCode"":[255,519,795,706,799,865,665,139],""model"":{""profileId"":""cnn-dualbranch-datasheet-v1-unbound"",""scalerProfileId"":""cnn-dualbranch-datasheet-v1-unbound"",""productionApproved"":true,""boundNullingProfileId"":8,""activeNullingProfileId"":9,""bindingValid"":true,""bindingModelMatches"":true,""profileReady"":false,""inferenceValid"":false,""sensorFault"":true},""lora"":{""beginState"":0,""lastTxState"":0,""lastTxOk"":false,""txSeq"":0,""txCounter"":0,""aesKeyProvisioned"":true,""aesKeyPresent"":true,""aesKeySource"":""nvs"",""keyId"":1,""lastDownlinkCommandId"":0,""freqMHz"":920,""bwKHz"":125,""sf"":7,""cr"":5,""syncWord"":18,""txPowerDbm"":17,""preamble"":8,""tcxoVoltage"":1.600000024,""xtalVoltage"":0},""dataset"":{""state"":""idle"",""step"":""idle"",""label"":"""",""seq"":0,""targetSamples"":0,""sampleIntervalMs"":500,""maxDurationMs"":0,""useFanIntake"":true,""fanOnMs"":1000,""postFanSettleMs"":0,""nullingProfileId"":9,""queuePending"":0,""queueCapacity"":16,""queueEnqueued"":0,""queueDropped"":0,""publishFailCount"":0,""retryCount"":0,""retryFailCount"":0,""rejectedSamples"":0,""lastRejectReason"":""none"",""lastRejectChannel"":-1,""lastRejectOkFiniteCount"":0,""lastRejectStatus"":255,""lastRejectGain"":0,""lastRejectSaturated"":false},""recovery"":{""wifiReconnectCount"":0,""wifiReconnectFailCount"":0,""mqttReconnectCount"":0,""mqttConnectFailCount"":0,""lastMqttState"":0,""adsRecoveryCount"":0,""adsRecoveryFailCount"":0,""adsReadFailStreak"":0,""lastReason"":""none"",""lastRecoveryMs"":0,""bootRecoveryArmed"":false,""bootRecoveryDueMs"":0,""bootRecoveryReason"":""none"",""bootRecoveryNonAdsFailure"":false,""bootRecoveryRestartCount"":0},""nulling"":{""done"":false,""retryArmed"":false,""attemptCount"":0,""nextRetryMs"":0,""thresholdV"":9.999999747E-06,""minFinalV"":0},""telemetry"":{""valid"":true,""sampleMs"":6847012,""gasClass"":6,""gasName"":""CO2"",""confidence"":0,""alarm"":false,""sensorVoltage"":[0.121005833,0.004136688,0.004944483,-0.002539937,-0.009421221,-0.011595501,-0.019093316,-0.025208468],""sensorGain"":[32,64,64,64,64,64,64,64],""sensorStatus"":[0,0,0,0,0,0,0,0],""featureOrder"":[""MQ8"",""MQ135"",""MQ3"",""MQ5"",""MQ4"",""MQ7"",""MQ6"",""MQ2""]},""alarmLatched"":false}"
2026-08-04 11:15:11.725 +07:00,470.607,HOT_SWEEP_70,70,700,300,1,0,0.120465077,0.004165705,0.00494552,-0.002509841,-0.00939489,-0.01160229,-0.019110201,-0.025219042,"{""deviceId"":""1001"",""nodeId"":4097,""targetChId"":""0010"",""mode"":""inference"",""uptimeMs"":6848067,""debugEnabled"":true,""power"":{""mode"":""24v"",""externalPower"":true,""batteryMv"":65535,""batteryValid"":false,""batteryDetected"":false,""batterySenseStatus"":""not_detected"",""batteryLow"":false,""batteryCritical"":false,""sourceAmbiguous"":false,""serviceHoldActive"":false,""serviceHoldEffective"":false},""batterySession"":{""state"":""inactive"",""startedMs"":0,""stateStartedMs"":0,""validSampleBatches"":0,""requiredSampleBatches"":10,""alarmTxAttempts"":0,""alarmTxAttemptLimit"":3,""alarmAckReceived"":false,""pendingAlarm"":false,""pendingSaveRequired"":false,""persistenceFaultHold"":false,""completionReason"":""session_done""},""bootHealth"":{""adsReady"":true,""adsDrdyLevel"":0,""adsDrdyPulldownLevel"":0,""adsDrdyPullupLevel"":0,""adsMisoPulldownLevel"":0,""adsMisoPullupLevel"":1,""adsCsLevel"":1,""adsSyncLevel"":1,""adsStatus"":54,""adsMux"":15,""adsAdcon"":6,""adsDrate"":240,""adsReason"":""ok"",""tcaOk"":true,""mcpOkCount"":8,""mcpOk"":[true,true,true,true,true,true,true,true],""mcpAddrMask"":[1,1,1,1,1,1,1,1],""mcpControlTested"":true,""mcpControlOkCount"":8,""mcpControlOk"":[true,true,true,true,true,true,true,true],""dacReady"":true,""radioReady"":true,""mlReady"":true,""nullingProfileApplied"":true,""modelProfileReady"":false},""runtimeMcpCode"":[255,519,795,706,799,865,665,139],""model"":{""profileId"":""cnn-dualbranch-datasheet-v1-unbound"",""scalerProfileId"":""cnn-dualbranch-datasheet-v1-unbound"",""productionApproved"":true,""boundNullingProfileId"":8,""activeNullingProfileId"":9,""bindingValid"":true,""bindingModelMatches"":true,""profileReady"":false,""inferenceValid"":false,""sensorFault"":true},""lora"":{""beginState"":0,""lastTxState"":0,""lastTxOk"":false,""txSeq"":0,""txCounter"":0,""aesKeyProvisioned"":true,""aesKeyPresent"":true,""aesKeySource"":""nvs"",""keyId"":1,""lastDownlinkCommandId"":0,""freqMHz"":920,""bwKHz"":125,""sf"":7,""cr"":5,""syncWord"":18,""txPowerDbm"":17,""preamble"":8,""tcxoVoltage"":1.600000024,""xtalVoltage"":0},""dataset"":{""state"":""idle"",""step"":""idle"",""label"":"""",""seq"":0,""targetSamples"":0,""sampleIntervalMs"":500,""maxDurationMs"":0,""useFanIntake"":true,""fanOnMs"":1000,""postFanSettleMs"":0,""nullingProfileId"":9,""queuePending"":0,""queueCapacity"":16,""queueEnqueued"":0,""queueDropped"":0,""publishFailCount"":0,""retryCount"":0,""retryFailCount"":0,""rejectedSamples"":0,""lastRejectReason"":""none"",""lastRejectChannel"":-1,""lastRejectOkFiniteCount"":0,""lastRejectStatus"":255,""lastRejectGain"":0,""lastRejectSaturated"":false},""recovery"":{""wifiReconnectCount"":0,""wifiReconnectFailCount"":0,""mqttReconnectCount"":0,""mqttConnectFailCount"":0,""lastMqttState"":0,""adsRecoveryCount"":0,""adsRecoveryFailCount"":0,""adsReadFailStreak"":0,""lastReason"":""none"",""lastRecoveryMs"":0,""bootRecoveryArmed"":false,""bootRecoveryDueMs"":0,""bootRecoveryReason"":""none"",""bootRecoveryNonAdsFailure"":false,""bootRecoveryRestartCount"":0},""nulling"":{""done"":false,""retryArmed"":false,""attemptCount"":0,""nextRetryMs"":0,""thresholdV"":9.999999747E-06,""minFinalV"":0},""telemetry"":{""valid"":true,""sampleMs"":6847659,""gasClass"":6,""gasName"":""CO2"",""confidence"":0,""alarm"":false,""sensorVoltage"":[0.120465077,0.004165705,0.00494552,-0.002509841,-0.00939489,-0.01160229,-0.019110201,-0.025219042],""sensorGain"":[32,64,64,64,64,64,64,64],""sensorStatus"":[0,0,0,0,0,0,0,0],""featureOrder"":[""MQ8"",""MQ135"",""MQ3"",""MQ5"",""MQ4"",""MQ7"",""MQ6"",""MQ2""]},""alarmLatched"":false}"
2026-08-04 11:15:12.421 +07:00,471.299,HOT_SWEEP_70,70,700,300,1,0,0.120993339,0.004110911,0.004934887,-0.002513262,-0.009383725,-0.011621141,-0.019088924,-0.025257543,"{""deviceId"":""1001"",""nodeId"":4097,""targetChId"":""0010"",""mode"":""inference"",""uptimeMs"":6848749,""debugEnabled"":true,""power"":{""mode"":""24v"",""externalPower"":true,""batteryMv"":65535,""batteryValid"":false,""batteryDetected"":false,""batterySenseStatus"":""not_detected"",""batteryLow"":false,""batteryCritical"":false,""sourceAmbiguous"":false,""serviceHoldActive"":false,""serviceHoldEffective"":false},""batterySession"":{""state"":""inactive"",""startedMs"":0,""stateStartedMs"":0,""validSampleBatches"":0,""requiredSampleBatches"":10,""alarmTxAttempts"":0,""alarmTxAttemptLimit"":3,""alarmAckReceived"":false,""pendingAlarm"":false,""pendingSaveRequired"":false,""persistenceFaultHold"":false,""completionReason"":""session_done""},""bootHealth"":{""adsReady"":true,""adsDrdyLevel"":0,""adsDrdyPulldownLevel"":0,""adsDrdyPullupLevel"":0,""adsMisoPulldownLevel"":0,""adsMisoPullupLevel"":1,""adsCsLevel"":1,""adsSyncLevel"":1,""adsStatus"":54,""adsMux"":15,""adsAdcon"":6,""adsDrate"":240,""adsReason"":""ok"",""tcaOk"":true,""mcpOkCount"":8,""mcpOk"":[true,true,true,true,true,true,true,true],""mcpAddrMask"":[1,1,1,1,1,1,1,1],""mcpControlTested"":true,""mcpControlOkCount"":8,""mcpControlOk"":[true,true,true,true,true,true,true,true],""dacReady"":true,""radioReady"":true,""mlReady"":true,""nullingProfileApplied"":true,""modelProfileReady"":false},""runtimeMcpCode"":[255,519,795,706,799,865,665,139],""model"":{""profileId"":""cnn-dualbranch-datasheet-v1-unbound"",""scalerProfileId"":""cnn-dualbranch-datasheet-v1-unbound"",""productionApproved"":true,""boundNullingProfileId"":8,""activeNullingProfileId"":9,""bindingValid"":true,""bindingModelMatches"":true,""profileReady"":false,""inferenceValid"":false,""sensorFault"":true},""lora"":{""beginState"":0,""lastTxState"":0,""lastTxOk"":false,""txSeq"":0,""txCounter"":0,""aesKeyProvisioned"":true,""aesKeyPresent"":true,""aesKeySource"":""nvs"",""keyId"":1,""lastDownlinkCommandId"":0,""freqMHz"":920,""bwKHz"":125,""sf"":7,""cr"":5,""syncWord"":18,""txPowerDbm"":17,""preamble"":8,""tcxoVoltage"":1.600000024,""xtalVoltage"":0},""dataset"":{""state"":""idle"",""step"":""idle"",""label"":"""",""seq"":0,""targetSamples"":0,""sampleIntervalMs"":500,""maxDurationMs"":0,""useFanIntake"":true,""fanOnMs"":1000,""postFanSettleMs"":0,""nullingProfileId"":9,""queuePending"":0,""queueCapacity"":16,""queueEnqueued"":0,""queueDropped"":0,""publishFailCount"":0,""retryCount"":0,""retryFailCount"":0,""rejectedSamples"":0,""lastRejectReason"":""none"",""lastRejectChannel"":-1,""lastRejectOkFiniteCount"":0,""lastRejectStatus"":255,""lastRejectGain"":0,""lastRejectSaturated"":false},""recovery"":{""wifiReconnectCount"":0,""wifiReconnectFailCount"":0,""mqttReconnectCount"":0,""mqttConnectFailCount"":0,""lastMqttState"":0,""adsRecoveryCount"":0,""adsRecoveryFailCount"":0,""adsReadFailStreak"":0,""lastReason"":""none"",""lastRecoveryMs"":0,""bootRecoveryArmed"":false,""bootRecoveryDueMs"":0,""bootRecoveryReason"":""none"",""bootRecoveryNonAdsFailure"":false,""bootRecoveryRestartCount"":0},""nulling"":{""done"":false,""retryArmed"":false,""attemptCount"":0,""nextRetryMs"":0,""thresholdV"":9.999999747E-06,""minFinalV"":0},""telemetry"":{""valid"":true,""sampleMs"":6848345,""gasClass"":6,""gasName"":""CO2"",""confidence"":0,""alarm"":false,""sensorVoltage"":[0.120993339,0.004110911,0.004934887,-0.002513262,-0.009383725,-0.011621141,-0.019088924,-0.025257543],""sensorGain"":[32,64,64,64,64,64,64,64],""sensorStatus"":[0,0,0,0,0,0,0,0],""featureOrder"":[""MQ8"",""MQ135"",""MQ3"",""MQ5"",""MQ4"",""MQ7"",""MQ6"",""MQ2""]},""alarmLatched"":false}"
2026-08-04 11:15:13.094 +07:00,471.975,HOT_SWEEP_70,70,700,300,1,0,0.120813534,0.004112446,0.004857648,-0.002507395,-0.009388446,-0.011637187,-0.019078489,-0.025258267,"{""deviceId"":""1001"",""nodeId"":4097,""targetChId"":""0010"",""mode"":""inference"",""uptimeMs"":6849428,""debugEnabled"":true,""power"":{""mode"":""24v"",""externalPower"":true,""batteryMv"":65535,""batteryValid"":false,""batteryDetected"":false,""batterySenseStatus"":""not_detected"",""batteryLow"":false,""batteryCritical"":false,""sourceAmbiguous"":false,""serviceHoldActive"":false,""serviceHoldEffective"":false},""batterySession"":{""state"":""inactive"",""startedMs"":0,""stateStartedMs"":0,""validSampleBatches"":0,""requiredSampleBatches"":10,""alarmTxAttempts"":0,""alarmTxAttemptLimit"":3,""alarmAckReceived"":false,""pendingAlarm"":false,""pendingSaveRequired"":false,""persistenceFaultHold"":false,""completionReason"":""session_done""},""bootHealth"":{""adsReady"":true,""adsDrdyLevel"":0,""adsDrdyPulldownLevel"":0,""adsDrdyPullupLevel"":0,""adsMisoPulldownLevel"":0,""adsMisoPullupLevel"":1,""adsCsLevel"":1,""adsSyncLevel"":1,""adsStatus"":54,""adsMux"":15,""adsAdcon"":6,""adsDrate"":240,""adsReason"":""ok"",""tcaOk"":true,""mcpOkCount"":8,""mcpOk"":[true,true,true,true,true,true,true,true],""mcpAddrMask"":[1,1,1,1,1,1,1,1],""mcpControlTested"":true,""mcpControlOkCount"":8,""mcpControlOk"":[true,true,true,true,true,true,true,true],""dacReady"":true,""radioReady"":true,""mlReady"":true,""nullingProfileApplied"":true,""modelProfileReady"":false},""runtimeMcpCode"":[255,519,795,706,799,865,665,139],""model"":{""profileId"":""cnn-dualbranch-datasheet-v1-unbound"",""scalerProfileId"":""cnn-dualbranch-datasheet-v1-unbound"",""productionApproved"":true,""boundNullingProfileId"":8,""activeNullingProfileId"":9,""bindingValid"":true,""bindingModelMatches"":true,""profileReady"":false,""inferenceValid"":false,""sensorFault"":true},""lora"":{""beginState"":0,""lastTxState"":0,""lastTxOk"":false,""txSeq"":0,""txCounter"":0,""aesKeyProvisioned"":true,""aesKeyPresent"":true,""aesKeySource"":""nvs"",""keyId"":1,""lastDownlinkCommandId"":0,""freqMHz"":920,""bwKHz"":125,""sf"":7,""cr"":5,""syncWord"":18,""txPowerDbm"":17,""preamble"":8,""tcxoVoltage"":1.600000024,""xtalVoltage"":0},""dataset"":{""state"":""idle"",""step"":""idle"",""label"":"""",""seq"":0,""targetSamples"":0,""sampleIntervalMs"":500,""maxDurationMs"":0,""useFanIntake"":true,""fanOnMs"":1000,""postFanSettleMs"":0,""nullingProfileId"":9,""queuePending"":0,""queueCapacity"":16,""queueEnqueued"":0,""queueDropped"":0,""publishFailCount"":0,""retryCount"":0,""retryFailCount"":0,""rejectedSamples"":0,""lastRejectReason"":""none"",""lastRejectChannel"":-1,""lastRejectOkFiniteCount"":0,""lastRejectStatus"":255,""lastRejectGain"":0,""lastRejectSaturated"":false},""recovery"":{""wifiReconnectCount"":0,""wifiReconnectFailCount"":0,""mqttReconnectCount"":0,""mqttConnectFailCount"":0,""lastMqttState"":0,""adsRecoveryCount"":0,""adsRecoveryFailCount"":0,""adsReadFailStreak"":0,""lastReason"":""none"",""lastRecoveryMs"":0,""bootRecoveryArmed"":false,""bootRecoveryDueMs"":0,""bootRecoveryReason"":""none"",""bootRecoveryNonAdsFailure"":false,""bootRecoveryRestartCount"":0},""nulling"":{""done"":false,""retryArmed"":false,""attemptCount"":0,""nextRetryMs"":0,""thresholdV"":9.999999747E-06,""minFinalV"":0},""telemetry"":{""valid"":true,""sampleMs"":6849059,""gasClass"":6,""gasName"":""CO2"",""confidence"":0,""alarm"":false,""sensorVoltage"":[0.120813534,0.004112446,0.004857648,-0.002507395,-0.009388446,-0.011637187,-0.019078489,-0.025258267],""sensorGain"":[32,64,64,64,64,64,64,64],""sensorStatus"":[0,0,0,0,0,0,0,0],""featureOrder"":[""MQ8"",""MQ135"",""MQ3"",""MQ5"",""MQ4"",""MQ7"",""MQ6"",""MQ2""]},""alarmLatched"":false}"
2026-08-04 11:15:13.788 +07:00,472.663,HOT_SWEEP_70,70,700,300,1,0,0.119991422,0.004111129,0.004848205,-0.00249988,-0.009375794,-0.011655588,-0.019010024,-0.025245527,"{""deviceId"":""1001"",""nodeId"":4097,""targetChId"":""0010"",""mode"":""inference"",""uptimeMs"":6850114,""debugEnabled"":true,""power"":{""mode"":""24v"",""externalPower"":true,""batteryMv"":65535,""batteryValid"":false,""batteryDetected"":false,""batterySenseStatus"":""not_detected"",""batteryLow"":false,""batteryCritical"":false,""sourceAmbiguous"":false,""serviceHoldActive"":false,""serviceHoldEffective"":false},""batterySession"":{""state"":""inactive"",""startedMs"":0,""stateStartedMs"":0,""validSampleBatches"":0,""requiredSampleBatches"":10,""alarmTxAttempts"":0,""alarmTxAttemptLimit"":3,""alarmAckReceived"":false,""pendingAlarm"":false,""pendingSaveRequired"":false,""persistenceFaultHold"":false,""completionReason"":""session_done""},""bootHealth"":{""adsReady"":true,""adsDrdyLevel"":0,""adsDrdyPulldownLevel"":0,""adsDrdyPullupLevel"":0,""adsMisoPulldownLevel"":0,""adsMisoPullupLevel"":1,""adsCsLevel"":1,""adsSyncLevel"":1,""adsStatus"":54,""adsMux"":15,""adsAdcon"":6,""adsDrate"":240,""adsReason"":""ok"",""tcaOk"":true,""mcpOkCount"":8,""mcpOk"":[true,true,true,true,true,true,true,true],""mcpAddrMask"":[1,1,1,1,1,1,1,1],""mcpControlTested"":true,""mcpControlOkCount"":8,""mcpControlOk"":[true,true,true,true,true,true,true,true],""dacReady"":true,""radioReady"":true,""mlReady"":true,""nullingProfileApplied"":true,""modelProfileReady"":false},""runtimeMcpCode"":[255,519,795,706,799,865,665,139],""model"":{""profileId"":""cnn-dualbranch-datasheet-v1-unbound"",""scalerProfileId"":""cnn-dualbranch-datasheet-v1-unbound"",""productionApproved"":true,""boundNullingProfileId"":8,""activeNullingProfileId"":9,""bindingValid"":true,""bindingModelMatches"":true,""profileReady"":false,""inferenceValid"":false,""sensorFault"":true},""lora"":{""beginState"":0,""lastTxState"":0,""lastTxOk"":false,""txSeq"":0,""txCounter"":0,""aesKeyProvisioned"":true,""aesKeyPresent"":true,""aesKeySource"":""nvs"",""keyId"":1,""lastDownlinkCommandId"":0,""freqMHz"":920,""bwKHz"":125,""sf"":7,""cr"":5,""syncWord"":18,""txPowerDbm"":17,""preamble"":8,""tcxoVoltage"":1.600000024,""xtalVoltage"":0},""dataset"":{""state"":""idle"",""step"":""idle"",""label"":"""",""seq"":0,""targetSamples"":0,""sampleIntervalMs"":500,""maxDurationMs"":0,""useFanIntake"":true,""fanOnMs"":1000,""postFanSettleMs"":0,""nullingProfileId"":9,""queuePending"":0,""queueCapacity"":16,""queueEnqueued"":0,""queueDropped"":0,""publishFailCount"":0,""retryCount"":0,""retryFailCount"":0,""rejectedSamples"":0,""lastRejectReason"":""none"",""lastRejectChannel"":-1,""lastRejectOkFiniteCount"":0,""lastRejectStatus"":255,""lastRejectGain"":0,""lastRejectSaturated"":false},""recovery"":{""wifiReconnectCount"":0,""wifiReconnectFailCount"":0,""mqttReconnectCount"":0,""mqttConnectFailCount"":0,""lastMqttState"":0,""adsRecoveryCount"":0,""adsRecoveryFailCount"":0,""adsReadFailStreak"":0,""lastReason"":""none"",""lastRecoveryMs"":0,""bootRecoveryArmed"":false,""bootRecoveryDueMs"":0,""bootRecoveryReason"":""none"",""bootRecoveryNonAdsFailure"":false,""bootRecoveryRestartCount"":0},""nulling"":{""done"":false,""retryArmed"":false,""attemptCount"":0,""nextRetryMs"":0,""thresholdV"":9.999999747E-06,""minFinalV"":0},""telemetry"":{""valid"":true,""sampleMs"":6849706,""gasClass"":6,""gasName"":""CO2"",""confidence"":0,""alarm"":false,""sensorVoltage"":[0.119991422,0.004111129,0.004848205,-0.00249988,-0.009375794,-0.011655588,-0.019010024,-0.025245527],""sensorGain"":[32,64,64,64,64,64,64,64],""sensorStatus"":[0,0,0,0,0,0,0,0],""featureOrder"":[""MQ8"",""MQ135"",""MQ3"",""MQ5"",""MQ4"",""MQ7"",""MQ6"",""MQ2""]},""alarmLatched"":false}"
2026-08-04 11:15:14.484 +07:00,473.349,HOT_SWEEP_70,70,700,300,1,0,0.120131299,0.00403349,0.004857952,-0.002485745,-0.009411205,-0.011674615,-0.019016206,-0.025296673,"{""deviceId"":""1001"",""nodeId"":4097,""targetChId"":""0010"",""mode"":""inference"",""uptimeMs"":6850811,""debugEnabled"":true,""power"":{""mode"":""24v"",""externalPower"":true,""batteryMv"":65535,""batteryValid"":false,""batteryDetected"":false,""batterySenseStatus"":""not_detected"",""batteryLow"":false,""batteryCritical"":false,""sourceAmbiguous"":false,""serviceHoldActive"":false,""serviceHoldEffective"":false},""batterySession"":{""state"":""inactive"",""startedMs"":0,""stateStartedMs"":0,""validSampleBatches"":0,""requiredSampleBatches"":10,""alarmTxAttempts"":0,""alarmTxAttemptLimit"":3,""alarmAckReceived"":false,""pendingAlarm"":false,""pendingSaveRequired"":false,""persistenceFaultHold"":false,""completionReason"":""session_done""},""bootHealth"":{""adsReady"":true,""adsDrdyLevel"":0,""adsDrdyPulldownLevel"":0,""adsDrdyPullupLevel"":0,""adsMisoPulldownLevel"":0,""adsMisoPullupLevel"":1,""adsCsLevel"":1,""adsSyncLevel"":1,""adsStatus"":54,""adsMux"":15,""adsAdcon"":6,""adsDrate"":240,""adsReason"":""ok"",""tcaOk"":true,""mcpOkCount"":8,""mcpOk"":[true,true,true,true,true,true,true,true],""mcpAddrMask"":[1,1,1,1,1,1,1,1],""mcpControlTested"":true,""mcpControlOkCount"":8,""mcpControlOk"":[true,true,true,true,true,true,true,true],""dacReady"":true,""radioReady"":true,""mlReady"":true,""nullingProfileApplied"":true,""modelProfileReady"":false},""runtimeMcpCode"":[255,519,795,706,799,865,665,139],""model"":{""profileId"":""cnn-dualbranch-datasheet-v1-unbound"",""scalerProfileId"":""cnn-dualbranch-datasheet-v1-unbound"",""productionApproved"":true,""boundNullingProfileId"":8,""activeNullingProfileId"":9,""bindingValid"":true,""bindingModelMatches"":true,""profileReady"":false,""inferenceValid"":false,""sensorFault"":true},""lora"":{""beginState"":0,""lastTxState"":0,""lastTxOk"":false,""txSeq"":0,""txCounter"":0,""aesKeyProvisioned"":true,""aesKeyPresent"":true,""aesKeySource"":""nvs"",""keyId"":1,""lastDownlinkCommandId"":0,""freqMHz"":920,""bwKHz"":125,""sf"":7,""cr"":5,""syncWord"":18,""txPowerDbm"":17,""preamble"":8,""tcxoVoltage"":1.600000024,""xtalVoltage"":0},""dataset"":{""state"":""idle"",""step"":""idle"",""label"":"""",""seq"":0,""targetSamples"":0,""sampleIntervalMs"":500,""maxDurationMs"":0,""useFanIntake"":true,""fanOnMs"":1000,""postFanSettleMs"":0,""nullingProfileId"":9,""queuePending"":0,""queueCapacity"":16,""queueEnqueued"":0,""queueDropped"":0,""publishFailCount"":0,""retryCount"":0,""retryFailCount"":0,""rejectedSamples"":0,""lastRejectReason"":""none"",""lastRejectChannel"":-1,""lastRejectOkFiniteCount"":0,""lastRejectStatus"":255,""lastRejectGain"":0,""lastRejectSaturated"":false},""recovery"":{""wifiReconnectCount"":0,""wifiReconnectFailCount"":0,""mqttReconnectCount"":0,""mqttConnectFailCount"":0,""lastMqttState"":0,""adsRecoveryCount"":0,""adsRecoveryFailCount"":0,""adsReadFailStreak"":0,""lastReason"":""none"",""lastRecoveryMs"":0,""bootRecoveryArmed"":false,""bootRecoveryDueMs"":0,""bootRecoveryReason"":""none"",""bootRecoveryNonAdsFailure"":false,""bootRecoveryRestartCount"":0},""nulling"":{""done"":false,""retryArmed"":false,""attemptCount"":0,""nextRetryMs"":0,""thresholdV"":9.999999747E-06,""minFinalV"":0},""telemetry"":{""valid"":true,""sampleMs"":6850392,""gasClass"":6,""gasName"":""CO2"",""confidence"":0,""alarm"":false,""sensorVoltage"":[0.120131299,0.00403349,0.004857952,-0.002485745,-0.009411205,-0.011674615,-0.019016206,-0.025296673],""sensorGain"":[32,64,64,64,64,64,64,64],""sensorStatus"":[0,0,0,0,0,0,0,0],""featureOrder"":[""MQ8"",""MQ135"",""MQ3"",""MQ5"",""MQ4"",""MQ7"",""MQ6"",""MQ2""]},""alarmLatched"":false}"
2026-08-04 11:15:15.161 +07:00,474.038,HOT_SWEEP_70,70,700,300,1,0,0.120591603,0.0040407,0.004840253,-0.002550077,-0.009402387,-0.01161777,-0.019039191,-0.024848575,"{""deviceId"":""1001"",""nodeId"":4097,""targetChId"":""0010"",""mode"":""inference"",""uptimeMs"":6851489,""debugEnabled"":true,""power"":{""mode"":""24v"",""externalPower"":true,""batteryMv"":65535,""batteryValid"":false,""batteryDetected"":false,""batterySenseStatus"":""not_detected"",""batteryLow"":false,""batteryCritical"":false,""sourceAmbiguous"":false,""serviceHoldActive"":false,""serviceHoldEffective"":false},""batterySession"":{""state"":""inactive"",""startedMs"":0,""stateStartedMs"":0,""validSampleBatches"":0,""requiredSampleBatches"":10,""alarmTxAttempts"":0,""alarmTxAttemptLimit"":3,""alarmAckReceived"":false,""pendingAlarm"":false,""pendingSaveRequired"":false,""persistenceFaultHold"":false,""completionReason"":""session_done""},""bootHealth"":{""adsReady"":true,""adsDrdyLevel"":0,""adsDrdyPulldownLevel"":0,""adsDrdyPullupLevel"":0,""adsMisoPulldownLevel"":0,""adsMisoPullupLevel"":1,""adsCsLevel"":1,""adsSyncLevel"":1,""adsStatus"":54,""adsMux"":15,""adsAdcon"":6,""adsDrate"":240,""adsReason"":""ok"",""tcaOk"":true,""mcpOkCount"":8,""mcpOk"":[true,true,true,true,true,true,true,true],""mcpAddrMask"":[1,1,1,1,1,1,1,1],""mcpControlTested"":true,""mcpControlOkCount"":8,""mcpControlOk"":[true,true,true,true,true,true,true,true],""dacReady"":true,""radioReady"":true,""mlReady"":true,""nullingProfileApplied"":true,""modelProfileReady"":false},""runtimeMcpCode"":[255,519,795,706,799,865,665,139],""model"":{""profileId"":""cnn-dualbranch-datasheet-v1-unbound"",""scalerProfileId"":""cnn-dualbranch-datasheet-v1-unbound"",""productionApproved"":true,""boundNullingProfileId"":8,""activeNullingProfileId"":9,""bindingValid"":true,""bindingModelMatches"":true,""profileReady"":false,""inferenceValid"":false,""sensorFault"":true},""lora"":{""beginState"":0,""lastTxState"":0,""lastTxOk"":false,""txSeq"":0,""txCounter"":0,""aesKeyProvisioned"":true,""aesKeyPresent"":true,""aesKeySource"":""nvs"",""keyId"":1,""lastDownlinkCommandId"":0,""freqMHz"":920,""bwKHz"":125,""sf"":7,""cr"":5,""syncWord"":18,""txPowerDbm"":17,""preamble"":8,""tcxoVoltage"":1.600000024,""xtalVoltage"":0},""dataset"":{""state"":""idle"",""step"":""idle"",""label"":"""",""seq"":0,""targetSamples"":0,""sampleIntervalMs"":500,""maxDurationMs"":0,""useFanIntake"":true,""fanOnMs"":1000,""postFanSettleMs"":0,""nullingProfileId"":9,""queuePending"":0,""queueCapacity"":16,""queueEnqueued"":0,""queueDropped"":0,""publishFailCount"":0,""retryCount"":0,""retryFailCount"":0,""rejectedSamples"":0,""lastRejectReason"":""none"",""lastRejectChannel"":-1,""lastRejectOkFiniteCount"":0,""lastRejectStatus"":255,""lastRejectGain"":0,""lastRejectSaturated"":false},""recovery"":{""wifiReconnectCount"":0,""wifiReconnectFailCount"":0,""mqttReconnectCount"":0,""mqttConnectFailCount"":0,""lastMqttState"":0,""adsRecoveryCount"":0,""adsRecoveryFailCount"":0,""adsReadFailStreak"":0,""lastReason"":""none"",""lastRecoveryMs"":0,""bootRecoveryArmed"":false,""bootRecoveryDueMs"":0,""bootRecoveryReason"":""none"",""bootRecoveryNonAdsFailure"":false,""bootRecoveryRestartCount"":0},""nulling"":{""done"":false,""retryArmed"":false,""attemptCount"":0,""nextRetryMs"":0,""thresholdV"":9.999999747E-06,""minFinalV"":0},""telemetry"":{""valid"":true,""sampleMs"":6851126,""gasClass"":6,""gasName"":""CO2"",""confidence"":0,""alarm"":false,""sensorVoltage"":[0.120591603,0.0040407,0.004840253,-0.002550077,-0.009402387,-0.01161777,-0.019039191,-0.024848575],""sensorGain"":[32,64,64,64,64,64,64,64],""sensorStatus"":[0,0,0,0,0,0,0,0],""featureOrder"":[""MQ8"",""MQ135"",""MQ3"",""MQ5"",""MQ4"",""MQ7"",""MQ6"",""MQ2""]},""alarmLatched"":false}"
2026-08-04 11:15:15.871 +07:00,474.750,HOT_SWEEP_70,70,700,300,1,0,0.120082781,0.004051435,0.004887199,-0.002537598,-0.009420899,-0.01162971,-0.019418146,-0.025325989,"{""deviceId"":""1001"",""nodeId"":4097,""targetChId"":""0010"",""mode"":""inference"",""uptimeMs"":6852199,""debugEnabled"":true,""power"":{""mode"":""24v"",""externalPower"":true,""batteryMv"":65535,""batteryValid"":false,""batteryDetected"":false,""batterySenseStatus"":""not_detected"",""batteryLow"":false,""batteryCritical"":false,""sourceAmbiguous"":false,""serviceHoldActive"":false,""serviceHoldEffective"":false},""batterySession"":{""state"":""inactive"",""startedMs"":0,""stateStartedMs"":0,""validSampleBatches"":0,""requiredSampleBatches"":10,""alarmTxAttempts"":0,""alarmTxAttemptLimit"":3,""alarmAckReceived"":false,""pendingAlarm"":false,""pendingSaveRequired"":false,""persistenceFaultHold"":false,""completionReason"":""session_done""},""bootHealth"":{""adsReady"":true,""adsDrdyLevel"":0,""adsDrdyPulldownLevel"":0,""adsDrdyPullupLevel"":0,""adsMisoPulldownLevel"":0,""adsMisoPullupLevel"":1,""adsCsLevel"":1,""adsSyncLevel"":1,""adsStatus"":54,""adsMux"":15,""adsAdcon"":6,""adsDrate"":240,""adsReason"":""ok"",""tcaOk"":true,""mcpOkCount"":8,""mcpOk"":[true,true,true,true,true,true,true,true],""mcpAddrMask"":[1,1,1,1,1,1,1,1],""mcpControlTested"":true,""mcpControlOkCount"":8,""mcpControlOk"":[true,true,true,true,true,true,true,true],""dacReady"":true,""radioReady"":true,""mlReady"":true,""nullingProfileApplied"":true,""modelProfileReady"":false},""runtimeMcpCode"":[255,519,795,706,799,865,665,139],""model"":{""profileId"":""cnn-dualbranch-datasheet-v1-unbound"",""scalerProfileId"":""cnn-dualbranch-datasheet-v1-unbound"",""productionApproved"":true,""boundNullingProfileId"":8,""activeNullingProfileId"":9,""bindingValid"":true,""bindingModelMatches"":true,""profileReady"":false,""inferenceValid"":false,""sensorFault"":true},""lora"":{""beginState"":0,""lastTxState"":0,""lastTxOk"":false,""txSeq"":0,""txCounter"":0,""aesKeyProvisioned"":true,""aesKeyPresent"":true,""aesKeySource"":""nvs"",""keyId"":1,""lastDownlinkCommandId"":0,""freqMHz"":920,""bwKHz"":125,""sf"":7,""cr"":5,""syncWord"":18,""txPowerDbm"":17,""preamble"":8,""tcxoVoltage"":1.600000024,""xtalVoltage"":0},""dataset"":{""state"":""idle"",""step"":""idle"",""label"":"""",""seq"":0,""targetSamples"":0,""sampleIntervalMs"":500,""maxDurationMs"":0,""useFanIntake"":true,""fanOnMs"":1000,""postFanSettleMs"":0,""nullingProfileId"":9,""queuePending"":0,""queueCapacity"":16,""queueEnqueued"":0,""queueDropped"":0,""publishFailCount"":0,""retryCount"":0,""retryFailCount"":0,""rejectedSamples"":0,""lastRejectReason"":""none"",""lastRejectChannel"":-1,""lastRejectOkFiniteCount"":0,""lastRejectStatus"":255,""lastRejectGain"":0,""lastRejectSaturated"":false},""recovery"":{""wifiReconnectCount"":0,""wifiReconnectFailCount"":0,""mqttReconnectCount"":0,""mqttConnectFailCount"":0,""lastMqttState"":0,""adsRecoveryCount"":0,""adsRecoveryFailCount"":0,""adsReadFailStreak"":0,""lastReason"":""none"",""lastRecoveryMs"":0,""bootRecoveryArmed"":false,""bootRecoveryDueMs"":0,""bootRecoveryReason"":""none"",""bootRecoveryNonAdsFailure"":false,""bootRecoveryRestartCount"":0},""nulling"":{""done"":false,""retryArmed"":false,""attemptCount"":0,""nextRetryMs"":0,""thresholdV"":9.999999747E-06,""minFinalV"":0},""telemetry"":{""valid"":true,""sampleMs"":6851767,""gasClass"":6,""gasName"":""CO2"",""confidence"":0,""alarm"":false,""sensorVoltage"":[0.120082781,0.004051435,0.004887199,-0.002537598,-0.009420899,-0.01162971,-0.019418146,-0.025325989],""sensorGain"":[32,64,64,64,64,64,64,64],""sensorStatus"":[0,0,0,0,0,0,0,0],""featureOrder"":[""MQ8"",""MQ135"",""MQ3"",""MQ5"",""MQ4"",""MQ7"",""MQ6"",""MQ2""]},""alarmLatched"":false}"
2026-08-04 11:15:16.551 +07:00,475.431,HOT_SWEEP_70,70,700,300,1,0,0.119842373,0.004044508,0.004890784,-0.002542154,-0.009413339,-0.011653791,-0.019460201,-0.025350619,"{""deviceId"":""1001"",""nodeId"":4097,""targetChId"":""0010"",""mode"":""inference"",""uptimeMs"":6852878,""debugEnabled"":true,""power"":{""mode"":""24v"",""externalPower"":true,""batteryMv"":65535,""batteryValid"":false,""batteryDetected"":false,""batterySenseStatus"":""not_detected"",""batteryLow"":false,""batteryCritical"":false,""sourceAmbiguous"":false,""serviceHoldActive"":false,""serviceHoldEffective"":false},""batterySession"":{""state"":""inactive"",""startedMs"":0,""stateStartedMs"":0,""validSampleBatches"":0,""requiredSampleBatches"":10,""alarmTxAttempts"":0,""alarmTxAttemptLimit"":3,""alarmAckReceived"":false,""pendingAlarm"":false,""pendingSaveRequired"":false,""persistenceFaultHold"":false,""completionReason"":""session_done""},""bootHealth"":{""adsReady"":true,""adsDrdyLevel"":0,""adsDrdyPulldownLevel"":0,""adsDrdyPullupLevel"":0,""adsMisoPulldownLevel"":0,""adsMisoPullupLevel"":1,""adsCsLevel"":1,""adsSyncLevel"":1,""adsStatus"":54,""adsMux"":15,""adsAdcon"":6,""adsDrate"":240,""adsReason"":""ok"",""tcaOk"":true,""mcpOkCount"":8,""mcpOk"":[true,true,true,true,true,true,true,true],""mcpAddrMask"":[1,1,1,1,1,1,1,1],""mcpControlTested"":true,""mcpControlOkCount"":8,""mcpControlOk"":[true,true,true,true,true,true,true,true],""dacReady"":true,""radioReady"":true,""mlReady"":true,""nullingProfileApplied"":true,""modelProfileReady"":false},""runtimeMcpCode"":[255,519,795,706,799,865,665,139],""model"":{""profileId"":""cnn-dualbranch-datasheet-v1-unbound"",""scalerProfileId"":""cnn-dualbranch-datasheet-v1-unbound"",""productionApproved"":true,""boundNullingProfileId"":8,""activeNullingProfileId"":9,""bindingValid"":true,""bindingModelMatches"":true,""profileReady"":false,""inferenceValid"":false,""sensorFault"":true},""lora"":{""beginState"":0,""lastTxState"":0,""lastTxOk"":false,""txSeq"":0,""txCounter"":0,""aesKeyProvisioned"":true,""aesKeyPresent"":true,""aesKeySource"":""nvs"",""keyId"":1,""lastDownlinkCommandId"":0,""freqMHz"":920,""bwKHz"":125,""sf"":7,""cr"":5,""syncWord"":18,""txPowerDbm"":17,""preamble"":8,""tcxoVoltage"":1.600000024,""xtalVoltage"":0},""dataset"":{""state"":""idle"",""step"":""idle"",""label"":"""",""seq"":0,""targetSamples"":0,""sampleIntervalMs"":500,""maxDurationMs"":0,""useFanIntake"":true,""fanOnMs"":1000,""postFanSettleMs"":0,""nullingProfileId"":9,""queuePending"":0,""queueCapacity"":16,""queueEnqueued"":0,""queueDropped"":0,""publishFailCount"":0,""retryCount"":0,""retryFailCount"":0,""rejectedSamples"":0,""lastRejectReason"":""none"",""lastRejectChannel"":-1,""lastRejectOkFiniteCount"":0,""lastRejectStatus"":255,""lastRejectGain"":0,""lastRejectSaturated"":false},""recovery"":{""wifiReconnectCount"":0,""wifiReconnectFailCount"":0,""mqttReconnectCount"":0,""mqttConnectFailCount"":0,""lastMqttState"":0,""adsRecoveryCount"":0,""adsRecoveryFailCount"":0,""adsReadFailStreak"":0,""lastReason"":""none"",""lastRecoveryMs"":0,""bootRecoveryArmed"":false,""bootRecoveryDueMs"":0,""bootRecoveryReason"":""none"",""bootRecoveryNonAdsFailure"":false,""bootRecoveryRestartCount"":0},""nulling"":{""done"":false,""retryArmed"":false,""attemptCount"":0,""nextRetryMs"":0,""thresholdV"":9.999999747E-06,""minFinalV"":0},""telemetry"":{""valid"":true,""sampleMs"":6852477,""gasClass"":6,""gasName"":""CO2"",""confidence"":0,""alarm"":false,""sensorVoltage"":[0.119842373,0.004044508,0.004890784,-0.002542154,-0.009413339,-0.011653791,-0.019460201,-0.025350619],""sensorGain"":[32,64,64,64,64,64,64,64],""sensorStatus"":[0,0,0,0,0,0,0,0],""featureOrder"":[""MQ8"",""MQ135"",""MQ3"",""MQ5"",""MQ4"",""MQ7"",""MQ6"",""MQ2""]},""alarmLatched"":false}"
2026-08-04 11:15:17.232 +07:00,476.113,HOT_SWEEP_70,70,700,300,1,0,0.12056043,0.003978539,0.004880923,-0.002597538,-0.009129621,-0.011323714,-0.019064179,-0.024894819,"{""deviceId"":""1001"",""nodeId"":4097,""targetChId"":""0010"",""mode"":""inference"",""uptimeMs"":6853565,""debugEnabled"":true,""power"":{""mode"":""24v"",""externalPower"":true,""batteryMv"":65535,""batteryValid"":false,""batteryDetected"":false,""batterySenseStatus"":""not_detected"",""batteryLow"":false,""batteryCritical"":false,""sourceAmbiguous"":false,""serviceHoldActive"":false,""serviceHoldEffective"":false},""batterySession"":{""state"":""inactive"",""startedMs"":0,""stateStartedMs"":0,""validSampleBatches"":0,""requiredSampleBatches"":10,""alarmTxAttempts"":0,""alarmTxAttemptLimit"":3,""alarmAckReceived"":false,""pendingAlarm"":false,""pendingSaveRequired"":false,""persistenceFaultHold"":false,""completionReason"":""session_done""},""bootHealth"":{""adsReady"":true,""adsDrdyLevel"":0,""adsDrdyPulldownLevel"":0,""adsDrdyPullupLevel"":0,""adsMisoPulldownLevel"":0,""adsMisoPullupLevel"":1,""adsCsLevel"":1,""adsSyncLevel"":1,""adsStatus"":54,""adsMux"":15,""adsAdcon"":6,""adsDrate"":240,""adsReason"":""ok"",""tcaOk"":true,""mcpOkCount"":8,""mcpOk"":[true,true,true,true,true,true,true,true],""mcpAddrMask"":[1,1,1,1,1,1,1,1],""mcpControlTested"":true,""mcpControlOkCount"":8,""mcpControlOk"":[true,true,true,true,true,true,true,true],""dacReady"":true,""radioReady"":true,""mlReady"":true,""nullingProfileApplied"":true,""modelProfileReady"":false},""runtimeMcpCode"":[255,519,795,706,799,865,665,139],""model"":{""profileId"":""cnn-dualbranch-datasheet-v1-unbound"",""scalerProfileId"":""cnn-dualbranch-datasheet-v1-unbound"",""productionApproved"":true,""boundNullingProfileId"":8,""activeNullingProfileId"":9,""bindingValid"":true,""bindingModelMatches"":true,""profileReady"":false,""inferenceValid"":false,""sensorFault"":true},""lora"":{""beginState"":0,""lastTxState"":0,""lastTxOk"":false,""txSeq"":0,""txCounter"":0,""aesKeyProvisioned"":true,""aesKeyPresent"":true,""aesKeySource"":""nvs"",""keyId"":1,""lastDownlinkCommandId"":0,""freqMHz"":920,""bwKHz"":125,""sf"":7,""cr"":5,""syncWord"":18,""txPowerDbm"":17,""preamble"":8,""tcxoVoltage"":1.600000024,""xtalVoltage"":0},""dataset"":{""state"":""idle"",""step"":""idle"",""label"":"""",""seq"":0,""targetSamples"":0,""sampleIntervalMs"":500,""maxDurationMs"":0,""useFanIntake"":true,""fanOnMs"":1000,""postFanSettleMs"":0,""nullingProfileId"":9,""queuePending"":0,""queueCapacity"":16,""queueEnqueued"":0,""queueDropped"":0,""publishFailCount"":0,""retryCount"":0,""retryFailCount"":0,""rejectedSamples"":0,""lastRejectReason"":""none"",""lastRejectChannel"":-1,""lastRejectOkFiniteCount"":0,""lastRejectStatus"":255,""lastRejectGain"":0,""lastRejectSaturated"":false},""recovery"":{""wifiReconnectCount"":0,""wifiReconnectFailCount"":0,""mqttReconnectCount"":0,""mqttConnectFailCount"":0,""lastMqttState"":0,""adsRecoveryCount"":0,""adsRecoveryFailCount"":0,""adsReadFailStreak"":0,""lastReason"":""none"",""lastRecoveryMs"":0,""bootRecoveryArmed"":false,""bootRecoveryDueMs"":0,""bootRecoveryReason"":""none"",""bootRecoveryNonAdsFailure"":false,""bootRecoveryRestartCount"":0},""nulling"":{""done"":false,""retryArmed"":false,""attemptCount"":0,""nextRetryMs"":0,""thresholdV"":9.999999747E-06,""minFinalV"":0},""telemetry"":{""valid"":true,""sampleMs"":6853188,""gasClass"":6,""gasName"":""CO2"",""confidence"":0,""alarm"":false,""sensorVoltage"":[0.12056043,0.003978539,0.004880923,-0.002597538,-0.009129621,-0.011323714,-0.019064179,-0.024894819],""sensorGain"":[32,64,64,64,64,64,64,64],""sensorStatus"":[0,0,0,0,0,0,0,0],""featureOrder"":[""MQ8"",""MQ135"",""MQ3"",""MQ5"",""MQ4"",""MQ7"",""MQ6"",""MQ2""]},""alarmLatched"":false}"
2026-08-04 11:15:17.923 +07:00,476.802,HOT_SWEEP_70,70,700,300,1,0,0.119720459,0.004072725,0.004906836,-0.002602776,-0.009363331,-0.011650278,-0.019470479,-0.025306826,"{""deviceId"":""1001"",""nodeId"":4097,""targetChId"":""0010"",""mode"":""inference"",""uptimeMs"":6854250,""debugEnabled"":true,""power"":{""mode"":""24v"",""externalPower"":true,""batteryMv"":65535,""batteryValid"":false,""batteryDetected"":false,""batterySenseStatus"":""not_detected"",""batteryLow"":false,""batteryCritical"":false,""sourceAmbiguous"":false,""serviceHoldActive"":false,""serviceHoldEffective"":false},""batterySession"":{""state"":""inactive"",""startedMs"":0,""stateStartedMs"":0,""validSampleBatches"":0,""requiredSampleBatches"":10,""alarmTxAttempts"":0,""alarmTxAttemptLimit"":3,""alarmAckReceived"":false,""pendingAlarm"":false,""pendingSaveRequired"":false,""persistenceFaultHold"":false,""completionReason"":""session_done""},""bootHealth"":{""adsReady"":true,""adsDrdyLevel"":0,""adsDrdyPulldownLevel"":0,""adsDrdyPullupLevel"":0,""adsMisoPulldownLevel"":0,""adsMisoPullupLevel"":1,""adsCsLevel"":1,""adsSyncLevel"":1,""adsStatus"":54,""adsMux"":15,""adsAdcon"":6,""adsDrate"":240,""adsReason"":""ok"",""tcaOk"":true,""mcpOkCount"":8,""mcpOk"":[true,true,true,true,true,true,true,true],""mcpAddrMask"":[1,1,1,1,1,1,1,1],""mcpControlTested"":true,""mcpControlOkCount"":8,""mcpControlOk"":[true,true,true,true,true,true,true,true],""dacReady"":true,""radioReady"":true,""mlReady"":true,""nullingProfileApplied"":true,""modelProfileReady"":false},""runtimeMcpCode"":[255,519,795,706,799,865,665,139],""model"":{""profileId"":""cnn-dualbranch-datasheet-v1-unbound"",""scalerProfileId"":""cnn-dualbranch-datasheet-v1-unbound"",""productionApproved"":true,""boundNullingProfileId"":8,""activeNullingProfileId"":9,""bindingValid"":true,""bindingModelMatches"":true,""profileReady"":false,""inferenceValid"":false,""sensorFault"":true},""lora"":{""beginState"":0,""lastTxState"":0,""lastTxOk"":false,""txSeq"":0,""txCounter"":0,""aesKeyProvisioned"":true,""aesKeyPresent"":true,""aesKeySource"":""nvs"",""keyId"":1,""lastDownlinkCommandId"":0,""freqMHz"":920,""bwKHz"":125,""sf"":7,""cr"":5,""syncWord"":18,""txPowerDbm"":17,""preamble"":8,""tcxoVoltage"":1.600000024,""xtalVoltage"":0},""dataset"":{""state"":""idle"",""step"":""idle"",""label"":"""",""seq"":0,""targetSamples"":0,""sampleIntervalMs"":500,""maxDurationMs"":0,""useFanIntake"":true,""fanOnMs"":1000,""postFanSettleMs"":0,""nullingProfileId"":9,""queuePending"":0,""queueCapacity"":16,""queueEnqueued"":0,""queueDropped"":0,""publishFailCount"":0,""retryCount"":0,""retryFailCount"":0,""rejectedSamples"":0,""lastRejectReason"":""none"",""lastRejectChannel"":-1,""lastRejectOkFiniteCount"":0,""lastRejectStatus"":255,""lastRejectGain"":0,""lastRejectSaturated"":false},""recovery"":{""wifiReconnectCount"":0,""wifiReconnectFailCount"":0,""mqttReconnectCount"":0,""mqttConnectFailCount"":0,""lastMqttState"":0,""adsRecoveryCount"":0,""adsRecoveryFailCount"":0,""adsReadFailStreak"":0,""lastReason"":""none"",""lastRecoveryMs"":0,""bootRecoveryArmed"":false,""bootRecoveryDueMs"":0,""bootRecoveryReason"":""none"",""bootRecoveryNonAdsFailure"":false,""bootRecoveryRestartCount"":0},""nulling"":{""done"":false,""retryArmed"":false,""attemptCount"":0,""nextRetryMs"":0,""thresholdV"":9.999999747E-06,""minFinalV"":0},""telemetry"":{""valid"":true,""sampleMs"":6853843,""gasClass"":6,""gasName"":""CO2"",""confidence"":0,""alarm"":false,""sensorVoltage"":[0.119720459,0.004072725,0.004906836,-0.002602776,-0.009363331,-0.011650278,-0.019470479,-0.025306826],""sensorGain"":[32,64,64,64,64,64,64,64],""sensorStatus"":[0,0,0,0,0,0,0,0],""featureOrder"":[""MQ8"",""MQ135"",""MQ3"",""MQ5"",""MQ4"",""MQ7"",""MQ6"",""MQ2""]},""alarmLatched"":false}"
2026-08-04 11:15:18.600 +07:00,477.480,HOT_SWEEP_70,70,700,300,1,0,0.119367167,0.004062499,0.004897672,-0.002637517,-0.009377384,-0.011599329,-0.01941921,-0.025402779,"{""deviceId"":""1001"",""nodeId"":4097,""targetChId"":""0010"",""mode"":""inference"",""uptimeMs"":6854928,""debugEnabled"":true,""power"":{""mode"":""24v"",""externalPower"":true,""batteryMv"":65535,""batteryValid"":false,""batteryDetected"":false,""batterySenseStatus"":""not_detected"",""batteryLow"":false,""batteryCritical"":false,""sourceAmbiguous"":false,""serviceHoldActive"":false,""serviceHoldEffective"":false},""batterySession"":{""state"":""inactive"",""startedMs"":0,""stateStartedMs"":0,""validSampleBatches"":0,""requiredSampleBatches"":10,""alarmTxAttempts"":0,""alarmTxAttemptLimit"":3,""alarmAckReceived"":false,""pendingAlarm"":false,""pendingSaveRequired"":false,""persistenceFaultHold"":false,""completionReason"":""session_done""},""bootHealth"":{""adsReady"":true,""adsDrdyLevel"":0,""adsDrdyPulldownLevel"":0,""adsDrdyPullupLevel"":0,""adsMisoPulldownLevel"":0,""adsMisoPullupLevel"":1,""adsCsLevel"":1,""adsSyncLevel"":1,""adsStatus"":54,""adsMux"":15,""adsAdcon"":6,""adsDrate"":240,""adsReason"":""ok"",""tcaOk"":true,""mcpOkCount"":8,""mcpOk"":[true,true,true,true,true,true,true,true],""mcpAddrMask"":[1,1,1,1,1,1,1,1],""mcpControlTested"":true,""mcpControlOkCount"":8,""mcpControlOk"":[true,true,true,true,true,true,true,true],""dacReady"":true,""radioReady"":true,""mlReady"":true,""nullingProfileApplied"":true,""modelProfileReady"":false},""runtimeMcpCode"":[255,519,795,706,799,865,665,139],""model"":{""profileId"":""cnn-dualbranch-datasheet-v1-unbound"",""scalerProfileId"":""cnn-dualbranch-datasheet-v1-unbound"",""productionApproved"":true,""boundNullingProfileId"":8,""activeNullingProfileId"":9,""bindingValid"":true,""bindingModelMatches"":true,""profileReady"":false,""inferenceValid"":false,""sensorFault"":true},""lora"":{""beginState"":0,""lastTxState"":0,""lastTxOk"":false,""txSeq"":0,""txCounter"":0,""aesKeyProvisioned"":true,""aesKeyPresent"":true,""aesKeySource"":""nvs"",""keyId"":1,""lastDownlinkCommandId"":0,""freqMHz"":920,""bwKHz"":125,""sf"":7,""cr"":5,""syncWord"":18,""txPowerDbm"":17,""preamble"":8,""tcxoVoltage"":1.600000024,""xtalVoltage"":0},""dataset"":{""state"":""idle"",""step"":""idle"",""label"":"""",""seq"":0,""targetSamples"":0,""sampleIntervalMs"":500,""maxDurationMs"":0,""useFanIntake"":true,""fanOnMs"":1000,""postFanSettleMs"":0,""nullingProfileId"":9,""queuePending"":0,""queueCapacity"":16,""queueEnqueued"":0,""queueDropped"":0,""publishFailCount"":0,""retryCount"":0,""retryFailCount"":0,""rejectedSamples"":0,""lastRejectReason"":""none"",""lastRejectChannel"":-1,""lastRejectOkFiniteCount"":0,""lastRejectStatus"":255,""lastRejectGain"":0,""lastRejectSaturated"":false},""recovery"":{""wifiReconnectCount"":0,""wifiReconnectFailCount"":0,""mqttReconnectCount"":0,""mqttConnectFailCount"":0,""lastMqttState"":0,""adsRecoveryCount"":0,""adsRecoveryFailCount"":0,""adsReadFailStreak"":0,""lastReason"":""none"",""lastRecoveryMs"":0,""bootRecoveryArmed"":false,""bootRecoveryDueMs"":0,""bootRecoveryReason"":""none"",""bootRecoveryNonAdsFailure"":false,""bootRecoveryRestartCount"":0},""nulling"":{""done"":false,""retryArmed"":false,""attemptCount"":0,""nextRetryMs"":0,""thresholdV"":9.999999747E-06,""minFinalV"":0},""telemetry"":{""valid"":true,""sampleMs"":6854528,""gasClass"":6,""gasName"":""CO2"",""confidence"":0,""alarm"":false,""sensorVoltage"":[0.119367167,0.004062499,0.004897672,-0.002637517,-0.009377384,-0.011599329,-0.01941921,-0.025402779],""sensorGain"":[32,64,64,64,64,64,64,64],""sensorStatus"":[0,0,0,0,0,0,0,0],""featureOrder"":[""MQ8"",""MQ135"",""MQ3"",""MQ5"",""MQ4"",""MQ7"",""MQ6"",""MQ2""]},""alarmLatched"":false}"
2026-08-04 11:15:19.292 +07:00,478.171,HOT_SWEEP_70,70,700,300,1,0,0.120459534,0.003952512,0.004866185,-0.00257343,-0.00913444,-0.011276213,-0.019438371,-0.025373161,"{""deviceId"":""1001"",""nodeId"":4097,""targetChId"":""0010"",""mode"":""inference"",""uptimeMs"":6855619,""debugEnabled"":true,""power"":{""mode"":""24v"",""externalPower"":true,""batteryMv"":65535,""batteryValid"":false,""batteryDetected"":false,""batterySenseStatus"":""not_detected"",""batteryLow"":false,""batteryCritical"":false,""sourceAmbiguous"":false,""serviceHoldActive"":false,""serviceHoldEffective"":false},""batterySession"":{""state"":""inactive"",""startedMs"":0,""stateStartedMs"":0,""validSampleBatches"":0,""requiredSampleBatches"":10,""alarmTxAttempts"":0,""alarmTxAttemptLimit"":3,""alarmAckReceived"":false,""pendingAlarm"":false,""pendingSaveRequired"":false,""persistenceFaultHold"":false,""completionReason"":""session_done""},""bootHealth"":{""adsReady"":true,""adsDrdyLevel"":0,""adsDrdyPulldownLevel"":0,""adsDrdyPullupLevel"":0,""adsMisoPulldownLevel"":0,""adsMisoPullupLevel"":1,""adsCsLevel"":1,""adsSyncLevel"":1,""adsStatus"":54,""adsMux"":15,""adsAdcon"":6,""adsDrate"":240,""adsReason"":""ok"",""tcaOk"":true,""mcpOkCount"":8,""mcpOk"":[true,true,true,true,true,true,true,true],""mcpAddrMask"":[1,1,1,1,1,1,1,1],""mcpControlTested"":true,""mcpControlOkCount"":8,""mcpControlOk"":[true,true,true,true,true,true,true,true],""dacReady"":true,""radioReady"":true,""mlReady"":true,""nullingProfileApplied"":true,""modelProfileReady"":false},""runtimeMcpCode"":[255,519,795,706,799,865,665,139],""model"":{""profileId"":""cnn-dualbranch-datasheet-v1-unbound"",""scalerProfileId"":""cnn-dualbranch-datasheet-v1-unbound"",""productionApproved"":true,""boundNullingProfileId"":8,""activeNullingProfileId"":9,""bindingValid"":true,""bindingModelMatches"":true,""profileReady"":false,""inferenceValid"":false,""sensorFault"":true},""lora"":{""beginState"":0,""lastTxState"":0,""lastTxOk"":false,""txSeq"":0,""txCounter"":0,""aesKeyProvisioned"":true,""aesKeyPresent"":true,""aesKeySource"":""nvs"",""keyId"":1,""lastDownlinkCommandId"":0,""freqMHz"":920,""bwKHz"":125,""sf"":7,""cr"":5,""syncWord"":18,""txPowerDbm"":17,""preamble"":8,""tcxoVoltage"":1.600000024,""xtalVoltage"":0},""dataset"":{""state"":""idle"",""step"":""idle"",""label"":"""",""seq"":0,""targetSamples"":0,""sampleIntervalMs"":500,""maxDurationMs"":0,""useFanIntake"":true,""fanOnMs"":1000,""postFanSettleMs"":0,""nullingProfileId"":9,""queuePending"":0,""queueCapacity"":16,""queueEnqueued"":0,""queueDropped"":0,""publishFailCount"":0,""retryCount"":0,""retryFailCount"":0,""rejectedSamples"":0,""lastRejectReason"":""none"",""lastRejectChannel"":-1,""lastRejectOkFiniteCount"":0,""lastRejectStatus"":255,""lastRejectGain"":0,""lastRejectSaturated"":false},""recovery"":{""wifiReconnectCount"":0,""wifiReconnectFailCount"":0,""mqttReconnectCount"":0,""mqttConnectFailCount"":0,""lastMqttState"":0,""adsRecoveryCount"":0,""adsRecoveryFailCount"":0,""adsReadFailStreak"":0,""lastReason"":""none"",""lastRecoveryMs"":0,""bootRecoveryArmed"":false,""bootRecoveryDueMs"":0,""bootRecoveryReason"":""none"",""bootRecoveryNonAdsFailure"":false,""bootRecoveryRestartCount"":0},""nulling"":{""done"":false,""retryArmed"":false,""attemptCount"":0,""nextRetryMs"":0,""thresholdV"":9.999999747E-06,""minFinalV"":0},""telemetry"":{""valid"":true,""sampleMs"":6855238,""gasClass"":6,""gasName"":""CO2"",""confidence"":0,""alarm"":false,""sensorVoltage"":[0.120459534,0.003952512,0.004866185,-0.00257343,-0.00913444,-0.011276213,-0.019438371,-0.025373161],""sensorGain"":[32,64,64,64,64,64,64,64],""sensorStatus"":[0,0,0,0,0,0,0,0],""featureOrder"":[""MQ8"",""MQ135"",""MQ3"",""MQ5"",""MQ4"",""MQ7"",""MQ6"",""MQ2""]},""alarmLatched"":false}"
2026-08-04 11:15:19.980 +07:00,478.858,HOT_SWEEP_70,70,700,300,1,0,0.119917333,0.003984977,0.004894516,-0.002611598,-0.009356759,-0.011530754,-0.019822467,-0.025370542,"{""deviceId"":""1001"",""nodeId"":4097,""targetChId"":""0010"",""mode"":""inference"",""uptimeMs"":6856306,""debugEnabled"":true,""power"":{""mode"":""24v"",""externalPower"":true,""batteryMv"":65535,""batteryValid"":false,""batteryDetected"":false,""batterySenseStatus"":""not_detected"",""batteryLow"":false,""batteryCritical"":false,""sourceAmbiguous"":false,""serviceHoldActive"":false,""serviceHoldEffective"":false},""batterySession"":{""state"":""inactive"",""startedMs"":0,""stateStartedMs"":0,""validSampleBatches"":0,""requiredSampleBatches"":10,""alarmTxAttempts"":0,""alarmTxAttemptLimit"":3,""alarmAckReceived"":false,""pendingAlarm"":false,""pendingSaveRequired"":false,""persistenceFaultHold"":false,""completionReason"":""session_done""},""bootHealth"":{""adsReady"":true,""adsDrdyLevel"":0,""adsDrdyPulldownLevel"":0,""adsDrdyPullupLevel"":0,""adsMisoPulldownLevel"":0,""adsMisoPullupLevel"":1,""adsCsLevel"":1,""adsSyncLevel"":1,""adsStatus"":54,""adsMux"":15,""adsAdcon"":6,""adsDrate"":240,""adsReason"":""ok"",""tcaOk"":true,""mcpOkCount"":8,""mcpOk"":[true,true,true,true,true,true,true,true],""mcpAddrMask"":[1,1,1,1,1,1,1,1],""mcpControlTested"":true,""mcpControlOkCount"":8,""mcpControlOk"":[true,true,true,true,true,true,true,true],""dacReady"":true,""radioReady"":true,""mlReady"":true,""nullingProfileApplied"":true,""modelProfileReady"":false},""runtimeMcpCode"":[255,519,795,706,799,865,665,139],""model"":{""profileId"":""cnn-dualbranch-datasheet-v1-unbound"",""scalerProfileId"":""cnn-dualbranch-datasheet-v1-unbound"",""productionApproved"":true,""boundNullingProfileId"":8,""activeNullingProfileId"":9,""bindingValid"":true,""bindingModelMatches"":true,""profileReady"":false,""inferenceValid"":false,""sensorFault"":true},""lora"":{""beginState"":0,""lastTxState"":0,""lastTxOk"":false,""txSeq"":0,""txCounter"":0,""aesKeyProvisioned"":true,""aesKeyPresent"":true,""aesKeySource"":""nvs"",""keyId"":1,""lastDownlinkCommandId"":0,""freqMHz"":920,""bwKHz"":125,""sf"":7,""cr"":5,""syncWord"":18,""txPowerDbm"":17,""preamble"":8,""tcxoVoltage"":1.600000024,""xtalVoltage"":0},""dataset"":{""state"":""idle"",""step"":""idle"",""label"":"""",""seq"":0,""targetSamples"":0,""sampleIntervalMs"":500,""maxDurationMs"":0,""useFanIntake"":true,""fanOnMs"":1000,""postFanSettleMs"":0,""nullingProfileId"":9,""queuePending"":0,""queueCapacity"":16,""queueEnqueued"":0,""queueDropped"":0,""publishFailCount"":0,""retryCount"":0,""retryFailCount"":0,""rejectedSamples"":0,""lastRejectReason"":""none"",""lastRejectChannel"":-1,""lastRejectOkFiniteCount"":0,""lastRejectStatus"":255,""lastRejectGain"":0,""lastRejectSaturated"":false},""recovery"":{""wifiReconnectCount"":0,""wifiReconnectFailCount"":0,""mqttReconnectCount"":0,""mqttConnectFailCount"":0,""lastMqttState"":0,""adsRecoveryCount"":0,""adsRecoveryFailCount"":0,""adsReadFailStreak"":0,""lastReason"":""none"",""lastRecoveryMs"":0,""bootRecoveryArmed"":false,""bootRecoveryDueMs"":0,""bootRecoveryReason"":""none"",""bootRecoveryNonAdsFailure"":false,""bootRecoveryRestartCount"":0},""nulling"":{""done"":false,""retryArmed"":false,""attemptCount"":0,""nextRetryMs"":0,""thresholdV"":9.999999747E-06,""minFinalV"":0},""telemetry"":{""valid"":true,""sampleMs"":6855897,""gasClass"":6,""gasName"":""CO2"",""confidence"":0,""alarm"":false,""sensorVoltage"":[0.119917333,0.003984977,0.004894516,-0.002611598,-0.009356759,-0.011530754,-0.019822467,-0.025370542],""sensorGain"":[32,64,64,64,64,64,64,64],""sensorStatus"":[0,0,0,0,0,0,0,0],""featureOrder"":[""MQ8"",""MQ135"",""MQ3"",""MQ5"",""MQ4"",""MQ7"",""MQ6"",""MQ2""]},""alarmLatched"":false}"
2026-08-04 11:15:20.670 +07:00,479.546,HOT_SWEEP_70,70,700,300,1,0,0.119444191,0.003991672,0.004891261,-0.002611027,-0.009370172,-0.011523755,-0.019825587,-0.025459763,"{""deviceId"":""1001"",""nodeId"":4097,""targetChId"":""0010"",""mode"":""inference"",""uptimeMs"":6856998,""debugEnabled"":true,""power"":{""mode"":""24v"",""externalPower"":true,""batteryMv"":65535,""batteryValid"":false,""batteryDetected"":false,""batterySenseStatus"":""not_detected"",""batteryLow"":false,""batteryCritical"":false,""sourceAmbiguous"":false,""serviceHoldActive"":false,""serviceHoldEffective"":false},""batterySession"":{""state"":""inactive"",""startedMs"":0,""stateStartedMs"":0,""validSampleBatches"":0,""requiredSampleBatches"":10,""alarmTxAttempts"":0,""alarmTxAttemptLimit"":3,""alarmAckReceived"":false,""pendingAlarm"":false,""pendingSaveRequired"":false,""persistenceFaultHold"":false,""completionReason"":""session_done""},""bootHealth"":{""adsReady"":true,""adsDrdyLevel"":0,""adsDrdyPulldownLevel"":0,""adsDrdyPullupLevel"":0,""adsMisoPulldownLevel"":0,""adsMisoPullupLevel"":1,""adsCsLevel"":1,""adsSyncLevel"":1,""adsStatus"":54,""adsMux"":15,""adsAdcon"":6,""adsDrate"":240,""adsReason"":""ok"",""tcaOk"":true,""mcpOkCount"":8,""mcpOk"":[true,true,true,true,true,true,true,true],""mcpAddrMask"":[1,1,1,1,1,1,1,1],""mcpControlTested"":true,""mcpControlOkCount"":8,""mcpControlOk"":[true,true,true,true,true,true,true,true],""dacReady"":true,""radioReady"":true,""mlReady"":true,""nullingProfileApplied"":true,""modelProfileReady"":false},""runtimeMcpCode"":[255,519,795,706,799,865,665,139],""model"":{""profileId"":""cnn-dualbranch-datasheet-v1-unbound"",""scalerProfileId"":""cnn-dualbranch-datasheet-v1-unbound"",""productionApproved"":true,""boundNullingProfileId"":8,""activeNullingProfileId"":9,""bindingValid"":true,""bindingModelMatches"":true,""profileReady"":false,""inferenceValid"":false,""sensorFault"":true},""lora"":{""beginState"":0,""lastTxState"":0,""lastTxOk"":false,""txSeq"":0,""txCounter"":0,""aesKeyProvisioned"":true,""aesKeyPresent"":true,""aesKeySource"":""nvs"",""keyId"":1,""lastDownlinkCommandId"":0,""freqMHz"":920,""bwKHz"":125,""sf"":7,""cr"":5,""syncWord"":18,""txPowerDbm"":17,""preamble"":8,""tcxoVoltage"":1.600000024,""xtalVoltage"":0},""dataset"":{""state"":""idle"",""step"":""idle"",""label"":"""",""seq"":0,""targetSamples"":0,""sampleIntervalMs"":500,""maxDurationMs"":0,""useFanIntake"":true,""fanOnMs"":1000,""postFanSettleMs"":0,""nullingProfileId"":9,""queuePending"":0,""queueCapacity"":16,""queueEnqueued"":0,""queueDropped"":0,""publishFailCount"":0,""retryCount"":0,""retryFailCount"":0,""rejectedSamples"":0,""lastRejectReason"":""none"",""lastRejectChannel"":-1,""lastRejectOkFiniteCount"":0,""lastRejectStatus"":255,""lastRejectGain"":0,""lastRejectSaturated"":false},""recovery"":{""wifiReconnectCount"":0,""wifiReconnectFailCount"":0,""mqttReconnectCount"":0,""mqttConnectFailCount"":0,""lastMqttState"":0,""adsRecoveryCount"":0,""adsRecoveryFailCount"":0,""adsReadFailStreak"":0,""lastReason"":""none"",""lastRecoveryMs"":0,""bootRecoveryArmed"":false,""bootRecoveryDueMs"":0,""bootRecoveryReason"":""none"",""bootRecoveryNonAdsFailure"":false,""bootRecoveryRestartCount"":0},""nulling"":{""done"":false,""retryArmed"":false,""attemptCount"":0,""nextRetryMs"":0,""thresholdV"":9.999999747E-06,""minFinalV"":0},""telemetry"":{""valid"":true,""sampleMs"":6856584,""gasClass"":6,""gasName"":""CO2"",""confidence"":0,""alarm"":false,""sensorVoltage"":[0.119444191,0.003991672,0.004891261,-0.002611027,-0.009370172,-0.011523755,-0.019825587,-0.025459763],""sensorGain"":[32,64,64,64,64,64,64,64],""sensorStatus"":[0,0,0,0,0,0,0,0],""featureOrder"":[""MQ8"",""MQ135"",""MQ3"",""MQ5"",""MQ4"",""MQ7"",""MQ6"",""MQ2""]},""alarmLatched"":false}"
2026-08-04 11:15:21.363 +07:00,480.243,HOT_SWEEP_70,70,700,300,1,0,0.120394692,0.003968086,0.004842679,-0.002624304,-0.009331868,-0.011534343,-0.019814612,-0.025448326,"{""deviceId"":""1001"",""nodeId"":4097,""targetChId"":""0010"",""mode"":""inference"",""uptimeMs"":6857690,""debugEnabled"":true,""power"":{""mode"":""24v"",""externalPower"":true,""batteryMv"":65535,""batteryValid"":false,""batteryDetected"":false,""batterySenseStatus"":""not_detected"",""batteryLow"":false,""batteryCritical"":false,""sourceAmbiguous"":false,""serviceHoldActive"":false,""serviceHoldEffective"":false},""batterySession"":{""state"":""inactive"",""startedMs"":0,""stateStartedMs"":0,""validSampleBatches"":0,""requiredSampleBatches"":10,""alarmTxAttempts"":0,""alarmTxAttemptLimit"":3,""alarmAckReceived"":false,""pendingAlarm"":false,""pendingSaveRequired"":false,""persistenceFaultHold"":false,""completionReason"":""session_done""},""bootHealth"":{""adsReady"":true,""adsDrdyLevel"":0,""adsDrdyPulldownLevel"":0,""adsDrdyPullupLevel"":0,""adsMisoPulldownLevel"":0,""adsMisoPullupLevel"":1,""adsCsLevel"":1,""adsSyncLevel"":1,""adsStatus"":54,""adsMux"":15,""adsAdcon"":6,""adsDrate"":240,""adsReason"":""ok"",""tcaOk"":true,""mcpOkCount"":8,""mcpOk"":[true,true,true,true,true,true,true,true],""mcpAddrMask"":[1,1,1,1,1,1,1,1],""mcpControlTested"":true,""mcpControlOkCount"":8,""mcpControlOk"":[true,true,true,true,true,true,true,true],""dacReady"":true,""radioReady"":true,""mlReady"":true,""nullingProfileApplied"":true,""modelProfileReady"":false},""runtimeMcpCode"":[255,519,795,706,799,865,665,139],""model"":{""profileId"":""cnn-dualbranch-datasheet-v1-unbound"",""scalerProfileId"":""cnn-dualbranch-datasheet-v1-unbound"",""productionApproved"":true,""boundNullingProfileId"":8,""activeNullingProfileId"":9,""bindingValid"":true,""bindingModelMatches"":true,""profileReady"":false,""inferenceValid"":false,""sensorFault"":true},""lora"":{""beginState"":0,""lastTxState"":0,""lastTxOk"":false,""txSeq"":0,""txCounter"":0,""aesKeyProvisioned"":true,""aesKeyPresent"":true,""aesKeySource"":""nvs"",""keyId"":1,""lastDownlinkCommandId"":0,""freqMHz"":920,""bwKHz"":125,""sf"":7,""cr"":5,""syncWord"":18,""txPowerDbm"":17,""preamble"":8,""tcxoVoltage"":1.600000024,""xtalVoltage"":0},""dataset"":{""state"":""idle"",""step"":""idle"",""label"":"""",""seq"":0,""targetSamples"":0,""sampleIntervalMs"":500,""maxDurationMs"":0,""useFanIntake"":true,""fanOnMs"":1000,""postFanSettleMs"":0,""nullingProfileId"":9,""queuePending"":0,""queueCapacity"":16,""queueEnqueued"":0,""queueDropped"":0,""publishFailCount"":0,""retryCount"":0,""retryFailCount"":0,""rejectedSamples"":0,""lastRejectReason"":""none"",""lastRejectChannel"":-1,""lastRejectOkFiniteCount"":0,""lastRejectStatus"":255,""lastRejectGain"":0,""lastRejectSaturated"":false},""recovery"":{""wifiReconnectCount"":0,""wifiReconnectFailCount"":0,""mqttReconnectCount"":0,""mqttConnectFailCount"":0,""lastMqttState"":0,""adsRecoveryCount"":0,""adsRecoveryFailCount"":0,""adsReadFailStreak"":0,""lastReason"":""none"",""lastRecoveryMs"":0,""bootRecoveryArmed"":false,""bootRecoveryDueMs"":0,""bootRecoveryReason"":""none"",""bootRecoveryNonAdsFailure"":false,""bootRecoveryRestartCount"":0},""nulling"":{""done"":false,""retryArmed"":false,""attemptCount"":0,""nextRetryMs"":0,""thresholdV"":9.999999747E-06,""minFinalV"":0},""telemetry"":{""valid"":true,""sampleMs"":6857308,""gasClass"":6,""gasName"":""CO2"",""confidence"":0,""alarm"":false,""sensorVoltage"":[0.120394692,0.003968086,0.004842679,-0.002624304,-0.009331868,-0.011534343,-0.019814612,-0.025448326],""sensorGain"":[32,64,64,64,64,64,64,64],""sensorStatus"":[0,0,0,0,0,0,0,0],""featureOrder"":[""MQ8"",""MQ135"",""MQ3"",""MQ5"",""MQ4"",""MQ7"",""MQ6"",""MQ2""]},""alarmLatched"":false}"
2026-08-04 11:15:22.055 +07:00,480.933,HOT_SWEEP_70,70,700,300,1,0,0.119868018,0.003982941,0.004905442,-0.002597656,-0.009334777,-0.011489687,-0.0198084,-0.025440928,"{""deviceId"":""1001"",""nodeId"":4097,""targetChId"":""0010"",""mode"":""inference"",""uptimeMs"":6858381,""debugEnabled"":true,""power"":{""mode"":""24v"",""externalPower"":true,""batteryMv"":65535,""batteryValid"":false,""batteryDetected"":false,""batterySenseStatus"":""not_detected"",""batteryLow"":false,""batteryCritical"":false,""sourceAmbiguous"":false,""serviceHoldActive"":false,""serviceHoldEffective"":false},""batterySession"":{""state"":""inactive"",""startedMs"":0,""stateStartedMs"":0,""validSampleBatches"":0,""requiredSampleBatches"":10,""alarmTxAttempts"":0,""alarmTxAttemptLimit"":3,""alarmAckReceived"":false,""pendingAlarm"":false,""pendingSaveRequired"":false,""persistenceFaultHold"":false,""completionReason"":""session_done""},""bootHealth"":{""adsReady"":true,""adsDrdyLevel"":0,""adsDrdyPulldownLevel"":0,""adsDrdyPullupLevel"":0,""adsMisoPulldownLevel"":0,""adsMisoPullupLevel"":1,""adsCsLevel"":1,""adsSyncLevel"":1,""adsStatus"":54,""adsMux"":15,""adsAdcon"":6,""adsDrate"":240,""adsReason"":""ok"",""tcaOk"":true,""mcpOkCount"":8,""mcpOk"":[true,true,true,true,true,true,true,true],""mcpAddrMask"":[1,1,1,1,1,1,1,1],""mcpControlTested"":true,""mcpControlOkCount"":8,""mcpControlOk"":[true,true,true,true,true,true,true,true],""dacReady"":true,""radioReady"":true,""mlReady"":true,""nullingProfileApplied"":true,""modelProfileReady"":false},""runtimeMcpCode"":[255,519,795,706,799,865,665,139],""model"":{""profileId"":""cnn-dualbranch-datasheet-v1-unbound"",""scalerProfileId"":""cnn-dualbranch-datasheet-v1-unbound"",""productionApproved"":true,""boundNullingProfileId"":8,""activeNullingProfileId"":9,""bindingValid"":true,""bindingModelMatches"":true,""profileReady"":false,""inferenceValid"":false,""sensorFault"":true},""lora"":{""beginState"":0,""lastTxState"":0,""lastTxOk"":false,""txSeq"":0,""txCounter"":0,""aesKeyProvisioned"":true,""aesKeyPresent"":true,""aesKeySource"":""nvs"",""keyId"":1,""lastDownlinkCommandId"":0,""freqMHz"":920,""bwKHz"":125,""sf"":7,""cr"":5,""syncWord"":18,""txPowerDbm"":17,""preamble"":8,""tcxoVoltage"":1.600000024,""xtalVoltage"":0},""dataset"":{""state"":""idle"",""step"":""idle"",""label"":"""",""seq"":0,""targetSamples"":0,""sampleIntervalMs"":500,""maxDurationMs"":0,""useFanIntake"":true,""fanOnMs"":1000,""postFanSettleMs"":0,""nullingProfileId"":9,""queuePending"":0,""queueCapacity"":16,""queueEnqueued"":0,""queueDropped"":0,""publishFailCount"":0,""retryCount"":0,""retryFailCount"":0,""rejectedSamples"":0,""lastRejectReason"":""none"",""lastRejectChannel"":-1,""lastRejectOkFiniteCount"":0,""lastRejectStatus"":255,""lastRejectGain"":0,""lastRejectSaturated"":false},""recovery"":{""wifiReconnectCount"":0,""wifiReconnectFailCount"":0,""mqttReconnectCount"":0,""mqttConnectFailCount"":0,""lastMqttState"":0,""adsRecoveryCount"":0,""adsRecoveryFailCount"":0,""adsReadFailStreak"":0,""lastReason"":""none"",""lastRecoveryMs"":0,""bootRecoveryArmed"":false,""bootRecoveryDueMs"":0,""bootRecoveryReason"":""none"",""bootRecoveryNonAdsFailure"":false,""bootRecoveryRestartCount"":0},""nulling"":{""done"":false,""retryArmed"":false,""attemptCount"":0,""nextRetryMs"":0,""thresholdV"":9.999999747E-06,""minFinalV"":0},""telemetry"":{""valid"":true,""sampleMs"":6857968,""gasClass"":6,""gasName"":""CO2"",""confidence"":0,""alarm"":false,""sensorVoltage"":[0.119868018,0.003982941,0.004905442,-0.002597656,-0.009334777,-0.011489687,-0.0198084,-0.025440928],""sensorGain"":[32,64,64,64,64,64,64,64],""sensorStatus"":[0,0,0,0,0,0,0,0],""featureOrder"":[""MQ8"",""MQ135"",""MQ3"",""MQ5"",""MQ4"",""MQ7"",""MQ6"",""MQ2""]},""alarmLatched"":false}"
2026-08-04 11:15:22.754 +07:00,481.635,HOT_SWEEP_70,70,700,300,1,0,0.119294837,0.003981679,0.004871017,-0.002581472,-0.009312036,-0.011471023,-0.019796869,-0.025422256,"{""deviceId"":""1001"",""nodeId"":4097,""targetChId"":""0010"",""mode"":""inference"",""uptimeMs"":6859082,""debugEnabled"":true,""power"":{""mode"":""24v"",""externalPower"":true,""batteryMv"":65535,""batteryValid"":false,""batteryDetected"":false,""batterySenseStatus"":""not_detected"",""batteryLow"":false,""batteryCritical"":false,""sourceAmbiguous"":false,""serviceHoldActive"":false,""serviceHoldEffective"":false},""batterySession"":{""state"":""inactive"",""startedMs"":0,""stateStartedMs"":0,""validSampleBatches"":0,""requiredSampleBatches"":10,""alarmTxAttempts"":0,""alarmTxAttemptLimit"":3,""alarmAckReceived"":false,""pendingAlarm"":false,""pendingSaveRequired"":false,""persistenceFaultHold"":false,""completionReason"":""session_done""},""bootHealth"":{""adsReady"":true,""adsDrdyLevel"":0,""adsDrdyPulldownLevel"":0,""adsDrdyPullupLevel"":0,""adsMisoPulldownLevel"":0,""adsMisoPullupLevel"":1,""adsCsLevel"":1,""adsSyncLevel"":1,""adsStatus"":54,""adsMux"":15,""adsAdcon"":6,""adsDrate"":240,""adsReason"":""ok"",""tcaOk"":true,""mcpOkCount"":8,""mcpOk"":[true,true,true,true,true,true,true,true],""mcpAddrMask"":[1,1,1,1,1,1,1,1],""mcpControlTested"":true,""mcpControlOkCount"":8,""mcpControlOk"":[true,true,true,true,true,true,true,true],""dacReady"":true,""radioReady"":true,""mlReady"":true,""nullingProfileApplied"":true,""modelProfileReady"":false},""runtimeMcpCode"":[255,519,795,706,799,865,665,139],""model"":{""profileId"":""cnn-dualbranch-datasheet-v1-unbound"",""scalerProfileId"":""cnn-dualbranch-datasheet-v1-unbound"",""productionApproved"":true,""boundNullingProfileId"":8,""activeNullingProfileId"":9,""bindingValid"":true,""bindingModelMatches"":true,""profileReady"":false,""inferenceValid"":false,""sensorFault"":true},""lora"":{""beginState"":0,""lastTxState"":0,""lastTxOk"":false,""txSeq"":0,""txCounter"":0,""aesKeyProvisioned"":true,""aesKeyPresent"":true,""aesKeySource"":""nvs"",""keyId"":1,""lastDownlinkCommandId"":0,""freqMHz"":920,""bwKHz"":125,""sf"":7,""cr"":5,""syncWord"":18,""txPowerDbm"":17,""preamble"":8,""tcxoVoltage"":1.600000024,""xtalVoltage"":0},""dataset"":{""state"":""idle"",""step"":""idle"",""label"":"""",""seq"":0,""targetSamples"":0,""sampleIntervalMs"":500,""maxDurationMs"":0,""useFanIntake"":true,""fanOnMs"":1000,""postFanSettleMs"":0,""nullingProfileId"":9,""queuePending"":0,""queueCapacity"":16,""queueEnqueued"":0,""queueDropped"":0,""publishFailCount"":0,""retryCount"":0,""retryFailCount"":0,""rejectedSamples"":0,""lastRejectReason"":""none"",""lastRejectChannel"":-1,""lastRejectOkFiniteCount"":0,""lastRejectStatus"":255,""lastRejectGain"":0,""lastRejectSaturated"":false},""recovery"":{""wifiReconnectCount"":0,""wifiReconnectFailCount"":0,""mqttReconnectCount"":0,""mqttConnectFailCount"":0,""lastMqttState"":0,""adsRecoveryCount"":0,""adsRecoveryFailCount"":0,""adsReadFailStreak"":0,""lastReason"":""none"",""lastRecoveryMs"":0,""bootRecoveryArmed"":false,""bootRecoveryDueMs"":0,""bootRecoveryReason"":""none"",""bootRecoveryNonAdsFailure"":false,""bootRecoveryRestartCount"":0},""nulling"":{""done"":false,""retryArmed"":false,""attemptCount"":0,""nextRetryMs"":0,""thresholdV"":9.999999747E-06,""minFinalV"":0},""telemetry"":{""valid"":true,""sampleMs"":6858659,""gasClass"":6,""gasName"":""CO2"",""confidence"":0,""alarm"":false,""sensorVoltage"":[0.119294837,0.003981679,0.004871017,-0.002581472,-0.009312036,-0.011471023,-0.019796869,-0.025422256],""sensorGain"":[32,64,64,64,64,64,64,64],""sensorStatus"":[0,0,0,0,0,0,0,0],""featureOrder"":[""MQ8"",""MQ135"",""MQ3"",""MQ5"",""MQ4"",""MQ7"",""MQ6"",""MQ2""]},""alarmLatched"":false}"
2026-08-04 11:15:23.455 +07:00,482.333,HOT_SWEEP_70,70,700,300,1,0,0.119751468,0.003985527,0.004879972,-0.002575986,-0.009303268,-0.011500746,-0.019801404,-0.025390977,"{""deviceId"":""1001"",""nodeId"":4097,""targetChId"":""0010"",""mode"":""inference"",""uptimeMs"":6859781,""debugEnabled"":true,""power"":{""mode"":""24v"",""externalPower"":true,""batteryMv"":65535,""batteryValid"":false,""batteryDetected"":false,""batterySenseStatus"":""not_detected"",""batteryLow"":false,""batteryCritical"":false,""sourceAmbiguous"":false,""serviceHoldActive"":false,""serviceHoldEffective"":false},""batterySession"":{""state"":""inactive"",""startedMs"":0,""stateStartedMs"":0,""validSampleBatches"":0,""requiredSampleBatches"":10,""alarmTxAttempts"":0,""alarmTxAttemptLimit"":3,""alarmAckReceived"":false,""pendingAlarm"":false,""pendingSaveRequired"":false,""persistenceFaultHold"":false,""completionReason"":""session_done""},""bootHealth"":{""adsReady"":true,""adsDrdyLevel"":0,""adsDrdyPulldownLevel"":0,""adsDrdyPullupLevel"":0,""adsMisoPulldownLevel"":0,""adsMisoPullupLevel"":1,""adsCsLevel"":1,""adsSyncLevel"":1,""adsStatus"":54,""adsMux"":15,""adsAdcon"":6,""adsDrate"":240,""adsReason"":""ok"",""tcaOk"":true,""mcpOkCount"":8,""mcpOk"":[true,true,true,true,true,true,true,true],""mcpAddrMask"":[1,1,1,1,1,1,1,1],""mcpControlTested"":true,""mcpControlOkCount"":8,""mcpControlOk"":[true,true,true,true,true,true,true,true],""dacReady"":true,""radioReady"":true,""mlReady"":true,""nullingProfileApplied"":true,""modelProfileReady"":false},""runtimeMcpCode"":[255,519,795,706,799,865,665,139],""model"":{""profileId"":""cnn-dualbranch-datasheet-v1-unbound"",""scalerProfileId"":""cnn-dualbranch-datasheet-v1-unbound"",""productionApproved"":true,""boundNullingProfileId"":8,""activeNullingProfileId"":9,""bindingValid"":true,""bindingModelMatches"":true,""profileReady"":false,""inferenceValid"":false,""sensorFault"":true},""lora"":{""beginState"":0,""lastTxState"":0,""lastTxOk"":false,""txSeq"":0,""txCounter"":0,""aesKeyProvisioned"":true,""aesKeyPresent"":true,""aesKeySource"":""nvs"",""keyId"":1,""lastDownlinkCommandId"":0,""freqMHz"":920,""bwKHz"":125,""sf"":7,""cr"":5,""syncWord"":18,""txPowerDbm"":17,""preamble"":8,""tcxoVoltage"":1.600000024,""xtalVoltage"":0},""dataset"":{""state"":""idle"",""step"":""idle"",""label"":"""",""seq"":0,""targetSamples"":0,""sampleIntervalMs"":500,""maxDurationMs"":0,""useFanIntake"":true,""fanOnMs"":1000,""postFanSettleMs"":0,""nullingProfileId"":9,""queuePending"":0,""queueCapacity"":16,""queueEnqueued"":0,""queueDropped"":0,""publishFailCount"":0,""retryCount"":0,""retryFailCount"":0,""rejectedSamples"":0,""lastRejectReason"":""none"",""lastRejectChannel"":-1,""lastRejectOkFiniteCount"":0,""lastRejectStatus"":255,""lastRejectGain"":0,""lastRejectSaturated"":false},""recovery"":{""wifiReconnectCount"":0,""wifiReconnectFailCount"":0,""mqttReconnectCount"":0,""mqttConnectFailCount"":0,""lastMqttState"":0,""adsRecoveryCount"":0,""adsRecoveryFailCount"":0,""adsReadFailStreak"":0,""lastReason"":""none"",""lastRecoveryMs"":0,""bootRecoveryArmed"":false,""bootRecoveryDueMs"":0,""bootRecoveryReason"":""none"",""bootRecoveryNonAdsFailure"":false,""bootRecoveryRestartCount"":0},""nulling"":{""done"":false,""retryArmed"":false,""attemptCount"":0,""nextRetryMs"":0,""thresholdV"":9.999999747E-06,""minFinalV"":0},""telemetry"":{""valid"":true,""sampleMs"":6859392,""gasClass"":6,""gasName"":""CO2"",""confidence"":0,""alarm"":false,""sensorVoltage"":[0.119751468,0.003985527,0.004879972,-0.002575986,-0.009303268,-0.011500746,-0.019801404,-0.025390977],""sensorGain"":[32,64,64,64,64,64,64,64],""sensorStatus"":[0,0,0,0,0,0,0,0],""featureOrder"":[""MQ8"",""MQ135"",""MQ3"",""MQ5"",""MQ4"",""MQ7"",""MQ6"",""MQ2""]},""alarmLatched"":false}"
2026-08-04 11:15:24.135 +07:00,483.016,HOT_SWEEP_70,70,700,300,1,0,0.119833663,0.004054009,0.004896208,-0.002549567,-0.009339569,-0.011540002,-0.019793486,-0.025390659,"{""deviceId"":""1001"",""nodeId"":4097,""targetChId"":""0010"",""mode"":""inference"",""uptimeMs"":6860467,""debugEnabled"":true,""power"":{""mode"":""24v"",""externalPower"":true,""batteryMv"":65535,""batteryValid"":false,""batteryDetected"":false,""batterySenseStatus"":""not_detected"",""batteryLow"":false,""batteryCritical"":false,""sourceAmbiguous"":false,""serviceHoldActive"":false,""serviceHoldEffective"":false},""batterySession"":{""state"":""inactive"",""startedMs"":0,""stateStartedMs"":0,""validSampleBatches"":0,""requiredSampleBatches"":10,""alarmTxAttempts"":0,""alarmTxAttemptLimit"":3,""alarmAckReceived"":false,""pendingAlarm"":false,""pendingSaveRequired"":false,""persistenceFaultHold"":false,""completionReason"":""session_done""},""bootHealth"":{""adsReady"":true,""adsDrdyLevel"":0,""adsDrdyPulldownLevel"":0,""adsDrdyPullupLevel"":0,""adsMisoPulldownLevel"":0,""adsMisoPullupLevel"":1,""adsCsLevel"":1,""adsSyncLevel"":1,""adsStatus"":54,""adsMux"":15,""adsAdcon"":6,""adsDrate"":240,""adsReason"":""ok"",""tcaOk"":true,""mcpOkCount"":8,""mcpOk"":[true,true,true,true,true,true,true,true],""mcpAddrMask"":[1,1,1,1,1,1,1,1],""mcpControlTested"":true,""mcpControlOkCount"":8,""mcpControlOk"":[true,true,true,true,true,true,true,true],""dacReady"":true,""radioReady"":true,""mlReady"":true,""nullingProfileApplied"":true,""modelProfileReady"":false},""runtimeMcpCode"":[255,519,795,706,799,865,665,139],""model"":{""profileId"":""cnn-dualbranch-datasheet-v1-unbound"",""scalerProfileId"":""cnn-dualbranch-datasheet-v1-unbound"",""productionApproved"":true,""boundNullingProfileId"":8,""activeNullingProfileId"":9,""bindingValid"":true,""bindingModelMatches"":true,""profileReady"":false,""inferenceValid"":false,""sensorFault"":true},""lora"":{""beginState"":0,""lastTxState"":0,""lastTxOk"":false,""txSeq"":0,""txCounter"":0,""aesKeyProvisioned"":true,""aesKeyPresent"":true,""aesKeySource"":""nvs"",""keyId"":1,""lastDownlinkCommandId"":0,""freqMHz"":920,""bwKHz"":125,""sf"":7,""cr"":5,""syncWord"":18,""txPowerDbm"":17,""preamble"":8,""tcxoVoltage"":1.600000024,""xtalVoltage"":0},""dataset"":{""state"":""idle"",""step"":""idle"",""label"":"""",""seq"":0,""targetSamples"":0,""sampleIntervalMs"":500,""maxDurationMs"":0,""useFanIntake"":true,""fanOnMs"":1000,""postFanSettleMs"":0,""nullingProfileId"":9,""queuePending"":0,""queueCapacity"":16,""queueEnqueued"":0,""queueDropped"":0,""publishFailCount"":0,""retryCount"":0,""retryFailCount"":0,""rejectedSamples"":0,""lastRejectReason"":""none"",""lastRejectChannel"":-1,""lastRejectOkFiniteCount"":0,""lastRejectStatus"":255,""lastRejectGain"":0,""lastRejectSaturated"":false},""recovery"":{""wifiReconnectCount"":0,""wifiReconnectFailCount"":0,""mqttReconnectCount"":0,""mqttConnectFailCount"":0,""lastMqttState"":0,""adsRecoveryCount"":0,""adsRecoveryFailCount"":0,""adsReadFailStreak"":0,""lastReason"":""none"",""lastRecoveryMs"":0,""bootRecoveryArmed"":false,""bootRecoveryDueMs"":0,""bootRecoveryReason"":""none"",""bootRecoveryNonAdsFailure"":false,""bootRecoveryRestartCount"":0},""nulling"":{""done"":false,""retryArmed"":false,""attemptCount"":0,""nextRetryMs"":0,""thresholdV"":9.999999747E-06,""minFinalV"":0},""telemetry"":{""valid"":true,""sampleMs"":6860059,""gasClass"":6,""gasName"":""CO2"",""confidence"":0,""alarm"":false,""sensorVoltage"":[0.119833663,0.004054009,0.004896208,-0.002549567,-0.009339569,-0.011540002,-0.019793486,-0.025390659],""sensorGain"":[32,64,64,64,64,64,64,64],""sensorStatus"":[0,0,0,0,0,0,0,0],""featureOrder"":[""MQ8"",""MQ135"",""MQ3"",""MQ5"",""MQ4"",""MQ7"",""MQ6"",""MQ2""]},""alarmLatched"":false}"
2026-08-04 11:15:24.822 +07:00,483.699,HOT_SWEEP_70,70,700,300,1,0,0.119491622,0.003998642,0.004881781,-0.002546711,-0.009323805,-0.011511782,-0.01974676,-0.025437128,"{""deviceId"":""1001"",""nodeId"":4097,""targetChId"":""0010"",""mode"":""inference"",""uptimeMs"":6861148,""debugEnabled"":true,""power"":{""mode"":""24v"",""externalPower"":true,""batteryMv"":65535,""batteryValid"":false,""batteryDetected"":false,""batterySenseStatus"":""not_detected"",""batteryLow"":false,""batteryCritical"":false,""sourceAmbiguous"":false,""serviceHoldActive"":false,""serviceHoldEffective"":false},""batterySession"":{""state"":""inactive"",""startedMs"":0,""stateStartedMs"":0,""validSampleBatches"":0,""requiredSampleBatches"":10,""alarmTxAttempts"":0,""alarmTxAttemptLimit"":3,""alarmAckReceived"":false,""pendingAlarm"":false,""pendingSaveRequired"":false,""persistenceFaultHold"":false,""completionReason"":""session_done""},""bootHealth"":{""adsReady"":true,""adsDrdyLevel"":0,""adsDrdyPulldownLevel"":0,""adsDrdyPullupLevel"":0,""adsMisoPulldownLevel"":0,""adsMisoPullupLevel"":1,""adsCsLevel"":1,""adsSyncLevel"":1,""adsStatus"":54,""adsMux"":15,""adsAdcon"":6,""adsDrate"":240,""adsReason"":""ok"",""tcaOk"":true,""mcpOkCount"":8,""mcpOk"":[true,true,true,true,true,true,true,true],""mcpAddrMask"":[1,1,1,1,1,1,1,1],""mcpControlTested"":true,""mcpControlOkCount"":8,""mcpControlOk"":[true,true,true,true,true,true,true,true],""dacReady"":true,""radioReady"":true,""mlReady"":true,""nullingProfileApplied"":true,""modelProfileReady"":false},""runtimeMcpCode"":[255,519,795,706,799,865,665,139],""model"":{""profileId"":""cnn-dualbranch-datasheet-v1-unbound"",""scalerProfileId"":""cnn-dualbranch-datasheet-v1-unbound"",""productionApproved"":true,""boundNullingProfileId"":8,""activeNullingProfileId"":9,""bindingValid"":true,""bindingModelMatches"":true,""profileReady"":false,""inferenceValid"":false,""sensorFault"":true},""lora"":{""beginState"":0,""lastTxState"":0,""lastTxOk"":false,""txSeq"":0,""txCounter"":0,""aesKeyProvisioned"":true,""aesKeyPresent"":true,""aesKeySource"":""nvs"",""keyId"":1,""lastDownlinkCommandId"":0,""freqMHz"":920,""bwKHz"":125,""sf"":7,""cr"":5,""syncWord"":18,""txPowerDbm"":17,""preamble"":8,""tcxoVoltage"":1.600000024,""xtalVoltage"":0},""dataset"":{""state"":""idle"",""step"":""idle"",""label"":"""",""seq"":0,""targetSamples"":0,""sampleIntervalMs"":500,""maxDurationMs"":0,""useFanIntake"":true,""fanOnMs"":1000,""postFanSettleMs"":0,""nullingProfileId"":9,""queuePending"":0,""queueCapacity"":16,""queueEnqueued"":0,""queueDropped"":0,""publishFailCount"":0,""retryCount"":0,""retryFailCount"":0,""rejectedSamples"":0,""lastRejectReason"":""none"",""lastRejectChannel"":-1,""lastRejectOkFiniteCount"":0,""lastRejectStatus"":255,""lastRejectGain"":0,""lastRejectSaturated"":false},""recovery"":{""wifiReconnectCount"":0,""wifiReconnectFailCount"":0,""mqttReconnectCount"":0,""mqttConnectFailCount"":0,""lastMqttState"":0,""adsRecoveryCount"":0,""adsRecoveryFailCount"":0,""adsReadFailStreak"":0,""lastReason"":""none"",""lastRecoveryMs"":0,""bootRecoveryArmed"":false,""bootRecoveryDueMs"":0,""bootRecoveryReason"":""none"",""bootRecoveryNonAdsFailure"":false,""bootRecoveryRestartCount"":0},""nulling"":{""done"":false,""retryArmed"":false,""attemptCount"":0,""nextRetryMs"":0,""thresholdV"":9.999999747E-06,""minFinalV"":0},""telemetry"":{""valid"":true,""sampleMs"":6860745,""gasClass"":6,""gasName"":""CO2"",""confidence"":0,""alarm"":false,""sensorVoltage"":[0.119491622,0.003998642,0.004881781,-0.002546711,-0.009323805,-0.011511782,-0.01974676,-0.025437128],""sensorGain"":[32,64,64,64,64,64,64,64],""sensorStatus"":[0,0,0,0,0,0,0,0],""featureOrder"":[""MQ8"",""MQ135"",""MQ3"",""MQ5"",""MQ4"",""MQ7"",""MQ6"",""MQ2""]},""alarmLatched"":false}"
2026-08-04 11:15:25.514 +07:00,484.393,HOT_SWEEP_70,70,700,300,1,0,0.119426012,0.003998002,0.004885921,-0.002541271,-0.00935073,-0.011517113,-0.01978467,-0.025415335,"{""deviceId"":""1001"",""nodeId"":4097,""targetChId"":""0010"",""mode"":""inference"",""uptimeMs"":6861842,""debugEnabled"":true,""power"":{""mode"":""24v"",""externalPower"":true,""batteryMv"":65535,""batteryValid"":false,""batteryDetected"":false,""batterySenseStatus"":""not_detected"",""batteryLow"":false,""batteryCritical"":false,""sourceAmbiguous"":false,""serviceHoldActive"":false,""serviceHoldEffective"":false},""batterySession"":{""state"":""inactive"",""startedMs"":0,""stateStartedMs"":0,""validSampleBatches"":0,""requiredSampleBatches"":10,""alarmTxAttempts"":0,""alarmTxAttemptLimit"":3,""alarmAckReceived"":false,""pendingAlarm"":false,""pendingSaveRequired"":false,""persistenceFaultHold"":false,""completionReason"":""session_done""},""bootHealth"":{""adsReady"":true,""adsDrdyLevel"":0,""adsDrdyPulldownLevel"":0,""adsDrdyPullupLevel"":0,""adsMisoPulldownLevel"":0,""adsMisoPullupLevel"":1,""adsCsLevel"":1,""adsSyncLevel"":1,""adsStatus"":54,""adsMux"":15,""adsAdcon"":6,""adsDrate"":240,""adsReason"":""ok"",""tcaOk"":true,""mcpOkCount"":8,""mcpOk"":[true,true,true,true,true,true,true,true],""mcpAddrMask"":[1,1,1,1,1,1,1,1],""mcpControlTested"":true,""mcpControlOkCount"":8,""mcpControlOk"":[true,true,true,true,true,true,true,true],""dacReady"":true,""radioReady"":true,""mlReady"":true,""nullingProfileApplied"":true,""modelProfileReady"":false},""runtimeMcpCode"":[255,519,795,706,799,865,665,139],""model"":{""profileId"":""cnn-dualbranch-datasheet-v1-unbound"",""scalerProfileId"":""cnn-dualbranch-datasheet-v1-unbound"",""productionApproved"":true,""boundNullingProfileId"":8,""activeNullingProfileId"":9,""bindingValid"":true,""bindingModelMatches"":true,""profileReady"":false,""inferenceValid"":false,""sensorFault"":true},""lora"":{""beginState"":0,""lastTxState"":0,""lastTxOk"":false,""txSeq"":0,""txCounter"":0,""aesKeyProvisioned"":true,""aesKeyPresent"":true,""aesKeySource"":""nvs"",""keyId"":1,""lastDownlinkCommandId"":0,""freqMHz"":920,""bwKHz"":125,""sf"":7,""cr"":5,""syncWord"":18,""txPowerDbm"":17,""preamble"":8,""tcxoVoltage"":1.600000024,""xtalVoltage"":0},""dataset"":{""state"":""idle"",""step"":""idle"",""label"":"""",""seq"":0,""targetSamples"":0,""sampleIntervalMs"":500,""maxDurationMs"":0,""useFanIntake"":true,""fanOnMs"":1000,""postFanSettleMs"":0,""nullingProfileId"":9,""queuePending"":0,""queueCapacity"":16,""queueEnqueued"":0,""queueDropped"":0,""publishFailCount"":0,""retryCount"":0,""retryFailCount"":0,""rejectedSamples"":0,""lastRejectReason"":""none"",""lastRejectChannel"":-1,""lastRejectOkFiniteCount"":0,""lastRejectStatus"":255,""lastRejectGain"":0,""lastRejectSaturated"":false},""recovery"":{""wifiReconnectCount"":0,""wifiReconnectFailCount"":0,""mqttReconnectCount"":0,""mqttConnectFailCount"":0,""lastMqttState"":0,""adsRecoveryCount"":0,""adsRecoveryFailCount"":0,""adsReadFailStreak"":0,""lastReason"":""none"",""lastRecoveryMs"":0,""bootRecoveryArmed"":false,""bootRecoveryDueMs"":0,""bootRecoveryReason"":""none"",""bootRecoveryNonAdsFailure"":false,""bootRecoveryRestartCount"":0},""nulling"":{""done"":false,""retryArmed"":false,""attemptCount"":0,""nextRetryMs"":0,""thresholdV"":9.999999747E-06,""minFinalV"":0},""telemetry"":{""valid"":true,""sampleMs"":6861458,""gasClass"":6,""gasName"":""CO2"",""confidence"":0,""alarm"":false,""sensorVoltage"":[0.119426012,0.003998002,0.004885921,-0.002541271,-0.00935073,-0.011517113,-0.01978467,-0.025415335],""sensorGain"":[32,64,64,64,64,64,64,64],""sensorStatus"":[0,0,0,0,0,0,0,0],""featureOrder"":[""MQ8"",""MQ135"",""MQ3"",""MQ5"",""MQ4"",""MQ7"",""MQ6"",""MQ2""]},""alarmLatched"":false}"
2026-08-04 11:15:26.206 +07:00,485.081,HOT_SWEEP_70,70,700,300,1,0,0.119930327,0.004070017,0.004897851,-0.002574207,-0.009369487,-0.011512574,-0.019423977,-0.02496637,"{""deviceId"":""1001"",""nodeId"":4097,""targetChId"":""0010"",""mode"":""inference"",""uptimeMs"":6862533,""debugEnabled"":true,""power"":{""mode"":""24v"",""externalPower"":true,""batteryMv"":65535,""batteryValid"":false,""batteryDetected"":false,""batterySenseStatus"":""not_detected"",""batteryLow"":false,""batteryCritical"":false,""sourceAmbiguous"":false,""serviceHoldActive"":false,""serviceHoldEffective"":false},""batterySession"":{""state"":""inactive"",""startedMs"":0,""stateStartedMs"":0,""validSampleBatches"":0,""requiredSampleBatches"":10,""alarmTxAttempts"":0,""alarmTxAttemptLimit"":3,""alarmAckReceived"":false,""pendingAlarm"":false,""pendingSaveRequired"":false,""persistenceFaultHold"":false,""completionReason"":""session_done""},""bootHealth"":{""adsReady"":true,""adsDrdyLevel"":0,""adsDrdyPulldownLevel"":0,""adsDrdyPullupLevel"":0,""adsMisoPulldownLevel"":0,""adsMisoPullupLevel"":1,""adsCsLevel"":1,""adsSyncLevel"":1,""adsStatus"":54,""adsMux"":15,""adsAdcon"":6,""adsDrate"":240,""adsReason"":""ok"",""tcaOk"":true,""mcpOkCount"":8,""mcpOk"":[true,true,true,true,true,true,true,true],""mcpAddrMask"":[1,1,1,1,1,1,1,1],""mcpControlTested"":true,""mcpControlOkCount"":8,""mcpControlOk"":[true,true,true,true,true,true,true,true],""dacReady"":true,""radioReady"":true,""mlReady"":true,""nullingProfileApplied"":true,""modelProfileReady"":false},""runtimeMcpCode"":[255,519,795,706,799,865,665,139],""model"":{""profileId"":""cnn-dualbranch-datasheet-v1-unbound"",""scalerProfileId"":""cnn-dualbranch-datasheet-v1-unbound"",""productionApproved"":true,""boundNullingProfileId"":8,""activeNullingProfileId"":9,""bindingValid"":true,""bindingModelMatches"":true,""profileReady"":false,""inferenceValid"":false,""sensorFault"":true},""lora"":{""beginState"":0,""lastTxState"":0,""lastTxOk"":false,""txSeq"":0,""txCounter"":0,""aesKeyProvisioned"":true,""aesKeyPresent"":true,""aesKeySource"":""nvs"",""keyId"":1,""lastDownlinkCommandId"":0,""freqMHz"":920,""bwKHz"":125,""sf"":7,""cr"":5,""syncWord"":18,""txPowerDbm"":17,""preamble"":8,""tcxoVoltage"":1.600000024,""xtalVoltage"":0},""dataset"":{""state"":""idle"",""step"":""idle"",""label"":"""",""seq"":0,""targetSamples"":0,""sampleIntervalMs"":500,""maxDurationMs"":0,""useFanIntake"":true,""fanOnMs"":1000,""postFanSettleMs"":0,""nullingProfileId"":9,""queuePending"":0,""queueCapacity"":16,""queueEnqueued"":0,""queueDropped"":0,""publishFailCount"":0,""retryCount"":0,""retryFailCount"":0,""rejectedSamples"":0,""lastRejectReason"":""none"",""lastRejectChannel"":-1,""lastRejectOkFiniteCount"":0,""lastRejectStatus"":255,""lastRejectGain"":0,""lastRejectSaturated"":false},""recovery"":{""wifiReconnectCount"":0,""wifiReconnectFailCount"":0,""mqttReconnectCount"":0,""mqttConnectFailCount"":0,""lastMqttState"":0,""adsRecoveryCount"":0,""adsRecoveryFailCount"":0,""adsReadFailStreak"":0,""lastReason"":""none"",""lastRecoveryMs"":0,""bootRecoveryArmed"":false,""bootRecoveryDueMs"":0,""bootRecoveryReason"":""none"",""bootRecoveryNonAdsFailure"":false,""bootRecoveryRestartCount"":0},""nulling"":{""done"":false,""retryArmed"":false,""attemptCount"":0,""nextRetryMs"":0,""thresholdV"":9.999999747E-06,""minFinalV"":0},""telemetry"":{""valid"":true,""sampleMs"":6862120,""gasClass"":6,""gasName"":""CO2"",""confidence"":0,""alarm"":false,""sensorVoltage"":[0.119930327,0.004070017,0.004897851,-0.002574207,-0.009369487,-0.011512574,-0.019423977,-0.02496637],""sensorGain"":[32,64,64,64,64,64,64,64],""sensorStatus"":[0,0,0,0,0,0,0,0],""featureOrder"":[""MQ8"",""MQ135"",""MQ3"",""MQ5"",""MQ4"",""MQ7"",""MQ6"",""MQ2""]},""alarmLatched"":false}"
2026-08-04 11:15:26.895 +07:00,485.776,HOT_SWEEP_70,70,700,300,1,0,0.119454525,0.004078275,0.004913627,-0.002569358,-0.009381679,-0.011439057,-0.019491414,-0.025403988,"{""deviceId"":""1001"",""nodeId"":4097,""targetChId"":""0010"",""mode"":""inference"",""uptimeMs"":6863224,""debugEnabled"":true,""power"":{""mode"":""24v"",""externalPower"":true,""batteryMv"":65535,""batteryValid"":false,""batteryDetected"":false,""batterySenseStatus"":""not_detected"",""batteryLow"":false,""batteryCritical"":false,""sourceAmbiguous"":false,""serviceHoldActive"":false,""serviceHoldEffective"":false},""batterySession"":{""state"":""inactive"",""startedMs"":0,""stateStartedMs"":0,""validSampleBatches"":0,""requiredSampleBatches"":10,""alarmTxAttempts"":0,""alarmTxAttemptLimit"":3,""alarmAckReceived"":false,""pendingAlarm"":false,""pendingSaveRequired"":false,""persistenceFaultHold"":false,""completionReason"":""session_done""},""bootHealth"":{""adsReady"":true,""adsDrdyLevel"":0,""adsDrdyPulldownLevel"":0,""adsDrdyPullupLevel"":0,""adsMisoPulldownLevel"":0,""adsMisoPullupLevel"":1,""adsCsLevel"":1,""adsSyncLevel"":1,""adsStatus"":54,""adsMux"":15,""adsAdcon"":6,""adsDrate"":240,""adsReason"":""ok"",""tcaOk"":true,""mcpOkCount"":8,""mcpOk"":[true,true,true,true,true,true,true,true],""mcpAddrMask"":[1,1,1,1,1,1,1,1],""mcpControlTested"":true,""mcpControlOkCount"":8,""mcpControlOk"":[true,true,true,true,true,true,true,true],""dacReady"":true,""radioReady"":true,""mlReady"":true,""nullingProfileApplied"":true,""modelProfileReady"":false},""runtimeMcpCode"":[255,519,795,706,799,865,665,139],""model"":{""profileId"":""cnn-dualbranch-datasheet-v1-unbound"",""scalerProfileId"":""cnn-dualbranch-datasheet-v1-unbound"",""productionApproved"":true,""boundNullingProfileId"":8,""activeNullingProfileId"":9,""bindingValid"":true,""bindingModelMatches"":true,""profileReady"":false,""inferenceValid"":false,""sensorFault"":true},""lora"":{""beginState"":0,""lastTxState"":0,""lastTxOk"":false,""txSeq"":0,""txCounter"":0,""aesKeyProvisioned"":true,""aesKeyPresent"":true,""aesKeySource"":""nvs"",""keyId"":1,""lastDownlinkCommandId"":0,""freqMHz"":920,""bwKHz"":125,""sf"":7,""cr"":5,""syncWord"":18,""txPowerDbm"":17,""preamble"":8,""tcxoVoltage"":1.600000024,""xtalVoltage"":0},""dataset"":{""state"":""idle"",""step"":""idle"",""label"":"""",""seq"":0,""targetSamples"":0,""sampleIntervalMs"":500,""maxDurationMs"":0,""useFanIntake"":true,""fanOnMs"":1000,""postFanSettleMs"":0,""nullingProfileId"":9,""queuePending"":0,""queueCapacity"":16,""queueEnqueued"":0,""queueDropped"":0,""publishFailCount"":0,""retryCount"":0,""retryFailCount"":0,""rejectedSamples"":0,""lastRejectReason"":""none"",""lastRejectChannel"":-1,""lastRejectOkFiniteCount"":0,""lastRejectStatus"":255,""lastRejectGain"":0,""lastRejectSaturated"":false},""recovery"":{""wifiReconnectCount"":0,""wifiReconnectFailCount"":0,""mqttReconnectCount"":0,""mqttConnectFailCount"":0,""lastMqttState"":0,""adsRecoveryCount"":0,""adsRecoveryFailCount"":0,""adsReadFailStreak"":0,""lastReason"":""none"",""lastRecoveryMs"":0,""bootRecoveryArmed"":false,""bootRecoveryDueMs"":0,""bootRecoveryReason"":""none"",""bootRecoveryNonAdsFailure"":false,""bootRecoveryRestartCount"":0},""nulling"":{""done"":false,""retryArmed"":false,""attemptCount"":0,""nextRetryMs"":0,""thresholdV"":9.999999747E-06,""minFinalV"":0},""telemetry"":{""valid"":true,""sampleMs"":6862811,""gasClass"":6,""gasName"":""CO2"",""confidence"":0,""alarm"":false,""sensorVoltage"":[0.119454525,0.004078275,0.004913627,-0.002569358,-0.009381679,-0.011439057,-0.019491414,-0.025403988],""sensorGain"":[32,64,64,64,64,64,64,64],""sensorStatus"":[0,0,0,0,0,0,0,0],""featureOrder"":[""MQ8"",""MQ135"",""MQ3"",""MQ5"",""MQ4"",""MQ7"",""MQ6"",""MQ2""]},""alarmLatched"":false}"
2026-08-04 11:15:27.586 +07:00,486.466,HOT_SWEEP_70,70,700,300,1,0,0.119411767,0.004070106,0.004925272,-0.002569196,-0.009364581,-0.011387351,-0.019517196,-0.02536482,"{""deviceId"":""1001"",""nodeId"":4097,""targetChId"":""0010"",""mode"":""inference"",""uptimeMs"":6863914,""debugEnabled"":true,""power"":{""mode"":""24v"",""externalPower"":true,""batteryMv"":65535,""batteryValid"":false,""batteryDetected"":false,""batterySenseStatus"":""not_detected"",""batteryLow"":false,""batteryCritical"":false,""sourceAmbiguous"":false,""serviceHoldActive"":false,""serviceHoldEffective"":false},""batterySession"":{""state"":""inactive"",""startedMs"":0,""stateStartedMs"":0,""validSampleBatches"":0,""requiredSampleBatches"":10,""alarmTxAttempts"":0,""alarmTxAttemptLimit"":3,""alarmAckReceived"":false,""pendingAlarm"":false,""pendingSaveRequired"":false,""persistenceFaultHold"":false,""completionReason"":""session_done""},""bootHealth"":{""adsReady"":true,""adsDrdyLevel"":0,""adsDrdyPulldownLevel"":0,""adsDrdyPullupLevel"":0,""adsMisoPulldownLevel"":0,""adsMisoPullupLevel"":1,""adsCsLevel"":1,""adsSyncLevel"":1,""adsStatus"":54,""adsMux"":15,""adsAdcon"":6,""adsDrate"":240,""adsReason"":""ok"",""tcaOk"":true,""mcpOkCount"":8,""mcpOk"":[true,true,true,true,true,true,true,true],""mcpAddrMask"":[1,1,1,1,1,1,1,1],""mcpControlTested"":true,""mcpControlOkCount"":8,""mcpControlOk"":[true,true,true,true,true,true,true,true],""dacReady"":true,""radioReady"":true,""mlReady"":true,""nullingProfileApplied"":true,""modelProfileReady"":false},""runtimeMcpCode"":[255,519,795,706,799,865,665,139],""model"":{""profileId"":""cnn-dualbranch-datasheet-v1-unbound"",""scalerProfileId"":""cnn-dualbranch-datasheet-v1-unbound"",""productionApproved"":true,""boundNullingProfileId"":8,""activeNullingProfileId"":9,""bindingValid"":true,""bindingModelMatches"":true,""profileReady"":false,""inferenceValid"":false,""sensorFault"":true},""lora"":{""beginState"":0,""lastTxState"":0,""lastTxOk"":false,""txSeq"":0,""txCounter"":0,""aesKeyProvisioned"":true,""aesKeyPresent"":true,""aesKeySource"":""nvs"",""keyId"":1,""lastDownlinkCommandId"":0,""freqMHz"":920,""bwKHz"":125,""sf"":7,""cr"":5,""syncWord"":18,""txPowerDbm"":17,""preamble"":8,""tcxoVoltage"":1.600000024,""xtalVoltage"":0},""dataset"":{""state"":""idle"",""step"":""idle"",""label"":"""",""seq"":0,""targetSamples"":0,""sampleIntervalMs"":500,""maxDurationMs"":0,""useFanIntake"":true,""fanOnMs"":1000,""postFanSettleMs"":0,""nullingProfileId"":9,""queuePending"":0,""queueCapacity"":16,""queueEnqueued"":0,""queueDropped"":0,""publishFailCount"":0,""retryCount"":0,""retryFailCount"":0,""rejectedSamples"":0,""lastRejectReason"":""none"",""lastRejectChannel"":-1,""lastRejectOkFiniteCount"":0,""lastRejectStatus"":255,""lastRejectGain"":0,""lastRejectSaturated"":false},""recovery"":{""wifiReconnectCount"":0,""wifiReconnectFailCount"":0,""mqttReconnectCount"":0,""mqttConnectFailCount"":0,""lastMqttState"":0,""adsRecoveryCount"":0,""adsRecoveryFailCount"":0,""adsReadFailStreak"":0,""lastReason"":""none"",""lastRecoveryMs"":0,""bootRecoveryArmed"":false,""bootRecoveryDueMs"":0,""bootRecoveryReason"":""none"",""bootRecoveryNonAdsFailure"":false,""bootRecoveryRestartCount"":0},""nulling"":{""done"":false,""retryArmed"":false,""attemptCount"":0,""nextRetryMs"":0,""thresholdV"":9.999999747E-06,""minFinalV"":0},""telemetry"":{""valid"":true,""sampleMs"":6863534,""gasClass"":6,""gasName"":""CO2"",""confidence"":0,""alarm"":false,""sensorVoltage"":[0.119411767,0.004070106,0.004925272,-0.002569196,-0.009364581,-0.011387351,-0.019517196,-0.02536482],""sensorGain"":[32,64,64,64,64,64,64,64],""sensorStatus"":[0,0,0,0,0,0,0,0],""featureOrder"":[""MQ8"",""MQ135"",""MQ3"",""MQ5"",""MQ4"",""MQ7"",""MQ6"",""MQ2""]},""alarmLatched"":false}"
2026-08-04 11:15:28.281 +07:00,487.162,HOT_SWEEP_70,70,700,300,1,0,0.120234631,0.004085032,0.004946365,-0.002533369,-0.009152913,-0.011079129,-0.019125815,-0.02489974,"{""deviceId"":""1001"",""nodeId"":4097,""targetChId"":""0010"",""mode"":""inference"",""uptimeMs"":6864610,""debugEnabled"":true,""power"":{""mode"":""24v"",""externalPower"":true,""batteryMv"":65535,""batteryValid"":false,""batteryDetected"":false,""batterySenseStatus"":""not_detected"",""batteryLow"":false,""batteryCritical"":false,""sourceAmbiguous"":false,""serviceHoldActive"":false,""serviceHoldEffective"":false},""batterySession"":{""state"":""inactive"",""startedMs"":0,""stateStartedMs"":0,""validSampleBatches"":0,""requiredSampleBatches"":10,""alarmTxAttempts"":0,""alarmTxAttemptLimit"":3,""alarmAckReceived"":false,""pendingAlarm"":false,""pendingSaveRequired"":false,""persistenceFaultHold"":false,""completionReason"":""session_done""},""bootHealth"":{""adsReady"":true,""adsDrdyLevel"":0,""adsDrdyPulldownLevel"":0,""adsDrdyPullupLevel"":0,""adsMisoPulldownLevel"":0,""adsMisoPullupLevel"":1,""adsCsLevel"":1,""adsSyncLevel"":1,""adsStatus"":54,""adsMux"":15,""adsAdcon"":6,""adsDrate"":240,""adsReason"":""ok"",""tcaOk"":true,""mcpOkCount"":8,""mcpOk"":[true,true,true,true,true,true,true,true],""mcpAddrMask"":[1,1,1,1,1,1,1,1],""mcpControlTested"":true,""mcpControlOkCount"":8,""mcpControlOk"":[true,true,true,true,true,true,true,true],""dacReady"":true,""radioReady"":true,""mlReady"":true,""nullingProfileApplied"":true,""modelProfileReady"":false},""runtimeMcpCode"":[255,519,795,706,799,865,665,139],""model"":{""profileId"":""cnn-dualbranch-datasheet-v1-unbound"",""scalerProfileId"":""cnn-dualbranch-datasheet-v1-unbound"",""productionApproved"":true,""boundNullingProfileId"":8,""activeNullingProfileId"":9,""bindingValid"":true,""bindingModelMatches"":true,""profileReady"":false,""inferenceValid"":false,""sensorFault"":true},""lora"":{""beginState"":0,""lastTxState"":0,""lastTxOk"":false,""txSeq"":0,""txCounter"":0,""aesKeyProvisioned"":true,""aesKeyPresent"":true,""aesKeySource"":""nvs"",""keyId"":1,""lastDownlinkCommandId"":0,""freqMHz"":920,""bwKHz"":125,""sf"":7,""cr"":5,""syncWord"":18,""txPowerDbm"":17,""preamble"":8,""tcxoVoltage"":1.600000024,""xtalVoltage"":0},""dataset"":{""state"":""idle"",""step"":""idle"",""label"":"""",""seq"":0,""targetSamples"":0,""sampleIntervalMs"":500,""maxDurationMs"":0,""useFanIntake"":true,""fanOnMs"":1000,""postFanSettleMs"":0,""nullingProfileId"":9,""queuePending"":0,""queueCapacity"":16,""queueEnqueued"":0,""queueDropped"":0,""publishFailCount"":0,""retryCount"":0,""retryFailCount"":0,""rejectedSamples"":0,""lastRejectReason"":""none"",""lastRejectChannel"":-1,""lastRejectOkFiniteCount"":0,""lastRejectStatus"":255,""lastRejectGain"":0,""lastRejectSaturated"":false},""recovery"":{""wifiReconnectCount"":0,""wifiReconnectFailCount"":0,""mqttReconnectCount"":0,""mqttConnectFailCount"":0,""lastMqttState"":0,""adsRecoveryCount"":0,""adsRecoveryFailCount"":0,""adsReadFailStreak"":0,""lastReason"":""none"",""lastRecoveryMs"":0,""bootRecoveryArmed"":false,""bootRecoveryDueMs"":0,""bootRecoveryReason"":""none"",""bootRecoveryNonAdsFailure"":false,""bootRecoveryRestartCount"":0},""nulling"":{""done"":false,""retryArmed"":false,""attemptCount"":0,""nextRetryMs"":0,""thresholdV"":9.999999747E-06,""minFinalV"":0},""telemetry"":{""valid"":true,""sampleMs"":6864192,""gasClass"":6,""gasName"":""CO2"",""confidence"":0,""alarm"":false,""sensorVoltage"":[0.120234631,0.004085032,0.004946365,-0.002533369,-0.009152913,-0.011079129,-0.019125815,-0.02489974],""sensorGain"":[32,64,64,64,64,64,64,64],""sensorStatus"":[0,0,0,0,0,0,0,0],""featureOrder"":[""MQ8"",""MQ135"",""MQ3"",""MQ5"",""MQ4"",""MQ7"",""MQ6"",""MQ2""]},""alarmLatched"":false}"
2026-08-04 11:15:28.966 +07:00,487.845,HOT_SWEEP_70,70,700,300,1,0,0.119896613,0.00409212,0.004956731,-0.002534806,-0.009357288,-0.011394146,-0.019519866,-0.02535828,"{""deviceId"":""1001"",""nodeId"":4097,""targetChId"":""0010"",""mode"":""inference"",""uptimeMs"":6865294,""debugEnabled"":true,""power"":{""mode"":""24v"",""externalPower"":true,""batteryMv"":65535,""batteryValid"":false,""batteryDetected"":false,""batterySenseStatus"":""not_detected"",""batteryLow"":false,""batteryCritical"":false,""sourceAmbiguous"":false,""serviceHoldActive"":false,""serviceHoldEffective"":false},""batterySession"":{""state"":""inactive"",""startedMs"":0,""stateStartedMs"":0,""validSampleBatches"":0,""requiredSampleBatches"":10,""alarmTxAttempts"":0,""alarmTxAttemptLimit"":3,""alarmAckReceived"":false,""pendingAlarm"":false,""pendingSaveRequired"":false,""persistenceFaultHold"":false,""completionReason"":""session_done""},""bootHealth"":{""adsReady"":true,""adsDrdyLevel"":0,""adsDrdyPulldownLevel"":0,""adsDrdyPullupLevel"":0,""adsMisoPulldownLevel"":0,""adsMisoPullupLevel"":1,""adsCsLevel"":1,""adsSyncLevel"":1,""adsStatus"":54,""adsMux"":15,""adsAdcon"":6,""adsDrate"":240,""adsReason"":""ok"",""tcaOk"":true,""mcpOkCount"":8,""mcpOk"":[true,true,true,true,true,true,true,true],""mcpAddrMask"":[1,1,1,1,1,1,1,1],""mcpControlTested"":true,""mcpControlOkCount"":8,""mcpControlOk"":[true,true,true,true,true,true,true,true],""dacReady"":true,""radioReady"":true,""mlReady"":true,""nullingProfileApplied"":true,""modelProfileReady"":false},""runtimeMcpCode"":[255,519,795,706,799,865,665,139],""model"":{""profileId"":""cnn-dualbranch-datasheet-v1-unbound"",""scalerProfileId"":""cnn-dualbranch-datasheet-v1-unbound"",""productionApproved"":true,""boundNullingProfileId"":8,""activeNullingProfileId"":9,""bindingValid"":true,""bindingModelMatches"":true,""profileReady"":false,""inferenceValid"":false,""sensorFault"":true},""lora"":{""beginState"":0,""lastTxState"":0,""lastTxOk"":false,""txSeq"":0,""txCounter"":0,""aesKeyProvisioned"":true,""aesKeyPresent"":true,""aesKeySource"":""nvs"",""keyId"":1,""lastDownlinkCommandId"":0,""freqMHz"":920,""bwKHz"":125,""sf"":7,""cr"":5,""syncWord"":18,""txPowerDbm"":17,""preamble"":8,""tcxoVoltage"":1.600000024,""xtalVoltage"":0},""dataset"":{""state"":""idle"",""step"":""idle"",""label"":"""",""seq"":0,""targetSamples"":0,""sampleIntervalMs"":500,""maxDurationMs"":0,""useFanIntake"":true,""fanOnMs"":1000,""postFanSettleMs"":0,""nullingProfileId"":9,""queuePending"":0,""queueCapacity"":16,""queueEnqueued"":0,""queueDropped"":0,""publishFailCount"":0,""retryCount"":0,""retryFailCount"":0,""rejectedSamples"":0,""lastRejectReason"":""none"",""lastRejectChannel"":-1,""lastRejectOkFiniteCount"":0,""lastRejectStatus"":255,""lastRejectGain"":0,""lastRejectSaturated"":false},""recovery"":{""wifiReconnectCount"":0,""wifiReconnectFailCount"":0,""mqttReconnectCount"":0,""mqttConnectFailCount"":0,""lastMqttState"":0,""adsRecoveryCount"":0,""adsRecoveryFailCount"":0,""adsReadFailStreak"":0,""lastReason"":""none"",""lastRecoveryMs"":0,""bootRecoveryArmed"":false,""bootRecoveryDueMs"":0,""bootRecoveryReason"":""none"",""bootRecoveryNonAdsFailure"":false,""bootRecoveryRestartCount"":0},""nulling"":{""done"":false,""retryArmed"":false,""attemptCount"":0,""nextRetryMs"":0,""thresholdV"":9.999999747E-06,""minFinalV"":0},""telemetry"":{""valid"":true,""sampleMs"":6864888,""gasClass"":6,""gasName"":""CO2"",""confidence"":0,""alarm"":false,""sensorVoltage"":[0.119896613,0.00409212,0.004956731,-0.002534806,-0.009357288,-0.011394146,-0.019519866,-0.02535828],""sensorGain"":[32,64,64,64,64,64,64,64],""sensorStatus"":[0,0,0,0,0,0,0,0],""featureOrder"":[""MQ8"",""MQ135"",""MQ3"",""MQ5"",""MQ4"",""MQ7"",""MQ6"",""MQ2""]},""alarmLatched"":false}"
2026-08-04 11:15:29.662 +07:00,488.541,HOT_SWEEP_70,70,700,300,1,0,0.119810358,0.004080094,0.004894354,-0.00253172,-0.009375441,-0.011388145,-0.019509073,-0.025357995,"{""deviceId"":""1001"",""nodeId"":4097,""targetChId"":""0010"",""mode"":""inference"",""uptimeMs"":6865989,""debugEnabled"":true,""power"":{""mode"":""24v"",""externalPower"":true,""batteryMv"":65535,""batteryValid"":false,""batteryDetected"":false,""batterySenseStatus"":""not_detected"",""batteryLow"":false,""batteryCritical"":false,""sourceAmbiguous"":false,""serviceHoldActive"":false,""serviceHoldEffective"":false},""batterySession"":{""state"":""inactive"",""startedMs"":0,""stateStartedMs"":0,""validSampleBatches"":0,""requiredSampleBatches"":10,""alarmTxAttempts"":0,""alarmTxAttemptLimit"":3,""alarmAckReceived"":false,""pendingAlarm"":false,""pendingSaveRequired"":false,""persistenceFaultHold"":false,""completionReason"":""session_done""},""bootHealth"":{""adsReady"":true,""adsDrdyLevel"":0,""adsDrdyPulldownLevel"":0,""adsDrdyPullupLevel"":0,""adsMisoPulldownLevel"":0,""adsMisoPullupLevel"":1,""adsCsLevel"":1,""adsSyncLevel"":1,""adsStatus"":54,""adsMux"":15,""adsAdcon"":6,""adsDrate"":240,""adsReason"":""ok"",""tcaOk"":true,""mcpOkCount"":8,""mcpOk"":[true,true,true,true,true,true,true,true],""mcpAddrMask"":[1,1,1,1,1,1,1,1],""mcpControlTested"":true,""mcpControlOkCount"":8,""mcpControlOk"":[true,true,true,true,true,true,true,true],""dacReady"":true,""radioReady"":true,""mlReady"":true,""nullingProfileApplied"":true,""modelProfileReady"":false},""runtimeMcpCode"":[255,519,795,706,799,865,665,139],""model"":{""profileId"":""cnn-dualbranch-datasheet-v1-unbound"",""scalerProfileId"":""cnn-dualbranch-datasheet-v1-unbound"",""productionApproved"":true,""boundNullingProfileId"":8,""activeNullingProfileId"":9,""bindingValid"":true,""bindingModelMatches"":true,""profileReady"":false,""inferenceValid"":false,""sensorFault"":true},""lora"":{""beginState"":0,""lastTxState"":0,""lastTxOk"":false,""txSeq"":0,""txCounter"":0,""aesKeyProvisioned"":true,""aesKeyPresent"":true,""aesKeySource"":""nvs"",""keyId"":1,""lastDownlinkCommandId"":0,""freqMHz"":920,""bwKHz"":125,""sf"":7,""cr"":5,""syncWord"":18,""txPowerDbm"":17,""preamble"":8,""tcxoVoltage"":1.600000024,""xtalVoltage"":0},""dataset"":{""state"":""idle"",""step"":""idle"",""label"":"""",""seq"":0,""targetSamples"":0,""sampleIntervalMs"":500,""maxDurationMs"":0,""useFanIntake"":true,""fanOnMs"":1000,""postFanSettleMs"":0,""nullingProfileId"":9,""queuePending"":0,""queueCapacity"":16,""queueEnqueued"":0,""queueDropped"":0,""publishFailCount"":0,""retryCount"":0,""retryFailCount"":0,""rejectedSamples"":0,""lastRejectReason"":""none"",""lastRejectChannel"":-1,""lastRejectOkFiniteCount"":0,""lastRejectStatus"":255,""lastRejectGain"":0,""lastRejectSaturated"":false},""recovery"":{""wifiReconnectCount"":0,""wifiReconnectFailCount"":0,""mqttReconnectCount"":0,""mqttConnectFailCount"":0,""lastMqttState"":0,""adsRecoveryCount"":0,""adsRecoveryFailCount"":0,""adsReadFailStreak"":0,""lastReason"":""none"",""lastRecoveryMs"":0,""bootRecoveryArmed"":false,""bootRecoveryDueMs"":0,""bootRecoveryReason"":""none"",""bootRecoveryNonAdsFailure"":false,""bootRecoveryRestartCount"":0},""nulling"":{""done"":false,""retryArmed"":false,""attemptCount"":0,""nextRetryMs"":0,""thresholdV"":9.999999747E-06,""minFinalV"":0},""telemetry"":{""valid"":true,""sampleMs"":6865604,""gasClass"":6,""gasName"":""CO2"",""confidence"":0,""alarm"":false,""sensorVoltage"":[0.119810358,0.004080094,0.004894354,-0.00253172,-0.009375441,-0.011388145,-0.019509073,-0.025357995],""sensorGain"":[32,64,64,64,64,64,64,64],""sensorStatus"":[0,0,0,0,0,0,0,0],""featureOrder"":[""MQ8"",""MQ135"",""MQ3"",""MQ5"",""MQ4"",""MQ7"",""MQ6"",""MQ2""]},""alarmLatched"":false}"
2026-08-04 11:15:30.341 +07:00,489.222,HOT_SWEEP_70,70,700,300,1,0,0.120981112,0.004044363,0.004841842,-0.002486678,-0.009171257,-0.011355784,-0.019502509,-0.025376519,"{""deviceId"":""1001"",""nodeId"":4097,""targetChId"":""0010"",""mode"":""inference"",""uptimeMs"":6866676,""debugEnabled"":true,""power"":{""mode"":""24v"",""externalPower"":true,""batteryMv"":65535,""batteryValid"":false,""batteryDetected"":false,""batterySenseStatus"":""not_detected"",""batteryLow"":false,""batteryCritical"":false,""sourceAmbiguous"":false,""serviceHoldActive"":false,""serviceHoldEffective"":false},""batterySession"":{""state"":""inactive"",""startedMs"":0,""stateStartedMs"":0,""validSampleBatches"":0,""requiredSampleBatches"":10,""alarmTxAttempts"":0,""alarmTxAttemptLimit"":3,""alarmAckReceived"":false,""pendingAlarm"":false,""pendingSaveRequired"":false,""persistenceFaultHold"":false,""completionReason"":""session_done""},""bootHealth"":{""adsReady"":true,""adsDrdyLevel"":0,""adsDrdyPulldownLevel"":0,""adsDrdyPullupLevel"":0,""adsMisoPulldownLevel"":0,""adsMisoPullupLevel"":1,""adsCsLevel"":1,""adsSyncLevel"":1,""adsStatus"":54,""adsMux"":15,""adsAdcon"":6,""adsDrate"":240,""adsReason"":""ok"",""tcaOk"":true,""mcpOkCount"":8,""mcpOk"":[true,true,true,true,true,true,true,true],""mcpAddrMask"":[1,1,1,1,1,1,1,1],""mcpControlTested"":true,""mcpControlOkCount"":8,""mcpControlOk"":[true,true,true,true,true,true,true,true],""dacReady"":true,""radioReady"":true,""mlReady"":true,""nullingProfileApplied"":true,""modelProfileReady"":false},""runtimeMcpCode"":[255,519,795,706,799,865,665,139],""model"":{""profileId"":""cnn-dualbranch-datasheet-v1-unbound"",""scalerProfileId"":""cnn-dualbranch-datasheet-v1-unbound"",""productionApproved"":true,""boundNullingProfileId"":8,""activeNullingProfileId"":9,""bindingValid"":true,""bindingModelMatches"":true,""profileReady"":false,""inferenceValid"":false,""sensorFault"":true},""lora"":{""beginState"":0,""lastTxState"":0,""lastTxOk"":false,""txSeq"":0,""txCounter"":0,""aesKeyProvisioned"":true,""aesKeyPresent"":true,""aesKeySource"":""nvs"",""keyId"":1,""lastDownlinkCommandId"":0,""freqMHz"":920,""bwKHz"":125,""sf"":7,""cr"":5,""syncWord"":18,""txPowerDbm"":17,""preamble"":8,""tcxoVoltage"":1.600000024,""xtalVoltage"":0},""dataset"":{""state"":""idle"",""step"":""idle"",""label"":"""",""seq"":0,""targetSamples"":0,""sampleIntervalMs"":500,""maxDurationMs"":0,""useFanIntake"":true,""fanOnMs"":1000,""postFanSettleMs"":0,""nullingProfileId"":9,""queuePending"":0,""queueCapacity"":16,""queueEnqueued"":0,""queueDropped"":0,""publishFailCount"":0,""retryCount"":0,""retryFailCount"":0,""rejectedSamples"":0,""lastRejectReason"":""none"",""lastRejectChannel"":-1,""lastRejectOkFiniteCount"":0,""lastRejectStatus"":255,""lastRejectGain"":0,""lastRejectSaturated"":false},""recovery"":{""wifiReconnectCount"":0,""wifiReconnectFailCount"":0,""mqttReconnectCount"":0,""mqttConnectFailCount"":0,""lastMqttState"":0,""adsRecoveryCount"":0,""adsRecoveryFailCount"":0,""adsReadFailStreak"":0,""lastReason"":""none"",""lastRecoveryMs"":0,""bootRecoveryArmed"":false,""bootRecoveryDueMs"":0,""bootRecoveryReason"":""none"",""bootRecoveryNonAdsFailure"":false,""bootRecoveryRestartCount"":0},""nulling"":{""done"":false,""retryArmed"":false,""attemptCount"":0,""nextRetryMs"":0,""thresholdV"":9.999999747E-06,""minFinalV"":0},""telemetry"":{""valid"":true,""sampleMs"":6866267,""gasClass"":6,""gasName"":""CO2"",""confidence"":0,""alarm"":false,""sensorVoltage"":[0.120981112,0.004044363,0.004841842,-0.002486678,-0.009171257,-0.011355784,-0.019502509,-0.025376519],""sensorGain"":[32,64,64,64,64,64,64,64],""sensorStatus"":[0,0,0,0,0,0,0,0],""featureOrder"":[""MQ8"",""MQ135"",""MQ3"",""MQ5"",""MQ4"",""MQ7"",""MQ6"",""MQ2""]},""alarmLatched"":false}"
2026-08-04 11:15:31.041 +07:00,489.922,HOT_SWEEP_70,70,700,300,1,0,0.120643258,0.004072472,0.00488793,-0.002534895,-0.009389622,-0.01136785,-0.019490669,-0.025363874,"{""deviceId"":""1001"",""nodeId"":4097,""targetChId"":""0010"",""mode"":""inference"",""uptimeMs"":6867377,""debugEnabled"":true,""power"":{""mode"":""24v"",""externalPower"":true,""batteryMv"":65535,""batteryValid"":false,""batteryDetected"":false,""batterySenseStatus"":""not_detected"",""batteryLow"":false,""batteryCritical"":false,""sourceAmbiguous"":false,""serviceHoldActive"":false,""serviceHoldEffective"":false},""batterySession"":{""state"":""inactive"",""startedMs"":0,""stateStartedMs"":0,""validSampleBatches"":0,""requiredSampleBatches"":10,""alarmTxAttempts"":0,""alarmTxAttemptLimit"":3,""alarmAckReceived"":false,""pendingAlarm"":false,""pendingSaveRequired"":false,""persistenceFaultHold"":false,""completionReason"":""session_done""},""bootHealth"":{""adsReady"":true,""adsDrdyLevel"":0,""adsDrdyPulldownLevel"":0,""adsDrdyPullupLevel"":0,""adsMisoPulldownLevel"":0,""adsMisoPullupLevel"":1,""adsCsLevel"":1,""adsSyncLevel"":1,""adsStatus"":54,""adsMux"":15,""adsAdcon"":6,""adsDrate"":240,""adsReason"":""ok"",""tcaOk"":true,""mcpOkCount"":8,""mcpOk"":[true,true,true,true,true,true,true,true],""mcpAddrMask"":[1,1,1,1,1,1,1,1],""mcpControlTested"":true,""mcpControlOkCount"":8,""mcpControlOk"":[true,true,true,true,true,true,true,true],""dacReady"":true,""radioReady"":true,""mlReady"":true,""nullingProfileApplied"":true,""modelProfileReady"":false},""runtimeMcpCode"":[255,519,795,706,799,865,665,139],""model"":{""profileId"":""cnn-dualbranch-datasheet-v1-unbound"",""scalerProfileId"":""cnn-dualbranch-datasheet-v1-unbound"",""productionApproved"":true,""boundNullingProfileId"":8,""activeNullingProfileId"":9,""bindingValid"":true,""bindingModelMatches"":true,""profileReady"":false,""inferenceValid"":false,""sensorFault"":true},""lora"":{""beginState"":0,""lastTxState"":0,""lastTxOk"":false,""txSeq"":0,""txCounter"":0,""aesKeyProvisioned"":true,""aesKeyPresent"":true,""aesKeySource"":""nvs"",""keyId"":1,""lastDownlinkCommandId"":0,""freqMHz"":920,""bwKHz"":125,""sf"":7,""cr"":5,""syncWord"":18,""txPowerDbm"":17,""preamble"":8,""tcxoVoltage"":1.600000024,""xtalVoltage"":0},""dataset"":{""state"":""idle"",""step"":""idle"",""label"":"""",""seq"":0,""targetSamples"":0,""sampleIntervalMs"":500,""maxDurationMs"":0,""useFanIntake"":true,""fanOnMs"":1000,""postFanSettleMs"":0,""nullingProfileId"":9,""queuePending"":0,""queueCapacity"":16,""queueEnqueued"":0,""queueDropped"":0,""publishFailCount"":0,""retryCount"":0,""retryFailCount"":0,""rejectedSamples"":0,""lastRejectReason"":""none"",""lastRejectChannel"":-1,""lastRejectOkFiniteCount"":0,""lastRejectStatus"":255,""lastRejectGain"":0,""lastRejectSaturated"":false},""recovery"":{""wifiReconnectCount"":0,""wifiReconnectFailCount"":0,""mqttReconnectCount"":0,""mqttConnectFailCount"":0,""lastMqttState"":0,""adsRecoveryCount"":0,""adsRecoveryFailCount"":0,""adsReadFailStreak"":0,""lastReason"":""none"",""lastRecoveryMs"":0,""bootRecoveryArmed"":false,""bootRecoveryDueMs"":0,""bootRecoveryReason"":""none"",""bootRecoveryNonAdsFailure"":false,""bootRecoveryRestartCount"":0},""nulling"":{""done"":false,""retryArmed"":false,""attemptCount"":0,""nextRetryMs"":0,""thresholdV"":9.999999747E-06,""minFinalV"":0},""telemetry"":{""valid"":true,""sampleMs"":6866954,""gasClass"":6,""gasName"":""CO2"",""confidence"":0,""alarm"":false,""sensorVoltage"":[0.120643258,0.004072472,0.00488793,-0.002534895,-0.009389622,-0.01136785,-0.019490669,-0.025363874],""sensorGain"":[32,64,64,64,64,64,64,64],""sensorStatus"":[0,0,0,0,0,0,0,0],""featureOrder"":[""MQ8"",""MQ135"",""MQ3"",""MQ5"",""MQ4"",""MQ7"",""MQ6"",""MQ2""]},""alarmLatched"":false}"
2026-08-04 11:15:31.728 +07:00,490.601,HOT_SWEEP_70,70,700,300,1,0,0.120445706,0.004133623,0.004823464,-0.002564709,-0.009386789,-0.011394484,-0.019548625,-0.025371546,"{""deviceId"":""1001"",""nodeId"":4097,""targetChId"":""0010"",""mode"":""inference"",""uptimeMs"":6868055,""debugEnabled"":true,""power"":{""mode"":""24v"",""externalPower"":true,""batteryMv"":65535,""batteryValid"":false,""batteryDetected"":false,""batterySenseStatus"":""not_detected"",""batteryLow"":false,""batteryCritical"":false,""sourceAmbiguous"":false,""serviceHoldActive"":false,""serviceHoldEffective"":false},""batterySession"":{""state"":""inactive"",""startedMs"":0,""stateStartedMs"":0,""validSampleBatches"":0,""requiredSampleBatches"":10,""alarmTxAttempts"":0,""alarmTxAttemptLimit"":3,""alarmAckReceived"":false,""pendingAlarm"":false,""pendingSaveRequired"":false,""persistenceFaultHold"":false,""completionReason"":""session_done""},""bootHealth"":{""adsReady"":true,""adsDrdyLevel"":0,""adsDrdyPulldownLevel"":0,""adsDrdyPullupLevel"":0,""adsMisoPulldownLevel"":0,""adsMisoPullupLevel"":1,""adsCsLevel"":1,""adsSyncLevel"":1,""adsStatus"":54,""adsMux"":15,""adsAdcon"":6,""adsDrate"":240,""adsReason"":""ok"",""tcaOk"":true,""mcpOkCount"":8,""mcpOk"":[true,true,true,true,true,true,true,true],""mcpAddrMask"":[1,1,1,1,1,1,1,1],""mcpControlTested"":true,""mcpControlOkCount"":8,""mcpControlOk"":[true,true,true,true,true,true,true,true],""dacReady"":true,""radioReady"":true,""mlReady"":true,""nullingProfileApplied"":true,""modelProfileReady"":false},""runtimeMcpCode"":[255,519,795,706,799,865,665,139],""model"":{""profileId"":""cnn-dualbranch-datasheet-v1-unbound"",""scalerProfileId"":""cnn-dualbranch-datasheet-v1-unbound"",""productionApproved"":true,""boundNullingProfileId"":8,""activeNullingProfileId"":9,""bindingValid"":true,""bindingModelMatches"":true,""profileReady"":false,""inferenceValid"":false,""sensorFault"":true},""lora"":{""beginState"":0,""lastTxState"":0,""lastTxOk"":false,""txSeq"":0,""txCounter"":0,""aesKeyProvisioned"":true,""aesKeyPresent"":true,""aesKeySource"":""nvs"",""keyId"":1,""lastDownlinkCommandId"":0,""freqMHz"":920,""bwKHz"":125,""sf"":7,""cr"":5,""syncWord"":18,""txPowerDbm"":17,""preamble"":8,""tcxoVoltage"":1.600000024,""xtalVoltage"":0},""dataset"":{""state"":""idle"",""step"":""idle"",""label"":"""",""seq"":0,""targetSamples"":0,""sampleIntervalMs"":500,""maxDurationMs"":0,""useFanIntake"":true,""fanOnMs"":1000,""postFanSettleMs"":0,""nullingProfileId"":9,""queuePending"":0,""queueCapacity"":16,""queueEnqueued"":0,""queueDropped"":0,""publishFailCount"":0,""retryCount"":0,""retryFailCount"":0,""rejectedSamples"":0,""lastRejectReason"":""none"",""lastRejectChannel"":-1,""lastRejectOkFiniteCount"":0,""lastRejectStatus"":255,""lastRejectGain"":0,""lastRejectSaturated"":false},""recovery"":{""wifiReconnectCount"":0,""wifiReconnectFailCount"":0,""mqttReconnectCount"":0,""mqttConnectFailCount"":0,""lastMqttState"":0,""adsRecoveryCount"":0,""adsRecoveryFailCount"":0,""adsReadFailStreak"":0,""lastReason"":""none"",""lastRecoveryMs"":0,""bootRecoveryArmed"":false,""bootRecoveryDueMs"":0,""bootRecoveryReason"":""none"",""bootRecoveryNonAdsFailure"":false,""bootRecoveryRestartCount"":0},""nulling"":{""done"":false,""retryArmed"":false,""attemptCount"":0,""nextRetryMs"":0,""thresholdV"":9.999999747E-06,""minFinalV"":0},""telemetry"":{""valid"":true,""sampleMs"":6867687,""gasClass"":6,""gasName"":""CO2"",""confidence"":0,""alarm"":false,""sensorVoltage"":[0.120445706,0.004133623,0.004823464,-0.002564709,-0.009386789,-0.011394484,-0.019548625,-0.025371546],""sensorGain"":[32,64,64,64,64,64,64,64],""sensorStatus"":[0,0,0,0,0,0,0,0],""featureOrder"":[""MQ8"",""MQ135"",""MQ3"",""MQ5"",""MQ4"",""MQ7"",""MQ6"",""MQ2""]},""alarmLatched"":false}"
2026-08-04 11:15:32.406 +07:00,491.287,HOT_SWEEP_70,70,700,300,1,0,0.121438801,0.00409404,0.004801632,-0.002598895,-0.009359995,-0.01140591,-0.019620307,-0.025365213,"{""deviceId"":""1001"",""nodeId"":4097,""targetChId"":""0010"",""mode"":""inference"",""uptimeMs"":6868743,""debugEnabled"":true,""power"":{""mode"":""24v"",""externalPower"":true,""batteryMv"":65535,""batteryValid"":false,""batteryDetected"":false,""batterySenseStatus"":""not_detected"",""batteryLow"":false,""batteryCritical"":false,""sourceAmbiguous"":false,""serviceHoldActive"":false,""serviceHoldEffective"":false},""batterySession"":{""state"":""inactive"",""startedMs"":0,""stateStartedMs"":0,""validSampleBatches"":0,""requiredSampleBatches"":10,""alarmTxAttempts"":0,""alarmTxAttemptLimit"":3,""alarmAckReceived"":false,""pendingAlarm"":false,""pendingSaveRequired"":false,""persistenceFaultHold"":false,""completionReason"":""session_done""},""bootHealth"":{""adsReady"":true,""adsDrdyLevel"":0,""adsDrdyPulldownLevel"":0,""adsDrdyPullupLevel"":0,""adsMisoPulldownLevel"":0,""adsMisoPullupLevel"":1,""adsCsLevel"":1,""adsSyncLevel"":1,""adsStatus"":54,""adsMux"":15,""adsAdcon"":6,""adsDrate"":240,""adsReason"":""ok"",""tcaOk"":true,""mcpOkCount"":8,""mcpOk"":[true,true,true,true,true,true,true,true],""mcpAddrMask"":[1,1,1,1,1,1,1,1],""mcpControlTested"":true,""mcpControlOkCount"":8,""mcpControlOk"":[true,true,true,true,true,true,true,true],""dacReady"":true,""radioReady"":true,""mlReady"":true,""nullingProfileApplied"":true,""modelProfileReady"":false},""runtimeMcpCode"":[255,519,795,706,799,865,665,139],""model"":{""profileId"":""cnn-dualbranch-datasheet-v1-unbound"",""scalerProfileId"":""cnn-dualbranch-datasheet-v1-unbound"",""productionApproved"":true,""boundNullingProfileId"":8,""activeNullingProfileId"":9,""bindingValid"":true,""bindingModelMatches"":true,""profileReady"":false,""inferenceValid"":false,""sensorFault"":true},""lora"":{""beginState"":0,""lastTxState"":0,""lastTxOk"":false,""txSeq"":0,""txCounter"":0,""aesKeyProvisioned"":true,""aesKeyPresent"":true,""aesKeySource"":""nvs"",""keyId"":1,""lastDownlinkCommandId"":0,""freqMHz"":920,""bwKHz"":125,""sf"":7,""cr"":5,""syncWord"":18,""txPowerDbm"":17,""preamble"":8,""tcxoVoltage"":1.600000024,""xtalVoltage"":0},""dataset"":{""state"":""idle"",""step"":""idle"",""label"":"""",""seq"":0,""targetSamples"":0,""sampleIntervalMs"":500,""maxDurationMs"":0,""useFanIntake"":true,""fanOnMs"":1000,""postFanSettleMs"":0,""nullingProfileId"":9,""queuePending"":0,""queueCapacity"":16,""queueEnqueued"":0,""queueDropped"":0,""publishFailCount"":0,""retryCount"":0,""retryFailCount"":0,""rejectedSamples"":0,""lastRejectReason"":""none"",""lastRejectChannel"":-1,""lastRejectOkFiniteCount"":0,""lastRejectStatus"":255,""lastRejectGain"":0,""lastRejectSaturated"":false},""recovery"":{""wifiReconnectCount"":0,""wifiReconnectFailCount"":0,""mqttReconnectCount"":0,""mqttConnectFailCount"":0,""lastMqttState"":0,""adsRecoveryCount"":0,""adsRecoveryFailCount"":0,""adsReadFailStreak"":0,""lastReason"":""none"",""lastRecoveryMs"":0,""bootRecoveryArmed"":false,""bootRecoveryDueMs"":0,""bootRecoveryReason"":""none"",""bootRecoveryNonAdsFailure"":false,""bootRecoveryRestartCount"":0},""nulling"":{""done"":false,""retryArmed"":false,""attemptCount"":0,""nextRetryMs"":0,""thresholdV"":9.999999747E-06,""minFinalV"":0},""telemetry"":{""valid"":true,""sampleMs"":6868333,""gasClass"":6,""gasName"":""CO2"",""confidence"":0,""alarm"":false,""sensorVoltage"":[0.121438801,0.00409404,0.004801632,-0.002598895,-0.009359995,-0.01140591,-0.019620307,-0.025365213],""sensorGain"":[32,64,64,64,64,64,64,64],""sensorStatus"":[0,0,0,0,0,0,0,0],""featureOrder"":[""MQ8"",""MQ135"",""MQ3"",""MQ5"",""MQ4"",""MQ7"",""MQ6"",""MQ2""]},""alarmLatched"":false}"
2026-08-04 11:15:33.087 +07:00,491.968,HOT_SWEEP_70,70,700,300,1,0,0.121211983,0.004115443,0.004866916,-0.00266548,-0.009381527,-0.011457399,-0.019609129,-0.025364906,"{""deviceId"":""1001"",""nodeId"":4097,""targetChId"":""0010"",""mode"":""inference"",""uptimeMs"":6869424,""debugEnabled"":true,""power"":{""mode"":""24v"",""externalPower"":true,""batteryMv"":65535,""batteryValid"":false,""batteryDetected"":false,""batterySenseStatus"":""not_detected"",""batteryLow"":false,""batteryCritical"":false,""sourceAmbiguous"":false,""serviceHoldActive"":false,""serviceHoldEffective"":false},""batterySession"":{""state"":""inactive"",""startedMs"":0,""stateStartedMs"":0,""validSampleBatches"":0,""requiredSampleBatches"":10,""alarmTxAttempts"":0,""alarmTxAttemptLimit"":3,""alarmAckReceived"":false,""pendingAlarm"":false,""pendingSaveRequired"":false,""persistenceFaultHold"":false,""completionReason"":""session_done""},""bootHealth"":{""adsReady"":true,""adsDrdyLevel"":0,""adsDrdyPulldownLevel"":0,""adsDrdyPullupLevel"":0,""adsMisoPulldownLevel"":0,""adsMisoPullupLevel"":1,""adsCsLevel"":1,""adsSyncLevel"":1,""adsStatus"":54,""adsMux"":15,""adsAdcon"":6,""adsDrate"":240,""adsReason"":""ok"",""tcaOk"":true,""mcpOkCount"":8,""mcpOk"":[true,true,true,true,true,true,true,true],""mcpAddrMask"":[1,1,1,1,1,1,1,1],""mcpControlTested"":true,""mcpControlOkCount"":8,""mcpControlOk"":[true,true,true,true,true,true,true,true],""dacReady"":true,""radioReady"":true,""mlReady"":true,""nullingProfileApplied"":true,""modelProfileReady"":false},""runtimeMcpCode"":[255,519,795,706,799,865,665,139],""model"":{""profileId"":""cnn-dualbranch-datasheet-v1-unbound"",""scalerProfileId"":""cnn-dualbranch-datasheet-v1-unbound"",""productionApproved"":true,""boundNullingProfileId"":8,""activeNullingProfileId"":9,""bindingValid"":true,""bindingModelMatches"":true,""profileReady"":false,""inferenceValid"":false,""sensorFault"":true},""lora"":{""beginState"":0,""lastTxState"":0,""lastTxOk"":false,""txSeq"":0,""txCounter"":0,""aesKeyProvisioned"":true,""aesKeyPresent"":true,""aesKeySource"":""nvs"",""keyId"":1,""lastDownlinkCommandId"":0,""freqMHz"":920,""bwKHz"":125,""sf"":7,""cr"":5,""syncWord"":18,""txPowerDbm"":17,""preamble"":8,""tcxoVoltage"":1.600000024,""xtalVoltage"":0},""dataset"":{""state"":""idle"",""step"":""idle"",""label"":"""",""seq"":0,""targetSamples"":0,""sampleIntervalMs"":500,""maxDurationMs"":0,""useFanIntake"":true,""fanOnMs"":1000,""postFanSettleMs"":0,""nullingProfileId"":9,""queuePending"":0,""queueCapacity"":16,""queueEnqueued"":0,""queueDropped"":0,""publishFailCount"":0,""retryCount"":0,""retryFailCount"":0,""rejectedSamples"":0,""lastRejectReason"":""none"",""lastRejectChannel"":-1,""lastRejectOkFiniteCount"":0,""lastRejectStatus"":255,""lastRejectGain"":0,""lastRejectSaturated"":false},""recovery"":{""wifiReconnectCount"":0,""wifiReconnectFailCount"":0,""mqttReconnectCount"":0,""mqttConnectFailCount"":0,""lastMqttState"":0,""adsRecoveryCount"":0,""adsRecoveryFailCount"":0,""adsReadFailStreak"":0,""lastReason"":""none"",""lastRecoveryMs"":0,""bootRecoveryArmed"":false,""bootRecoveryDueMs"":0,""bootRecoveryReason"":""none"",""bootRecoveryNonAdsFailure"":false,""bootRecoveryRestartCount"":0},""nulling"":{""done"":false,""retryArmed"":false,""attemptCount"":0,""nextRetryMs"":0,""thresholdV"":9.999999747E-06,""minFinalV"":0},""telemetry"":{""valid"":true,""sampleMs"":6869021,""gasClass"":6,""gasName"":""CO2"",""confidence"":0,""alarm"":false,""sensorVoltage"":[0.121211983,0.004115443,0.004866916,-0.00266548,-0.009381527,-0.011457399,-0.019609129,-0.025364906],""sensorGain"":[32,64,64,64,64,64,64,64],""sensorStatus"":[0,0,0,0,0,0,0,0],""featureOrder"":[""MQ8"",""MQ135"",""MQ3"",""MQ5"",""MQ4"",""MQ7"",""MQ6"",""MQ2""]},""alarmLatched"":false}"
2026-08-04 11:15:33.782 +07:00,492.652,HOT_SWEEP_70,70,700,300,1,0,0.121063158,0.004103763,0.004789861,-0.002651637,-0.00939483,-0.011519542,-0.019542972,-0.025382813,"{""deviceId"":""1001"",""nodeId"":4097,""targetChId"":""0010"",""mode"":""inference"",""uptimeMs"":6870109,""debugEnabled"":true,""power"":{""mode"":""24v"",""externalPower"":true,""batteryMv"":65535,""batteryValid"":false,""batteryDetected"":false,""batterySenseStatus"":""not_detected"",""batteryLow"":false,""batteryCritical"":false,""sourceAmbiguous"":false,""serviceHoldActive"":false,""serviceHoldEffective"":false},""batterySession"":{""state"":""inactive"",""startedMs"":0,""stateStartedMs"":0,""validSampleBatches"":0,""requiredSampleBatches"":10,""alarmTxAttempts"":0,""alarmTxAttemptLimit"":3,""alarmAckReceived"":false,""pendingAlarm"":false,""pendingSaveRequired"":false,""persistenceFaultHold"":false,""completionReason"":""session_done""},""bootHealth"":{""adsReady"":true,""adsDrdyLevel"":0,""adsDrdyPulldownLevel"":0,""adsDrdyPullupLevel"":0,""adsMisoPulldownLevel"":0,""adsMisoPullupLevel"":1,""adsCsLevel"":1,""adsSyncLevel"":1,""adsStatus"":54,""adsMux"":15,""adsAdcon"":6,""adsDrate"":240,""adsReason"":""ok"",""tcaOk"":true,""mcpOkCount"":8,""mcpOk"":[true,true,true,true,true,true,true,true],""mcpAddrMask"":[1,1,1,1,1,1,1,1],""mcpControlTested"":true,""mcpControlOkCount"":8,""mcpControlOk"":[true,true,true,true,true,true,true,true],""dacReady"":true,""radioReady"":true,""mlReady"":true,""nullingProfileApplied"":true,""modelProfileReady"":false},""runtimeMcpCode"":[255,519,795,706,799,865,665,139],""model"":{""profileId"":""cnn-dualbranch-datasheet-v1-unbound"",""scalerProfileId"":""cnn-dualbranch-datasheet-v1-unbound"",""productionApproved"":true,""boundNullingProfileId"":8,""activeNullingProfileId"":9,""bindingValid"":true,""bindingModelMatches"":true,""profileReady"":false,""inferenceValid"":false,""sensorFault"":true},""lora"":{""beginState"":0,""lastTxState"":0,""lastTxOk"":false,""txSeq"":0,""txCounter"":0,""aesKeyProvisioned"":true,""aesKeyPresent"":true,""aesKeySource"":""nvs"",""keyId"":1,""lastDownlinkCommandId"":0,""freqMHz"":920,""bwKHz"":125,""sf"":7,""cr"":5,""syncWord"":18,""txPowerDbm"":17,""preamble"":8,""tcxoVoltage"":1.600000024,""xtalVoltage"":0},""dataset"":{""state"":""idle"",""step"":""idle"",""label"":"""",""seq"":0,""targetSamples"":0,""sampleIntervalMs"":500,""maxDurationMs"":0,""useFanIntake"":true,""fanOnMs"":1000,""postFanSettleMs"":0,""nullingProfileId"":9,""queuePending"":0,""queueCapacity"":16,""queueEnqueued"":0,""queueDropped"":0,""publishFailCount"":0,""retryCount"":0,""retryFailCount"":0,""rejectedSamples"":0,""lastRejectReason"":""none"",""lastRejectChannel"":-1,""lastRejectOkFiniteCount"":0,""lastRejectStatus"":255,""lastRejectGain"":0,""lastRejectSaturated"":false},""recovery"":{""wifiReconnectCount"":0,""wifiReconnectFailCount"":0,""mqttReconnectCount"":0,""mqttConnectFailCount"":0,""lastMqttState"":0,""adsRecoveryCount"":0,""adsRecoveryFailCount"":0,""adsReadFailStreak"":0,""lastReason"":""none"",""lastRecoveryMs"":0,""bootRecoveryArmed"":false,""bootRecoveryDueMs"":0,""bootRecoveryReason"":""none"",""bootRecoveryNonAdsFailure"":false,""bootRecoveryRestartCount"":0},""nulling"":{""done"":false,""retryArmed"":false,""attemptCount"":0,""nextRetryMs"":0,""thresholdV"":9.999999747E-06,""minFinalV"":0},""telemetry"":{""valid"":true,""sampleMs"":6869734,""gasClass"":6,""gasName"":""CO2"",""confidence"":0,""alarm"":false,""sensorVoltage"":[0.121063158,0.004103763,0.004789861,-0.002651637,-0.00939483,-0.011519542,-0.019542972,-0.025382813],""sensorGain"":[32,64,64,64,64,64,64,64],""sensorStatus"":[0,0,0,0,0,0,0,0],""featureOrder"":[""MQ8"",""MQ135"",""MQ3"",""MQ5"",""MQ4"",""MQ7"",""MQ6"",""MQ2""]},""alarmLatched"":false}"
2026-08-04 11:15:34.469 +07:00,493.350,HOT_SWEEP_70,70,700,300,1,0,0.121630453,0.004102753,0.004783919,-0.00265976,-0.009379906,-0.011551842,-0.019517506,-0.025356838,"{""deviceId"":""1001"",""nodeId"":4097,""targetChId"":""0010"",""mode"":""inference"",""uptimeMs"":6870798,""debugEnabled"":true,""power"":{""mode"":""24v"",""externalPower"":true,""batteryMv"":65535,""batteryValid"":false,""batteryDetected"":false,""batterySenseStatus"":""not_detected"",""batteryLow"":false,""batteryCritical"":false,""sourceAmbiguous"":false,""serviceHoldActive"":false,""serviceHoldEffective"":false},""batterySession"":{""state"":""inactive"",""startedMs"":0,""stateStartedMs"":0,""validSampleBatches"":0,""requiredSampleBatches"":10,""alarmTxAttempts"":0,""alarmTxAttemptLimit"":3,""alarmAckReceived"":false,""pendingAlarm"":false,""pendingSaveRequired"":false,""persistenceFaultHold"":false,""completionReason"":""session_done""},""bootHealth"":{""adsReady"":true,""adsDrdyLevel"":0,""adsDrdyPulldownLevel"":0,""adsDrdyPullupLevel"":0,""adsMisoPulldownLevel"":0,""adsMisoPullupLevel"":1,""adsCsLevel"":1,""adsSyncLevel"":1,""adsStatus"":54,""adsMux"":15,""adsAdcon"":6,""adsDrate"":240,""adsReason"":""ok"",""tcaOk"":true,""mcpOkCount"":8,""mcpOk"":[true,true,true,true,true,true,true,true],""mcpAddrMask"":[1,1,1,1,1,1,1,1],""mcpControlTested"":true,""mcpControlOkCount"":8,""mcpControlOk"":[true,true,true,true,true,true,true,true],""dacReady"":true,""radioReady"":true,""mlReady"":true,""nullingProfileApplied"":true,""modelProfileReady"":false},""runtimeMcpCode"":[255,519,795,706,799,865,665,139],""model"":{""profileId"":""cnn-dualbranch-datasheet-v1-unbound"",""scalerProfileId"":""cnn-dualbranch-datasheet-v1-unbound"",""productionApproved"":true,""boundNullingProfileId"":8,""activeNullingProfileId"":9,""bindingValid"":true,""bindingModelMatches"":true,""profileReady"":false,""inferenceValid"":false,""sensorFault"":true},""lora"":{""beginState"":0,""lastTxState"":0,""lastTxOk"":false,""txSeq"":0,""txCounter"":0,""aesKeyProvisioned"":true,""aesKeyPresent"":true,""aesKeySource"":""nvs"",""keyId"":1,""lastDownlinkCommandId"":0,""freqMHz"":920,""bwKHz"":125,""sf"":7,""cr"":5,""syncWord"":18,""txPowerDbm"":17,""preamble"":8,""tcxoVoltage"":1.600000024,""xtalVoltage"":0},""dataset"":{""state"":""idle"",""step"":""idle"",""label"":"""",""seq"":0,""targetSamples"":0,""sampleIntervalMs"":500,""maxDurationMs"":0,""useFanIntake"":true,""fanOnMs"":1000,""postFanSettleMs"":0,""nullingProfileId"":9,""queuePending"":0,""queueCapacity"":16,""queueEnqueued"":0,""queueDropped"":0,""publishFailCount"":0,""retryCount"":0,""retryFailCount"":0,""rejectedSamples"":0,""lastRejectReason"":""none"",""lastRejectChannel"":-1,""lastRejectOkFiniteCount"":0,""lastRejectStatus"":255,""lastRejectGain"":0,""lastRejectSaturated"":false},""recovery"":{""wifiReconnectCount"":0,""wifiReconnectFailCount"":0,""mqttReconnectCount"":0,""mqttConnectFailCount"":0,""lastMqttState"":0,""adsRecoveryCount"":0,""adsRecoveryFailCount"":0,""adsReadFailStreak"":0,""lastReason"":""none"",""lastRecoveryMs"":0,""bootRecoveryArmed"":false,""bootRecoveryDueMs"":0,""bootRecoveryReason"":""none"",""bootRecoveryNonAdsFailure"":false,""bootRecoveryRestartCount"":0},""nulling"":{""done"":false,""retryArmed"":false,""attemptCount"":0,""nextRetryMs"":0,""thresholdV"":9.999999747E-06,""minFinalV"":0},""telemetry"":{""valid"":true,""sampleMs"":6870387,""gasClass"":6,""gasName"":""CO2"",""confidence"":0,""alarm"":false,""sensorVoltage"":[0.121630453,0.004102753,0.004783919,-0.00265976,-0.009379906,-0.011551842,-0.019517506,-0.025356838],""sensorGain"":[32,64,64,64,64,64,64,64],""sensorStatus"":[0,0,0,0,0,0,0,0],""featureOrder"":[""MQ8"",""MQ135"",""MQ3"",""MQ5"",""MQ4"",""MQ7"",""MQ6"",""MQ2""]},""alarmLatched"":false}"
2026-08-04 11:15:35.155 +07:00,494.036,HOT_SWEEP_70,70,700,300,1,0,0.121787667,0.00409374,0.004782409,-0.002639594,-0.009370484,-0.011600259,-0.019564072,-0.025341261,"{""deviceId"":""1001"",""nodeId"":4097,""targetChId"":""0010"",""mode"":""inference"",""uptimeMs"":6871486,""debugEnabled"":true,""power"":{""mode"":""24v"",""externalPower"":true,""batteryMv"":65535,""batteryValid"":false,""batteryDetected"":false,""batterySenseStatus"":""not_detected"",""batteryLow"":false,""batteryCritical"":false,""sourceAmbiguous"":false,""serviceHoldActive"":false,""serviceHoldEffective"":false},""batterySession"":{""state"":""inactive"",""startedMs"":0,""stateStartedMs"":0,""validSampleBatches"":0,""requiredSampleBatches"":10,""alarmTxAttempts"":0,""alarmTxAttemptLimit"":3,""alarmAckReceived"":false,""pendingAlarm"":false,""pendingSaveRequired"":false,""persistenceFaultHold"":false,""completionReason"":""session_done""},""bootHealth"":{""adsReady"":true,""adsDrdyLevel"":0,""adsDrdyPulldownLevel"":0,""adsDrdyPullupLevel"":0,""adsMisoPulldownLevel"":0,""adsMisoPullupLevel"":1,""adsCsLevel"":1,""adsSyncLevel"":1,""adsStatus"":54,""adsMux"":15,""adsAdcon"":6,""adsDrate"":240,""adsReason"":""ok"",""tcaOk"":true,""mcpOkCount"":8,""mcpOk"":[true,true,true,true,true,true,true,true],""mcpAddrMask"":[1,1,1,1,1,1,1,1],""mcpControlTested"":true,""mcpControlOkCount"":8,""mcpControlOk"":[true,true,true,true,true,true,true,true],""dacReady"":true,""radioReady"":true,""mlReady"":true,""nullingProfileApplied"":true,""modelProfileReady"":false},""runtimeMcpCode"":[255,519,795,706,799,865,665,139],""model"":{""profileId"":""cnn-dualbranch-datasheet-v1-unbound"",""scalerProfileId"":""cnn-dualbranch-datasheet-v1-unbound"",""productionApproved"":true,""boundNullingProfileId"":8,""activeNullingProfileId"":9,""bindingValid"":true,""bindingModelMatches"":true,""profileReady"":false,""inferenceValid"":false,""sensorFault"":true},""lora"":{""beginState"":0,""lastTxState"":0,""lastTxOk"":false,""txSeq"":0,""txCounter"":0,""aesKeyProvisioned"":true,""aesKeyPresent"":true,""aesKeySource"":""nvs"",""keyId"":1,""lastDownlinkCommandId"":0,""freqMHz"":920,""bwKHz"":125,""sf"":7,""cr"":5,""syncWord"":18,""txPowerDbm"":17,""preamble"":8,""tcxoVoltage"":1.600000024,""xtalVoltage"":0},""dataset"":{""state"":""idle"",""step"":""idle"",""label"":"""",""seq"":0,""targetSamples"":0,""sampleIntervalMs"":500,""maxDurationMs"":0,""useFanIntake"":true,""fanOnMs"":1000,""postFanSettleMs"":0,""nullingProfileId"":9,""queuePending"":0,""queueCapacity"":16,""queueEnqueued"":0,""queueDropped"":0,""publishFailCount"":0,""retryCount"":0,""retryFailCount"":0,""rejectedSamples"":0,""lastRejectReason"":""none"",""lastRejectChannel"":-1,""lastRejectOkFiniteCount"":0,""lastRejectStatus"":255,""lastRejectGain"":0,""lastRejectSaturated"":false},""recovery"":{""wifiReconnectCount"":0,""wifiReconnectFailCount"":0,""mqttReconnectCount"":0,""mqttConnectFailCount"":0,""lastMqttState"":0,""adsRecoveryCount"":0,""adsRecoveryFailCount"":0,""adsReadFailStreak"":0,""lastReason"":""none"",""lastRecoveryMs"":0,""bootRecoveryArmed"":false,""bootRecoveryDueMs"":0,""bootRecoveryReason"":""none"",""bootRecoveryNonAdsFailure"":false,""bootRecoveryRestartCount"":0},""nulling"":{""done"":false,""retryArmed"":false,""attemptCount"":0,""nextRetryMs"":0,""thresholdV"":9.999999747E-06,""minFinalV"":0},""telemetry"":{""valid"":true,""sampleMs"":6871076,""gasClass"":6,""gasName"":""CO2"",""confidence"":0,""alarm"":false,""sensorVoltage"":[0.121787667,0.00409374,0.004782409,-0.002639594,-0.009370484,-0.011600259,-0.019564072,-0.025341261],""sensorGain"":[32,64,64,64,64,64,64,64],""sensorStatus"":[0,0,0,0,0,0,0,0],""featureOrder"":[""MQ8"",""MQ135"",""MQ3"",""MQ5"",""MQ4"",""MQ7"",""MQ6"",""MQ2""]},""alarmLatched"":false}"
2026-08-04 11:15:35.836 +07:00,494.717,HOT_SWEEP_70,70,700,300,1,0,0.121535376,0.004060348,0.004750828,-0.002670815,-0.009347482,-0.011598395,-0.019537318,-0.025375748,"{""deviceId"":""1001"",""nodeId"":4097,""targetChId"":""0010"",""mode"":""inference"",""uptimeMs"":6872164,""debugEnabled"":true,""power"":{""mode"":""24v"",""externalPower"":true,""batteryMv"":65535,""batteryValid"":false,""batteryDetected"":false,""batterySenseStatus"":""not_detected"",""batteryLow"":false,""batteryCritical"":false,""sourceAmbiguous"":false,""serviceHoldActive"":false,""serviceHoldEffective"":false},""batterySession"":{""state"":""inactive"",""startedMs"":0,""stateStartedMs"":0,""validSampleBatches"":0,""requiredSampleBatches"":10,""alarmTxAttempts"":0,""alarmTxAttemptLimit"":3,""alarmAckReceived"":false,""pendingAlarm"":false,""pendingSaveRequired"":false,""persistenceFaultHold"":false,""completionReason"":""session_done""},""bootHealth"":{""adsReady"":true,""adsDrdyLevel"":0,""adsDrdyPulldownLevel"":0,""adsDrdyPullupLevel"":0,""adsMisoPulldownLevel"":0,""adsMisoPullupLevel"":1,""adsCsLevel"":1,""adsSyncLevel"":1,""adsStatus"":54,""adsMux"":15,""adsAdcon"":6,""adsDrate"":240,""adsReason"":""ok"",""tcaOk"":true,""mcpOkCount"":8,""mcpOk"":[true,true,true,true,true,true,true,true],""mcpAddrMask"":[1,1,1,1,1,1,1,1],""mcpControlTested"":true,""mcpControlOkCount"":8,""mcpControlOk"":[true,true,true,true,true,true,true,true],""dacReady"":true,""radioReady"":true,""mlReady"":true,""nullingProfileApplied"":true,""modelProfileReady"":false},""runtimeMcpCode"":[255,519,795,706,799,865,665,139],""model"":{""profileId"":""cnn-dualbranch-datasheet-v1-unbound"",""scalerProfileId"":""cnn-dualbranch-datasheet-v1-unbound"",""productionApproved"":true,""boundNullingProfileId"":8,""activeNullingProfileId"":9,""bindingValid"":true,""bindingModelMatches"":true,""profileReady"":false,""inferenceValid"":false,""sensorFault"":true},""lora"":{""beginState"":0,""lastTxState"":0,""lastTxOk"":false,""txSeq"":0,""txCounter"":0,""aesKeyProvisioned"":true,""aesKeyPresent"":true,""aesKeySource"":""nvs"",""keyId"":1,""lastDownlinkCommandId"":0,""freqMHz"":920,""bwKHz"":125,""sf"":7,""cr"":5,""syncWord"":18,""txPowerDbm"":17,""preamble"":8,""tcxoVoltage"":1.600000024,""xtalVoltage"":0},""dataset"":{""state"":""idle"",""step"":""idle"",""label"":"""",""seq"":0,""targetSamples"":0,""sampleIntervalMs"":500,""maxDurationMs"":0,""useFanIntake"":true,""fanOnMs"":1000,""postFanSettleMs"":0,""nullingProfileId"":9,""queuePending"":0,""queueCapacity"":16,""queueEnqueued"":0,""queueDropped"":0,""publishFailCount"":0,""retryCount"":0,""retryFailCount"":0,""rejectedSamples"":0,""lastRejectReason"":""none"",""lastRejectChannel"":-1,""lastRejectOkFiniteCount"":0,""lastRejectStatus"":255,""lastRejectGain"":0,""lastRejectSaturated"":false},""recovery"":{""wifiReconnectCount"":0,""wifiReconnectFailCount"":0,""mqttReconnectCount"":0,""mqttConnectFailCount"":0,""lastMqttState"":0,""adsRecoveryCount"":0,""adsRecoveryFailCount"":0,""adsReadFailStreak"":0,""lastReason"":""none"",""lastRecoveryMs"":0,""bootRecoveryArmed"":false,""bootRecoveryDueMs"":0,""bootRecoveryReason"":""none"",""bootRecoveryNonAdsFailure"":false,""bootRecoveryRestartCount"":0},""nulling"":{""done"":false,""retryArmed"":false,""attemptCount"":0,""nextRetryMs"":0,""thresholdV"":9.999999747E-06,""minFinalV"":0},""telemetry"":{""valid"":true,""sampleMs"":6871796,""gasClass"":6,""gasName"":""CO2"",""confidence"":0,""alarm"":false,""sensorVoltage"":[0.121535376,0.004060348,0.004750828,-0.002670815,-0.009347482,-0.011598395,-0.019537318,-0.025375748],""sensorGain"":[32,64,64,64,64,64,64,64],""sensorStatus"":[0,0,0,0,0,0,0,0],""featureOrder"":[""MQ8"",""MQ135"",""MQ3"",""MQ5"",""MQ4"",""MQ7"",""MQ6"",""MQ2""]},""alarmLatched"":false}"
2026-08-04 11:15:36.544 +07:00,495.424,HOT_SWEEP_70,70,700,300,1,0,0.121469714,0.004058751,0.004741844,-0.002659619,-0.009342842,-0.011596488,-0.019619077,-0.025344646,"{""deviceId"":""1001"",""nodeId"":4097,""targetChId"":""0010"",""mode"":""inference"",""uptimeMs"":6872872,""debugEnabled"":true,""power"":{""mode"":""24v"",""externalPower"":true,""batteryMv"":65535,""batteryValid"":false,""batteryDetected"":false,""batterySenseStatus"":""not_detected"",""batteryLow"":false,""batteryCritical"":false,""sourceAmbiguous"":false,""serviceHoldActive"":false,""serviceHoldEffective"":false},""batterySession"":{""state"":""inactive"",""startedMs"":0,""stateStartedMs"":0,""validSampleBatches"":0,""requiredSampleBatches"":10,""alarmTxAttempts"":0,""alarmTxAttemptLimit"":3,""alarmAckReceived"":false,""pendingAlarm"":false,""pendingSaveRequired"":false,""persistenceFaultHold"":false,""completionReason"":""session_done""},""bootHealth"":{""adsReady"":true,""adsDrdyLevel"":0,""adsDrdyPulldownLevel"":0,""adsDrdyPullupLevel"":0,""adsMisoPulldownLevel"":0,""adsMisoPullupLevel"":1,""adsCsLevel"":1,""adsSyncLevel"":1,""adsStatus"":54,""adsMux"":15,""adsAdcon"":6,""adsDrate"":240,""adsReason"":""ok"",""tcaOk"":true,""mcpOkCount"":8,""mcpOk"":[true,true,true,true,true,true,true,true],""mcpAddrMask"":[1,1,1,1,1,1,1,1],""mcpControlTested"":true,""mcpControlOkCount"":8,""mcpControlOk"":[true,true,true,true,true,true,true,true],""dacReady"":true,""radioReady"":true,""mlReady"":true,""nullingProfileApplied"":true,""modelProfileReady"":false},""runtimeMcpCode"":[255,519,795,706,799,865,665,139],""model"":{""profileId"":""cnn-dualbranch-datasheet-v1-unbound"",""scalerProfileId"":""cnn-dualbranch-datasheet-v1-unbound"",""productionApproved"":true,""boundNullingProfileId"":8,""activeNullingProfileId"":9,""bindingValid"":true,""bindingModelMatches"":true,""profileReady"":false,""inferenceValid"":false,""sensorFault"":true},""lora"":{""beginState"":0,""lastTxState"":0,""lastTxOk"":false,""txSeq"":0,""txCounter"":0,""aesKeyProvisioned"":true,""aesKeyPresent"":true,""aesKeySource"":""nvs"",""keyId"":1,""lastDownlinkCommandId"":0,""freqMHz"":920,""bwKHz"":125,""sf"":7,""cr"":5,""syncWord"":18,""txPowerDbm"":17,""preamble"":8,""tcxoVoltage"":1.600000024,""xtalVoltage"":0},""dataset"":{""state"":""idle"",""step"":""idle"",""label"":"""",""seq"":0,""targetSamples"":0,""sampleIntervalMs"":500,""maxDurationMs"":0,""useFanIntake"":true,""fanOnMs"":1000,""postFanSettleMs"":0,""nullingProfileId"":9,""queuePending"":0,""queueCapacity"":16,""queueEnqueued"":0,""queueDropped"":0,""publishFailCount"":0,""retryCount"":0,""retryFailCount"":0,""rejectedSamples"":0,""lastRejectReason"":""none"",""lastRejectChannel"":-1,""lastRejectOkFiniteCount"":0,""lastRejectStatus"":255,""lastRejectGain"":0,""lastRejectSaturated"":false},""recovery"":{""wifiReconnectCount"":0,""wifiReconnectFailCount"":0,""mqttReconnectCount"":0,""mqttConnectFailCount"":0,""lastMqttState"":0,""adsRecoveryCount"":0,""adsRecoveryFailCount"":0,""adsReadFailStreak"":0,""lastReason"":""none"",""lastRecoveryMs"":0,""bootRecoveryArmed"":false,""bootRecoveryDueMs"":0,""bootRecoveryReason"":""none"",""bootRecoveryNonAdsFailure"":false,""bootRecoveryRestartCount"":0},""nulling"":{""done"":false,""retryArmed"":false,""attemptCount"":0,""nextRetryMs"":0,""thresholdV"":9.999999747E-06,""minFinalV"":0},""telemetry"":{""valid"":true,""sampleMs"":6872442,""gasClass"":6,""gasName"":""CO2"",""confidence"":0,""alarm"":false,""sensorVoltage"":[0.121469714,0.004058751,0.004741844,-0.002659619,-0.009342842,-0.011596488,-0.019619077,-0.025344646],""sensorGain"":[32,64,64,64,64,64,64,64],""sensorStatus"":[0,0,0,0,0,0,0,0],""featureOrder"":[""MQ8"",""MQ135"",""MQ3"",""MQ5"",""MQ4"",""MQ7"",""MQ6"",""MQ2""]},""alarmLatched"":false}"
2026-08-04 11:15:37.224 +07:00,496.105,HOT_SWEEP_70,70,700,300,1,0,0.122076258,0.004040869,0.004755838,-0.00266418,-0.009324926,-0.01132009,-0.019255139,-0.024887767,"{""deviceId"":""1001"",""nodeId"":4097,""targetChId"":""0010"",""mode"":""inference"",""uptimeMs"":6873552,""debugEnabled"":true,""power"":{""mode"":""24v"",""externalPower"":true,""batteryMv"":65535,""batteryValid"":false,""batteryDetected"":false,""batterySenseStatus"":""not_detected"",""batteryLow"":false,""batteryCritical"":false,""sourceAmbiguous"":false,""serviceHoldActive"":false,""serviceHoldEffective"":false},""batterySession"":{""state"":""inactive"",""startedMs"":0,""stateStartedMs"":0,""validSampleBatches"":0,""requiredSampleBatches"":10,""alarmTxAttempts"":0,""alarmTxAttemptLimit"":3,""alarmAckReceived"":false,""pendingAlarm"":false,""pendingSaveRequired"":false,""persistenceFaultHold"":false,""completionReason"":""session_done""},""bootHealth"":{""adsReady"":true,""adsDrdyLevel"":0,""adsDrdyPulldownLevel"":0,""adsDrdyPullupLevel"":0,""adsMisoPulldownLevel"":0,""adsMisoPullupLevel"":1,""adsCsLevel"":1,""adsSyncLevel"":1,""adsStatus"":54,""adsMux"":15,""adsAdcon"":6,""adsDrate"":240,""adsReason"":""ok"",""tcaOk"":true,""mcpOkCount"":8,""mcpOk"":[true,true,true,true,true,true,true,true],""mcpAddrMask"":[1,1,1,1,1,1,1,1],""mcpControlTested"":true,""mcpControlOkCount"":8,""mcpControlOk"":[true,true,true,true,true,true,true,true],""dacReady"":true,""radioReady"":true,""mlReady"":true,""nullingProfileApplied"":true,""modelProfileReady"":false},""runtimeMcpCode"":[255,519,795,706,799,865,665,139],""model"":{""profileId"":""cnn-dualbranch-datasheet-v1-unbound"",""scalerProfileId"":""cnn-dualbranch-datasheet-v1-unbound"",""productionApproved"":true,""boundNullingProfileId"":8,""activeNullingProfileId"":9,""bindingValid"":true,""bindingModelMatches"":true,""profileReady"":false,""inferenceValid"":false,""sensorFault"":true},""lora"":{""beginState"":0,""lastTxState"":0,""lastTxOk"":false,""txSeq"":0,""txCounter"":0,""aesKeyProvisioned"":true,""aesKeyPresent"":true,""aesKeySource"":""nvs"",""keyId"":1,""lastDownlinkCommandId"":0,""freqMHz"":920,""bwKHz"":125,""sf"":7,""cr"":5,""syncWord"":18,""txPowerDbm"":17,""preamble"":8,""tcxoVoltage"":1.600000024,""xtalVoltage"":0},""dataset"":{""state"":""idle"",""step"":""idle"",""label"":"""",""seq"":0,""targetSamples"":0,""sampleIntervalMs"":500,""maxDurationMs"":0,""useFanIntake"":true,""fanOnMs"":1000,""postFanSettleMs"":0,""nullingProfileId"":9,""queuePending"":0,""queueCapacity"":16,""queueEnqueued"":0,""queueDropped"":0,""publishFailCount"":0,""retryCount"":0,""retryFailCount"":0,""rejectedSamples"":0,""lastRejectReason"":""none"",""lastRejectChannel"":-1,""lastRejectOkFiniteCount"":0,""lastRejectStatus"":255,""lastRejectGain"":0,""lastRejectSaturated"":false},""recovery"":{""wifiReconnectCount"":0,""wifiReconnectFailCount"":0,""mqttReconnectCount"":0,""mqttConnectFailCount"":0,""lastMqttState"":0,""adsRecoveryCount"":0,""adsRecoveryFailCount"":0,""adsReadFailStreak"":0,""lastReason"":""none"",""lastRecoveryMs"":0,""bootRecoveryArmed"":false,""bootRecoveryDueMs"":0,""bootRecoveryReason"":""none"",""bootRecoveryNonAdsFailure"":false,""bootRecoveryRestartCount"":0},""nulling"":{""done"":false,""retryArmed"":false,""attemptCount"":0,""nextRetryMs"":0,""thresholdV"":9.999999747E-06,""minFinalV"":0},""telemetry"":{""valid"":true,""sampleMs"":6873150,""gasClass"":6,""gasName"":""CO2"",""confidence"":0,""alarm"":false,""sensorVoltage"":[0.122076258,0.004040869,0.004755838,-0.00266418,-0.009324926,-0.01132009,-0.019255139,-0.024887767],""sensorGain"":[32,64,64,64,64,64,64,64],""sensorStatus"":[0,0,0,0,0,0,0,0],""featureOrder"":[""MQ8"",""MQ135"",""MQ3"",""MQ5"",""MQ4"",""MQ7"",""MQ6"",""MQ2""]},""alarmLatched"":false}"
2026-08-04 11:15:37.907 +07:00,496.788,HOT_SWEEP_70,70,700,300,1,0,0.121675633,0.004054783,0.004748168,-0.002663937,-0.00933937,-0.011583172,-0.01965839,-0.025316816,"{""deviceId"":""1001"",""nodeId"":4097,""targetChId"":""0010"",""mode"":""inference"",""uptimeMs"":6874236,""debugEnabled"":true,""power"":{""mode"":""24v"",""externalPower"":true,""batteryMv"":65535,""batteryValid"":false,""batteryDetected"":false,""batterySenseStatus"":""not_detected"",""batteryLow"":false,""batteryCritical"":false,""sourceAmbiguous"":false,""serviceHoldActive"":false,""serviceHoldEffective"":false},""batterySession"":{""state"":""inactive"",""startedMs"":0,""stateStartedMs"":0,""validSampleBatches"":0,""requiredSampleBatches"":10,""alarmTxAttempts"":0,""alarmTxAttemptLimit"":3,""alarmAckReceived"":false,""pendingAlarm"":false,""pendingSaveRequired"":false,""persistenceFaultHold"":false,""completionReason"":""session_done""},""bootHealth"":{""adsReady"":true,""adsDrdyLevel"":0,""adsDrdyPulldownLevel"":0,""adsDrdyPullupLevel"":0,""adsMisoPulldownLevel"":0,""adsMisoPullupLevel"":1,""adsCsLevel"":1,""adsSyncLevel"":1,""adsStatus"":54,""adsMux"":15,""adsAdcon"":6,""adsDrate"":240,""adsReason"":""ok"",""tcaOk"":true,""mcpOkCount"":8,""mcpOk"":[true,true,true,true,true,true,true,true],""mcpAddrMask"":[1,1,1,1,1,1,1,1],""mcpControlTested"":true,""mcpControlOkCount"":8,""mcpControlOk"":[true,true,true,true,true,true,true,true],""dacReady"":true,""radioReady"":true,""mlReady"":true,""nullingProfileApplied"":true,""modelProfileReady"":false},""runtimeMcpCode"":[255,519,795,706,799,865,665,139],""model"":{""profileId"":""cnn-dualbranch-datasheet-v1-unbound"",""scalerProfileId"":""cnn-dualbranch-datasheet-v1-unbound"",""productionApproved"":true,""boundNullingProfileId"":8,""activeNullingProfileId"":9,""bindingValid"":true,""bindingModelMatches"":true,""profileReady"":false,""inferenceValid"":false,""sensorFault"":true},""lora"":{""beginState"":0,""lastTxState"":0,""lastTxOk"":false,""txSeq"":0,""txCounter"":0,""aesKeyProvisioned"":true,""aesKeyPresent"":true,""aesKeySource"":""nvs"",""keyId"":1,""lastDownlinkCommandId"":0,""freqMHz"":920,""bwKHz"":125,""sf"":7,""cr"":5,""syncWord"":18,""txPowerDbm"":17,""preamble"":8,""tcxoVoltage"":1.600000024,""xtalVoltage"":0},""dataset"":{""state"":""idle"",""step"":""idle"",""label"":"""",""seq"":0,""targetSamples"":0,""sampleIntervalMs"":500,""maxDurationMs"":0,""useFanIntake"":true,""fanOnMs"":1000,""postFanSettleMs"":0,""nullingProfileId"":9,""queuePending"":0,""queueCapacity"":16,""queueEnqueued"":0,""queueDropped"":0,""publishFailCount"":0,""retryCount"":0,""retryFailCount"":0,""rejectedSamples"":0,""lastRejectReason"":""none"",""lastRejectChannel"":-1,""lastRejectOkFiniteCount"":0,""lastRejectStatus"":255,""lastRejectGain"":0,""lastRejectSaturated"":false},""recovery"":{""wifiReconnectCount"":0,""wifiReconnectFailCount"":0,""mqttReconnectCount"":0,""mqttConnectFailCount"":0,""lastMqttState"":0,""adsRecoveryCount"":0,""adsRecoveryFailCount"":0,""adsReadFailStreak"":0,""lastReason"":""none"",""lastRecoveryMs"":0,""bootRecoveryArmed"":false,""bootRecoveryDueMs"":0,""bootRecoveryReason"":""none"",""bootRecoveryNonAdsFailure"":false,""bootRecoveryRestartCount"":0},""nulling"":{""done"":false,""retryArmed"":false,""attemptCount"":0,""nextRetryMs"":0,""thresholdV"":9.999999747E-06,""minFinalV"":0},""telemetry"":{""valid"":true,""sampleMs"":6873862,""gasClass"":6,""gasName"":""CO2"",""confidence"":0,""alarm"":false,""sensorVoltage"":[0.121675633,0.004054783,0.004748168,-0.002663937,-0.00933937,-0.011583172,-0.01965839,-0.025316816],""sensorGain"":[32,64,64,64,64,64,64,64],""sensorStatus"":[0,0,0,0,0,0,0,0],""featureOrder"":[""MQ8"",""MQ135"",""MQ3"",""MQ5"",""MQ4"",""MQ7"",""MQ6"",""MQ2""]},""alarmLatched"":false}"
2026-08-04 11:15:38.595 +07:00,497.472,HOT_SWEEP_70,70,700,300,1,0,0.121220909,0.003975464,0.004830436,-0.002674175,-0.009264267,-0.011568945,-0.01970355,-0.025273303,"{""deviceId"":""1001"",""nodeId"":4097,""targetChId"":""0010"",""mode"":""inference"",""uptimeMs"":6874922,""debugEnabled"":true,""power"":{""mode"":""24v"",""externalPower"":true,""batteryMv"":65535,""batteryValid"":false,""batteryDetected"":false,""batterySenseStatus"":""not_detected"",""batteryLow"":false,""batteryCritical"":false,""sourceAmbiguous"":false,""serviceHoldActive"":false,""serviceHoldEffective"":false},""batterySession"":{""state"":""inactive"",""startedMs"":0,""stateStartedMs"":0,""validSampleBatches"":0,""requiredSampleBatches"":10,""alarmTxAttempts"":0,""alarmTxAttemptLimit"":3,""alarmAckReceived"":false,""pendingAlarm"":false,""pendingSaveRequired"":false,""persistenceFaultHold"":false,""completionReason"":""session_done""},""bootHealth"":{""adsReady"":true,""adsDrdyLevel"":0,""adsDrdyPulldownLevel"":0,""adsDrdyPullupLevel"":0,""adsMisoPulldownLevel"":0,""adsMisoPullupLevel"":1,""adsCsLevel"":1,""adsSyncLevel"":1,""adsStatus"":54,""adsMux"":15,""adsAdcon"":6,""adsDrate"":240,""adsReason"":""ok"",""tcaOk"":true,""mcpOkCount"":8,""mcpOk"":[true,true,true,true,true,true,true,true],""mcpAddrMask"":[1,1,1,1,1,1,1,1],""mcpControlTested"":true,""mcpControlOkCount"":8,""mcpControlOk"":[true,true,true,true,true,true,true,true],""dacReady"":true,""radioReady"":true,""mlReady"":true,""nullingProfileApplied"":true,""modelProfileReady"":false},""runtimeMcpCode"":[255,519,795,706,799,865,665,139],""model"":{""profileId"":""cnn-dualbranch-datasheet-v1-unbound"",""scalerProfileId"":""cnn-dualbranch-datasheet-v1-unbound"",""productionApproved"":true,""boundNullingProfileId"":8,""activeNullingProfileId"":9,""bindingValid"":true,""bindingModelMatches"":true,""profileReady"":false,""inferenceValid"":false,""sensorFault"":true},""lora"":{""beginState"":0,""lastTxState"":0,""lastTxOk"":false,""txSeq"":0,""txCounter"":0,""aesKeyProvisioned"":true,""aesKeyPresent"":true,""aesKeySource"":""nvs"",""keyId"":1,""lastDownlinkCommandId"":0,""freqMHz"":920,""bwKHz"":125,""sf"":7,""cr"":5,""syncWord"":18,""txPowerDbm"":17,""preamble"":8,""tcxoVoltage"":1.600000024,""xtalVoltage"":0},""dataset"":{""state"":""idle"",""step"":""idle"",""label"":"""",""seq"":0,""targetSamples"":0,""sampleIntervalMs"":500,""maxDurationMs"":0,""useFanIntake"":true,""fanOnMs"":1000,""postFanSettleMs"":0,""nullingProfileId"":9,""queuePending"":0,""queueCapacity"":16,""queueEnqueued"":0,""queueDropped"":0,""publishFailCount"":0,""retryCount"":0,""retryFailCount"":0,""rejectedSamples"":0,""lastRejectReason"":""none"",""lastRejectChannel"":-1,""lastRejectOkFiniteCount"":0,""lastRejectStatus"":255,""lastRejectGain"":0,""lastRejectSaturated"":false},""recovery"":{""wifiReconnectCount"":0,""wifiReconnectFailCount"":0,""mqttReconnectCount"":0,""mqttConnectFailCount"":0,""lastMqttState"":0,""adsRecoveryCount"":0,""adsRecoveryFailCount"":0,""adsReadFailStreak"":0,""lastReason"":""none"",""lastRecoveryMs"":0,""bootRecoveryArmed"":false,""bootRecoveryDueMs"":0,""bootRecoveryReason"":""none"",""bootRecoveryNonAdsFailure"":false,""bootRecoveryRestartCount"":0},""nulling"":{""done"":false,""retryArmed"":false,""attemptCount"":0,""nextRetryMs"":0,""thresholdV"":9.999999747E-06,""minFinalV"":0},""telemetry"":{""valid"":true,""sampleMs"":6874514,""gasClass"":6,""gasName"":""CO2"",""confidence"":0,""alarm"":false,""sensorVoltage"":[0.121220909,0.003975464,0.004830436,-0.002674175,-0.009264267,-0.011568945,-0.01970355,-0.025273303],""sensorGain"":[32,64,64,64,64,64,64,64],""sensorStatus"":[0,0,0,0,0,0,0,0],""featureOrder"":[""MQ8"",""MQ135"",""MQ3"",""MQ5"",""MQ4"",""MQ7"",""MQ6"",""MQ2""]},""alarmLatched"":false}"
2026-08-04 11:15:39.283 +07:00,498.164,HOT_SWEEP_70,70,700,300,1,0,0.122302376,0.00396117,0.004811214,-0.00259371,-0.009032974,-0.011309607,-0.019272963,-0.024779882,"{""deviceId"":""1001"",""nodeId"":4097,""targetChId"":""0010"",""mode"":""inference"",""uptimeMs"":6875625,""debugEnabled"":true,""power"":{""mode"":""24v"",""externalPower"":true,""batteryMv"":65535,""batteryValid"":false,""batteryDetected"":false,""batterySenseStatus"":""not_detected"",""batteryLow"":false,""batteryCritical"":false,""sourceAmbiguous"":false,""serviceHoldActive"":false,""serviceHoldEffective"":false},""batterySession"":{""state"":""inactive"",""startedMs"":0,""stateStartedMs"":0,""validSampleBatches"":0,""requiredSampleBatches"":10,""alarmTxAttempts"":0,""alarmTxAttemptLimit"":3,""alarmAckReceived"":false,""pendingAlarm"":false,""pendingSaveRequired"":false,""persistenceFaultHold"":false,""completionReason"":""session_done""},""bootHealth"":{""adsReady"":true,""adsDrdyLevel"":0,""adsDrdyPulldownLevel"":0,""adsDrdyPullupLevel"":0,""adsMisoPulldownLevel"":0,""adsMisoPullupLevel"":1,""adsCsLevel"":1,""adsSyncLevel"":1,""adsStatus"":54,""adsMux"":15,""adsAdcon"":6,""adsDrate"":240,""adsReason"":""ok"",""tcaOk"":true,""mcpOkCount"":8,""mcpOk"":[true,true,true,true,true,true,true,true],""mcpAddrMask"":[1,1,1,1,1,1,1,1],""mcpControlTested"":true,""mcpControlOkCount"":8,""mcpControlOk"":[true,true,true,true,true,true,true,true],""dacReady"":true,""radioReady"":true,""mlReady"":true,""nullingProfileApplied"":true,""modelProfileReady"":false},""runtimeMcpCode"":[255,519,795,706,799,865,665,139],""model"":{""profileId"":""cnn-dualbranch-datasheet-v1-unbound"",""scalerProfileId"":""cnn-dualbranch-datasheet-v1-unbound"",""productionApproved"":true,""boundNullingProfileId"":8,""activeNullingProfileId"":9,""bindingValid"":true,""bindingModelMatches"":true,""profileReady"":false,""inferenceValid"":false,""sensorFault"":true},""lora"":{""beginState"":0,""lastTxState"":0,""lastTxOk"":false,""txSeq"":0,""txCounter"":0,""aesKeyProvisioned"":true,""aesKeyPresent"":true,""aesKeySource"":""nvs"",""keyId"":1,""lastDownlinkCommandId"":0,""freqMHz"":920,""bwKHz"":125,""sf"":7,""cr"":5,""syncWord"":18,""txPowerDbm"":17,""preamble"":8,""tcxoVoltage"":1.600000024,""xtalVoltage"":0},""dataset"":{""state"":""idle"",""step"":""idle"",""label"":"""",""seq"":0,""targetSamples"":0,""sampleIntervalMs"":500,""maxDurationMs"":0,""useFanIntake"":true,""fanOnMs"":1000,""postFanSettleMs"":0,""nullingProfileId"":9,""queuePending"":0,""queueCapacity"":16,""queueEnqueued"":0,""queueDropped"":0,""publishFailCount"":0,""retryCount"":0,""retryFailCount"":0,""rejectedSamples"":0,""lastRejectReason"":""none"",""lastRejectChannel"":-1,""lastRejectOkFiniteCount"":0,""lastRejectStatus"":255,""lastRejectGain"":0,""lastRejectSaturated"":false},""recovery"":{""wifiReconnectCount"":0,""wifiReconnectFailCount"":0,""mqttReconnectCount"":0,""mqttConnectFailCount"":0,""lastMqttState"":0,""adsRecoveryCount"":0,""adsRecoveryFailCount"":0,""adsReadFailStreak"":0,""lastReason"":""none"",""lastRecoveryMs"":0,""bootRecoveryArmed"":false,""bootRecoveryDueMs"":0,""bootRecoveryReason"":""none"",""bootRecoveryNonAdsFailure"":false,""bootRecoveryRestartCount"":0},""nulling"":{""done"":false,""retryArmed"":false,""attemptCount"":0,""nextRetryMs"":0,""thresholdV"":9.999999747E-06,""minFinalV"":0},""telemetry"":{""valid"":true,""sampleMs"":6875200,""gasClass"":6,""gasName"":""CO2"",""confidence"":0,""alarm"":false,""sensorVoltage"":[0.122302376,0.00396117,0.004811214,-0.00259371,-0.009032974,-0.011309607,-0.019272963,-0.024779882],""sensorGain"":[32,64,64,64,64,64,64,64],""sensorStatus"":[0,0,0,0,0,0,0,0],""featureOrder"":[""MQ8"",""MQ135"",""MQ3"",""MQ5"",""MQ4"",""MQ7"",""MQ6"",""MQ2""]},""alarmLatched"":false}"
2026-08-04 11:15:39.979 +07:00,498.859,HOT_SWEEP_70,70,700,300,1,0,0.122051083,0.003939308,0.004784852,-0.00255148,-0.009230691,-0.011579767,-0.01925943,-0.024790786,"{""deviceId"":""1001"",""nodeId"":4097,""targetChId"":""0010"",""mode"":""inference"",""uptimeMs"":6876306,""debugEnabled"":true,""power"":{""mode"":""24v"",""externalPower"":true,""batteryMv"":65535,""batteryValid"":false,""batteryDetected"":false,""batterySenseStatus"":""not_detected"",""batteryLow"":false,""batteryCritical"":false,""sourceAmbiguous"":false,""serviceHoldActive"":false,""serviceHoldEffective"":false},""batterySession"":{""state"":""inactive"",""startedMs"":0,""stateStartedMs"":0,""validSampleBatches"":0,""requiredSampleBatches"":10,""alarmTxAttempts"":0,""alarmTxAttemptLimit"":3,""alarmAckReceived"":false,""pendingAlarm"":false,""pendingSaveRequired"":false,""persistenceFaultHold"":false,""completionReason"":""session_done""},""bootHealth"":{""adsReady"":true,""adsDrdyLevel"":0,""adsDrdyPulldownLevel"":0,""adsDrdyPullupLevel"":0,""adsMisoPulldownLevel"":0,""adsMisoPullupLevel"":1,""adsCsLevel"":1,""adsSyncLevel"":1,""adsStatus"":54,""adsMux"":15,""adsAdcon"":6,""adsDrate"":240,""adsReason"":""ok"",""tcaOk"":true,""mcpOkCount"":8,""mcpOk"":[true,true,true,true,true,true,true,true],""mcpAddrMask"":[1,1,1,1,1,1,1,1],""mcpControlTested"":true,""mcpControlOkCount"":8,""mcpControlOk"":[true,true,true,true,true,true,true,true],""dacReady"":true,""radioReady"":true,""mlReady"":true,""nullingProfileApplied"":true,""modelProfileReady"":false},""runtimeMcpCode"":[255,519,795,706,799,865,665,139],""model"":{""profileId"":""cnn-dualbranch-datasheet-v1-unbound"",""scalerProfileId"":""cnn-dualbranch-datasheet-v1-unbound"",""productionApproved"":true,""boundNullingProfileId"":8,""activeNullingProfileId"":9,""bindingValid"":true,""bindingModelMatches"":true,""profileReady"":false,""inferenceValid"":false,""sensorFault"":true},""lora"":{""beginState"":0,""lastTxState"":0,""lastTxOk"":false,""txSeq"":0,""txCounter"":0,""aesKeyProvisioned"":true,""aesKeyPresent"":true,""aesKeySource"":""nvs"",""keyId"":1,""lastDownlinkCommandId"":0,""freqMHz"":920,""bwKHz"":125,""sf"":7,""cr"":5,""syncWord"":18,""txPowerDbm"":17,""preamble"":8,""tcxoVoltage"":1.600000024,""xtalVoltage"":0},""dataset"":{""state"":""idle"",""step"":""idle"",""label"":"""",""seq"":0,""targetSamples"":0,""sampleIntervalMs"":500,""maxDurationMs"":0,""useFanIntake"":true,""fanOnMs"":1000,""postFanSettleMs"":0,""nullingProfileId"":9,""queuePending"":0,""queueCapacity"":16,""queueEnqueued"":0,""queueDropped"":0,""publishFailCount"":0,""retryCount"":0,""retryFailCount"":0,""rejectedSamples"":0,""lastRejectReason"":""none"",""lastRejectChannel"":-1,""lastRejectOkFiniteCount"":0,""lastRejectStatus"":255,""lastRejectGain"":0,""lastRejectSaturated"":false},""recovery"":{""wifiReconnectCount"":0,""wifiReconnectFailCount"":0,""mqttReconnectCount"":0,""mqttConnectFailCount"":0,""lastMqttState"":0,""adsRecoveryCount"":0,""adsRecoveryFailCount"":0,""adsReadFailStreak"":0,""lastReason"":""none"",""lastRecoveryMs"":0,""bootRecoveryArmed"":false,""bootRecoveryDueMs"":0,""bootRecoveryReason"":""none"",""bootRecoveryNonAdsFailure"":false,""bootRecoveryRestartCount"":0},""nulling"":{""done"":false,""retryArmed"":false,""attemptCount"":0,""nextRetryMs"":0,""thresholdV"":9.999999747E-06,""minFinalV"":0},""telemetry"":{""valid"":true,""sampleMs"":6875935,""gasClass"":6,""gasName"":""CO2"",""confidence"":0,""alarm"":false,""sensorVoltage"":[0.122051083,0.003939308,0.004784852,-0.00255148,-0.009230691,-0.011579767,-0.01925943,-0.024790786],""sensorGain"":[32,64,64,64,64,64,64,64],""sensorStatus"":[0,0,0,0,0,0,0,0],""featureOrder"":[""MQ8"",""MQ135"",""MQ3"",""MQ5"",""MQ4"",""MQ7"",""MQ6"",""MQ2""]},""alarmLatched"":false}"
2026-08-04 11:15:40.662 +07:00,499.541,HOT_SWEEP_70,70,700,300,1,0,0.121492542,0.00393789,0.004839874,-0.002548063,-0.009216146,-0.011587628,-0.019248607,-0.02479529,"{""deviceId"":""1001"",""nodeId"":4097,""targetChId"":""0010"",""mode"":""inference"",""uptimeMs"":6876988,""debugEnabled"":true,""power"":{""mode"":""24v"",""externalPower"":true,""batteryMv"":65535,""batteryValid"":false,""batteryDetected"":false,""batterySenseStatus"":""not_detected"",""batteryLow"":false,""batteryCritical"":false,""sourceAmbiguous"":false,""serviceHoldActive"":false,""serviceHoldEffective"":false},""batterySession"":{""state"":""inactive"",""startedMs"":0,""stateStartedMs"":0,""validSampleBatches"":0,""requiredSampleBatches"":10,""alarmTxAttempts"":0,""alarmTxAttemptLimit"":3,""alarmAckReceived"":false,""pendingAlarm"":false,""pendingSaveRequired"":false,""persistenceFaultHold"":false,""completionReason"":""session_done""},""bootHealth"":{""adsReady"":true,""adsDrdyLevel"":0,""adsDrdyPulldownLevel"":0,""adsDrdyPullupLevel"":0,""adsMisoPulldownLevel"":0,""adsMisoPullupLevel"":1,""adsCsLevel"":1,""adsSyncLevel"":1,""adsStatus"":54,""adsMux"":15,""adsAdcon"":6,""adsDrate"":240,""adsReason"":""ok"",""tcaOk"":true,""mcpOkCount"":8,""mcpOk"":[true,true,true,true,true,true,true,true],""mcpAddrMask"":[1,1,1,1,1,1,1,1],""mcpControlTested"":true,""mcpControlOkCount"":8,""mcpControlOk"":[true,true,true,true,true,true,true,true],""dacReady"":true,""radioReady"":true,""mlReady"":true,""nullingProfileApplied"":true,""modelProfileReady"":false},""runtimeMcpCode"":[255,519,795,706,799,865,665,139],""model"":{""profileId"":""cnn-dualbranch-datasheet-v1-unbound"",""scalerProfileId"":""cnn-dualbranch-datasheet-v1-unbound"",""productionApproved"":true,""boundNullingProfileId"":8,""activeNullingProfileId"":9,""bindingValid"":true,""bindingModelMatches"":true,""profileReady"":false,""inferenceValid"":false,""sensorFault"":true},""lora"":{""beginState"":0,""lastTxState"":0,""lastTxOk"":false,""txSeq"":0,""txCounter"":0,""aesKeyProvisioned"":true,""aesKeyPresent"":true,""aesKeySource"":""nvs"",""keyId"":1,""lastDownlinkCommandId"":0,""freqMHz"":920,""bwKHz"":125,""sf"":7,""cr"":5,""syncWord"":18,""txPowerDbm"":17,""preamble"":8,""tcxoVoltage"":1.600000024,""xtalVoltage"":0},""dataset"":{""state"":""idle"",""step"":""idle"",""label"":"""",""seq"":0,""targetSamples"":0,""sampleIntervalMs"":500,""maxDurationMs"":0,""useFanIntake"":true,""fanOnMs"":1000,""postFanSettleMs"":0,""nullingProfileId"":9,""queuePending"":0,""queueCapacity"":16,""queueEnqueued"":0,""queueDropped"":0,""publishFailCount"":0,""retryCount"":0,""retryFailCount"":0,""rejectedSamples"":0,""lastRejectReason"":""none"",""lastRejectChannel"":-1,""lastRejectOkFiniteCount"":0,""lastRejectStatus"":255,""lastRejectGain"":0,""lastRejectSaturated"":false},""recovery"":{""wifiReconnectCount"":0,""wifiReconnectFailCount"":0,""mqttReconnectCount"":0,""mqttConnectFailCount"":0,""lastMqttState"":0,""adsRecoveryCount"":0,""adsRecoveryFailCount"":0,""adsReadFailStreak"":0,""lastReason"":""none"",""lastRecoveryMs"":0,""bootRecoveryArmed"":false,""bootRecoveryDueMs"":0,""bootRecoveryReason"":""none"",""bootRecoveryNonAdsFailure"":false,""bootRecoveryRestartCount"":0},""nulling"":{""done"":false,""retryArmed"":false,""attemptCount"":0,""nextRetryMs"":0,""thresholdV"":9.999999747E-06,""minFinalV"":0},""telemetry"":{""valid"":true,""sampleMs"":6876584,""gasClass"":6,""gasName"":""CO2"",""confidence"":0,""alarm"":false,""sensorVoltage"":[0.121492542,0.00393789,0.004839874,-0.002548063,-0.009216146,-0.011587628,-0.019248607,-0.02479529],""sensorGain"":[32,64,64,64,64,64,64,64],""sensorStatus"":[0,0,0,0,0,0,0,0],""featureOrder"":[""MQ8"",""MQ135"",""MQ3"",""MQ5"",""MQ4"",""MQ7"",""MQ6"",""MQ2""]},""alarmLatched"":false}"
2026-08-04 11:15:41.361 +07:00,500.242,HOT_SWEEP_70,70,700,300,1,0,0.122599363,0.003917684,0.004817724,-0.002524851,-0.00901078,-0.011585363,-0.019246887,-0.024758242,"{""deviceId"":""1001"",""nodeId"":4097,""targetChId"":""0010"",""mode"":""inference"",""uptimeMs"":6877687,""debugEnabled"":true,""power"":{""mode"":""24v"",""externalPower"":true,""batteryMv"":65535,""batteryValid"":false,""batteryDetected"":false,""batterySenseStatus"":""not_detected"",""batteryLow"":false,""batteryCritical"":false,""sourceAmbiguous"":false,""serviceHoldActive"":false,""serviceHoldEffective"":false},""batterySession"":{""state"":""inactive"",""startedMs"":0,""stateStartedMs"":0,""validSampleBatches"":0,""requiredSampleBatches"":10,""alarmTxAttempts"":0,""alarmTxAttemptLimit"":3,""alarmAckReceived"":false,""pendingAlarm"":false,""pendingSaveRequired"":false,""persistenceFaultHold"":false,""completionReason"":""session_done""},""bootHealth"":{""adsReady"":true,""adsDrdyLevel"":0,""adsDrdyPulldownLevel"":0,""adsDrdyPullupLevel"":0,""adsMisoPulldownLevel"":0,""adsMisoPullupLevel"":1,""adsCsLevel"":1,""adsSyncLevel"":1,""adsStatus"":54,""adsMux"":15,""adsAdcon"":6,""adsDrate"":240,""adsReason"":""ok"",""tcaOk"":true,""mcpOkCount"":8,""mcpOk"":[true,true,true,true,true,true,true,true],""mcpAddrMask"":[1,1,1,1,1,1,1,1],""mcpControlTested"":true,""mcpControlOkCount"":8,""mcpControlOk"":[true,true,true,true,true,true,true,true],""dacReady"":true,""radioReady"":true,""mlReady"":true,""nullingProfileApplied"":true,""modelProfileReady"":false},""runtimeMcpCode"":[255,519,795,706,799,865,665,139],""model"":{""profileId"":""cnn-dualbranch-datasheet-v1-unbound"",""scalerProfileId"":""cnn-dualbranch-datasheet-v1-unbound"",""productionApproved"":true,""boundNullingProfileId"":8,""activeNullingProfileId"":9,""bindingValid"":true,""bindingModelMatches"":true,""profileReady"":false,""inferenceValid"":false,""sensorFault"":true},""lora"":{""beginState"":0,""lastTxState"":0,""lastTxOk"":false,""txSeq"":0,""txCounter"":0,""aesKeyProvisioned"":true,""aesKeyPresent"":true,""aesKeySource"":""nvs"",""keyId"":1,""lastDownlinkCommandId"":0,""freqMHz"":920,""bwKHz"":125,""sf"":7,""cr"":5,""syncWord"":18,""txPowerDbm"":17,""preamble"":8,""tcxoVoltage"":1.600000024,""xtalVoltage"":0},""dataset"":{""state"":""idle"",""step"":""idle"",""label"":"""",""seq"":0,""targetSamples"":0,""sampleIntervalMs"":500,""maxDurationMs"":0,""useFanIntake"":true,""fanOnMs"":1000,""postFanSettleMs"":0,""nullingProfileId"":9,""queuePending"":0,""queueCapacity"":16,""queueEnqueued"":0,""queueDropped"":0,""publishFailCount"":0,""retryCount"":0,""retryFailCount"":0,""rejectedSamples"":0,""lastRejectReason"":""none"",""lastRejectChannel"":-1,""lastRejectOkFiniteCount"":0,""lastRejectStatus"":255,""lastRejectGain"":0,""lastRejectSaturated"":false},""recovery"":{""wifiReconnectCount"":0,""wifiReconnectFailCount"":0,""mqttReconnectCount"":0,""mqttConnectFailCount"":0,""lastMqttState"":0,""adsRecoveryCount"":0,""adsRecoveryFailCount"":0,""adsReadFailStreak"":0,""lastReason"":""none"",""lastRecoveryMs"":0,""bootRecoveryArmed"":false,""bootRecoveryDueMs"":0,""bootRecoveryReason"":""none"",""bootRecoveryNonAdsFailure"":false,""bootRecoveryRestartCount"":0},""nulling"":{""done"":false,""retryArmed"":false,""attemptCount"":0,""nextRetryMs"":0,""thresholdV"":9.999999747E-06,""minFinalV"":0},""telemetry"":{""valid"":true,""sampleMs"":6877266,""gasClass"":6,""gasName"":""CO2"",""confidence"":0,""alarm"":false,""sensorVoltage"":[0.122599363,0.003917684,0.004817724,-0.002524851,-0.00901078,-0.011585363,-0.019246887,-0.024758242],""sensorGain"":[32,64,64,64,64,64,64,64],""sensorStatus"":[0,0,0,0,0,0,0,0],""featureOrder"":[""MQ8"",""MQ135"",""MQ3"",""MQ5"",""MQ4"",""MQ7"",""MQ6"",""MQ2""]},""alarmLatched"":false}"
2026-08-04 11:15:42.058 +07:00,500.938,HOT_SWEEP_70,70,700,300,1,0,0.122289181,0.003928487,0.004850562,-0.002580748,-0.009007541,-0.011585051,-0.019228557,-0.024800379,"{""deviceId"":""1001"",""nodeId"":4097,""targetChId"":""0010"",""mode"":""inference"",""uptimeMs"":6878385,""debugEnabled"":true,""power"":{""mode"":""24v"",""externalPower"":true,""batteryMv"":65535,""batteryValid"":false,""batteryDetected"":false,""batterySenseStatus"":""not_detected"",""batteryLow"":false,""batteryCritical"":false,""sourceAmbiguous"":false,""serviceHoldActive"":false,""serviceHoldEffective"":false},""batterySession"":{""state"":""inactive"",""startedMs"":0,""stateStartedMs"":0,""validSampleBatches"":0,""requiredSampleBatches"":10,""alarmTxAttempts"":0,""alarmTxAttemptLimit"":3,""alarmAckReceived"":false,""pendingAlarm"":false,""pendingSaveRequired"":false,""persistenceFaultHold"":false,""completionReason"":""session_done""},""bootHealth"":{""adsReady"":true,""adsDrdyLevel"":0,""adsDrdyPulldownLevel"":0,""adsDrdyPullupLevel"":0,""adsMisoPulldownLevel"":0,""adsMisoPullupLevel"":1,""adsCsLevel"":1,""adsSyncLevel"":1,""adsStatus"":54,""adsMux"":15,""adsAdcon"":6,""adsDrate"":240,""adsReason"":""ok"",""tcaOk"":true,""mcpOkCount"":8,""mcpOk"":[true,true,true,true,true,true,true,true],""mcpAddrMask"":[1,1,1,1,1,1,1,1],""mcpControlTested"":true,""mcpControlOkCount"":8,""mcpControlOk"":[true,true,true,true,true,true,true,true],""dacReady"":true,""radioReady"":true,""mlReady"":true,""nullingProfileApplied"":true,""modelProfileReady"":false},""runtimeMcpCode"":[255,519,795,706,799,865,665,139],""model"":{""profileId"":""cnn-dualbranch-datasheet-v1-unbound"",""scalerProfileId"":""cnn-dualbranch-datasheet-v1-unbound"",""productionApproved"":true,""boundNullingProfileId"":8,""activeNullingProfileId"":9,""bindingValid"":true,""bindingModelMatches"":true,""profileReady"":false,""inferenceValid"":false,""sensorFault"":true},""lora"":{""beginState"":0,""lastTxState"":0,""lastTxOk"":false,""txSeq"":0,""txCounter"":0,""aesKeyProvisioned"":true,""aesKeyPresent"":true,""aesKeySource"":""nvs"",""keyId"":1,""lastDownlinkCommandId"":0,""freqMHz"":920,""bwKHz"":125,""sf"":7,""cr"":5,""syncWord"":18,""txPowerDbm"":17,""preamble"":8,""tcxoVoltage"":1.600000024,""xtalVoltage"":0},""dataset"":{""state"":""idle"",""step"":""idle"",""label"":"""",""seq"":0,""targetSamples"":0,""sampleIntervalMs"":500,""maxDurationMs"":0,""useFanIntake"":true,""fanOnMs"":1000,""postFanSettleMs"":0,""nullingProfileId"":9,""queuePending"":0,""queueCapacity"":16,""queueEnqueued"":0,""queueDropped"":0,""publishFailCount"":0,""retryCount"":0,""retryFailCount"":0,""rejectedSamples"":0,""lastRejectReason"":""none"",""lastRejectChannel"":-1,""lastRejectOkFiniteCount"":0,""lastRejectStatus"":255,""lastRejectGain"":0,""lastRejectSaturated"":false},""recovery"":{""wifiReconnectCount"":0,""wifiReconnectFailCount"":0,""mqttReconnectCount"":0,""mqttConnectFailCount"":0,""lastMqttState"":0,""adsRecoveryCount"":0,""adsRecoveryFailCount"":0,""adsReadFailStreak"":0,""lastReason"":""none"",""lastRecoveryMs"":0,""bootRecoveryArmed"":false,""bootRecoveryDueMs"":0,""bootRecoveryReason"":""none"",""bootRecoveryNonAdsFailure"":false,""bootRecoveryRestartCount"":0},""nulling"":{""done"":false,""retryArmed"":false,""attemptCount"":0,""nextRetryMs"":0,""thresholdV"":9.999999747E-06,""minFinalV"":0},""telemetry"":{""valid"":true,""sampleMs"":6877997,""gasClass"":6,""gasName"":""CO2"",""confidence"":0,""alarm"":false,""sensorVoltage"":[0.122289181,0.003928487,0.004850562,-0.002580748,-0.009007541,-0.011585051,-0.019228557,-0.024800379],""sensorGain"":[32,64,64,64,64,64,64,64],""sensorStatus"":[0,0,0,0,0,0,0,0],""featureOrder"":[""MQ8"",""MQ135"",""MQ3"",""MQ5"",""MQ4"",""MQ7"",""MQ6"",""MQ2""]},""alarmLatched"":false}"
2026-08-04 11:15:42.741 +07:00,501.622,HOT_SWEEP_70,70,700,300,1,0,0.121750854,0.003946803,0.004789965,-0.002553297,-0.009026187,-0.011589014,-0.019213434,-0.024769997,"{""deviceId"":""1001"",""nodeId"":4097,""targetChId"":""0010"",""mode"":""inference"",""uptimeMs"":6879067,""debugEnabled"":true,""power"":{""mode"":""24v"",""externalPower"":true,""batteryMv"":65535,""batteryValid"":false,""batteryDetected"":false,""batterySenseStatus"":""not_detected"",""batteryLow"":false,""batteryCritical"":false,""sourceAmbiguous"":false,""serviceHoldActive"":false,""serviceHoldEffective"":false},""batterySession"":{""state"":""inactive"",""startedMs"":0,""stateStartedMs"":0,""validSampleBatches"":0,""requiredSampleBatches"":10,""alarmTxAttempts"":0,""alarmTxAttemptLimit"":3,""alarmAckReceived"":false,""pendingAlarm"":false,""pendingSaveRequired"":false,""persistenceFaultHold"":false,""completionReason"":""session_done""},""bootHealth"":{""adsReady"":true,""adsDrdyLevel"":0,""adsDrdyPulldownLevel"":0,""adsDrdyPullupLevel"":0,""adsMisoPulldownLevel"":0,""adsMisoPullupLevel"":1,""adsCsLevel"":1,""adsSyncLevel"":1,""adsStatus"":54,""adsMux"":15,""adsAdcon"":6,""adsDrate"":240,""adsReason"":""ok"",""tcaOk"":true,""mcpOkCount"":8,""mcpOk"":[true,true,true,true,true,true,true,true],""mcpAddrMask"":[1,1,1,1,1,1,1,1],""mcpControlTested"":true,""mcpControlOkCount"":8,""mcpControlOk"":[true,true,true,true,true,true,true,true],""dacReady"":true,""radioReady"":true,""mlReady"":true,""nullingProfileApplied"":true,""modelProfileReady"":false},""runtimeMcpCode"":[255,519,795,706,799,865,665,139],""model"":{""profileId"":""cnn-dualbranch-datasheet-v1-unbound"",""scalerProfileId"":""cnn-dualbranch-datasheet-v1-unbound"",""productionApproved"":true,""boundNullingProfileId"":8,""activeNullingProfileId"":9,""bindingValid"":true,""bindingModelMatches"":true,""profileReady"":false,""inferenceValid"":false,""sensorFault"":true},""lora"":{""beginState"":0,""lastTxState"":0,""lastTxOk"":false,""txSeq"":0,""txCounter"":0,""aesKeyProvisioned"":true,""aesKeyPresent"":true,""aesKeySource"":""nvs"",""keyId"":1,""lastDownlinkCommandId"":0,""freqMHz"":920,""bwKHz"":125,""sf"":7,""cr"":5,""syncWord"":18,""txPowerDbm"":17,""preamble"":8,""tcxoVoltage"":1.600000024,""xtalVoltage"":0},""dataset"":{""state"":""idle"",""step"":""idle"",""label"":"""",""seq"":0,""targetSamples"":0,""sampleIntervalMs"":500,""maxDurationMs"":0,""useFanIntake"":true,""fanOnMs"":1000,""postFanSettleMs"":0,""nullingProfileId"":9,""queuePending"":0,""queueCapacity"":16,""queueEnqueued"":0,""queueDropped"":0,""publishFailCount"":0,""retryCount"":0,""retryFailCount"":0,""rejectedSamples"":0,""lastRejectReason"":""none"",""lastRejectChannel"":-1,""lastRejectOkFiniteCount"":0,""lastRejectStatus"":255,""lastRejectGain"":0,""lastRejectSaturated"":false},""recovery"":{""wifiReconnectCount"":0,""wifiReconnectFailCount"":0,""mqttReconnectCount"":0,""mqttConnectFailCount"":0,""lastMqttState"":0,""adsRecoveryCount"":0,""adsRecoveryFailCount"":0,""adsReadFailStreak"":0,""lastReason"":""none"",""lastRecoveryMs"":0,""bootRecoveryArmed"":false,""bootRecoveryDueMs"":0,""bootRecoveryReason"":""none"",""bootRecoveryNonAdsFailure"":false,""bootRecoveryRestartCount"":0},""nulling"":{""done"":false,""retryArmed"":false,""attemptCount"":0,""nextRetryMs"":0,""thresholdV"":9.999999747E-06,""minFinalV"":0},""telemetry"":{""valid"":true,""sampleMs"":6878663,""gasClass"":6,""gasName"":""CO2"",""confidence"":0,""alarm"":false,""sensorVoltage"":[0.121750854,0.003946803,0.004789965,-0.002553297,-0.009026187,-0.011589014,-0.019213434,-0.024769997],""sensorGain"":[32,64,64,64,64,64,64,64],""sensorStatus"":[0,0,0,0,0,0,0,0],""featureOrder"":[""MQ8"",""MQ135"",""MQ3"",""MQ5"",""MQ4"",""MQ7"",""MQ6"",""MQ2""]},""alarmLatched"":false}"
2026-08-04 11:15:43.447 +07:00,502.313,HOT_SWEEP_70,70,700,300,1,0,0.122561172,0.003845849,0.004852507,-0.002567047,-0.008926647,-0.011611836,-0.019193532,-0.024886984,"{""deviceId"":""1001"",""nodeId"":4097,""targetChId"":""0010"",""mode"":""inference"",""uptimeMs"":6879774,""debugEnabled"":true,""power"":{""mode"":""24v"",""externalPower"":true,""batteryMv"":65535,""batteryValid"":false,""batteryDetected"":false,""batterySenseStatus"":""not_detected"",""batteryLow"":false,""batteryCritical"":false,""sourceAmbiguous"":false,""serviceHoldActive"":false,""serviceHoldEffective"":false},""batterySession"":{""state"":""inactive"",""startedMs"":0,""stateStartedMs"":0,""validSampleBatches"":0,""requiredSampleBatches"":10,""alarmTxAttempts"":0,""alarmTxAttemptLimit"":3,""alarmAckReceived"":false,""pendingAlarm"":false,""pendingSaveRequired"":false,""persistenceFaultHold"":false,""completionReason"":""session_done""},""bootHealth"":{""adsReady"":true,""adsDrdyLevel"":0,""adsDrdyPulldownLevel"":0,""adsDrdyPullupLevel"":0,""adsMisoPulldownLevel"":0,""adsMisoPullupLevel"":1,""adsCsLevel"":1,""adsSyncLevel"":1,""adsStatus"":54,""adsMux"":15,""adsAdcon"":6,""adsDrate"":240,""adsReason"":""ok"",""tcaOk"":true,""mcpOkCount"":8,""mcpOk"":[true,true,true,true,true,true,true,true],""mcpAddrMask"":[1,1,1,1,1,1,1,1],""mcpControlTested"":true,""mcpControlOkCount"":8,""mcpControlOk"":[true,true,true,true,true,true,true,true],""dacReady"":true,""radioReady"":true,""mlReady"":true,""nullingProfileApplied"":true,""modelProfileReady"":false},""runtimeMcpCode"":[255,519,795,706,799,865,665,139],""model"":{""profileId"":""cnn-dualbranch-datasheet-v1-unbound"",""scalerProfileId"":""cnn-dualbranch-datasheet-v1-unbound"",""productionApproved"":true,""boundNullingProfileId"":8,""activeNullingProfileId"":9,""bindingValid"":true,""bindingModelMatches"":true,""profileReady"":false,""inferenceValid"":false,""sensorFault"":true},""lora"":{""beginState"":0,""lastTxState"":0,""lastTxOk"":false,""txSeq"":0,""txCounter"":0,""aesKeyProvisioned"":true,""aesKeyPresent"":true,""aesKeySource"":""nvs"",""keyId"":1,""lastDownlinkCommandId"":0,""freqMHz"":920,""bwKHz"":125,""sf"":7,""cr"":5,""syncWord"":18,""txPowerDbm"":17,""preamble"":8,""tcxoVoltage"":1.600000024,""xtalVoltage"":0},""dataset"":{""state"":""idle"",""step"":""idle"",""label"":"""",""seq"":0,""targetSamples"":0,""sampleIntervalMs"":500,""maxDurationMs"":0,""useFanIntake"":true,""fanOnMs"":1000,""postFanSettleMs"":0,""nullingProfileId"":9,""queuePending"":0,""queueCapacity"":16,""queueEnqueued"":0,""queueDropped"":0,""publishFailCount"":0,""retryCount"":0,""retryFailCount"":0,""rejectedSamples"":0,""lastRejectReason"":""none"",""lastRejectChannel"":-1,""lastRejectOkFiniteCount"":0,""lastRejectStatus"":255,""lastRejectGain"":0,""lastRejectSaturated"":false},""recovery"":{""wifiReconnectCount"":0,""wifiReconnectFailCount"":0,""mqttReconnectCount"":0,""mqttConnectFailCount"":0,""lastMqttState"":0,""adsRecoveryCount"":0,""adsRecoveryFailCount"":0,""adsReadFailStreak"":0,""lastReason"":""none"",""lastRecoveryMs"":0,""bootRecoveryArmed"":false,""bootRecoveryDueMs"":0,""bootRecoveryReason"":""none"",""bootRecoveryNonAdsFailure"":false,""bootRecoveryRestartCount"":0},""nulling"":{""done"":false,""retryArmed"":false,""attemptCount"":0,""nextRetryMs"":0,""thresholdV"":9.999999747E-06,""minFinalV"":0},""telemetry"":{""valid"":true,""sampleMs"":6879345,""gasClass"":6,""gasName"":""CO2"",""confidence"":0,""alarm"":false,""sensorVoltage"":[0.122561172,0.003845849,0.004852507,-0.002567047,-0.008926647,-0.011611836,-0.019193532,-0.024886984],""sensorGain"":[32,64,64,64,64,64,64,64],""sensorStatus"":[0,0,0,0,0,0,0,0],""featureOrder"":[""MQ8"",""MQ135"",""MQ3"",""MQ5"",""MQ4"",""MQ7"",""MQ6"",""MQ2""]},""alarmLatched"":false}"
2026-08-04 11:15:44.143 +07:00,503.020,HOT_SWEEP_70,70,700,300,1,0,0.122502126,0.003862861,0.004836673,-0.002567015,-0.00894363,-0.011682222,-0.019181183,-0.024865327,"{""deviceId"":""1001"",""nodeId"":4097,""targetChId"":""0010"",""mode"":""inference"",""uptimeMs"":6880464,""debugEnabled"":true,""power"":{""mode"":""24v"",""externalPower"":true,""batteryMv"":65535,""batteryValid"":false,""batteryDetected"":false,""batterySenseStatus"":""not_detected"",""batteryLow"":false,""batteryCritical"":false,""sourceAmbiguous"":false,""serviceHoldActive"":false,""serviceHoldEffective"":false},""batterySession"":{""state"":""inactive"",""startedMs"":0,""stateStartedMs"":0,""validSampleBatches"":0,""requiredSampleBatches"":10,""alarmTxAttempts"":0,""alarmTxAttemptLimit"":3,""alarmAckReceived"":false,""pendingAlarm"":false,""pendingSaveRequired"":false,""persistenceFaultHold"":false,""completionReason"":""session_done""},""bootHealth"":{""adsReady"":true,""adsDrdyLevel"":0,""adsDrdyPulldownLevel"":0,""adsDrdyPullupLevel"":0,""adsMisoPulldownLevel"":0,""adsMisoPullupLevel"":1,""adsCsLevel"":1,""adsSyncLevel"":1,""adsStatus"":54,""adsMux"":15,""adsAdcon"":6,""adsDrate"":240,""adsReason"":""ok"",""tcaOk"":true,""mcpOkCount"":8,""mcpOk"":[true,true,true,true,true,true,true,true],""mcpAddrMask"":[1,1,1,1,1,1,1,1],""mcpControlTested"":true,""mcpControlOkCount"":8,""mcpControlOk"":[true,true,true,true,true,true,true,true],""dacReady"":true,""radioReady"":true,""mlReady"":true,""nullingProfileApplied"":true,""modelProfileReady"":false},""runtimeMcpCode"":[255,519,795,706,799,865,665,139],""model"":{""profileId"":""cnn-dualbranch-datasheet-v1-unbound"",""scalerProfileId"":""cnn-dualbranch-datasheet-v1-unbound"",""productionApproved"":true,""boundNullingProfileId"":8,""activeNullingProfileId"":9,""bindingValid"":true,""bindingModelMatches"":true,""profileReady"":false,""inferenceValid"":false,""sensorFault"":true},""lora"":{""beginState"":0,""lastTxState"":0,""lastTxOk"":false,""txSeq"":0,""txCounter"":0,""aesKeyProvisioned"":true,""aesKeyPresent"":true,""aesKeySource"":""nvs"",""keyId"":1,""lastDownlinkCommandId"":0,""freqMHz"":920,""bwKHz"":125,""sf"":7,""cr"":5,""syncWord"":18,""txPowerDbm"":17,""preamble"":8,""tcxoVoltage"":1.600000024,""xtalVoltage"":0},""dataset"":{""state"":""idle"",""step"":""idle"",""label"":"""",""seq"":0,""targetSamples"":0,""sampleIntervalMs"":500,""maxDurationMs"":0,""useFanIntake"":true,""fanOnMs"":1000,""postFanSettleMs"":0,""nullingProfileId"":9,""queuePending"":0,""queueCapacity"":16,""queueEnqueued"":0,""queueDropped"":0,""publishFailCount"":0,""retryCount"":0,""retryFailCount"":0,""rejectedSamples"":0,""lastRejectReason"":""none"",""lastRejectChannel"":-1,""lastRejectOkFiniteCount"":0,""lastRejectStatus"":255,""lastRejectGain"":0,""lastRejectSaturated"":false},""recovery"":{""wifiReconnectCount"":0,""wifiReconnectFailCount"":0,""mqttReconnectCount"":0,""mqttConnectFailCount"":0,""lastMqttState"":0,""adsRecoveryCount"":0,""adsRecoveryFailCount"":0,""adsReadFailStreak"":0,""lastReason"":""none"",""lastRecoveryMs"":0,""bootRecoveryArmed"":false,""bootRecoveryDueMs"":0,""bootRecoveryReason"":""none"",""bootRecoveryNonAdsFailure"":false,""bootRecoveryRestartCount"":0},""nulling"":{""done"":false,""retryArmed"":false,""attemptCount"":0,""nextRetryMs"":0,""thresholdV"":9.999999747E-06,""minFinalV"":0},""telemetry"":{""valid"":true,""sampleMs"":6880084,""gasClass"":6,""gasName"":""CO2"",""confidence"":0,""alarm"":false,""sensorVoltage"":[0.122502126,0.003862861,0.004836673,-0.002567015,-0.00894363,-0.011682222,-0.019181183,-0.024865327],""sensorGain"":[32,64,64,64,64,64,64,64],""sensorStatus"":[0,0,0,0,0,0,0,0],""featureOrder"":[""MQ8"",""MQ135"",""MQ3"",""MQ5"",""MQ4"",""MQ7"",""MQ6"",""MQ2""]},""alarmLatched"":false}"
2026-08-04 11:15:44.822 +07:00,503.699,HOT_SWEEP_70,70,700,300,1,0,0.122132242,0.003839051,0.004817613,-0.002571144,-0.008934437,-0.011710199,-0.0191718,-0.02497457,"{""deviceId"":""1001"",""nodeId"":4097,""targetChId"":""0010"",""mode"":""inference"",""uptimeMs"":6881149,""debugEnabled"":true,""power"":{""mode"":""24v"",""externalPower"":true,""batteryMv"":65535,""batteryValid"":false,""batteryDetected"":false,""batterySenseStatus"":""not_detected"",""batteryLow"":false,""batteryCritical"":false,""sourceAmbiguous"":false,""serviceHoldActive"":false,""serviceHoldEffective"":false},""batterySession"":{""state"":""inactive"",""startedMs"":0,""stateStartedMs"":0,""validSampleBatches"":0,""requiredSampleBatches"":10,""alarmTxAttempts"":0,""alarmTxAttemptLimit"":3,""alarmAckReceived"":false,""pendingAlarm"":false,""pendingSaveRequired"":false,""persistenceFaultHold"":false,""completionReason"":""session_done""},""bootHealth"":{""adsReady"":true,""adsDrdyLevel"":0,""adsDrdyPulldownLevel"":0,""adsDrdyPullupLevel"":0,""adsMisoPulldownLevel"":0,""adsMisoPullupLevel"":1,""adsCsLevel"":1,""adsSyncLevel"":1,""adsStatus"":54,""adsMux"":15,""adsAdcon"":6,""adsDrate"":240,""adsReason"":""ok"",""tcaOk"":true,""mcpOkCount"":8,""mcpOk"":[true,true,true,true,true,true,true,true],""mcpAddrMask"":[1,1,1,1,1,1,1,1],""mcpControlTested"":true,""mcpControlOkCount"":8,""mcpControlOk"":[true,true,true,true,true,true,true,true],""dacReady"":true,""radioReady"":true,""mlReady"":true,""nullingProfileApplied"":true,""modelProfileReady"":false},""runtimeMcpCode"":[255,519,795,706,799,865,665,139],""model"":{""profileId"":""cnn-dualbranch-datasheet-v1-unbound"",""scalerProfileId"":""cnn-dualbranch-datasheet-v1-unbound"",""productionApproved"":true,""boundNullingProfileId"":8,""activeNullingProfileId"":9,""bindingValid"":true,""bindingModelMatches"":true,""profileReady"":false,""inferenceValid"":false,""sensorFault"":true},""lora"":{""beginState"":0,""lastTxState"":0,""lastTxOk"":false,""txSeq"":0,""txCounter"":0,""aesKeyProvisioned"":true,""aesKeyPresent"":true,""aesKeySource"":""nvs"",""keyId"":1,""lastDownlinkCommandId"":0,""freqMHz"":920,""bwKHz"":125,""sf"":7,""cr"":5,""syncWord"":18,""txPowerDbm"":17,""preamble"":8,""tcxoVoltage"":1.600000024,""xtalVoltage"":0},""dataset"":{""state"":""idle"",""step"":""idle"",""label"":"""",""seq"":0,""targetSamples"":0,""sampleIntervalMs"":500,""maxDurationMs"":0,""useFanIntake"":true,""fanOnMs"":1000,""postFanSettleMs"":0,""nullingProfileId"":9,""queuePending"":0,""queueCapacity"":16,""queueEnqueued"":0,""queueDropped"":0,""publishFailCount"":0,""retryCount"":0,""retryFailCount"":0,""rejectedSamples"":0,""lastRejectReason"":""none"",""lastRejectChannel"":-1,""lastRejectOkFiniteCount"":0,""lastRejectStatus"":255,""lastRejectGain"":0,""lastRejectSaturated"":false},""recovery"":{""wifiReconnectCount"":0,""wifiReconnectFailCount"":0,""mqttReconnectCount"":0,""mqttConnectFailCount"":0,""lastMqttState"":0,""adsRecoveryCount"":0,""adsRecoveryFailCount"":0,""adsReadFailStreak"":0,""lastReason"":""none"",""lastRecoveryMs"":0,""bootRecoveryArmed"":false,""bootRecoveryDueMs"":0,""bootRecoveryReason"":""none"",""bootRecoveryNonAdsFailure"":false,""bootRecoveryRestartCount"":0},""nulling"":{""done"":false,""retryArmed"":false,""attemptCount"":0,""nextRetryMs"":0,""thresholdV"":9.999999747E-06,""minFinalV"":0},""telemetry"":{""valid"":true,""sampleMs"":6880742,""gasClass"":6,""gasName"":""CO2"",""confidence"":0,""alarm"":false,""sensorVoltage"":[0.122132242,0.003839051,0.004817613,-0.002571144,-0.008934437,-0.011710199,-0.0191718,-0.02497457],""sensorGain"":[32,64,64,64,64,64,64,64],""sensorStatus"":[0,0,0,0,0,0,0,0],""featureOrder"":[""MQ8"",""MQ135"",""MQ3"",""MQ5"",""MQ4"",""MQ7"",""MQ6"",""MQ2""]},""alarmLatched"":false}"
2026-08-04 11:15:45.510 +07:00,504.386,HOT_SWEEP_70,70,700,300,1,0,0.122271001,0.003857527,0.00473566,-0.002551729,-0.00903801,-0.011717216,-0.01914284,-0.024966285,"{""deviceId"":""1001"",""nodeId"":4097,""targetChId"":""0010"",""mode"":""inference"",""uptimeMs"":6881836,""debugEnabled"":true,""power"":{""mode"":""24v"",""externalPower"":true,""batteryMv"":65535,""batteryValid"":false,""batteryDetected"":false,""batterySenseStatus"":""not_detected"",""batteryLow"":false,""batteryCritical"":false,""sourceAmbiguous"":false,""serviceHoldActive"":false,""serviceHoldEffective"":false},""batterySession"":{""state"":""inactive"",""startedMs"":0,""stateStartedMs"":0,""validSampleBatches"":0,""requiredSampleBatches"":10,""alarmTxAttempts"":0,""alarmTxAttemptLimit"":3,""alarmAckReceived"":false,""pendingAlarm"":false,""pendingSaveRequired"":false,""persistenceFaultHold"":false,""completionReason"":""session_done""},""bootHealth"":{""adsReady"":true,""adsDrdyLevel"":0,""adsDrdyPulldownLevel"":0,""adsDrdyPullupLevel"":0,""adsMisoPulldownLevel"":0,""adsMisoPullupLevel"":1,""adsCsLevel"":1,""adsSyncLevel"":1,""adsStatus"":54,""adsMux"":15,""adsAdcon"":6,""adsDrate"":240,""adsReason"":""ok"",""tcaOk"":true,""mcpOkCount"":8,""mcpOk"":[true,true,true,true,true,true,true,true],""mcpAddrMask"":[1,1,1,1,1,1,1,1],""mcpControlTested"":true,""mcpControlOkCount"":8,""mcpControlOk"":[true,true,true,true,true,true,true,true],""dacReady"":true,""radioReady"":true,""mlReady"":true,""nullingProfileApplied"":true,""modelProfileReady"":false},""runtimeMcpCode"":[255,519,795,706,799,865,665,139],""model"":{""profileId"":""cnn-dualbranch-datasheet-v1-unbound"",""scalerProfileId"":""cnn-dualbranch-datasheet-v1-unbound"",""productionApproved"":true,""boundNullingProfileId"":8,""activeNullingProfileId"":9,""bindingValid"":true,""bindingModelMatches"":true,""profileReady"":false,""inferenceValid"":false,""sensorFault"":true},""lora"":{""beginState"":0,""lastTxState"":0,""lastTxOk"":false,""txSeq"":0,""txCounter"":0,""aesKeyProvisioned"":true,""aesKeyPresent"":true,""aesKeySource"":""nvs"",""keyId"":1,""lastDownlinkCommandId"":0,""freqMHz"":920,""bwKHz"":125,""sf"":7,""cr"":5,""syncWord"":18,""txPowerDbm"":17,""preamble"":8,""tcxoVoltage"":1.600000024,""xtalVoltage"":0},""dataset"":{""state"":""idle"",""step"":""idle"",""label"":"""",""seq"":0,""targetSamples"":0,""sampleIntervalMs"":500,""maxDurationMs"":0,""useFanIntake"":true,""fanOnMs"":1000,""postFanSettleMs"":0,""nullingProfileId"":9,""queuePending"":0,""queueCapacity"":16,""queueEnqueued"":0,""queueDropped"":0,""publishFailCount"":0,""retryCount"":0,""retryFailCount"":0,""rejectedSamples"":0,""lastRejectReason"":""none"",""lastRejectChannel"":-1,""lastRejectOkFiniteCount"":0,""lastRejectStatus"":255,""lastRejectGain"":0,""lastRejectSaturated"":false},""recovery"":{""wifiReconnectCount"":0,""wifiReconnectFailCount"":0,""mqttReconnectCount"":0,""mqttConnectFailCount"":0,""lastMqttState"":0,""adsRecoveryCount"":0,""adsRecoveryFailCount"":0,""adsReadFailStreak"":0,""lastReason"":""none"",""lastRecoveryMs"":0,""bootRecoveryArmed"":false,""bootRecoveryDueMs"":0,""bootRecoveryReason"":""none"",""bootRecoveryNonAdsFailure"":false,""bootRecoveryRestartCount"":0},""nulling"":{""done"":false,""retryArmed"":false,""attemptCount"":0,""nextRetryMs"":0,""thresholdV"":9.999999747E-06,""minFinalV"":0},""telemetry"":{""valid"":true,""sampleMs"":6881432,""gasClass"":6,""gasName"":""CO2"",""confidence"":0,""alarm"":false,""sensorVoltage"":[0.122271001,0.003857527,0.00473566,-0.002551729,-0.00903801,-0.011717216,-0.01914284,-0.024966285],""sensorGain"":[32,64,64,64,64,64,64,64],""sensorStatus"":[0,0,0,0,0,0,0,0],""featureOrder"":[""MQ8"",""MQ135"",""MQ3"",""MQ5"",""MQ4"",""MQ7"",""MQ6"",""MQ2""]},""alarmLatched"":false}"
2026-08-04 11:15:46.194 +07:00,505.074,HOT_SWEEP_70,70,700,300,1,0,0.122592404,0.00388535,0.004717123,-0.002580473,-0.009107581,-0.011719547,-0.019151587,-0.024964359,"{""deviceId"":""1001"",""nodeId"":4097,""targetChId"":""0010"",""mode"":""inference"",""uptimeMs"":6882521,""debugEnabled"":true,""power"":{""mode"":""24v"",""externalPower"":true,""batteryMv"":65535,""batteryValid"":false,""batteryDetected"":false,""batterySenseStatus"":""not_detected"",""batteryLow"":false,""batteryCritical"":false,""sourceAmbiguous"":false,""serviceHoldActive"":false,""serviceHoldEffective"":false},""batterySession"":{""state"":""inactive"",""startedMs"":0,""stateStartedMs"":0,""validSampleBatches"":0,""requiredSampleBatches"":10,""alarmTxAttempts"":0,""alarmTxAttemptLimit"":3,""alarmAckReceived"":false,""pendingAlarm"":false,""pendingSaveRequired"":false,""persistenceFaultHold"":false,""completionReason"":""session_done""},""bootHealth"":{""adsReady"":true,""adsDrdyLevel"":0,""adsDrdyPulldownLevel"":0,""adsDrdyPullupLevel"":0,""adsMisoPulldownLevel"":0,""adsMisoPullupLevel"":1,""adsCsLevel"":1,""adsSyncLevel"":1,""adsStatus"":54,""adsMux"":15,""adsAdcon"":6,""adsDrate"":240,""adsReason"":""ok"",""tcaOk"":true,""mcpOkCount"":8,""mcpOk"":[true,true,true,true,true,true,true,true],""mcpAddrMask"":[1,1,1,1,1,1,1,1],""mcpControlTested"":true,""mcpControlOkCount"":8,""mcpControlOk"":[true,true,true,true,true,true,true,true],""dacReady"":true,""radioReady"":true,""mlReady"":true,""nullingProfileApplied"":true,""modelProfileReady"":false},""runtimeMcpCode"":[255,519,795,706,799,865,665,139],""model"":{""profileId"":""cnn-dualbranch-datasheet-v1-unbound"",""scalerProfileId"":""cnn-dualbranch-datasheet-v1-unbound"",""productionApproved"":true,""boundNullingProfileId"":8,""activeNullingProfileId"":9,""bindingValid"":true,""bindingModelMatches"":true,""profileReady"":false,""inferenceValid"":false,""sensorFault"":true},""lora"":{""beginState"":0,""lastTxState"":0,""lastTxOk"":false,""txSeq"":0,""txCounter"":0,""aesKeyProvisioned"":true,""aesKeyPresent"":true,""aesKeySource"":""nvs"",""keyId"":1,""lastDownlinkCommandId"":0,""freqMHz"":920,""bwKHz"":125,""sf"":7,""cr"":5,""syncWord"":18,""txPowerDbm"":17,""preamble"":8,""tcxoVoltage"":1.600000024,""xtalVoltage"":0},""dataset"":{""state"":""idle"",""step"":""idle"",""label"":"""",""seq"":0,""targetSamples"":0,""sampleIntervalMs"":500,""maxDurationMs"":0,""useFanIntake"":true,""fanOnMs"":1000,""postFanSettleMs"":0,""nullingProfileId"":9,""queuePending"":0,""queueCapacity"":16,""queueEnqueued"":0,""queueDropped"":0,""publishFailCount"":0,""retryCount"":0,""retryFailCount"":0,""rejectedSamples"":0,""lastRejectReason"":""none"",""lastRejectChannel"":-1,""lastRejectOkFiniteCount"":0,""lastRejectStatus"":255,""lastRejectGain"":0,""lastRejectSaturated"":false},""recovery"":{""wifiReconnectCount"":0,""wifiReconnectFailCount"":0,""mqttReconnectCount"":0,""mqttConnectFailCount"":0,""lastMqttState"":0,""adsRecoveryCount"":0,""adsRecoveryFailCount"":0,""adsReadFailStreak"":0,""lastReason"":""none"",""lastRecoveryMs"":0,""bootRecoveryArmed"":false,""bootRecoveryDueMs"":0,""bootRecoveryReason"":""none"",""bootRecoveryNonAdsFailure"":false,""bootRecoveryRestartCount"":0},""nulling"":{""done"":false,""retryArmed"":false,""attemptCount"":0,""nextRetryMs"":0,""thresholdV"":9.999999747E-06,""minFinalV"":0},""telemetry"":{""valid"":true,""sampleMs"":6882146,""gasClass"":6,""gasName"":""CO2"",""confidence"":0,""alarm"":false,""sensorVoltage"":[0.122592404,0.00388535,0.004717123,-0.002580473,-0.009107581,-0.011719547,-0.019151587,-0.024964359],""sensorGain"":[16,64,64,64,64,64,64,64],""sensorStatus"":[0,0,0,0,0,0,0,0],""featureOrder"":[""MQ8"",""MQ135"",""MQ3"",""MQ5"",""MQ4"",""MQ7"",""MQ6"",""MQ2""]},""alarmLatched"":false}"
2026-08-04 11:15:46.873 +07:00,505.754,HOT_SWEEP_70,70,700,300,1,0,0.122130074,0.003899315,0.004708578,-0.002572834,-0.009103074,-0.011740962,-0.019593425,-0.025450557,"{""deviceId"":""1001"",""nodeId"":4097,""targetChId"":""0010"",""mode"":""inference"",""uptimeMs"":6883203,""debugEnabled"":true,""power"":{""mode"":""24v"",""externalPower"":true,""batteryMv"":65535,""batteryValid"":false,""batteryDetected"":false,""batterySenseStatus"":""not_detected"",""batteryLow"":false,""batteryCritical"":false,""sourceAmbiguous"":false,""serviceHoldActive"":false,""serviceHoldEffective"":false},""batterySession"":{""state"":""inactive"",""startedMs"":0,""stateStartedMs"":0,""validSampleBatches"":0,""requiredSampleBatches"":10,""alarmTxAttempts"":0,""alarmTxAttemptLimit"":3,""alarmAckReceived"":false,""pendingAlarm"":false,""pendingSaveRequired"":false,""persistenceFaultHold"":false,""completionReason"":""session_done""},""bootHealth"":{""adsReady"":true,""adsDrdyLevel"":0,""adsDrdyPulldownLevel"":0,""adsDrdyPullupLevel"":0,""adsMisoPulldownLevel"":0,""adsMisoPullupLevel"":1,""adsCsLevel"":1,""adsSyncLevel"":1,""adsStatus"":54,""adsMux"":15,""adsAdcon"":6,""adsDrate"":240,""adsReason"":""ok"",""tcaOk"":true,""mcpOkCount"":8,""mcpOk"":[true,true,true,true,true,true,true,true],""mcpAddrMask"":[1,1,1,1,1,1,1,1],""mcpControlTested"":true,""mcpControlOkCount"":8,""mcpControlOk"":[true,true,true,true,true,true,true,true],""dacReady"":true,""radioReady"":true,""mlReady"":true,""nullingProfileApplied"":true,""modelProfileReady"":false},""runtimeMcpCode"":[255,519,795,706,799,865,665,139],""model"":{""profileId"":""cnn-dualbranch-datasheet-v1-unbound"",""scalerProfileId"":""cnn-dualbranch-datasheet-v1-unbound"",""productionApproved"":true,""boundNullingProfileId"":8,""activeNullingProfileId"":9,""bindingValid"":true,""bindingModelMatches"":true,""profileReady"":false,""inferenceValid"":false,""sensorFault"":true},""lora"":{""beginState"":0,""lastTxState"":0,""lastTxOk"":false,""txSeq"":0,""txCounter"":0,""aesKeyProvisioned"":true,""aesKeyPresent"":true,""aesKeySource"":""nvs"",""keyId"":1,""lastDownlinkCommandId"":0,""freqMHz"":920,""bwKHz"":125,""sf"":7,""cr"":5,""syncWord"":18,""txPowerDbm"":17,""preamble"":8,""tcxoVoltage"":1.600000024,""xtalVoltage"":0},""dataset"":{""state"":""idle"",""step"":""idle"",""label"":"""",""seq"":0,""targetSamples"":0,""sampleIntervalMs"":500,""maxDurationMs"":0,""useFanIntake"":true,""fanOnMs"":1000,""postFanSettleMs"":0,""nullingProfileId"":9,""queuePending"":0,""queueCapacity"":16,""queueEnqueued"":0,""queueDropped"":0,""publishFailCount"":0,""retryCount"":0,""retryFailCount"":0,""rejectedSamples"":0,""lastRejectReason"":""none"",""lastRejectChannel"":-1,""lastRejectOkFiniteCount"":0,""lastRejectStatus"":255,""lastRejectGain"":0,""lastRejectSaturated"":false},""recovery"":{""wifiReconnectCount"":0,""wifiReconnectFailCount"":0,""mqttReconnectCount"":0,""mqttConnectFailCount"":0,""lastMqttState"":0,""adsRecoveryCount"":0,""adsRecoveryFailCount"":0,""adsReadFailStreak"":0,""lastReason"":""none"",""lastRecoveryMs"":0,""bootRecoveryArmed"":false,""bootRecoveryDueMs"":0,""bootRecoveryReason"":""none"",""bootRecoveryNonAdsFailure"":false,""bootRecoveryRestartCount"":0},""nulling"":{""done"":false,""retryArmed"":false,""attemptCount"":0,""nextRetryMs"":0,""thresholdV"":9.999999747E-06,""minFinalV"":0},""telemetry"":{""valid"":true,""sampleMs"":6882799,""gasClass"":6,""gasName"":""CO2"",""confidence"":0,""alarm"":false,""sensorVoltage"":[0.122130074,0.003899315,0.004708578,-0.002572834,-0.009103074,-0.011740962,-0.019593425,-0.025450557],""sensorGain"":[16,64,64,64,64,64,64,64],""sensorStatus"":[0,0,0,0,0,0,0,0],""featureOrder"":[""MQ8"",""MQ135"",""MQ3"",""MQ5"",""MQ4"",""MQ7"",""MQ6"",""MQ2""]},""alarmLatched"":false}"
2026-08-04 11:15:47.548 +07:00,506.429,HOT_SWEEP_70,70,700,300,1,0,0.122241318,0.003881715,0.004731501,-0.002613514,-0.00907361,-0.011729669,-0.019550497,-0.025443692,"{""deviceId"":""1001"",""nodeId"":4097,""targetChId"":""0010"",""mode"":""inference"",""uptimeMs"":6883877,""debugEnabled"":true,""power"":{""mode"":""24v"",""externalPower"":true,""batteryMv"":65535,""batteryValid"":false,""batteryDetected"":false,""batterySenseStatus"":""not_detected"",""batteryLow"":false,""batteryCritical"":false,""sourceAmbiguous"":false,""serviceHoldActive"":false,""serviceHoldEffective"":false},""batterySession"":{""state"":""inactive"",""startedMs"":0,""stateStartedMs"":0,""validSampleBatches"":0,""requiredSampleBatches"":10,""alarmTxAttempts"":0,""alarmTxAttemptLimit"":3,""alarmAckReceived"":false,""pendingAlarm"":false,""pendingSaveRequired"":false,""persistenceFaultHold"":false,""completionReason"":""session_done""},""bootHealth"":{""adsReady"":true,""adsDrdyLevel"":0,""adsDrdyPulldownLevel"":0,""adsDrdyPullupLevel"":0,""adsMisoPulldownLevel"":0,""adsMisoPullupLevel"":1,""adsCsLevel"":1,""adsSyncLevel"":1,""adsStatus"":54,""adsMux"":15,""adsAdcon"":6,""adsDrate"":240,""adsReason"":""ok"",""tcaOk"":true,""mcpOkCount"":8,""mcpOk"":[true,true,true,true,true,true,true,true],""mcpAddrMask"":[1,1,1,1,1,1,1,1],""mcpControlTested"":true,""mcpControlOkCount"":8,""mcpControlOk"":[true,true,true,true,true,true,true,true],""dacReady"":true,""radioReady"":true,""mlReady"":true,""nullingProfileApplied"":true,""modelProfileReady"":false},""runtimeMcpCode"":[255,519,795,706,799,865,665,139],""model"":{""profileId"":""cnn-dualbranch-datasheet-v1-unbound"",""scalerProfileId"":""cnn-dualbranch-datasheet-v1-unbound"",""productionApproved"":true,""boundNullingProfileId"":8,""activeNullingProfileId"":9,""bindingValid"":true,""bindingModelMatches"":true,""profileReady"":false,""inferenceValid"":false,""sensorFault"":true},""lora"":{""beginState"":0,""lastTxState"":0,""lastTxOk"":false,""txSeq"":0,""txCounter"":0,""aesKeyProvisioned"":true,""aesKeyPresent"":true,""aesKeySource"":""nvs"",""keyId"":1,""lastDownlinkCommandId"":0,""freqMHz"":920,""bwKHz"":125,""sf"":7,""cr"":5,""syncWord"":18,""txPowerDbm"":17,""preamble"":8,""tcxoVoltage"":1.600000024,""xtalVoltage"":0},""dataset"":{""state"":""idle"",""step"":""idle"",""label"":"""",""seq"":0,""targetSamples"":0,""sampleIntervalMs"":500,""maxDurationMs"":0,""useFanIntake"":true,""fanOnMs"":1000,""postFanSettleMs"":0,""nullingProfileId"":9,""queuePending"":0,""queueCapacity"":16,""queueEnqueued"":0,""queueDropped"":0,""publishFailCount"":0,""retryCount"":0,""retryFailCount"":0,""rejectedSamples"":0,""lastRejectReason"":""none"",""lastRejectChannel"":-1,""lastRejectOkFiniteCount"":0,""lastRejectStatus"":255,""lastRejectGain"":0,""lastRejectSaturated"":false},""recovery"":{""wifiReconnectCount"":0,""wifiReconnectFailCount"":0,""mqttReconnectCount"":0,""mqttConnectFailCount"":0,""lastMqttState"":0,""adsRecoveryCount"":0,""adsRecoveryFailCount"":0,""adsReadFailStreak"":0,""lastReason"":""none"",""lastRecoveryMs"":0,""bootRecoveryArmed"":false,""bootRecoveryDueMs"":0,""bootRecoveryReason"":""none"",""bootRecoveryNonAdsFailure"":false,""bootRecoveryRestartCount"":0},""nulling"":{""done"":false,""retryArmed"":false,""attemptCount"":0,""nextRetryMs"":0,""thresholdV"":9.999999747E-06,""minFinalV"":0},""telemetry"":{""valid"":true,""sampleMs"":6883481,""gasClass"":6,""gasName"":""CO2"",""confidence"":0,""alarm"":false,""sensorVoltage"":[0.122241318,0.003881715,0.004731501,-0.002613514,-0.00907361,-0.011729669,-0.019550497,-0.025443692],""sensorGain"":[16,64,64,64,64,64,64,64],""sensorStatus"":[0,0,0,0,0,0,0,0],""featureOrder"":[""MQ8"",""MQ135"",""MQ3"",""MQ5"",""MQ4"",""MQ7"",""MQ6"",""MQ2""]},""alarmLatched"":false}"
2026-08-04 11:15:48.243 +07:00,507.123,HOT_SWEEP_70,70,700,300,1,0,0.122856006,0.003914168,0.00469854,-0.002597795,-0.009092527,-0.011444191,-0.019164294,-0.025013402,"{""deviceId"":""1001"",""nodeId"":4097,""targetChId"":""0010"",""mode"":""inference"",""uptimeMs"":6884569,""debugEnabled"":true,""power"":{""mode"":""24v"",""externalPower"":true,""batteryMv"":65535,""batteryValid"":false,""batteryDetected"":false,""batterySenseStatus"":""not_detected"",""batteryLow"":false,""batteryCritical"":false,""sourceAmbiguous"":false,""serviceHoldActive"":false,""serviceHoldEffective"":false},""batterySession"":{""state"":""inactive"",""startedMs"":0,""stateStartedMs"":0,""validSampleBatches"":0,""requiredSampleBatches"":10,""alarmTxAttempts"":0,""alarmTxAttemptLimit"":3,""alarmAckReceived"":false,""pendingAlarm"":false,""pendingSaveRequired"":false,""persistenceFaultHold"":false,""completionReason"":""session_done""},""bootHealth"":{""adsReady"":true,""adsDrdyLevel"":0,""adsDrdyPulldownLevel"":0,""adsDrdyPullupLevel"":0,""adsMisoPulldownLevel"":0,""adsMisoPullupLevel"":1,""adsCsLevel"":1,""adsSyncLevel"":1,""adsStatus"":54,""adsMux"":15,""adsAdcon"":6,""adsDrate"":240,""adsReason"":""ok"",""tcaOk"":true,""mcpOkCount"":8,""mcpOk"":[true,true,true,true,true,true,true,true],""mcpAddrMask"":[1,1,1,1,1,1,1,1],""mcpControlTested"":true,""mcpControlOkCount"":8,""mcpControlOk"":[true,true,true,true,true,true,true,true],""dacReady"":true,""radioReady"":true,""mlReady"":true,""nullingProfileApplied"":true,""modelProfileReady"":false},""runtimeMcpCode"":[255,519,795,706,799,865,665,139],""model"":{""profileId"":""cnn-dualbranch-datasheet-v1-unbound"",""scalerProfileId"":""cnn-dualbranch-datasheet-v1-unbound"",""productionApproved"":true,""boundNullingProfileId"":8,""activeNullingProfileId"":9,""bindingValid"":true,""bindingModelMatches"":true,""profileReady"":false,""inferenceValid"":false,""sensorFault"":true},""lora"":{""beginState"":0,""lastTxState"":0,""lastTxOk"":false,""txSeq"":0,""txCounter"":0,""aesKeyProvisioned"":true,""aesKeyPresent"":true,""aesKeySource"":""nvs"",""keyId"":1,""lastDownlinkCommandId"":0,""freqMHz"":920,""bwKHz"":125,""sf"":7,""cr"":5,""syncWord"":18,""txPowerDbm"":17,""preamble"":8,""tcxoVoltage"":1.600000024,""xtalVoltage"":0},""dataset"":{""state"":""idle"",""step"":""idle"",""label"":"""",""seq"":0,""targetSamples"":0,""sampleIntervalMs"":500,""maxDurationMs"":0,""useFanIntake"":true,""fanOnMs"":1000,""postFanSettleMs"":0,""nullingProfileId"":9,""queuePending"":0,""queueCapacity"":16,""queueEnqueued"":0,""queueDropped"":0,""publishFailCount"":0,""retryCount"":0,""retryFailCount"":0,""rejectedSamples"":0,""lastRejectReason"":""none"",""lastRejectChannel"":-1,""lastRejectOkFiniteCount"":0,""lastRejectStatus"":255,""lastRejectGain"":0,""lastRejectSaturated"":false},""recovery"":{""wifiReconnectCount"":0,""wifiReconnectFailCount"":0,""mqttReconnectCount"":0,""mqttConnectFailCount"":0,""lastMqttState"":0,""adsRecoveryCount"":0,""adsRecoveryFailCount"":0,""adsReadFailStreak"":0,""lastReason"":""none"",""lastRecoveryMs"":0,""bootRecoveryArmed"":false,""bootRecoveryDueMs"":0,""bootRecoveryReason"":""none"",""bootRecoveryNonAdsFailure"":false,""bootRecoveryRestartCount"":0},""nulling"":{""done"":false,""retryArmed"":false,""attemptCount"":0,""nextRetryMs"":0,""thresholdV"":9.999999747E-06,""minFinalV"":0},""telemetry"":{""valid"":true,""sampleMs"":6884187,""gasClass"":6,""gasName"":""CO2"",""confidence"":0,""alarm"":false,""sensorVoltage"":[0.122856006,0.003914168,0.00469854,-0.002597795,-0.009092527,-0.011444191,-0.019164294,-0.025013402],""sensorGain"":[16,64,64,64,64,64,64,64],""sensorStatus"":[0,0,0,0,0,0,0,0],""featureOrder"":[""MQ8"",""MQ135"",""MQ3"",""MQ5"",""MQ4"",""MQ7"",""MQ6"",""MQ2""]},""alarmLatched"":false}"
2026-08-04 11:15:48.926 +07:00,507.804,HOT_SWEEP_70,70,700,300,1,0,0.12233714,0.003911411,0.00471352,-0.002595268,-0.0093111,-0.011682301,-0.019599991,-0.025461128,"{""deviceId"":""1001"",""nodeId"":4097,""targetChId"":""0010"",""mode"":""inference"",""uptimeMs"":6885251,""debugEnabled"":true,""power"":{""mode"":""24v"",""externalPower"":true,""batteryMv"":65535,""batteryValid"":false,""batteryDetected"":false,""batterySenseStatus"":""not_detected"",""batteryLow"":false,""batteryCritical"":false,""sourceAmbiguous"":false,""serviceHoldActive"":false,""serviceHoldEffective"":false},""batterySession"":{""state"":""inactive"",""startedMs"":0,""stateStartedMs"":0,""validSampleBatches"":0,""requiredSampleBatches"":10,""alarmTxAttempts"":0,""alarmTxAttemptLimit"":3,""alarmAckReceived"":false,""pendingAlarm"":false,""pendingSaveRequired"":false,""persistenceFaultHold"":false,""completionReason"":""session_done""},""bootHealth"":{""adsReady"":true,""adsDrdyLevel"":0,""adsDrdyPulldownLevel"":0,""adsDrdyPullupLevel"":0,""adsMisoPulldownLevel"":0,""adsMisoPullupLevel"":1,""adsCsLevel"":1,""adsSyncLevel"":1,""adsStatus"":54,""adsMux"":15,""adsAdcon"":6,""adsDrate"":240,""adsReason"":""ok"",""tcaOk"":true,""mcpOkCount"":8,""mcpOk"":[true,true,true,true,true,true,true,true],""mcpAddrMask"":[1,1,1,1,1,1,1,1],""mcpControlTested"":true,""mcpControlOkCount"":8,""mcpControlOk"":[true,true,true,true,true,true,true,true],""dacReady"":true,""radioReady"":true,""mlReady"":true,""nullingProfileApplied"":true,""modelProfileReady"":false},""runtimeMcpCode"":[255,519,795,706,799,865,665,139],""model"":{""profileId"":""cnn-dualbranch-datasheet-v1-unbound"",""scalerProfileId"":""cnn-dualbranch-datasheet-v1-unbound"",""productionApproved"":true,""boundNullingProfileId"":8,""activeNullingProfileId"":9,""bindingValid"":true,""bindingModelMatches"":true,""profileReady"":false,""inferenceValid"":false,""sensorFault"":true},""lora"":{""beginState"":0,""lastTxState"":0,""lastTxOk"":false,""txSeq"":0,""txCounter"":0,""aesKeyProvisioned"":true,""aesKeyPresent"":true,""aesKeySource"":""nvs"",""keyId"":1,""lastDownlinkCommandId"":0,""freqMHz"":920,""bwKHz"":125,""sf"":7,""cr"":5,""syncWord"":18,""txPowerDbm"":17,""preamble"":8,""tcxoVoltage"":1.600000024,""xtalVoltage"":0},""dataset"":{""state"":""idle"",""step"":""idle"",""label"":"""",""seq"":0,""targetSamples"":0,""sampleIntervalMs"":500,""maxDurationMs"":0,""useFanIntake"":true,""fanOnMs"":1000,""postFanSettleMs"":0,""nullingProfileId"":9,""queuePending"":0,""queueCapacity"":16,""queueEnqueued"":0,""queueDropped"":0,""publishFailCount"":0,""retryCount"":0,""retryFailCount"":0,""rejectedSamples"":0,""lastRejectReason"":""none"",""lastRejectChannel"":-1,""lastRejectOkFiniteCount"":0,""lastRejectStatus"":255,""lastRejectGain"":0,""lastRejectSaturated"":false},""recovery"":{""wifiReconnectCount"":0,""wifiReconnectFailCount"":0,""mqttReconnectCount"":0,""mqttConnectFailCount"":0,""lastMqttState"":0,""adsRecoveryCount"":0,""adsRecoveryFailCount"":0,""adsReadFailStreak"":0,""lastReason"":""none"",""lastRecoveryMs"":0,""bootRecoveryArmed"":false,""bootRecoveryDueMs"":0,""bootRecoveryReason"":""none"",""bootRecoveryNonAdsFailure"":false,""bootRecoveryRestartCount"":0},""nulling"":{""done"":false,""retryArmed"":false,""attemptCount"":0,""nextRetryMs"":0,""thresholdV"":9.999999747E-06,""minFinalV"":0},""telemetry"":{""valid"":true,""sampleMs"":6884847,""gasClass"":6,""gasName"":""CO2"",""confidence"":0,""alarm"":false,""sensorVoltage"":[0.12233714,0.003911411,0.00471352,-0.002595268,-0.0093111,-0.011682301,-0.019599991,-0.025461128],""sensorGain"":[16,64,64,64,64,64,64,64],""sensorStatus"":[0,0,0,0,0,0,0,0],""featureOrder"":[""MQ8"",""MQ135"",""MQ3"",""MQ5"",""MQ4"",""MQ7"",""MQ6"",""MQ2""]},""alarmLatched"":false}"
2026-08-04 11:15:49.623 +07:00,508.499,HOT_SWEEP_70,70,700,300,1,0,0.122275054,0.003940111,0.004797892,-0.002577584,-0.009308298,-0.011662853,-0.019592416,-0.025460031,"{""deviceId"":""1001"",""nodeId"":4097,""targetChId"":""0010"",""mode"":""inference"",""uptimeMs"":6885948,""debugEnabled"":true,""power"":{""mode"":""24v"",""externalPower"":true,""batteryMv"":65535,""batteryValid"":false,""batteryDetected"":false,""batterySenseStatus"":""not_detected"",""batteryLow"":false,""batteryCritical"":false,""sourceAmbiguous"":false,""serviceHoldActive"":false,""serviceHoldEffective"":false},""batterySession"":{""state"":""inactive"",""startedMs"":0,""stateStartedMs"":0,""validSampleBatches"":0,""requiredSampleBatches"":10,""alarmTxAttempts"":0,""alarmTxAttemptLimit"":3,""alarmAckReceived"":false,""pendingAlarm"":false,""pendingSaveRequired"":false,""persistenceFaultHold"":false,""completionReason"":""session_done""},""bootHealth"":{""adsReady"":true,""adsDrdyLevel"":0,""adsDrdyPulldownLevel"":0,""adsDrdyPullupLevel"":0,""adsMisoPulldownLevel"":0,""adsMisoPullupLevel"":1,""adsCsLevel"":1,""adsSyncLevel"":1,""adsStatus"":54,""adsMux"":15,""adsAdcon"":6,""adsDrate"":240,""adsReason"":""ok"",""tcaOk"":true,""mcpOkCount"":8,""mcpOk"":[true,true,true,true,true,true,true,true],""mcpAddrMask"":[1,1,1,1,1,1,1,1],""mcpControlTested"":true,""mcpControlOkCount"":8,""mcpControlOk"":[true,true,true,true,true,true,true,true],""dacReady"":true,""radioReady"":true,""mlReady"":true,""nullingProfileApplied"":true,""modelProfileReady"":false},""runtimeMcpCode"":[255,519,795,706,799,865,665,139],""model"":{""profileId"":""cnn-dualbranch-datasheet-v1-unbound"",""scalerProfileId"":""cnn-dualbranch-datasheet-v1-unbound"",""productionApproved"":true,""boundNullingProfileId"":8,""activeNullingProfileId"":9,""bindingValid"":true,""bindingModelMatches"":true,""profileReady"":false,""inferenceValid"":false,""sensorFault"":true},""lora"":{""beginState"":0,""lastTxState"":0,""lastTxOk"":false,""txSeq"":0,""txCounter"":0,""aesKeyProvisioned"":true,""aesKeyPresent"":true,""aesKeySource"":""nvs"",""keyId"":1,""lastDownlinkCommandId"":0,""freqMHz"":920,""bwKHz"":125,""sf"":7,""cr"":5,""syncWord"":18,""txPowerDbm"":17,""preamble"":8,""tcxoVoltage"":1.600000024,""xtalVoltage"":0},""dataset"":{""state"":""idle"",""step"":""idle"",""label"":"""",""seq"":0,""targetSamples"":0,""sampleIntervalMs"":500,""maxDurationMs"":0,""useFanIntake"":true,""fanOnMs"":1000,""postFanSettleMs"":0,""nullingProfileId"":9,""queuePending"":0,""queueCapacity"":16,""queueEnqueued"":0,""queueDropped"":0,""publishFailCount"":0,""retryCount"":0,""retryFailCount"":0,""rejectedSamples"":0,""lastRejectReason"":""none"",""lastRejectChannel"":-1,""lastRejectOkFiniteCount"":0,""lastRejectStatus"":255,""lastRejectGain"":0,""lastRejectSaturated"":false},""recovery"":{""wifiReconnectCount"":0,""wifiReconnectFailCount"":0,""mqttReconnectCount"":0,""mqttConnectFailCount"":0,""lastMqttState"":0,""adsRecoveryCount"":0,""adsRecoveryFailCount"":0,""adsReadFailStreak"":0,""lastReason"":""none"",""lastRecoveryMs"":0,""bootRecoveryArmed"":false,""bootRecoveryDueMs"":0,""bootRecoveryReason"":""none"",""bootRecoveryNonAdsFailure"":false,""bootRecoveryRestartCount"":0},""nulling"":{""done"":false,""retryArmed"":false,""attemptCount"":0,""nextRetryMs"":0,""thresholdV"":9.999999747E-06,""minFinalV"":0},""telemetry"":{""valid"":true,""sampleMs"":6885529,""gasClass"":6,""gasName"":""CO2"",""confidence"":0,""alarm"":false,""sensorVoltage"":[0.122275054,0.003940111,0.004797892,-0.002577584,-0.009308298,-0.011662853,-0.019592416,-0.025460031],""sensorGain"":[16,64,64,64,64,64,64,64],""sensorStatus"":[0,0,0,0,0,0,0,0],""featureOrder"":[""MQ8"",""MQ135"",""MQ3"",""MQ5"",""MQ4"",""MQ7"",""MQ6"",""MQ2""]},""alarmLatched"":false}"
2026-08-04 11:15:50.328 +07:00,509.206,HOT_SWEEP_70,70,700,300,1,0,0.12337245,0.004012074,0.004745301,-0.002571236,-0.009183859,-0.011447066,-0.019545637,-0.025454864,"{""deviceId"":""1001"",""nodeId"":4097,""targetChId"":""0010"",""mode"":""inference"",""uptimeMs"":6886651,""debugEnabled"":true,""power"":{""mode"":""24v"",""externalPower"":true,""batteryMv"":65535,""batteryValid"":false,""batteryDetected"":false,""batterySenseStatus"":""not_detected"",""batteryLow"":false,""batteryCritical"":false,""sourceAmbiguous"":false,""serviceHoldActive"":false,""serviceHoldEffective"":false},""batterySession"":{""state"":""inactive"",""startedMs"":0,""stateStartedMs"":0,""validSampleBatches"":0,""requiredSampleBatches"":10,""alarmTxAttempts"":0,""alarmTxAttemptLimit"":3,""alarmAckReceived"":false,""pendingAlarm"":false,""pendingSaveRequired"":false,""persistenceFaultHold"":false,""completionReason"":""session_done""},""bootHealth"":{""adsReady"":true,""adsDrdyLevel"":0,""adsDrdyPulldownLevel"":0,""adsDrdyPullupLevel"":0,""adsMisoPulldownLevel"":0,""adsMisoPullupLevel"":1,""adsCsLevel"":1,""adsSyncLevel"":1,""adsStatus"":54,""adsMux"":15,""adsAdcon"":6,""adsDrate"":240,""adsReason"":""ok"",""tcaOk"":true,""mcpOkCount"":8,""mcpOk"":[true,true,true,true,true,true,true,true],""mcpAddrMask"":[1,1,1,1,1,1,1,1],""mcpControlTested"":true,""mcpControlOkCount"":8,""mcpControlOk"":[true,true,true,true,true,true,true,true],""dacReady"":true,""radioReady"":true,""mlReady"":true,""nullingProfileApplied"":true,""modelProfileReady"":false},""runtimeMcpCode"":[255,519,795,706,799,865,665,139],""model"":{""profileId"":""cnn-dualbranch-datasheet-v1-unbound"",""scalerProfileId"":""cnn-dualbranch-datasheet-v1-unbound"",""productionApproved"":true,""boundNullingProfileId"":8,""activeNullingProfileId"":9,""bindingValid"":true,""bindingModelMatches"":true,""profileReady"":false,""inferenceValid"":false,""sensorFault"":true},""lora"":{""beginState"":0,""lastTxState"":0,""lastTxOk"":false,""txSeq"":0,""txCounter"":0,""aesKeyProvisioned"":true,""aesKeyPresent"":true,""aesKeySource"":""nvs"",""keyId"":1,""lastDownlinkCommandId"":0,""freqMHz"":920,""bwKHz"":125,""sf"":7,""cr"":5,""syncWord"":18,""txPowerDbm"":17,""preamble"":8,""tcxoVoltage"":1.600000024,""xtalVoltage"":0},""dataset"":{""state"":""idle"",""step"":""idle"",""label"":"""",""seq"":0,""targetSamples"":0,""sampleIntervalMs"":500,""maxDurationMs"":0,""useFanIntake"":true,""fanOnMs"":1000,""postFanSettleMs"":0,""nullingProfileId"":9,""queuePending"":0,""queueCapacity"":16,""queueEnqueued"":0,""queueDropped"":0,""publishFailCount"":0,""retryCount"":0,""retryFailCount"":0,""rejectedSamples"":0,""lastRejectReason"":""none"",""lastRejectChannel"":-1,""lastRejectOkFiniteCount"":0,""lastRejectStatus"":255,""lastRejectGain"":0,""lastRejectSaturated"":false},""recovery"":{""wifiReconnectCount"":0,""wifiReconnectFailCount"":0,""mqttReconnectCount"":0,""mqttConnectFailCount"":0,""lastMqttState"":0,""adsRecoveryCount"":0,""adsRecoveryFailCount"":0,""adsReadFailStreak"":0,""lastReason"":""none"",""lastRecoveryMs"":0,""bootRecoveryArmed"":false,""bootRecoveryDueMs"":0,""bootRecoveryReason"":""none"",""bootRecoveryNonAdsFailure"":false,""bootRecoveryRestartCount"":0},""nulling"":{""done"":false,""retryArmed"":false,""attemptCount"":0,""nextRetryMs"":0,""thresholdV"":9.999999747E-06,""minFinalV"":0},""telemetry"":{""valid"":true,""sampleMs"":6886258,""gasClass"":6,""gasName"":""CO2"",""confidence"":0,""alarm"":false,""sensorVoltage"":[0.12337245,0.004012074,0.004745301,-0.002571236,-0.009183859,-0.011447066,-0.019545637,-0.025454864],""sensorGain"":[16,64,64,64,64,64,64,64],""sensorStatus"":[0,0,0,0,0,0,0,0],""featureOrder"":[""MQ8"",""MQ135"",""MQ3"",""MQ5"",""MQ4"",""MQ7"",""MQ6"",""MQ2""]},""alarmLatched"":false}"
2026-08-04 11:15:51.025 +07:00,509.904,HOT_SWEEP_70,70,700,300,1,0,0.12325076,0.004013292,0.004808618,-0.002605868,-0.009399461,-0.011650583,-0.019933786,-0.025474165,"{""deviceId"":""1001"",""nodeId"":4097,""targetChId"":""0010"",""mode"":""inference"",""uptimeMs"":6887351,""debugEnabled"":true,""power"":{""mode"":""24v"",""externalPower"":true,""batteryMv"":65535,""batteryValid"":false,""batteryDetected"":false,""batterySenseStatus"":""not_detected"",""batteryLow"":false,""batteryCritical"":false,""sourceAmbiguous"":false,""serviceHoldActive"":false,""serviceHoldEffective"":false},""batterySession"":{""state"":""inactive"",""startedMs"":0,""stateStartedMs"":0,""validSampleBatches"":0,""requiredSampleBatches"":10,""alarmTxAttempts"":0,""alarmTxAttemptLimit"":3,""alarmAckReceived"":false,""pendingAlarm"":false,""pendingSaveRequired"":false,""persistenceFaultHold"":false,""completionReason"":""session_done""},""bootHealth"":{""adsReady"":true,""adsDrdyLevel"":0,""adsDrdyPulldownLevel"":0,""adsDrdyPullupLevel"":0,""adsMisoPulldownLevel"":0,""adsMisoPullupLevel"":1,""adsCsLevel"":1,""adsSyncLevel"":1,""adsStatus"":54,""adsMux"":15,""adsAdcon"":6,""adsDrate"":240,""adsReason"":""ok"",""tcaOk"":true,""mcpOkCount"":8,""mcpOk"":[true,true,true,true,true,true,true,true],""mcpAddrMask"":[1,1,1,1,1,1,1,1],""mcpControlTested"":true,""mcpControlOkCount"":8,""mcpControlOk"":[true,true,true,true,true,true,true,true],""dacReady"":true,""radioReady"":true,""mlReady"":true,""nullingProfileApplied"":true,""modelProfileReady"":false},""runtimeMcpCode"":[255,519,795,706,799,865,665,139],""model"":{""profileId"":""cnn-dualbranch-datasheet-v1-unbound"",""scalerProfileId"":""cnn-dualbranch-datasheet-v1-unbound"",""productionApproved"":true,""boundNullingProfileId"":8,""activeNullingProfileId"":9,""bindingValid"":true,""bindingModelMatches"":true,""profileReady"":false,""inferenceValid"":false,""sensorFault"":true},""lora"":{""beginState"":0,""lastTxState"":0,""lastTxOk"":false,""txSeq"":0,""txCounter"":0,""aesKeyProvisioned"":true,""aesKeyPresent"":true,""aesKeySource"":""nvs"",""keyId"":1,""lastDownlinkCommandId"":0,""freqMHz"":920,""bwKHz"":125,""sf"":7,""cr"":5,""syncWord"":18,""txPowerDbm"":17,""preamble"":8,""tcxoVoltage"":1.600000024,""xtalVoltage"":0},""dataset"":{""state"":""idle"",""step"":""idle"",""label"":"""",""seq"":0,""targetSamples"":0,""sampleIntervalMs"":500,""maxDurationMs"":0,""useFanIntake"":true,""fanOnMs"":1000,""postFanSettleMs"":0,""nullingProfileId"":9,""queuePending"":0,""queueCapacity"":16,""queueEnqueued"":0,""queueDropped"":0,""publishFailCount"":0,""retryCount"":0,""retryFailCount"":0,""rejectedSamples"":0,""lastRejectReason"":""none"",""lastRejectChannel"":-1,""lastRejectOkFiniteCount"":0,""lastRejectStatus"":255,""lastRejectGain"":0,""lastRejectSaturated"":false},""recovery"":{""wifiReconnectCount"":0,""wifiReconnectFailCount"":0,""mqttReconnectCount"":0,""mqttConnectFailCount"":0,""lastMqttState"":0,""adsRecoveryCount"":0,""adsRecoveryFailCount"":0,""adsReadFailStreak"":0,""lastReason"":""none"",""lastRecoveryMs"":0,""bootRecoveryArmed"":false,""bootRecoveryDueMs"":0,""bootRecoveryReason"":""none"",""bootRecoveryNonAdsFailure"":false,""bootRecoveryRestartCount"":0},""nulling"":{""done"":false,""retryArmed"":false,""attemptCount"":0,""nextRetryMs"":0,""thresholdV"":9.999999747E-06,""minFinalV"":0},""telemetry"":{""valid"":true,""sampleMs"":6886929,""gasClass"":6,""gasName"":""CO2"",""confidence"":0,""alarm"":false,""sensorVoltage"":[0.12325076,0.004013292,0.004808618,-0.002605868,-0.009399461,-0.011650583,-0.019933786,-0.025474165],""sensorGain"":[16,64,64,64,64,64,64,64],""sensorStatus"":[0,0,0,0,0,0,0,0],""featureOrder"":[""MQ8"",""MQ135"",""MQ3"",""MQ5"",""MQ4"",""MQ7"",""MQ6"",""MQ2""]},""alarmLatched"":false}"
2026-08-04 11:15:51.703 +07:00,510.584,HOT_SWEEP_70,70,700,300,1,0,0.122921884,0.00402977,0.00481962,-0.002595913,-0.009433122,-0.011623766,-0.019941056,-0.025426021,"{""deviceId"":""1001"",""nodeId"":4097,""targetChId"":""0010"",""mode"":""inference"",""uptimeMs"":6888032,""debugEnabled"":true,""power"":{""mode"":""24v"",""externalPower"":true,""batteryMv"":65535,""batteryValid"":false,""batteryDetected"":false,""batterySenseStatus"":""not_detected"",""batteryLow"":false,""batteryCritical"":false,""sourceAmbiguous"":false,""serviceHoldActive"":false,""serviceHoldEffective"":false},""batterySession"":{""state"":""inactive"",""startedMs"":0,""stateStartedMs"":0,""validSampleBatches"":0,""requiredSampleBatches"":10,""alarmTxAttempts"":0,""alarmTxAttemptLimit"":3,""alarmAckReceived"":false,""pendingAlarm"":false,""pendingSaveRequired"":false,""persistenceFaultHold"":false,""completionReason"":""session_done""},""bootHealth"":{""adsReady"":true,""adsDrdyLevel"":0,""adsDrdyPulldownLevel"":0,""adsDrdyPullupLevel"":0,""adsMisoPulldownLevel"":0,""adsMisoPullupLevel"":1,""adsCsLevel"":1,""adsSyncLevel"":1,""adsStatus"":54,""adsMux"":15,""adsAdcon"":6,""adsDrate"":240,""adsReason"":""ok"",""tcaOk"":true,""mcpOkCount"":8,""mcpOk"":[true,true,true,true,true,true,true,true],""mcpAddrMask"":[1,1,1,1,1,1,1,1],""mcpControlTested"":true,""mcpControlOkCount"":8,""mcpControlOk"":[true,true,true,true,true,true,true,true],""dacReady"":true,""radioReady"":true,""mlReady"":true,""nullingProfileApplied"":true,""modelProfileReady"":false},""runtimeMcpCode"":[255,519,795,706,799,865,665,139],""model"":{""profileId"":""cnn-dualbranch-datasheet-v1-unbound"",""scalerProfileId"":""cnn-dualbranch-datasheet-v1-unbound"",""productionApproved"":true,""boundNullingProfileId"":8,""activeNullingProfileId"":9,""bindingValid"":true,""bindingModelMatches"":true,""profileReady"":false,""inferenceValid"":false,""sensorFault"":true},""lora"":{""beginState"":0,""lastTxState"":0,""lastTxOk"":false,""txSeq"":0,""txCounter"":0,""aesKeyProvisioned"":true,""aesKeyPresent"":true,""aesKeySource"":""nvs"",""keyId"":1,""lastDownlinkCommandId"":0,""freqMHz"":920,""bwKHz"":125,""sf"":7,""cr"":5,""syncWord"":18,""txPowerDbm"":17,""preamble"":8,""tcxoVoltage"":1.600000024,""xtalVoltage"":0},""dataset"":{""state"":""idle"",""step"":""idle"",""label"":"""",""seq"":0,""targetSamples"":0,""sampleIntervalMs"":500,""maxDurationMs"":0,""useFanIntake"":true,""fanOnMs"":1000,""postFanSettleMs"":0,""nullingProfileId"":9,""queuePending"":0,""queueCapacity"":16,""queueEnqueued"":0,""queueDropped"":0,""publishFailCount"":0,""retryCount"":0,""retryFailCount"":0,""rejectedSamples"":0,""lastRejectReason"":""none"",""lastRejectChannel"":-1,""lastRejectOkFiniteCount"":0,""lastRejectStatus"":255,""lastRejectGain"":0,""lastRejectSaturated"":false},""recovery"":{""wifiReconnectCount"":0,""wifiReconnectFailCount"":0,""mqttReconnectCount"":0,""mqttConnectFailCount"":0,""lastMqttState"":0,""adsRecoveryCount"":0,""adsRecoveryFailCount"":0,""adsReadFailStreak"":0,""lastReason"":""none"",""lastRecoveryMs"":0,""bootRecoveryArmed"":false,""bootRecoveryDueMs"":0,""bootRecoveryReason"":""none"",""bootRecoveryNonAdsFailure"":false,""bootRecoveryRestartCount"":0},""nulling"":{""done"":false,""retryArmed"":false,""attemptCount"":0,""nextRetryMs"":0,""thresholdV"":9.999999747E-06,""minFinalV"":0},""telemetry"":{""valid"":true,""sampleMs"":6887629,""gasClass"":6,""gasName"":""CO2"",""confidence"":0,""alarm"":false,""sensorVoltage"":[0.122921884,0.00402977,0.00481962,-0.002595913,-0.009433122,-0.011623766,-0.019941056,-0.025426021],""sensorGain"":[16,64,64,64,64,64,64,64],""sensorStatus"":[0,0,0,0,0,0,0,0],""featureOrder"":[""MQ8"",""MQ135"",""MQ3"",""MQ5"",""MQ4"",""MQ7"",""MQ6"",""MQ2""]},""alarmLatched"":false}"
2026-08-04 11:15:52.405 +07:00,511.286,HOT_SWEEP_70,70,700,300,1,0,0.124150157,0.004003994,0.004932064,-0.002603604,-0.008686119,-0.011562804,-0.019910138,-0.025462663,"{""deviceId"":""1001"",""nodeId"":4097,""targetChId"":""0010"",""mode"":""inference"",""uptimeMs"":6888732,""debugEnabled"":true,""power"":{""mode"":""24v"",""externalPower"":true,""batteryMv"":65535,""batteryValid"":false,""batteryDetected"":false,""batterySenseStatus"":""not_detected"",""batteryLow"":false,""batteryCritical"":false,""sourceAmbiguous"":false,""serviceHoldActive"":false,""serviceHoldEffective"":false},""batterySession"":{""state"":""inactive"",""startedMs"":0,""stateStartedMs"":0,""validSampleBatches"":0,""requiredSampleBatches"":10,""alarmTxAttempts"":0,""alarmTxAttemptLimit"":3,""alarmAckReceived"":false,""pendingAlarm"":false,""pendingSaveRequired"":false,""persistenceFaultHold"":false,""completionReason"":""session_done""},""bootHealth"":{""adsReady"":true,""adsDrdyLevel"":0,""adsDrdyPulldownLevel"":0,""adsDrdyPullupLevel"":0,""adsMisoPulldownLevel"":0,""adsMisoPullupLevel"":1,""adsCsLevel"":1,""adsSyncLevel"":1,""adsStatus"":54,""adsMux"":15,""adsAdcon"":6,""adsDrate"":240,""adsReason"":""ok"",""tcaOk"":true,""mcpOkCount"":8,""mcpOk"":[true,true,true,true,true,true,true,true],""mcpAddrMask"":[1,1,1,1,1,1,1,1],""mcpControlTested"":true,""mcpControlOkCount"":8,""mcpControlOk"":[true,true,true,true,true,true,true,true],""dacReady"":true,""radioReady"":true,""mlReady"":true,""nullingProfileApplied"":true,""modelProfileReady"":false},""runtimeMcpCode"":[255,519,795,706,799,865,665,139],""model"":{""profileId"":""cnn-dualbranch-datasheet-v1-unbound"",""scalerProfileId"":""cnn-dualbranch-datasheet-v1-unbound"",""productionApproved"":true,""boundNullingProfileId"":8,""activeNullingProfileId"":9,""bindingValid"":true,""bindingModelMatches"":true,""profileReady"":false,""inferenceValid"":false,""sensorFault"":true},""lora"":{""beginState"":0,""lastTxState"":0,""lastTxOk"":false,""txSeq"":0,""txCounter"":0,""aesKeyProvisioned"":true,""aesKeyPresent"":true,""aesKeySource"":""nvs"",""keyId"":1,""lastDownlinkCommandId"":0,""freqMHz"":920,""bwKHz"":125,""sf"":7,""cr"":5,""syncWord"":18,""txPowerDbm"":17,""preamble"":8,""tcxoVoltage"":1.600000024,""xtalVoltage"":0},""dataset"":{""state"":""idle"",""step"":""idle"",""label"":"""",""seq"":0,""targetSamples"":0,""sampleIntervalMs"":500,""maxDurationMs"":0,""useFanIntake"":true,""fanOnMs"":1000,""postFanSettleMs"":0,""nullingProfileId"":9,""queuePending"":0,""queueCapacity"":16,""queueEnqueued"":0,""queueDropped"":0,""publishFailCount"":0,""retryCount"":0,""retryFailCount"":0,""rejectedSamples"":0,""lastRejectReason"":""none"",""lastRejectChannel"":-1,""lastRejectOkFiniteCount"":0,""lastRejectStatus"":255,""lastRejectGain"":0,""lastRejectSaturated"":false},""recovery"":{""wifiReconnectCount"":0,""wifiReconnectFailCount"":0,""mqttReconnectCount"":0,""mqttConnectFailCount"":0,""lastMqttState"":0,""adsRecoveryCount"":0,""adsRecoveryFailCount"":0,""adsReadFailStreak"":0,""lastReason"":""none"",""lastRecoveryMs"":0,""bootRecoveryArmed"":false,""bootRecoveryDueMs"":0,""bootRecoveryReason"":""none"",""bootRecoveryNonAdsFailure"":false,""bootRecoveryRestartCount"":0},""nulling"":{""done"":false,""retryArmed"":false,""attemptCount"":0,""nextRetryMs"":0,""thresholdV"":9.999999747E-06,""minFinalV"":0},""telemetry"":{""valid"":true,""sampleMs"":6888342,""gasClass"":6,""gasName"":""CO2"",""confidence"":0,""alarm"":false,""sensorVoltage"":[0.124150157,0.004003994,0.004932064,-0.002603604,-0.008686119,-0.011562804,-0.019910138,-0.025462663],""sensorGain"":[16,64,64,64,64,64,64,64],""sensorStatus"":[0,0,0,0,0,0,0,0],""featureOrder"":[""MQ8"",""MQ135"",""MQ3"",""MQ5"",""MQ4"",""MQ7"",""MQ6"",""MQ2""]},""alarmLatched"":false}"
2026-08-04 11:15:53.090 +07:00,511.969,HOT_SWEEP_70,70,700,300,1,0,0.123746157,0.004016629,0.004987119,-0.002623297,-0.008548669,-0.011516683,-0.019883806,-0.025472593,"{""deviceId"":""1001"",""nodeId"":4097,""targetChId"":""0010"",""mode"":""inference"",""uptimeMs"":6889415,""debugEnabled"":true,""power"":{""mode"":""24v"",""externalPower"":true,""batteryMv"":65535,""batteryValid"":false,""batteryDetected"":false,""batterySenseStatus"":""not_detected"",""batteryLow"":false,""batteryCritical"":false,""sourceAmbiguous"":false,""serviceHoldActive"":false,""serviceHoldEffective"":false},""batterySession"":{""state"":""inactive"",""startedMs"":0,""stateStartedMs"":0,""validSampleBatches"":0,""requiredSampleBatches"":10,""alarmTxAttempts"":0,""alarmTxAttemptLimit"":3,""alarmAckReceived"":false,""pendingAlarm"":false,""pendingSaveRequired"":false,""persistenceFaultHold"":false,""completionReason"":""session_done""},""bootHealth"":{""adsReady"":true,""adsDrdyLevel"":0,""adsDrdyPulldownLevel"":0,""adsDrdyPullupLevel"":0,""adsMisoPulldownLevel"":0,""adsMisoPullupLevel"":1,""adsCsLevel"":1,""adsSyncLevel"":1,""adsStatus"":54,""adsMux"":15,""adsAdcon"":6,""adsDrate"":240,""adsReason"":""ok"",""tcaOk"":true,""mcpOkCount"":8,""mcpOk"":[true,true,true,true,true,true,true,true],""mcpAddrMask"":[1,1,1,1,1,1,1,1],""mcpControlTested"":true,""mcpControlOkCount"":8,""mcpControlOk"":[true,true,true,true,true,true,true,true],""dacReady"":true,""radioReady"":true,""mlReady"":true,""nullingProfileApplied"":true,""modelProfileReady"":false},""runtimeMcpCode"":[255,519,795,706,799,865,665,139],""model"":{""profileId"":""cnn-dualbranch-datasheet-v1-unbound"",""scalerProfileId"":""cnn-dualbranch-datasheet-v1-unbound"",""productionApproved"":true,""boundNullingProfileId"":8,""activeNullingProfileId"":9,""bindingValid"":true,""bindingModelMatches"":true,""profileReady"":false,""inferenceValid"":false,""sensorFault"":true},""lora"":{""beginState"":0,""lastTxState"":0,""lastTxOk"":false,""txSeq"":0,""txCounter"":0,""aesKeyProvisioned"":true,""aesKeyPresent"":true,""aesKeySource"":""nvs"",""keyId"":1,""lastDownlinkCommandId"":0,""freqMHz"":920,""bwKHz"":125,""sf"":7,""cr"":5,""syncWord"":18,""txPowerDbm"":17,""preamble"":8,""tcxoVoltage"":1.600000024,""xtalVoltage"":0},""dataset"":{""state"":""idle"",""step"":""idle"",""label"":"""",""seq"":0,""targetSamples"":0,""sampleIntervalMs"":500,""maxDurationMs"":0,""useFanIntake"":true,""fanOnMs"":1000,""postFanSettleMs"":0,""nullingProfileId"":9,""queuePending"":0,""queueCapacity"":16,""queueEnqueued"":0,""queueDropped"":0,""publishFailCount"":0,""retryCount"":0,""retryFailCount"":0,""rejectedSamples"":0,""lastRejectReason"":""none"",""lastRejectChannel"":-1,""lastRejectOkFiniteCount"":0,""lastRejectStatus"":255,""lastRejectGain"":0,""lastRejectSaturated"":false},""recovery"":{""wifiReconnectCount"":0,""wifiReconnectFailCount"":0,""mqttReconnectCount"":0,""mqttConnectFailCount"":0,""lastMqttState"":0,""adsRecoveryCount"":0,""adsRecoveryFailCount"":0,""adsReadFailStreak"":0,""lastReason"":""none"",""lastRecoveryMs"":0,""bootRecoveryArmed"":false,""bootRecoveryDueMs"":0,""bootRecoveryReason"":""none"",""bootRecoveryNonAdsFailure"":false,""bootRecoveryRestartCount"":0},""nulling"":{""done"":false,""retryArmed"":false,""attemptCount"":0,""nextRetryMs"":0,""thresholdV"":9.999999747E-06,""minFinalV"":0},""telemetry"":{""valid"":true,""sampleMs"":6889010,""gasClass"":6,""gasName"":""CO2"",""confidence"":0,""alarm"":false,""sensorVoltage"":[0.123746157,0.004016629,0.004987119,-0.002623297,-0.008548669,-0.011516683,-0.019883806,-0.025472593],""sensorGain"":[16,64,64,64,64,64,64,64],""sensorStatus"":[0,0,0,0,0,0,0,0],""featureOrder"":[""MQ8"",""MQ135"",""MQ3"",""MQ5"",""MQ4"",""MQ7"",""MQ6"",""MQ2""]},""alarmLatched"":false}"
2026-08-04 11:15:53.783 +07:00,512.659,HOT_SWEEP_70,70,700,300,1,0,0.123468481,0.004016561,0.004976758,-0.002660715,-0.008420249,-0.011494806,-0.019824177,-0.025452087,"{""deviceId"":""1001"",""nodeId"":4097,""targetChId"":""0010"",""mode"":""inference"",""uptimeMs"":6890108,""debugEnabled"":true,""power"":{""mode"":""24v"",""externalPower"":true,""batteryMv"":65535,""batteryValid"":false,""batteryDetected"":false,""batterySenseStatus"":""not_detected"",""batteryLow"":false,""batteryCritical"":false,""sourceAmbiguous"":false,""serviceHoldActive"":false,""serviceHoldEffective"":false},""batterySession"":{""state"":""inactive"",""startedMs"":0,""stateStartedMs"":0,""validSampleBatches"":0,""requiredSampleBatches"":10,""alarmTxAttempts"":0,""alarmTxAttemptLimit"":3,""alarmAckReceived"":false,""pendingAlarm"":false,""pendingSaveRequired"":false,""persistenceFaultHold"":false,""completionReason"":""session_done""},""bootHealth"":{""adsReady"":true,""adsDrdyLevel"":0,""adsDrdyPulldownLevel"":0,""adsDrdyPullupLevel"":0,""adsMisoPulldownLevel"":0,""adsMisoPullupLevel"":1,""adsCsLevel"":1,""adsSyncLevel"":1,""adsStatus"":54,""adsMux"":15,""adsAdcon"":6,""adsDrate"":240,""adsReason"":""ok"",""tcaOk"":true,""mcpOkCount"":8,""mcpOk"":[true,true,true,true,true,true,true,true],""mcpAddrMask"":[1,1,1,1,1,1,1,1],""mcpControlTested"":true,""mcpControlOkCount"":8,""mcpControlOk"":[true,true,true,true,true,true,true,true],""dacReady"":true,""radioReady"":true,""mlReady"":true,""nullingProfileApplied"":true,""modelProfileReady"":false},""runtimeMcpCode"":[255,519,795,706,799,865,665,139],""model"":{""profileId"":""cnn-dualbranch-datasheet-v1-unbound"",""scalerProfileId"":""cnn-dualbranch-datasheet-v1-unbound"",""productionApproved"":true,""boundNullingProfileId"":8,""activeNullingProfileId"":9,""bindingValid"":true,""bindingModelMatches"":true,""profileReady"":false,""inferenceValid"":false,""sensorFault"":true},""lora"":{""beginState"":0,""lastTxState"":0,""lastTxOk"":false,""txSeq"":0,""txCounter"":0,""aesKeyProvisioned"":true,""aesKeyPresent"":true,""aesKeySource"":""nvs"",""keyId"":1,""lastDownlinkCommandId"":0,""freqMHz"":920,""bwKHz"":125,""sf"":7,""cr"":5,""syncWord"":18,""txPowerDbm"":17,""preamble"":8,""tcxoVoltage"":1.600000024,""xtalVoltage"":0},""dataset"":{""state"":""idle"",""step"":""idle"",""label"":"""",""seq"":0,""targetSamples"":0,""sampleIntervalMs"":500,""maxDurationMs"":0,""useFanIntake"":true,""fanOnMs"":1000,""postFanSettleMs"":0,""nullingProfileId"":9,""queuePending"":0,""queueCapacity"":16,""queueEnqueued"":0,""queueDropped"":0,""publishFailCount"":0,""retryCount"":0,""retryFailCount"":0,""rejectedSamples"":0,""lastRejectReason"":""none"",""lastRejectChannel"":-1,""lastRejectOkFiniteCount"":0,""lastRejectStatus"":255,""lastRejectGain"":0,""lastRejectSaturated"":false},""recovery"":{""wifiReconnectCount"":0,""wifiReconnectFailCount"":0,""mqttReconnectCount"":0,""mqttConnectFailCount"":0,""lastMqttState"":0,""adsRecoveryCount"":0,""adsRecoveryFailCount"":0,""adsReadFailStreak"":0,""lastReason"":""none"",""lastRecoveryMs"":0,""bootRecoveryArmed"":false,""bootRecoveryDueMs"":0,""bootRecoveryReason"":""none"",""bootRecoveryNonAdsFailure"":false,""bootRecoveryRestartCount"":0},""nulling"":{""done"":false,""retryArmed"":false,""attemptCount"":0,""nextRetryMs"":0,""thresholdV"":9.999999747E-06,""minFinalV"":0},""telemetry"":{""valid"":true,""sampleMs"":6889693,""gasClass"":6,""gasName"":""CO2"",""confidence"":0,""alarm"":false,""sensorVoltage"":[0.123468481,0.004016561,0.004976758,-0.002660715,-0.008420249,-0.011494806,-0.019824177,-0.025452087],""sensorGain"":[16,64,64,64,64,64,64,64],""sensorStatus"":[0,0,0,0,0,0,0,0],""featureOrder"":[""MQ8"",""MQ135"",""MQ3"",""MQ5"",""MQ4"",""MQ7"",""MQ6"",""MQ2""]},""alarmLatched"":false}"
2026-08-04 11:15:54.467 +07:00,513.348,HOT_SWEEP_70,70,700,300,1,0,0.123876669,0.004026294,0.004972963,-0.002637055,-0.008418905,-0.011506403,-0.019889774,-0.025413861,"{""deviceId"":""1001"",""nodeId"":4097,""targetChId"":""0010"",""mode"":""inference"",""uptimeMs"":6890798,""debugEnabled"":true,""power"":{""mode"":""24v"",""externalPower"":true,""batteryMv"":65535,""batteryValid"":false,""batteryDetected"":false,""batterySenseStatus"":""not_detected"",""batteryLow"":false,""batteryCritical"":false,""sourceAmbiguous"":false,""serviceHoldActive"":false,""serviceHoldEffective"":false},""batterySession"":{""state"":""inactive"",""startedMs"":0,""stateStartedMs"":0,""validSampleBatches"":0,""requiredSampleBatches"":10,""alarmTxAttempts"":0,""alarmTxAttemptLimit"":3,""alarmAckReceived"":false,""pendingAlarm"":false,""pendingSaveRequired"":false,""persistenceFaultHold"":false,""completionReason"":""session_done""},""bootHealth"":{""adsReady"":true,""adsDrdyLevel"":0,""adsDrdyPulldownLevel"":0,""adsDrdyPullupLevel"":0,""adsMisoPulldownLevel"":0,""adsMisoPullupLevel"":1,""adsCsLevel"":1,""adsSyncLevel"":1,""adsStatus"":54,""adsMux"":15,""adsAdcon"":6,""adsDrate"":240,""adsReason"":""ok"",""tcaOk"":true,""mcpOkCount"":8,""mcpOk"":[true,true,true,true,true,true,true,true],""mcpAddrMask"":[1,1,1,1,1,1,1,1],""mcpControlTested"":true,""mcpControlOkCount"":8,""mcpControlOk"":[true,true,true,true,true,true,true,true],""dacReady"":true,""radioReady"":true,""mlReady"":true,""nullingProfileApplied"":true,""modelProfileReady"":false},""runtimeMcpCode"":[255,519,795,706,799,865,665,139],""model"":{""profileId"":""cnn-dualbranch-datasheet-v1-unbound"",""scalerProfileId"":""cnn-dualbranch-datasheet-v1-unbound"",""productionApproved"":true,""boundNullingProfileId"":8,""activeNullingProfileId"":9,""bindingValid"":true,""bindingModelMatches"":true,""profileReady"":false,""inferenceValid"":false,""sensorFault"":true},""lora"":{""beginState"":0,""lastTxState"":0,""lastTxOk"":false,""txSeq"":0,""txCounter"":0,""aesKeyProvisioned"":true,""aesKeyPresent"":true,""aesKeySource"":""nvs"",""keyId"":1,""lastDownlinkCommandId"":0,""freqMHz"":920,""bwKHz"":125,""sf"":7,""cr"":5,""syncWord"":18,""txPowerDbm"":17,""preamble"":8,""tcxoVoltage"":1.600000024,""xtalVoltage"":0},""dataset"":{""state"":""idle"",""step"":""idle"",""label"":"""",""seq"":0,""targetSamples"":0,""sampleIntervalMs"":500,""maxDurationMs"":0,""useFanIntake"":true,""fanOnMs"":1000,""postFanSettleMs"":0,""nullingProfileId"":9,""queuePending"":0,""queueCapacity"":16,""queueEnqueued"":0,""queueDropped"":0,""publishFailCount"":0,""retryCount"":0,""retryFailCount"":0,""rejectedSamples"":0,""lastRejectReason"":""none"",""lastRejectChannel"":-1,""lastRejectOkFiniteCount"":0,""lastRejectStatus"":255,""lastRejectGain"":0,""lastRejectSaturated"":false},""recovery"":{""wifiReconnectCount"":0,""wifiReconnectFailCount"":0,""mqttReconnectCount"":0,""mqttConnectFailCount"":0,""lastMqttState"":0,""adsRecoveryCount"":0,""adsRecoveryFailCount"":0,""adsReadFailStreak"":0,""lastReason"":""none"",""lastRecoveryMs"":0,""bootRecoveryArmed"":false,""bootRecoveryDueMs"":0,""bootRecoveryReason"":""none"",""bootRecoveryNonAdsFailure"":false,""bootRecoveryRestartCount"":0},""nulling"":{""done"":false,""retryArmed"":false,""attemptCount"":0,""nextRetryMs"":0,""thresholdV"":9.999999747E-06,""minFinalV"":0},""telemetry"":{""valid"":true,""sampleMs"":6890418,""gasClass"":6,""gasName"":""CO2"",""confidence"":0,""alarm"":false,""sensorVoltage"":[0.123876669,0.004026294,0.004972963,-0.002637055,-0.008418905,-0.011506403,-0.019889774,-0.025413861],""sensorGain"":[16,64,64,64,64,64,64,64],""sensorStatus"":[0,0,0,0,0,0,0,0],""featureOrder"":[""MQ8"",""MQ135"",""MQ3"",""MQ5"",""MQ4"",""MQ7"",""MQ6"",""MQ2""]},""alarmLatched"":false}"
2026-08-04 11:15:55.163 +07:00,514.044,HOT_SWEEP_70,70,700,300,1,0,0.123743936,0.00403233,0.004985762,-0.002640649,-0.008388152,-0.011545524,-0.019928783,-0.02542429,"{""deviceId"":""1001"",""nodeId"":4097,""targetChId"":""0010"",""mode"":""inference"",""uptimeMs"":6891497,""debugEnabled"":true,""power"":{""mode"":""24v"",""externalPower"":true,""batteryMv"":65535,""batteryValid"":false,""batteryDetected"":false,""batterySenseStatus"":""not_detected"",""batteryLow"":false,""batteryCritical"":false,""sourceAmbiguous"":false,""serviceHoldActive"":false,""serviceHoldEffective"":false},""batterySession"":{""state"":""inactive"",""startedMs"":0,""stateStartedMs"":0,""validSampleBatches"":0,""requiredSampleBatches"":10,""alarmTxAttempts"":0,""alarmTxAttemptLimit"":3,""alarmAckReceived"":false,""pendingAlarm"":false,""pendingSaveRequired"":false,""persistenceFaultHold"":false,""completionReason"":""session_done""},""bootHealth"":{""adsReady"":true,""adsDrdyLevel"":0,""adsDrdyPulldownLevel"":0,""adsDrdyPullupLevel"":0,""adsMisoPulldownLevel"":0,""adsMisoPullupLevel"":1,""adsCsLevel"":1,""adsSyncLevel"":1,""adsStatus"":54,""adsMux"":15,""adsAdcon"":6,""adsDrate"":240,""adsReason"":""ok"",""tcaOk"":true,""mcpOkCount"":8,""mcpOk"":[true,true,true,true,true,true,true,true],""mcpAddrMask"":[1,1,1,1,1,1,1,1],""mcpControlTested"":true,""mcpControlOkCount"":8,""mcpControlOk"":[true,true,true,true,true,true,true,true],""dacReady"":true,""radioReady"":true,""mlReady"":true,""nullingProfileApplied"":true,""modelProfileReady"":false},""runtimeMcpCode"":[255,519,795,706,799,865,665,139],""model"":{""profileId"":""cnn-dualbranch-datasheet-v1-unbound"",""scalerProfileId"":""cnn-dualbranch-datasheet-v1-unbound"",""productionApproved"":true,""boundNullingProfileId"":8,""activeNullingProfileId"":9,""bindingValid"":true,""bindingModelMatches"":true,""profileReady"":false,""inferenceValid"":false,""sensorFault"":true},""lora"":{""beginState"":0,""lastTxState"":0,""lastTxOk"":false,""txSeq"":0,""txCounter"":0,""aesKeyProvisioned"":true,""aesKeyPresent"":true,""aesKeySource"":""nvs"",""keyId"":1,""lastDownlinkCommandId"":0,""freqMHz"":920,""bwKHz"":125,""sf"":7,""cr"":5,""syncWord"":18,""txPowerDbm"":17,""preamble"":8,""tcxoVoltage"":1.600000024,""xtalVoltage"":0},""dataset"":{""state"":""idle"",""step"":""idle"",""label"":"""",""seq"":0,""targetSamples"":0,""sampleIntervalMs"":500,""maxDurationMs"":0,""useFanIntake"":true,""fanOnMs"":1000,""postFanSettleMs"":0,""nullingProfileId"":9,""queuePending"":0,""queueCapacity"":16,""queueEnqueued"":0,""queueDropped"":0,""publishFailCount"":0,""retryCount"":0,""retryFailCount"":0,""rejectedSamples"":0,""lastRejectReason"":""none"",""lastRejectChannel"":-1,""lastRejectOkFiniteCount"":0,""lastRejectStatus"":255,""lastRejectGain"":0,""lastRejectSaturated"":false},""recovery"":{""wifiReconnectCount"":0,""wifiReconnectFailCount"":0,""mqttReconnectCount"":0,""mqttConnectFailCount"":0,""lastMqttState"":0,""adsRecoveryCount"":0,""adsRecoveryFailCount"":0,""adsReadFailStreak"":0,""lastReason"":""none"",""lastRecoveryMs"":0,""bootRecoveryArmed"":false,""bootRecoveryDueMs"":0,""bootRecoveryReason"":""none"",""bootRecoveryNonAdsFailure"":false,""bootRecoveryRestartCount"":0},""nulling"":{""done"":false,""retryArmed"":false,""attemptCount"":0,""nextRetryMs"":0,""thresholdV"":9.999999747E-06,""minFinalV"":0},""telemetry"":{""valid"":true,""sampleMs"":6891076,""gasClass"":6,""gasName"":""CO2"",""confidence"":0,""alarm"":false,""sensorVoltage"":[0.123743936,0.00403233,0.004985762,-0.002640649,-0.008388152,-0.011545524,-0.019928783,-0.02542429],""sensorGain"":[16,64,64,64,64,64,64,64],""sensorStatus"":[0,0,0,0,0,0,0,0],""featureOrder"":[""MQ8"",""MQ135"",""MQ3"",""MQ5"",""MQ4"",""MQ7"",""MQ6"",""MQ2""]},""alarmLatched"":false}"
2026-08-04 11:15:55.848 +07:00,514.729,HOT_SWEEP_70,70,700,300,1,0,0.123625159,0.004038699,0.004985055,-0.002648731,-0.008307645,-0.011549735,-0.019818399,-0.025406087,"{""deviceId"":""1001"",""nodeId"":4097,""targetChId"":""0010"",""mode"":""inference"",""uptimeMs"":6892181,""debugEnabled"":true,""power"":{""mode"":""24v"",""externalPower"":true,""batteryMv"":65535,""batteryValid"":false,""batteryDetected"":false,""batterySenseStatus"":""not_detected"",""batteryLow"":false,""batteryCritical"":false,""sourceAmbiguous"":false,""serviceHoldActive"":false,""serviceHoldEffective"":false},""batterySession"":{""state"":""inactive"",""startedMs"":0,""stateStartedMs"":0,""validSampleBatches"":0,""requiredSampleBatches"":10,""alarmTxAttempts"":0,""alarmTxAttemptLimit"":3,""alarmAckReceived"":false,""pendingAlarm"":false,""pendingSaveRequired"":false,""persistenceFaultHold"":false,""completionReason"":""session_done""},""bootHealth"":{""adsReady"":true,""adsDrdyLevel"":0,""adsDrdyPulldownLevel"":0,""adsDrdyPullupLevel"":0,""adsMisoPulldownLevel"":0,""adsMisoPullupLevel"":1,""adsCsLevel"":1,""adsSyncLevel"":1,""adsStatus"":54,""adsMux"":15,""adsAdcon"":6,""adsDrate"":240,""adsReason"":""ok"",""tcaOk"":true,""mcpOkCount"":8,""mcpOk"":[true,true,true,true,true,true,true,true],""mcpAddrMask"":[1,1,1,1,1,1,1,1],""mcpControlTested"":true,""mcpControlOkCount"":8,""mcpControlOk"":[true,true,true,true,true,true,true,true],""dacReady"":true,""radioReady"":true,""mlReady"":true,""nullingProfileApplied"":true,""modelProfileReady"":false},""runtimeMcpCode"":[255,519,795,706,799,865,665,139],""model"":{""profileId"":""cnn-dualbranch-datasheet-v1-unbound"",""scalerProfileId"":""cnn-dualbranch-datasheet-v1-unbound"",""productionApproved"":true,""boundNullingProfileId"":8,""activeNullingProfileId"":9,""bindingValid"":true,""bindingModelMatches"":true,""profileReady"":false,""inferenceValid"":false,""sensorFault"":true},""lora"":{""beginState"":0,""lastTxState"":0,""lastTxOk"":false,""txSeq"":0,""txCounter"":0,""aesKeyProvisioned"":true,""aesKeyPresent"":true,""aesKeySource"":""nvs"",""keyId"":1,""lastDownlinkCommandId"":0,""freqMHz"":920,""bwKHz"":125,""sf"":7,""cr"":5,""syncWord"":18,""txPowerDbm"":17,""preamble"":8,""tcxoVoltage"":1.600000024,""xtalVoltage"":0},""dataset"":{""state"":""idle"",""step"":""idle"",""label"":"""",""seq"":0,""targetSamples"":0,""sampleIntervalMs"":500,""maxDurationMs"":0,""useFanIntake"":true,""fanOnMs"":1000,""postFanSettleMs"":0,""nullingProfileId"":9,""queuePending"":0,""queueCapacity"":16,""queueEnqueued"":0,""queueDropped"":0,""publishFailCount"":0,""retryCount"":0,""retryFailCount"":0,""rejectedSamples"":0,""lastRejectReason"":""none"",""lastRejectChannel"":-1,""lastRejectOkFiniteCount"":0,""lastRejectStatus"":255,""lastRejectGain"":0,""lastRejectSaturated"":false},""recovery"":{""wifiReconnectCount"":0,""wifiReconnectFailCount"":0,""mqttReconnectCount"":0,""mqttConnectFailCount"":0,""lastMqttState"":0,""adsRecoveryCount"":0,""adsRecoveryFailCount"":0,""adsReadFailStreak"":0,""lastReason"":""none"",""lastRecoveryMs"":0,""bootRecoveryArmed"":false,""bootRecoveryDueMs"":0,""bootRecoveryReason"":""none"",""bootRecoveryNonAdsFailure"":false,""bootRecoveryRestartCount"":0},""nulling"":{""done"":false,""retryArmed"":false,""attemptCount"":0,""nextRetryMs"":0,""thresholdV"":9.999999747E-06,""minFinalV"":0},""telemetry"":{""valid"":true,""sampleMs"":6891775,""gasClass"":6,""gasName"":""CO2"",""confidence"":0,""alarm"":false,""sensorVoltage"":[0.123625159,0.004038699,0.004985055,-0.002648731,-0.008307645,-0.011549735,-0.019818399,-0.025406087],""sensorGain"":[16,64,64,64,64,64,64,64],""sensorStatus"":[0,0,0,0,0,0,0,0],""featureOrder"":[""MQ8"",""MQ135"",""MQ3"",""MQ5"",""MQ4"",""MQ7"",""MQ6"",""MQ2""]},""alarmLatched"":false}"
2026-08-04 11:15:56.540 +07:00,515.414,HOT_SWEEP_70,70,700,300,1,0,0.123611793,0.004006667,0.004982811,-0.002670265,-0.00830252,-0.011562473,-0.019840423,-0.025419045,"{""deviceId"":""1001"",""nodeId"":4097,""targetChId"":""0010"",""mode"":""inference"",""uptimeMs"":6892866,""debugEnabled"":true,""power"":{""mode"":""24v"",""externalPower"":true,""batteryMv"":65535,""batteryValid"":false,""batteryDetected"":false,""batterySenseStatus"":""not_detected"",""batteryLow"":false,""batteryCritical"":false,""sourceAmbiguous"":false,""serviceHoldActive"":false,""serviceHoldEffective"":false},""batterySession"":{""state"":""inactive"",""startedMs"":0,""stateStartedMs"":0,""validSampleBatches"":0,""requiredSampleBatches"":10,""alarmTxAttempts"":0,""alarmTxAttemptLimit"":3,""alarmAckReceived"":false,""pendingAlarm"":false,""pendingSaveRequired"":false,""persistenceFaultHold"":false,""completionReason"":""session_done""},""bootHealth"":{""adsReady"":true,""adsDrdyLevel"":0,""adsDrdyPulldownLevel"":0,""adsDrdyPullupLevel"":0,""adsMisoPulldownLevel"":0,""adsMisoPullupLevel"":1,""adsCsLevel"":1,""adsSyncLevel"":1,""adsStatus"":54,""adsMux"":15,""adsAdcon"":6,""adsDrate"":240,""adsReason"":""ok"",""tcaOk"":true,""mcpOkCount"":8,""mcpOk"":[true,true,true,true,true,true,true,true],""mcpAddrMask"":[1,1,1,1,1,1,1,1],""mcpControlTested"":true,""mcpControlOkCount"":8,""mcpControlOk"":[true,true,true,true,true,true,true,true],""dacReady"":true,""radioReady"":true,""mlReady"":true,""nullingProfileApplied"":true,""modelProfileReady"":false},""runtimeMcpCode"":[255,519,795,706,799,865,665,139],""model"":{""profileId"":""cnn-dualbranch-datasheet-v1-unbound"",""scalerProfileId"":""cnn-dualbranch-datasheet-v1-unbound"",""productionApproved"":true,""boundNullingProfileId"":8,""activeNullingProfileId"":9,""bindingValid"":true,""bindingModelMatches"":true,""profileReady"":false,""inferenceValid"":false,""sensorFault"":true},""lora"":{""beginState"":0,""lastTxState"":0,""lastTxOk"":false,""txSeq"":0,""txCounter"":0,""aesKeyProvisioned"":true,""aesKeyPresent"":true,""aesKeySource"":""nvs"",""keyId"":1,""lastDownlinkCommandId"":0,""freqMHz"":920,""bwKHz"":125,""sf"":7,""cr"":5,""syncWord"":18,""txPowerDbm"":17,""preamble"":8,""tcxoVoltage"":1.600000024,""xtalVoltage"":0},""dataset"":{""state"":""idle"",""step"":""idle"",""label"":"""",""seq"":0,""targetSamples"":0,""sampleIntervalMs"":500,""maxDurationMs"":0,""useFanIntake"":true,""fanOnMs"":1000,""postFanSettleMs"":0,""nullingProfileId"":9,""queuePending"":0,""queueCapacity"":16,""queueEnqueued"":0,""queueDropped"":0,""publishFailCount"":0,""retryCount"":0,""retryFailCount"":0,""rejectedSamples"":0,""lastRejectReason"":""none"",""lastRejectChannel"":-1,""lastRejectOkFiniteCount"":0,""lastRejectStatus"":255,""lastRejectGain"":0,""lastRejectSaturated"":false},""recovery"":{""wifiReconnectCount"":0,""wifiReconnectFailCount"":0,""mqttReconnectCount"":0,""mqttConnectFailCount"":0,""lastMqttState"":0,""adsRecoveryCount"":0,""adsRecoveryFailCount"":0,""adsReadFailStreak"":0,""lastReason"":""none"",""lastRecoveryMs"":0,""bootRecoveryArmed"":false,""bootRecoveryDueMs"":0,""bootRecoveryReason"":""none"",""bootRecoveryNonAdsFailure"":false,""bootRecoveryRestartCount"":0},""nulling"":{""done"":false,""retryArmed"":false,""attemptCount"":0,""nextRetryMs"":0,""thresholdV"":9.999999747E-06,""minFinalV"":0},""telemetry"":{""valid"":true,""sampleMs"":6892491,""gasClass"":6,""gasName"":""CO2"",""confidence"":0,""alarm"":false,""sensorVoltage"":[0.123611793,0.004006667,0.004982811,-0.002670265,-0.00830252,-0.011562473,-0.019840423,-0.025419045],""sensorGain"":[16,64,64,64,64,64,64,64],""sensorStatus"":[0,0,0,0,0,0,0,0],""featureOrder"":[""MQ8"",""MQ135"",""MQ3"",""MQ5"",""MQ4"",""MQ7"",""MQ6"",""MQ2""]},""alarmLatched"":false}"
2026-08-04 11:15:57.234 +07:00,516.115,HOT_SWEEP_70,70,700,300,1,0,0.12398757,0.004017156,0.004989098,-0.002659818,-0.008293123,-0.011515193,-0.01945794,-0.024887921,"{""deviceId"":""1001"",""nodeId"":4097,""targetChId"":""0010"",""mode"":""inference"",""uptimeMs"":6893564,""debugEnabled"":true,""power"":{""mode"":""24v"",""externalPower"":true,""batteryMv"":65535,""batteryValid"":false,""batteryDetected"":false,""batterySenseStatus"":""not_detected"",""batteryLow"":false,""batteryCritical"":false,""sourceAmbiguous"":false,""serviceHoldActive"":false,""serviceHoldEffective"":false},""batterySession"":{""state"":""inactive"",""startedMs"":0,""stateStartedMs"":0,""validSampleBatches"":0,""requiredSampleBatches"":10,""alarmTxAttempts"":0,""alarmTxAttemptLimit"":3,""alarmAckReceived"":false,""pendingAlarm"":false,""pendingSaveRequired"":false,""persistenceFaultHold"":false,""completionReason"":""session_done""},""bootHealth"":{""adsReady"":true,""adsDrdyLevel"":0,""adsDrdyPulldownLevel"":0,""adsDrdyPullupLevel"":0,""adsMisoPulldownLevel"":0,""adsMisoPullupLevel"":1,""adsCsLevel"":1,""adsSyncLevel"":1,""adsStatus"":54,""adsMux"":15,""adsAdcon"":6,""adsDrate"":240,""adsReason"":""ok"",""tcaOk"":true,""mcpOkCount"":8,""mcpOk"":[true,true,true,true,true,true,true,true],""mcpAddrMask"":[1,1,1,1,1,1,1,1],""mcpControlTested"":true,""mcpControlOkCount"":8,""mcpControlOk"":[true,true,true,true,true,true,true,true],""dacReady"":true,""radioReady"":true,""mlReady"":true,""nullingProfileApplied"":true,""modelProfileReady"":false},""runtimeMcpCode"":[255,519,795,706,799,865,665,139],""model"":{""profileId"":""cnn-dualbranch-datasheet-v1-unbound"",""scalerProfileId"":""cnn-dualbranch-datasheet-v1-unbound"",""productionApproved"":true,""boundNullingProfileId"":8,""activeNullingProfileId"":9,""bindingValid"":true,""bindingModelMatches"":true,""profileReady"":false,""inferenceValid"":false,""sensorFault"":true},""lora"":{""beginState"":0,""lastTxState"":0,""lastTxOk"":false,""txSeq"":0,""txCounter"":0,""aesKeyProvisioned"":true,""aesKeyPresent"":true,""aesKeySource"":""nvs"",""keyId"":1,""lastDownlinkCommandId"":0,""freqMHz"":920,""bwKHz"":125,""sf"":7,""cr"":5,""syncWord"":18,""txPowerDbm"":17,""preamble"":8,""tcxoVoltage"":1.600000024,""xtalVoltage"":0},""dataset"":{""state"":""idle"",""step"":""idle"",""label"":"""",""seq"":0,""targetSamples"":0,""sampleIntervalMs"":500,""maxDurationMs"":0,""useFanIntake"":true,""fanOnMs"":1000,""postFanSettleMs"":0,""nullingProfileId"":9,""queuePending"":0,""queueCapacity"":16,""queueEnqueued"":0,""queueDropped"":0,""publishFailCount"":0,""retryCount"":0,""retryFailCount"":0,""rejectedSamples"":0,""lastRejectReason"":""none"",""lastRejectChannel"":-1,""lastRejectOkFiniteCount"":0,""lastRejectStatus"":255,""lastRejectGain"":0,""lastRejectSaturated"":false},""recovery"":{""wifiReconnectCount"":0,""wifiReconnectFailCount"":0,""mqttReconnectCount"":0,""mqttConnectFailCount"":0,""lastMqttState"":0,""adsRecoveryCount"":0,""adsRecoveryFailCount"":0,""adsReadFailStreak"":0,""lastReason"":""none"",""lastRecoveryMs"":0,""bootRecoveryArmed"":false,""bootRecoveryDueMs"":0,""bootRecoveryReason"":""none"",""bootRecoveryNonAdsFailure"":false,""bootRecoveryRestartCount"":0},""nulling"":{""done"":false,""retryArmed"":false,""attemptCount"":0,""nextRetryMs"":0,""thresholdV"":9.999999747E-06,""minFinalV"":0},""telemetry"":{""valid"":true,""sampleMs"":6893144,""gasClass"":6,""gasName"":""CO2"",""confidence"":0,""alarm"":false,""sensorVoltage"":[0.12398757,0.004017156,0.004989098,-0.002659818,-0.008293123,-0.011515193,-0.01945794,-0.024887921],""sensorGain"":[16,64,64,64,64,64,64,64],""sensorStatus"":[0,0,0,0,0,0,0,0],""featureOrder"":[""MQ8"",""MQ135"",""MQ3"",""MQ5"",""MQ4"",""MQ7"",""MQ6"",""MQ2""]},""alarmLatched"":false}"
2026-08-04 11:15:57.916 +07:00,516.795,HOT_SWEEP_70,70,700,300,1,0,0.123607114,0.004060515,0.004904666,-0.002665552,-0.007521683,-0.011549416,-0.019450644,-0.025327558,"{""deviceId"":""1001"",""nodeId"":4097,""targetChId"":""0010"",""mode"":""inference"",""uptimeMs"":6894240,""debugEnabled"":true,""power"":{""mode"":""24v"",""externalPower"":true,""batteryMv"":65535,""batteryValid"":false,""batteryDetected"":false,""batterySenseStatus"":""not_detected"",""batteryLow"":false,""batteryCritical"":false,""sourceAmbiguous"":false,""serviceHoldActive"":false,""serviceHoldEffective"":false},""batterySession"":{""state"":""inactive"",""startedMs"":0,""stateStartedMs"":0,""validSampleBatches"":0,""requiredSampleBatches"":10,""alarmTxAttempts"":0,""alarmTxAttemptLimit"":3,""alarmAckReceived"":false,""pendingAlarm"":false,""pendingSaveRequired"":false,""persistenceFaultHold"":false,""completionReason"":""session_done""},""bootHealth"":{""adsReady"":true,""adsDrdyLevel"":0,""adsDrdyPulldownLevel"":0,""adsDrdyPullupLevel"":0,""adsMisoPulldownLevel"":0,""adsMisoPullupLevel"":1,""adsCsLevel"":1,""adsSyncLevel"":1,""adsStatus"":54,""adsMux"":15,""adsAdcon"":6,""adsDrate"":240,""adsReason"":""ok"",""tcaOk"":true,""mcpOkCount"":8,""mcpOk"":[true,true,true,true,true,true,true,true],""mcpAddrMask"":[1,1,1,1,1,1,1,1],""mcpControlTested"":true,""mcpControlOkCount"":8,""mcpControlOk"":[true,true,true,true,true,true,true,true],""dacReady"":true,""radioReady"":true,""mlReady"":true,""nullingProfileApplied"":true,""modelProfileReady"":false},""runtimeMcpCode"":[255,519,795,706,799,865,665,139],""model"":{""profileId"":""cnn-dualbranch-datasheet-v1-unbound"",""scalerProfileId"":""cnn-dualbranch-datasheet-v1-unbound"",""productionApproved"":true,""boundNullingProfileId"":8,""activeNullingProfileId"":9,""bindingValid"":true,""bindingModelMatches"":true,""profileReady"":false,""inferenceValid"":false,""sensorFault"":true},""lora"":{""beginState"":0,""lastTxState"":0,""lastTxOk"":false,""txSeq"":0,""txCounter"":0,""aesKeyProvisioned"":true,""aesKeyPresent"":true,""aesKeySource"":""nvs"",""keyId"":1,""lastDownlinkCommandId"":0,""freqMHz"":920,""bwKHz"":125,""sf"":7,""cr"":5,""syncWord"":18,""txPowerDbm"":17,""preamble"":8,""tcxoVoltage"":1.600000024,""xtalVoltage"":0},""dataset"":{""state"":""idle"",""step"":""idle"",""label"":"""",""seq"":0,""targetSamples"":0,""sampleIntervalMs"":500,""maxDurationMs"":0,""useFanIntake"":true,""fanOnMs"":1000,""postFanSettleMs"":0,""nullingProfileId"":9,""queuePending"":0,""queueCapacity"":16,""queueEnqueued"":0,""queueDropped"":0,""publishFailCount"":0,""retryCount"":0,""retryFailCount"":0,""rejectedSamples"":0,""lastRejectReason"":""none"",""lastRejectChannel"":-1,""lastRejectOkFiniteCount"":0,""lastRejectStatus"":255,""lastRejectGain"":0,""lastRejectSaturated"":false},""recovery"":{""wifiReconnectCount"":0,""wifiReconnectFailCount"":0,""mqttReconnectCount"":0,""mqttConnectFailCount"":0,""lastMqttState"":0,""adsRecoveryCount"":0,""adsRecoveryFailCount"":0,""adsReadFailStreak"":0,""lastReason"":""none"",""lastRecoveryMs"":0,""bootRecoveryArmed"":false,""bootRecoveryDueMs"":0,""bootRecoveryReason"":""none"",""bootRecoveryNonAdsFailure"":false,""bootRecoveryRestartCount"":0},""nulling"":{""done"":false,""retryArmed"":false,""attemptCount"":0,""nextRetryMs"":0,""thresholdV"":9.999999747E-06,""minFinalV"":0},""telemetry"":{""valid"":true,""sampleMs"":6893842,""gasClass"":6,""gasName"":""CO2"",""confidence"":0,""alarm"":false,""sensorVoltage"":[0.123607114,0.004060515,0.004904666,-0.002665552,-0.007521683,-0.011549416,-0.019450644,-0.025327558],""sensorGain"":[16,64,64,64,64,64,64,64],""sensorStatus"":[0,0,0,0,0,0,0,0],""featureOrder"":[""MQ8"",""MQ135"",""MQ3"",""MQ5"",""MQ4"",""MQ7"",""MQ6"",""MQ2""]},""alarmLatched"":false}"
2026-08-04 11:15:58.597 +07:00,517.476,HOT_SWEEP_70,70,700,300,1,0,0.123534121,0.004031428,0.004901472,-0.002661096,-0.007493851,-0.011539624,-0.019508891,-0.02527215,"{""deviceId"":""1001"",""nodeId"":4097,""targetChId"":""0010"",""mode"":""inference"",""uptimeMs"":6894923,""debugEnabled"":true,""power"":{""mode"":""24v"",""externalPower"":true,""batteryMv"":65535,""batteryValid"":false,""batteryDetected"":false,""batterySenseStatus"":""not_detected"",""batteryLow"":false,""batteryCritical"":false,""sourceAmbiguous"":false,""serviceHoldActive"":false,""serviceHoldEffective"":false},""batterySession"":{""state"":""inactive"",""startedMs"":0,""stateStartedMs"":0,""validSampleBatches"":0,""requiredSampleBatches"":10,""alarmTxAttempts"":0,""alarmTxAttemptLimit"":3,""alarmAckReceived"":false,""pendingAlarm"":false,""pendingSaveRequired"":false,""persistenceFaultHold"":false,""completionReason"":""session_done""},""bootHealth"":{""adsReady"":true,""adsDrdyLevel"":0,""adsDrdyPulldownLevel"":0,""adsDrdyPullupLevel"":0,""adsMisoPulldownLevel"":0,""adsMisoPullupLevel"":1,""adsCsLevel"":1,""adsSyncLevel"":1,""adsStatus"":54,""adsMux"":15,""adsAdcon"":6,""adsDrate"":240,""adsReason"":""ok"",""tcaOk"":true,""mcpOkCount"":8,""mcpOk"":[true,true,true,true,true,true,true,true],""mcpAddrMask"":[1,1,1,1,1,1,1,1],""mcpControlTested"":true,""mcpControlOkCount"":8,""mcpControlOk"":[true,true,true,true,true,true,true,true],""dacReady"":true,""radioReady"":true,""mlReady"":true,""nullingProfileApplied"":true,""modelProfileReady"":false},""runtimeMcpCode"":[255,519,795,706,799,865,665,139],""model"":{""profileId"":""cnn-dualbranch-datasheet-v1-unbound"",""scalerProfileId"":""cnn-dualbranch-datasheet-v1-unbound"",""productionApproved"":true,""boundNullingProfileId"":8,""activeNullingProfileId"":9,""bindingValid"":true,""bindingModelMatches"":true,""profileReady"":false,""inferenceValid"":false,""sensorFault"":true},""lora"":{""beginState"":0,""lastTxState"":0,""lastTxOk"":false,""txSeq"":0,""txCounter"":0,""aesKeyProvisioned"":true,""aesKeyPresent"":true,""aesKeySource"":""nvs"",""keyId"":1,""lastDownlinkCommandId"":0,""freqMHz"":920,""bwKHz"":125,""sf"":7,""cr"":5,""syncWord"":18,""txPowerDbm"":17,""preamble"":8,""tcxoVoltage"":1.600000024,""xtalVoltage"":0},""dataset"":{""state"":""idle"",""step"":""idle"",""label"":"""",""seq"":0,""targetSamples"":0,""sampleIntervalMs"":500,""maxDurationMs"":0,""useFanIntake"":true,""fanOnMs"":1000,""postFanSettleMs"":0,""nullingProfileId"":9,""queuePending"":0,""queueCapacity"":16,""queueEnqueued"":0,""queueDropped"":0,""publishFailCount"":0,""retryCount"":0,""retryFailCount"":0,""rejectedSamples"":0,""lastRejectReason"":""none"",""lastRejectChannel"":-1,""lastRejectOkFiniteCount"":0,""lastRejectStatus"":255,""lastRejectGain"":0,""lastRejectSaturated"":false},""recovery"":{""wifiReconnectCount"":0,""wifiReconnectFailCount"":0,""mqttReconnectCount"":0,""mqttConnectFailCount"":0,""lastMqttState"":0,""adsRecoveryCount"":0,""adsRecoveryFailCount"":0,""adsReadFailStreak"":0,""lastReason"":""none"",""lastRecoveryMs"":0,""bootRecoveryArmed"":false,""bootRecoveryDueMs"":0,""bootRecoveryReason"":""none"",""bootRecoveryNonAdsFailure"":false,""bootRecoveryRestartCount"":0},""nulling"":{""done"":false,""retryArmed"":false,""attemptCount"":0,""nextRetryMs"":0,""thresholdV"":9.999999747E-06,""minFinalV"":0},""telemetry"":{""valid"":true,""sampleMs"":6894550,""gasClass"":6,""gasName"":""CO2"",""confidence"":0,""alarm"":false,""sensorVoltage"":[0.123534121,0.004031428,0.004901472,-0.002661096,-0.007493851,-0.011539624,-0.019508891,-0.02527215],""sensorGain"":[16,64,64,64,64,64,64,64],""sensorStatus"":[0,0,0,0,0,0,0,0],""featureOrder"":[""MQ8"",""MQ135"",""MQ3"",""MQ5"",""MQ4"",""MQ7"",""MQ6"",""MQ2""]},""alarmLatched"":false}"
2026-08-04 11:15:59.288 +07:00,518.168,HOT_SWEEP_70,70,700,300,1,0,0.124407448,0.003958394,0.004791455,-0.002562456,-0.007990474,-0.011399029,-0.019122958,-0.024847427,"{""deviceId"":""1001"",""nodeId"":4097,""targetChId"":""0010"",""mode"":""inference"",""uptimeMs"":6895614,""debugEnabled"":true,""power"":{""mode"":""24v"",""externalPower"":true,""batteryMv"":65535,""batteryValid"":false,""batteryDetected"":false,""batterySenseStatus"":""not_detected"",""batteryLow"":false,""batteryCritical"":false,""sourceAmbiguous"":false,""serviceHoldActive"":false,""serviceHoldEffective"":false},""batterySession"":{""state"":""inactive"",""startedMs"":0,""stateStartedMs"":0,""validSampleBatches"":0,""requiredSampleBatches"":10,""alarmTxAttempts"":0,""alarmTxAttemptLimit"":3,""alarmAckReceived"":false,""pendingAlarm"":false,""pendingSaveRequired"":false,""persistenceFaultHold"":false,""completionReason"":""session_done""},""bootHealth"":{""adsReady"":true,""adsDrdyLevel"":0,""adsDrdyPulldownLevel"":0,""adsDrdyPullupLevel"":0,""adsMisoPulldownLevel"":0,""adsMisoPullupLevel"":1,""adsCsLevel"":1,""adsSyncLevel"":1,""adsStatus"":54,""adsMux"":15,""adsAdcon"":6,""adsDrate"":240,""adsReason"":""ok"",""tcaOk"":true,""mcpOkCount"":8,""mcpOk"":[true,true,true,true,true,true,true,true],""mcpAddrMask"":[1,1,1,1,1,1,1,1],""mcpControlTested"":true,""mcpControlOkCount"":8,""mcpControlOk"":[true,true,true,true,true,true,true,true],""dacReady"":true,""radioReady"":true,""mlReady"":true,""nullingProfileApplied"":true,""modelProfileReady"":false},""runtimeMcpCode"":[255,519,795,706,799,865,665,139],""model"":{""profileId"":""cnn-dualbranch-datasheet-v1-unbound"",""scalerProfileId"":""cnn-dualbranch-datasheet-v1-unbound"",""productionApproved"":true,""boundNullingProfileId"":8,""activeNullingProfileId"":9,""bindingValid"":true,""bindingModelMatches"":true,""profileReady"":false,""inferenceValid"":false,""sensorFault"":true},""lora"":{""beginState"":0,""lastTxState"":0,""lastTxOk"":false,""txSeq"":0,""txCounter"":0,""aesKeyProvisioned"":true,""aesKeyPresent"":true,""aesKeySource"":""nvs"",""keyId"":1,""lastDownlinkCommandId"":0,""freqMHz"":920,""bwKHz"":125,""sf"":7,""cr"":5,""syncWord"":18,""txPowerDbm"":17,""preamble"":8,""tcxoVoltage"":1.600000024,""xtalVoltage"":0},""dataset"":{""state"":""idle"",""step"":""idle"",""label"":"""",""seq"":0,""targetSamples"":0,""sampleIntervalMs"":500,""maxDurationMs"":0,""useFanIntake"":true,""fanOnMs"":1000,""postFanSettleMs"":0,""nullingProfileId"":9,""queuePending"":0,""queueCapacity"":16,""queueEnqueued"":0,""queueDropped"":0,""publishFailCount"":0,""retryCount"":0,""retryFailCount"":0,""rejectedSamples"":0,""lastRejectReason"":""none"",""lastRejectChannel"":-1,""lastRejectOkFiniteCount"":0,""lastRejectStatus"":255,""lastRejectGain"":0,""lastRejectSaturated"":false},""recovery"":{""wifiReconnectCount"":0,""wifiReconnectFailCount"":0,""mqttReconnectCount"":0,""mqttConnectFailCount"":0,""lastMqttState"":0,""adsRecoveryCount"":0,""adsRecoveryFailCount"":0,""adsReadFailStreak"":0,""lastReason"":""none"",""lastRecoveryMs"":0,""bootRecoveryArmed"":false,""bootRecoveryDueMs"":0,""bootRecoveryReason"":""none"",""bootRecoveryNonAdsFailure"":false,""bootRecoveryRestartCount"":0},""nulling"":{""done"":false,""retryArmed"":false,""attemptCount"":0,""nextRetryMs"":0,""thresholdV"":9.999999747E-06,""minFinalV"":0},""telemetry"":{""valid"":true,""sampleMs"":6895201,""gasClass"":6,""gasName"":""CO2"",""confidence"":0,""alarm"":false,""sensorVoltage"":[0.124407448,0.003958394,0.004791455,-0.002562456,-0.007990474,-0.011399029,-0.019122958,-0.024847427],""sensorGain"":[16,64,64,64,64,64,64,64],""sensorStatus"":[0,0,0,0,0,0,0,0],""featureOrder"":[""MQ8"",""MQ135"",""MQ3"",""MQ5"",""MQ4"",""MQ7"",""MQ6"",""MQ2""]},""alarmLatched"":false}"
2026-08-04 11:15:59.978 +07:00,518.858,HOT_SWEEP_70,70,700,300,1,0,0.12395151,0.003945394,0.004718433,-0.002559487,-0.007563384,-0.011729282,-0.019541599,-0.02528761,"{""deviceId"":""1001"",""nodeId"":4097,""targetChId"":""0010"",""mode"":""inference"",""uptimeMs"":6896305,""debugEnabled"":true,""power"":{""mode"":""24v"",""externalPower"":true,""batteryMv"":65535,""batteryValid"":false,""batteryDetected"":false,""batterySenseStatus"":""not_detected"",""batteryLow"":false,""batteryCritical"":false,""sourceAmbiguous"":false,""serviceHoldActive"":false,""serviceHoldEffective"":false},""batterySession"":{""state"":""inactive"",""startedMs"":0,""stateStartedMs"":0,""validSampleBatches"":0,""requiredSampleBatches"":10,""alarmTxAttempts"":0,""alarmTxAttemptLimit"":3,""alarmAckReceived"":false,""pendingAlarm"":false,""pendingSaveRequired"":false,""persistenceFaultHold"":false,""completionReason"":""session_done""},""bootHealth"":{""adsReady"":true,""adsDrdyLevel"":0,""adsDrdyPulldownLevel"":0,""adsDrdyPullupLevel"":0,""adsMisoPulldownLevel"":0,""adsMisoPullupLevel"":1,""adsCsLevel"":1,""adsSyncLevel"":1,""adsStatus"":54,""adsMux"":15,""adsAdcon"":6,""adsDrate"":240,""adsReason"":""ok"",""tcaOk"":true,""mcpOkCount"":8,""mcpOk"":[true,true,true,true,true,true,true,true],""mcpAddrMask"":[1,1,1,1,1,1,1,1],""mcpControlTested"":true,""mcpControlOkCount"":8,""mcpControlOk"":[true,true,true,true,true,true,true,true],""dacReady"":true,""radioReady"":true,""mlReady"":true,""nullingProfileApplied"":true,""modelProfileReady"":false},""runtimeMcpCode"":[255,519,795,706,799,865,665,139],""model"":{""profileId"":""cnn-dualbranch-datasheet-v1-unbound"",""scalerProfileId"":""cnn-dualbranch-datasheet-v1-unbound"",""productionApproved"":true,""boundNullingProfileId"":8,""activeNullingProfileId"":9,""bindingValid"":true,""bindingModelMatches"":true,""profileReady"":false,""inferenceValid"":false,""sensorFault"":true},""lora"":{""beginState"":0,""lastTxState"":0,""lastTxOk"":false,""txSeq"":0,""txCounter"":0,""aesKeyProvisioned"":true,""aesKeyPresent"":true,""aesKeySource"":""nvs"",""keyId"":1,""lastDownlinkCommandId"":0,""freqMHz"":920,""bwKHz"":125,""sf"":7,""cr"":5,""syncWord"":18,""txPowerDbm"":17,""preamble"":8,""tcxoVoltage"":1.600000024,""xtalVoltage"":0},""dataset"":{""state"":""idle"",""step"":""idle"",""label"":"""",""seq"":0,""targetSamples"":0,""sampleIntervalMs"":500,""maxDurationMs"":0,""useFanIntake"":true,""fanOnMs"":1000,""postFanSettleMs"":0,""nullingProfileId"":9,""queuePending"":0,""queueCapacity"":16,""queueEnqueued"":0,""queueDropped"":0,""publishFailCount"":0,""retryCount"":0,""retryFailCount"":0,""rejectedSamples"":0,""lastRejectReason"":""none"",""lastRejectChannel"":-1,""lastRejectOkFiniteCount"":0,""lastRejectStatus"":255,""lastRejectGain"":0,""lastRejectSaturated"":false},""recovery"":{""wifiReconnectCount"":0,""wifiReconnectFailCount"":0,""mqttReconnectCount"":0,""mqttConnectFailCount"":0,""lastMqttState"":0,""adsRecoveryCount"":0,""adsRecoveryFailCount"":0,""adsReadFailStreak"":0,""lastReason"":""none"",""lastRecoveryMs"":0,""bootRecoveryArmed"":false,""bootRecoveryDueMs"":0,""bootRecoveryReason"":""none"",""bootRecoveryNonAdsFailure"":false,""bootRecoveryRestartCount"":0},""nulling"":{""done"":false,""retryArmed"":false,""attemptCount"":0,""nextRetryMs"":0,""thresholdV"":9.999999747E-06,""minFinalV"":0},""telemetry"":{""valid"":true,""sampleMs"":6895892,""gasClass"":6,""gasName"":""CO2"",""confidence"":0,""alarm"":false,""sensorVoltage"":[0.12395151,0.003945394,0.004718433,-0.002559487,-0.007563384,-0.011729282,-0.019541599,-0.02528761],""sensorGain"":[16,64,64,64,64,64,64,64],""sensorStatus"":[0,0,0,0,0,0,0,0],""featureOrder"":[""MQ8"",""MQ135"",""MQ3"",""MQ5"",""MQ4"",""MQ7"",""MQ6"",""MQ2""]},""alarmLatched"":false}"
2026-08-04 11:16:00.663 +07:00,519.543,HOT_SWEEP_70,70,700,300,1,0,0.123363137,0.003944913,0.004760908,-0.002538986,-0.007079008,-0.011740457,-0.019561937,-0.025273615,"{""deviceId"":""1001"",""nodeId"":4097,""targetChId"":""0010"",""mode"":""inference"",""uptimeMs"":6896989,""debugEnabled"":true,""power"":{""mode"":""24v"",""externalPower"":true,""batteryMv"":65535,""batteryValid"":false,""batteryDetected"":false,""batterySenseStatus"":""not_detected"",""batteryLow"":false,""batteryCritical"":false,""sourceAmbiguous"":false,""serviceHoldActive"":false,""serviceHoldEffective"":false},""batterySession"":{""state"":""inactive"",""startedMs"":0,""stateStartedMs"":0,""validSampleBatches"":0,""requiredSampleBatches"":10,""alarmTxAttempts"":0,""alarmTxAttemptLimit"":3,""alarmAckReceived"":false,""pendingAlarm"":false,""pendingSaveRequired"":false,""persistenceFaultHold"":false,""completionReason"":""session_done""},""bootHealth"":{""adsReady"":true,""adsDrdyLevel"":0,""adsDrdyPulldownLevel"":0,""adsDrdyPullupLevel"":0,""adsMisoPulldownLevel"":0,""adsMisoPullupLevel"":1,""adsCsLevel"":1,""adsSyncLevel"":1,""adsStatus"":54,""adsMux"":15,""adsAdcon"":6,""adsDrate"":240,""adsReason"":""ok"",""tcaOk"":true,""mcpOkCount"":8,""mcpOk"":[true,true,true,true,true,true,true,true],""mcpAddrMask"":[1,1,1,1,1,1,1,1],""mcpControlTested"":true,""mcpControlOkCount"":8,""mcpControlOk"":[true,true,true,true,true,true,true,true],""dacReady"":true,""radioReady"":true,""mlReady"":true,""nullingProfileApplied"":true,""modelProfileReady"":false},""runtimeMcpCode"":[255,519,795,706,799,865,665,139],""model"":{""profileId"":""cnn-dualbranch-datasheet-v1-unbound"",""scalerProfileId"":""cnn-dualbranch-datasheet-v1-unbound"",""productionApproved"":true,""boundNullingProfileId"":8,""activeNullingProfileId"":9,""bindingValid"":true,""bindingModelMatches"":true,""profileReady"":false,""inferenceValid"":false,""sensorFault"":true},""lora"":{""beginState"":0,""lastTxState"":0,""lastTxOk"":false,""txSeq"":0,""txCounter"":0,""aesKeyProvisioned"":true,""aesKeyPresent"":true,""aesKeySource"":""nvs"",""keyId"":1,""lastDownlinkCommandId"":0,""freqMHz"":920,""bwKHz"":125,""sf"":7,""cr"":5,""syncWord"":18,""txPowerDbm"":17,""preamble"":8,""tcxoVoltage"":1.600000024,""xtalVoltage"":0},""dataset"":{""state"":""idle"",""step"":""idle"",""label"":"""",""seq"":0,""targetSamples"":0,""sampleIntervalMs"":500,""maxDurationMs"":0,""useFanIntake"":true,""fanOnMs"":1000,""postFanSettleMs"":0,""nullingProfileId"":9,""queuePending"":0,""queueCapacity"":16,""queueEnqueued"":0,""queueDropped"":0,""publishFailCount"":0,""retryCount"":0,""retryFailCount"":0,""rejectedSamples"":0,""lastRejectReason"":""none"",""lastRejectChannel"":-1,""lastRejectOkFiniteCount"":0,""lastRejectStatus"":255,""lastRejectGain"":0,""lastRejectSaturated"":false},""recovery"":{""wifiReconnectCount"":0,""wifiReconnectFailCount"":0,""mqttReconnectCount"":0,""mqttConnectFailCount"":0,""lastMqttState"":0,""adsRecoveryCount"":0,""adsRecoveryFailCount"":0,""adsReadFailStreak"":0,""lastReason"":""none"",""lastRecoveryMs"":0,""bootRecoveryArmed"":false,""bootRecoveryDueMs"":0,""bootRecoveryReason"":""none"",""bootRecoveryNonAdsFailure"":false,""bootRecoveryRestartCount"":0},""nulling"":{""done"":false,""retryArmed"":false,""attemptCount"":0,""nextRetryMs"":0,""thresholdV"":9.999999747E-06,""minFinalV"":0},""telemetry"":{""valid"":true,""sampleMs"":6896615,""gasClass"":6,""gasName"":""CO2"",""confidence"":0,""alarm"":false,""sensorVoltage"":[0.123363137,0.003944913,0.004760908,-0.002538986,-0.007079008,-0.011740457,-0.019561937,-0.025273615],""sensorGain"":[16,64,64,64,64,64,64,64],""sensorStatus"":[0,0,0,0,0,0,0,0],""featureOrder"":[""MQ8"",""MQ135"",""MQ3"",""MQ5"",""MQ4"",""MQ7"",""MQ6"",""MQ2""]},""alarmLatched"":false}"
2026-08-04 11:16:01.352 +07:00,520.232,HOT_SWEEP_70,70,700,300,1,0,0.124682367,0.003962093,0.004710783,-0.002519285,-0.006876039,-0.011526862,-0.019501591,-0.025335412,"{""deviceId"":""1001"",""nodeId"":4097,""targetChId"":""0010"",""mode"":""inference"",""uptimeMs"":6897676,""debugEnabled"":true,""power"":{""mode"":""24v"",""externalPower"":true,""batteryMv"":65535,""batteryValid"":false,""batteryDetected"":false,""batterySenseStatus"":""not_detected"",""batteryLow"":false,""batteryCritical"":false,""sourceAmbiguous"":false,""serviceHoldActive"":false,""serviceHoldEffective"":false},""batterySession"":{""state"":""inactive"",""startedMs"":0,""stateStartedMs"":0,""validSampleBatches"":0,""requiredSampleBatches"":10,""alarmTxAttempts"":0,""alarmTxAttemptLimit"":3,""alarmAckReceived"":false,""pendingAlarm"":false,""pendingSaveRequired"":false,""persistenceFaultHold"":false,""completionReason"":""session_done""},""bootHealth"":{""adsReady"":true,""adsDrdyLevel"":0,""adsDrdyPulldownLevel"":0,""adsDrdyPullupLevel"":0,""adsMisoPulldownLevel"":0,""adsMisoPullupLevel"":1,""adsCsLevel"":1,""adsSyncLevel"":1,""adsStatus"":54,""adsMux"":15,""adsAdcon"":6,""adsDrate"":240,""adsReason"":""ok"",""tcaOk"":true,""mcpOkCount"":8,""mcpOk"":[true,true,true,true,true,true,true,true],""mcpAddrMask"":[1,1,1,1,1,1,1,1],""mcpControlTested"":true,""mcpControlOkCount"":8,""mcpControlOk"":[true,true,true,true,true,true,true,true],""dacReady"":true,""radioReady"":true,""mlReady"":true,""nullingProfileApplied"":true,""modelProfileReady"":false},""runtimeMcpCode"":[255,519,795,706,799,865,665,139],""model"":{""profileId"":""cnn-dualbranch-datasheet-v1-unbound"",""scalerProfileId"":""cnn-dualbranch-datasheet-v1-unbound"",""productionApproved"":true,""boundNullingProfileId"":8,""activeNullingProfileId"":9,""bindingValid"":true,""bindingModelMatches"":true,""profileReady"":false,""inferenceValid"":false,""sensorFault"":true},""lora"":{""beginState"":0,""lastTxState"":0,""lastTxOk"":false,""txSeq"":0,""txCounter"":0,""aesKeyProvisioned"":true,""aesKeyPresent"":true,""aesKeySource"":""nvs"",""keyId"":1,""lastDownlinkCommandId"":0,""freqMHz"":920,""bwKHz"":125,""sf"":7,""cr"":5,""syncWord"":18,""txPowerDbm"":17,""preamble"":8,""tcxoVoltage"":1.600000024,""xtalVoltage"":0},""dataset"":{""state"":""idle"",""step"":""idle"",""label"":"""",""seq"":0,""targetSamples"":0,""sampleIntervalMs"":500,""maxDurationMs"":0,""useFanIntake"":true,""fanOnMs"":1000,""postFanSettleMs"":0,""nullingProfileId"":9,""queuePending"":0,""queueCapacity"":16,""queueEnqueued"":0,""queueDropped"":0,""publishFailCount"":0,""retryCount"":0,""retryFailCount"":0,""rejectedSamples"":0,""lastRejectReason"":""none"",""lastRejectChannel"":-1,""lastRejectOkFiniteCount"":0,""lastRejectStatus"":255,""lastRejectGain"":0,""lastRejectSaturated"":false},""recovery"":{""wifiReconnectCount"":0,""wifiReconnectFailCount"":0,""mqttReconnectCount"":0,""mqttConnectFailCount"":0,""lastMqttState"":0,""adsRecoveryCount"":0,""adsRecoveryFailCount"":0,""adsReadFailStreak"":0,""lastReason"":""none"",""lastRecoveryMs"":0,""bootRecoveryArmed"":false,""bootRecoveryDueMs"":0,""bootRecoveryReason"":""none"",""bootRecoveryNonAdsFailure"":false,""bootRecoveryRestartCount"":0},""nulling"":{""done"":false,""retryArmed"":false,""attemptCount"":0,""nextRetryMs"":0,""thresholdV"":9.999999747E-06,""minFinalV"":0},""telemetry"":{""valid"":true,""sampleMs"":6897267,""gasClass"":6,""gasName"":""CO2"",""confidence"":0,""alarm"":false,""sensorVoltage"":[0.124682367,0.003962093,0.004710783,-0.002519285,-0.006876039,-0.011526862,-0.019501591,-0.025335412],""sensorGain"":[16,64,64,64,64,64,64,64],""sensorStatus"":[0,0,0,0,0,0,0,0],""featureOrder"":[""MQ8"",""MQ135"",""MQ3"",""MQ5"",""MQ4"",""MQ7"",""MQ6"",""MQ2""]},""alarmLatched"":false}"
2026-08-04 11:16:02.042 +07:00,520.920,HOT_SWEEP_70,70,700,300,1,0,0.124437131,0.003951431,0.004684339,-0.002569498,-0.006492746,-0.011760947,-0.019487204,-0.025339622,"{""deviceId"":""1001"",""nodeId"":4097,""targetChId"":""0010"",""mode"":""inference"",""uptimeMs"":6898367,""debugEnabled"":true,""power"":{""mode"":""24v"",""externalPower"":true,""batteryMv"":65535,""batteryValid"":false,""batteryDetected"":false,""batterySenseStatus"":""not_detected"",""batteryLow"":false,""batteryCritical"":false,""sourceAmbiguous"":false,""serviceHoldActive"":false,""serviceHoldEffective"":false},""batterySession"":{""state"":""inactive"",""startedMs"":0,""stateStartedMs"":0,""validSampleBatches"":0,""requiredSampleBatches"":10,""alarmTxAttempts"":0,""alarmTxAttemptLimit"":3,""alarmAckReceived"":false,""pendingAlarm"":false,""pendingSaveRequired"":false,""persistenceFaultHold"":false,""completionReason"":""session_done""},""bootHealth"":{""adsReady"":true,""adsDrdyLevel"":0,""adsDrdyPulldownLevel"":0,""adsDrdyPullupLevel"":0,""adsMisoPulldownLevel"":0,""adsMisoPullupLevel"":1,""adsCsLevel"":1,""adsSyncLevel"":1,""adsStatus"":54,""adsMux"":15,""adsAdcon"":6,""adsDrate"":240,""adsReason"":""ok"",""tcaOk"":true,""mcpOkCount"":8,""mcpOk"":[true,true,true,true,true,true,true,true],""mcpAddrMask"":[1,1,1,1,1,1,1,1],""mcpControlTested"":true,""mcpControlOkCount"":8,""mcpControlOk"":[true,true,true,true,true,true,true,true],""dacReady"":true,""radioReady"":true,""mlReady"":true,""nullingProfileApplied"":true,""modelProfileReady"":false},""runtimeMcpCode"":[255,519,795,706,799,865,665,139],""model"":{""profileId"":""cnn-dualbranch-datasheet-v1-unbound"",""scalerProfileId"":""cnn-dualbranch-datasheet-v1-unbound"",""productionApproved"":true,""boundNullingProfileId"":8,""activeNullingProfileId"":9,""bindingValid"":true,""bindingModelMatches"":true,""profileReady"":false,""inferenceValid"":false,""sensorFault"":true},""lora"":{""beginState"":0,""lastTxState"":0,""lastTxOk"":false,""txSeq"":0,""txCounter"":0,""aesKeyProvisioned"":true,""aesKeyPresent"":true,""aesKeySource"":""nvs"",""keyId"":1,""lastDownlinkCommandId"":0,""freqMHz"":920,""bwKHz"":125,""sf"":7,""cr"":5,""syncWord"":18,""txPowerDbm"":17,""preamble"":8,""tcxoVoltage"":1.600000024,""xtalVoltage"":0},""dataset"":{""state"":""idle"",""step"":""idle"",""label"":"""",""seq"":0,""targetSamples"":0,""sampleIntervalMs"":500,""maxDurationMs"":0,""useFanIntake"":true,""fanOnMs"":1000,""postFanSettleMs"":0,""nullingProfileId"":9,""queuePending"":0,""queueCapacity"":16,""queueEnqueued"":0,""queueDropped"":0,""publishFailCount"":0,""retryCount"":0,""retryFailCount"":0,""rejectedSamples"":0,""lastRejectReason"":""none"",""lastRejectChannel"":-1,""lastRejectOkFiniteCount"":0,""lastRejectStatus"":255,""lastRejectGain"":0,""lastRejectSaturated"":false},""recovery"":{""wifiReconnectCount"":0,""wifiReconnectFailCount"":0,""mqttReconnectCount"":0,""mqttConnectFailCount"":0,""lastMqttState"":0,""adsRecoveryCount"":0,""adsRecoveryFailCount"":0,""adsReadFailStreak"":0,""lastReason"":""none"",""lastRecoveryMs"":0,""bootRecoveryArmed"":false,""bootRecoveryDueMs"":0,""bootRecoveryReason"":""none"",""bootRecoveryNonAdsFailure"":false,""bootRecoveryRestartCount"":0},""nulling"":{""done"":false,""retryArmed"":false,""attemptCount"":0,""nextRetryMs"":0,""thresholdV"":9.999999747E-06,""minFinalV"":0},""telemetry"":{""valid"":true,""sampleMs"":6897954,""gasClass"":6,""gasName"":""CO2"",""confidence"":0,""alarm"":false,""sensorVoltage"":[0.124437131,0.003951431,0.004684339,-0.002569498,-0.006492746,-0.011760947,-0.019487204,-0.025339622],""sensorGain"":[16,64,64,64,64,64,64,64],""sensorStatus"":[0,0,0,0,0,0,0,0],""featureOrder"":[""MQ8"",""MQ135"",""MQ3"",""MQ5"",""MQ4"",""MQ7"",""MQ6"",""MQ2""]},""alarmLatched"":false}"
2026-08-04 11:16:02.724 +07:00,521.603,HOT_SWEEP_70,70,700,300,1,0,0.124125257,0.003964482,0.004689604,-0.002569535,-0.006332744,-0.011766761,-0.01950869,-0.025375912,"{""deviceId"":""1001"",""nodeId"":4097,""targetChId"":""0010"",""mode"":""inference"",""uptimeMs"":6899050,""debugEnabled"":true,""power"":{""mode"":""24v"",""externalPower"":true,""batteryMv"":65535,""batteryValid"":false,""batteryDetected"":false,""batterySenseStatus"":""not_detected"",""batteryLow"":false,""batteryCritical"":false,""sourceAmbiguous"":false,""serviceHoldActive"":false,""serviceHoldEffective"":false},""batterySession"":{""state"":""inactive"",""startedMs"":0,""stateStartedMs"":0,""validSampleBatches"":0,""requiredSampleBatches"":10,""alarmTxAttempts"":0,""alarmTxAttemptLimit"":3,""alarmAckReceived"":false,""pendingAlarm"":false,""pendingSaveRequired"":false,""persistenceFaultHold"":false,""completionReason"":""session_done""},""bootHealth"":{""adsReady"":true,""adsDrdyLevel"":0,""adsDrdyPulldownLevel"":0,""adsDrdyPullupLevel"":0,""adsMisoPulldownLevel"":0,""adsMisoPullupLevel"":1,""adsCsLevel"":1,""adsSyncLevel"":1,""adsStatus"":54,""adsMux"":15,""adsAdcon"":6,""adsDrate"":240,""adsReason"":""ok"",""tcaOk"":true,""mcpOkCount"":8,""mcpOk"":[true,true,true,true,true,true,true,true],""mcpAddrMask"":[1,1,1,1,1,1,1,1],""mcpControlTested"":true,""mcpControlOkCount"":8,""mcpControlOk"":[true,true,true,true,true,true,true,true],""dacReady"":true,""radioReady"":true,""mlReady"":true,""nullingProfileApplied"":true,""modelProfileReady"":false},""runtimeMcpCode"":[255,519,795,706,799,865,665,139],""model"":{""profileId"":""cnn-dualbranch-datasheet-v1-unbound"",""scalerProfileId"":""cnn-dualbranch-datasheet-v1-unbound"",""productionApproved"":true,""boundNullingProfileId"":8,""activeNullingProfileId"":9,""bindingValid"":true,""bindingModelMatches"":true,""profileReady"":false,""inferenceValid"":false,""sensorFault"":true},""lora"":{""beginState"":0,""lastTxState"":0,""lastTxOk"":false,""txSeq"":0,""txCounter"":0,""aesKeyProvisioned"":true,""aesKeyPresent"":true,""aesKeySource"":""nvs"",""keyId"":1,""lastDownlinkCommandId"":0,""freqMHz"":920,""bwKHz"":125,""sf"":7,""cr"":5,""syncWord"":18,""txPowerDbm"":17,""preamble"":8,""tcxoVoltage"":1.600000024,""xtalVoltage"":0},""dataset"":{""state"":""idle"",""step"":""idle"",""label"":"""",""seq"":0,""targetSamples"":0,""sampleIntervalMs"":500,""maxDurationMs"":0,""useFanIntake"":true,""fanOnMs"":1000,""postFanSettleMs"":0,""nullingProfileId"":9,""queuePending"":0,""queueCapacity"":16,""queueEnqueued"":0,""queueDropped"":0,""publishFailCount"":0,""retryCount"":0,""retryFailCount"":0,""rejectedSamples"":0,""lastRejectReason"":""none"",""lastRejectChannel"":-1,""lastRejectOkFiniteCount"":0,""lastRejectStatus"":255,""lastRejectGain"":0,""lastRejectSaturated"":false},""recovery"":{""wifiReconnectCount"":0,""wifiReconnectFailCount"":0,""mqttReconnectCount"":0,""mqttConnectFailCount"":0,""lastMqttState"":0,""adsRecoveryCount"":0,""adsRecoveryFailCount"":0,""adsReadFailStreak"":0,""lastReason"":""none"",""lastRecoveryMs"":0,""bootRecoveryArmed"":false,""bootRecoveryDueMs"":0,""bootRecoveryReason"":""none"",""bootRecoveryNonAdsFailure"":false,""bootRecoveryRestartCount"":0},""nulling"":{""done"":false,""retryArmed"":false,""attemptCount"":0,""nextRetryMs"":0,""thresholdV"":9.999999747E-06,""minFinalV"":0},""telemetry"":{""valid"":true,""sampleMs"":6898677,""gasClass"":6,""gasName"":""CO2"",""confidence"":0,""alarm"":false,""sensorVoltage"":[0.124125257,0.003964482,0.004689604,-0.002569535,-0.006332744,-0.011766761,-0.01950869,-0.025375912],""sensorGain"":[16,64,64,64,64,64,64,64],""sensorStatus"":[0,0,0,0,0,0,0,0],""featureOrder"":[""MQ8"",""MQ135"",""MQ3"",""MQ5"",""MQ4"",""MQ7"",""MQ6"",""MQ2""]},""alarmLatched"":false}"
2026-08-04 11:16:03.410 +07:00,522.289,HOT_SWEEP_70,70,700,300,1,0,0.12526381,0.004002816,0.004651294,-0.002566247,-0.006366699,-0.011803089,-0.019523876,-0.025367323,"{""deviceId"":""1001"",""nodeId"":4097,""targetChId"":""0010"",""mode"":""inference"",""uptimeMs"":6899735,""debugEnabled"":true,""power"":{""mode"":""24v"",""externalPower"":true,""batteryMv"":65535,""batteryValid"":false,""batteryDetected"":false,""batterySenseStatus"":""not_detected"",""batteryLow"":false,""batteryCritical"":false,""sourceAmbiguous"":false,""serviceHoldActive"":false,""serviceHoldEffective"":false},""batterySession"":{""state"":""inactive"",""startedMs"":0,""stateStartedMs"":0,""validSampleBatches"":0,""requiredSampleBatches"":10,""alarmTxAttempts"":0,""alarmTxAttemptLimit"":3,""alarmAckReceived"":false,""pendingAlarm"":false,""pendingSaveRequired"":false,""persistenceFaultHold"":false,""completionReason"":""session_done""},""bootHealth"":{""adsReady"":true,""adsDrdyLevel"":0,""adsDrdyPulldownLevel"":0,""adsDrdyPullupLevel"":0,""adsMisoPulldownLevel"":0,""adsMisoPullupLevel"":1,""adsCsLevel"":1,""adsSyncLevel"":1,""adsStatus"":54,""adsMux"":15,""adsAdcon"":6,""adsDrate"":240,""adsReason"":""ok"",""tcaOk"":true,""mcpOkCount"":8,""mcpOk"":[true,true,true,true,true,true,true,true],""mcpAddrMask"":[1,1,1,1,1,1,1,1],""mcpControlTested"":true,""mcpControlOkCount"":8,""mcpControlOk"":[true,true,true,true,true,true,true,true],""dacReady"":true,""radioReady"":true,""mlReady"":true,""nullingProfileApplied"":true,""modelProfileReady"":false},""runtimeMcpCode"":[255,519,795,706,799,865,665,139],""model"":{""profileId"":""cnn-dualbranch-datasheet-v1-unbound"",""scalerProfileId"":""cnn-dualbranch-datasheet-v1-unbound"",""productionApproved"":true,""boundNullingProfileId"":8,""activeNullingProfileId"":9,""bindingValid"":true,""bindingModelMatches"":true,""profileReady"":false,""inferenceValid"":false,""sensorFault"":true},""lora"":{""beginState"":0,""lastTxState"":0,""lastTxOk"":false,""txSeq"":0,""txCounter"":0,""aesKeyProvisioned"":true,""aesKeyPresent"":true,""aesKeySource"":""nvs"",""keyId"":1,""lastDownlinkCommandId"":0,""freqMHz"":920,""bwKHz"":125,""sf"":7,""cr"":5,""syncWord"":18,""txPowerDbm"":17,""preamble"":8,""tcxoVoltage"":1.600000024,""xtalVoltage"":0},""dataset"":{""state"":""idle"",""step"":""idle"",""label"":"""",""seq"":0,""targetSamples"":0,""sampleIntervalMs"":500,""maxDurationMs"":0,""useFanIntake"":true,""fanOnMs"":1000,""postFanSettleMs"":0,""nullingProfileId"":9,""queuePending"":0,""queueCapacity"":16,""queueEnqueued"":0,""queueDropped"":0,""publishFailCount"":0,""retryCount"":0,""retryFailCount"":0,""rejectedSamples"":0,""lastRejectReason"":""none"",""lastRejectChannel"":-1,""lastRejectOkFiniteCount"":0,""lastRejectStatus"":255,""lastRejectGain"":0,""lastRejectSaturated"":false},""recovery"":{""wifiReconnectCount"":0,""wifiReconnectFailCount"":0,""mqttReconnectCount"":0,""mqttConnectFailCount"":0,""lastMqttState"":0,""adsRecoveryCount"":0,""adsRecoveryFailCount"":0,""adsReadFailStreak"":0,""lastReason"":""none"",""lastRecoveryMs"":0,""bootRecoveryArmed"":false,""bootRecoveryDueMs"":0,""bootRecoveryReason"":""none"",""bootRecoveryNonAdsFailure"":false,""bootRecoveryRestartCount"":0},""nulling"":{""done"":false,""retryArmed"":false,""attemptCount"":0,""nextRetryMs"":0,""thresholdV"":9.999999747E-06,""minFinalV"":0},""telemetry"":{""valid"":true,""sampleMs"":6899328,""gasClass"":6,""gasName"":""CO2"",""confidence"":0,""alarm"":false,""sensorVoltage"":[0.12526381,0.004002816,0.004651294,-0.002566247,-0.006366699,-0.011803089,-0.019523876,-0.025367323],""sensorGain"":[16,64,64,64,64,64,64,64],""sensorStatus"":[0,0,0,0,0,0,0,0],""featureOrder"":[""MQ8"",""MQ135"",""MQ3"",""MQ5"",""MQ4"",""MQ7"",""MQ6"",""MQ2""]},""alarmLatched"":false}"
2026-08-04 11:16:04.140 +07:00,523.019,HOT_SWEEP_70,70,700,300,1,0,0.124837533,0.004088529,0.004707845,-0.002600821,-0.006363768,-0.011737564,-0.019535828,-0.025388336,"{""deviceId"":""1001"",""nodeId"":4097,""targetChId"":""0010"",""mode"":""inference"",""uptimeMs"":6900466,""debugEnabled"":true,""power"":{""mode"":""24v"",""externalPower"":true,""batteryMv"":65535,""batteryValid"":false,""batteryDetected"":false,""batterySenseStatus"":""not_detected"",""batteryLow"":false,""batteryCritical"":false,""sourceAmbiguous"":false,""serviceHoldActive"":false,""serviceHoldEffective"":false},""batterySession"":{""state"":""inactive"",""startedMs"":0,""stateStartedMs"":0,""validSampleBatches"":0,""requiredSampleBatches"":10,""alarmTxAttempts"":0,""alarmTxAttemptLimit"":3,""alarmAckReceived"":false,""pendingAlarm"":false,""pendingSaveRequired"":false,""persistenceFaultHold"":false,""completionReason"":""session_done""},""bootHealth"":{""adsReady"":true,""adsDrdyLevel"":0,""adsDrdyPulldownLevel"":0,""adsDrdyPullupLevel"":0,""adsMisoPulldownLevel"":0,""adsMisoPullupLevel"":1,""adsCsLevel"":1,""adsSyncLevel"":1,""adsStatus"":54,""adsMux"":15,""adsAdcon"":6,""adsDrate"":240,""adsReason"":""ok"",""tcaOk"":true,""mcpOkCount"":8,""mcpOk"":[true,true,true,true,true,true,true,true],""mcpAddrMask"":[1,1,1,1,1,1,1,1],""mcpControlTested"":true,""mcpControlOkCount"":8,""mcpControlOk"":[true,true,true,true,true,true,true,true],""dacReady"":true,""radioReady"":true,""mlReady"":true,""nullingProfileApplied"":true,""modelProfileReady"":false},""runtimeMcpCode"":[255,519,795,706,799,865,665,139],""model"":{""profileId"":""cnn-dualbranch-datasheet-v1-unbound"",""scalerProfileId"":""cnn-dualbranch-datasheet-v1-unbound"",""productionApproved"":true,""boundNullingProfileId"":8,""activeNullingProfileId"":9,""bindingValid"":true,""bindingModelMatches"":true,""profileReady"":false,""inferenceValid"":false,""sensorFault"":true},""lora"":{""beginState"":0,""lastTxState"":0,""lastTxOk"":false,""txSeq"":0,""txCounter"":0,""aesKeyProvisioned"":true,""aesKeyPresent"":true,""aesKeySource"":""nvs"",""keyId"":1,""lastDownlinkCommandId"":0,""freqMHz"":920,""bwKHz"":125,""sf"":7,""cr"":5,""syncWord"":18,""txPowerDbm"":17,""preamble"":8,""tcxoVoltage"":1.600000024,""xtalVoltage"":0},""dataset"":{""state"":""idle"",""step"":""idle"",""label"":"""",""seq"":0,""targetSamples"":0,""sampleIntervalMs"":500,""maxDurationMs"":0,""useFanIntake"":true,""fanOnMs"":1000,""postFanSettleMs"":0,""nullingProfileId"":9,""queuePending"":0,""queueCapacity"":16,""queueEnqueued"":0,""queueDropped"":0,""publishFailCount"":0,""retryCount"":0,""retryFailCount"":0,""rejectedSamples"":0,""lastRejectReason"":""none"",""lastRejectChannel"":-1,""lastRejectOkFiniteCount"":0,""lastRejectStatus"":255,""lastRejectGain"":0,""lastRejectSaturated"":false},""recovery"":{""wifiReconnectCount"":0,""wifiReconnectFailCount"":0,""mqttReconnectCount"":0,""mqttConnectFailCount"":0,""lastMqttState"":0,""adsRecoveryCount"":0,""adsRecoveryFailCount"":0,""adsReadFailStreak"":0,""lastReason"":""none"",""lastRecoveryMs"":0,""bootRecoveryArmed"":false,""bootRecoveryDueMs"":0,""bootRecoveryReason"":""none"",""bootRecoveryNonAdsFailure"":false,""bootRecoveryRestartCount"":0},""nulling"":{""done"":false,""retryArmed"":false,""attemptCount"":0,""nextRetryMs"":0,""thresholdV"":9.999999747E-06,""minFinalV"":0},""telemetry"":{""valid"":true,""sampleMs"":6900013,""gasClass"":6,""gasName"":""CO2"",""confidence"":0,""alarm"":false,""sensorVoltage"":[0.124837533,0.004088529,0.004707845,-0.002600821,-0.006363768,-0.011737564,-0.019535828,-0.025388336],""sensorGain"":[16,64,64,64,64,64,64,64],""sensorStatus"":[0,0,0,0,0,0,0,0],""featureOrder"":[""MQ8"",""MQ135"",""MQ3"",""MQ5"",""MQ4"",""MQ7"",""MQ6"",""MQ2""]},""alarmLatched"":false}"
2026-08-04 11:16:04.821 +07:00,523.701,HOT_SWEEP_70,70,700,300,1,0,0.124685958,0.004067214,0.004799982,-0.00262202,-0.007110298,-0.011703587,-0.019531636,-0.025408924,"{""deviceId"":""1001"",""nodeId"":4097,""targetChId"":""0010"",""mode"":""inference"",""uptimeMs"":6901147,""debugEnabled"":true,""power"":{""mode"":""24v"",""externalPower"":true,""batteryMv"":65535,""batteryValid"":false,""batteryDetected"":false,""batterySenseStatus"":""not_detected"",""batteryLow"":false,""batteryCritical"":false,""sourceAmbiguous"":false,""serviceHoldActive"":false,""serviceHoldEffective"":false},""batterySession"":{""state"":""inactive"",""startedMs"":0,""stateStartedMs"":0,""validSampleBatches"":0,""requiredSampleBatches"":10,""alarmTxAttempts"":0,""alarmTxAttemptLimit"":3,""alarmAckReceived"":false,""pendingAlarm"":false,""pendingSaveRequired"":false,""persistenceFaultHold"":false,""completionReason"":""session_done""},""bootHealth"":{""adsReady"":true,""adsDrdyLevel"":0,""adsDrdyPulldownLevel"":0,""adsDrdyPullupLevel"":0,""adsMisoPulldownLevel"":0,""adsMisoPullupLevel"":1,""adsCsLevel"":1,""adsSyncLevel"":1,""adsStatus"":54,""adsMux"":15,""adsAdcon"":6,""adsDrate"":240,""adsReason"":""ok"",""tcaOk"":true,""mcpOkCount"":8,""mcpOk"":[true,true,true,true,true,true,true,true],""mcpAddrMask"":[1,1,1,1,1,1,1,1],""mcpControlTested"":true,""mcpControlOkCount"":8,""mcpControlOk"":[true,true,true,true,true,true,true,true],""dacReady"":true,""radioReady"":true,""mlReady"":true,""nullingProfileApplied"":true,""modelProfileReady"":false},""runtimeMcpCode"":[255,519,795,706,799,865,665,139],""model"":{""profileId"":""cnn-dualbranch-datasheet-v1-unbound"",""scalerProfileId"":""cnn-dualbranch-datasheet-v1-unbound"",""productionApproved"":true,""boundNullingProfileId"":8,""activeNullingProfileId"":9,""bindingValid"":true,""bindingModelMatches"":true,""profileReady"":false,""inferenceValid"":false,""sensorFault"":true},""lora"":{""beginState"":0,""lastTxState"":0,""lastTxOk"":false,""txSeq"":0,""txCounter"":0,""aesKeyProvisioned"":true,""aesKeyPresent"":true,""aesKeySource"":""nvs"",""keyId"":1,""lastDownlinkCommandId"":0,""freqMHz"":920,""bwKHz"":125,""sf"":7,""cr"":5,""syncWord"":18,""txPowerDbm"":17,""preamble"":8,""tcxoVoltage"":1.600000024,""xtalVoltage"":0},""dataset"":{""state"":""idle"",""step"":""idle"",""label"":"""",""seq"":0,""targetSamples"":0,""sampleIntervalMs"":500,""maxDurationMs"":0,""useFanIntake"":true,""fanOnMs"":1000,""postFanSettleMs"":0,""nullingProfileId"":9,""queuePending"":0,""queueCapacity"":16,""queueEnqueued"":0,""queueDropped"":0,""publishFailCount"":0,""retryCount"":0,""retryFailCount"":0,""rejectedSamples"":0,""lastRejectReason"":""none"",""lastRejectChannel"":-1,""lastRejectOkFiniteCount"":0,""lastRejectStatus"":255,""lastRejectGain"":0,""lastRejectSaturated"":false},""recovery"":{""wifiReconnectCount"":0,""wifiReconnectFailCount"":0,""mqttReconnectCount"":0,""mqttConnectFailCount"":0,""lastMqttState"":0,""adsRecoveryCount"":0,""adsRecoveryFailCount"":0,""adsReadFailStreak"":0,""lastReason"":""none"",""lastRecoveryMs"":0,""bootRecoveryArmed"":false,""bootRecoveryDueMs"":0,""bootRecoveryReason"":""none"",""bootRecoveryNonAdsFailure"":false,""bootRecoveryRestartCount"":0},""nulling"":{""done"":false,""retryArmed"":false,""attemptCount"":0,""nextRetryMs"":0,""thresholdV"":9.999999747E-06,""minFinalV"":0},""telemetry"":{""valid"":true,""sampleMs"":6900776,""gasClass"":6,""gasName"":""CO2"",""confidence"":0,""alarm"":false,""sensorVoltage"":[0.124685958,0.004067214,0.004799982,-0.00262202,-0.007110298,-0.011703587,-0.019531636,-0.025408924],""sensorGain"":[16,64,64,64,64,64,64,64],""sensorStatus"":[0,0,0,0,0,0,0,0],""featureOrder"":[""MQ8"",""MQ135"",""MQ3"",""MQ5"",""MQ4"",""MQ7"",""MQ6"",""MQ2""]},""alarmLatched"":false}"
2026-08-04 11:16:05.506 +07:00,524.386,HOT_SWEEP_70,70,700,300,1,0,0.125042647,0.00409332,0.004819278,-0.002625434,-0.007095552,-0.011713133,-0.019479599,-0.025404399,"{""deviceId"":""1001"",""nodeId"":4097,""targetChId"":""0010"",""mode"":""inference"",""uptimeMs"":6901832,""debugEnabled"":true,""power"":{""mode"":""24v"",""externalPower"":true,""batteryMv"":65535,""batteryValid"":false,""batteryDetected"":false,""batterySenseStatus"":""not_detected"",""batteryLow"":false,""batteryCritical"":false,""sourceAmbiguous"":false,""serviceHoldActive"":false,""serviceHoldEffective"":false},""batterySession"":{""state"":""inactive"",""startedMs"":0,""stateStartedMs"":0,""validSampleBatches"":0,""requiredSampleBatches"":10,""alarmTxAttempts"":0,""alarmTxAttemptLimit"":3,""alarmAckReceived"":false,""pendingAlarm"":false,""pendingSaveRequired"":false,""persistenceFaultHold"":false,""completionReason"":""session_done""},""bootHealth"":{""adsReady"":true,""adsDrdyLevel"":0,""adsDrdyPulldownLevel"":0,""adsDrdyPullupLevel"":0,""adsMisoPulldownLevel"":0,""adsMisoPullupLevel"":1,""adsCsLevel"":1,""adsSyncLevel"":1,""adsStatus"":54,""adsMux"":15,""adsAdcon"":6,""adsDrate"":240,""adsReason"":""ok"",""tcaOk"":true,""mcpOkCount"":8,""mcpOk"":[true,true,true,true,true,true,true,true],""mcpAddrMask"":[1,1,1,1,1,1,1,1],""mcpControlTested"":true,""mcpControlOkCount"":8,""mcpControlOk"":[true,true,true,true,true,true,true,true],""dacReady"":true,""radioReady"":true,""mlReady"":true,""nullingProfileApplied"":true,""modelProfileReady"":false},""runtimeMcpCode"":[255,519,795,706,799,865,665,139],""model"":{""profileId"":""cnn-dualbranch-datasheet-v1-unbound"",""scalerProfileId"":""cnn-dualbranch-datasheet-v1-unbound"",""productionApproved"":true,""boundNullingProfileId"":8,""activeNullingProfileId"":9,""bindingValid"":true,""bindingModelMatches"":true,""profileReady"":false,""inferenceValid"":false,""sensorFault"":true},""lora"":{""beginState"":0,""lastTxState"":0,""lastTxOk"":false,""txSeq"":0,""txCounter"":0,""aesKeyProvisioned"":true,""aesKeyPresent"":true,""aesKeySource"":""nvs"",""keyId"":1,""lastDownlinkCommandId"":0,""freqMHz"":920,""bwKHz"":125,""sf"":7,""cr"":5,""syncWord"":18,""txPowerDbm"":17,""preamble"":8,""tcxoVoltage"":1.600000024,""xtalVoltage"":0},""dataset"":{""state"":""idle"",""step"":""idle"",""label"":"""",""seq"":0,""targetSamples"":0,""sampleIntervalMs"":500,""maxDurationMs"":0,""useFanIntake"":true,""fanOnMs"":1000,""postFanSettleMs"":0,""nullingProfileId"":9,""queuePending"":0,""queueCapacity"":16,""queueEnqueued"":0,""queueDropped"":0,""publishFailCount"":0,""retryCount"":0,""retryFailCount"":0,""rejectedSamples"":0,""lastRejectReason"":""none"",""lastRejectChannel"":-1,""lastRejectOkFiniteCount"":0,""lastRejectStatus"":255,""lastRejectGain"":0,""lastRejectSaturated"":false},""recovery"":{""wifiReconnectCount"":0,""wifiReconnectFailCount"":0,""mqttReconnectCount"":0,""mqttConnectFailCount"":0,""lastMqttState"":0,""adsRecoveryCount"":0,""adsRecoveryFailCount"":0,""adsReadFailStreak"":0,""lastReason"":""none"",""lastRecoveryMs"":0,""bootRecoveryArmed"":false,""bootRecoveryDueMs"":0,""bootRecoveryReason"":""none"",""bootRecoveryNonAdsFailure"":false,""bootRecoveryRestartCount"":0},""nulling"":{""done"":false,""retryArmed"":false,""attemptCount"":0,""nextRetryMs"":0,""thresholdV"":9.999999747E-06,""minFinalV"":0},""telemetry"":{""valid"":true,""sampleMs"":6901425,""gasClass"":6,""gasName"":""CO2"",""confidence"":0,""alarm"":false,""sensorVoltage"":[0.125042647,0.00409332,0.004819278,-0.002625434,-0.007095552,-0.011713133,-0.019479599,-0.025404399],""sensorGain"":[16,64,64,64,64,64,64,64],""sensorStatus"":[0,0,0,0,0,0,0,0],""featureOrder"":[""MQ8"",""MQ135"",""MQ3"",""MQ5"",""MQ4"",""MQ7"",""MQ6"",""MQ2""]},""alarmLatched"":false}"
2026-08-04 11:16:06.198 +07:00,525.078,HOT_SWEEP_70,70,700,300,1,0,0.125233501,0.004131504,0.004846431,-0.002681404,-0.007098949,-0.011666132,-0.019508084,-0.025380114,"{""deviceId"":""1001"",""nodeId"":4097,""targetChId"":""0010"",""mode"":""inference"",""uptimeMs"":6902524,""debugEnabled"":true,""power"":{""mode"":""24v"",""externalPower"":true,""batteryMv"":65535,""batteryValid"":false,""batteryDetected"":false,""batterySenseStatus"":""not_detected"",""batteryLow"":false,""batteryCritical"":false,""sourceAmbiguous"":false,""serviceHoldActive"":false,""serviceHoldEffective"":false},""batterySession"":{""state"":""inactive"",""startedMs"":0,""stateStartedMs"":0,""validSampleBatches"":0,""requiredSampleBatches"":10,""alarmTxAttempts"":0,""alarmTxAttemptLimit"":3,""alarmAckReceived"":false,""pendingAlarm"":false,""pendingSaveRequired"":false,""persistenceFaultHold"":false,""completionReason"":""session_done""},""bootHealth"":{""adsReady"":true,""adsDrdyLevel"":0,""adsDrdyPulldownLevel"":0,""adsDrdyPullupLevel"":0,""adsMisoPulldownLevel"":0,""adsMisoPullupLevel"":1,""adsCsLevel"":1,""adsSyncLevel"":1,""adsStatus"":54,""adsMux"":15,""adsAdcon"":6,""adsDrate"":240,""adsReason"":""ok"",""tcaOk"":true,""mcpOkCount"":8,""mcpOk"":[true,true,true,true,true,true,true,true],""mcpAddrMask"":[1,1,1,1,1,1,1,1],""mcpControlTested"":true,""mcpControlOkCount"":8,""mcpControlOk"":[true,true,true,true,true,true,true,true],""dacReady"":true,""radioReady"":true,""mlReady"":true,""nullingProfileApplied"":true,""modelProfileReady"":false},""runtimeMcpCode"":[255,519,795,706,799,865,665,139],""model"":{""profileId"":""cnn-dualbranch-datasheet-v1-unbound"",""scalerProfileId"":""cnn-dualbranch-datasheet-v1-unbound"",""productionApproved"":true,""boundNullingProfileId"":8,""activeNullingProfileId"":9,""bindingValid"":true,""bindingModelMatches"":true,""profileReady"":false,""inferenceValid"":false,""sensorFault"":true},""lora"":{""beginState"":0,""lastTxState"":0,""lastTxOk"":false,""txSeq"":0,""txCounter"":0,""aesKeyProvisioned"":true,""aesKeyPresent"":true,""aesKeySource"":""nvs"",""keyId"":1,""lastDownlinkCommandId"":0,""freqMHz"":920,""bwKHz"":125,""sf"":7,""cr"":5,""syncWord"":18,""txPowerDbm"":17,""preamble"":8,""tcxoVoltage"":1.600000024,""xtalVoltage"":0},""dataset"":{""state"":""idle"",""step"":""idle"",""label"":"""",""seq"":0,""targetSamples"":0,""sampleIntervalMs"":500,""maxDurationMs"":0,""useFanIntake"":true,""fanOnMs"":1000,""postFanSettleMs"":0,""nullingProfileId"":9,""queuePending"":0,""queueCapacity"":16,""queueEnqueued"":0,""queueDropped"":0,""publishFailCount"":0,""retryCount"":0,""retryFailCount"":0,""rejectedSamples"":0,""lastRejectReason"":""none"",""lastRejectChannel"":-1,""lastRejectOkFiniteCount"":0,""lastRejectStatus"":255,""lastRejectGain"":0,""lastRejectSaturated"":false},""recovery"":{""wifiReconnectCount"":0,""wifiReconnectFailCount"":0,""mqttReconnectCount"":0,""mqttConnectFailCount"":0,""lastMqttState"":0,""adsRecoveryCount"":0,""adsRecoveryFailCount"":0,""adsReadFailStreak"":0,""lastReason"":""none"",""lastRecoveryMs"":0,""bootRecoveryArmed"":false,""bootRecoveryDueMs"":0,""bootRecoveryReason"":""none"",""bootRecoveryNonAdsFailure"":false,""bootRecoveryRestartCount"":0},""nulling"":{""done"":false,""retryArmed"":false,""attemptCount"":0,""nextRetryMs"":0,""thresholdV"":9.999999747E-06,""minFinalV"":0},""telemetry"":{""valid"":true,""sampleMs"":6902110,""gasClass"":6,""gasName"":""CO2"",""confidence"":0,""alarm"":false,""sensorVoltage"":[0.125233501,0.004131504,0.004846431,-0.002681404,-0.007098949,-0.011666132,-0.019508084,-0.025380114],""sensorGain"":[16,64,64,64,64,64,64,64],""sensorStatus"":[0,0,0,0,0,0,0,0],""featureOrder"":[""MQ8"",""MQ135"",""MQ3"",""MQ5"",""MQ4"",""MQ7"",""MQ6"",""MQ2""]},""alarmLatched"":false}"
2026-08-04 11:16:06.873 +07:00,525.754,HOT_SWEEP_70,70,700,300,1,0,0.125035122,0.004148864,0.004933092,-0.002682571,-0.007813828,-0.011631069,-0.019437524,-0.025363857,"{""deviceId"":""1001"",""nodeId"":4097,""targetChId"":""0010"",""mode"":""inference"",""uptimeMs"":6903208,""debugEnabled"":true,""power"":{""mode"":""24v"",""externalPower"":true,""batteryMv"":65535,""batteryValid"":false,""batteryDetected"":false,""batterySenseStatus"":""not_detected"",""batteryLow"":false,""batteryCritical"":false,""sourceAmbiguous"":false,""serviceHoldActive"":false,""serviceHoldEffective"":false},""batterySession"":{""state"":""inactive"",""startedMs"":0,""stateStartedMs"":0,""validSampleBatches"":0,""requiredSampleBatches"":10,""alarmTxAttempts"":0,""alarmTxAttemptLimit"":3,""alarmAckReceived"":false,""pendingAlarm"":false,""pendingSaveRequired"":false,""persistenceFaultHold"":false,""completionReason"":""session_done""},""bootHealth"":{""adsReady"":true,""adsDrdyLevel"":0,""adsDrdyPulldownLevel"":0,""adsDrdyPullupLevel"":0,""adsMisoPulldownLevel"":0,""adsMisoPullupLevel"":1,""adsCsLevel"":1,""adsSyncLevel"":1,""adsStatus"":54,""adsMux"":15,""adsAdcon"":6,""adsDrate"":240,""adsReason"":""ok"",""tcaOk"":true,""mcpOkCount"":8,""mcpOk"":[true,true,true,true,true,true,true,true],""mcpAddrMask"":[1,1,1,1,1,1,1,1],""mcpControlTested"":true,""mcpControlOkCount"":8,""mcpControlOk"":[true,true,true,true,true,true,true,true],""dacReady"":true,""radioReady"":true,""mlReady"":true,""nullingProfileApplied"":true,""modelProfileReady"":false},""runtimeMcpCode"":[255,519,795,706,799,865,665,139],""model"":{""profileId"":""cnn-dualbranch-datasheet-v1-unbound"",""scalerProfileId"":""cnn-dualbranch-datasheet-v1-unbound"",""productionApproved"":true,""boundNullingProfileId"":8,""activeNullingProfileId"":9,""bindingValid"":true,""bindingModelMatches"":true,""profileReady"":false,""inferenceValid"":false,""sensorFault"":true},""lora"":{""beginState"":0,""lastTxState"":0,""lastTxOk"":false,""txSeq"":0,""txCounter"":0,""aesKeyProvisioned"":true,""aesKeyPresent"":true,""aesKeySource"":""nvs"",""keyId"":1,""lastDownlinkCommandId"":0,""freqMHz"":920,""bwKHz"":125,""sf"":7,""cr"":5,""syncWord"":18,""txPowerDbm"":17,""preamble"":8,""tcxoVoltage"":1.600000024,""xtalVoltage"":0},""dataset"":{""state"":""idle"",""step"":""idle"",""label"":"""",""seq"":0,""targetSamples"":0,""sampleIntervalMs"":500,""maxDurationMs"":0,""useFanIntake"":true,""fanOnMs"":1000,""postFanSettleMs"":0,""nullingProfileId"":9,""queuePending"":0,""queueCapacity"":16,""queueEnqueued"":0,""queueDropped"":0,""publishFailCount"":0,""retryCount"":0,""retryFailCount"":0,""rejectedSamples"":0,""lastRejectReason"":""none"",""lastRejectChannel"":-1,""lastRejectOkFiniteCount"":0,""lastRejectStatus"":255,""lastRejectGain"":0,""lastRejectSaturated"":false},""recovery"":{""wifiReconnectCount"":0,""wifiReconnectFailCount"":0,""mqttReconnectCount"":0,""mqttConnectFailCount"":0,""lastMqttState"":0,""adsRecoveryCount"":0,""adsRecoveryFailCount"":0,""adsReadFailStreak"":0,""lastReason"":""none"",""lastRecoveryMs"":0,""bootRecoveryArmed"":false,""bootRecoveryDueMs"":0,""bootRecoveryReason"":""none"",""bootRecoveryNonAdsFailure"":false,""bootRecoveryRestartCount"":0},""nulling"":{""done"":false,""retryArmed"":false,""attemptCount"":0,""nextRetryMs"":0,""thresholdV"":9.999999747E-06,""minFinalV"":0},""telemetry"":{""valid"":true,""sampleMs"":6902834,""gasClass"":6,""gasName"":""CO2"",""confidence"":0,""alarm"":false,""sensorVoltage"":[0.125035122,0.004148864,0.004933092,-0.002682571,-0.007813828,-0.011631069,-0.019437524,-0.025363857],""sensorGain"":[16,64,64,64,64,64,64,64],""sensorStatus"":[0,0,0,0,0,0,0,0],""featureOrder"":[""MQ8"",""MQ135"",""MQ3"",""MQ5"",""MQ4"",""MQ7"",""MQ6"",""MQ2""]},""alarmLatched"":false}"
2026-08-04 11:16:07.542 +07:00,526.423,HOT_SWEEP_70,70,700,300,1,0,0.125262856,0.004129038,0.004892566,-0.002686517,-0.008394313,-0.011616983,-0.019379819,-0.02541,"{""deviceId"":""1001"",""nodeId"":4097,""targetChId"":""0010"",""mode"":""inference"",""uptimeMs"":6903880,""debugEnabled"":true,""power"":{""mode"":""24v"",""externalPower"":true,""batteryMv"":65535,""batteryValid"":false,""batteryDetected"":false,""batterySenseStatus"":""not_detected"",""batteryLow"":false,""batteryCritical"":false,""sourceAmbiguous"":false,""serviceHoldActive"":false,""serviceHoldEffective"":false},""batterySession"":{""state"":""inactive"",""startedMs"":0,""stateStartedMs"":0,""validSampleBatches"":0,""requiredSampleBatches"":10,""alarmTxAttempts"":0,""alarmTxAttemptLimit"":3,""alarmAckReceived"":false,""pendingAlarm"":false,""pendingSaveRequired"":false,""persistenceFaultHold"":false,""completionReason"":""session_done""},""bootHealth"":{""adsReady"":true,""adsDrdyLevel"":0,""adsDrdyPulldownLevel"":0,""adsDrdyPullupLevel"":0,""adsMisoPulldownLevel"":0,""adsMisoPullupLevel"":1,""adsCsLevel"":1,""adsSyncLevel"":1,""adsStatus"":54,""adsMux"":15,""adsAdcon"":6,""adsDrate"":240,""adsReason"":""ok"",""tcaOk"":true,""mcpOkCount"":8,""mcpOk"":[true,true,true,true,true,true,true,true],""mcpAddrMask"":[1,1,1,1,1,1,1,1],""mcpControlTested"":true,""mcpControlOkCount"":8,""mcpControlOk"":[true,true,true,true,true,true,true,true],""dacReady"":true,""radioReady"":true,""mlReady"":true,""nullingProfileApplied"":true,""modelProfileReady"":false},""runtimeMcpCode"":[255,519,795,706,799,865,665,139],""model"":{""profileId"":""cnn-dualbranch-datasheet-v1-unbound"",""scalerProfileId"":""cnn-dualbranch-datasheet-v1-unbound"",""productionApproved"":true,""boundNullingProfileId"":8,""activeNullingProfileId"":9,""bindingValid"":true,""bindingModelMatches"":true,""profileReady"":false,""inferenceValid"":false,""sensorFault"":true},""lora"":{""beginState"":0,""lastTxState"":0,""lastTxOk"":false,""txSeq"":0,""txCounter"":0,""aesKeyProvisioned"":true,""aesKeyPresent"":true,""aesKeySource"":""nvs"",""keyId"":1,""lastDownlinkCommandId"":0,""freqMHz"":920,""bwKHz"":125,""sf"":7,""cr"":5,""syncWord"":18,""txPowerDbm"":17,""preamble"":8,""tcxoVoltage"":1.600000024,""xtalVoltage"":0},""dataset"":{""state"":""idle"",""step"":""idle"",""label"":"""",""seq"":0,""targetSamples"":0,""sampleIntervalMs"":500,""maxDurationMs"":0,""useFanIntake"":true,""fanOnMs"":1000,""postFanSettleMs"":0,""nullingProfileId"":9,""queuePending"":0,""queueCapacity"":16,""queueEnqueued"":0,""queueDropped"":0,""publishFailCount"":0,""retryCount"":0,""retryFailCount"":0,""rejectedSamples"":0,""lastRejectReason"":""none"",""lastRejectChannel"":-1,""lastRejectOkFiniteCount"":0,""lastRejectStatus"":255,""lastRejectGain"":0,""lastRejectSaturated"":false},""recovery"":{""wifiReconnectCount"":0,""wifiReconnectFailCount"":0,""mqttReconnectCount"":0,""mqttConnectFailCount"":0,""lastMqttState"":0,""adsRecoveryCount"":0,""adsRecoveryFailCount"":0,""adsReadFailStreak"":0,""lastReason"":""none"",""lastRecoveryMs"":0,""bootRecoveryArmed"":false,""bootRecoveryDueMs"":0,""bootRecoveryReason"":""none"",""bootRecoveryNonAdsFailure"":false,""bootRecoveryRestartCount"":0},""nulling"":{""done"":false,""retryArmed"":false,""attemptCount"":0,""nextRetryMs"":0,""thresholdV"":9.999999747E-06,""minFinalV"":0},""telemetry"":{""valid"":true,""sampleMs"":6903486,""gasClass"":6,""gasName"":""CO2"",""confidence"":0,""alarm"":false,""sensorVoltage"":[0.125262856,0.004129038,0.004892566,-0.002686517,-0.008394313,-0.011616983,-0.019379819,-0.02541],""sensorGain"":[16,64,64,64,64,64,64,64],""sensorStatus"":[0,0,0,0,0,0,0,0],""featureOrder"":[""MQ8"",""MQ135"",""MQ3"",""MQ5"",""MQ4"",""MQ7"",""MQ6"",""MQ2""]},""alarmLatched"":false}"
2026-08-04 11:16:08.228 +07:00,527.109,HOT_SWEEP_70,70,700,300,1,0,0.125768811,0.004047084,0.004880418,-0.002669241,-0.00838825,-0.011632969,-0.019060245,-0.024940951,"{""deviceId"":""1001"",""nodeId"":4097,""targetChId"":""0010"",""mode"":""inference"",""uptimeMs"":6904557,""debugEnabled"":true,""power"":{""mode"":""24v"",""externalPower"":true,""batteryMv"":65535,""batteryValid"":false,""batteryDetected"":false,""batterySenseStatus"":""not_detected"",""batteryLow"":false,""batteryCritical"":false,""sourceAmbiguous"":false,""serviceHoldActive"":false,""serviceHoldEffective"":false},""batterySession"":{""state"":""inactive"",""startedMs"":0,""stateStartedMs"":0,""validSampleBatches"":0,""requiredSampleBatches"":10,""alarmTxAttempts"":0,""alarmTxAttemptLimit"":3,""alarmAckReceived"":false,""pendingAlarm"":false,""pendingSaveRequired"":false,""persistenceFaultHold"":false,""completionReason"":""session_done""},""bootHealth"":{""adsReady"":true,""adsDrdyLevel"":0,""adsDrdyPulldownLevel"":0,""adsDrdyPullupLevel"":0,""adsMisoPulldownLevel"":0,""adsMisoPullupLevel"":1,""adsCsLevel"":1,""adsSyncLevel"":1,""adsStatus"":54,""adsMux"":15,""adsAdcon"":6,""adsDrate"":240,""adsReason"":""ok"",""tcaOk"":true,""mcpOkCount"":8,""mcpOk"":[true,true,true,true,true,true,true,true],""mcpAddrMask"":[1,1,1,1,1,1,1,1],""mcpControlTested"":true,""mcpControlOkCount"":8,""mcpControlOk"":[true,true,true,true,true,true,true,true],""dacReady"":true,""radioReady"":true,""mlReady"":true,""nullingProfileApplied"":true,""modelProfileReady"":false},""runtimeMcpCode"":[255,519,795,706,799,865,665,139],""model"":{""profileId"":""cnn-dualbranch-datasheet-v1-unbound"",""scalerProfileId"":""cnn-dualbranch-datasheet-v1-unbound"",""productionApproved"":true,""boundNullingProfileId"":8,""activeNullingProfileId"":9,""bindingValid"":true,""bindingModelMatches"":true,""profileReady"":false,""inferenceValid"":false,""sensorFault"":true},""lora"":{""beginState"":0,""lastTxState"":0,""lastTxOk"":false,""txSeq"":0,""txCounter"":0,""aesKeyProvisioned"":true,""aesKeyPresent"":true,""aesKeySource"":""nvs"",""keyId"":1,""lastDownlinkCommandId"":0,""freqMHz"":920,""bwKHz"":125,""sf"":7,""cr"":5,""syncWord"":18,""txPowerDbm"":17,""preamble"":8,""tcxoVoltage"":1.600000024,""xtalVoltage"":0},""dataset"":{""state"":""idle"",""step"":""idle"",""label"":"""",""seq"":0,""targetSamples"":0,""sampleIntervalMs"":500,""maxDurationMs"":0,""useFanIntake"":true,""fanOnMs"":1000,""postFanSettleMs"":0,""nullingProfileId"":9,""queuePending"":0,""queueCapacity"":16,""queueEnqueued"":0,""queueDropped"":0,""publishFailCount"":0,""retryCount"":0,""retryFailCount"":0,""rejectedSamples"":0,""lastRejectReason"":""none"",""lastRejectChannel"":-1,""lastRejectOkFiniteCount"":0,""lastRejectStatus"":255,""lastRejectGain"":0,""lastRejectSaturated"":false},""recovery"":{""wifiReconnectCount"":0,""wifiReconnectFailCount"":0,""mqttReconnectCount"":0,""mqttConnectFailCount"":0,""lastMqttState"":0,""adsRecoveryCount"":0,""adsRecoveryFailCount"":0,""adsReadFailStreak"":0,""lastReason"":""none"",""lastRecoveryMs"":0,""bootRecoveryArmed"":false,""bootRecoveryDueMs"":0,""bootRecoveryReason"":""none"",""bootRecoveryNonAdsFailure"":false,""bootRecoveryRestartCount"":0},""nulling"":{""done"":false,""retryArmed"":false,""attemptCount"":0,""nextRetryMs"":0,""thresholdV"":9.999999747E-06,""minFinalV"":0},""telemetry"":{""valid"":true,""sampleMs"":6904158,""gasClass"":6,""gasName"":""CO2"",""confidence"":0,""alarm"":false,""sensorVoltage"":[0.125768811,0.004047084,0.004880418,-0.002669241,-0.00838825,-0.011632969,-0.019060245,-0.024940951],""sensorGain"":[16,64,64,64,64,64,64,64],""sensorStatus"":[0,0,0,0,0,0,0,0],""featureOrder"":[""MQ8"",""MQ135"",""MQ3"",""MQ5"",""MQ4"",""MQ7"",""MQ6"",""MQ2""]},""alarmLatched"":false}"
2026-08-04 11:16:08.903 +07:00,527.784,HOT_SWEEP_70,70,700,300,1,0,0.125297204,0.00403978,0.004949963,-0.002693789,-0.009024324,-0.01163212,-0.019444479,-0.025390264,"{""deviceId"":""1001"",""nodeId"":4097,""targetChId"":""0010"",""mode"":""inference"",""uptimeMs"":6905237,""debugEnabled"":true,""power"":{""mode"":""24v"",""externalPower"":true,""batteryMv"":65535,""batteryValid"":false,""batteryDetected"":false,""batterySenseStatus"":""not_detected"",""batteryLow"":false,""batteryCritical"":false,""sourceAmbiguous"":false,""serviceHoldActive"":false,""serviceHoldEffective"":false},""batterySession"":{""state"":""inactive"",""startedMs"":0,""stateStartedMs"":0,""validSampleBatches"":0,""requiredSampleBatches"":10,""alarmTxAttempts"":0,""alarmTxAttemptLimit"":3,""alarmAckReceived"":false,""pendingAlarm"":false,""pendingSaveRequired"":false,""persistenceFaultHold"":false,""completionReason"":""session_done""},""bootHealth"":{""adsReady"":true,""adsDrdyLevel"":0,""adsDrdyPulldownLevel"":0,""adsDrdyPullupLevel"":0,""adsMisoPulldownLevel"":0,""adsMisoPullupLevel"":1,""adsCsLevel"":1,""adsSyncLevel"":1,""adsStatus"":54,""adsMux"":15,""adsAdcon"":6,""adsDrate"":240,""adsReason"":""ok"",""tcaOk"":true,""mcpOkCount"":8,""mcpOk"":[true,true,true,true,true,true,true,true],""mcpAddrMask"":[1,1,1,1,1,1,1,1],""mcpControlTested"":true,""mcpControlOkCount"":8,""mcpControlOk"":[true,true,true,true,true,true,true,true],""dacReady"":true,""radioReady"":true,""mlReady"":true,""nullingProfileApplied"":true,""modelProfileReady"":false},""runtimeMcpCode"":[255,519,795,706,799,865,665,139],""model"":{""profileId"":""cnn-dualbranch-datasheet-v1-unbound"",""scalerProfileId"":""cnn-dualbranch-datasheet-v1-unbound"",""productionApproved"":true,""boundNullingProfileId"":8,""activeNullingProfileId"":9,""bindingValid"":true,""bindingModelMatches"":true,""profileReady"":false,""inferenceValid"":false,""sensorFault"":true},""lora"":{""beginState"":0,""lastTxState"":0,""lastTxOk"":false,""txSeq"":0,""txCounter"":0,""aesKeyProvisioned"":true,""aesKeyPresent"":true,""aesKeySource"":""nvs"",""keyId"":1,""lastDownlinkCommandId"":0,""freqMHz"":920,""bwKHz"":125,""sf"":7,""cr"":5,""syncWord"":18,""txPowerDbm"":17,""preamble"":8,""tcxoVoltage"":1.600000024,""xtalVoltage"":0},""dataset"":{""state"":""idle"",""step"":""idle"",""label"":"""",""seq"":0,""targetSamples"":0,""sampleIntervalMs"":500,""maxDurationMs"":0,""useFanIntake"":true,""fanOnMs"":1000,""postFanSettleMs"":0,""nullingProfileId"":9,""queuePending"":0,""queueCapacity"":16,""queueEnqueued"":0,""queueDropped"":0,""publishFailCount"":0,""retryCount"":0,""retryFailCount"":0,""rejectedSamples"":0,""lastRejectReason"":""none"",""lastRejectChannel"":-1,""lastRejectOkFiniteCount"":0,""lastRejectStatus"":255,""lastRejectGain"":0,""lastRejectSaturated"":false},""recovery"":{""wifiReconnectCount"":0,""wifiReconnectFailCount"":0,""mqttReconnectCount"":0,""mqttConnectFailCount"":0,""lastMqttState"":0,""adsRecoveryCount"":0,""adsRecoveryFailCount"":0,""adsReadFailStreak"":0,""lastReason"":""none"",""lastRecoveryMs"":0,""bootRecoveryArmed"":false,""bootRecoveryDueMs"":0,""bootRecoveryReason"":""none"",""bootRecoveryNonAdsFailure"":false,""bootRecoveryRestartCount"":0},""nulling"":{""done"":false,""retryArmed"":false,""attemptCount"":0,""nextRetryMs"":0,""thresholdV"":9.999999747E-06,""minFinalV"":0},""telemetry"":{""valid"":true,""sampleMs"":6904867,""gasClass"":6,""gasName"":""CO2"",""confidence"":0,""alarm"":false,""sensorVoltage"":[0.125297204,0.00403978,0.004949963,-0.002693789,-0.009024324,-0.01163212,-0.019444479,-0.025390264],""sensorGain"":[16,64,64,64,64,64,64,64],""sensorStatus"":[0,0,0,0,0,0,0,0],""featureOrder"":[""MQ8"",""MQ135"",""MQ3"",""MQ5"",""MQ4"",""MQ7"",""MQ6"",""MQ2""]},""alarmLatched"":false}"
2026-08-04 11:16:09.593 +07:00,528.474,HOT_SWEEP_70,70,700,300,1,0,0.124819264,0.004009698,0.004869266,-0.002662853,-0.009306747,-0.011639478,-0.019530468,-0.025386732,"{""deviceId"":""1001"",""nodeId"":4097,""targetChId"":""0010"",""mode"":""inference"",""uptimeMs"":6905924,""debugEnabled"":true,""power"":{""mode"":""24v"",""externalPower"":true,""batteryMv"":65535,""batteryValid"":false,""batteryDetected"":false,""batterySenseStatus"":""not_detected"",""batteryLow"":false,""batteryCritical"":false,""sourceAmbiguous"":false,""serviceHoldActive"":false,""serviceHoldEffective"":false},""batterySession"":{""state"":""inactive"",""startedMs"":0,""stateStartedMs"":0,""validSampleBatches"":0,""requiredSampleBatches"":10,""alarmTxAttempts"":0,""alarmTxAttemptLimit"":3,""alarmAckReceived"":false,""pendingAlarm"":false,""pendingSaveRequired"":false,""persistenceFaultHold"":false,""completionReason"":""session_done""},""bootHealth"":{""adsReady"":true,""adsDrdyLevel"":0,""adsDrdyPulldownLevel"":0,""adsDrdyPullupLevel"":0,""adsMisoPulldownLevel"":0,""adsMisoPullupLevel"":1,""adsCsLevel"":1,""adsSyncLevel"":1,""adsStatus"":54,""adsMux"":15,""adsAdcon"":6,""adsDrate"":240,""adsReason"":""ok"",""tcaOk"":true,""mcpOkCount"":8,""mcpOk"":[true,true,true,true,true,true,true,true],""mcpAddrMask"":[1,1,1,1,1,1,1,1],""mcpControlTested"":true,""mcpControlOkCount"":8,""mcpControlOk"":[true,true,true,true,true,true,true,true],""dacReady"":true,""radioReady"":true,""mlReady"":true,""nullingProfileApplied"":true,""modelProfileReady"":false},""runtimeMcpCode"":[255,519,795,706,799,865,665,139],""model"":{""profileId"":""cnn-dualbranch-datasheet-v1-unbound"",""scalerProfileId"":""cnn-dualbranch-datasheet-v1-unbound"",""productionApproved"":true,""boundNullingProfileId"":8,""activeNullingProfileId"":9,""bindingValid"":true,""bindingModelMatches"":true,""profileReady"":false,""inferenceValid"":false,""sensorFault"":true},""lora"":{""beginState"":0,""lastTxState"":0,""lastTxOk"":false,""txSeq"":0,""txCounter"":0,""aesKeyProvisioned"":true,""aesKeyPresent"":true,""aesKeySource"":""nvs"",""keyId"":1,""lastDownlinkCommandId"":0,""freqMHz"":920,""bwKHz"":125,""sf"":7,""cr"":5,""syncWord"":18,""txPowerDbm"":17,""preamble"":8,""tcxoVoltage"":1.600000024,""xtalVoltage"":0},""dataset"":{""state"":""idle"",""step"":""idle"",""label"":"""",""seq"":0,""targetSamples"":0,""sampleIntervalMs"":500,""maxDurationMs"":0,""useFanIntake"":true,""fanOnMs"":1000,""postFanSettleMs"":0,""nullingProfileId"":9,""queuePending"":0,""queueCapacity"":16,""queueEnqueued"":0,""queueDropped"":0,""publishFailCount"":0,""retryCount"":0,""retryFailCount"":0,""rejectedSamples"":0,""lastRejectReason"":""none"",""lastRejectChannel"":-1,""lastRejectOkFiniteCount"":0,""lastRejectStatus"":255,""lastRejectGain"":0,""lastRejectSaturated"":false},""recovery"":{""wifiReconnectCount"":0,""wifiReconnectFailCount"":0,""mqttReconnectCount"":0,""mqttConnectFailCount"":0,""lastMqttState"":0,""adsRecoveryCount"":0,""adsRecoveryFailCount"":0,""adsReadFailStreak"":0,""lastReason"":""none"",""lastRecoveryMs"":0,""bootRecoveryArmed"":false,""bootRecoveryDueMs"":0,""bootRecoveryReason"":""none"",""bootRecoveryNonAdsFailure"":false,""bootRecoveryRestartCount"":0},""nulling"":{""done"":false,""retryArmed"":false,""attemptCount"":0,""nextRetryMs"":0,""thresholdV"":9.999999747E-06,""minFinalV"":0},""telemetry"":{""valid"":true,""sampleMs"":6905515,""gasClass"":6,""gasName"":""CO2"",""confidence"":0,""alarm"":false,""sensorVoltage"":[0.124819264,0.004009698,0.004869266,-0.002662853,-0.009306747,-0.011639478,-0.019530468,-0.025386732],""sensorGain"":[16,64,64,64,64,64,64,64],""sensorStatus"":[0,0,0,0,0,0,0,0],""featureOrder"":[""MQ8"",""MQ135"",""MQ3"",""MQ5"",""MQ4"",""MQ7"",""MQ6"",""MQ2""]},""alarmLatched"":false}"
2026-08-04 11:16:10.274 +07:00,529.155,HOT_SWEEP_70,70,700,300,1,0,0.125656992,0.003933583,0.004855243,-0.002624104,-0.009061221,-0.011332435,-0.019159034,-0.024936732,"{""deviceId"":""1001"",""nodeId"":4097,""targetChId"":""0010"",""mode"":""inference"",""uptimeMs"":6906605,""debugEnabled"":true,""power"":{""mode"":""24v"",""externalPower"":true,""batteryMv"":65535,""batteryValid"":false,""batteryDetected"":false,""batterySenseStatus"":""not_detected"",""batteryLow"":false,""batteryCritical"":false,""sourceAmbiguous"":false,""serviceHoldActive"":false,""serviceHoldEffective"":false},""batterySession"":{""state"":""inactive"",""startedMs"":0,""stateStartedMs"":0,""validSampleBatches"":0,""requiredSampleBatches"":10,""alarmTxAttempts"":0,""alarmTxAttemptLimit"":3,""alarmAckReceived"":false,""pendingAlarm"":false,""pendingSaveRequired"":false,""persistenceFaultHold"":false,""completionReason"":""session_done""},""bootHealth"":{""adsReady"":true,""adsDrdyLevel"":0,""adsDrdyPulldownLevel"":0,""adsDrdyPullupLevel"":0,""adsMisoPulldownLevel"":0,""adsMisoPullupLevel"":1,""adsCsLevel"":1,""adsSyncLevel"":1,""adsStatus"":54,""adsMux"":15,""adsAdcon"":6,""adsDrate"":240,""adsReason"":""ok"",""tcaOk"":true,""mcpOkCount"":8,""mcpOk"":[true,true,true,true,true,true,true,true],""mcpAddrMask"":[1,1,1,1,1,1,1,1],""mcpControlTested"":true,""mcpControlOkCount"":8,""mcpControlOk"":[true,true,true,true,true,true,true,true],""dacReady"":true,""radioReady"":true,""mlReady"":true,""nullingProfileApplied"":true,""modelProfileReady"":false},""runtimeMcpCode"":[255,519,795,706,799,865,665,139],""model"":{""profileId"":""cnn-dualbranch-datasheet-v1-unbound"",""scalerProfileId"":""cnn-dualbranch-datasheet-v1-unbound"",""productionApproved"":true,""boundNullingProfileId"":8,""activeNullingProfileId"":9,""bindingValid"":true,""bindingModelMatches"":true,""profileReady"":false,""inferenceValid"":false,""sensorFault"":true},""lora"":{""beginState"":0,""lastTxState"":0,""lastTxOk"":false,""txSeq"":0,""txCounter"":0,""aesKeyProvisioned"":true,""aesKeyPresent"":true,""aesKeySource"":""nvs"",""keyId"":1,""lastDownlinkCommandId"":0,""freqMHz"":920,""bwKHz"":125,""sf"":7,""cr"":5,""syncWord"":18,""txPowerDbm"":17,""preamble"":8,""tcxoVoltage"":1.600000024,""xtalVoltage"":0},""dataset"":{""state"":""idle"",""step"":""idle"",""label"":"""",""seq"":0,""targetSamples"":0,""sampleIntervalMs"":500,""maxDurationMs"":0,""useFanIntake"":true,""fanOnMs"":1000,""postFanSettleMs"":0,""nullingProfileId"":9,""queuePending"":0,""queueCapacity"":16,""queueEnqueued"":0,""queueDropped"":0,""publishFailCount"":0,""retryCount"":0,""retryFailCount"":0,""rejectedSamples"":0,""lastRejectReason"":""none"",""lastRejectChannel"":-1,""lastRejectOkFiniteCount"":0,""lastRejectStatus"":255,""lastRejectGain"":0,""lastRejectSaturated"":false},""recovery"":{""wifiReconnectCount"":0,""wifiReconnectFailCount"":0,""mqttReconnectCount"":0,""mqttConnectFailCount"":0,""lastMqttState"":0,""adsRecoveryCount"":0,""adsRecoveryFailCount"":0,""adsReadFailStreak"":0,""lastReason"":""none"",""lastRecoveryMs"":0,""bootRecoveryArmed"":false,""bootRecoveryDueMs"":0,""bootRecoveryReason"":""none"",""bootRecoveryNonAdsFailure"":false,""bootRecoveryRestartCount"":0},""nulling"":{""done"":false,""retryArmed"":false,""attemptCount"":0,""nextRetryMs"":0,""thresholdV"":9.999999747E-06,""minFinalV"":0},""telemetry"":{""valid"":true,""sampleMs"":6906202,""gasClass"":6,""gasName"":""CO2"",""confidence"":0,""alarm"":false,""sensorVoltage"":[0.125656992,0.003933583,0.004855243,-0.002624104,-0.009061221,-0.011332435,-0.019159034,-0.024936732],""sensorGain"":[16,64,64,64,64,64,64,64],""sensorStatus"":[0,0,0,0,0,0,0,0],""featureOrder"":[""MQ8"",""MQ135"",""MQ3"",""MQ5"",""MQ4"",""MQ7"",""MQ6"",""MQ2""]},""alarmLatched"":false}"
2026-08-04 11:16:10.985 +07:00,529.865,HOT_SWEEP_70,70,700,300,1,0,0.125376493,0.003861846,0.004855364,-0.002623293,-0.009012778,-0.011638123,-0.019549754,-0.025346318,"{""deviceId"":""1001"",""nodeId"":4097,""targetChId"":""0010"",""mode"":""inference"",""uptimeMs"":6907311,""debugEnabled"":true,""power"":{""mode"":""24v"",""externalPower"":true,""batteryMv"":65535,""batteryValid"":false,""batteryDetected"":false,""batterySenseStatus"":""not_detected"",""batteryLow"":false,""batteryCritical"":false,""sourceAmbiguous"":false,""serviceHoldActive"":false,""serviceHoldEffective"":false},""batterySession"":{""state"":""inactive"",""startedMs"":0,""stateStartedMs"":0,""validSampleBatches"":0,""requiredSampleBatches"":10,""alarmTxAttempts"":0,""alarmTxAttemptLimit"":3,""alarmAckReceived"":false,""pendingAlarm"":false,""pendingSaveRequired"":false,""persistenceFaultHold"":false,""completionReason"":""session_done""},""bootHealth"":{""adsReady"":true,""adsDrdyLevel"":0,""adsDrdyPulldownLevel"":0,""adsDrdyPullupLevel"":0,""adsMisoPulldownLevel"":0,""adsMisoPullupLevel"":1,""adsCsLevel"":1,""adsSyncLevel"":1,""adsStatus"":54,""adsMux"":15,""adsAdcon"":6,""adsDrate"":240,""adsReason"":""ok"",""tcaOk"":true,""mcpOkCount"":8,""mcpOk"":[true,true,true,true,true,true,true,true],""mcpAddrMask"":[1,1,1,1,1,1,1,1],""mcpControlTested"":true,""mcpControlOkCount"":8,""mcpControlOk"":[true,true,true,true,true,true,true,true],""dacReady"":true,""radioReady"":true,""mlReady"":true,""nullingProfileApplied"":true,""modelProfileReady"":false},""runtimeMcpCode"":[255,519,795,706,799,865,665,139],""model"":{""profileId"":""cnn-dualbranch-datasheet-v1-unbound"",""scalerProfileId"":""cnn-dualbranch-datasheet-v1-unbound"",""productionApproved"":true,""boundNullingProfileId"":8,""activeNullingProfileId"":9,""bindingValid"":true,""bindingModelMatches"":true,""profileReady"":false,""inferenceValid"":false,""sensorFault"":true},""lora"":{""beginState"":0,""lastTxState"":0,""lastTxOk"":false,""txSeq"":0,""txCounter"":0,""aesKeyProvisioned"":true,""aesKeyPresent"":true,""aesKeySource"":""nvs"",""keyId"":1,""lastDownlinkCommandId"":0,""freqMHz"":920,""bwKHz"":125,""sf"":7,""cr"":5,""syncWord"":18,""txPowerDbm"":17,""preamble"":8,""tcxoVoltage"":1.600000024,""xtalVoltage"":0},""dataset"":{""state"":""idle"",""step"":""idle"",""label"":"""",""seq"":0,""targetSamples"":0,""sampleIntervalMs"":500,""maxDurationMs"":0,""useFanIntake"":true,""fanOnMs"":1000,""postFanSettleMs"":0,""nullingProfileId"":9,""queuePending"":0,""queueCapacity"":16,""queueEnqueued"":0,""queueDropped"":0,""publishFailCount"":0,""retryCount"":0,""retryFailCount"":0,""rejectedSamples"":0,""lastRejectReason"":""none"",""lastRejectChannel"":-1,""lastRejectOkFiniteCount"":0,""lastRejectStatus"":255,""lastRejectGain"":0,""lastRejectSaturated"":false},""recovery"":{""wifiReconnectCount"":0,""wifiReconnectFailCount"":0,""mqttReconnectCount"":0,""mqttConnectFailCount"":0,""lastMqttState"":0,""adsRecoveryCount"":0,""adsRecoveryFailCount"":0,""adsReadFailStreak"":0,""lastReason"":""none"",""lastRecoveryMs"":0,""bootRecoveryArmed"":false,""bootRecoveryDueMs"":0,""bootRecoveryReason"":""none"",""bootRecoveryNonAdsFailure"":false,""bootRecoveryRestartCount"":0},""nulling"":{""done"":false,""retryArmed"":false,""attemptCount"":0,""nextRetryMs"":0,""thresholdV"":9.999999747E-06,""minFinalV"":0},""telemetry"":{""valid"":true,""sampleMs"":6906915,""gasClass"":6,""gasName"":""CO2"",""confidence"":0,""alarm"":false,""sensorVoltage"":[0.125376493,0.003861846,0.004855364,-0.002623293,-0.009012778,-0.011638123,-0.019549754,-0.025346318],""sensorGain"":[16,64,64,64,64,64,64,64],""sensorStatus"":[0,0,0,0,0,0,0,0],""featureOrder"":[""MQ8"",""MQ135"",""MQ3"",""MQ5"",""MQ4"",""MQ7"",""MQ6"",""MQ2""]},""alarmLatched"":false}"
2026-08-04 11:16:11.677 +07:00,530.558,HOT_SWEEP_70,70,700,300,1,0,0.124449447,0.003821191,0.004855141,-0.002609961,-0.009015304,-0.011640077,-0.019566927,-0.025344655,"{""deviceId"":""1001"",""nodeId"":4097,""targetChId"":""0010"",""mode"":""inference"",""uptimeMs"":6908005,""debugEnabled"":true,""power"":{""mode"":""24v"",""externalPower"":true,""batteryMv"":65535,""batteryValid"":false,""batteryDetected"":false,""batterySenseStatus"":""not_detected"",""batteryLow"":false,""batteryCritical"":false,""sourceAmbiguous"":false,""serviceHoldActive"":false,""serviceHoldEffective"":false},""batterySession"":{""state"":""inactive"",""startedMs"":0,""stateStartedMs"":0,""validSampleBatches"":0,""requiredSampleBatches"":10,""alarmTxAttempts"":0,""alarmTxAttemptLimit"":3,""alarmAckReceived"":false,""pendingAlarm"":false,""pendingSaveRequired"":false,""persistenceFaultHold"":false,""completionReason"":""session_done""},""bootHealth"":{""adsReady"":true,""adsDrdyLevel"":0,""adsDrdyPulldownLevel"":0,""adsDrdyPullupLevel"":0,""adsMisoPulldownLevel"":0,""adsMisoPullupLevel"":1,""adsCsLevel"":1,""adsSyncLevel"":1,""adsStatus"":54,""adsMux"":15,""adsAdcon"":6,""adsDrate"":240,""adsReason"":""ok"",""tcaOk"":true,""mcpOkCount"":8,""mcpOk"":[true,true,true,true,true,true,true,true],""mcpAddrMask"":[1,1,1,1,1,1,1,1],""mcpControlTested"":true,""mcpControlOkCount"":8,""mcpControlOk"":[true,true,true,true,true,true,true,true],""dacReady"":true,""radioReady"":true,""mlReady"":true,""nullingProfileApplied"":true,""modelProfileReady"":false},""runtimeMcpCode"":[255,519,795,706,799,865,665,139],""model"":{""profileId"":""cnn-dualbranch-datasheet-v1-unbound"",""scalerProfileId"":""cnn-dualbranch-datasheet-v1-unbound"",""productionApproved"":true,""boundNullingProfileId"":8,""activeNullingProfileId"":9,""bindingValid"":true,""bindingModelMatches"":true,""profileReady"":false,""inferenceValid"":false,""sensorFault"":true},""lora"":{""beginState"":0,""lastTxState"":0,""lastTxOk"":false,""txSeq"":0,""txCounter"":0,""aesKeyProvisioned"":true,""aesKeyPresent"":true,""aesKeySource"":""nvs"",""keyId"":1,""lastDownlinkCommandId"":0,""freqMHz"":920,""bwKHz"":125,""sf"":7,""cr"":5,""syncWord"":18,""txPowerDbm"":17,""preamble"":8,""tcxoVoltage"":1.600000024,""xtalVoltage"":0},""dataset"":{""state"":""idle"",""step"":""idle"",""label"":"""",""seq"":0,""targetSamples"":0,""sampleIntervalMs"":500,""maxDurationMs"":0,""useFanIntake"":true,""fanOnMs"":1000,""postFanSettleMs"":0,""nullingProfileId"":9,""queuePending"":0,""queueCapacity"":16,""queueEnqueued"":0,""queueDropped"":0,""publishFailCount"":0,""retryCount"":0,""retryFailCount"":0,""rejectedSamples"":0,""lastRejectReason"":""none"",""lastRejectChannel"":-1,""lastRejectOkFiniteCount"":0,""lastRejectStatus"":255,""lastRejectGain"":0,""lastRejectSaturated"":false},""recovery"":{""wifiReconnectCount"":0,""wifiReconnectFailCount"":0,""mqttReconnectCount"":0,""mqttConnectFailCount"":0,""lastMqttState"":0,""adsRecoveryCount"":0,""adsRecoveryFailCount"":0,""adsReadFailStreak"":0,""lastReason"":""none"",""lastRecoveryMs"":0,""bootRecoveryArmed"":false,""bootRecoveryDueMs"":0,""bootRecoveryReason"":""none"",""bootRecoveryNonAdsFailure"":false,""bootRecoveryRestartCount"":0},""nulling"":{""done"":false,""retryArmed"":false,""attemptCount"":0,""nextRetryMs"":0,""thresholdV"":9.999999747E-06,""minFinalV"":0},""telemetry"":{""valid"":true,""sampleMs"":6907589,""gasClass"":6,""gasName"":""CO2"",""confidence"":0,""alarm"":false,""sensorVoltage"":[0.124449447,0.003821191,0.004855141,-0.002609961,-0.009015304,-0.011640077,-0.019566927,-0.025344655],""sensorGain"":[16,64,64,64,64,64,64,64],""sensorStatus"":[0,0,0,0,0,0,0,0],""featureOrder"":[""MQ8"",""MQ135"",""MQ3"",""MQ5"",""MQ4"",""MQ7"",""MQ6"",""MQ2""]},""alarmLatched"":false}"
2026-08-04 11:16:12.378 +07:00,531.258,HOT_SWEEP_70,70,700,300,1,0,0.125575259,0.003813075,0.004783885,-0.002641613,-0.008815441,-0.011663515,-0.019547407,-0.02545153,"{""deviceId"":""1001"",""nodeId"":4097,""targetChId"":""0010"",""mode"":""inference"",""uptimeMs"":6908703,""debugEnabled"":true,""power"":{""mode"":""24v"",""externalPower"":true,""batteryMv"":65535,""batteryValid"":false,""batteryDetected"":false,""batterySenseStatus"":""not_detected"",""batteryLow"":false,""batteryCritical"":false,""sourceAmbiguous"":false,""serviceHoldActive"":false,""serviceHoldEffective"":false},""batterySession"":{""state"":""inactive"",""startedMs"":0,""stateStartedMs"":0,""validSampleBatches"":0,""requiredSampleBatches"":10,""alarmTxAttempts"":0,""alarmTxAttemptLimit"":3,""alarmAckReceived"":false,""pendingAlarm"":false,""pendingSaveRequired"":false,""persistenceFaultHold"":false,""completionReason"":""session_done""},""bootHealth"":{""adsReady"":true,""adsDrdyLevel"":0,""adsDrdyPulldownLevel"":0,""adsDrdyPullupLevel"":0,""adsMisoPulldownLevel"":0,""adsMisoPullupLevel"":1,""adsCsLevel"":1,""adsSyncLevel"":1,""adsStatus"":54,""adsMux"":15,""adsAdcon"":6,""adsDrate"":240,""adsReason"":""ok"",""tcaOk"":true,""mcpOkCount"":8,""mcpOk"":[true,true,true,true,true,true,true,true],""mcpAddrMask"":[1,1,1,1,1,1,1,1],""mcpControlTested"":true,""mcpControlOkCount"":8,""mcpControlOk"":[true,true,true,true,true,true,true,true],""dacReady"":true,""radioReady"":true,""mlReady"":true,""nullingProfileApplied"":true,""modelProfileReady"":false},""runtimeMcpCode"":[255,519,795,706,799,865,665,139],""model"":{""profileId"":""cnn-dualbranch-datasheet-v1-unbound"",""scalerProfileId"":""cnn-dualbranch-datasheet-v1-unbound"",""productionApproved"":true,""boundNullingProfileId"":8,""activeNullingProfileId"":9,""bindingValid"":true,""bindingModelMatches"":true,""profileReady"":false,""inferenceValid"":false,""sensorFault"":true},""lora"":{""beginState"":0,""lastTxState"":0,""lastTxOk"":false,""txSeq"":0,""txCounter"":0,""aesKeyProvisioned"":true,""aesKeyPresent"":true,""aesKeySource"":""nvs"",""keyId"":1,""lastDownlinkCommandId"":0,""freqMHz"":920,""bwKHz"":125,""sf"":7,""cr"":5,""syncWord"":18,""txPowerDbm"":17,""preamble"":8,""tcxoVoltage"":1.600000024,""xtalVoltage"":0},""dataset"":{""state"":""idle"",""step"":""idle"",""label"":"""",""seq"":0,""targetSamples"":0,""sampleIntervalMs"":500,""maxDurationMs"":0,""useFanIntake"":true,""fanOnMs"":1000,""postFanSettleMs"":0,""nullingProfileId"":9,""queuePending"":0,""queueCapacity"":16,""queueEnqueued"":0,""queueDropped"":0,""publishFailCount"":0,""retryCount"":0,""retryFailCount"":0,""rejectedSamples"":0,""lastRejectReason"":""none"",""lastRejectChannel"":-1,""lastRejectOkFiniteCount"":0,""lastRejectStatus"":255,""lastRejectGain"":0,""lastRejectSaturated"":false},""recovery"":{""wifiReconnectCount"":0,""wifiReconnectFailCount"":0,""mqttReconnectCount"":0,""mqttConnectFailCount"":0,""lastMqttState"":0,""adsRecoveryCount"":0,""adsRecoveryFailCount"":0,""adsReadFailStreak"":0,""lastReason"":""none"",""lastRecoveryMs"":0,""bootRecoveryArmed"":false,""bootRecoveryDueMs"":0,""bootRecoveryReason"":""none"",""bootRecoveryNonAdsFailure"":false,""bootRecoveryRestartCount"":0},""nulling"":{""done"":false,""retryArmed"":false,""attemptCount"":0,""nextRetryMs"":0,""thresholdV"":9.999999747E-06,""minFinalV"":0},""telemetry"":{""valid"":true,""sampleMs"":6908283,""gasClass"":6,""gasName"":""CO2"",""confidence"":0,""alarm"":false,""sensorVoltage"":[0.125575259,0.003813075,0.004783885,-0.002641613,-0.008815441,-0.011663515,-0.019547407,-0.02545153],""sensorGain"":[16,64,64,64,64,64,64,64],""sensorStatus"":[0,0,0,0,0,0,0,0],""featureOrder"":[""MQ8"",""MQ135"",""MQ3"",""MQ5"",""MQ4"",""MQ7"",""MQ6"",""MQ2""]},""alarmLatched"":false}"
2026-08-04 11:16:13.083 +07:00,531.956,HOT_SWEEP_70,70,700,300,1,0,0.125208944,0.003879063,0.004819301,-0.002665641,-0.008816502,-0.011705806,-0.019521791,-0.025452916,"{""deviceId"":""1001"",""nodeId"":4097,""targetChId"":""0010"",""mode"":""inference"",""uptimeMs"":6909405,""debugEnabled"":true,""power"":{""mode"":""24v"",""externalPower"":true,""batteryMv"":65535,""batteryValid"":false,""batteryDetected"":false,""batterySenseStatus"":""not_detected"",""batteryLow"":false,""batteryCritical"":false,""sourceAmbiguous"":false,""serviceHoldActive"":false,""serviceHoldEffective"":false},""batterySession"":{""state"":""inactive"",""startedMs"":0,""stateStartedMs"":0,""validSampleBatches"":0,""requiredSampleBatches"":10,""alarmTxAttempts"":0,""alarmTxAttemptLimit"":3,""alarmAckReceived"":false,""pendingAlarm"":false,""pendingSaveRequired"":false,""persistenceFaultHold"":false,""completionReason"":""session_done""},""bootHealth"":{""adsReady"":true,""adsDrdyLevel"":0,""adsDrdyPulldownLevel"":0,""adsDrdyPullupLevel"":0,""adsMisoPulldownLevel"":0,""adsMisoPullupLevel"":1,""adsCsLevel"":1,""adsSyncLevel"":1,""adsStatus"":54,""adsMux"":15,""adsAdcon"":6,""adsDrate"":240,""adsReason"":""ok"",""tcaOk"":true,""mcpOkCount"":8,""mcpOk"":[true,true,true,true,true,true,true,true],""mcpAddrMask"":[1,1,1,1,1,1,1,1],""mcpControlTested"":true,""mcpControlOkCount"":8,""mcpControlOk"":[true,true,true,true,true,true,true,true],""dacReady"":true,""radioReady"":true,""mlReady"":true,""nullingProfileApplied"":true,""modelProfileReady"":false},""runtimeMcpCode"":[255,519,795,706,799,865,665,139],""model"":{""profileId"":""cnn-dualbranch-datasheet-v1-unbound"",""scalerProfileId"":""cnn-dualbranch-datasheet-v1-unbound"",""productionApproved"":true,""boundNullingProfileId"":8,""activeNullingProfileId"":9,""bindingValid"":true,""bindingModelMatches"":true,""profileReady"":false,""inferenceValid"":false,""sensorFault"":true},""lora"":{""beginState"":0,""lastTxState"":0,""lastTxOk"":false,""txSeq"":0,""txCounter"":0,""aesKeyProvisioned"":true,""aesKeyPresent"":true,""aesKeySource"":""nvs"",""keyId"":1,""lastDownlinkCommandId"":0,""freqMHz"":920,""bwKHz"":125,""sf"":7,""cr"":5,""syncWord"":18,""txPowerDbm"":17,""preamble"":8,""tcxoVoltage"":1.600000024,""xtalVoltage"":0},""dataset"":{""state"":""idle"",""step"":""idle"",""label"":"""",""seq"":0,""targetSamples"":0,""sampleIntervalMs"":500,""maxDurationMs"":0,""useFanIntake"":true,""fanOnMs"":1000,""postFanSettleMs"":0,""nullingProfileId"":9,""queuePending"":0,""queueCapacity"":16,""queueEnqueued"":0,""queueDropped"":0,""publishFailCount"":0,""retryCount"":0,""retryFailCount"":0,""rejectedSamples"":0,""lastRejectReason"":""none"",""lastRejectChannel"":-1,""lastRejectOkFiniteCount"":0,""lastRejectStatus"":255,""lastRejectGain"":0,""lastRejectSaturated"":false},""recovery"":{""wifiReconnectCount"":0,""wifiReconnectFailCount"":0,""mqttReconnectCount"":0,""mqttConnectFailCount"":0,""lastMqttState"":0,""adsRecoveryCount"":0,""adsRecoveryFailCount"":0,""adsReadFailStreak"":0,""lastReason"":""none"",""lastRecoveryMs"":0,""bootRecoveryArmed"":false,""bootRecoveryDueMs"":0,""bootRecoveryReason"":""none"",""bootRecoveryNonAdsFailure"":false,""bootRecoveryRestartCount"":0},""nulling"":{""done"":false,""retryArmed"":false,""attemptCount"":0,""nextRetryMs"":0,""thresholdV"":9.999999747E-06,""minFinalV"":0},""telemetry"":{""valid"":true,""sampleMs"":6909013,""gasClass"":6,""gasName"":""CO2"",""confidence"":0,""alarm"":false,""sensorVoltage"":[0.125208944,0.003879063,0.004819301,-0.002665641,-0.008816502,-0.011705806,-0.019521791,-0.025452916],""sensorGain"":[16,64,64,64,64,64,64,64],""sensorStatus"":[0,0,0,0,0,0,0,0],""featureOrder"":[""MQ8"",""MQ135"",""MQ3"",""MQ5"",""MQ4"",""MQ7"",""MQ6"",""MQ2""]},""alarmLatched"":false}"
2026-08-04 11:16:13.773 +07:00,532.651,HOT_SWEEP_70,70,700,300,1,0,0.124632165,0.003882849,0.00473654,-0.002667791,-0.008831953,-0.011715315,-0.019555954,-0.025527457,"{""deviceId"":""1001"",""nodeId"":4097,""targetChId"":""0010"",""mode"":""inference"",""uptimeMs"":6910097,""debugEnabled"":true,""power"":{""mode"":""24v"",""externalPower"":true,""batteryMv"":65535,""batteryValid"":false,""batteryDetected"":false,""batterySenseStatus"":""not_detected"",""batteryLow"":false,""batteryCritical"":false,""sourceAmbiguous"":false,""serviceHoldActive"":false,""serviceHoldEffective"":false},""batterySession"":{""state"":""inactive"",""startedMs"":0,""stateStartedMs"":0,""validSampleBatches"":0,""requiredSampleBatches"":10,""alarmTxAttempts"":0,""alarmTxAttemptLimit"":3,""alarmAckReceived"":false,""pendingAlarm"":false,""pendingSaveRequired"":false,""persistenceFaultHold"":false,""completionReason"":""session_done""},""bootHealth"":{""adsReady"":true,""adsDrdyLevel"":0,""adsDrdyPulldownLevel"":0,""adsDrdyPullupLevel"":0,""adsMisoPulldownLevel"":0,""adsMisoPullupLevel"":1,""adsCsLevel"":1,""adsSyncLevel"":1,""adsStatus"":54,""adsMux"":15,""adsAdcon"":6,""adsDrate"":240,""adsReason"":""ok"",""tcaOk"":true,""mcpOkCount"":8,""mcpOk"":[true,true,true,true,true,true,true,true],""mcpAddrMask"":[1,1,1,1,1,1,1,1],""mcpControlTested"":true,""mcpControlOkCount"":8,""mcpControlOk"":[true,true,true,true,true,true,true,true],""dacReady"":true,""radioReady"":true,""mlReady"":true,""nullingProfileApplied"":true,""modelProfileReady"":false},""runtimeMcpCode"":[255,519,795,706,799,865,665,139],""model"":{""profileId"":""cnn-dualbranch-datasheet-v1-unbound"",""scalerProfileId"":""cnn-dualbranch-datasheet-v1-unbound"",""productionApproved"":true,""boundNullingProfileId"":8,""activeNullingProfileId"":9,""bindingValid"":true,""bindingModelMatches"":true,""profileReady"":false,""inferenceValid"":false,""sensorFault"":true},""lora"":{""beginState"":0,""lastTxState"":0,""lastTxOk"":false,""txSeq"":0,""txCounter"":0,""aesKeyProvisioned"":true,""aesKeyPresent"":true,""aesKeySource"":""nvs"",""keyId"":1,""lastDownlinkCommandId"":0,""freqMHz"":920,""bwKHz"":125,""sf"":7,""cr"":5,""syncWord"":18,""txPowerDbm"":17,""preamble"":8,""tcxoVoltage"":1.600000024,""xtalVoltage"":0},""dataset"":{""state"":""idle"",""step"":""idle"",""label"":"""",""seq"":0,""targetSamples"":0,""sampleIntervalMs"":500,""maxDurationMs"":0,""useFanIntake"":true,""fanOnMs"":1000,""postFanSettleMs"":0,""nullingProfileId"":9,""queuePending"":0,""queueCapacity"":16,""queueEnqueued"":0,""queueDropped"":0,""publishFailCount"":0,""retryCount"":0,""retryFailCount"":0,""rejectedSamples"":0,""lastRejectReason"":""none"",""lastRejectChannel"":-1,""lastRejectOkFiniteCount"":0,""lastRejectStatus"":255,""lastRejectGain"":0,""lastRejectSaturated"":false},""recovery"":{""wifiReconnectCount"":0,""wifiReconnectFailCount"":0,""mqttReconnectCount"":0,""mqttConnectFailCount"":0,""lastMqttState"":0,""adsRecoveryCount"":0,""adsRecoveryFailCount"":0,""adsReadFailStreak"":0,""lastReason"":""none"",""lastRecoveryMs"":0,""bootRecoveryArmed"":false,""bootRecoveryDueMs"":0,""bootRecoveryReason"":""none"",""bootRecoveryNonAdsFailure"":false,""bootRecoveryRestartCount"":0},""nulling"":{""done"":false,""retryArmed"":false,""attemptCount"":0,""nextRetryMs"":0,""thresholdV"":9.999999747E-06,""minFinalV"":0},""telemetry"":{""valid"":true,""sampleMs"":6909683,""gasClass"":6,""gasName"":""CO2"",""confidence"":0,""alarm"":false,""sensorVoltage"":[0.124632165,0.003882849,0.00473654,-0.002667791,-0.008831953,-0.011715315,-0.019555954,-0.025527457],""sensorGain"":[16,64,64,64,64,64,64,64],""sensorStatus"":[0,0,0,0,0,0,0,0],""featureOrder"":[""MQ8"",""MQ135"",""MQ3"",""MQ5"",""MQ4"",""MQ7"",""MQ6"",""MQ2""]},""alarmLatched"":false}"
2026-08-04 11:16:14.457 +07:00,533.337,HOT_SWEEP_70,70,700,300,1,0,0.125500247,0.003904739,0.004783755,-0.00266561,-0.008883166,-0.011731432,-0.01956602,-0.025539313,"{""deviceId"":""1001"",""nodeId"":4097,""targetChId"":""0010"",""mode"":""inference"",""uptimeMs"":6910782,""debugEnabled"":true,""power"":{""mode"":""24v"",""externalPower"":true,""batteryMv"":65535,""batteryValid"":false,""batteryDetected"":false,""batterySenseStatus"":""not_detected"",""batteryLow"":false,""batteryCritical"":false,""sourceAmbiguous"":false,""serviceHoldActive"":false,""serviceHoldEffective"":false},""batterySession"":{""state"":""inactive"",""startedMs"":0,""stateStartedMs"":0,""validSampleBatches"":0,""requiredSampleBatches"":10,""alarmTxAttempts"":0,""alarmTxAttemptLimit"":3,""alarmAckReceived"":false,""pendingAlarm"":false,""pendingSaveRequired"":false,""persistenceFaultHold"":false,""completionReason"":""session_done""},""bootHealth"":{""adsReady"":true,""adsDrdyLevel"":0,""adsDrdyPulldownLevel"":0,""adsDrdyPullupLevel"":0,""adsMisoPulldownLevel"":0,""adsMisoPullupLevel"":1,""adsCsLevel"":1,""adsSyncLevel"":1,""adsStatus"":54,""adsMux"":15,""adsAdcon"":6,""adsDrate"":240,""adsReason"":""ok"",""tcaOk"":true,""mcpOkCount"":8,""mcpOk"":[true,true,true,true,true,true,true,true],""mcpAddrMask"":[1,1,1,1,1,1,1,1],""mcpControlTested"":true,""mcpControlOkCount"":8,""mcpControlOk"":[true,true,true,true,true,true,true,true],""dacReady"":true,""radioReady"":true,""mlReady"":true,""nullingProfileApplied"":true,""modelProfileReady"":false},""runtimeMcpCode"":[255,519,795,706,799,865,665,139],""model"":{""profileId"":""cnn-dualbranch-datasheet-v1-unbound"",""scalerProfileId"":""cnn-dualbranch-datasheet-v1-unbound"",""productionApproved"":true,""boundNullingProfileId"":8,""activeNullingProfileId"":9,""bindingValid"":true,""bindingModelMatches"":true,""profileReady"":false,""inferenceValid"":false,""sensorFault"":true},""lora"":{""beginState"":0,""lastTxState"":0,""lastTxOk"":false,""txSeq"":0,""txCounter"":0,""aesKeyProvisioned"":true,""aesKeyPresent"":true,""aesKeySource"":""nvs"",""keyId"":1,""lastDownlinkCommandId"":0,""freqMHz"":920,""bwKHz"":125,""sf"":7,""cr"":5,""syncWord"":18,""txPowerDbm"":17,""preamble"":8,""tcxoVoltage"":1.600000024,""xtalVoltage"":0},""dataset"":{""state"":""idle"",""step"":""idle"",""label"":"""",""seq"":0,""targetSamples"":0,""sampleIntervalMs"":500,""maxDurationMs"":0,""useFanIntake"":true,""fanOnMs"":1000,""postFanSettleMs"":0,""nullingProfileId"":9,""queuePending"":0,""queueCapacity"":16,""queueEnqueued"":0,""queueDropped"":0,""publishFailCount"":0,""retryCount"":0,""retryFailCount"":0,""rejectedSamples"":0,""lastRejectReason"":""none"",""lastRejectChannel"":-1,""lastRejectOkFiniteCount"":0,""lastRejectStatus"":255,""lastRejectGain"":0,""lastRejectSaturated"":false},""recovery"":{""wifiReconnectCount"":0,""wifiReconnectFailCount"":0,""mqttReconnectCount"":0,""mqttConnectFailCount"":0,""lastMqttState"":0,""adsRecoveryCount"":0,""adsRecoveryFailCount"":0,""adsReadFailStreak"":0,""lastReason"":""none"",""lastRecoveryMs"":0,""bootRecoveryArmed"":false,""bootRecoveryDueMs"":0,""bootRecoveryReason"":""none"",""bootRecoveryNonAdsFailure"":false,""bootRecoveryRestartCount"":0},""nulling"":{""done"":false,""retryArmed"":false,""attemptCount"":0,""nextRetryMs"":0,""thresholdV"":9.999999747E-06,""minFinalV"":0},""telemetry"":{""valid"":true,""sampleMs"":6910375,""gasClass"":6,""gasName"":""CO2"",""confidence"":0,""alarm"":false,""sensorVoltage"":[0.125500247,0.003904739,0.004783755,-0.00266561,-0.008883166,-0.011731432,-0.01956602,-0.025539313],""sensorGain"":[16,64,64,64,64,64,64,64],""sensorStatus"":[0,0,0,0,0,0,0,0],""featureOrder"":[""MQ8"",""MQ135"",""MQ3"",""MQ5"",""MQ4"",""MQ7"",""MQ6"",""MQ2""]},""alarmLatched"":false}"
2026-08-04 11:16:15.156 +07:00,534.036,HOT_SWEEP_70,70,700,300,1,0,0.125290424,0.003916464,0.004796865,-0.002671297,-0.008845624,-0.011675727,-0.019527044,-0.025550747,"{""deviceId"":""1001"",""nodeId"":4097,""targetChId"":""0010"",""mode"":""inference"",""uptimeMs"":6911481,""debugEnabled"":true,""power"":{""mode"":""24v"",""externalPower"":true,""batteryMv"":65535,""batteryValid"":false,""batteryDetected"":false,""batterySenseStatus"":""not_detected"",""batteryLow"":false,""batteryCritical"":false,""sourceAmbiguous"":false,""serviceHoldActive"":false,""serviceHoldEffective"":false},""batterySession"":{""state"":""inactive"",""startedMs"":0,""stateStartedMs"":0,""validSampleBatches"":0,""requiredSampleBatches"":10,""alarmTxAttempts"":0,""alarmTxAttemptLimit"":3,""alarmAckReceived"":false,""pendingAlarm"":false,""pendingSaveRequired"":false,""persistenceFaultHold"":false,""completionReason"":""session_done""},""bootHealth"":{""adsReady"":true,""adsDrdyLevel"":0,""adsDrdyPulldownLevel"":0,""adsDrdyPullupLevel"":0,""adsMisoPulldownLevel"":0,""adsMisoPullupLevel"":1,""adsCsLevel"":1,""adsSyncLevel"":1,""adsStatus"":54,""adsMux"":15,""adsAdcon"":6,""adsDrate"":240,""adsReason"":""ok"",""tcaOk"":true,""mcpOkCount"":8,""mcpOk"":[true,true,true,true,true,true,true,true],""mcpAddrMask"":[1,1,1,1,1,1,1,1],""mcpControlTested"":true,""mcpControlOkCount"":8,""mcpControlOk"":[true,true,true,true,true,true,true,true],""dacReady"":true,""radioReady"":true,""mlReady"":true,""nullingProfileApplied"":true,""modelProfileReady"":false},""runtimeMcpCode"":[255,519,795,706,799,865,665,139],""model"":{""profileId"":""cnn-dualbranch-datasheet-v1-unbound"",""scalerProfileId"":""cnn-dualbranch-datasheet-v1-unbound"",""productionApproved"":true,""boundNullingProfileId"":8,""activeNullingProfileId"":9,""bindingValid"":true,""bindingModelMatches"":true,""profileReady"":false,""inferenceValid"":false,""sensorFault"":true},""lora"":{""beginState"":0,""lastTxState"":0,""lastTxOk"":false,""txSeq"":0,""txCounter"":0,""aesKeyProvisioned"":true,""aesKeyPresent"":true,""aesKeySource"":""nvs"",""keyId"":1,""lastDownlinkCommandId"":0,""freqMHz"":920,""bwKHz"":125,""sf"":7,""cr"":5,""syncWord"":18,""txPowerDbm"":17,""preamble"":8,""tcxoVoltage"":1.600000024,""xtalVoltage"":0},""dataset"":{""state"":""idle"",""step"":""idle"",""label"":"""",""seq"":0,""targetSamples"":0,""sampleIntervalMs"":500,""maxDurationMs"":0,""useFanIntake"":true,""fanOnMs"":1000,""postFanSettleMs"":0,""nullingProfileId"":9,""queuePending"":0,""queueCapacity"":16,""queueEnqueued"":0,""queueDropped"":0,""publishFailCount"":0,""retryCount"":0,""retryFailCount"":0,""rejectedSamples"":0,""lastRejectReason"":""none"",""lastRejectChannel"":-1,""lastRejectOkFiniteCount"":0,""lastRejectStatus"":255,""lastRejectGain"":0,""lastRejectSaturated"":false},""recovery"":{""wifiReconnectCount"":0,""wifiReconnectFailCount"":0,""mqttReconnectCount"":0,""mqttConnectFailCount"":0,""lastMqttState"":0,""adsRecoveryCount"":0,""adsRecoveryFailCount"":0,""adsReadFailStreak"":0,""lastReason"":""none"",""lastRecoveryMs"":0,""bootRecoveryArmed"":false,""bootRecoveryDueMs"":0,""bootRecoveryReason"":""none"",""bootRecoveryNonAdsFailure"":false,""bootRecoveryRestartCount"":0},""nulling"":{""done"":false,""retryArmed"":false,""attemptCount"":0,""nextRetryMs"":0,""thresholdV"":9.999999747E-06,""minFinalV"":0},""telemetry"":{""valid"":true,""sampleMs"":6911092,""gasClass"":6,""gasName"":""CO2"",""confidence"":0,""alarm"":false,""sensorVoltage"":[0.125290424,0.003916464,0.004796865,-0.002671297,-0.008845624,-0.011675727,-0.019527044,-0.025550747],""sensorGain"":[16,64,64,64,64,64,64,64],""sensorStatus"":[0,0,0,0,0,0,0,0],""featureOrder"":[""MQ8"",""MQ135"",""MQ3"",""MQ5"",""MQ4"",""MQ7"",""MQ6"",""MQ2""]},""alarmLatched"":false}"
2026-08-04 11:16:15.838 +07:00,534.717,HOT_SWEEP_70,70,700,300,1,0,0.124905862,0.003917116,0.004804502,-0.002626574,-0.008441713,-0.011700789,-0.019565681,-0.025595844,"{""deviceId"":""1001"",""nodeId"":4097,""targetChId"":""0010"",""mode"":""inference"",""uptimeMs"":6912162,""debugEnabled"":true,""power"":{""mode"":""24v"",""externalPower"":true,""batteryMv"":65535,""batteryValid"":false,""batteryDetected"":false,""batterySenseStatus"":""not_detected"",""batteryLow"":false,""batteryCritical"":false,""sourceAmbiguous"":false,""serviceHoldActive"":false,""serviceHoldEffective"":false},""batterySession"":{""state"":""inactive"",""startedMs"":0,""stateStartedMs"":0,""validSampleBatches"":0,""requiredSampleBatches"":10,""alarmTxAttempts"":0,""alarmTxAttemptLimit"":3,""alarmAckReceived"":false,""pendingAlarm"":false,""pendingSaveRequired"":false,""persistenceFaultHold"":false,""completionReason"":""session_done""},""bootHealth"":{""adsReady"":true,""adsDrdyLevel"":0,""adsDrdyPulldownLevel"":0,""adsDrdyPullupLevel"":0,""adsMisoPulldownLevel"":0,""adsMisoPullupLevel"":1,""adsCsLevel"":1,""adsSyncLevel"":1,""adsStatus"":54,""adsMux"":15,""adsAdcon"":6,""adsDrate"":240,""adsReason"":""ok"",""tcaOk"":true,""mcpOkCount"":8,""mcpOk"":[true,true,true,true,true,true,true,true],""mcpAddrMask"":[1,1,1,1,1,1,1,1],""mcpControlTested"":true,""mcpControlOkCount"":8,""mcpControlOk"":[true,true,true,true,true,true,true,true],""dacReady"":true,""radioReady"":true,""mlReady"":true,""nullingProfileApplied"":true,""modelProfileReady"":false},""runtimeMcpCode"":[255,519,795,706,799,865,665,139],""model"":{""profileId"":""cnn-dualbranch-datasheet-v1-unbound"",""scalerProfileId"":""cnn-dualbranch-datasheet-v1-unbound"",""productionApproved"":true,""boundNullingProfileId"":8,""activeNullingProfileId"":9,""bindingValid"":true,""bindingModelMatches"":true,""profileReady"":false,""inferenceValid"":false,""sensorFault"":true},""lora"":{""beginState"":0,""lastTxState"":0,""lastTxOk"":false,""txSeq"":0,""txCounter"":0,""aesKeyProvisioned"":true,""aesKeyPresent"":true,""aesKeySource"":""nvs"",""keyId"":1,""lastDownlinkCommandId"":0,""freqMHz"":920,""bwKHz"":125,""sf"":7,""cr"":5,""syncWord"":18,""txPowerDbm"":17,""preamble"":8,""tcxoVoltage"":1.600000024,""xtalVoltage"":0},""dataset"":{""state"":""idle"",""step"":""idle"",""label"":"""",""seq"":0,""targetSamples"":0,""sampleIntervalMs"":500,""maxDurationMs"":0,""useFanIntake"":true,""fanOnMs"":1000,""postFanSettleMs"":0,""nullingProfileId"":9,""queuePending"":0,""queueCapacity"":16,""queueEnqueued"":0,""queueDropped"":0,""publishFailCount"":0,""retryCount"":0,""retryFailCount"":0,""rejectedSamples"":0,""lastRejectReason"":""none"",""lastRejectChannel"":-1,""lastRejectOkFiniteCount"":0,""lastRejectStatus"":255,""lastRejectGain"":0,""lastRejectSaturated"":false},""recovery"":{""wifiReconnectCount"":0,""wifiReconnectFailCount"":0,""mqttReconnectCount"":0,""mqttConnectFailCount"":0,""lastMqttState"":0,""adsRecoveryCount"":0,""adsRecoveryFailCount"":0,""adsReadFailStreak"":0,""lastReason"":""none"",""lastRecoveryMs"":0,""bootRecoveryArmed"":false,""bootRecoveryDueMs"":0,""bootRecoveryReason"":""none"",""bootRecoveryNonAdsFailure"":false,""bootRecoveryRestartCount"":0},""nulling"":{""done"":false,""retryArmed"":false,""attemptCount"":0,""nextRetryMs"":0,""thresholdV"":9.999999747E-06,""minFinalV"":0},""telemetry"":{""valid"":true,""sampleMs"":6911764,""gasClass"":6,""gasName"":""CO2"",""confidence"":0,""alarm"":false,""sensorVoltage"":[0.124905862,0.003917116,0.004804502,-0.002626574,-0.008441713,-0.011700789,-0.019565681,-0.025595844],""sensorGain"":[16,64,64,64,64,64,64,64],""sensorStatus"":[0,0,0,0,0,0,0,0],""featureOrder"":[""MQ8"",""MQ135"",""MQ3"",""MQ5"",""MQ4"",""MQ7"",""MQ6"",""MQ2""]},""alarmLatched"":false}"
2026-08-04 11:16:16.530 +07:00,535.410,HOT_SWEEP_70,70,700,300,1,0,0.125312865,0.003955272,0.004866924,-0.00265049,-0.008436257,-0.011695353,-0.019567139,-0.025552532,"{""deviceId"":""1001"",""nodeId"":4097,""targetChId"":""0010"",""mode"":""inference"",""uptimeMs"":6912856,""debugEnabled"":true,""power"":{""mode"":""24v"",""externalPower"":true,""batteryMv"":65535,""batteryValid"":false,""batteryDetected"":false,""batterySenseStatus"":""not_detected"",""batteryLow"":false,""batteryCritical"":false,""sourceAmbiguous"":false,""serviceHoldActive"":false,""serviceHoldEffective"":false},""batterySession"":{""state"":""inactive"",""startedMs"":0,""stateStartedMs"":0,""validSampleBatches"":0,""requiredSampleBatches"":10,""alarmTxAttempts"":0,""alarmTxAttemptLimit"":3,""alarmAckReceived"":false,""pendingAlarm"":false,""pendingSaveRequired"":false,""persistenceFaultHold"":false,""completionReason"":""session_done""},""bootHealth"":{""adsReady"":true,""adsDrdyLevel"":0,""adsDrdyPulldownLevel"":0,""adsDrdyPullupLevel"":0,""adsMisoPulldownLevel"":0,""adsMisoPullupLevel"":1,""adsCsLevel"":1,""adsSyncLevel"":1,""adsStatus"":54,""adsMux"":15,""adsAdcon"":6,""adsDrate"":240,""adsReason"":""ok"",""tcaOk"":true,""mcpOkCount"":8,""mcpOk"":[true,true,true,true,true,true,true,true],""mcpAddrMask"":[1,1,1,1,1,1,1,1],""mcpControlTested"":true,""mcpControlOkCount"":8,""mcpControlOk"":[true,true,true,true,true,true,true,true],""dacReady"":true,""radioReady"":true,""mlReady"":true,""nullingProfileApplied"":true,""modelProfileReady"":false},""runtimeMcpCode"":[255,519,795,706,799,865,665,139],""model"":{""profileId"":""cnn-dualbranch-datasheet-v1-unbound"",""scalerProfileId"":""cnn-dualbranch-datasheet-v1-unbound"",""productionApproved"":true,""boundNullingProfileId"":8,""activeNullingProfileId"":9,""bindingValid"":true,""bindingModelMatches"":true,""profileReady"":false,""inferenceValid"":false,""sensorFault"":true},""lora"":{""beginState"":0,""lastTxState"":0,""lastTxOk"":false,""txSeq"":0,""txCounter"":0,""aesKeyProvisioned"":true,""aesKeyPresent"":true,""aesKeySource"":""nvs"",""keyId"":1,""lastDownlinkCommandId"":0,""freqMHz"":920,""bwKHz"":125,""sf"":7,""cr"":5,""syncWord"":18,""txPowerDbm"":17,""preamble"":8,""tcxoVoltage"":1.600000024,""xtalVoltage"":0},""dataset"":{""state"":""idle"",""step"":""idle"",""label"":"""",""seq"":0,""targetSamples"":0,""sampleIntervalMs"":500,""maxDurationMs"":0,""useFanIntake"":true,""fanOnMs"":1000,""postFanSettleMs"":0,""nullingProfileId"":9,""queuePending"":0,""queueCapacity"":16,""queueEnqueued"":0,""queueDropped"":0,""publishFailCount"":0,""retryCount"":0,""retryFailCount"":0,""rejectedSamples"":0,""lastRejectReason"":""none"",""lastRejectChannel"":-1,""lastRejectOkFiniteCount"":0,""lastRejectStatus"":255,""lastRejectGain"":0,""lastRejectSaturated"":false},""recovery"":{""wifiReconnectCount"":0,""wifiReconnectFailCount"":0,""mqttReconnectCount"":0,""mqttConnectFailCount"":0,""lastMqttState"":0,""adsRecoveryCount"":0,""adsRecoveryFailCount"":0,""adsReadFailStreak"":0,""lastReason"":""none"",""lastRecoveryMs"":0,""bootRecoveryArmed"":false,""bootRecoveryDueMs"":0,""bootRecoveryReason"":""none"",""bootRecoveryNonAdsFailure"":false,""bootRecoveryRestartCount"":0},""nulling"":{""done"":false,""retryArmed"":false,""attemptCount"":0,""nextRetryMs"":0,""thresholdV"":9.999999747E-06,""minFinalV"":0},""telemetry"":{""valid"":true,""sampleMs"":6912440,""gasClass"":6,""gasName"":""CO2"",""confidence"":0,""alarm"":false,""sensorVoltage"":[0.125312865,0.003955272,0.004866924,-0.00265049,-0.008436257,-0.011695353,-0.019567139,-0.025552532],""sensorGain"":[16,64,64,64,64,64,64,64],""sensorStatus"":[0,0,0,0,0,0,0,0],""featureOrder"":[""MQ8"",""MQ135"",""MQ3"",""MQ5"",""MQ4"",""MQ7"",""MQ6"",""MQ2""]},""alarmLatched"":false}"
2026-08-04 11:16:17.215 +07:00,536.095,HOT_SWEEP_70,70,700,300,1,0,0.125580832,0.003914716,0.00487544,-0.00264415,-0.008179433,-0.011715849,-0.019547308,-0.025542861,"{""deviceId"":""1001"",""nodeId"":4097,""targetChId"":""0010"",""mode"":""inference"",""uptimeMs"":6913540,""debugEnabled"":true,""power"":{""mode"":""24v"",""externalPower"":true,""batteryMv"":65535,""batteryValid"":false,""batteryDetected"":false,""batterySenseStatus"":""not_detected"",""batteryLow"":false,""batteryCritical"":false,""sourceAmbiguous"":false,""serviceHoldActive"":false,""serviceHoldEffective"":false},""batterySession"":{""state"":""inactive"",""startedMs"":0,""stateStartedMs"":0,""validSampleBatches"":0,""requiredSampleBatches"":10,""alarmTxAttempts"":0,""alarmTxAttemptLimit"":3,""alarmAckReceived"":false,""pendingAlarm"":false,""pendingSaveRequired"":false,""persistenceFaultHold"":false,""completionReason"":""session_done""},""bootHealth"":{""adsReady"":true,""adsDrdyLevel"":0,""adsDrdyPulldownLevel"":0,""adsDrdyPullupLevel"":0,""adsMisoPulldownLevel"":0,""adsMisoPullupLevel"":1,""adsCsLevel"":1,""adsSyncLevel"":1,""adsStatus"":54,""adsMux"":15,""adsAdcon"":6,""adsDrate"":240,""adsReason"":""ok"",""tcaOk"":true,""mcpOkCount"":8,""mcpOk"":[true,true,true,true,true,true,true,true],""mcpAddrMask"":[1,1,1,1,1,1,1,1],""mcpControlTested"":true,""mcpControlOkCount"":8,""mcpControlOk"":[true,true,true,true,true,true,true,true],""dacReady"":true,""radioReady"":true,""mlReady"":true,""nullingProfileApplied"":true,""modelProfileReady"":false},""runtimeMcpCode"":[255,519,795,706,799,865,665,139],""model"":{""profileId"":""cnn-dualbranch-datasheet-v1-unbound"",""scalerProfileId"":""cnn-dualbranch-datasheet-v1-unbound"",""productionApproved"":true,""boundNullingProfileId"":8,""activeNullingProfileId"":9,""bindingValid"":true,""bindingModelMatches"":true,""profileReady"":false,""inferenceValid"":false,""sensorFault"":true},""lora"":{""beginState"":0,""lastTxState"":0,""lastTxOk"":false,""txSeq"":0,""txCounter"":0,""aesKeyProvisioned"":true,""aesKeyPresent"":true,""aesKeySource"":""nvs"",""keyId"":1,""lastDownlinkCommandId"":0,""freqMHz"":920,""bwKHz"":125,""sf"":7,""cr"":5,""syncWord"":18,""txPowerDbm"":17,""preamble"":8,""tcxoVoltage"":1.600000024,""xtalVoltage"":0},""dataset"":{""state"":""idle"",""step"":""idle"",""label"":"""",""seq"":0,""targetSamples"":0,""sampleIntervalMs"":500,""maxDurationMs"":0,""useFanIntake"":true,""fanOnMs"":1000,""postFanSettleMs"":0,""nullingProfileId"":9,""queuePending"":0,""queueCapacity"":16,""queueEnqueued"":0,""queueDropped"":0,""publishFailCount"":0,""retryCount"":0,""retryFailCount"":0,""rejectedSamples"":0,""lastRejectReason"":""none"",""lastRejectChannel"":-1,""lastRejectOkFiniteCount"":0,""lastRejectStatus"":255,""lastRejectGain"":0,""lastRejectSaturated"":false},""recovery"":{""wifiReconnectCount"":0,""wifiReconnectFailCount"":0,""mqttReconnectCount"":0,""mqttConnectFailCount"":0,""lastMqttState"":0,""adsRecoveryCount"":0,""adsRecoveryFailCount"":0,""adsReadFailStreak"":0,""lastReason"":""none"",""lastRecoveryMs"":0,""bootRecoveryArmed"":false,""bootRecoveryDueMs"":0,""bootRecoveryReason"":""none"",""bootRecoveryNonAdsFailure"":false,""bootRecoveryRestartCount"":0},""nulling"":{""done"":false,""retryArmed"":false,""attemptCount"":0,""nextRetryMs"":0,""thresholdV"":9.999999747E-06,""minFinalV"":0},""telemetry"":{""valid"":true,""sampleMs"":6913166,""gasClass"":6,""gasName"":""CO2"",""confidence"":0,""alarm"":false,""sensorVoltage"":[0.125580832,0.003914716,0.00487544,-0.00264415,-0.008179433,-0.011715849,-0.019547308,-0.025542861],""sensorGain"":[16,64,64,64,64,64,64,64],""sensorStatus"":[0,0,0,0,0,0,0,0],""featureOrder"":[""MQ8"",""MQ135"",""MQ3"",""MQ5"",""MQ4"",""MQ7"",""MQ6"",""MQ2""]},""alarmLatched"":false}"
2026-08-04 11:16:17.913 +07:00,536.792,HOT_SWEEP_70,70,700,300,1,0,0.125107214,0.003915211,0.004864376,-0.002618209,-0.008466252,-0.011712203,-0.01959225,-0.025539899,"{""deviceId"":""1001"",""nodeId"":4097,""targetChId"":""0010"",""mode"":""inference"",""uptimeMs"":6914238,""debugEnabled"":true,""power"":{""mode"":""24v"",""externalPower"":true,""batteryMv"":65535,""batteryValid"":false,""batteryDetected"":false,""batterySenseStatus"":""not_detected"",""batteryLow"":false,""batteryCritical"":false,""sourceAmbiguous"":false,""serviceHoldActive"":false,""serviceHoldEffective"":false},""batterySession"":{""state"":""inactive"",""startedMs"":0,""stateStartedMs"":0,""validSampleBatches"":0,""requiredSampleBatches"":10,""alarmTxAttempts"":0,""alarmTxAttemptLimit"":3,""alarmAckReceived"":false,""pendingAlarm"":false,""pendingSaveRequired"":false,""persistenceFaultHold"":false,""completionReason"":""session_done""},""bootHealth"":{""adsReady"":true,""adsDrdyLevel"":0,""adsDrdyPulldownLevel"":0,""adsDrdyPullupLevel"":0,""adsMisoPulldownLevel"":0,""adsMisoPullupLevel"":1,""adsCsLevel"":1,""adsSyncLevel"":1,""adsStatus"":54,""adsMux"":15,""adsAdcon"":6,""adsDrate"":240,""adsReason"":""ok"",""tcaOk"":true,""mcpOkCount"":8,""mcpOk"":[true,true,true,true,true,true,true,true],""mcpAddrMask"":[1,1,1,1,1,1,1,1],""mcpControlTested"":true,""mcpControlOkCount"":8,""mcpControlOk"":[true,true,true,true,true,true,true,true],""dacReady"":true,""radioReady"":true,""mlReady"":true,""nullingProfileApplied"":true,""modelProfileReady"":false},""runtimeMcpCode"":[255,519,795,706,799,865,665,139],""model"":{""profileId"":""cnn-dualbranch-datasheet-v1-unbound"",""scalerProfileId"":""cnn-dualbranch-datasheet-v1-unbound"",""productionApproved"":true,""boundNullingProfileId"":8,""activeNullingProfileId"":9,""bindingValid"":true,""bindingModelMatches"":true,""profileReady"":false,""inferenceValid"":false,""sensorFault"":true},""lora"":{""beginState"":0,""lastTxState"":0,""lastTxOk"":false,""txSeq"":0,""txCounter"":0,""aesKeyProvisioned"":true,""aesKeyPresent"":true,""aesKeySource"":""nvs"",""keyId"":1,""lastDownlinkCommandId"":0,""freqMHz"":920,""bwKHz"":125,""sf"":7,""cr"":5,""syncWord"":18,""txPowerDbm"":17,""preamble"":8,""tcxoVoltage"":1.600000024,""xtalVoltage"":0},""dataset"":{""state"":""idle"",""step"":""idle"",""label"":"""",""seq"":0,""targetSamples"":0,""sampleIntervalMs"":500,""maxDurationMs"":0,""useFanIntake"":true,""fanOnMs"":1000,""postFanSettleMs"":0,""nullingProfileId"":9,""queuePending"":0,""queueCapacity"":16,""queueEnqueued"":0,""queueDropped"":0,""publishFailCount"":0,""retryCount"":0,""retryFailCount"":0,""rejectedSamples"":0,""lastRejectReason"":""none"",""lastRejectChannel"":-1,""lastRejectOkFiniteCount"":0,""lastRejectStatus"":255,""lastRejectGain"":0,""lastRejectSaturated"":false},""recovery"":{""wifiReconnectCount"":0,""wifiReconnectFailCount"":0,""mqttReconnectCount"":0,""mqttConnectFailCount"":0,""lastMqttState"":0,""adsRecoveryCount"":0,""adsRecoveryFailCount"":0,""adsReadFailStreak"":0,""lastReason"":""none"",""lastRecoveryMs"":0,""bootRecoveryArmed"":false,""bootRecoveryDueMs"":0,""bootRecoveryReason"":""none"",""bootRecoveryNonAdsFailure"":false,""bootRecoveryRestartCount"":0},""nulling"":{""done"":false,""retryArmed"":false,""attemptCount"":0,""nextRetryMs"":0,""thresholdV"":9.999999747E-06,""minFinalV"":0},""telemetry"":{""valid"":true,""sampleMs"":6913818,""gasClass"":6,""gasName"":""CO2"",""confidence"":0,""alarm"":false,""sensorVoltage"":[0.125107214,0.003915211,0.004864376,-0.002618209,-0.008466252,-0.011712203,-0.01959225,-0.025539899],""sensorGain"":[16,64,64,64,64,64,64,64],""sensorStatus"":[0,0,0,0,0,0,0,0],""featureOrder"":[""MQ8"",""MQ135"",""MQ3"",""MQ5"",""MQ4"",""MQ7"",""MQ6"",""MQ2""]},""alarmLatched"":false}"
2026-08-04 11:16:18.606 +07:00,537.485,HOT_SWEEP_70,70,700,300,1,0,0.125066742,0.00395845,0.004838509,-0.002612535,-0.008487237,-0.011727718,-0.019602081,-0.025602844,"{""deviceId"":""1001"",""nodeId"":4097,""targetChId"":""0010"",""mode"":""inference"",""uptimeMs"":6914930,""debugEnabled"":true,""power"":{""mode"":""24v"",""externalPower"":true,""batteryMv"":65535,""batteryValid"":false,""batteryDetected"":false,""batterySenseStatus"":""not_detected"",""batteryLow"":false,""batteryCritical"":false,""sourceAmbiguous"":false,""serviceHoldActive"":false,""serviceHoldEffective"":false},""batterySession"":{""state"":""inactive"",""startedMs"":0,""stateStartedMs"":0,""validSampleBatches"":0,""requiredSampleBatches"":10,""alarmTxAttempts"":0,""alarmTxAttemptLimit"":3,""alarmAckReceived"":false,""pendingAlarm"":false,""pendingSaveRequired"":false,""persistenceFaultHold"":false,""completionReason"":""session_done""},""bootHealth"":{""adsReady"":true,""adsDrdyLevel"":0,""adsDrdyPulldownLevel"":0,""adsDrdyPullupLevel"":0,""adsMisoPulldownLevel"":0,""adsMisoPullupLevel"":1,""adsCsLevel"":1,""adsSyncLevel"":1,""adsStatus"":54,""adsMux"":15,""adsAdcon"":6,""adsDrate"":240,""adsReason"":""ok"",""tcaOk"":true,""mcpOkCount"":8,""mcpOk"":[true,true,true,true,true,true,true,true],""mcpAddrMask"":[1,1,1,1,1,1,1,1],""mcpControlTested"":true,""mcpControlOkCount"":8,""mcpControlOk"":[true,true,true,true,true,true,true,true],""dacReady"":true,""radioReady"":true,""mlReady"":true,""nullingProfileApplied"":true,""modelProfileReady"":false},""runtimeMcpCode"":[255,519,795,706,799,865,665,139],""model"":{""profileId"":""cnn-dualbranch-datasheet-v1-unbound"",""scalerProfileId"":""cnn-dualbranch-datasheet-v1-unbound"",""productionApproved"":true,""boundNullingProfileId"":8,""activeNullingProfileId"":9,""bindingValid"":true,""bindingModelMatches"":true,""profileReady"":false,""inferenceValid"":false,""sensorFault"":true},""lora"":{""beginState"":0,""lastTxState"":0,""lastTxOk"":false,""txSeq"":0,""txCounter"":0,""aesKeyProvisioned"":true,""aesKeyPresent"":true,""aesKeySource"":""nvs"",""keyId"":1,""lastDownlinkCommandId"":0,""freqMHz"":920,""bwKHz"":125,""sf"":7,""cr"":5,""syncWord"":18,""txPowerDbm"":17,""preamble"":8,""tcxoVoltage"":1.600000024,""xtalVoltage"":0},""dataset"":{""state"":""idle"",""step"":""idle"",""label"":"""",""seq"":0,""targetSamples"":0,""sampleIntervalMs"":500,""maxDurationMs"":0,""useFanIntake"":true,""fanOnMs"":1000,""postFanSettleMs"":0,""nullingProfileId"":9,""queuePending"":0,""queueCapacity"":16,""queueEnqueued"":0,""queueDropped"":0,""publishFailCount"":0,""retryCount"":0,""retryFailCount"":0,""rejectedSamples"":0,""lastRejectReason"":""none"",""lastRejectChannel"":-1,""lastRejectOkFiniteCount"":0,""lastRejectStatus"":255,""lastRejectGain"":0,""lastRejectSaturated"":false},""recovery"":{""wifiReconnectCount"":0,""wifiReconnectFailCount"":0,""mqttReconnectCount"":0,""mqttConnectFailCount"":0,""lastMqttState"":0,""adsRecoveryCount"":0,""adsRecoveryFailCount"":0,""adsReadFailStreak"":0,""lastReason"":""none"",""lastRecoveryMs"":0,""bootRecoveryArmed"":false,""bootRecoveryDueMs"":0,""bootRecoveryReason"":""none"",""bootRecoveryNonAdsFailure"":false,""bootRecoveryRestartCount"":0},""nulling"":{""done"":false,""retryArmed"":false,""attemptCount"":0,""nextRetryMs"":0,""thresholdV"":9.999999747E-06,""minFinalV"":0},""telemetry"":{""valid"":true,""sampleMs"":6914516,""gasClass"":6,""gasName"":""CO2"",""confidence"":0,""alarm"":false,""sensorVoltage"":[0.125066742,0.00395845,0.004838509,-0.002612535,-0.008487237,-0.011727718,-0.019602081,-0.025602844],""sensorGain"":[16,64,64,64,64,64,64,64],""sensorStatus"":[0,0,0,0,0,0,0,0],""featureOrder"":[""MQ8"",""MQ135"",""MQ3"",""MQ5"",""MQ4"",""MQ7"",""MQ6"",""MQ2""]},""alarmLatched"":false}"
2026-08-04 11:16:19.286 +07:00,538.164,HOT_SWEEP_70,70,700,300,1,0,0.125652477,0.003971305,0.004840413,-0.002589205,-0.008438526,-0.011388239,-0.019221807,-0.025534859,"{""deviceId"":""1001"",""nodeId"":4097,""targetChId"":""0010"",""mode"":""inference"",""uptimeMs"":6915610,""debugEnabled"":true,""power"":{""mode"":""24v"",""externalPower"":true,""batteryMv"":65535,""batteryValid"":false,""batteryDetected"":false,""batterySenseStatus"":""not_detected"",""batteryLow"":false,""batteryCritical"":false,""sourceAmbiguous"":false,""serviceHoldActive"":false,""serviceHoldEffective"":false},""batterySession"":{""state"":""inactive"",""startedMs"":0,""stateStartedMs"":0,""validSampleBatches"":0,""requiredSampleBatches"":10,""alarmTxAttempts"":0,""alarmTxAttemptLimit"":3,""alarmAckReceived"":false,""pendingAlarm"":false,""pendingSaveRequired"":false,""persistenceFaultHold"":false,""completionReason"":""session_done""},""bootHealth"":{""adsReady"":true,""adsDrdyLevel"":0,""adsDrdyPulldownLevel"":0,""adsDrdyPullupLevel"":0,""adsMisoPulldownLevel"":0,""adsMisoPullupLevel"":1,""adsCsLevel"":1,""adsSyncLevel"":1,""adsStatus"":54,""adsMux"":15,""adsAdcon"":6,""adsDrate"":240,""adsReason"":""ok"",""tcaOk"":true,""mcpOkCount"":8,""mcpOk"":[true,true,true,true,true,true,true,true],""mcpAddrMask"":[1,1,1,1,1,1,1,1],""mcpControlTested"":true,""mcpControlOkCount"":8,""mcpControlOk"":[true,true,true,true,true,true,true,true],""dacReady"":true,""radioReady"":true,""mlReady"":true,""nullingProfileApplied"":true,""modelProfileReady"":false},""runtimeMcpCode"":[255,519,795,706,799,865,665,139],""model"":{""profileId"":""cnn-dualbranch-datasheet-v1-unbound"",""scalerProfileId"":""cnn-dualbranch-datasheet-v1-unbound"",""productionApproved"":true,""boundNullingProfileId"":8,""activeNullingProfileId"":9,""bindingValid"":true,""bindingModelMatches"":true,""profileReady"":false,""inferenceValid"":false,""sensorFault"":true},""lora"":{""beginState"":0,""lastTxState"":0,""lastTxOk"":false,""txSeq"":0,""txCounter"":0,""aesKeyProvisioned"":true,""aesKeyPresent"":true,""aesKeySource"":""nvs"",""keyId"":1,""lastDownlinkCommandId"":0,""freqMHz"":920,""bwKHz"":125,""sf"":7,""cr"":5,""syncWord"":18,""txPowerDbm"":17,""preamble"":8,""tcxoVoltage"":1.600000024,""xtalVoltage"":0},""dataset"":{""state"":""idle"",""step"":""idle"",""label"":"""",""seq"":0,""targetSamples"":0,""sampleIntervalMs"":500,""maxDurationMs"":0,""useFanIntake"":true,""fanOnMs"":1000,""postFanSettleMs"":0,""nullingProfileId"":9,""queuePending"":0,""queueCapacity"":16,""queueEnqueued"":0,""queueDropped"":0,""publishFailCount"":0,""retryCount"":0,""retryFailCount"":0,""rejectedSamples"":0,""lastRejectReason"":""none"",""lastRejectChannel"":-1,""lastRejectOkFiniteCount"":0,""lastRejectStatus"":255,""lastRejectGain"":0,""lastRejectSaturated"":false},""recovery"":{""wifiReconnectCount"":0,""wifiReconnectFailCount"":0,""mqttReconnectCount"":0,""mqttConnectFailCount"":0,""lastMqttState"":0,""adsRecoveryCount"":0,""adsRecoveryFailCount"":0,""adsReadFailStreak"":0,""lastReason"":""none"",""lastRecoveryMs"":0,""bootRecoveryArmed"":false,""bootRecoveryDueMs"":0,""bootRecoveryReason"":""none"",""bootRecoveryNonAdsFailure"":false,""bootRecoveryRestartCount"":0},""nulling"":{""done"":false,""retryArmed"":false,""attemptCount"":0,""nextRetryMs"":0,""thresholdV"":9.999999747E-06,""minFinalV"":0},""telemetry"":{""valid"":true,""sampleMs"":6915240,""gasClass"":6,""gasName"":""CO2"",""confidence"":0,""alarm"":false,""sensorVoltage"":[0.125652477,0.003971305,0.004840413,-0.002589205,-0.008438526,-0.011388239,-0.019221807,-0.025534859],""sensorGain"":[16,64,64,64,64,64,64,64],""sensorStatus"":[0,0,0,0,0,0,0,0],""featureOrder"":[""MQ8"",""MQ135"",""MQ3"",""MQ5"",""MQ4"",""MQ7"",""MQ6"",""MQ2""]},""alarmLatched"":false}"
2026-08-04 11:16:19.984 +07:00,538.864,HOT_SWEEP_70,70,700,300,1,0,0.125199333,0.003952981,0.004838054,-0.002604652,-0.007647919,-0.011600506,-0.019607777,-0.02600472,"{""deviceId"":""1001"",""nodeId"":4097,""targetChId"":""0010"",""mode"":""inference"",""uptimeMs"":6916309,""debugEnabled"":true,""power"":{""mode"":""24v"",""externalPower"":true,""batteryMv"":65535,""batteryValid"":false,""batteryDetected"":false,""batterySenseStatus"":""not_detected"",""batteryLow"":false,""batteryCritical"":false,""sourceAmbiguous"":false,""serviceHoldActive"":false,""serviceHoldEffective"":false},""batterySession"":{""state"":""inactive"",""startedMs"":0,""stateStartedMs"":0,""validSampleBatches"":0,""requiredSampleBatches"":10,""alarmTxAttempts"":0,""alarmTxAttemptLimit"":3,""alarmAckReceived"":false,""pendingAlarm"":false,""pendingSaveRequired"":false,""persistenceFaultHold"":false,""completionReason"":""session_done""},""bootHealth"":{""adsReady"":true,""adsDrdyLevel"":0,""adsDrdyPulldownLevel"":0,""adsDrdyPullupLevel"":0,""adsMisoPulldownLevel"":0,""adsMisoPullupLevel"":1,""adsCsLevel"":1,""adsSyncLevel"":1,""adsStatus"":54,""adsMux"":15,""adsAdcon"":6,""adsDrate"":240,""adsReason"":""ok"",""tcaOk"":true,""mcpOkCount"":8,""mcpOk"":[true,true,true,true,true,true,true,true],""mcpAddrMask"":[1,1,1,1,1,1,1,1],""mcpControlTested"":true,""mcpControlOkCount"":8,""mcpControlOk"":[true,true,true,true,true,true,true,true],""dacReady"":true,""radioReady"":true,""mlReady"":true,""nullingProfileApplied"":true,""modelProfileReady"":false},""runtimeMcpCode"":[255,519,795,706,799,865,665,139],""model"":{""profileId"":""cnn-dualbranch-datasheet-v1-unbound"",""scalerProfileId"":""cnn-dualbranch-datasheet-v1-unbound"",""productionApproved"":true,""boundNullingProfileId"":8,""activeNullingProfileId"":9,""bindingValid"":true,""bindingModelMatches"":true,""profileReady"":false,""inferenceValid"":false,""sensorFault"":true},""lora"":{""beginState"":0,""lastTxState"":0,""lastTxOk"":false,""txSeq"":0,""txCounter"":0,""aesKeyProvisioned"":true,""aesKeyPresent"":true,""aesKeySource"":""nvs"",""keyId"":1,""lastDownlinkCommandId"":0,""freqMHz"":920,""bwKHz"":125,""sf"":7,""cr"":5,""syncWord"":18,""txPowerDbm"":17,""preamble"":8,""tcxoVoltage"":1.600000024,""xtalVoltage"":0},""dataset"":{""state"":""idle"",""step"":""idle"",""label"":"""",""seq"":0,""targetSamples"":0,""sampleIntervalMs"":500,""maxDurationMs"":0,""useFanIntake"":true,""fanOnMs"":1000,""postFanSettleMs"":0,""nullingProfileId"":9,""queuePending"":0,""queueCapacity"":16,""queueEnqueued"":0,""queueDropped"":0,""publishFailCount"":0,""retryCount"":0,""retryFailCount"":0,""rejectedSamples"":0,""lastRejectReason"":""none"",""lastRejectChannel"":-1,""lastRejectOkFiniteCount"":0,""lastRejectStatus"":255,""lastRejectGain"":0,""lastRejectSaturated"":false},""recovery"":{""wifiReconnectCount"":0,""wifiReconnectFailCount"":0,""mqttReconnectCount"":0,""mqttConnectFailCount"":0,""lastMqttState"":0,""adsRecoveryCount"":0,""adsRecoveryFailCount"":0,""adsReadFailStreak"":0,""lastReason"":""none"",""lastRecoveryMs"":0,""bootRecoveryArmed"":false,""bootRecoveryDueMs"":0,""bootRecoveryReason"":""none"",""bootRecoveryNonAdsFailure"":false,""bootRecoveryRestartCount"":0},""nulling"":{""done"":false,""retryArmed"":false,""attemptCount"":0,""nextRetryMs"":0,""thresholdV"":9.999999747E-06,""minFinalV"":0},""telemetry"":{""valid"":true,""sampleMs"":6915888,""gasClass"":6,""gasName"":""CO2"",""confidence"":0,""alarm"":false,""sensorVoltage"":[0.125199333,0.003952981,0.004838054,-0.002604652,-0.007647919,-0.011600506,-0.019607777,-0.02600472],""sensorGain"":[16,64,64,64,64,64,64,64],""sensorStatus"":[0,0,0,0,0,0,0,0],""featureOrder"":[""MQ8"",""MQ135"",""MQ3"",""MQ5"",""MQ4"",""MQ7"",""MQ6"",""MQ2""]},""alarmLatched"":false}"
2026-08-04 11:16:20.673 +07:00,539.552,HOT_SWEEP_70,70,700,300,1,0,0.124951877,0.003925596,0.00483404,-0.002614928,-0.007341058,-0.011598391,-0.019611629,-0.025914481,"{""deviceId"":""1001"",""nodeId"":4097,""targetChId"":""0010"",""mode"":""inference"",""uptimeMs"":6916998,""debugEnabled"":true,""power"":{""mode"":""24v"",""externalPower"":true,""batteryMv"":65535,""batteryValid"":false,""batteryDetected"":false,""batterySenseStatus"":""not_detected"",""batteryLow"":false,""batteryCritical"":false,""sourceAmbiguous"":false,""serviceHoldActive"":false,""serviceHoldEffective"":false},""batterySession"":{""state"":""inactive"",""startedMs"":0,""stateStartedMs"":0,""validSampleBatches"":0,""requiredSampleBatches"":10,""alarmTxAttempts"":0,""alarmTxAttemptLimit"":3,""alarmAckReceived"":false,""pendingAlarm"":false,""pendingSaveRequired"":false,""persistenceFaultHold"":false,""completionReason"":""session_done""},""bootHealth"":{""adsReady"":true,""adsDrdyLevel"":0,""adsDrdyPulldownLevel"":0,""adsDrdyPullupLevel"":0,""adsMisoPulldownLevel"":0,""adsMisoPullupLevel"":1,""adsCsLevel"":1,""adsSyncLevel"":1,""adsStatus"":54,""adsMux"":15,""adsAdcon"":6,""adsDrate"":240,""adsReason"":""ok"",""tcaOk"":true,""mcpOkCount"":8,""mcpOk"":[true,true,true,true,true,true,true,true],""mcpAddrMask"":[1,1,1,1,1,1,1,1],""mcpControlTested"":true,""mcpControlOkCount"":8,""mcpControlOk"":[true,true,true,true,true,true,true,true],""dacReady"":true,""radioReady"":true,""mlReady"":true,""nullingProfileApplied"":true,""modelProfileReady"":false},""runtimeMcpCode"":[255,519,795,706,799,865,665,139],""model"":{""profileId"":""cnn-dualbranch-datasheet-v1-unbound"",""scalerProfileId"":""cnn-dualbranch-datasheet-v1-unbound"",""productionApproved"":true,""boundNullingProfileId"":8,""activeNullingProfileId"":9,""bindingValid"":true,""bindingModelMatches"":true,""profileReady"":false,""inferenceValid"":false,""sensorFault"":true},""lora"":{""beginState"":0,""lastTxState"":0,""lastTxOk"":false,""txSeq"":0,""txCounter"":0,""aesKeyProvisioned"":true,""aesKeyPresent"":true,""aesKeySource"":""nvs"",""keyId"":1,""lastDownlinkCommandId"":0,""freqMHz"":920,""bwKHz"":125,""sf"":7,""cr"":5,""syncWord"":18,""txPowerDbm"":17,""preamble"":8,""tcxoVoltage"":1.600000024,""xtalVoltage"":0},""dataset"":{""state"":""idle"",""step"":""idle"",""label"":"""",""seq"":0,""targetSamples"":0,""sampleIntervalMs"":500,""maxDurationMs"":0,""useFanIntake"":true,""fanOnMs"":1000,""postFanSettleMs"":0,""nullingProfileId"":9,""queuePending"":0,""queueCapacity"":16,""queueEnqueued"":0,""queueDropped"":0,""publishFailCount"":0,""retryCount"":0,""retryFailCount"":0,""rejectedSamples"":0,""lastRejectReason"":""none"",""lastRejectChannel"":-1,""lastRejectOkFiniteCount"":0,""lastRejectStatus"":255,""lastRejectGain"":0,""lastRejectSaturated"":false},""recovery"":{""wifiReconnectCount"":0,""wifiReconnectFailCount"":0,""mqttReconnectCount"":0,""mqttConnectFailCount"":0,""lastMqttState"":0,""adsRecoveryCount"":0,""adsRecoveryFailCount"":0,""adsReadFailStreak"":0,""lastReason"":""none"",""lastRecoveryMs"":0,""bootRecoveryArmed"":false,""bootRecoveryDueMs"":0,""bootRecoveryReason"":""none"",""bootRecoveryNonAdsFailure"":false,""bootRecoveryRestartCount"":0},""nulling"":{""done"":false,""retryArmed"":false,""attemptCount"":0,""nextRetryMs"":0,""thresholdV"":9.999999747E-06,""minFinalV"":0},""telemetry"":{""valid"":true,""sampleMs"":6916587,""gasClass"":6,""gasName"":""CO2"",""confidence"":0,""alarm"":false,""sensorVoltage"":[0.124951877,0.003925596,0.00483404,-0.002614928,-0.007341058,-0.011598391,-0.019611629,-0.025914481],""sensorGain"":[16,64,64,64,64,64,64,64],""sensorStatus"":[0,0,0,0,0,0,0,0],""featureOrder"":[""MQ8"",""MQ135"",""MQ3"",""MQ5"",""MQ4"",""MQ7"",""MQ6"",""MQ2""]},""alarmLatched"":false}"
2026-08-04 11:16:21.357 +07:00,540.237,HOT_SWEEP_70,70,700,300,1,0,0.125701562,0.003881522,0.004744251,-0.002568207,-0.007345703,-0.01159812,-0.01959506,-0.025859658,"{""deviceId"":""1001"",""nodeId"":4097,""targetChId"":""0010"",""mode"":""inference"",""uptimeMs"":6917682,""debugEnabled"":true,""power"":{""mode"":""24v"",""externalPower"":true,""batteryMv"":65535,""batteryValid"":false,""batteryDetected"":false,""batterySenseStatus"":""not_detected"",""batteryLow"":false,""batteryCritical"":false,""sourceAmbiguous"":false,""serviceHoldActive"":false,""serviceHoldEffective"":false},""batterySession"":{""state"":""inactive"",""startedMs"":0,""stateStartedMs"":0,""validSampleBatches"":0,""requiredSampleBatches"":10,""alarmTxAttempts"":0,""alarmTxAttemptLimit"":3,""alarmAckReceived"":false,""pendingAlarm"":false,""pendingSaveRequired"":false,""persistenceFaultHold"":false,""completionReason"":""session_done""},""bootHealth"":{""adsReady"":true,""adsDrdyLevel"":0,""adsDrdyPulldownLevel"":0,""adsDrdyPullupLevel"":0,""adsMisoPulldownLevel"":0,""adsMisoPullupLevel"":1,""adsCsLevel"":1,""adsSyncLevel"":1,""adsStatus"":54,""adsMux"":15,""adsAdcon"":6,""adsDrate"":240,""adsReason"":""ok"",""tcaOk"":true,""mcpOkCount"":8,""mcpOk"":[true,true,true,true,true,true,true,true],""mcpAddrMask"":[1,1,1,1,1,1,1,1],""mcpControlTested"":true,""mcpControlOkCount"":8,""mcpControlOk"":[true,true,true,true,true,true,true,true],""dacReady"":true,""radioReady"":true,""mlReady"":true,""nullingProfileApplied"":true,""modelProfileReady"":false},""runtimeMcpCode"":[255,519,795,706,799,865,665,139],""model"":{""profileId"":""cnn-dualbranch-datasheet-v1-unbound"",""scalerProfileId"":""cnn-dualbranch-datasheet-v1-unbound"",""productionApproved"":true,""boundNullingProfileId"":8,""activeNullingProfileId"":9,""bindingValid"":true,""bindingModelMatches"":true,""profileReady"":false,""inferenceValid"":false,""sensorFault"":true},""lora"":{""beginState"":0,""lastTxState"":0,""lastTxOk"":false,""txSeq"":0,""txCounter"":0,""aesKeyProvisioned"":true,""aesKeyPresent"":true,""aesKeySource"":""nvs"",""keyId"":1,""lastDownlinkCommandId"":0,""freqMHz"":920,""bwKHz"":125,""sf"":7,""cr"":5,""syncWord"":18,""txPowerDbm"":17,""preamble"":8,""tcxoVoltage"":1.600000024,""xtalVoltage"":0},""dataset"":{""state"":""idle"",""step"":""idle"",""label"":"""",""seq"":0,""targetSamples"":0,""sampleIntervalMs"":500,""maxDurationMs"":0,""useFanIntake"":true,""fanOnMs"":1000,""postFanSettleMs"":0,""nullingProfileId"":9,""queuePending"":0,""queueCapacity"":16,""queueEnqueued"":0,""queueDropped"":0,""publishFailCount"":0,""retryCount"":0,""retryFailCount"":0,""rejectedSamples"":0,""lastRejectReason"":""none"",""lastRejectChannel"":-1,""lastRejectOkFiniteCount"":0,""lastRejectStatus"":255,""lastRejectGain"":0,""lastRejectSaturated"":false},""recovery"":{""wifiReconnectCount"":0,""wifiReconnectFailCount"":0,""mqttReconnectCount"":0,""mqttConnectFailCount"":0,""lastMqttState"":0,""adsRecoveryCount"":0,""adsRecoveryFailCount"":0,""adsReadFailStreak"":0,""lastReason"":""none"",""lastRecoveryMs"":0,""bootRecoveryArmed"":false,""bootRecoveryDueMs"":0,""bootRecoveryReason"":""none"",""bootRecoveryNonAdsFailure"":false,""bootRecoveryRestartCount"":0},""nulling"":{""done"":false,""retryArmed"":false,""attemptCount"":0,""nextRetryMs"":0,""thresholdV"":9.999999747E-06,""minFinalV"":0},""telemetry"":{""valid"":true,""sampleMs"":6917308,""gasClass"":6,""gasName"":""CO2"",""confidence"":0,""alarm"":false,""sensorVoltage"":[0.125701562,0.003881522,0.004744251,-0.002568207,-0.007345703,-0.01159812,-0.01959506,-0.025859658],""sensorGain"":[16,64,64,64,64,64,64,64],""sensorStatus"":[0,0,0,0,0,0,0,0],""featureOrder"":[""MQ8"",""MQ135"",""MQ3"",""MQ5"",""MQ4"",""MQ7"",""MQ6"",""MQ2""]},""alarmLatched"":false}"
2026-08-04 11:16:22.041 +07:00,540.921,HOT_SWEEP_70,70,700,300,1,0,0.125346333,0.003936189,0.004774833,-0.002584133,-0.007617289,-0.011869074,-0.019982666,-0.02583595,"{""deviceId"":""1001"",""nodeId"":4097,""targetChId"":""0010"",""mode"":""inference"",""uptimeMs"":6918367,""debugEnabled"":true,""power"":{""mode"":""24v"",""externalPower"":true,""batteryMv"":65535,""batteryValid"":false,""batteryDetected"":false,""batterySenseStatus"":""not_detected"",""batteryLow"":false,""batteryCritical"":false,""sourceAmbiguous"":false,""serviceHoldActive"":false,""serviceHoldEffective"":false},""batterySession"":{""state"":""inactive"",""startedMs"":0,""stateStartedMs"":0,""validSampleBatches"":0,""requiredSampleBatches"":10,""alarmTxAttempts"":0,""alarmTxAttemptLimit"":3,""alarmAckReceived"":false,""pendingAlarm"":false,""pendingSaveRequired"":false,""persistenceFaultHold"":false,""completionReason"":""session_done""},""bootHealth"":{""adsReady"":true,""adsDrdyLevel"":0,""adsDrdyPulldownLevel"":0,""adsDrdyPullupLevel"":0,""adsMisoPulldownLevel"":0,""adsMisoPullupLevel"":1,""adsCsLevel"":1,""adsSyncLevel"":1,""adsStatus"":54,""adsMux"":15,""adsAdcon"":6,""adsDrate"":240,""adsReason"":""ok"",""tcaOk"":true,""mcpOkCount"":8,""mcpOk"":[true,true,true,true,true,true,true,true],""mcpAddrMask"":[1,1,1,1,1,1,1,1],""mcpControlTested"":true,""mcpControlOkCount"":8,""mcpControlOk"":[true,true,true,true,true,true,true,true],""dacReady"":true,""radioReady"":true,""mlReady"":true,""nullingProfileApplied"":true,""modelProfileReady"":false},""runtimeMcpCode"":[255,519,795,706,799,865,665,139],""model"":{""profileId"":""cnn-dualbranch-datasheet-v1-unbound"",""scalerProfileId"":""cnn-dualbranch-datasheet-v1-unbound"",""productionApproved"":true,""boundNullingProfileId"":8,""activeNullingProfileId"":9,""bindingValid"":true,""bindingModelMatches"":true,""profileReady"":false,""inferenceValid"":false,""sensorFault"":true},""lora"":{""beginState"":0,""lastTxState"":0,""lastTxOk"":false,""txSeq"":0,""txCounter"":0,""aesKeyProvisioned"":true,""aesKeyPresent"":true,""aesKeySource"":""nvs"",""keyId"":1,""lastDownlinkCommandId"":0,""freqMHz"":920,""bwKHz"":125,""sf"":7,""cr"":5,""syncWord"":18,""txPowerDbm"":17,""preamble"":8,""tcxoVoltage"":1.600000024,""xtalVoltage"":0},""dataset"":{""state"":""idle"",""step"":""idle"",""label"":"""",""seq"":0,""targetSamples"":0,""sampleIntervalMs"":500,""maxDurationMs"":0,""useFanIntake"":true,""fanOnMs"":1000,""postFanSettleMs"":0,""nullingProfileId"":9,""queuePending"":0,""queueCapacity"":16,""queueEnqueued"":0,""queueDropped"":0,""publishFailCount"":0,""retryCount"":0,""retryFailCount"":0,""rejectedSamples"":0,""lastRejectReason"":""none"",""lastRejectChannel"":-1,""lastRejectOkFiniteCount"":0,""lastRejectStatus"":255,""lastRejectGain"":0,""lastRejectSaturated"":false},""recovery"":{""wifiReconnectCount"":0,""wifiReconnectFailCount"":0,""mqttReconnectCount"":0,""mqttConnectFailCount"":0,""lastMqttState"":0,""adsRecoveryCount"":0,""adsRecoveryFailCount"":0,""adsReadFailStreak"":0,""lastReason"":""none"",""lastRecoveryMs"":0,""bootRecoveryArmed"":false,""bootRecoveryDueMs"":0,""bootRecoveryReason"":""none"",""bootRecoveryNonAdsFailure"":false,""bootRecoveryRestartCount"":0},""nulling"":{""done"":false,""retryArmed"":false,""attemptCount"":0,""nextRetryMs"":0,""thresholdV"":9.999999747E-06,""minFinalV"":0},""telemetry"":{""valid"":true,""sampleMs"":6917960,""gasClass"":6,""gasName"":""CO2"",""confidence"":0,""alarm"":false,""sensorVoltage"":[0.125346333,0.003936189,0.004774833,-0.002584133,-0.007617289,-0.011869074,-0.019982666,-0.02583595],""sensorGain"":[16,64,64,64,64,64,64,64],""sensorStatus"":[0,0,0,0,0,0,0,0],""featureOrder"":[""MQ8"",""MQ135"",""MQ3"",""MQ5"",""MQ4"",""MQ7"",""MQ6"",""MQ2""]},""alarmLatched"":false}"
2026-08-04 11:16:22.723 +07:00,541.603,HOT_SWEEP_70,70,700,300,1,0,0.124828592,0.003929935,0.004780055,-0.00258147,-0.007754715,-0.011855139,-0.01988996,-0.025794292,"{""deviceId"":""1001"",""nodeId"":4097,""targetChId"":""0010"",""mode"":""inference"",""uptimeMs"":6919047,""debugEnabled"":true,""power"":{""mode"":""24v"",""externalPower"":true,""batteryMv"":65535,""batteryValid"":false,""batteryDetected"":false,""batterySenseStatus"":""not_detected"",""batteryLow"":false,""batteryCritical"":false,""sourceAmbiguous"":false,""serviceHoldActive"":false,""serviceHoldEffective"":false},""batterySession"":{""state"":""inactive"",""startedMs"":0,""stateStartedMs"":0,""validSampleBatches"":0,""requiredSampleBatches"":10,""alarmTxAttempts"":0,""alarmTxAttemptLimit"":3,""alarmAckReceived"":false,""pendingAlarm"":false,""pendingSaveRequired"":false,""persistenceFaultHold"":false,""completionReason"":""session_done""},""bootHealth"":{""adsReady"":true,""adsDrdyLevel"":0,""adsDrdyPulldownLevel"":0,""adsDrdyPullupLevel"":0,""adsMisoPulldownLevel"":0,""adsMisoPullupLevel"":1,""adsCsLevel"":1,""adsSyncLevel"":1,""adsStatus"":54,""adsMux"":15,""adsAdcon"":6,""adsDrate"":240,""adsReason"":""ok"",""tcaOk"":true,""mcpOkCount"":8,""mcpOk"":[true,true,true,true,true,true,true,true],""mcpAddrMask"":[1,1,1,1,1,1,1,1],""mcpControlTested"":true,""mcpControlOkCount"":8,""mcpControlOk"":[true,true,true,true,true,true,true,true],""dacReady"":true,""radioReady"":true,""mlReady"":true,""nullingProfileApplied"":true,""modelProfileReady"":false},""runtimeMcpCode"":[255,519,795,706,799,865,665,139],""model"":{""profileId"":""cnn-dualbranch-datasheet-v1-unbound"",""scalerProfileId"":""cnn-dualbranch-datasheet-v1-unbound"",""productionApproved"":true,""boundNullingProfileId"":8,""activeNullingProfileId"":9,""bindingValid"":true,""bindingModelMatches"":true,""profileReady"":false,""inferenceValid"":false,""sensorFault"":true},""lora"":{""beginState"":0,""lastTxState"":0,""lastTxOk"":false,""txSeq"":0,""txCounter"":0,""aesKeyProvisioned"":true,""aesKeyPresent"":true,""aesKeySource"":""nvs"",""keyId"":1,""lastDownlinkCommandId"":0,""freqMHz"":920,""bwKHz"":125,""sf"":7,""cr"":5,""syncWord"":18,""txPowerDbm"":17,""preamble"":8,""tcxoVoltage"":1.600000024,""xtalVoltage"":0},""dataset"":{""state"":""idle"",""step"":""idle"",""label"":"""",""seq"":0,""targetSamples"":0,""sampleIntervalMs"":500,""maxDurationMs"":0,""useFanIntake"":true,""fanOnMs"":1000,""postFanSettleMs"":0,""nullingProfileId"":9,""queuePending"":0,""queueCapacity"":16,""queueEnqueued"":0,""queueDropped"":0,""publishFailCount"":0,""retryCount"":0,""retryFailCount"":0,""rejectedSamples"":0,""lastRejectReason"":""none"",""lastRejectChannel"":-1,""lastRejectOkFiniteCount"":0,""lastRejectStatus"":255,""lastRejectGain"":0,""lastRejectSaturated"":false},""recovery"":{""wifiReconnectCount"":0,""wifiReconnectFailCount"":0,""mqttReconnectCount"":0,""mqttConnectFailCount"":0,""lastMqttState"":0,""adsRecoveryCount"":0,""adsRecoveryFailCount"":0,""adsReadFailStreak"":0,""lastReason"":""none"",""lastRecoveryMs"":0,""bootRecoveryArmed"":false,""bootRecoveryDueMs"":0,""bootRecoveryReason"":""none"",""bootRecoveryNonAdsFailure"":false,""bootRecoveryRestartCount"":0},""nulling"":{""done"":false,""retryArmed"":false,""attemptCount"":0,""nextRetryMs"":0,""thresholdV"":9.999999747E-06,""minFinalV"":0},""telemetry"":{""valid"":true,""sampleMs"":6918645,""gasClass"":6,""gasName"":""CO2"",""confidence"":0,""alarm"":false,""sensorVoltage"":[0.124828592,0.003929935,0.004780055,-0.00258147,-0.007754715,-0.011855139,-0.01988996,-0.025794292],""sensorGain"":[16,64,64,64,64,64,64,64],""sensorStatus"":[0,0,0,0,0,0,0,0],""featureOrder"":[""MQ8"",""MQ135"",""MQ3"",""MQ5"",""MQ4"",""MQ7"",""MQ6"",""MQ2""]},""alarmLatched"":false}"
2026-08-04 11:16:23.420 +07:00,542.299,HOT_SWEEP_70,70,700,300,1,0,0.125592604,0.003880502,0.004781152,-0.00257358,-0.007764924,-0.011850685,-0.01983442,-0.025881749,"{""deviceId"":""1001"",""nodeId"":4097,""targetChId"":""0010"",""mode"":""inference"",""uptimeMs"":6919745,""debugEnabled"":true,""power"":{""mode"":""24v"",""externalPower"":true,""batteryMv"":65535,""batteryValid"":false,""batteryDetected"":false,""batterySenseStatus"":""not_detected"",""batteryLow"":false,""batteryCritical"":false,""sourceAmbiguous"":false,""serviceHoldActive"":false,""serviceHoldEffective"":false},""batterySession"":{""state"":""inactive"",""startedMs"":0,""stateStartedMs"":0,""validSampleBatches"":0,""requiredSampleBatches"":10,""alarmTxAttempts"":0,""alarmTxAttemptLimit"":3,""alarmAckReceived"":false,""pendingAlarm"":false,""pendingSaveRequired"":false,""persistenceFaultHold"":false,""completionReason"":""session_done""},""bootHealth"":{""adsReady"":true,""adsDrdyLevel"":0,""adsDrdyPulldownLevel"":0,""adsDrdyPullupLevel"":0,""adsMisoPulldownLevel"":0,""adsMisoPullupLevel"":1,""adsCsLevel"":1,""adsSyncLevel"":1,""adsStatus"":54,""adsMux"":15,""adsAdcon"":6,""adsDrate"":240,""adsReason"":""ok"",""tcaOk"":true,""mcpOkCount"":8,""mcpOk"":[true,true,true,true,true,true,true,true],""mcpAddrMask"":[1,1,1,1,1,1,1,1],""mcpControlTested"":true,""mcpControlOkCount"":8,""mcpControlOk"":[true,true,true,true,true,true,true,true],""dacReady"":true,""radioReady"":true,""mlReady"":true,""nullingProfileApplied"":true,""modelProfileReady"":false},""runtimeMcpCode"":[255,519,795,706,799,865,665,139],""model"":{""profileId"":""cnn-dualbranch-datasheet-v1-unbound"",""scalerProfileId"":""cnn-dualbranch-datasheet-v1-unbound"",""productionApproved"":true,""boundNullingProfileId"":8,""activeNullingProfileId"":9,""bindingValid"":true,""bindingModelMatches"":true,""profileReady"":false,""inferenceValid"":false,""sensorFault"":true},""lora"":{""beginState"":0,""lastTxState"":0,""lastTxOk"":false,""txSeq"":0,""txCounter"":0,""aesKeyProvisioned"":true,""aesKeyPresent"":true,""aesKeySource"":""nvs"",""keyId"":1,""lastDownlinkCommandId"":0,""freqMHz"":920,""bwKHz"":125,""sf"":7,""cr"":5,""syncWord"":18,""txPowerDbm"":17,""preamble"":8,""tcxoVoltage"":1.600000024,""xtalVoltage"":0},""dataset"":{""state"":""idle"",""step"":""idle"",""label"":"""",""seq"":0,""targetSamples"":0,""sampleIntervalMs"":500,""maxDurationMs"":0,""useFanIntake"":true,""fanOnMs"":1000,""postFanSettleMs"":0,""nullingProfileId"":9,""queuePending"":0,""queueCapacity"":16,""queueEnqueued"":0,""queueDropped"":0,""publishFailCount"":0,""retryCount"":0,""retryFailCount"":0,""rejectedSamples"":0,""lastRejectReason"":""none"",""lastRejectChannel"":-1,""lastRejectOkFiniteCount"":0,""lastRejectStatus"":255,""lastRejectGain"":0,""lastRejectSaturated"":false},""recovery"":{""wifiReconnectCount"":0,""wifiReconnectFailCount"":0,""mqttReconnectCount"":0,""mqttConnectFailCount"":0,""lastMqttState"":0,""adsRecoveryCount"":0,""adsRecoveryFailCount"":0,""adsReadFailStreak"":0,""lastReason"":""none"",""lastRecoveryMs"":0,""bootRecoveryArmed"":false,""bootRecoveryDueMs"":0,""bootRecoveryReason"":""none"",""bootRecoveryNonAdsFailure"":false,""bootRecoveryRestartCount"":0},""nulling"":{""done"":false,""retryArmed"":false,""attemptCount"":0,""nextRetryMs"":0,""thresholdV"":9.999999747E-06,""minFinalV"":0},""telemetry"":{""valid"":true,""sampleMs"":6919357,""gasClass"":6,""gasName"":""CO2"",""confidence"":0,""alarm"":false,""sensorVoltage"":[0.125592604,0.003880502,0.004781152,-0.00257358,-0.007764924,-0.011850685,-0.01983442,-0.025881749],""sensorGain"":[16,64,64,64,64,64,64,64],""sensorStatus"":[0,0,0,0,0,0,0,0],""featureOrder"":[""MQ8"",""MQ135"",""MQ3"",""MQ5"",""MQ4"",""MQ7"",""MQ6"",""MQ2""]},""alarmLatched"":false}"
2026-08-04 11:16:24.109 +07:00,542.986,HOT_SWEEP_70,70,700,300,1,0,0.125239521,0.004031095,0.004760122,-0.002646505,-0.007984947,-0.011833157,-0.019840904,-0.025891602,"{""deviceId"":""1001"",""nodeId"":4097,""targetChId"":""0010"",""mode"":""inference"",""uptimeMs"":6920430,""debugEnabled"":true,""power"":{""mode"":""24v"",""externalPower"":true,""batteryMv"":65535,""batteryValid"":false,""batteryDetected"":false,""batterySenseStatus"":""not_detected"",""batteryLow"":false,""batteryCritical"":false,""sourceAmbiguous"":false,""serviceHoldActive"":false,""serviceHoldEffective"":false},""batterySession"":{""state"":""inactive"",""startedMs"":0,""stateStartedMs"":0,""validSampleBatches"":0,""requiredSampleBatches"":10,""alarmTxAttempts"":0,""alarmTxAttemptLimit"":3,""alarmAckReceived"":false,""pendingAlarm"":false,""pendingSaveRequired"":false,""persistenceFaultHold"":false,""completionReason"":""session_done""},""bootHealth"":{""adsReady"":true,""adsDrdyLevel"":0,""adsDrdyPulldownLevel"":0,""adsDrdyPullupLevel"":0,""adsMisoPulldownLevel"":0,""adsMisoPullupLevel"":1,""adsCsLevel"":1,""adsSyncLevel"":1,""adsStatus"":54,""adsMux"":15,""adsAdcon"":6,""adsDrate"":240,""adsReason"":""ok"",""tcaOk"":true,""mcpOkCount"":8,""mcpOk"":[true,true,true,true,true,true,true,true],""mcpAddrMask"":[1,1,1,1,1,1,1,1],""mcpControlTested"":true,""mcpControlOkCount"":8,""mcpControlOk"":[true,true,true,true,true,true,true,true],""dacReady"":true,""radioReady"":true,""mlReady"":true,""nullingProfileApplied"":true,""modelProfileReady"":false},""runtimeMcpCode"":[255,519,795,706,799,865,665,139],""model"":{""profileId"":""cnn-dualbranch-datasheet-v1-unbound"",""scalerProfileId"":""cnn-dualbranch-datasheet-v1-unbound"",""productionApproved"":true,""boundNullingProfileId"":8,""activeNullingProfileId"":9,""bindingValid"":true,""bindingModelMatches"":true,""profileReady"":false,""inferenceValid"":false,""sensorFault"":true},""lora"":{""beginState"":0,""lastTxState"":0,""lastTxOk"":false,""txSeq"":0,""txCounter"":0,""aesKeyProvisioned"":true,""aesKeyPresent"":true,""aesKeySource"":""nvs"",""keyId"":1,""lastDownlinkCommandId"":0,""freqMHz"":920,""bwKHz"":125,""sf"":7,""cr"":5,""syncWord"":18,""txPowerDbm"":17,""preamble"":8,""tcxoVoltage"":1.600000024,""xtalVoltage"":0},""dataset"":{""state"":""idle"",""step"":""idle"",""label"":"""",""seq"":0,""targetSamples"":0,""sampleIntervalMs"":500,""maxDurationMs"":0,""useFanIntake"":true,""fanOnMs"":1000,""postFanSettleMs"":0,""nullingProfileId"":9,""queuePending"":0,""queueCapacity"":16,""queueEnqueued"":0,""queueDropped"":0,""publishFailCount"":0,""retryCount"":0,""retryFailCount"":0,""rejectedSamples"":0,""lastRejectReason"":""none"",""lastRejectChannel"":-1,""lastRejectOkFiniteCount"":0,""lastRejectStatus"":255,""lastRejectGain"":0,""lastRejectSaturated"":false},""recovery"":{""wifiReconnectCount"":0,""wifiReconnectFailCount"":0,""mqttReconnectCount"":0,""mqttConnectFailCount"":0,""lastMqttState"":0,""adsRecoveryCount"":0,""adsRecoveryFailCount"":0,""adsReadFailStreak"":0,""lastReason"":""none"",""lastRecoveryMs"":0,""bootRecoveryArmed"":false,""bootRecoveryDueMs"":0,""bootRecoveryReason"":""none"",""bootRecoveryNonAdsFailure"":false,""bootRecoveryRestartCount"":0},""nulling"":{""done"":false,""retryArmed"":false,""attemptCount"":0,""nextRetryMs"":0,""thresholdV"":9.999999747E-06,""minFinalV"":0},""telemetry"":{""valid"":true,""sampleMs"":6920023,""gasClass"":6,""gasName"":""CO2"",""confidence"":0,""alarm"":false,""sensorVoltage"":[0.125239521,0.004031095,0.004760122,-0.002646505,-0.007984947,-0.011833157,-0.019840904,-0.025891602],""sensorGain"":[16,64,64,64,64,64,64,64],""sensorStatus"":[0,0,0,0,0,0,0,0],""featureOrder"":[""MQ8"",""MQ135"",""MQ3"",""MQ5"",""MQ4"",""MQ7"",""MQ6"",""MQ2""]},""alarmLatched"":false}"
2026-08-04 11:16:24.850 +07:00,543.730,HOT_SWEEP_70,70,700,300,1,0,0.124952935,0.004046095,0.004755861,-0.002652512,-0.008000217,-0.011849788,-0.019790616,-0.02593177,"{""deviceId"":""1001"",""nodeId"":4097,""targetChId"":""0010"",""mode"":""inference"",""uptimeMs"":6921175,""debugEnabled"":true,""power"":{""mode"":""24v"",""externalPower"":true,""batteryMv"":65535,""batteryValid"":false,""batteryDetected"":false,""batterySenseStatus"":""not_detected"",""batteryLow"":false,""batteryCritical"":false,""sourceAmbiguous"":false,""serviceHoldActive"":false,""serviceHoldEffective"":false},""batterySession"":{""state"":""inactive"",""startedMs"":0,""stateStartedMs"":0,""validSampleBatches"":0,""requiredSampleBatches"":10,""alarmTxAttempts"":0,""alarmTxAttemptLimit"":3,""alarmAckReceived"":false,""pendingAlarm"":false,""pendingSaveRequired"":false,""persistenceFaultHold"":false,""completionReason"":""session_done""},""bootHealth"":{""adsReady"":true,""adsDrdyLevel"":0,""adsDrdyPulldownLevel"":0,""adsDrdyPullupLevel"":0,""adsMisoPulldownLevel"":0,""adsMisoPullupLevel"":1,""adsCsLevel"":1,""adsSyncLevel"":1,""adsStatus"":54,""adsMux"":15,""adsAdcon"":6,""adsDrate"":240,""adsReason"":""ok"",""tcaOk"":true,""mcpOkCount"":8,""mcpOk"":[true,true,true,true,true,true,true,true],""mcpAddrMask"":[1,1,1,1,1,1,1,1],""mcpControlTested"":true,""mcpControlOkCount"":8,""mcpControlOk"":[true,true,true,true,true,true,true,true],""dacReady"":true,""radioReady"":true,""mlReady"":true,""nullingProfileApplied"":true,""modelProfileReady"":false},""runtimeMcpCode"":[255,519,795,706,799,865,665,139],""model"":{""profileId"":""cnn-dualbranch-datasheet-v1-unbound"",""scalerProfileId"":""cnn-dualbranch-datasheet-v1-unbound"",""productionApproved"":true,""boundNullingProfileId"":8,""activeNullingProfileId"":9,""bindingValid"":true,""bindingModelMatches"":true,""profileReady"":false,""inferenceValid"":false,""sensorFault"":true},""lora"":{""beginState"":0,""lastTxState"":0,""lastTxOk"":false,""txSeq"":0,""txCounter"":0,""aesKeyProvisioned"":true,""aesKeyPresent"":true,""aesKeySource"":""nvs"",""keyId"":1,""lastDownlinkCommandId"":0,""freqMHz"":920,""bwKHz"":125,""sf"":7,""cr"":5,""syncWord"":18,""txPowerDbm"":17,""preamble"":8,""tcxoVoltage"":1.600000024,""xtalVoltage"":0},""dataset"":{""state"":""idle"",""step"":""idle"",""label"":"""",""seq"":0,""targetSamples"":0,""sampleIntervalMs"":500,""maxDurationMs"":0,""useFanIntake"":true,""fanOnMs"":1000,""postFanSettleMs"":0,""nullingProfileId"":9,""queuePending"":0,""queueCapacity"":16,""queueEnqueued"":0,""queueDropped"":0,""publishFailCount"":0,""retryCount"":0,""retryFailCount"":0,""rejectedSamples"":0,""lastRejectReason"":""none"",""lastRejectChannel"":-1,""lastRejectOkFiniteCount"":0,""lastRejectStatus"":255,""lastRejectGain"":0,""lastRejectSaturated"":false},""recovery"":{""wifiReconnectCount"":0,""wifiReconnectFailCount"":0,""mqttReconnectCount"":0,""mqttConnectFailCount"":0,""lastMqttState"":0,""adsRecoveryCount"":0,""adsRecoveryFailCount"":0,""adsReadFailStreak"":0,""lastReason"":""none"",""lastRecoveryMs"":0,""bootRecoveryArmed"":false,""bootRecoveryDueMs"":0,""bootRecoveryReason"":""none"",""bootRecoveryNonAdsFailure"":false,""bootRecoveryRestartCount"":0},""nulling"":{""done"":false,""retryArmed"":false,""attemptCount"":0,""nextRetryMs"":0,""thresholdV"":9.999999747E-06,""minFinalV"":0},""telemetry"":{""valid"":true,""sampleMs"":6920708,""gasClass"":6,""gasName"":""CO2"",""confidence"":0,""alarm"":false,""sensorVoltage"":[0.124952935,0.004046095,0.004755861,-0.002652512,-0.008000217,-0.011849788,-0.019790616,-0.02593177],""sensorGain"":[16,64,64,64,64,64,64,64],""sensorStatus"":[0,0,0,0,0,0,0,0],""featureOrder"":[""MQ8"",""MQ135"",""MQ3"",""MQ5"",""MQ4"",""MQ7"",""MQ6"",""MQ2""]},""alarmLatched"":false}"
2026-08-04 11:16:25.539 +07:00,544.419,HOT_SWEEP_70,70,700,300,1,0,0.125170559,0.004113216,0.00480958,-0.002632014,-0.008003846,-0.011843873,-0.01974608,-0.025822431,"{""deviceId"":""1001"",""nodeId"":4097,""targetChId"":""0010"",""mode"":""inference"",""uptimeMs"":6921865,""debugEnabled"":true,""power"":{""mode"":""24v"",""externalPower"":true,""batteryMv"":65535,""batteryValid"":false,""batteryDetected"":false,""batterySenseStatus"":""not_detected"",""batteryLow"":false,""batteryCritical"":false,""sourceAmbiguous"":false,""serviceHoldActive"":false,""serviceHoldEffective"":false},""batterySession"":{""state"":""inactive"",""startedMs"":0,""stateStartedMs"":0,""validSampleBatches"":0,""requiredSampleBatches"":10,""alarmTxAttempts"":0,""alarmTxAttemptLimit"":3,""alarmAckReceived"":false,""pendingAlarm"":false,""pendingSaveRequired"":false,""persistenceFaultHold"":false,""completionReason"":""session_done""},""bootHealth"":{""adsReady"":true,""adsDrdyLevel"":0,""adsDrdyPulldownLevel"":0,""adsDrdyPullupLevel"":0,""adsMisoPulldownLevel"":0,""adsMisoPullupLevel"":1,""adsCsLevel"":1,""adsSyncLevel"":1,""adsStatus"":54,""adsMux"":15,""adsAdcon"":6,""adsDrate"":240,""adsReason"":""ok"",""tcaOk"":true,""mcpOkCount"":8,""mcpOk"":[true,true,true,true,true,true,true,true],""mcpAddrMask"":[1,1,1,1,1,1,1,1],""mcpControlTested"":true,""mcpControlOkCount"":8,""mcpControlOk"":[true,true,true,true,true,true,true,true],""dacReady"":true,""radioReady"":true,""mlReady"":true,""nullingProfileApplied"":true,""modelProfileReady"":false},""runtimeMcpCode"":[255,519,795,706,799,865,665,139],""model"":{""profileId"":""cnn-dualbranch-datasheet-v1-unbound"",""scalerProfileId"":""cnn-dualbranch-datasheet-v1-unbound"",""productionApproved"":true,""boundNullingProfileId"":8,""activeNullingProfileId"":9,""bindingValid"":true,""bindingModelMatches"":true,""profileReady"":false,""inferenceValid"":false,""sensorFault"":true},""lora"":{""beginState"":0,""lastTxState"":0,""lastTxOk"":false,""txSeq"":0,""txCounter"":0,""aesKeyProvisioned"":true,""aesKeyPresent"":true,""aesKeySource"":""nvs"",""keyId"":1,""lastDownlinkCommandId"":0,""freqMHz"":920,""bwKHz"":125,""sf"":7,""cr"":5,""syncWord"":18,""txPowerDbm"":17,""preamble"":8,""tcxoVoltage"":1.600000024,""xtalVoltage"":0},""dataset"":{""state"":""idle"",""step"":""idle"",""label"":"""",""seq"":0,""targetSamples"":0,""sampleIntervalMs"":500,""maxDurationMs"":0,""useFanIntake"":true,""fanOnMs"":1000,""postFanSettleMs"":0,""nullingProfileId"":9,""queuePending"":0,""queueCapacity"":16,""queueEnqueued"":0,""queueDropped"":0,""publishFailCount"":0,""retryCount"":0,""retryFailCount"":0,""rejectedSamples"":0,""lastRejectReason"":""none"",""lastRejectChannel"":-1,""lastRejectOkFiniteCount"":0,""lastRejectStatus"":255,""lastRejectGain"":0,""lastRejectSaturated"":false},""recovery"":{""wifiReconnectCount"":0,""wifiReconnectFailCount"":0,""mqttReconnectCount"":0,""mqttConnectFailCount"":0,""lastMqttState"":0,""adsRecoveryCount"":0,""adsRecoveryFailCount"":0,""adsReadFailStreak"":0,""lastReason"":""none"",""lastRecoveryMs"":0,""bootRecoveryArmed"":false,""bootRecoveryDueMs"":0,""bootRecoveryReason"":""none"",""bootRecoveryNonAdsFailure"":false,""bootRecoveryRestartCount"":0},""nulling"":{""done"":false,""retryArmed"":false,""attemptCount"":0,""nextRetryMs"":0,""thresholdV"":9.999999747E-06,""minFinalV"":0},""telemetry"":{""valid"":true,""sampleMs"":6921485,""gasClass"":6,""gasName"":""CO2"",""confidence"":0,""alarm"":false,""sensorVoltage"":[0.125170559,0.004113216,0.00480958,-0.002632014,-0.008003846,-0.011843873,-0.01974608,-0.025822431],""sensorGain"":[16,64,64,64,64,64,64,64],""sensorStatus"":[0,0,0,0,0,0,0,0],""featureOrder"":[""MQ8"",""MQ135"",""MQ3"",""MQ5"",""MQ4"",""MQ7"",""MQ6"",""MQ2""]},""alarmLatched"":false}"
2026-08-04 11:16:26.236 +07:00,545.102,HOT_SWEEP_70,70,700,300,1,0,0.125327185,0.004084553,0.004792324,-0.002568316,-0.008010437,-0.011903176,-0.019768702,-0.025357639,"{""deviceId"":""1001"",""nodeId"":4097,""targetChId"":""0010"",""mode"":""inference"",""uptimeMs"":6922547,""debugEnabled"":true,""power"":{""mode"":""24v"",""externalPower"":true,""batteryMv"":65535,""batteryValid"":false,""batteryDetected"":false,""batterySenseStatus"":""not_detected"",""batteryLow"":false,""batteryCritical"":false,""sourceAmbiguous"":false,""serviceHoldActive"":false,""serviceHoldEffective"":false},""batterySession"":{""state"":""inactive"",""startedMs"":0,""stateStartedMs"":0,""validSampleBatches"":0,""requiredSampleBatches"":10,""alarmTxAttempts"":0,""alarmTxAttemptLimit"":3,""alarmAckReceived"":false,""pendingAlarm"":false,""pendingSaveRequired"":false,""persistenceFaultHold"":false,""completionReason"":""session_done""},""bootHealth"":{""adsReady"":true,""adsDrdyLevel"":0,""adsDrdyPulldownLevel"":0,""adsDrdyPullupLevel"":0,""adsMisoPulldownLevel"":0,""adsMisoPullupLevel"":1,""adsCsLevel"":1,""adsSyncLevel"":1,""adsStatus"":54,""adsMux"":15,""adsAdcon"":6,""adsDrate"":240,""adsReason"":""ok"",""tcaOk"":true,""mcpOkCount"":8,""mcpOk"":[true,true,true,true,true,true,true,true],""mcpAddrMask"":[1,1,1,1,1,1,1,1],""mcpControlTested"":true,""mcpControlOkCount"":8,""mcpControlOk"":[true,true,true,true,true,true,true,true],""dacReady"":true,""radioReady"":true,""mlReady"":true,""nullingProfileApplied"":true,""modelProfileReady"":false},""runtimeMcpCode"":[255,519,795,706,799,865,665,139],""model"":{""profileId"":""cnn-dualbranch-datasheet-v1-unbound"",""scalerProfileId"":""cnn-dualbranch-datasheet-v1-unbound"",""productionApproved"":true,""boundNullingProfileId"":8,""activeNullingProfileId"":9,""bindingValid"":true,""bindingModelMatches"":true,""profileReady"":false,""inferenceValid"":false,""sensorFault"":true},""lora"":{""beginState"":0,""lastTxState"":0,""lastTxOk"":false,""txSeq"":0,""txCounter"":0,""aesKeyProvisioned"":true,""aesKeyPresent"":true,""aesKeySource"":""nvs"",""keyId"":1,""lastDownlinkCommandId"":0,""freqMHz"":920,""bwKHz"":125,""sf"":7,""cr"":5,""syncWord"":18,""txPowerDbm"":17,""preamble"":8,""tcxoVoltage"":1.600000024,""xtalVoltage"":0},""dataset"":{""state"":""idle"",""step"":""idle"",""label"":"""",""seq"":0,""targetSamples"":0,""sampleIntervalMs"":500,""maxDurationMs"":0,""useFanIntake"":true,""fanOnMs"":1000,""postFanSettleMs"":0,""nullingProfileId"":9,""queuePending"":0,""queueCapacity"":16,""queueEnqueued"":0,""queueDropped"":0,""publishFailCount"":0,""retryCount"":0,""retryFailCount"":0,""rejectedSamples"":0,""lastRejectReason"":""none"",""lastRejectChannel"":-1,""lastRejectOkFiniteCount"":0,""lastRejectStatus"":255,""lastRejectGain"":0,""lastRejectSaturated"":false},""recovery"":{""wifiReconnectCount"":0,""wifiReconnectFailCount"":0,""mqttReconnectCount"":0,""mqttConnectFailCount"":0,""lastMqttState"":0,""adsRecoveryCount"":0,""adsRecoveryFailCount"":0,""adsReadFailStreak"":0,""lastReason"":""none"",""lastRecoveryMs"":0,""bootRecoveryArmed"":false,""bootRecoveryDueMs"":0,""bootRecoveryReason"":""none"",""bootRecoveryNonAdsFailure"":false,""bootRecoveryRestartCount"":0},""nulling"":{""done"":false,""retryArmed"":false,""attemptCount"":0,""nextRetryMs"":0,""thresholdV"":9.999999747E-06,""minFinalV"":0},""telemetry"":{""valid"":true,""sampleMs"":6922143,""gasClass"":6,""gasName"":""CO2"",""confidence"":0,""alarm"":false,""sensorVoltage"":[0.125327185,0.004084553,0.004792324,-0.002568316,-0.008010437,-0.011903176,-0.019768702,-0.025357639],""sensorGain"":[16,64,64,64,64,64,64,64],""sensorStatus"":[0,0,0,0,0,0,0,0],""featureOrder"":[""MQ8"",""MQ135"",""MQ3"",""MQ5"",""MQ4"",""MQ7"",""MQ6"",""MQ2""]},""alarmLatched"":false}"
2026-08-04 11:16:26.924 +07:00,545.803,HOT_SWEEP_70,70,700,300,1,0,0.12518692,0.00410361,0.004802446,-0.002523851,-0.009034998,-0.011825623,-0.019729897,-0.0253294,"{""deviceId"":""1001"",""nodeId"":4097,""targetChId"":""0010"",""mode"":""inference"",""uptimeMs"":6923249,""debugEnabled"":true,""power"":{""mode"":""24v"",""externalPower"":true,""batteryMv"":65535,""batteryValid"":false,""batteryDetected"":false,""batterySenseStatus"":""not_detected"",""batteryLow"":false,""batteryCritical"":false,""sourceAmbiguous"":false,""serviceHoldActive"":false,""serviceHoldEffective"":false},""batterySession"":{""state"":""inactive"",""startedMs"":0,""stateStartedMs"":0,""validSampleBatches"":0,""requiredSampleBatches"":10,""alarmTxAttempts"":0,""alarmTxAttemptLimit"":3,""alarmAckReceived"":false,""pendingAlarm"":false,""pendingSaveRequired"":false,""persistenceFaultHold"":false,""completionReason"":""session_done""},""bootHealth"":{""adsReady"":true,""adsDrdyLevel"":0,""adsDrdyPulldownLevel"":0,""adsDrdyPullupLevel"":0,""adsMisoPulldownLevel"":0,""adsMisoPullupLevel"":1,""adsCsLevel"":1,""adsSyncLevel"":1,""adsStatus"":54,""adsMux"":15,""adsAdcon"":6,""adsDrate"":240,""adsReason"":""ok"",""tcaOk"":true,""mcpOkCount"":8,""mcpOk"":[true,true,true,true,true,true,true,true],""mcpAddrMask"":[1,1,1,1,1,1,1,1],""mcpControlTested"":true,""mcpControlOkCount"":8,""mcpControlOk"":[true,true,true,true,true,true,true,true],""dacReady"":true,""radioReady"":true,""mlReady"":true,""nullingProfileApplied"":true,""modelProfileReady"":false},""runtimeMcpCode"":[255,519,795,706,799,865,665,139],""model"":{""profileId"":""cnn-dualbranch-datasheet-v1-unbound"",""scalerProfileId"":""cnn-dualbranch-datasheet-v1-unbound"",""productionApproved"":true,""boundNullingProfileId"":8,""activeNullingProfileId"":9,""bindingValid"":true,""bindingModelMatches"":true,""profileReady"":false,""inferenceValid"":false,""sensorFault"":true},""lora"":{""beginState"":0,""lastTxState"":0,""lastTxOk"":false,""txSeq"":0,""txCounter"":0,""aesKeyProvisioned"":true,""aesKeyPresent"":true,""aesKeySource"":""nvs"",""keyId"":1,""lastDownlinkCommandId"":0,""freqMHz"":920,""bwKHz"":125,""sf"":7,""cr"":5,""syncWord"":18,""txPowerDbm"":17,""preamble"":8,""tcxoVoltage"":1.600000024,""xtalVoltage"":0},""dataset"":{""state"":""idle"",""step"":""idle"",""label"":"""",""seq"":0,""targetSamples"":0,""sampleIntervalMs"":500,""maxDurationMs"":0,""useFanIntake"":true,""fanOnMs"":1000,""postFanSettleMs"":0,""nullingProfileId"":9,""queuePending"":0,""queueCapacity"":16,""queueEnqueued"":0,""queueDropped"":0,""publishFailCount"":0,""retryCount"":0,""retryFailCount"":0,""rejectedSamples"":0,""lastRejectReason"":""none"",""lastRejectChannel"":-1,""lastRejectOkFiniteCount"":0,""lastRejectStatus"":255,""lastRejectGain"":0,""lastRejectSaturated"":false},""recovery"":{""wifiReconnectCount"":0,""wifiReconnectFailCount"":0,""mqttReconnectCount"":0,""mqttConnectFailCount"":0,""lastMqttState"":0,""adsRecoveryCount"":0,""adsRecoveryFailCount"":0,""adsReadFailStreak"":0,""lastReason"":""none"",""lastRecoveryMs"":0,""bootRecoveryArmed"":false,""bootRecoveryDueMs"":0,""bootRecoveryReason"":""none"",""bootRecoveryNonAdsFailure"":false,""bootRecoveryRestartCount"":0},""nulling"":{""done"":false,""retryArmed"":false,""attemptCount"":0,""nextRetryMs"":0,""thresholdV"":9.999999747E-06,""minFinalV"":0},""telemetry"":{""valid"":true,""sampleMs"":6922825,""gasClass"":6,""gasName"":""CO2"",""confidence"":0,""alarm"":false,""sensorVoltage"":[0.12518692,0.00410361,0.004802446,-0.002523851,-0.009034998,-0.011825623,-0.019729897,-0.0253294],""sensorGain"":[16,64,64,64,64,64,64,64],""sensorStatus"":[0,0,0,0,0,0,0,0],""featureOrder"":[""MQ8"",""MQ135"",""MQ3"",""MQ5"",""MQ4"",""MQ7"",""MQ6"",""MQ2""]},""alarmLatched"":false}"
2026-08-04 11:16:27.619 +07:00,546.499,HOT_SWEEP_70,70,700,300,1,0,0.125224262,0.004083901,0.004890612,-0.002526126,-0.009338319,-0.011808123,-0.01973355,-0.025320116,"{""deviceId"":""1001"",""nodeId"":4097,""targetChId"":""0010"",""mode"":""inference"",""uptimeMs"":6923945,""debugEnabled"":true,""power"":{""mode"":""24v"",""externalPower"":true,""batteryMv"":65535,""batteryValid"":false,""batteryDetected"":false,""batterySenseStatus"":""not_detected"",""batteryLow"":false,""batteryCritical"":false,""sourceAmbiguous"":false,""serviceHoldActive"":false,""serviceHoldEffective"":false},""batterySession"":{""state"":""inactive"",""startedMs"":0,""stateStartedMs"":0,""validSampleBatches"":0,""requiredSampleBatches"":10,""alarmTxAttempts"":0,""alarmTxAttemptLimit"":3,""alarmAckReceived"":false,""pendingAlarm"":false,""pendingSaveRequired"":false,""persistenceFaultHold"":false,""completionReason"":""session_done""},""bootHealth"":{""adsReady"":true,""adsDrdyLevel"":0,""adsDrdyPulldownLevel"":0,""adsDrdyPullupLevel"":0,""adsMisoPulldownLevel"":0,""adsMisoPullupLevel"":1,""adsCsLevel"":1,""adsSyncLevel"":1,""adsStatus"":54,""adsMux"":15,""adsAdcon"":6,""adsDrate"":240,""adsReason"":""ok"",""tcaOk"":true,""mcpOkCount"":8,""mcpOk"":[true,true,true,true,true,true,true,true],""mcpAddrMask"":[1,1,1,1,1,1,1,1],""mcpControlTested"":true,""mcpControlOkCount"":8,""mcpControlOk"":[true,true,true,true,true,true,true,true],""dacReady"":true,""radioReady"":true,""mlReady"":true,""nullingProfileApplied"":true,""modelProfileReady"":false},""runtimeMcpCode"":[255,519,795,706,799,865,665,139],""model"":{""profileId"":""cnn-dualbranch-datasheet-v1-unbound"",""scalerProfileId"":""cnn-dualbranch-datasheet-v1-unbound"",""productionApproved"":true,""boundNullingProfileId"":8,""activeNullingProfileId"":9,""bindingValid"":true,""bindingModelMatches"":true,""profileReady"":false,""inferenceValid"":false,""sensorFault"":true},""lora"":{""beginState"":0,""lastTxState"":0,""lastTxOk"":false,""txSeq"":0,""txCounter"":0,""aesKeyProvisioned"":true,""aesKeyPresent"":true,""aesKeySource"":""nvs"",""keyId"":1,""lastDownlinkCommandId"":0,""freqMHz"":920,""bwKHz"":125,""sf"":7,""cr"":5,""syncWord"":18,""txPowerDbm"":17,""preamble"":8,""tcxoVoltage"":1.600000024,""xtalVoltage"":0},""dataset"":{""state"":""idle"",""step"":""idle"",""label"":"""",""seq"":0,""targetSamples"":0,""sampleIntervalMs"":500,""maxDurationMs"":0,""useFanIntake"":true,""fanOnMs"":1000,""postFanSettleMs"":0,""nullingProfileId"":9,""queuePending"":0,""queueCapacity"":16,""queueEnqueued"":0,""queueDropped"":0,""publishFailCount"":0,""retryCount"":0,""retryFailCount"":0,""rejectedSamples"":0,""lastRejectReason"":""none"",""lastRejectChannel"":-1,""lastRejectOkFiniteCount"":0,""lastRejectStatus"":255,""lastRejectGain"":0,""lastRejectSaturated"":false},""recovery"":{""wifiReconnectCount"":0,""wifiReconnectFailCount"":0,""mqttReconnectCount"":0,""mqttConnectFailCount"":0,""lastMqttState"":0,""adsRecoveryCount"":0,""adsRecoveryFailCount"":0,""adsReadFailStreak"":0,""lastReason"":""none"",""lastRecoveryMs"":0,""bootRecoveryArmed"":false,""bootRecoveryDueMs"":0,""bootRecoveryReason"":""none"",""bootRecoveryNonAdsFailure"":false,""bootRecoveryRestartCount"":0},""nulling"":{""done"":false,""retryArmed"":false,""attemptCount"":0,""nextRetryMs"":0,""thresholdV"":9.999999747E-06,""minFinalV"":0},""telemetry"":{""valid"":true,""sampleMs"":6923559,""gasClass"":6,""gasName"":""CO2"",""confidence"":0,""alarm"":false,""sensorVoltage"":[0.125224262,0.004083901,0.004890612,-0.002526126,-0.009338319,-0.011808123,-0.01973355,-0.025320116],""sensorGain"":[16,64,64,64,64,64,64,64],""sensorStatus"":[0,0,0,0,0,0,0,0],""featureOrder"":[""MQ8"",""MQ135"",""MQ3"",""MQ5"",""MQ4"",""MQ7"",""MQ6"",""MQ2""]},""alarmLatched"":false}"
2026-08-04 11:16:28.307 +07:00,547.186,HOT_SWEEP_70,70,700,300,1,0,0.125566036,0.004068552,0.004900982,-0.002543386,-0.009011981,-0.011521505,-0.019428883,-0.024846941,"{""deviceId"":""1001"",""nodeId"":4097,""targetChId"":""0010"",""mode"":""inference"",""uptimeMs"":6924632,""debugEnabled"":true,""power"":{""mode"":""24v"",""externalPower"":true,""batteryMv"":65535,""batteryValid"":false,""batteryDetected"":false,""batterySenseStatus"":""not_detected"",""batteryLow"":false,""batteryCritical"":false,""sourceAmbiguous"":false,""serviceHoldActive"":false,""serviceHoldEffective"":false},""batterySession"":{""state"":""inactive"",""startedMs"":0,""stateStartedMs"":0,""validSampleBatches"":0,""requiredSampleBatches"":10,""alarmTxAttempts"":0,""alarmTxAttemptLimit"":3,""alarmAckReceived"":false,""pendingAlarm"":false,""pendingSaveRequired"":false,""persistenceFaultHold"":false,""completionReason"":""session_done""},""bootHealth"":{""adsReady"":true,""adsDrdyLevel"":0,""adsDrdyPulldownLevel"":0,""adsDrdyPullupLevel"":0,""adsMisoPulldownLevel"":0,""adsMisoPullupLevel"":1,""adsCsLevel"":1,""adsSyncLevel"":1,""adsStatus"":54,""adsMux"":15,""adsAdcon"":6,""adsDrate"":240,""adsReason"":""ok"",""tcaOk"":true,""mcpOkCount"":8,""mcpOk"":[true,true,true,true,true,true,true,true],""mcpAddrMask"":[1,1,1,1,1,1,1,1],""mcpControlTested"":true,""mcpControlOkCount"":8,""mcpControlOk"":[true,true,true,true,true,true,true,true],""dacReady"":true,""radioReady"":true,""mlReady"":true,""nullingProfileApplied"":true,""modelProfileReady"":false},""runtimeMcpCode"":[255,519,795,706,799,865,665,139],""model"":{""profileId"":""cnn-dualbranch-datasheet-v1-unbound"",""scalerProfileId"":""cnn-dualbranch-datasheet-v1-unbound"",""productionApproved"":true,""boundNullingProfileId"":8,""activeNullingProfileId"":9,""bindingValid"":true,""bindingModelMatches"":true,""profileReady"":false,""inferenceValid"":false,""sensorFault"":true},""lora"":{""beginState"":0,""lastTxState"":0,""lastTxOk"":false,""txSeq"":0,""txCounter"":0,""aesKeyProvisioned"":true,""aesKeyPresent"":true,""aesKeySource"":""nvs"",""keyId"":1,""lastDownlinkCommandId"":0,""freqMHz"":920,""bwKHz"":125,""sf"":7,""cr"":5,""syncWord"":18,""txPowerDbm"":17,""preamble"":8,""tcxoVoltage"":1.600000024,""xtalVoltage"":0},""dataset"":{""state"":""idle"",""step"":""idle"",""label"":"""",""seq"":0,""targetSamples"":0,""sampleIntervalMs"":500,""maxDurationMs"":0,""useFanIntake"":true,""fanOnMs"":1000,""postFanSettleMs"":0,""nullingProfileId"":9,""queuePending"":0,""queueCapacity"":16,""queueEnqueued"":0,""queueDropped"":0,""publishFailCount"":0,""retryCount"":0,""retryFailCount"":0,""rejectedSamples"":0,""lastRejectReason"":""none"",""lastRejectChannel"":-1,""lastRejectOkFiniteCount"":0,""lastRejectStatus"":255,""lastRejectGain"":0,""lastRejectSaturated"":false},""recovery"":{""wifiReconnectCount"":0,""wifiReconnectFailCount"":0,""mqttReconnectCount"":0,""mqttConnectFailCount"":0,""lastMqttState"":0,""adsRecoveryCount"":0,""adsRecoveryFailCount"":0,""adsReadFailStreak"":0,""lastReason"":""none"",""lastRecoveryMs"":0,""bootRecoveryArmed"":false,""bootRecoveryDueMs"":0,""bootRecoveryReason"":""none"",""bootRecoveryNonAdsFailure"":false,""bootRecoveryRestartCount"":0},""nulling"":{""done"":false,""retryArmed"":false,""attemptCount"":0,""nextRetryMs"":0,""thresholdV"":9.999999747E-06,""minFinalV"":0},""telemetry"":{""valid"":true,""sampleMs"":6924223,""gasClass"":6,""gasName"":""CO2"",""confidence"":0,""alarm"":false,""sensorVoltage"":[0.125566036,0.004068552,0.004900982,-0.002543386,-0.009011981,-0.011521505,-0.019428883,-0.024846941],""sensorGain"":[16,64,64,64,64,64,64,64],""sensorStatus"":[0,0,0,0,0,0,0,0],""featureOrder"":[""MQ8"",""MQ135"",""MQ3"",""MQ5"",""MQ4"",""MQ7"",""MQ6"",""MQ2""]},""alarmLatched"":false}"
2026-08-04 11:16:28.990 +07:00,547.870,HOT_SWEEP_70,70,700,300,1,0,0.125436455,0.004066557,0.004905148,-0.002545584,-0.00873894,-0.011460377,-0.019435558,-0.025376245,"{""deviceId"":""1001"",""nodeId"":4097,""targetChId"":""0010"",""mode"":""inference"",""uptimeMs"":6925316,""debugEnabled"":true,""power"":{""mode"":""24v"",""externalPower"":true,""batteryMv"":65535,""batteryValid"":false,""batteryDetected"":false,""batterySenseStatus"":""not_detected"",""batteryLow"":false,""batteryCritical"":false,""sourceAmbiguous"":false,""serviceHoldActive"":false,""serviceHoldEffective"":false},""batterySession"":{""state"":""inactive"",""startedMs"":0,""stateStartedMs"":0,""validSampleBatches"":0,""requiredSampleBatches"":10,""alarmTxAttempts"":0,""alarmTxAttemptLimit"":3,""alarmAckReceived"":false,""pendingAlarm"":false,""pendingSaveRequired"":false,""persistenceFaultHold"":false,""completionReason"":""session_done""},""bootHealth"":{""adsReady"":true,""adsDrdyLevel"":0,""adsDrdyPulldownLevel"":0,""adsDrdyPullupLevel"":0,""adsMisoPulldownLevel"":0,""adsMisoPullupLevel"":1,""adsCsLevel"":1,""adsSyncLevel"":1,""adsStatus"":54,""adsMux"":15,""adsAdcon"":6,""adsDrate"":240,""adsReason"":""ok"",""tcaOk"":true,""mcpOkCount"":8,""mcpOk"":[true,true,true,true,true,true,true,true],""mcpAddrMask"":[1,1,1,1,1,1,1,1],""mcpControlTested"":true,""mcpControlOkCount"":8,""mcpControlOk"":[true,true,true,true,true,true,true,true],""dacReady"":true,""radioReady"":true,""mlReady"":true,""nullingProfileApplied"":true,""modelProfileReady"":false},""runtimeMcpCode"":[255,519,795,706,799,865,665,139],""model"":{""profileId"":""cnn-dualbranch-datasheet-v1-unbound"",""scalerProfileId"":""cnn-dualbranch-datasheet-v1-unbound"",""productionApproved"":true,""boundNullingProfileId"":8,""activeNullingProfileId"":9,""bindingValid"":true,""bindingModelMatches"":true,""profileReady"":false,""inferenceValid"":false,""sensorFault"":true},""lora"":{""beginState"":0,""lastTxState"":0,""lastTxOk"":false,""txSeq"":0,""txCounter"":0,""aesKeyProvisioned"":true,""aesKeyPresent"":true,""aesKeySource"":""nvs"",""keyId"":1,""lastDownlinkCommandId"":0,""freqMHz"":920,""bwKHz"":125,""sf"":7,""cr"":5,""syncWord"":18,""txPowerDbm"":17,""preamble"":8,""tcxoVoltage"":1.600000024,""xtalVoltage"":0},""dataset"":{""state"":""idle"",""step"":""idle"",""label"":"""",""seq"":0,""targetSamples"":0,""sampleIntervalMs"":500,""maxDurationMs"":0,""useFanIntake"":true,""fanOnMs"":1000,""postFanSettleMs"":0,""nullingProfileId"":9,""queuePending"":0,""queueCapacity"":16,""queueEnqueued"":0,""queueDropped"":0,""publishFailCount"":0,""retryCount"":0,""retryFailCount"":0,""rejectedSamples"":0,""lastRejectReason"":""none"",""lastRejectChannel"":-1,""lastRejectOkFiniteCount"":0,""lastRejectStatus"":255,""lastRejectGain"":0,""lastRejectSaturated"":false},""recovery"":{""wifiReconnectCount"":0,""wifiReconnectFailCount"":0,""mqttReconnectCount"":0,""mqttConnectFailCount"":0,""lastMqttState"":0,""adsRecoveryCount"":0,""adsRecoveryFailCount"":0,""adsReadFailStreak"":0,""lastReason"":""none"",""lastRecoveryMs"":0,""bootRecoveryArmed"":false,""bootRecoveryDueMs"":0,""bootRecoveryReason"":""none"",""bootRecoveryNonAdsFailure"":false,""bootRecoveryRestartCount"":0},""nulling"":{""done"":false,""retryArmed"":false,""attemptCount"":0,""nextRetryMs"":0,""thresholdV"":9.999999747E-06,""minFinalV"":0},""telemetry"":{""valid"":true,""sampleMs"":6924910,""gasClass"":6,""gasName"":""CO2"",""confidence"":0,""alarm"":false,""sensorVoltage"":[0.125436455,0.004066557,0.004905148,-0.002545584,-0.00873894,-0.011460377,-0.019435558,-0.025376245],""sensorGain"":[16,64,64,64,64,64,64,64],""sensorStatus"":[0,0,0,0,0,0,0,0],""featureOrder"":[""MQ8"",""MQ135"",""MQ3"",""MQ5"",""MQ4"",""MQ7"",""MQ6"",""MQ2""]},""alarmLatched"":false}"
2026-08-04 11:16:29.675 +07:00,548.555,HOT_SWEEP_70,70,700,300,1,0,0.12576893,0.004088182,0.004912359,-0.002492417,-0.008076714,-0.01145901,-0.019434717,-0.025375644,"{""deviceId"":""1001"",""nodeId"":4097,""targetChId"":""0010"",""mode"":""inference"",""uptimeMs"":6926000,""debugEnabled"":true,""power"":{""mode"":""24v"",""externalPower"":true,""batteryMv"":65535,""batteryValid"":false,""batteryDetected"":false,""batterySenseStatus"":""not_detected"",""batteryLow"":false,""batteryCritical"":false,""sourceAmbiguous"":false,""serviceHoldActive"":false,""serviceHoldEffective"":false},""batterySession"":{""state"":""inactive"",""startedMs"":0,""stateStartedMs"":0,""validSampleBatches"":0,""requiredSampleBatches"":10,""alarmTxAttempts"":0,""alarmTxAttemptLimit"":3,""alarmAckReceived"":false,""pendingAlarm"":false,""pendingSaveRequired"":false,""persistenceFaultHold"":false,""completionReason"":""session_done""},""bootHealth"":{""adsReady"":true,""adsDrdyLevel"":0,""adsDrdyPulldownLevel"":0,""adsDrdyPullupLevel"":0,""adsMisoPulldownLevel"":0,""adsMisoPullupLevel"":1,""adsCsLevel"":1,""adsSyncLevel"":1,""adsStatus"":54,""adsMux"":15,""adsAdcon"":6,""adsDrate"":240,""adsReason"":""ok"",""tcaOk"":true,""mcpOkCount"":8,""mcpOk"":[true,true,true,true,true,true,true,true],""mcpAddrMask"":[1,1,1,1,1,1,1,1],""mcpControlTested"":true,""mcpControlOkCount"":8,""mcpControlOk"":[true,true,true,true,true,true,true,true],""dacReady"":true,""radioReady"":true,""mlReady"":true,""nullingProfileApplied"":true,""modelProfileReady"":false},""runtimeMcpCode"":[255,519,795,706,799,865,665,139],""model"":{""profileId"":""cnn-dualbranch-datasheet-v1-unbound"",""scalerProfileId"":""cnn-dualbranch-datasheet-v1-unbound"",""productionApproved"":true,""boundNullingProfileId"":8,""activeNullingProfileId"":9,""bindingValid"":true,""bindingModelMatches"":true,""profileReady"":false,""inferenceValid"":false,""sensorFault"":true},""lora"":{""beginState"":0,""lastTxState"":0,""lastTxOk"":false,""txSeq"":0,""txCounter"":0,""aesKeyProvisioned"":true,""aesKeyPresent"":true,""aesKeySource"":""nvs"",""keyId"":1,""lastDownlinkCommandId"":0,""freqMHz"":920,""bwKHz"":125,""sf"":7,""cr"":5,""syncWord"":18,""txPowerDbm"":17,""preamble"":8,""tcxoVoltage"":1.600000024,""xtalVoltage"":0},""dataset"":{""state"":""idle"",""step"":""idle"",""label"":"""",""seq"":0,""targetSamples"":0,""sampleIntervalMs"":500,""maxDurationMs"":0,""useFanIntake"":true,""fanOnMs"":1000,""postFanSettleMs"":0,""nullingProfileId"":9,""queuePending"":0,""queueCapacity"":16,""queueEnqueued"":0,""queueDropped"":0,""publishFailCount"":0,""retryCount"":0,""retryFailCount"":0,""rejectedSamples"":0,""lastRejectReason"":""none"",""lastRejectChannel"":-1,""lastRejectOkFiniteCount"":0,""lastRejectStatus"":255,""lastRejectGain"":0,""lastRejectSaturated"":false},""recovery"":{""wifiReconnectCount"":0,""wifiReconnectFailCount"":0,""mqttReconnectCount"":0,""mqttConnectFailCount"":0,""lastMqttState"":0,""adsRecoveryCount"":0,""adsRecoveryFailCount"":0,""adsReadFailStreak"":0,""lastReason"":""none"",""lastRecoveryMs"":0,""bootRecoveryArmed"":false,""bootRecoveryDueMs"":0,""bootRecoveryReason"":""none"",""bootRecoveryNonAdsFailure"":false,""bootRecoveryRestartCount"":0},""nulling"":{""done"":false,""retryArmed"":false,""attemptCount"":0,""nextRetryMs"":0,""thresholdV"":9.999999747E-06,""minFinalV"":0},""telemetry"":{""valid"":true,""sampleMs"":6925626,""gasClass"":6,""gasName"":""CO2"",""confidence"":0,""alarm"":false,""sensorVoltage"":[0.12576893,0.004088182,0.004912359,-0.002492417,-0.008076714,-0.01145901,-0.019434717,-0.025375644],""sensorGain"":[16,64,64,64,64,64,64,64],""sensorStatus"":[0,0,0,0,0,0,0,0],""featureOrder"":[""MQ8"",""MQ135"",""MQ3"",""MQ5"",""MQ4"",""MQ7"",""MQ6"",""MQ2""]},""alarmLatched"":false}"
2026-08-04 11:16:30.363 +07:00,549.243,HOT_SWEEP_70,70,700,300,1,0,0.126448914,0.004024121,0.004874557,-0.00247228,-0.007184659,-0.011192995,-0.019434148,-0.025323499,"{""deviceId"":""1001"",""nodeId"":4097,""targetChId"":""0010"",""mode"":""inference"",""uptimeMs"":6926688,""debugEnabled"":true,""power"":{""mode"":""24v"",""externalPower"":true,""batteryMv"":65535,""batteryValid"":false,""batteryDetected"":false,""batterySenseStatus"":""not_detected"",""batteryLow"":false,""batteryCritical"":false,""sourceAmbiguous"":false,""serviceHoldActive"":false,""serviceHoldEffective"":false},""batterySession"":{""state"":""inactive"",""startedMs"":0,""stateStartedMs"":0,""validSampleBatches"":0,""requiredSampleBatches"":10,""alarmTxAttempts"":0,""alarmTxAttemptLimit"":3,""alarmAckReceived"":false,""pendingAlarm"":false,""pendingSaveRequired"":false,""persistenceFaultHold"":false,""completionReason"":""session_done""},""bootHealth"":{""adsReady"":true,""adsDrdyLevel"":0,""adsDrdyPulldownLevel"":0,""adsDrdyPullupLevel"":0,""adsMisoPulldownLevel"":0,""adsMisoPullupLevel"":1,""adsCsLevel"":1,""adsSyncLevel"":1,""adsStatus"":54,""adsMux"":15,""adsAdcon"":6,""adsDrate"":240,""adsReason"":""ok"",""tcaOk"":true,""mcpOkCount"":8,""mcpOk"":[true,true,true,true,true,true,true,true],""mcpAddrMask"":[1,1,1,1,1,1,1,1],""mcpControlTested"":true,""mcpControlOkCount"":8,""mcpControlOk"":[true,true,true,true,true,true,true,true],""dacReady"":true,""radioReady"":true,""mlReady"":true,""nullingProfileApplied"":true,""modelProfileReady"":false},""runtimeMcpCode"":[255,519,795,706,799,865,665,139],""model"":{""profileId"":""cnn-dualbranch-datasheet-v1-unbound"",""scalerProfileId"":""cnn-dualbranch-datasheet-v1-unbound"",""productionApproved"":true,""boundNullingProfileId"":8,""activeNullingProfileId"":9,""bindingValid"":true,""bindingModelMatches"":true,""profileReady"":false,""inferenceValid"":false,""sensorFault"":true},""lora"":{""beginState"":0,""lastTxState"":0,""lastTxOk"":false,""txSeq"":0,""txCounter"":0,""aesKeyProvisioned"":true,""aesKeyPresent"":true,""aesKeySource"":""nvs"",""keyId"":1,""lastDownlinkCommandId"":0,""freqMHz"":920,""bwKHz"":125,""sf"":7,""cr"":5,""syncWord"":18,""txPowerDbm"":17,""preamble"":8,""tcxoVoltage"":1.600000024,""xtalVoltage"":0},""dataset"":{""state"":""idle"",""step"":""idle"",""label"":"""",""seq"":0,""targetSamples"":0,""sampleIntervalMs"":500,""maxDurationMs"":0,""useFanIntake"":true,""fanOnMs"":1000,""postFanSettleMs"":0,""nullingProfileId"":9,""queuePending"":0,""queueCapacity"":16,""queueEnqueued"":0,""queueDropped"":0,""publishFailCount"":0,""retryCount"":0,""retryFailCount"":0,""rejectedSamples"":0,""lastRejectReason"":""none"",""lastRejectChannel"":-1,""lastRejectOkFiniteCount"":0,""lastRejectStatus"":255,""lastRejectGain"":0,""lastRejectSaturated"":false},""recovery"":{""wifiReconnectCount"":0,""wifiReconnectFailCount"":0,""mqttReconnectCount"":0,""mqttConnectFailCount"":0,""lastMqttState"":0,""adsRecoveryCount"":0,""adsRecoveryFailCount"":0,""adsReadFailStreak"":0,""lastReason"":""none"",""lastRecoveryMs"":0,""bootRecoveryArmed"":false,""bootRecoveryDueMs"":0,""bootRecoveryReason"":""none"",""bootRecoveryNonAdsFailure"":false,""bootRecoveryRestartCount"":0},""nulling"":{""done"":false,""retryArmed"":false,""attemptCount"":0,""nextRetryMs"":0,""thresholdV"":9.999999747E-06,""minFinalV"":0},""telemetry"":{""valid"":true,""sampleMs"":6926278,""gasClass"":6,""gasName"":""CO2"",""confidence"":0,""alarm"":false,""sensorVoltage"":[0.126448914,0.004024121,0.004874557,-0.00247228,-0.007184659,-0.011192995,-0.019434148,-0.025323499],""sensorGain"":[16,64,64,64,64,64,64,64],""sensorStatus"":[0,0,0,0,0,0,0,0],""featureOrder"":[""MQ8"",""MQ135"",""MQ3"",""MQ5"",""MQ4"",""MQ7"",""MQ6"",""MQ2""]},""alarmLatched"":false}"
2026-08-04 11:16:31.069 +07:00,549.947,HOT_SWEEP_70,70,700,300,1,0,0.126158983,0.003979176,0.004860312,-0.002451995,-0.007462075,-0.011487441,-0.019421836,-0.02532411,"{""deviceId"":""1001"",""nodeId"":4097,""targetChId"":""0010"",""mode"":""inference"",""uptimeMs"":6927390,""debugEnabled"":true,""power"":{""mode"":""24v"",""externalPower"":true,""batteryMv"":65535,""batteryValid"":false,""batteryDetected"":false,""batterySenseStatus"":""not_detected"",""batteryLow"":false,""batteryCritical"":false,""sourceAmbiguous"":false,""serviceHoldActive"":false,""serviceHoldEffective"":false},""batterySession"":{""state"":""inactive"",""startedMs"":0,""stateStartedMs"":0,""validSampleBatches"":0,""requiredSampleBatches"":10,""alarmTxAttempts"":0,""alarmTxAttemptLimit"":3,""alarmAckReceived"":false,""pendingAlarm"":false,""pendingSaveRequired"":false,""persistenceFaultHold"":false,""completionReason"":""session_done""},""bootHealth"":{""adsReady"":true,""adsDrdyLevel"":0,""adsDrdyPulldownLevel"":0,""adsDrdyPullupLevel"":0,""adsMisoPulldownLevel"":0,""adsMisoPullupLevel"":1,""adsCsLevel"":1,""adsSyncLevel"":1,""adsStatus"":54,""adsMux"":15,""adsAdcon"":6,""adsDrate"":240,""adsReason"":""ok"",""tcaOk"":true,""mcpOkCount"":8,""mcpOk"":[true,true,true,true,true,true,true,true],""mcpAddrMask"":[1,1,1,1,1,1,1,1],""mcpControlTested"":true,""mcpControlOkCount"":8,""mcpControlOk"":[true,true,true,true,true,true,true,true],""dacReady"":true,""radioReady"":true,""mlReady"":true,""nullingProfileApplied"":true,""modelProfileReady"":false},""runtimeMcpCode"":[255,519,795,706,799,865,665,139],""model"":{""profileId"":""cnn-dualbranch-datasheet-v1-unbound"",""scalerProfileId"":""cnn-dualbranch-datasheet-v1-unbound"",""productionApproved"":true,""boundNullingProfileId"":8,""activeNullingProfileId"":9,""bindingValid"":true,""bindingModelMatches"":true,""profileReady"":false,""inferenceValid"":false,""sensorFault"":true},""lora"":{""beginState"":0,""lastTxState"":0,""lastTxOk"":false,""txSeq"":0,""txCounter"":0,""aesKeyProvisioned"":true,""aesKeyPresent"":true,""aesKeySource"":""nvs"",""keyId"":1,""lastDownlinkCommandId"":0,""freqMHz"":920,""bwKHz"":125,""sf"":7,""cr"":5,""syncWord"":18,""txPowerDbm"":17,""preamble"":8,""tcxoVoltage"":1.600000024,""xtalVoltage"":0},""dataset"":{""state"":""idle"",""step"":""idle"",""label"":"""",""seq"":0,""targetSamples"":0,""sampleIntervalMs"":500,""maxDurationMs"":0,""useFanIntake"":true,""fanOnMs"":1000,""postFanSettleMs"":0,""nullingProfileId"":9,""queuePending"":0,""queueCapacity"":16,""queueEnqueued"":0,""queueDropped"":0,""publishFailCount"":0,""retryCount"":0,""retryFailCount"":0,""rejectedSamples"":0,""lastRejectReason"":""none"",""lastRejectChannel"":-1,""lastRejectOkFiniteCount"":0,""lastRejectStatus"":255,""lastRejectGain"":0,""lastRejectSaturated"":false},""recovery"":{""wifiReconnectCount"":0,""wifiReconnectFailCount"":0,""mqttReconnectCount"":0,""mqttConnectFailCount"":0,""lastMqttState"":0,""adsRecoveryCount"":0,""adsRecoveryFailCount"":0,""adsReadFailStreak"":0,""lastReason"":""none"",""lastRecoveryMs"":0,""bootRecoveryArmed"":false,""bootRecoveryDueMs"":0,""bootRecoveryReason"":""none"",""bootRecoveryNonAdsFailure"":false,""bootRecoveryRestartCount"":0},""nulling"":{""done"":false,""retryArmed"":false,""attemptCount"":0,""nextRetryMs"":0,""thresholdV"":9.999999747E-06,""minFinalV"":0},""telemetry"":{""valid"":true,""sampleMs"":6926966,""gasClass"":6,""gasName"":""CO2"",""confidence"":0,""alarm"":false,""sensorVoltage"":[0.126158983,0.003979176,0.004860312,-0.002451995,-0.007462075,-0.011487441,-0.019421836,-0.02532411],""sensorGain"":[16,64,64,64,64,64,64,64],""sensorStatus"":[0,0,0,0,0,0,0,0],""featureOrder"":[""MQ8"",""MQ135"",""MQ3"",""MQ5"",""MQ4"",""MQ7"",""MQ6"",""MQ2""]},""alarmLatched"":false}"
2026-08-04 11:16:31.785 +07:00,550.662,HOT_SWEEP_70,70,700,300,1,0,0.126169994,0.003970512,0.004843439,-0.002441017,-0.006546253,-0.011412879,-0.019463498,-0.025329415,"{""deviceId"":""1001"",""nodeId"":4097,""targetChId"":""0010"",""mode"":""inference"",""uptimeMs"":6928107,""debugEnabled"":true,""power"":{""mode"":""24v"",""externalPower"":true,""batteryMv"":65535,""batteryValid"":false,""batteryDetected"":false,""batterySenseStatus"":""not_detected"",""batteryLow"":false,""batteryCritical"":false,""sourceAmbiguous"":false,""serviceHoldActive"":false,""serviceHoldEffective"":false},""batterySession"":{""state"":""inactive"",""startedMs"":0,""stateStartedMs"":0,""validSampleBatches"":0,""requiredSampleBatches"":10,""alarmTxAttempts"":0,""alarmTxAttemptLimit"":3,""alarmAckReceived"":false,""pendingAlarm"":false,""pendingSaveRequired"":false,""persistenceFaultHold"":false,""completionReason"":""session_done""},""bootHealth"":{""adsReady"":true,""adsDrdyLevel"":0,""adsDrdyPulldownLevel"":0,""adsDrdyPullupLevel"":0,""adsMisoPulldownLevel"":0,""adsMisoPullupLevel"":1,""adsCsLevel"":1,""adsSyncLevel"":1,""adsStatus"":54,""adsMux"":15,""adsAdcon"":6,""adsDrate"":240,""adsReason"":""ok"",""tcaOk"":true,""mcpOkCount"":8,""mcpOk"":[true,true,true,true,true,true,true,true],""mcpAddrMask"":[1,1,1,1,1,1,1,1],""mcpControlTested"":true,""mcpControlOkCount"":8,""mcpControlOk"":[true,true,true,true,true,true,true,true],""dacReady"":true,""radioReady"":true,""mlReady"":true,""nullingProfileApplied"":true,""modelProfileReady"":false},""runtimeMcpCode"":[255,519,795,706,799,865,665,139],""model"":{""profileId"":""cnn-dualbranch-datasheet-v1-unbound"",""scalerProfileId"":""cnn-dualbranch-datasheet-v1-unbound"",""productionApproved"":true,""boundNullingProfileId"":8,""activeNullingProfileId"":9,""bindingValid"":true,""bindingModelMatches"":true,""profileReady"":false,""inferenceValid"":false,""sensorFault"":true},""lora"":{""beginState"":0,""lastTxState"":0,""lastTxOk"":false,""txSeq"":0,""txCounter"":0,""aesKeyProvisioned"":true,""aesKeyPresent"":true,""aesKeySource"":""nvs"",""keyId"":1,""lastDownlinkCommandId"":0,""freqMHz"":920,""bwKHz"":125,""sf"":7,""cr"":5,""syncWord"":18,""txPowerDbm"":17,""preamble"":8,""tcxoVoltage"":1.600000024,""xtalVoltage"":0},""dataset"":{""state"":""idle"",""step"":""idle"",""label"":"""",""seq"":0,""targetSamples"":0,""sampleIntervalMs"":500,""maxDurationMs"":0,""useFanIntake"":true,""fanOnMs"":1000,""postFanSettleMs"":0,""nullingProfileId"":9,""queuePending"":0,""queueCapacity"":16,""queueEnqueued"":0,""queueDropped"":0,""publishFailCount"":0,""retryCount"":0,""retryFailCount"":0,""rejectedSamples"":0,""lastRejectReason"":""none"",""lastRejectChannel"":-1,""lastRejectOkFiniteCount"":0,""lastRejectStatus"":255,""lastRejectGain"":0,""lastRejectSaturated"":false},""recovery"":{""wifiReconnectCount"":0,""wifiReconnectFailCount"":0,""mqttReconnectCount"":0,""mqttConnectFailCount"":0,""lastMqttState"":0,""adsRecoveryCount"":0,""adsRecoveryFailCount"":0,""adsReadFailStreak"":0,""lastReason"":""none"",""lastRecoveryMs"":0,""bootRecoveryArmed"":false,""bootRecoveryDueMs"":0,""bootRecoveryReason"":""none"",""bootRecoveryNonAdsFailure"":false,""bootRecoveryRestartCount"":0},""nulling"":{""done"":false,""retryArmed"":false,""attemptCount"":0,""nextRetryMs"":0,""thresholdV"":9.999999747E-06,""minFinalV"":0},""telemetry"":{""valid"":true,""sampleMs"":6927700,""gasClass"":6,""gasName"":""CO2"",""confidence"":0,""alarm"":false,""sensorVoltage"":[0.126169994,0.003970512,0.004843439,-0.002441017,-0.006546253,-0.011412879,-0.019463498,-0.025329415],""sensorGain"":[16,64,64,64,64,64,64,64],""sensorStatus"":[0,0,0,0,0,0,0,0],""featureOrder"":[""MQ8"",""MQ135"",""MQ3"",""MQ5"",""MQ4"",""MQ7"",""MQ6"",""MQ2""]},""alarmLatched"":false}"
2026-08-04 11:16:32.485 +07:00,551.365,HOT_SWEEP_70,70,700,300,1,0,0.126830772,0.003879253,0.004754999,-0.00246765,-0.006193666,-0.011402199,-0.019442698,-0.025435308,"{""deviceId"":""1001"",""nodeId"":4097,""targetChId"":""0010"",""mode"":""inference"",""uptimeMs"":6928810,""debugEnabled"":true,""power"":{""mode"":""24v"",""externalPower"":true,""batteryMv"":65535,""batteryValid"":false,""batteryDetected"":false,""batterySenseStatus"":""not_detected"",""batteryLow"":false,""batteryCritical"":false,""sourceAmbiguous"":false,""serviceHoldActive"":false,""serviceHoldEffective"":false},""batterySession"":{""state"":""inactive"",""startedMs"":0,""stateStartedMs"":0,""validSampleBatches"":0,""requiredSampleBatches"":10,""alarmTxAttempts"":0,""alarmTxAttemptLimit"":3,""alarmAckReceived"":false,""pendingAlarm"":false,""pendingSaveRequired"":false,""persistenceFaultHold"":false,""completionReason"":""session_done""},""bootHealth"":{""adsReady"":true,""adsDrdyLevel"":0,""adsDrdyPulldownLevel"":0,""adsDrdyPullupLevel"":0,""adsMisoPulldownLevel"":0,""adsMisoPullupLevel"":1,""adsCsLevel"":1,""adsSyncLevel"":1,""adsStatus"":54,""adsMux"":15,""adsAdcon"":6,""adsDrate"":240,""adsReason"":""ok"",""tcaOk"":true,""mcpOkCount"":8,""mcpOk"":[true,true,true,true,true,true,true,true],""mcpAddrMask"":[1,1,1,1,1,1,1,1],""mcpControlTested"":true,""mcpControlOkCount"":8,""mcpControlOk"":[true,true,true,true,true,true,true,true],""dacReady"":true,""radioReady"":true,""mlReady"":true,""nullingProfileApplied"":true,""modelProfileReady"":false},""runtimeMcpCode"":[255,519,795,706,799,865,665,139],""model"":{""profileId"":""cnn-dualbranch-datasheet-v1-unbound"",""scalerProfileId"":""cnn-dualbranch-datasheet-v1-unbound"",""productionApproved"":true,""boundNullingProfileId"":8,""activeNullingProfileId"":9,""bindingValid"":true,""bindingModelMatches"":true,""profileReady"":false,""inferenceValid"":false,""sensorFault"":true},""lora"":{""beginState"":0,""lastTxState"":0,""lastTxOk"":false,""txSeq"":0,""txCounter"":0,""aesKeyProvisioned"":true,""aesKeyPresent"":true,""aesKeySource"":""nvs"",""keyId"":1,""lastDownlinkCommandId"":0,""freqMHz"":920,""bwKHz"":125,""sf"":7,""cr"":5,""syncWord"":18,""txPowerDbm"":17,""preamble"":8,""tcxoVoltage"":1.600000024,""xtalVoltage"":0},""dataset"":{""state"":""idle"",""step"":""idle"",""label"":"""",""seq"":0,""targetSamples"":0,""sampleIntervalMs"":500,""maxDurationMs"":0,""useFanIntake"":true,""fanOnMs"":1000,""postFanSettleMs"":0,""nullingProfileId"":9,""queuePending"":0,""queueCapacity"":16,""queueEnqueued"":0,""queueDropped"":0,""publishFailCount"":0,""retryCount"":0,""retryFailCount"":0,""rejectedSamples"":0,""lastRejectReason"":""none"",""lastRejectChannel"":-1,""lastRejectOkFiniteCount"":0,""lastRejectStatus"":255,""lastRejectGain"":0,""lastRejectSaturated"":false},""recovery"":{""wifiReconnectCount"":0,""wifiReconnectFailCount"":0,""mqttReconnectCount"":0,""mqttConnectFailCount"":0,""lastMqttState"":0,""adsRecoveryCount"":0,""adsRecoveryFailCount"":0,""adsReadFailStreak"":0,""lastReason"":""none"",""lastRecoveryMs"":0,""bootRecoveryArmed"":false,""bootRecoveryDueMs"":0,""bootRecoveryReason"":""none"",""bootRecoveryNonAdsFailure"":false,""bootRecoveryRestartCount"":0},""nulling"":{""done"":false,""retryArmed"":false,""attemptCount"":0,""nextRetryMs"":0,""thresholdV"":9.999999747E-06,""minFinalV"":0},""telemetry"":{""valid"":true,""sampleMs"":6928385,""gasClass"":6,""gasName"":""CO2"",""confidence"":0,""alarm"":false,""sensorVoltage"":[0.126830772,0.003879253,0.004754999,-0.00246765,-0.006193666,-0.011402199,-0.019442698,-0.025435308],""sensorGain"":[16,64,64,64,64,64,64,64],""sensorStatus"":[0,0,0,0,0,0,0,0],""featureOrder"":[""MQ8"",""MQ135"",""MQ3"",""MQ5"",""MQ4"",""MQ7"",""MQ6"",""MQ2""]},""alarmLatched"":false}"
2026-08-04 11:16:33.177 +07:00,552.055,HOT_SWEEP_70,70,700,300,1,0,0.126759425,0.003858387,0.004786163,-0.002486203,-0.005838944,-0.011454503,-0.019418074,-0.025444623,"{""deviceId"":""1001"",""nodeId"":4097,""targetChId"":""0010"",""mode"":""inference"",""uptimeMs"":6929499,""debugEnabled"":true,""power"":{""mode"":""24v"",""externalPower"":true,""batteryMv"":65535,""batteryValid"":false,""batteryDetected"":false,""batterySenseStatus"":""not_detected"",""batteryLow"":false,""batteryCritical"":false,""sourceAmbiguous"":false,""serviceHoldActive"":false,""serviceHoldEffective"":false},""batterySession"":{""state"":""inactive"",""startedMs"":0,""stateStartedMs"":0,""validSampleBatches"":0,""requiredSampleBatches"":10,""alarmTxAttempts"":0,""alarmTxAttemptLimit"":3,""alarmAckReceived"":false,""pendingAlarm"":false,""pendingSaveRequired"":false,""persistenceFaultHold"":false,""completionReason"":""session_done""},""bootHealth"":{""adsReady"":true,""adsDrdyLevel"":0,""adsDrdyPulldownLevel"":0,""adsDrdyPullupLevel"":0,""adsMisoPulldownLevel"":0,""adsMisoPullupLevel"":1,""adsCsLevel"":1,""adsSyncLevel"":1,""adsStatus"":54,""adsMux"":15,""adsAdcon"":6,""adsDrate"":240,""adsReason"":""ok"",""tcaOk"":true,""mcpOkCount"":8,""mcpOk"":[true,true,true,true,true,true,true,true],""mcpAddrMask"":[1,1,1,1,1,1,1,1],""mcpControlTested"":true,""mcpControlOkCount"":8,""mcpControlOk"":[true,true,true,true,true,true,true,true],""dacReady"":true,""radioReady"":true,""mlReady"":true,""nullingProfileApplied"":true,""modelProfileReady"":false},""runtimeMcpCode"":[255,519,795,706,799,865,665,139],""model"":{""profileId"":""cnn-dualbranch-datasheet-v1-unbound"",""scalerProfileId"":""cnn-dualbranch-datasheet-v1-unbound"",""productionApproved"":true,""boundNullingProfileId"":8,""activeNullingProfileId"":9,""bindingValid"":true,""bindingModelMatches"":true,""profileReady"":false,""inferenceValid"":false,""sensorFault"":true},""lora"":{""beginState"":0,""lastTxState"":0,""lastTxOk"":false,""txSeq"":0,""txCounter"":0,""aesKeyProvisioned"":true,""aesKeyPresent"":true,""aesKeySource"":""nvs"",""keyId"":1,""lastDownlinkCommandId"":0,""freqMHz"":920,""bwKHz"":125,""sf"":7,""cr"":5,""syncWord"":18,""txPowerDbm"":17,""preamble"":8,""tcxoVoltage"":1.600000024,""xtalVoltage"":0},""dataset"":{""state"":""idle"",""step"":""idle"",""label"":"""",""seq"":0,""targetSamples"":0,""sampleIntervalMs"":500,""maxDurationMs"":0,""useFanIntake"":true,""fanOnMs"":1000,""postFanSettleMs"":0,""nullingProfileId"":9,""queuePending"":0,""queueCapacity"":16,""queueEnqueued"":0,""queueDropped"":0,""publishFailCount"":0,""retryCount"":0,""retryFailCount"":0,""rejectedSamples"":0,""lastRejectReason"":""none"",""lastRejectChannel"":-1,""lastRejectOkFiniteCount"":0,""lastRejectStatus"":255,""lastRejectGain"":0,""lastRejectSaturated"":false},""recovery"":{""wifiReconnectCount"":0,""wifiReconnectFailCount"":0,""mqttReconnectCount"":0,""mqttConnectFailCount"":0,""lastMqttState"":0,""adsRecoveryCount"":0,""adsRecoveryFailCount"":0,""adsReadFailStreak"":0,""lastReason"":""none"",""lastRecoveryMs"":0,""bootRecoveryArmed"":false,""bootRecoveryDueMs"":0,""bootRecoveryReason"":""none"",""bootRecoveryNonAdsFailure"":false,""bootRecoveryRestartCount"":0},""nulling"":{""done"":false,""retryArmed"":false,""attemptCount"":0,""nextRetryMs"":0,""thresholdV"":9.999999747E-06,""minFinalV"":0},""telemetry"":{""valid"":true,""sampleMs"":6929088,""gasClass"":6,""gasName"":""CO2"",""confidence"":0,""alarm"":false,""sensorVoltage"":[0.126759425,0.003858387,0.004786163,-0.002486203,-0.005838944,-0.011454503,-0.019418074,-0.025444623],""sensorGain"":[16,64,64,64,64,64,64,64],""sensorStatus"":[0,0,0,0,0,0,0,0],""featureOrder"":[""MQ8"",""MQ135"",""MQ3"",""MQ5"",""MQ4"",""MQ7"",""MQ6"",""MQ2""]},""alarmLatched"":false}"
2026-08-04 11:16:33.874 +07:00,552.754,HOT_SWEEP_70,70,700,300,1,0,0.126554579,0.003847938,0.004743406,-0.002526908,-0.005776279,-0.011532454,-0.01945566,-0.025429213,"{""deviceId"":""1001"",""nodeId"":4097,""targetChId"":""0010"",""mode"":""inference"",""uptimeMs"":6930199,""debugEnabled"":true,""power"":{""mode"":""24v"",""externalPower"":true,""batteryMv"":65535,""batteryValid"":false,""batteryDetected"":false,""batterySenseStatus"":""not_detected"",""batteryLow"":false,""batteryCritical"":false,""sourceAmbiguous"":false,""serviceHoldActive"":false,""serviceHoldEffective"":false},""batterySession"":{""state"":""inactive"",""startedMs"":0,""stateStartedMs"":0,""validSampleBatches"":0,""requiredSampleBatches"":10,""alarmTxAttempts"":0,""alarmTxAttemptLimit"":3,""alarmAckReceived"":false,""pendingAlarm"":false,""pendingSaveRequired"":false,""persistenceFaultHold"":false,""completionReason"":""session_done""},""bootHealth"":{""adsReady"":true,""adsDrdyLevel"":0,""adsDrdyPulldownLevel"":0,""adsDrdyPullupLevel"":0,""adsMisoPulldownLevel"":0,""adsMisoPullupLevel"":1,""adsCsLevel"":1,""adsSyncLevel"":1,""adsStatus"":54,""adsMux"":15,""adsAdcon"":6,""adsDrate"":240,""adsReason"":""ok"",""tcaOk"":true,""mcpOkCount"":8,""mcpOk"":[true,true,true,true,true,true,true,true],""mcpAddrMask"":[1,1,1,1,1,1,1,1],""mcpControlTested"":true,""mcpControlOkCount"":8,""mcpControlOk"":[true,true,true,true,true,true,true,true],""dacReady"":true,""radioReady"":true,""mlReady"":true,""nullingProfileApplied"":true,""modelProfileReady"":false},""runtimeMcpCode"":[255,519,795,706,799,865,665,139],""model"":{""profileId"":""cnn-dualbranch-datasheet-v1-unbound"",""scalerProfileId"":""cnn-dualbranch-datasheet-v1-unbound"",""productionApproved"":true,""boundNullingProfileId"":8,""activeNullingProfileId"":9,""bindingValid"":true,""bindingModelMatches"":true,""profileReady"":false,""inferenceValid"":false,""sensorFault"":true},""lora"":{""beginState"":0,""lastTxState"":0,""lastTxOk"":false,""txSeq"":0,""txCounter"":0,""aesKeyProvisioned"":true,""aesKeyPresent"":true,""aesKeySource"":""nvs"",""keyId"":1,""lastDownlinkCommandId"":0,""freqMHz"":920,""bwKHz"":125,""sf"":7,""cr"":5,""syncWord"":18,""txPowerDbm"":17,""preamble"":8,""tcxoVoltage"":1.600000024,""xtalVoltage"":0},""dataset"":{""state"":""idle"",""step"":""idle"",""label"":"""",""seq"":0,""targetSamples"":0,""sampleIntervalMs"":500,""maxDurationMs"":0,""useFanIntake"":true,""fanOnMs"":1000,""postFanSettleMs"":0,""nullingProfileId"":9,""queuePending"":0,""queueCapacity"":16,""queueEnqueued"":0,""queueDropped"":0,""publishFailCount"":0,""retryCount"":0,""retryFailCount"":0,""rejectedSamples"":0,""lastRejectReason"":""none"",""lastRejectChannel"":-1,""lastRejectOkFiniteCount"":0,""lastRejectStatus"":255,""lastRejectGain"":0,""lastRejectSaturated"":false},""recovery"":{""wifiReconnectCount"":0,""wifiReconnectFailCount"":0,""mqttReconnectCount"":0,""mqttConnectFailCount"":0,""lastMqttState"":0,""adsRecoveryCount"":0,""adsRecoveryFailCount"":0,""adsReadFailStreak"":0,""lastReason"":""none"",""lastRecoveryMs"":0,""bootRecoveryArmed"":false,""bootRecoveryDueMs"":0,""bootRecoveryReason"":""none"",""bootRecoveryNonAdsFailure"":false,""bootRecoveryRestartCount"":0},""nulling"":{""done"":false,""retryArmed"":false,""attemptCount"":0,""nextRetryMs"":0,""thresholdV"":9.999999747E-06,""minFinalV"":0},""telemetry"":{""valid"":true,""sampleMs"":6929809,""gasClass"":6,""gasName"":""CO2"",""confidence"":0,""alarm"":false,""sensorVoltage"":[0.126554579,0.003847938,0.004743406,-0.002526908,-0.005776279,-0.011532454,-0.01945566,-0.025429213],""sensorGain"":[16,64,64,64,64,64,64,64],""sensorStatus"":[0,0,0,0,0,0,0,0],""featureOrder"":[""MQ8"",""MQ135"",""MQ3"",""MQ5"",""MQ4"",""MQ7"",""MQ6"",""MQ2""]},""alarmLatched"":false}"
2026-08-04 11:16:34.561 +07:00,553.441,HOT_SWEEP_70,70,700,300,1,0,0.126730233,0.00390211,0.004738619,-0.002520699,-0.00522835,-0.011544428,-0.01945,-0.025494281,"{""deviceId"":""1001"",""nodeId"":4097,""targetChId"":""0010"",""mode"":""inference"",""uptimeMs"":6930886,""debugEnabled"":true,""power"":{""mode"":""24v"",""externalPower"":true,""batteryMv"":65535,""batteryValid"":false,""batteryDetected"":false,""batterySenseStatus"":""not_detected"",""batteryLow"":false,""batteryCritical"":false,""sourceAmbiguous"":false,""serviceHoldActive"":false,""serviceHoldEffective"":false},""batterySession"":{""state"":""inactive"",""startedMs"":0,""stateStartedMs"":0,""validSampleBatches"":0,""requiredSampleBatches"":10,""alarmTxAttempts"":0,""alarmTxAttemptLimit"":3,""alarmAckReceived"":false,""pendingAlarm"":false,""pendingSaveRequired"":false,""persistenceFaultHold"":false,""completionReason"":""session_done""},""bootHealth"":{""adsReady"":true,""adsDrdyLevel"":0,""adsDrdyPulldownLevel"":0,""adsDrdyPullupLevel"":0,""adsMisoPulldownLevel"":0,""adsMisoPullupLevel"":1,""adsCsLevel"":1,""adsSyncLevel"":1,""adsStatus"":54,""adsMux"":15,""adsAdcon"":6,""adsDrate"":240,""adsReason"":""ok"",""tcaOk"":true,""mcpOkCount"":8,""mcpOk"":[true,true,true,true,true,true,true,true],""mcpAddrMask"":[1,1,1,1,1,1,1,1],""mcpControlTested"":true,""mcpControlOkCount"":8,""mcpControlOk"":[true,true,true,true,true,true,true,true],""dacReady"":true,""radioReady"":true,""mlReady"":true,""nullingProfileApplied"":true,""modelProfileReady"":false},""runtimeMcpCode"":[255,519,795,706,799,865,665,139],""model"":{""profileId"":""cnn-dualbranch-datasheet-v1-unbound"",""scalerProfileId"":""cnn-dualbranch-datasheet-v1-unbound"",""productionApproved"":true,""boundNullingProfileId"":8,""activeNullingProfileId"":9,""bindingValid"":true,""bindingModelMatches"":true,""profileReady"":false,""inferenceValid"":false,""sensorFault"":true},""lora"":{""beginState"":0,""lastTxState"":0,""lastTxOk"":false,""txSeq"":0,""txCounter"":0,""aesKeyProvisioned"":true,""aesKeyPresent"":true,""aesKeySource"":""nvs"",""keyId"":1,""lastDownlinkCommandId"":0,""freqMHz"":920,""bwKHz"":125,""sf"":7,""cr"":5,""syncWord"":18,""txPowerDbm"":17,""preamble"":8,""tcxoVoltage"":1.600000024,""xtalVoltage"":0},""dataset"":{""state"":""idle"",""step"":""idle"",""label"":"""",""seq"":0,""targetSamples"":0,""sampleIntervalMs"":500,""maxDurationMs"":0,""useFanIntake"":true,""fanOnMs"":1000,""postFanSettleMs"":0,""nullingProfileId"":9,""queuePending"":0,""queueCapacity"":16,""queueEnqueued"":0,""queueDropped"":0,""publishFailCount"":0,""retryCount"":0,""retryFailCount"":0,""rejectedSamples"":0,""lastRejectReason"":""none"",""lastRejectChannel"":-1,""lastRejectOkFiniteCount"":0,""lastRejectStatus"":255,""lastRejectGain"":0,""lastRejectSaturated"":false},""recovery"":{""wifiReconnectCount"":0,""wifiReconnectFailCount"":0,""mqttReconnectCount"":0,""mqttConnectFailCount"":0,""lastMqttState"":0,""adsRecoveryCount"":0,""adsRecoveryFailCount"":0,""adsReadFailStreak"":0,""lastReason"":""none"",""lastRecoveryMs"":0,""bootRecoveryArmed"":false,""bootRecoveryDueMs"":0,""bootRecoveryReason"":""none"",""bootRecoveryNonAdsFailure"":false,""bootRecoveryRestartCount"":0},""nulling"":{""done"":false,""retryArmed"":false,""attemptCount"":0,""nextRetryMs"":0,""thresholdV"":9.999999747E-06,""minFinalV"":0},""telemetry"":{""valid"":true,""sampleMs"":6930477,""gasClass"":6,""gasName"":""CO2"",""confidence"":0,""alarm"":false,""sensorVoltage"":[0.126730233,0.00390211,0.004738619,-0.002520699,-0.00522835,-0.011544428,-0.01945,-0.025494281],""sensorGain"":[16,64,64,64,64,64,64,64],""sensorStatus"":[0,0,0,0,0,0,0,0],""featureOrder"":[""MQ8"",""MQ135"",""MQ3"",""MQ5"",""MQ4"",""MQ7"",""MQ6"",""MQ2""]},""alarmLatched"":false}"
2026-08-04 11:16:35.251 +07:00,554.131,HOT_SWEEP_70,70,700,300,1,0,0.127006263,0.00392416,0.00474147,-0.002515123,-0.00488372,-0.011519762,-0.019434724,-0.025515521,"{""deviceId"":""1001"",""nodeId"":4097,""targetChId"":""0010"",""mode"":""inference"",""uptimeMs"":6931576,""debugEnabled"":true,""power"":{""mode"":""24v"",""externalPower"":true,""batteryMv"":65535,""batteryValid"":false,""batteryDetected"":false,""batterySenseStatus"":""not_detected"",""batteryLow"":false,""batteryCritical"":false,""sourceAmbiguous"":false,""serviceHoldActive"":false,""serviceHoldEffective"":false},""batterySession"":{""state"":""inactive"",""startedMs"":0,""stateStartedMs"":0,""validSampleBatches"":0,""requiredSampleBatches"":10,""alarmTxAttempts"":0,""alarmTxAttemptLimit"":3,""alarmAckReceived"":false,""pendingAlarm"":false,""pendingSaveRequired"":false,""persistenceFaultHold"":false,""completionReason"":""session_done""},""bootHealth"":{""adsReady"":true,""adsDrdyLevel"":0,""adsDrdyPulldownLevel"":0,""adsDrdyPullupLevel"":0,""adsMisoPulldownLevel"":0,""adsMisoPullupLevel"":1,""adsCsLevel"":1,""adsSyncLevel"":1,""adsStatus"":54,""adsMux"":15,""adsAdcon"":6,""adsDrate"":240,""adsReason"":""ok"",""tcaOk"":true,""mcpOkCount"":8,""mcpOk"":[true,true,true,true,true,true,true,true],""mcpAddrMask"":[1,1,1,1,1,1,1,1],""mcpControlTested"":true,""mcpControlOkCount"":8,""mcpControlOk"":[true,true,true,true,true,true,true,true],""dacReady"":true,""radioReady"":true,""mlReady"":true,""nullingProfileApplied"":true,""modelProfileReady"":false},""runtimeMcpCode"":[255,519,795,706,799,865,665,139],""model"":{""profileId"":""cnn-dualbranch-datasheet-v1-unbound"",""scalerProfileId"":""cnn-dualbranch-datasheet-v1-unbound"",""productionApproved"":true,""boundNullingProfileId"":8,""activeNullingProfileId"":9,""bindingValid"":true,""bindingModelMatches"":true,""profileReady"":false,""inferenceValid"":false,""sensorFault"":true},""lora"":{""beginState"":0,""lastTxState"":0,""lastTxOk"":false,""txSeq"":0,""txCounter"":0,""aesKeyProvisioned"":true,""aesKeyPresent"":true,""aesKeySource"":""nvs"",""keyId"":1,""lastDownlinkCommandId"":0,""freqMHz"":920,""bwKHz"":125,""sf"":7,""cr"":5,""syncWord"":18,""txPowerDbm"":17,""preamble"":8,""tcxoVoltage"":1.600000024,""xtalVoltage"":0},""dataset"":{""state"":""idle"",""step"":""idle"",""label"":"""",""seq"":0,""targetSamples"":0,""sampleIntervalMs"":500,""maxDurationMs"":0,""useFanIntake"":true,""fanOnMs"":1000,""postFanSettleMs"":0,""nullingProfileId"":9,""queuePending"":0,""queueCapacity"":16,""queueEnqueued"":0,""queueDropped"":0,""publishFailCount"":0,""retryCount"":0,""retryFailCount"":0,""rejectedSamples"":0,""lastRejectReason"":""none"",""lastRejectChannel"":-1,""lastRejectOkFiniteCount"":0,""lastRejectStatus"":255,""lastRejectGain"":0,""lastRejectSaturated"":false},""recovery"":{""wifiReconnectCount"":0,""wifiReconnectFailCount"":0,""mqttReconnectCount"":0,""mqttConnectFailCount"":0,""lastMqttState"":0,""adsRecoveryCount"":0,""adsRecoveryFailCount"":0,""adsReadFailStreak"":0,""lastReason"":""none"",""lastRecoveryMs"":0,""bootRecoveryArmed"":false,""bootRecoveryDueMs"":0,""bootRecoveryReason"":""none"",""bootRecoveryNonAdsFailure"":false,""bootRecoveryRestartCount"":0},""nulling"":{""done"":false,""retryArmed"":false,""attemptCount"":0,""nextRetryMs"":0,""thresholdV"":9.999999747E-06,""minFinalV"":0},""telemetry"":{""valid"":true,""sampleMs"":6931164,""gasClass"":6,""gasName"":""CO2"",""confidence"":0,""alarm"":false,""sensorVoltage"":[0.127006263,0.00392416,0.00474147,-0.002515123,-0.00488372,-0.011519762,-0.019434724,-0.025515521],""sensorGain"":[16,64,64,64,64,64,64,64],""sensorStatus"":[0,0,0,0,0,0,0,0],""featureOrder"":[""MQ8"",""MQ135"",""MQ3"",""MQ5"",""MQ4"",""MQ7"",""MQ6"",""MQ2""]},""alarmLatched"":false}"
2026-08-04 11:16:35.939 +07:00,554.819,HOT_SWEEP_70,70,700,300,1,0,0.126810223,0.003918351,0.00473961,-0.002524013,-0.005178097,-0.011551979,-0.019445458,-0.025462192,"{""deviceId"":""1001"",""nodeId"":4097,""targetChId"":""0010"",""mode"":""inference"",""uptimeMs"":6932263,""debugEnabled"":true,""power"":{""mode"":""24v"",""externalPower"":true,""batteryMv"":65535,""batteryValid"":false,""batteryDetected"":false,""batterySenseStatus"":""not_detected"",""batteryLow"":false,""batteryCritical"":false,""sourceAmbiguous"":false,""serviceHoldActive"":false,""serviceHoldEffective"":false},""batterySession"":{""state"":""inactive"",""startedMs"":0,""stateStartedMs"":0,""validSampleBatches"":0,""requiredSampleBatches"":10,""alarmTxAttempts"":0,""alarmTxAttemptLimit"":3,""alarmAckReceived"":false,""pendingAlarm"":false,""pendingSaveRequired"":false,""persistenceFaultHold"":false,""completionReason"":""session_done""},""bootHealth"":{""adsReady"":true,""adsDrdyLevel"":0,""adsDrdyPulldownLevel"":0,""adsDrdyPullupLevel"":0,""adsMisoPulldownLevel"":0,""adsMisoPullupLevel"":1,""adsCsLevel"":1,""adsSyncLevel"":1,""adsStatus"":54,""adsMux"":15,""adsAdcon"":6,""adsDrate"":240,""adsReason"":""ok"",""tcaOk"":true,""mcpOkCount"":8,""mcpOk"":[true,true,true,true,true,true,true,true],""mcpAddrMask"":[1,1,1,1,1,1,1,1],""mcpControlTested"":true,""mcpControlOkCount"":8,""mcpControlOk"":[true,true,true,true,true,true,true,true],""dacReady"":true,""radioReady"":true,""mlReady"":true,""nullingProfileApplied"":true,""modelProfileReady"":false},""runtimeMcpCode"":[255,519,795,706,799,865,665,139],""model"":{""profileId"":""cnn-dualbranch-datasheet-v1-unbound"",""scalerProfileId"":""cnn-dualbranch-datasheet-v1-unbound"",""productionApproved"":true,""boundNullingProfileId"":8,""activeNullingProfileId"":9,""bindingValid"":true,""bindingModelMatches"":true,""profileReady"":false,""inferenceValid"":false,""sensorFault"":true},""lora"":{""beginState"":0,""lastTxState"":0,""lastTxOk"":false,""txSeq"":0,""txCounter"":0,""aesKeyProvisioned"":true,""aesKeyPresent"":true,""aesKeySource"":""nvs"",""keyId"":1,""lastDownlinkCommandId"":0,""freqMHz"":920,""bwKHz"":125,""sf"":7,""cr"":5,""syncWord"":18,""txPowerDbm"":17,""preamble"":8,""tcxoVoltage"":1.600000024,""xtalVoltage"":0},""dataset"":{""state"":""idle"",""step"":""idle"",""label"":"""",""seq"":0,""targetSamples"":0,""sampleIntervalMs"":500,""maxDurationMs"":0,""useFanIntake"":true,""fanOnMs"":1000,""postFanSettleMs"":0,""nullingProfileId"":9,""queuePending"":0,""queueCapacity"":16,""queueEnqueued"":0,""queueDropped"":0,""publishFailCount"":0,""retryCount"":0,""retryFailCount"":0,""rejectedSamples"":0,""lastRejectReason"":""none"",""lastRejectChannel"":-1,""lastRejectOkFiniteCount"":0,""lastRejectStatus"":255,""lastRejectGain"":0,""lastRejectSaturated"":false},""recovery"":{""wifiReconnectCount"":0,""wifiReconnectFailCount"":0,""mqttReconnectCount"":0,""mqttConnectFailCount"":0,""lastMqttState"":0,""adsRecoveryCount"":0,""adsRecoveryFailCount"":0,""adsReadFailStreak"":0,""lastReason"":""none"",""lastRecoveryMs"":0,""bootRecoveryArmed"":false,""bootRecoveryDueMs"":0,""bootRecoveryReason"":""none"",""bootRecoveryNonAdsFailure"":false,""bootRecoveryRestartCount"":0},""nulling"":{""done"":false,""retryArmed"":false,""attemptCount"":0,""nextRetryMs"":0,""thresholdV"":9.999999747E-06,""minFinalV"":0},""telemetry"":{""valid"":true,""sampleMs"":6931891,""gasClass"":6,""gasName"":""CO2"",""confidence"":0,""alarm"":false,""sensorVoltage"":[0.126810223,0.003918351,0.00473961,-0.002524013,-0.005178097,-0.011551979,-0.019445458,-0.025462192],""sensorGain"":[16,64,64,64,64,64,64,64],""sensorStatus"":[0,0,0,0,0,0,0,0],""featureOrder"":[""MQ8"",""MQ135"",""MQ3"",""MQ5"",""MQ4"",""MQ7"",""MQ6"",""MQ2""]},""alarmLatched"":false}"
2026-08-04 11:16:36.632 +07:00,555.510,HOT_SWEEP_70,70,700,300,1,0,0.126407623,0.003904827,0.004694393,-0.002585232,-0.005849291,-0.0115618,-0.019450728,-0.025478721,"{""deviceId"":""1001"",""nodeId"":4097,""targetChId"":""0010"",""mode"":""inference"",""uptimeMs"":6932955,""debugEnabled"":true,""power"":{""mode"":""24v"",""externalPower"":true,""batteryMv"":65535,""batteryValid"":false,""batteryDetected"":false,""batterySenseStatus"":""not_detected"",""batteryLow"":false,""batteryCritical"":false,""sourceAmbiguous"":false,""serviceHoldActive"":false,""serviceHoldEffective"":false},""batterySession"":{""state"":""inactive"",""startedMs"":0,""stateStartedMs"":0,""validSampleBatches"":0,""requiredSampleBatches"":10,""alarmTxAttempts"":0,""alarmTxAttemptLimit"":3,""alarmAckReceived"":false,""pendingAlarm"":false,""pendingSaveRequired"":false,""persistenceFaultHold"":false,""completionReason"":""session_done""},""bootHealth"":{""adsReady"":true,""adsDrdyLevel"":0,""adsDrdyPulldownLevel"":0,""adsDrdyPullupLevel"":0,""adsMisoPulldownLevel"":0,""adsMisoPullupLevel"":1,""adsCsLevel"":1,""adsSyncLevel"":1,""adsStatus"":54,""adsMux"":15,""adsAdcon"":6,""adsDrate"":240,""adsReason"":""ok"",""tcaOk"":true,""mcpOkCount"":8,""mcpOk"":[true,true,true,true,true,true,true,true],""mcpAddrMask"":[1,1,1,1,1,1,1,1],""mcpControlTested"":true,""mcpControlOkCount"":8,""mcpControlOk"":[true,true,true,true,true,true,true,true],""dacReady"":true,""radioReady"":true,""mlReady"":true,""nullingProfileApplied"":true,""modelProfileReady"":false},""runtimeMcpCode"":[255,519,795,706,799,865,665,139],""model"":{""profileId"":""cnn-dualbranch-datasheet-v1-unbound"",""scalerProfileId"":""cnn-dualbranch-datasheet-v1-unbound"",""productionApproved"":true,""boundNullingProfileId"":8,""activeNullingProfileId"":9,""bindingValid"":true,""bindingModelMatches"":true,""profileReady"":false,""inferenceValid"":false,""sensorFault"":true},""lora"":{""beginState"":0,""lastTxState"":0,""lastTxOk"":false,""txSeq"":0,""txCounter"":0,""aesKeyProvisioned"":true,""aesKeyPresent"":true,""aesKeySource"":""nvs"",""keyId"":1,""lastDownlinkCommandId"":0,""freqMHz"":920,""bwKHz"":125,""sf"":7,""cr"":5,""syncWord"":18,""txPowerDbm"":17,""preamble"":8,""tcxoVoltage"":1.600000024,""xtalVoltage"":0},""dataset"":{""state"":""idle"",""step"":""idle"",""label"":"""",""seq"":0,""targetSamples"":0,""sampleIntervalMs"":500,""maxDurationMs"":0,""useFanIntake"":true,""fanOnMs"":1000,""postFanSettleMs"":0,""nullingProfileId"":9,""queuePending"":0,""queueCapacity"":16,""queueEnqueued"":0,""queueDropped"":0,""publishFailCount"":0,""retryCount"":0,""retryFailCount"":0,""rejectedSamples"":0,""lastRejectReason"":""none"",""lastRejectChannel"":-1,""lastRejectOkFiniteCount"":0,""lastRejectStatus"":255,""lastRejectGain"":0,""lastRejectSaturated"":false},""recovery"":{""wifiReconnectCount"":0,""wifiReconnectFailCount"":0,""mqttReconnectCount"":0,""mqttConnectFailCount"":0,""lastMqttState"":0,""adsRecoveryCount"":0,""adsRecoveryFailCount"":0,""adsReadFailStreak"":0,""lastReason"":""none"",""lastRecoveryMs"":0,""bootRecoveryArmed"":false,""bootRecoveryDueMs"":0,""bootRecoveryReason"":""none"",""bootRecoveryNonAdsFailure"":false,""bootRecoveryRestartCount"":0},""nulling"":{""done"":false,""retryArmed"":false,""attemptCount"":0,""nextRetryMs"":0,""thresholdV"":9.999999747E-06,""minFinalV"":0},""telemetry"":{""valid"":true,""sampleMs"":6932541,""gasClass"":6,""gasName"":""CO2"",""confidence"":0,""alarm"":false,""sensorVoltage"":[0.126407623,0.003904827,0.004694393,-0.002585232,-0.005849291,-0.0115618,-0.019450728,-0.025478721],""sensorGain"":[16,64,64,64,64,64,64,64],""sensorStatus"":[0,0,0,0,0,0,0,0],""featureOrder"":[""MQ8"",""MQ135"",""MQ3"",""MQ5"",""MQ4"",""MQ7"",""MQ6"",""MQ2""]},""alarmLatched"":false}"
2026-08-04 11:16:37.318 +07:00,556.198,HOT_SWEEP_70,70,700,300,1,0,0.126612186,0.003909134,0.004694457,-0.002584342,-0.006382497,-0.011549491,-0.019068763,-0.0250041,"{""deviceId"":""1001"",""nodeId"":4097,""targetChId"":""0010"",""mode"":""inference"",""uptimeMs"":6933643,""debugEnabled"":true,""power"":{""mode"":""24v"",""externalPower"":true,""batteryMv"":65535,""batteryValid"":false,""batteryDetected"":false,""batterySenseStatus"":""not_detected"",""batteryLow"":false,""batteryCritical"":false,""sourceAmbiguous"":false,""serviceHoldActive"":false,""serviceHoldEffective"":false},""batterySession"":{""state"":""inactive"",""startedMs"":0,""stateStartedMs"":0,""validSampleBatches"":0,""requiredSampleBatches"":10,""alarmTxAttempts"":0,""alarmTxAttemptLimit"":3,""alarmAckReceived"":false,""pendingAlarm"":false,""pendingSaveRequired"":false,""persistenceFaultHold"":false,""completionReason"":""session_done""},""bootHealth"":{""adsReady"":true,""adsDrdyLevel"":0,""adsDrdyPulldownLevel"":0,""adsDrdyPullupLevel"":0,""adsMisoPulldownLevel"":0,""adsMisoPullupLevel"":1,""adsCsLevel"":1,""adsSyncLevel"":1,""adsStatus"":54,""adsMux"":15,""adsAdcon"":6,""adsDrate"":240,""adsReason"":""ok"",""tcaOk"":true,""mcpOkCount"":8,""mcpOk"":[true,true,true,true,true,true,true,true],""mcpAddrMask"":[1,1,1,1,1,1,1,1],""mcpControlTested"":true,""mcpControlOkCount"":8,""mcpControlOk"":[true,true,true,true,true,true,true,true],""dacReady"":true,""radioReady"":true,""mlReady"":true,""nullingProfileApplied"":true,""modelProfileReady"":false},""runtimeMcpCode"":[255,519,795,706,799,865,665,139],""model"":{""profileId"":""cnn-dualbranch-datasheet-v1-unbound"",""scalerProfileId"":""cnn-dualbranch-datasheet-v1-unbound"",""productionApproved"":true,""boundNullingProfileId"":8,""activeNullingProfileId"":9,""bindingValid"":true,""bindingModelMatches"":true,""profileReady"":false,""inferenceValid"":false,""sensorFault"":true},""lora"":{""beginState"":0,""lastTxState"":0,""lastTxOk"":false,""txSeq"":0,""txCounter"":0,""aesKeyProvisioned"":true,""aesKeyPresent"":true,""aesKeySource"":""nvs"",""keyId"":1,""lastDownlinkCommandId"":0,""freqMHz"":920,""bwKHz"":125,""sf"":7,""cr"":5,""syncWord"":18,""txPowerDbm"":17,""preamble"":8,""tcxoVoltage"":1.600000024,""xtalVoltage"":0},""dataset"":{""state"":""idle"",""step"":""idle"",""label"":"""",""seq"":0,""targetSamples"":0,""sampleIntervalMs"":500,""maxDurationMs"":0,""useFanIntake"":true,""fanOnMs"":1000,""postFanSettleMs"":0,""nullingProfileId"":9,""queuePending"":0,""queueCapacity"":16,""queueEnqueued"":0,""queueDropped"":0,""publishFailCount"":0,""retryCount"":0,""retryFailCount"":0,""rejectedSamples"":0,""lastRejectReason"":""none"",""lastRejectChannel"":-1,""lastRejectOkFiniteCount"":0,""lastRejectStatus"":255,""lastRejectGain"":0,""lastRejectSaturated"":false},""recovery"":{""wifiReconnectCount"":0,""wifiReconnectFailCount"":0,""mqttReconnectCount"":0,""mqttConnectFailCount"":0,""lastMqttState"":0,""adsRecoveryCount"":0,""adsRecoveryFailCount"":0,""adsReadFailStreak"":0,""lastReason"":""none"",""lastRecoveryMs"":0,""bootRecoveryArmed"":false,""bootRecoveryDueMs"":0,""bootRecoveryReason"":""none"",""bootRecoveryNonAdsFailure"":false,""bootRecoveryRestartCount"":0},""nulling"":{""done"":false,""retryArmed"":false,""attemptCount"":0,""nextRetryMs"":0,""thresholdV"":9.999999747E-06,""minFinalV"":0},""telemetry"":{""valid"":true,""sampleMs"":6933233,""gasClass"":6,""gasName"":""CO2"",""confidence"":0,""alarm"":false,""sensorVoltage"":[0.126612186,0.003909134,0.004694457,-0.002584342,-0.006382497,-0.011549491,-0.019068763,-0.0250041],""sensorGain"":[16,64,64,64,64,64,64,64],""sensorStatus"":[0,0,0,0,0,0,0,0],""featureOrder"":[""MQ8"",""MQ135"",""MQ3"",""MQ5"",""MQ4"",""MQ7"",""MQ6"",""MQ2""]},""alarmLatched"":false}"
2026-08-04 11:16:38.016 +07:00,556.896,HOT_SWEEP_70,70,700,300,1,0,0.126551241,0.003911075,0.00475801,-0.002585543,-0.006390885,-0.011518344,-0.019460108,-0.025011376,"{""deviceId"":""1001"",""nodeId"":4097,""targetChId"":""0010"",""mode"":""inference"",""uptimeMs"":6934341,""debugEnabled"":true,""power"":{""mode"":""24v"",""externalPower"":true,""batteryMv"":65535,""batteryValid"":false,""batteryDetected"":false,""batterySenseStatus"":""not_detected"",""batteryLow"":false,""batteryCritical"":false,""sourceAmbiguous"":false,""serviceHoldActive"":false,""serviceHoldEffective"":false},""batterySession"":{""state"":""inactive"",""startedMs"":0,""stateStartedMs"":0,""validSampleBatches"":0,""requiredSampleBatches"":10,""alarmTxAttempts"":0,""alarmTxAttemptLimit"":3,""alarmAckReceived"":false,""pendingAlarm"":false,""pendingSaveRequired"":false,""persistenceFaultHold"":false,""completionReason"":""session_done""},""bootHealth"":{""adsReady"":true,""adsDrdyLevel"":0,""adsDrdyPulldownLevel"":0,""adsDrdyPullupLevel"":0,""adsMisoPulldownLevel"":0,""adsMisoPullupLevel"":1,""adsCsLevel"":1,""adsSyncLevel"":1,""adsStatus"":54,""adsMux"":15,""adsAdcon"":6,""adsDrate"":240,""adsReason"":""ok"",""tcaOk"":true,""mcpOkCount"":8,""mcpOk"":[true,true,true,true,true,true,true,true],""mcpAddrMask"":[1,1,1,1,1,1,1,1],""mcpControlTested"":true,""mcpControlOkCount"":8,""mcpControlOk"":[true,true,true,true,true,true,true,true],""dacReady"":true,""radioReady"":true,""mlReady"":true,""nullingProfileApplied"":true,""modelProfileReady"":false},""runtimeMcpCode"":[255,519,795,706,799,865,665,139],""model"":{""profileId"":""cnn-dualbranch-datasheet-v1-unbound"",""scalerProfileId"":""cnn-dualbranch-datasheet-v1-unbound"",""productionApproved"":true,""boundNullingProfileId"":8,""activeNullingProfileId"":9,""bindingValid"":true,""bindingModelMatches"":true,""profileReady"":false,""inferenceValid"":false,""sensorFault"":true},""lora"":{""beginState"":0,""lastTxState"":0,""lastTxOk"":false,""txSeq"":0,""txCounter"":0,""aesKeyProvisioned"":true,""aesKeyPresent"":true,""aesKeySource"":""nvs"",""keyId"":1,""lastDownlinkCommandId"":0,""freqMHz"":920,""bwKHz"":125,""sf"":7,""cr"":5,""syncWord"":18,""txPowerDbm"":17,""preamble"":8,""tcxoVoltage"":1.600000024,""xtalVoltage"":0},""dataset"":{""state"":""idle"",""step"":""idle"",""label"":"""",""seq"":0,""targetSamples"":0,""sampleIntervalMs"":500,""maxDurationMs"":0,""useFanIntake"":true,""fanOnMs"":1000,""postFanSettleMs"":0,""nullingProfileId"":9,""queuePending"":0,""queueCapacity"":16,""queueEnqueued"":0,""queueDropped"":0,""publishFailCount"":0,""retryCount"":0,""retryFailCount"":0,""rejectedSamples"":0,""lastRejectReason"":""none"",""lastRejectChannel"":-1,""lastRejectOkFiniteCount"":0,""lastRejectStatus"":255,""lastRejectGain"":0,""lastRejectSaturated"":false},""recovery"":{""wifiReconnectCount"":0,""wifiReconnectFailCount"":0,""mqttReconnectCount"":0,""mqttConnectFailCount"":0,""lastMqttState"":0,""adsRecoveryCount"":0,""adsRecoveryFailCount"":0,""adsReadFailStreak"":0,""lastReason"":""none"",""lastRecoveryMs"":0,""bootRecoveryArmed"":false,""bootRecoveryDueMs"":0,""bootRecoveryReason"":""none"",""bootRecoveryNonAdsFailure"":false,""bootRecoveryRestartCount"":0},""nulling"":{""done"":false,""retryArmed"":false,""attemptCount"":0,""nextRetryMs"":0,""thresholdV"":9.999999747E-06,""minFinalV"":0},""telemetry"":{""valid"":true,""sampleMs"":6933953,""gasClass"":6,""gasName"":""CO2"",""confidence"":0,""alarm"":false,""sensorVoltage"":[0.126551241,0.003911075,0.00475801,-0.002585543,-0.006390885,-0.011518344,-0.019460108,-0.025011376],""sensorGain"":[16,64,64,64,64,64,64,64],""sensorStatus"":[0,0,0,0,0,0,0,0],""featureOrder"":[""MQ8"",""MQ135"",""MQ3"",""MQ5"",""MQ4"",""MQ7"",""MQ6"",""MQ2""]},""alarmLatched"":false}"
2026-08-04 11:16:38.723 +07:00,557.603,HOT_SWEEP_70,70,700,300,1,0,0.126196012,0.003912121,0.004794101,-0.002593951,-0.006837364,-0.011593825,-0.019354574,-0.025005838,"{""deviceId"":""1001"",""nodeId"":4097,""targetChId"":""0010"",""mode"":""inference"",""uptimeMs"":6935047,""debugEnabled"":true,""power"":{""mode"":""24v"",""externalPower"":true,""batteryMv"":65535,""batteryValid"":false,""batteryDetected"":false,""batterySenseStatus"":""not_detected"",""batteryLow"":false,""batteryCritical"":false,""sourceAmbiguous"":false,""serviceHoldActive"":false,""serviceHoldEffective"":false},""batterySession"":{""state"":""inactive"",""startedMs"":0,""stateStartedMs"":0,""validSampleBatches"":0,""requiredSampleBatches"":10,""alarmTxAttempts"":0,""alarmTxAttemptLimit"":3,""alarmAckReceived"":false,""pendingAlarm"":false,""pendingSaveRequired"":false,""persistenceFaultHold"":false,""completionReason"":""session_done""},""bootHealth"":{""adsReady"":true,""adsDrdyLevel"":0,""adsDrdyPulldownLevel"":0,""adsDrdyPullupLevel"":0,""adsMisoPulldownLevel"":0,""adsMisoPullupLevel"":1,""adsCsLevel"":1,""adsSyncLevel"":1,""adsStatus"":54,""adsMux"":15,""adsAdcon"":6,""adsDrate"":240,""adsReason"":""ok"",""tcaOk"":true,""mcpOkCount"":8,""mcpOk"":[true,true,true,true,true,true,true,true],""mcpAddrMask"":[1,1,1,1,1,1,1,1],""mcpControlTested"":true,""mcpControlOkCount"":8,""mcpControlOk"":[true,true,true,true,true,true,true,true],""dacReady"":true,""radioReady"":true,""mlReady"":true,""nullingProfileApplied"":true,""modelProfileReady"":false},""runtimeMcpCode"":[255,519,795,706,799,865,665,139],""model"":{""profileId"":""cnn-dualbranch-datasheet-v1-unbound"",""scalerProfileId"":""cnn-dualbranch-datasheet-v1-unbound"",""productionApproved"":true,""boundNullingProfileId"":8,""activeNullingProfileId"":9,""bindingValid"":true,""bindingModelMatches"":true,""profileReady"":false,""inferenceValid"":false,""sensorFault"":true},""lora"":{""beginState"":0,""lastTxState"":0,""lastTxOk"":false,""txSeq"":0,""txCounter"":0,""aesKeyProvisioned"":true,""aesKeyPresent"":true,""aesKeySource"":""nvs"",""keyId"":1,""lastDownlinkCommandId"":0,""freqMHz"":920,""bwKHz"":125,""sf"":7,""cr"":5,""syncWord"":18,""txPowerDbm"":17,""preamble"":8,""tcxoVoltage"":1.600000024,""xtalVoltage"":0},""dataset"":{""state"":""idle"",""step"":""idle"",""label"":"""",""seq"":0,""targetSamples"":0,""sampleIntervalMs"":500,""maxDurationMs"":0,""useFanIntake"":true,""fanOnMs"":1000,""postFanSettleMs"":0,""nullingProfileId"":9,""queuePending"":0,""queueCapacity"":16,""queueEnqueued"":0,""queueDropped"":0,""publishFailCount"":0,""retryCount"":0,""retryFailCount"":0,""rejectedSamples"":0,""lastRejectReason"":""none"",""lastRejectChannel"":-1,""lastRejectOkFiniteCount"":0,""lastRejectStatus"":255,""lastRejectGain"":0,""lastRejectSaturated"":false},""recovery"":{""wifiReconnectCount"":0,""wifiReconnectFailCount"":0,""mqttReconnectCount"":0,""mqttConnectFailCount"":0,""lastMqttState"":0,""adsRecoveryCount"":0,""adsRecoveryFailCount"":0,""adsReadFailStreak"":0,""lastReason"":""none"",""lastRecoveryMs"":0,""bootRecoveryArmed"":false,""bootRecoveryDueMs"":0,""bootRecoveryReason"":""none"",""bootRecoveryNonAdsFailure"":false,""bootRecoveryRestartCount"":0},""nulling"":{""done"":false,""retryArmed"":false,""attemptCount"":0,""nextRetryMs"":0,""thresholdV"":9.999999747E-06,""minFinalV"":0},""telemetry"":{""valid"":true,""sampleMs"":6934619,""gasClass"":6,""gasName"":""CO2"",""confidence"":0,""alarm"":false,""sensorVoltage"":[0.126196012,0.003912121,0.004794101,-0.002593951,-0.006837364,-0.011593825,-0.019354574,-0.025005838],""sensorGain"":[16,64,64,64,64,64,64,64],""sensorStatus"":[0,0,0,0,0,0,0,0],""featureOrder"":[""MQ8"",""MQ135"",""MQ3"",""MQ5"",""MQ4"",""MQ7"",""MQ6"",""MQ2""]},""alarmLatched"":false}"
2026-08-04 11:16:39.425 +07:00,558.290,HOT_SWEEP_70,70,700,300,1,0,0.126881212,0.003904799,0.004798548,-0.002546505,-0.007075697,-0.01160156,-0.019406158,-0.024949532,"{""deviceId"":""1001"",""nodeId"":4097,""targetChId"":""0010"",""mode"":""inference"",""uptimeMs"":6935749,""debugEnabled"":true,""power"":{""mode"":""24v"",""externalPower"":true,""batteryMv"":65535,""batteryValid"":false,""batteryDetected"":false,""batterySenseStatus"":""not_detected"",""batteryLow"":false,""batteryCritical"":false,""sourceAmbiguous"":false,""serviceHoldActive"":false,""serviceHoldEffective"":false},""batterySession"":{""state"":""inactive"",""startedMs"":0,""stateStartedMs"":0,""validSampleBatches"":0,""requiredSampleBatches"":10,""alarmTxAttempts"":0,""alarmTxAttemptLimit"":3,""alarmAckReceived"":false,""pendingAlarm"":false,""pendingSaveRequired"":false,""persistenceFaultHold"":false,""completionReason"":""session_done""},""bootHealth"":{""adsReady"":true,""adsDrdyLevel"":0,""adsDrdyPulldownLevel"":0,""adsDrdyPullupLevel"":0,""adsMisoPulldownLevel"":0,""adsMisoPullupLevel"":1,""adsCsLevel"":1,""adsSyncLevel"":1,""adsStatus"":54,""adsMux"":15,""adsAdcon"":6,""adsDrate"":240,""adsReason"":""ok"",""tcaOk"":true,""mcpOkCount"":8,""mcpOk"":[true,true,true,true,true,true,true,true],""mcpAddrMask"":[1,1,1,1,1,1,1,1],""mcpControlTested"":true,""mcpControlOkCount"":8,""mcpControlOk"":[true,true,true,true,true,true,true,true],""dacReady"":true,""radioReady"":true,""mlReady"":true,""nullingProfileApplied"":true,""modelProfileReady"":false},""runtimeMcpCode"":[255,519,795,706,799,865,665,139],""model"":{""profileId"":""cnn-dualbranch-datasheet-v1-unbound"",""scalerProfileId"":""cnn-dualbranch-datasheet-v1-unbound"",""productionApproved"":true,""boundNullingProfileId"":8,""activeNullingProfileId"":9,""bindingValid"":true,""bindingModelMatches"":true,""profileReady"":false,""inferenceValid"":false,""sensorFault"":true},""lora"":{""beginState"":0,""lastTxState"":0,""lastTxOk"":false,""txSeq"":0,""txCounter"":0,""aesKeyProvisioned"":true,""aesKeyPresent"":true,""aesKeySource"":""nvs"",""keyId"":1,""lastDownlinkCommandId"":0,""freqMHz"":920,""bwKHz"":125,""sf"":7,""cr"":5,""syncWord"":18,""txPowerDbm"":17,""preamble"":8,""tcxoVoltage"":1.600000024,""xtalVoltage"":0},""dataset"":{""state"":""idle"",""step"":""idle"",""label"":"""",""seq"":0,""targetSamples"":0,""sampleIntervalMs"":500,""maxDurationMs"":0,""useFanIntake"":true,""fanOnMs"":1000,""postFanSettleMs"":0,""nullingProfileId"":9,""queuePending"":0,""queueCapacity"":16,""queueEnqueued"":0,""queueDropped"":0,""publishFailCount"":0,""retryCount"":0,""retryFailCount"":0,""rejectedSamples"":0,""lastRejectReason"":""none"",""lastRejectChannel"":-1,""lastRejectOkFiniteCount"":0,""lastRejectStatus"":255,""lastRejectGain"":0,""lastRejectSaturated"":false},""recovery"":{""wifiReconnectCount"":0,""wifiReconnectFailCount"":0,""mqttReconnectCount"":0,""mqttConnectFailCount"":0,""lastMqttState"":0,""adsRecoveryCount"":0,""adsRecoveryFailCount"":0,""adsReadFailStreak"":0,""lastReason"":""none"",""lastRecoveryMs"":0,""bootRecoveryArmed"":false,""bootRecoveryDueMs"":0,""bootRecoveryReason"":""none"",""bootRecoveryNonAdsFailure"":false,""bootRecoveryRestartCount"":0},""nulling"":{""done"":false,""retryArmed"":false,""attemptCount"":0,""nextRetryMs"":0,""thresholdV"":9.999999747E-06,""minFinalV"":0},""telemetry"":{""valid"":true,""sampleMs"":6935325,""gasClass"":6,""gasName"":""CO2"",""confidence"":0,""alarm"":false,""sensorVoltage"":[0.126881212,0.003904799,0.004798548,-0.002546505,-0.007075697,-0.01160156,-0.019406158,-0.024949532],""sensorGain"":[16,64,64,64,64,64,64,64],""sensorStatus"":[0,0,0,0,0,0,0,0],""featureOrder"":[""MQ8"",""MQ135"",""MQ3"",""MQ5"",""MQ4"",""MQ7"",""MQ6"",""MQ2""]},""alarmLatched"":false}"
2026-08-04 11:16:40.093 +07:00,558.975,HOT_SWEEP_70,70,700,300,1,0,0.126566485,0.004016473,0.004841166,-0.002541136,-0.007367733,-0.011524258,-0.019422337,-0.024940254,"{""deviceId"":""1001"",""nodeId"":4097,""targetChId"":""0010"",""mode"":""inference"",""uptimeMs"":6936428,""debugEnabled"":true,""power"":{""mode"":""24v"",""externalPower"":true,""batteryMv"":65535,""batteryValid"":false,""batteryDetected"":false,""batterySenseStatus"":""not_detected"",""batteryLow"":false,""batteryCritical"":false,""sourceAmbiguous"":false,""serviceHoldActive"":false,""serviceHoldEffective"":false},""batterySession"":{""state"":""inactive"",""startedMs"":0,""stateStartedMs"":0,""validSampleBatches"":0,""requiredSampleBatches"":10,""alarmTxAttempts"":0,""alarmTxAttemptLimit"":3,""alarmAckReceived"":false,""pendingAlarm"":false,""pendingSaveRequired"":false,""persistenceFaultHold"":false,""completionReason"":""session_done""},""bootHealth"":{""adsReady"":true,""adsDrdyLevel"":0,""adsDrdyPulldownLevel"":0,""adsDrdyPullupLevel"":0,""adsMisoPulldownLevel"":0,""adsMisoPullupLevel"":1,""adsCsLevel"":1,""adsSyncLevel"":1,""adsStatus"":54,""adsMux"":15,""adsAdcon"":6,""adsDrate"":240,""adsReason"":""ok"",""tcaOk"":true,""mcpOkCount"":8,""mcpOk"":[true,true,true,true,true,true,true,true],""mcpAddrMask"":[1,1,1,1,1,1,1,1],""mcpControlTested"":true,""mcpControlOkCount"":8,""mcpControlOk"":[true,true,true,true,true,true,true,true],""dacReady"":true,""radioReady"":true,""mlReady"":true,""nullingProfileApplied"":true,""modelProfileReady"":false},""runtimeMcpCode"":[255,519,795,706,799,865,665,139],""model"":{""profileId"":""cnn-dualbranch-datasheet-v1-unbound"",""scalerProfileId"":""cnn-dualbranch-datasheet-v1-unbound"",""productionApproved"":true,""boundNullingProfileId"":8,""activeNullingProfileId"":9,""bindingValid"":true,""bindingModelMatches"":true,""profileReady"":false,""inferenceValid"":false,""sensorFault"":true},""lora"":{""beginState"":0,""lastTxState"":0,""lastTxOk"":false,""txSeq"":0,""txCounter"":0,""aesKeyProvisioned"":true,""aesKeyPresent"":true,""aesKeySource"":""nvs"",""keyId"":1,""lastDownlinkCommandId"":0,""freqMHz"":920,""bwKHz"":125,""sf"":7,""cr"":5,""syncWord"":18,""txPowerDbm"":17,""preamble"":8,""tcxoVoltage"":1.600000024,""xtalVoltage"":0},""dataset"":{""state"":""idle"",""step"":""idle"",""label"":"""",""seq"":0,""targetSamples"":0,""sampleIntervalMs"":500,""maxDurationMs"":0,""useFanIntake"":true,""fanOnMs"":1000,""postFanSettleMs"":0,""nullingProfileId"":9,""queuePending"":0,""queueCapacity"":16,""queueEnqueued"":0,""queueDropped"":0,""publishFailCount"":0,""retryCount"":0,""retryFailCount"":0,""rejectedSamples"":0,""lastRejectReason"":""none"",""lastRejectChannel"":-1,""lastRejectOkFiniteCount"":0,""lastRejectStatus"":255,""lastRejectGain"":0,""lastRejectSaturated"":false},""recovery"":{""wifiReconnectCount"":0,""wifiReconnectFailCount"":0,""mqttReconnectCount"":0,""mqttConnectFailCount"":0,""lastMqttState"":0,""adsRecoveryCount"":0,""adsRecoveryFailCount"":0,""adsReadFailStreak"":0,""lastReason"":""none"",""lastRecoveryMs"":0,""bootRecoveryArmed"":false,""bootRecoveryDueMs"":0,""bootRecoveryReason"":""none"",""bootRecoveryNonAdsFailure"":false,""bootRecoveryRestartCount"":0},""nulling"":{""done"":false,""retryArmed"":false,""attemptCount"":0,""nextRetryMs"":0,""thresholdV"":9.999999747E-06,""minFinalV"":0},""telemetry"":{""valid"":true,""sampleMs"":6936059,""gasClass"":6,""gasName"":""CO2"",""confidence"":0,""alarm"":false,""sensorVoltage"":[0.126566485,0.004016473,0.004841166,-0.002541136,-0.007367733,-0.011524258,-0.019422337,-0.024940254],""sensorGain"":[16,64,64,64,64,64,64,64],""sensorStatus"":[0,0,0,0,0,0,0,0],""featureOrder"":[""MQ8"",""MQ135"",""MQ3"",""MQ5"",""MQ4"",""MQ7"",""MQ6"",""MQ2""]},""alarmLatched"":false}"
2026-08-04 11:16:40.778 +07:00,559.659,HOT_SWEEP_70,70,700,300,1,0,0.126210034,0.004029925,0.00488132,-0.002550828,-0.007434287,-0.011537663,-0.019380203,-0.02503553,"{""deviceId"":""1001"",""nodeId"":4097,""targetChId"":""0010"",""mode"":""inference"",""uptimeMs"":6937109,""debugEnabled"":true,""power"":{""mode"":""24v"",""externalPower"":true,""batteryMv"":65535,""batteryValid"":false,""batteryDetected"":false,""batterySenseStatus"":""not_detected"",""batteryLow"":false,""batteryCritical"":false,""sourceAmbiguous"":false,""serviceHoldActive"":false,""serviceHoldEffective"":false},""batterySession"":{""state"":""inactive"",""startedMs"":0,""stateStartedMs"":0,""validSampleBatches"":0,""requiredSampleBatches"":10,""alarmTxAttempts"":0,""alarmTxAttemptLimit"":3,""alarmAckReceived"":false,""pendingAlarm"":false,""pendingSaveRequired"":false,""persistenceFaultHold"":false,""completionReason"":""session_done""},""bootHealth"":{""adsReady"":true,""adsDrdyLevel"":0,""adsDrdyPulldownLevel"":0,""adsDrdyPullupLevel"":0,""adsMisoPulldownLevel"":0,""adsMisoPullupLevel"":1,""adsCsLevel"":1,""adsSyncLevel"":1,""adsStatus"":54,""adsMux"":15,""adsAdcon"":6,""adsDrate"":240,""adsReason"":""ok"",""tcaOk"":true,""mcpOkCount"":8,""mcpOk"":[true,true,true,true,true,true,true,true],""mcpAddrMask"":[1,1,1,1,1,1,1,1],""mcpControlTested"":true,""mcpControlOkCount"":8,""mcpControlOk"":[true,true,true,true,true,true,true,true],""dacReady"":true,""radioReady"":true,""mlReady"":true,""nullingProfileApplied"":true,""modelProfileReady"":false},""runtimeMcpCode"":[255,519,795,706,799,865,665,139],""model"":{""profileId"":""cnn-dualbranch-datasheet-v1-unbound"",""scalerProfileId"":""cnn-dualbranch-datasheet-v1-unbound"",""productionApproved"":true,""boundNullingProfileId"":8,""activeNullingProfileId"":9,""bindingValid"":true,""bindingModelMatches"":true,""profileReady"":false,""inferenceValid"":false,""sensorFault"":true},""lora"":{""beginState"":0,""lastTxState"":0,""lastTxOk"":false,""txSeq"":0,""txCounter"":0,""aesKeyProvisioned"":true,""aesKeyPresent"":true,""aesKeySource"":""nvs"",""keyId"":1,""lastDownlinkCommandId"":0,""freqMHz"":920,""bwKHz"":125,""sf"":7,""cr"":5,""syncWord"":18,""txPowerDbm"":17,""preamble"":8,""tcxoVoltage"":1.600000024,""xtalVoltage"":0},""dataset"":{""state"":""idle"",""step"":""idle"",""label"":"""",""seq"":0,""targetSamples"":0,""sampleIntervalMs"":500,""maxDurationMs"":0,""useFanIntake"":true,""fanOnMs"":1000,""postFanSettleMs"":0,""nullingProfileId"":9,""queuePending"":0,""queueCapacity"":16,""queueEnqueued"":0,""queueDropped"":0,""publishFailCount"":0,""retryCount"":0,""retryFailCount"":0,""rejectedSamples"":0,""lastRejectReason"":""none"",""lastRejectChannel"":-1,""lastRejectOkFiniteCount"":0,""lastRejectStatus"":255,""lastRejectGain"":0,""lastRejectSaturated"":false},""recovery"":{""wifiReconnectCount"":0,""wifiReconnectFailCount"":0,""mqttReconnectCount"":0,""mqttConnectFailCount"":0,""lastMqttState"":0,""adsRecoveryCount"":0,""adsRecoveryFailCount"":0,""adsReadFailStreak"":0,""lastReason"":""none"",""lastRecoveryMs"":0,""bootRecoveryArmed"":false,""bootRecoveryDueMs"":0,""bootRecoveryReason"":""none"",""bootRecoveryNonAdsFailure"":false,""bootRecoveryRestartCount"":0},""nulling"":{""done"":false,""retryArmed"":false,""attemptCount"":0,""nextRetryMs"":0,""thresholdV"":9.999999747E-06,""minFinalV"":0},""telemetry"":{""valid"":true,""sampleMs"":6936706,""gasClass"":6,""gasName"":""CO2"",""confidence"":0,""alarm"":false,""sensorVoltage"":[0.126210034,0.004029925,0.00488132,-0.002550828,-0.007434287,-0.011537663,-0.019380203,-0.02503553],""sensorGain"":[16,64,64,64,64,64,64,64],""sensorStatus"":[0,0,0,0,0,0,0,0],""featureOrder"":[""MQ8"",""MQ135"",""MQ3"",""MQ5"",""MQ4"",""MQ7"",""MQ6"",""MQ2""]},""alarmLatched"":false}"
2026-08-04 11:16:41.472 +07:00,560.351,HOT_SWEEP_70,70,700,300,1,0,0.126982123,0.003975467,0.004853359,-0.002558078,-0.007365857,-0.011540813,-0.019375186,-0.02508536,"{""deviceId"":""1001"",""nodeId"":4097,""targetChId"":""0010"",""mode"":""inference"",""uptimeMs"":6937795,""debugEnabled"":true,""power"":{""mode"":""24v"",""externalPower"":true,""batteryMv"":65535,""batteryValid"":false,""batteryDetected"":false,""batterySenseStatus"":""not_detected"",""batteryLow"":false,""batteryCritical"":false,""sourceAmbiguous"":false,""serviceHoldActive"":false,""serviceHoldEffective"":false},""batterySession"":{""state"":""inactive"",""startedMs"":0,""stateStartedMs"":0,""validSampleBatches"":0,""requiredSampleBatches"":10,""alarmTxAttempts"":0,""alarmTxAttemptLimit"":3,""alarmAckReceived"":false,""pendingAlarm"":false,""pendingSaveRequired"":false,""persistenceFaultHold"":false,""completionReason"":""session_done""},""bootHealth"":{""adsReady"":true,""adsDrdyLevel"":0,""adsDrdyPulldownLevel"":0,""adsDrdyPullupLevel"":0,""adsMisoPulldownLevel"":0,""adsMisoPullupLevel"":1,""adsCsLevel"":1,""adsSyncLevel"":1,""adsStatus"":54,""adsMux"":15,""adsAdcon"":6,""adsDrate"":240,""adsReason"":""ok"",""tcaOk"":true,""mcpOkCount"":8,""mcpOk"":[true,true,true,true,true,true,true,true],""mcpAddrMask"":[1,1,1,1,1,1,1,1],""mcpControlTested"":true,""mcpControlOkCount"":8,""mcpControlOk"":[true,true,true,true,true,true,true,true],""dacReady"":true,""radioReady"":true,""mlReady"":true,""nullingProfileApplied"":true,""modelProfileReady"":false},""runtimeMcpCode"":[255,519,795,706,799,865,665,139],""model"":{""profileId"":""cnn-dualbranch-datasheet-v1-unbound"",""scalerProfileId"":""cnn-dualbranch-datasheet-v1-unbound"",""productionApproved"":true,""boundNullingProfileId"":8,""activeNullingProfileId"":9,""bindingValid"":true,""bindingModelMatches"":true,""profileReady"":false,""inferenceValid"":false,""sensorFault"":true},""lora"":{""beginState"":0,""lastTxState"":0,""lastTxOk"":false,""txSeq"":0,""txCounter"":0,""aesKeyProvisioned"":true,""aesKeyPresent"":true,""aesKeySource"":""nvs"",""keyId"":1,""lastDownlinkCommandId"":0,""freqMHz"":920,""bwKHz"":125,""sf"":7,""cr"":5,""syncWord"":18,""txPowerDbm"":17,""preamble"":8,""tcxoVoltage"":1.600000024,""xtalVoltage"":0},""dataset"":{""state"":""idle"",""step"":""idle"",""label"":"""",""seq"":0,""targetSamples"":0,""sampleIntervalMs"":500,""maxDurationMs"":0,""useFanIntake"":true,""fanOnMs"":1000,""postFanSettleMs"":0,""nullingProfileId"":9,""queuePending"":0,""queueCapacity"":16,""queueEnqueued"":0,""queueDropped"":0,""publishFailCount"":0,""retryCount"":0,""retryFailCount"":0,""rejectedSamples"":0,""lastRejectReason"":""none"",""lastRejectChannel"":-1,""lastRejectOkFiniteCount"":0,""lastRejectStatus"":255,""lastRejectGain"":0,""lastRejectSaturated"":false},""recovery"":{""wifiReconnectCount"":0,""wifiReconnectFailCount"":0,""mqttReconnectCount"":0,""mqttConnectFailCount"":0,""lastMqttState"":0,""adsRecoveryCount"":0,""adsRecoveryFailCount"":0,""adsReadFailStreak"":0,""lastReason"":""none"",""lastRecoveryMs"":0,""bootRecoveryArmed"":false,""bootRecoveryDueMs"":0,""bootRecoveryReason"":""none"",""bootRecoveryNonAdsFailure"":false,""bootRecoveryRestartCount"":0},""nulling"":{""done"":false,""retryArmed"":false,""attemptCount"":0,""nextRetryMs"":0,""thresholdV"":9.999999747E-06,""minFinalV"":0},""telemetry"":{""valid"":true,""sampleMs"":6937387,""gasClass"":6,""gasName"":""CO2"",""confidence"":0,""alarm"":false,""sensorVoltage"":[0.126982123,0.003975467,0.004853359,-0.002558078,-0.007365857,-0.011540813,-0.019375186,-0.02508536],""sensorGain"":[16,64,64,64,64,64,64,64],""sensorStatus"":[0,0,0,0,0,0,0,0],""featureOrder"":[""MQ8"",""MQ135"",""MQ3"",""MQ5"",""MQ4"",""MQ7"",""MQ6"",""MQ2""]},""alarmLatched"":false}"
2026-08-04 11:16:42.143 +07:00,561.024,HOT_SWEEP_70,70,700,300,1,0,0.126808852,0.004019714,0.004839039,-0.002560179,-0.00779853,-0.01159408,-0.019344909,-0.025089776,"{""deviceId"":""1001"",""nodeId"":4097,""targetChId"":""0010"",""mode"":""inference"",""uptimeMs"":6938476,""debugEnabled"":true,""power"":{""mode"":""24v"",""externalPower"":true,""batteryMv"":65535,""batteryValid"":false,""batteryDetected"":false,""batterySenseStatus"":""not_detected"",""batteryLow"":false,""batteryCritical"":false,""sourceAmbiguous"":false,""serviceHoldActive"":false,""serviceHoldEffective"":false},""batterySession"":{""state"":""inactive"",""startedMs"":0,""stateStartedMs"":0,""validSampleBatches"":0,""requiredSampleBatches"":10,""alarmTxAttempts"":0,""alarmTxAttemptLimit"":3,""alarmAckReceived"":false,""pendingAlarm"":false,""pendingSaveRequired"":false,""persistenceFaultHold"":false,""completionReason"":""session_done""},""bootHealth"":{""adsReady"":true,""adsDrdyLevel"":0,""adsDrdyPulldownLevel"":0,""adsDrdyPullupLevel"":0,""adsMisoPulldownLevel"":0,""adsMisoPullupLevel"":1,""adsCsLevel"":1,""adsSyncLevel"":1,""adsStatus"":54,""adsMux"":15,""adsAdcon"":6,""adsDrate"":240,""adsReason"":""ok"",""tcaOk"":true,""mcpOkCount"":8,""mcpOk"":[true,true,true,true,true,true,true,true],""mcpAddrMask"":[1,1,1,1,1,1,1,1],""mcpControlTested"":true,""mcpControlOkCount"":8,""mcpControlOk"":[true,true,true,true,true,true,true,true],""dacReady"":true,""radioReady"":true,""mlReady"":true,""nullingProfileApplied"":true,""modelProfileReady"":false},""runtimeMcpCode"":[255,519,795,706,799,865,665,139],""model"":{""profileId"":""cnn-dualbranch-datasheet-v1-unbound"",""scalerProfileId"":""cnn-dualbranch-datasheet-v1-unbound"",""productionApproved"":true,""boundNullingProfileId"":8,""activeNullingProfileId"":9,""bindingValid"":true,""bindingModelMatches"":true,""profileReady"":false,""inferenceValid"":false,""sensorFault"":true},""lora"":{""beginState"":0,""lastTxState"":0,""lastTxOk"":false,""txSeq"":0,""txCounter"":0,""aesKeyProvisioned"":true,""aesKeyPresent"":true,""aesKeySource"":""nvs"",""keyId"":1,""lastDownlinkCommandId"":0,""freqMHz"":920,""bwKHz"":125,""sf"":7,""cr"":5,""syncWord"":18,""txPowerDbm"":17,""preamble"":8,""tcxoVoltage"":1.600000024,""xtalVoltage"":0},""dataset"":{""state"":""idle"",""step"":""idle"",""label"":"""",""seq"":0,""targetSamples"":0,""sampleIntervalMs"":500,""maxDurationMs"":0,""useFanIntake"":true,""fanOnMs"":1000,""postFanSettleMs"":0,""nullingProfileId"":9,""queuePending"":0,""queueCapacity"":16,""queueEnqueued"":0,""queueDropped"":0,""publishFailCount"":0,""retryCount"":0,""retryFailCount"":0,""rejectedSamples"":0,""lastRejectReason"":""none"",""lastRejectChannel"":-1,""lastRejectOkFiniteCount"":0,""lastRejectStatus"":255,""lastRejectGain"":0,""lastRejectSaturated"":false},""recovery"":{""wifiReconnectCount"":0,""wifiReconnectFailCount"":0,""mqttReconnectCount"":0,""mqttConnectFailCount"":0,""lastMqttState"":0,""adsRecoveryCount"":0,""adsRecoveryFailCount"":0,""adsReadFailStreak"":0,""lastReason"":""none"",""lastRecoveryMs"":0,""bootRecoveryArmed"":false,""bootRecoveryDueMs"":0,""bootRecoveryReason"":""none"",""bootRecoveryNonAdsFailure"":false,""bootRecoveryRestartCount"":0},""nulling"":{""done"":false,""retryArmed"":false,""attemptCount"":0,""nextRetryMs"":0,""thresholdV"":9.999999747E-06,""minFinalV"":0},""telemetry"":{""valid"":true,""sampleMs"":6938105,""gasClass"":6,""gasName"":""CO2"",""confidence"":0,""alarm"":false,""sensorVoltage"":[0.126808852,0.004019714,0.004839039,-0.002560179,-0.00779853,-0.01159408,-0.019344909,-0.025089776],""sensorGain"":[16,64,64,64,64,64,64,64],""sensorStatus"":[0,0,0,0,0,0,0,0],""featureOrder"":[""MQ8"",""MQ135"",""MQ3"",""MQ5"",""MQ4"",""MQ7"",""MQ6"",""MQ2""]},""alarmLatched"":false}"
2026-08-04 11:16:42.825 +07:00,561.706,HOT_SWEEP_70,70,700,300,1,0,0.126272604,0.004031251,0.004888556,-0.002561402,-0.007782579,-0.011602012,-0.019392595,-0.025081683,"{""deviceId"":""1001"",""nodeId"":4097,""targetChId"":""0010"",""mode"":""inference"",""uptimeMs"":6939159,""debugEnabled"":true,""power"":{""mode"":""24v"",""externalPower"":true,""batteryMv"":65535,""batteryValid"":false,""batteryDetected"":false,""batterySenseStatus"":""not_detected"",""batteryLow"":false,""batteryCritical"":false,""sourceAmbiguous"":false,""serviceHoldActive"":false,""serviceHoldEffective"":false},""batterySession"":{""state"":""inactive"",""startedMs"":0,""stateStartedMs"":0,""validSampleBatches"":0,""requiredSampleBatches"":10,""alarmTxAttempts"":0,""alarmTxAttemptLimit"":3,""alarmAckReceived"":false,""pendingAlarm"":false,""pendingSaveRequired"":false,""persistenceFaultHold"":false,""completionReason"":""session_done""},""bootHealth"":{""adsReady"":true,""adsDrdyLevel"":0,""adsDrdyPulldownLevel"":0,""adsDrdyPullupLevel"":0,""adsMisoPulldownLevel"":0,""adsMisoPullupLevel"":1,""adsCsLevel"":1,""adsSyncLevel"":1,""adsStatus"":54,""adsMux"":15,""adsAdcon"":6,""adsDrate"":240,""adsReason"":""ok"",""tcaOk"":true,""mcpOkCount"":8,""mcpOk"":[true,true,true,true,true,true,true,true],""mcpAddrMask"":[1,1,1,1,1,1,1,1],""mcpControlTested"":true,""mcpControlOkCount"":8,""mcpControlOk"":[true,true,true,true,true,true,true,true],""dacReady"":true,""radioReady"":true,""mlReady"":true,""nullingProfileApplied"":true,""modelProfileReady"":false},""runtimeMcpCode"":[255,519,795,706,799,865,665,139],""model"":{""profileId"":""cnn-dualbranch-datasheet-v1-unbound"",""scalerProfileId"":""cnn-dualbranch-datasheet-v1-unbound"",""productionApproved"":true,""boundNullingProfileId"":8,""activeNullingProfileId"":9,""bindingValid"":true,""bindingModelMatches"":true,""profileReady"":false,""inferenceValid"":false,""sensorFault"":true},""lora"":{""beginState"":0,""lastTxState"":0,""lastTxOk"":false,""txSeq"":0,""txCounter"":0,""aesKeyProvisioned"":true,""aesKeyPresent"":true,""aesKeySource"":""nvs"",""keyId"":1,""lastDownlinkCommandId"":0,""freqMHz"":920,""bwKHz"":125,""sf"":7,""cr"":5,""syncWord"":18,""txPowerDbm"":17,""preamble"":8,""tcxoVoltage"":1.600000024,""xtalVoltage"":0},""dataset"":{""state"":""idle"",""step"":""idle"",""label"":"""",""seq"":0,""targetSamples"":0,""sampleIntervalMs"":500,""maxDurationMs"":0,""useFanIntake"":true,""fanOnMs"":1000,""postFanSettleMs"":0,""nullingProfileId"":9,""queuePending"":0,""queueCapacity"":16,""queueEnqueued"":0,""queueDropped"":0,""publishFailCount"":0,""retryCount"":0,""retryFailCount"":0,""rejectedSamples"":0,""lastRejectReason"":""none"",""lastRejectChannel"":-1,""lastRejectOkFiniteCount"":0,""lastRejectStatus"":255,""lastRejectGain"":0,""lastRejectSaturated"":false},""recovery"":{""wifiReconnectCount"":0,""wifiReconnectFailCount"":0,""mqttReconnectCount"":0,""mqttConnectFailCount"":0,""lastMqttState"":0,""adsRecoveryCount"":0,""adsRecoveryFailCount"":0,""adsReadFailStreak"":0,""lastReason"":""none"",""lastRecoveryMs"":0,""bootRecoveryArmed"":false,""bootRecoveryDueMs"":0,""bootRecoveryReason"":""none"",""bootRecoveryNonAdsFailure"":false,""bootRecoveryRestartCount"":0},""nulling"":{""done"":false,""retryArmed"":false,""attemptCount"":0,""nextRetryMs"":0,""thresholdV"":9.999999747E-06,""minFinalV"":0},""telemetry"":{""valid"":true,""sampleMs"":6938754,""gasClass"":6,""gasName"":""CO2"",""confidence"":0,""alarm"":false,""sensorVoltage"":[0.126272604,0.004031251,0.004888556,-0.002561402,-0.007782579,-0.011602012,-0.019392595,-0.025081683],""sensorGain"":[16,64,64,64,64,64,64,64],""sensorStatus"":[0,0,0,0,0,0,0,0],""featureOrder"":[""MQ8"",""MQ135"",""MQ3"",""MQ5"",""MQ4"",""MQ7"",""MQ6"",""MQ2""]},""alarmLatched"":false}"
2026-08-04 11:16:43.526 +07:00,562.391,HOT_SWEEP_70,70,700,300,1,0,0.126843005,0.004053819,0.0049324,-0.002553179,-0.007458807,-0.011589855,-0.019423559,-0.025070395,"{""deviceId"":""1001"",""nodeId"":4097,""targetChId"":""0010"",""mode"":""inference"",""uptimeMs"":6939850,""debugEnabled"":true,""power"":{""mode"":""24v"",""externalPower"":true,""batteryMv"":65535,""batteryValid"":false,""batteryDetected"":false,""batterySenseStatus"":""not_detected"",""batteryLow"":false,""batteryCritical"":false,""sourceAmbiguous"":false,""serviceHoldActive"":false,""serviceHoldEffective"":false},""batterySession"":{""state"":""inactive"",""startedMs"":0,""stateStartedMs"":0,""validSampleBatches"":0,""requiredSampleBatches"":10,""alarmTxAttempts"":0,""alarmTxAttemptLimit"":3,""alarmAckReceived"":false,""pendingAlarm"":false,""pendingSaveRequired"":false,""persistenceFaultHold"":false,""completionReason"":""session_done""},""bootHealth"":{""adsReady"":true,""adsDrdyLevel"":0,""adsDrdyPulldownLevel"":0,""adsDrdyPullupLevel"":0,""adsMisoPulldownLevel"":0,""adsMisoPullupLevel"":1,""adsCsLevel"":1,""adsSyncLevel"":1,""adsStatus"":54,""adsMux"":15,""adsAdcon"":6,""adsDrate"":240,""adsReason"":""ok"",""tcaOk"":true,""mcpOkCount"":8,""mcpOk"":[true,true,true,true,true,true,true,true],""mcpAddrMask"":[1,1,1,1,1,1,1,1],""mcpControlTested"":true,""mcpControlOkCount"":8,""mcpControlOk"":[true,true,true,true,true,true,true,true],""dacReady"":true,""radioReady"":true,""mlReady"":true,""nullingProfileApplied"":true,""modelProfileReady"":false},""runtimeMcpCode"":[255,519,795,706,799,865,665,139],""model"":{""profileId"":""cnn-dualbranch-datasheet-v1-unbound"",""scalerProfileId"":""cnn-dualbranch-datasheet-v1-unbound"",""productionApproved"":true,""boundNullingProfileId"":8,""activeNullingProfileId"":9,""bindingValid"":true,""bindingModelMatches"":true,""profileReady"":false,""inferenceValid"":false,""sensorFault"":true},""lora"":{""beginState"":0,""lastTxState"":0,""lastTxOk"":false,""txSeq"":0,""txCounter"":0,""aesKeyProvisioned"":true,""aesKeyPresent"":true,""aesKeySource"":""nvs"",""keyId"":1,""lastDownlinkCommandId"":0,""freqMHz"":920,""bwKHz"":125,""sf"":7,""cr"":5,""syncWord"":18,""txPowerDbm"":17,""preamble"":8,""tcxoVoltage"":1.600000024,""xtalVoltage"":0},""dataset"":{""state"":""idle"",""step"":""idle"",""label"":"""",""seq"":0,""targetSamples"":0,""sampleIntervalMs"":500,""maxDurationMs"":0,""useFanIntake"":true,""fanOnMs"":1000,""postFanSettleMs"":0,""nullingProfileId"":9,""queuePending"":0,""queueCapacity"":16,""queueEnqueued"":0,""queueDropped"":0,""publishFailCount"":0,""retryCount"":0,""retryFailCount"":0,""rejectedSamples"":0,""lastRejectReason"":""none"",""lastRejectChannel"":-1,""lastRejectOkFiniteCount"":0,""lastRejectStatus"":255,""lastRejectGain"":0,""lastRejectSaturated"":false},""recovery"":{""wifiReconnectCount"":0,""wifiReconnectFailCount"":0,""mqttReconnectCount"":0,""mqttConnectFailCount"":0,""lastMqttState"":0,""adsRecoveryCount"":0,""adsRecoveryFailCount"":0,""adsReadFailStreak"":0,""lastReason"":""none"",""lastRecoveryMs"":0,""bootRecoveryArmed"":false,""bootRecoveryDueMs"":0,""bootRecoveryReason"":""none"",""bootRecoveryNonAdsFailure"":false,""bootRecoveryRestartCount"":0},""nulling"":{""done"":false,""retryArmed"":false,""attemptCount"":0,""nextRetryMs"":0,""thresholdV"":9.999999747E-06,""minFinalV"":0},""telemetry"":{""valid"":true,""sampleMs"":6939437,""gasClass"":6,""gasName"":""CO2"",""confidence"":0,""alarm"":false,""sensorVoltage"":[0.126843005,0.004053819,0.0049324,-0.002553179,-0.007458807,-0.011589855,-0.019423559,-0.025070395],""sensorGain"":[16,64,64,64,64,64,64,64],""sensorStatus"":[0,0,0,0,0,0,0,0],""featureOrder"":[""MQ8"",""MQ135"",""MQ3"",""MQ5"",""MQ4"",""MQ7"",""MQ6"",""MQ2""]},""alarmLatched"":false}"
2026-08-04 11:16:44.219 +07:00,563.091,HOT_SWEEP_70,70,700,300,1,0,0.127178952,0.004106555,0.004947289,-0.002555235,-0.007567114,-0.011569698,-0.019439964,-0.025090083,"{""deviceId"":""1001"",""nodeId"":4097,""targetChId"":""0010"",""mode"":""inference"",""uptimeMs"":6940543,""debugEnabled"":true,""power"":{""mode"":""24v"",""externalPower"":true,""batteryMv"":65535,""batteryValid"":false,""batteryDetected"":false,""batterySenseStatus"":""not_detected"",""batteryLow"":false,""batteryCritical"":false,""sourceAmbiguous"":false,""serviceHoldActive"":false,""serviceHoldEffective"":false},""batterySession"":{""state"":""inactive"",""startedMs"":0,""stateStartedMs"":0,""validSampleBatches"":0,""requiredSampleBatches"":10,""alarmTxAttempts"":0,""alarmTxAttemptLimit"":3,""alarmAckReceived"":false,""pendingAlarm"":false,""pendingSaveRequired"":false,""persistenceFaultHold"":false,""completionReason"":""session_done""},""bootHealth"":{""adsReady"":true,""adsDrdyLevel"":0,""adsDrdyPulldownLevel"":0,""adsDrdyPullupLevel"":0,""adsMisoPulldownLevel"":0,""adsMisoPullupLevel"":1,""adsCsLevel"":1,""adsSyncLevel"":1,""adsStatus"":54,""adsMux"":15,""adsAdcon"":6,""adsDrate"":240,""adsReason"":""ok"",""tcaOk"":true,""mcpOkCount"":8,""mcpOk"":[true,true,true,true,true,true,true,true],""mcpAddrMask"":[1,1,1,1,1,1,1,1],""mcpControlTested"":true,""mcpControlOkCount"":8,""mcpControlOk"":[true,true,true,true,true,true,true,true],""dacReady"":true,""radioReady"":true,""mlReady"":true,""nullingProfileApplied"":true,""modelProfileReady"":false},""runtimeMcpCode"":[255,519,795,706,799,865,665,139],""model"":{""profileId"":""cnn-dualbranch-datasheet-v1-unbound"",""scalerProfileId"":""cnn-dualbranch-datasheet-v1-unbound"",""productionApproved"":true,""boundNullingProfileId"":8,""activeNullingProfileId"":9,""bindingValid"":true,""bindingModelMatches"":true,""profileReady"":false,""inferenceValid"":false,""sensorFault"":true},""lora"":{""beginState"":0,""lastTxState"":0,""lastTxOk"":false,""txSeq"":0,""txCounter"":0,""aesKeyProvisioned"":true,""aesKeyPresent"":true,""aesKeySource"":""nvs"",""keyId"":1,""lastDownlinkCommandId"":0,""freqMHz"":920,""bwKHz"":125,""sf"":7,""cr"":5,""syncWord"":18,""txPowerDbm"":17,""preamble"":8,""tcxoVoltage"":1.600000024,""xtalVoltage"":0},""dataset"":{""state"":""idle"",""step"":""idle"",""label"":"""",""seq"":0,""targetSamples"":0,""sampleIntervalMs"":500,""maxDurationMs"":0,""useFanIntake"":true,""fanOnMs"":1000,""postFanSettleMs"":0,""nullingProfileId"":9,""queuePending"":0,""queueCapacity"":16,""queueEnqueued"":0,""queueDropped"":0,""publishFailCount"":0,""retryCount"":0,""retryFailCount"":0,""rejectedSamples"":0,""lastRejectReason"":""none"",""lastRejectChannel"":-1,""lastRejectOkFiniteCount"":0,""lastRejectStatus"":255,""lastRejectGain"":0,""lastRejectSaturated"":false},""recovery"":{""wifiReconnectCount"":0,""wifiReconnectFailCount"":0,""mqttReconnectCount"":0,""mqttConnectFailCount"":0,""lastMqttState"":0,""adsRecoveryCount"":0,""adsRecoveryFailCount"":0,""adsReadFailStreak"":0,""lastReason"":""none"",""lastRecoveryMs"":0,""bootRecoveryArmed"":false,""bootRecoveryDueMs"":0,""bootRecoveryReason"":""none"",""bootRecoveryNonAdsFailure"":false,""bootRecoveryRestartCount"":0},""nulling"":{""done"":false,""retryArmed"":false,""attemptCount"":0,""nextRetryMs"":0,""thresholdV"":9.999999747E-06,""minFinalV"":0},""telemetry"":{""valid"":true,""sampleMs"":6940160,""gasClass"":6,""gasName"":""CO2"",""confidence"":0,""alarm"":false,""sensorVoltage"":[0.127178952,0.004106555,0.004947289,-0.002555235,-0.007567114,-0.011569698,-0.019439964,-0.025090083],""sensorGain"":[16,64,64,64,64,64,64,64],""sensorStatus"":[0,0,0,0,0,0,0,0],""featureOrder"":[""MQ8"",""MQ135"",""MQ3"",""MQ5"",""MQ4"",""MQ7"",""MQ6"",""MQ2""]},""alarmLatched"":false}"
2026-08-04 11:16:44.899 +07:00,563.778,HOT_SWEEP_70,70,700,300,1,0,0.126683742,0.004093836,0.004924943,-0.002565917,-0.006986761,-0.011596845,-0.019499758,-0.025482768,"{""deviceId"":""1001"",""nodeId"":4097,""targetChId"":""0010"",""mode"":""inference"",""uptimeMs"":6941221,""debugEnabled"":true,""power"":{""mode"":""24v"",""externalPower"":true,""batteryMv"":65535,""batteryValid"":false,""batteryDetected"":false,""batterySenseStatus"":""not_detected"",""batteryLow"":false,""batteryCritical"":false,""sourceAmbiguous"":false,""serviceHoldActive"":false,""serviceHoldEffective"":false},""batterySession"":{""state"":""inactive"",""startedMs"":0,""stateStartedMs"":0,""validSampleBatches"":0,""requiredSampleBatches"":10,""alarmTxAttempts"":0,""alarmTxAttemptLimit"":3,""alarmAckReceived"":false,""pendingAlarm"":false,""pendingSaveRequired"":false,""persistenceFaultHold"":false,""completionReason"":""session_done""},""bootHealth"":{""adsReady"":true,""adsDrdyLevel"":0,""adsDrdyPulldownLevel"":0,""adsDrdyPullupLevel"":0,""adsMisoPulldownLevel"":0,""adsMisoPullupLevel"":1,""adsCsLevel"":1,""adsSyncLevel"":1,""adsStatus"":54,""adsMux"":15,""adsAdcon"":6,""adsDrate"":240,""adsReason"":""ok"",""tcaOk"":true,""mcpOkCount"":8,""mcpOk"":[true,true,true,true,true,true,true,true],""mcpAddrMask"":[1,1,1,1,1,1,1,1],""mcpControlTested"":true,""mcpControlOkCount"":8,""mcpControlOk"":[true,true,true,true,true,true,true,true],""dacReady"":true,""radioReady"":true,""mlReady"":true,""nullingProfileApplied"":true,""modelProfileReady"":false},""runtimeMcpCode"":[255,519,795,706,799,865,665,139],""model"":{""profileId"":""cnn-dualbranch-datasheet-v1-unbound"",""scalerProfileId"":""cnn-dualbranch-datasheet-v1-unbound"",""productionApproved"":true,""boundNullingProfileId"":8,""activeNullingProfileId"":9,""bindingValid"":true,""bindingModelMatches"":true,""profileReady"":false,""inferenceValid"":false,""sensorFault"":true},""lora"":{""beginState"":0,""lastTxState"":0,""lastTxOk"":false,""txSeq"":0,""txCounter"":0,""aesKeyProvisioned"":true,""aesKeyPresent"":true,""aesKeySource"":""nvs"",""keyId"":1,""lastDownlinkCommandId"":0,""freqMHz"":920,""bwKHz"":125,""sf"":7,""cr"":5,""syncWord"":18,""txPowerDbm"":17,""preamble"":8,""tcxoVoltage"":1.600000024,""xtalVoltage"":0},""dataset"":{""state"":""idle"",""step"":""idle"",""label"":"""",""seq"":0,""targetSamples"":0,""sampleIntervalMs"":500,""maxDurationMs"":0,""useFanIntake"":true,""fanOnMs"":1000,""postFanSettleMs"":0,""nullingProfileId"":9,""queuePending"":0,""queueCapacity"":16,""queueEnqueued"":0,""queueDropped"":0,""publishFailCount"":0,""retryCount"":0,""retryFailCount"":0,""rejectedSamples"":0,""lastRejectReason"":""none"",""lastRejectChannel"":-1,""lastRejectOkFiniteCount"":0,""lastRejectStatus"":255,""lastRejectGain"":0,""lastRejectSaturated"":false},""recovery"":{""wifiReconnectCount"":0,""wifiReconnectFailCount"":0,""mqttReconnectCount"":0,""mqttConnectFailCount"":0,""lastMqttState"":0,""adsRecoveryCount"":0,""adsRecoveryFailCount"":0,""adsReadFailStreak"":0,""lastReason"":""none"",""lastRecoveryMs"":0,""bootRecoveryArmed"":false,""bootRecoveryDueMs"":0,""bootRecoveryReason"":""none"",""bootRecoveryNonAdsFailure"":false,""bootRecoveryRestartCount"":0},""nulling"":{""done"":false,""retryArmed"":false,""attemptCount"":0,""nextRetryMs"":0,""thresholdV"":9.999999747E-06,""minFinalV"":0},""telemetry"":{""valid"":true,""sampleMs"":6940821,""gasClass"":6,""gasName"":""CO2"",""confidence"":0,""alarm"":false,""sensorVoltage"":[0.126683742,0.004093836,0.004924943,-0.002565917,-0.006986761,-0.011596845,-0.019499758,-0.025482768],""sensorGain"":[16,64,64,64,64,64,64,64],""sensorStatus"":[0,0,0,0,0,0,0,0],""featureOrder"":[""MQ8"",""MQ135"",""MQ3"",""MQ5"",""MQ4"",""MQ7"",""MQ6"",""MQ2""]},""alarmLatched"":false}"
2026-08-04 11:16:45.630 +07:00,564.509,HOT_SWEEP_70,70,700,300,1,0,0.126776487,0.00408249,0.004909198,-0.002570133,-0.007456788,-0.011569444,-0.019532053,-0.025473496,"{""deviceId"":""1001"",""nodeId"":4097,""targetChId"":""0010"",""mode"":""inference"",""uptimeMs"":6941949,""debugEnabled"":true,""power"":{""mode"":""24v"",""externalPower"":true,""batteryMv"":65535,""batteryValid"":false,""batteryDetected"":false,""batterySenseStatus"":""not_detected"",""batteryLow"":false,""batteryCritical"":false,""sourceAmbiguous"":false,""serviceHoldActive"":false,""serviceHoldEffective"":false},""batterySession"":{""state"":""inactive"",""startedMs"":0,""stateStartedMs"":0,""validSampleBatches"":0,""requiredSampleBatches"":10,""alarmTxAttempts"":0,""alarmTxAttemptLimit"":3,""alarmAckReceived"":false,""pendingAlarm"":false,""pendingSaveRequired"":false,""persistenceFaultHold"":false,""completionReason"":""session_done""},""bootHealth"":{""adsReady"":true,""adsDrdyLevel"":0,""adsDrdyPulldownLevel"":0,""adsDrdyPullupLevel"":0,""adsMisoPulldownLevel"":0,""adsMisoPullupLevel"":1,""adsCsLevel"":1,""adsSyncLevel"":1,""adsStatus"":54,""adsMux"":15,""adsAdcon"":6,""adsDrate"":240,""adsReason"":""ok"",""tcaOk"":true,""mcpOkCount"":8,""mcpOk"":[true,true,true,true,true,true,true,true],""mcpAddrMask"":[1,1,1,1,1,1,1,1],""mcpControlTested"":true,""mcpControlOkCount"":8,""mcpControlOk"":[true,true,true,true,true,true,true,true],""dacReady"":true,""radioReady"":true,""mlReady"":true,""nullingProfileApplied"":true,""modelProfileReady"":false},""runtimeMcpCode"":[255,519,795,706,799,865,665,139],""model"":{""profileId"":""cnn-dualbranch-datasheet-v1-unbound"",""scalerProfileId"":""cnn-dualbranch-datasheet-v1-unbound"",""productionApproved"":true,""boundNullingProfileId"":8,""activeNullingProfileId"":9,""bindingValid"":true,""bindingModelMatches"":true,""profileReady"":false,""inferenceValid"":false,""sensorFault"":true},""lora"":{""beginState"":0,""lastTxState"":0,""lastTxOk"":false,""txSeq"":0,""txCounter"":0,""aesKeyProvisioned"":true,""aesKeyPresent"":true,""aesKeySource"":""nvs"",""keyId"":1,""lastDownlinkCommandId"":0,""freqMHz"":920,""bwKHz"":125,""sf"":7,""cr"":5,""syncWord"":18,""txPowerDbm"":17,""preamble"":8,""tcxoVoltage"":1.600000024,""xtalVoltage"":0},""dataset"":{""state"":""idle"",""step"":""idle"",""label"":"""",""seq"":0,""targetSamples"":0,""sampleIntervalMs"":500,""maxDurationMs"":0,""useFanIntake"":true,""fanOnMs"":1000,""postFanSettleMs"":0,""nullingProfileId"":9,""queuePending"":0,""queueCapacity"":16,""queueEnqueued"":0,""queueDropped"":0,""publishFailCount"":0,""retryCount"":0,""retryFailCount"":0,""rejectedSamples"":0,""lastRejectReason"":""none"",""lastRejectChannel"":-1,""lastRejectOkFiniteCount"":0,""lastRejectStatus"":255,""lastRejectGain"":0,""lastRejectSaturated"":false},""recovery"":{""wifiReconnectCount"":0,""wifiReconnectFailCount"":0,""mqttReconnectCount"":0,""mqttConnectFailCount"":0,""lastMqttState"":0,""adsRecoveryCount"":0,""adsRecoveryFailCount"":0,""adsReadFailStreak"":0,""lastReason"":""none"",""lastRecoveryMs"":0,""bootRecoveryArmed"":false,""bootRecoveryDueMs"":0,""bootRecoveryReason"":""none"",""bootRecoveryNonAdsFailure"":false,""bootRecoveryRestartCount"":0},""nulling"":{""done"":false,""retryArmed"":false,""attemptCount"":0,""nextRetryMs"":0,""thresholdV"":9.999999747E-06,""minFinalV"":0},""telemetry"":{""valid"":true,""sampleMs"":6941499,""gasClass"":6,""gasName"":""CO2"",""confidence"":0,""alarm"":false,""sensorVoltage"":[0.126776487,0.00408249,0.004909198,-0.002570133,-0.007456788,-0.011569444,-0.019532053,-0.025473496],""sensorGain"":[16,64,64,64,64,64,64,64],""sensorStatus"":[0,0,0,0,0,0,0,0],""featureOrder"":[""MQ8"",""MQ135"",""MQ3"",""MQ5"",""MQ4"",""MQ7"",""MQ6"",""MQ2""]},""alarmLatched"":false}"
2026-08-04 11:16:46.311 +07:00,565.192,HOT_SWEEP_70,70,700,300,1,0,0.127208069,0.004090794,0.00491092,-0.002579781,-0.007309321,-0.011357749,-0.019161662,-0.025419321,"{""deviceId"":""1001"",""nodeId"":4097,""targetChId"":""0010"",""mode"":""inference"",""uptimeMs"":6942642,""debugEnabled"":true,""power"":{""mode"":""24v"",""externalPower"":true,""batteryMv"":65535,""batteryValid"":false,""batteryDetected"":false,""batterySenseStatus"":""not_detected"",""batteryLow"":false,""batteryCritical"":false,""sourceAmbiguous"":false,""serviceHoldActive"":false,""serviceHoldEffective"":false},""batterySession"":{""state"":""inactive"",""startedMs"":0,""stateStartedMs"":0,""validSampleBatches"":0,""requiredSampleBatches"":10,""alarmTxAttempts"":0,""alarmTxAttemptLimit"":3,""alarmAckReceived"":false,""pendingAlarm"":false,""pendingSaveRequired"":false,""persistenceFaultHold"":false,""completionReason"":""session_done""},""bootHealth"":{""adsReady"":true,""adsDrdyLevel"":0,""adsDrdyPulldownLevel"":0,""adsDrdyPullupLevel"":0,""adsMisoPulldownLevel"":0,""adsMisoPullupLevel"":1,""adsCsLevel"":1,""adsSyncLevel"":1,""adsStatus"":54,""adsMux"":15,""adsAdcon"":6,""adsDrate"":240,""adsReason"":""ok"",""tcaOk"":true,""mcpOkCount"":8,""mcpOk"":[true,true,true,true,true,true,true,true],""mcpAddrMask"":[1,1,1,1,1,1,1,1],""mcpControlTested"":true,""mcpControlOkCount"":8,""mcpControlOk"":[true,true,true,true,true,true,true,true],""dacReady"":true,""radioReady"":true,""mlReady"":true,""nullingProfileApplied"":true,""modelProfileReady"":false},""runtimeMcpCode"":[255,519,795,706,799,865,665,139],""model"":{""profileId"":""cnn-dualbranch-datasheet-v1-unbound"",""scalerProfileId"":""cnn-dualbranch-datasheet-v1-unbound"",""productionApproved"":true,""boundNullingProfileId"":8,""activeNullingProfileId"":9,""bindingValid"":true,""bindingModelMatches"":true,""profileReady"":false,""inferenceValid"":false,""sensorFault"":true},""lora"":{""beginState"":0,""lastTxState"":0,""lastTxOk"":false,""txSeq"":0,""txCounter"":0,""aesKeyProvisioned"":true,""aesKeyPresent"":true,""aesKeySource"":""nvs"",""keyId"":1,""lastDownlinkCommandId"":0,""freqMHz"":920,""bwKHz"":125,""sf"":7,""cr"":5,""syncWord"":18,""txPowerDbm"":17,""preamble"":8,""tcxoVoltage"":1.600000024,""xtalVoltage"":0},""dataset"":{""state"":""idle"",""step"":""idle"",""label"":"""",""seq"":0,""targetSamples"":0,""sampleIntervalMs"":500,""maxDurationMs"":0,""useFanIntake"":true,""fanOnMs"":1000,""postFanSettleMs"":0,""nullingProfileId"":9,""queuePending"":0,""queueCapacity"":16,""queueEnqueued"":0,""queueDropped"":0,""publishFailCount"":0,""retryCount"":0,""retryFailCount"":0,""rejectedSamples"":0,""lastRejectReason"":""none"",""lastRejectChannel"":-1,""lastRejectOkFiniteCount"":0,""lastRejectStatus"":255,""lastRejectGain"":0,""lastRejectSaturated"":false},""recovery"":{""wifiReconnectCount"":0,""wifiReconnectFailCount"":0,""mqttReconnectCount"":0,""mqttConnectFailCount"":0,""lastMqttState"":0,""adsRecoveryCount"":0,""adsRecoveryFailCount"":0,""adsReadFailStreak"":0,""lastReason"":""none"",""lastRecoveryMs"":0,""bootRecoveryArmed"":false,""bootRecoveryDueMs"":0,""bootRecoveryReason"":""none"",""bootRecoveryNonAdsFailure"":false,""bootRecoveryRestartCount"":0},""nulling"":{""done"":false,""retryArmed"":false,""attemptCount"":0,""nextRetryMs"":0,""thresholdV"":9.999999747E-06,""minFinalV"":0},""telemetry"":{""valid"":true,""sampleMs"":6942259,""gasClass"":6,""gasName"":""CO2"",""confidence"":0,""alarm"":false,""sensorVoltage"":[0.127208069,0.004090794,0.00491092,-0.002579781,-0.007309321,-0.011357749,-0.019161662,-0.025419321],""sensorGain"":[16,64,64,64,64,64,64,64],""sensorStatus"":[0,0,0,0,0,0,0,0],""featureOrder"":[""MQ8"",""MQ135"",""MQ3"",""MQ5"",""MQ4"",""MQ7"",""MQ6"",""MQ2""]},""alarmLatched"":false}"
2026-08-04 11:16:46.990 +07:00,565.871,HOT_SWEEP_70,70,700,300,1,0,0.126761034,0.004020953,0.004879989,-0.002634976,-0.007548989,-0.011648056,-0.019530589,-0.025893565,"{""deviceId"":""1001"",""nodeId"":4097,""targetChId"":""0010"",""mode"":""inference"",""uptimeMs"":6943321,""debugEnabled"":true,""power"":{""mode"":""24v"",""externalPower"":true,""batteryMv"":65535,""batteryValid"":false,""batteryDetected"":false,""batterySenseStatus"":""not_detected"",""batteryLow"":false,""batteryCritical"":false,""sourceAmbiguous"":false,""serviceHoldActive"":false,""serviceHoldEffective"":false},""batterySession"":{""state"":""inactive"",""startedMs"":0,""stateStartedMs"":0,""validSampleBatches"":0,""requiredSampleBatches"":10,""alarmTxAttempts"":0,""alarmTxAttemptLimit"":3,""alarmAckReceived"":false,""pendingAlarm"":false,""pendingSaveRequired"":false,""persistenceFaultHold"":false,""completionReason"":""session_done""},""bootHealth"":{""adsReady"":true,""adsDrdyLevel"":0,""adsDrdyPulldownLevel"":0,""adsDrdyPullupLevel"":0,""adsMisoPulldownLevel"":0,""adsMisoPullupLevel"":1,""adsCsLevel"":1,""adsSyncLevel"":1,""adsStatus"":54,""adsMux"":15,""adsAdcon"":6,""adsDrate"":240,""adsReason"":""ok"",""tcaOk"":true,""mcpOkCount"":8,""mcpOk"":[true,true,true,true,true,true,true,true],""mcpAddrMask"":[1,1,1,1,1,1,1,1],""mcpControlTested"":true,""mcpControlOkCount"":8,""mcpControlOk"":[true,true,true,true,true,true,true,true],""dacReady"":true,""radioReady"":true,""mlReady"":true,""nullingProfileApplied"":true,""modelProfileReady"":false},""runtimeMcpCode"":[255,519,795,706,799,865,665,139],""model"":{""profileId"":""cnn-dualbranch-datasheet-v1-unbound"",""scalerProfileId"":""cnn-dualbranch-datasheet-v1-unbound"",""productionApproved"":true,""boundNullingProfileId"":8,""activeNullingProfileId"":9,""bindingValid"":true,""bindingModelMatches"":true,""profileReady"":false,""inferenceValid"":false,""sensorFault"":true},""lora"":{""beginState"":0,""lastTxState"":0,""lastTxOk"":false,""txSeq"":0,""txCounter"":0,""aesKeyProvisioned"":true,""aesKeyPresent"":true,""aesKeySource"":""nvs"",""keyId"":1,""lastDownlinkCommandId"":0,""freqMHz"":920,""bwKHz"":125,""sf"":7,""cr"":5,""syncWord"":18,""txPowerDbm"":17,""preamble"":8,""tcxoVoltage"":1.600000024,""xtalVoltage"":0},""dataset"":{""state"":""idle"",""step"":""idle"",""label"":"""",""seq"":0,""targetSamples"":0,""sampleIntervalMs"":500,""maxDurationMs"":0,""useFanIntake"":true,""fanOnMs"":1000,""postFanSettleMs"":0,""nullingProfileId"":9,""queuePending"":0,""queueCapacity"":16,""queueEnqueued"":0,""queueDropped"":0,""publishFailCount"":0,""retryCount"":0,""retryFailCount"":0,""rejectedSamples"":0,""lastRejectReason"":""none"",""lastRejectChannel"":-1,""lastRejectOkFiniteCount"":0,""lastRejectStatus"":255,""lastRejectGain"":0,""lastRejectSaturated"":false},""recovery"":{""wifiReconnectCount"":0,""wifiReconnectFailCount"":0,""mqttReconnectCount"":0,""mqttConnectFailCount"":0,""lastMqttState"":0,""adsRecoveryCount"":0,""adsRecoveryFailCount"":0,""adsReadFailStreak"":0,""lastReason"":""none"",""lastRecoveryMs"":0,""bootRecoveryArmed"":false,""bootRecoveryDueMs"":0,""bootRecoveryReason"":""none"",""bootRecoveryNonAdsFailure"":false,""bootRecoveryRestartCount"":0},""nulling"":{""done"":false,""retryArmed"":false,""attemptCount"":0,""nextRetryMs"":0,""thresholdV"":9.999999747E-06,""minFinalV"":0},""telemetry"":{""valid"":true,""sampleMs"":6942920,""gasClass"":6,""gasName"":""CO2"",""confidence"":0,""alarm"":false,""sensorVoltage"":[0.126761034,0.004020953,0.004879989,-0.002634976,-0.007548989,-0.011648056,-0.019530589,-0.025893565],""sensorGain"":[16,64,64,64,64,64,64,64],""sensorStatus"":[0,0,0,0,0,0,0,0],""featureOrder"":[""MQ8"",""MQ135"",""MQ3"",""MQ5"",""MQ4"",""MQ7"",""MQ6"",""MQ2""]},""alarmLatched"":false}"
2026-08-04 11:16:47.678 +07:00,566.559,HOT_SWEEP_70,70,700,300,1,0,0.126554757,0.004012133,0.004806603,-0.002602062,-0.007524607,-0.011627118,-0.019555032,-0.02582106,"{""deviceId"":""1001"",""nodeId"":4097,""targetChId"":""0010"",""mode"":""inference"",""uptimeMs"":6944007,""debugEnabled"":true,""power"":{""mode"":""24v"",""externalPower"":true,""batteryMv"":65535,""batteryValid"":false,""batteryDetected"":false,""batterySenseStatus"":""not_detected"",""batteryLow"":false,""batteryCritical"":false,""sourceAmbiguous"":false,""serviceHoldActive"":false,""serviceHoldEffective"":false},""batterySession"":{""state"":""inactive"",""startedMs"":0,""stateStartedMs"":0,""validSampleBatches"":0,""requiredSampleBatches"":10,""alarmTxAttempts"":0,""alarmTxAttemptLimit"":3,""alarmAckReceived"":false,""pendingAlarm"":false,""pendingSaveRequired"":false,""persistenceFaultHold"":false,""completionReason"":""session_done""},""bootHealth"":{""adsReady"":true,""adsDrdyLevel"":0,""adsDrdyPulldownLevel"":0,""adsDrdyPullupLevel"":0,""adsMisoPulldownLevel"":0,""adsMisoPullupLevel"":1,""adsCsLevel"":1,""adsSyncLevel"":1,""adsStatus"":54,""adsMux"":15,""adsAdcon"":6,""adsDrate"":240,""adsReason"":""ok"",""tcaOk"":true,""mcpOkCount"":8,""mcpOk"":[true,true,true,true,true,true,true,true],""mcpAddrMask"":[1,1,1,1,1,1,1,1],""mcpControlTested"":true,""mcpControlOkCount"":8,""mcpControlOk"":[true,true,true,true,true,true,true,true],""dacReady"":true,""radioReady"":true,""mlReady"":true,""nullingProfileApplied"":true,""modelProfileReady"":false},""runtimeMcpCode"":[255,519,795,706,799,865,665,139],""model"":{""profileId"":""cnn-dualbranch-datasheet-v1-unbound"",""scalerProfileId"":""cnn-dualbranch-datasheet-v1-unbound"",""productionApproved"":true,""boundNullingProfileId"":8,""activeNullingProfileId"":9,""bindingValid"":true,""bindingModelMatches"":true,""profileReady"":false,""inferenceValid"":false,""sensorFault"":true},""lora"":{""beginState"":0,""lastTxState"":0,""lastTxOk"":false,""txSeq"":0,""txCounter"":0,""aesKeyProvisioned"":true,""aesKeyPresent"":true,""aesKeySource"":""nvs"",""keyId"":1,""lastDownlinkCommandId"":0,""freqMHz"":920,""bwKHz"":125,""sf"":7,""cr"":5,""syncWord"":18,""txPowerDbm"":17,""preamble"":8,""tcxoVoltage"":1.600000024,""xtalVoltage"":0},""dataset"":{""state"":""idle"",""step"":""idle"",""label"":"""",""seq"":0,""targetSamples"":0,""sampleIntervalMs"":500,""maxDurationMs"":0,""useFanIntake"":true,""fanOnMs"":1000,""postFanSettleMs"":0,""nullingProfileId"":9,""queuePending"":0,""queueCapacity"":16,""queueEnqueued"":0,""queueDropped"":0,""publishFailCount"":0,""retryCount"":0,""retryFailCount"":0,""rejectedSamples"":0,""lastRejectReason"":""none"",""lastRejectChannel"":-1,""lastRejectOkFiniteCount"":0,""lastRejectStatus"":255,""lastRejectGain"":0,""lastRejectSaturated"":false},""recovery"":{""wifiReconnectCount"":0,""wifiReconnectFailCount"":0,""mqttReconnectCount"":0,""mqttConnectFailCount"":0,""lastMqttState"":0,""adsRecoveryCount"":0,""adsRecoveryFailCount"":0,""adsReadFailStreak"":0,""lastReason"":""none"",""lastRecoveryMs"":0,""bootRecoveryArmed"":false,""bootRecoveryDueMs"":0,""bootRecoveryReason"":""none"",""bootRecoveryNonAdsFailure"":false,""bootRecoveryRestartCount"":0},""nulling"":{""done"":false,""retryArmed"":false,""attemptCount"":0,""nextRetryMs"":0,""thresholdV"":9.999999747E-06,""minFinalV"":0},""telemetry"":{""valid"":true,""sampleMs"":6943599,""gasClass"":6,""gasName"":""CO2"",""confidence"":0,""alarm"":false,""sensorVoltage"":[0.126554757,0.004012133,0.004806603,-0.002602062,-0.007524607,-0.011627118,-0.019555032,-0.02582106],""sensorGain"":[16,64,64,64,64,64,64,64],""sensorStatus"":[0,0,0,0,0,0,0,0],""featureOrder"":[""MQ8"",""MQ135"",""MQ3"",""MQ5"",""MQ4"",""MQ7"",""MQ6"",""MQ2""]},""alarmLatched"":false}"
2026-08-04 11:16:48.357 +07:00,567.238,HOT_SWEEP_70,70,700,300,1,0,0.127018064,0.003957991,0.004771084,-0.002589537,-0.007984621,-0.011622751,-0.019594889,-0.025752192,"{""deviceId"":""1001"",""nodeId"":4097,""targetChId"":""0010"",""mode"":""inference"",""uptimeMs"":6944690,""debugEnabled"":true,""power"":{""mode"":""24v"",""externalPower"":true,""batteryMv"":65535,""batteryValid"":false,""batteryDetected"":false,""batterySenseStatus"":""not_detected"",""batteryLow"":false,""batteryCritical"":false,""sourceAmbiguous"":false,""serviceHoldActive"":false,""serviceHoldEffective"":false},""batterySession"":{""state"":""inactive"",""startedMs"":0,""stateStartedMs"":0,""validSampleBatches"":0,""requiredSampleBatches"":10,""alarmTxAttempts"":0,""alarmTxAttemptLimit"":3,""alarmAckReceived"":false,""pendingAlarm"":false,""pendingSaveRequired"":false,""persistenceFaultHold"":false,""completionReason"":""session_done""},""bootHealth"":{""adsReady"":true,""adsDrdyLevel"":0,""adsDrdyPulldownLevel"":0,""adsDrdyPullupLevel"":0,""adsMisoPulldownLevel"":0,""adsMisoPullupLevel"":1,""adsCsLevel"":1,""adsSyncLevel"":1,""adsStatus"":54,""adsMux"":15,""adsAdcon"":6,""adsDrate"":240,""adsReason"":""ok"",""tcaOk"":true,""mcpOkCount"":8,""mcpOk"":[true,true,true,true,true,true,true,true],""mcpAddrMask"":[1,1,1,1,1,1,1,1],""mcpControlTested"":true,""mcpControlOkCount"":8,""mcpControlOk"":[true,true,true,true,true,true,true,true],""dacReady"":true,""radioReady"":true,""mlReady"":true,""nullingProfileApplied"":true,""modelProfileReady"":false},""runtimeMcpCode"":[255,519,795,706,799,865,665,139],""model"":{""profileId"":""cnn-dualbranch-datasheet-v1-unbound"",""scalerProfileId"":""cnn-dualbranch-datasheet-v1-unbound"",""productionApproved"":true,""boundNullingProfileId"":8,""activeNullingProfileId"":9,""bindingValid"":true,""bindingModelMatches"":true,""profileReady"":false,""inferenceValid"":false,""sensorFault"":true},""lora"":{""beginState"":0,""lastTxState"":0,""lastTxOk"":false,""txSeq"":0,""txCounter"":0,""aesKeyProvisioned"":true,""aesKeyPresent"":true,""aesKeySource"":""nvs"",""keyId"":1,""lastDownlinkCommandId"":0,""freqMHz"":920,""bwKHz"":125,""sf"":7,""cr"":5,""syncWord"":18,""txPowerDbm"":17,""preamble"":8,""tcxoVoltage"":1.600000024,""xtalVoltage"":0},""dataset"":{""state"":""idle"",""step"":""idle"",""label"":"""",""seq"":0,""targetSamples"":0,""sampleIntervalMs"":500,""maxDurationMs"":0,""useFanIntake"":true,""fanOnMs"":1000,""postFanSettleMs"":0,""nullingProfileId"":9,""queuePending"":0,""queueCapacity"":16,""queueEnqueued"":0,""queueDropped"":0,""publishFailCount"":0,""retryCount"":0,""retryFailCount"":0,""rejectedSamples"":0,""lastRejectReason"":""none"",""lastRejectChannel"":-1,""lastRejectOkFiniteCount"":0,""lastRejectStatus"":255,""lastRejectGain"":0,""lastRejectSaturated"":false},""recovery"":{""wifiReconnectCount"":0,""wifiReconnectFailCount"":0,""mqttReconnectCount"":0,""mqttConnectFailCount"":0,""lastMqttState"":0,""adsRecoveryCount"":0,""adsRecoveryFailCount"":0,""adsReadFailStreak"":0,""lastReason"":""none"",""lastRecoveryMs"":0,""bootRecoveryArmed"":false,""bootRecoveryDueMs"":0,""bootRecoveryReason"":""none"",""bootRecoveryNonAdsFailure"":false,""bootRecoveryRestartCount"":0},""nulling"":{""done"":false,""retryArmed"":false,""attemptCount"":0,""nextRetryMs"":0,""thresholdV"":9.999999747E-06,""minFinalV"":0},""telemetry"":{""valid"":true,""sampleMs"":6944317,""gasClass"":6,""gasName"":""CO2"",""confidence"":0,""alarm"":false,""sensorVoltage"":[0.127018064,0.003957991,0.004771084,-0.002589537,-0.007984621,-0.011622751,-0.019594889,-0.025752192],""sensorGain"":[16,64,64,64,64,64,64,64],""sensorStatus"":[0,0,0,0,0,0,0,0],""featureOrder"":[""MQ8"",""MQ135"",""MQ3"",""MQ5"",""MQ4"",""MQ7"",""MQ6"",""MQ2""]},""alarmLatched"":false}"
2026-08-04 11:16:49.041 +07:00,567.922,HOT_SWEEP_70,70,700,300,1,0,0.126523748,0.003955592,0.004827758,-0.002601444,-0.007848749,-0.011899795,-0.019967502,-0.02574324,"{""deviceId"":""1001"",""nodeId"":4097,""targetChId"":""0010"",""mode"":""inference"",""uptimeMs"":6945372,""debugEnabled"":true,""power"":{""mode"":""24v"",""externalPower"":true,""batteryMv"":65535,""batteryValid"":false,""batteryDetected"":false,""batterySenseStatus"":""not_detected"",""batteryLow"":false,""batteryCritical"":false,""sourceAmbiguous"":false,""serviceHoldActive"":false,""serviceHoldEffective"":false},""batterySession"":{""state"":""inactive"",""startedMs"":0,""stateStartedMs"":0,""validSampleBatches"":0,""requiredSampleBatches"":10,""alarmTxAttempts"":0,""alarmTxAttemptLimit"":3,""alarmAckReceived"":false,""pendingAlarm"":false,""pendingSaveRequired"":false,""persistenceFaultHold"":false,""completionReason"":""session_done""},""bootHealth"":{""adsReady"":true,""adsDrdyLevel"":0,""adsDrdyPulldownLevel"":0,""adsDrdyPullupLevel"":0,""adsMisoPulldownLevel"":0,""adsMisoPullupLevel"":1,""adsCsLevel"":1,""adsSyncLevel"":1,""adsStatus"":54,""adsMux"":15,""adsAdcon"":6,""adsDrate"":240,""adsReason"":""ok"",""tcaOk"":true,""mcpOkCount"":8,""mcpOk"":[true,true,true,true,true,true,true,true],""mcpAddrMask"":[1,1,1,1,1,1,1,1],""mcpControlTested"":true,""mcpControlOkCount"":8,""mcpControlOk"":[true,true,true,true,true,true,true,true],""dacReady"":true,""radioReady"":true,""mlReady"":true,""nullingProfileApplied"":true,""modelProfileReady"":false},""runtimeMcpCode"":[255,519,795,706,799,865,665,139],""model"":{""profileId"":""cnn-dualbranch-datasheet-v1-unbound"",""scalerProfileId"":""cnn-dualbranch-datasheet-v1-unbound"",""productionApproved"":true,""boundNullingProfileId"":8,""activeNullingProfileId"":9,""bindingValid"":true,""bindingModelMatches"":true,""profileReady"":false,""inferenceValid"":false,""sensorFault"":true},""lora"":{""beginState"":0,""lastTxState"":0,""lastTxOk"":false,""txSeq"":0,""txCounter"":0,""aesKeyProvisioned"":true,""aesKeyPresent"":true,""aesKeySource"":""nvs"",""keyId"":1,""lastDownlinkCommandId"":0,""freqMHz"":920,""bwKHz"":125,""sf"":7,""cr"":5,""syncWord"":18,""txPowerDbm"":17,""preamble"":8,""tcxoVoltage"":1.600000024,""xtalVoltage"":0},""dataset"":{""state"":""idle"",""step"":""idle"",""label"":"""",""seq"":0,""targetSamples"":0,""sampleIntervalMs"":500,""maxDurationMs"":0,""useFanIntake"":true,""fanOnMs"":1000,""postFanSettleMs"":0,""nullingProfileId"":9,""queuePending"":0,""queueCapacity"":16,""queueEnqueued"":0,""queueDropped"":0,""publishFailCount"":0,""retryCount"":0,""retryFailCount"":0,""rejectedSamples"":0,""lastRejectReason"":""none"",""lastRejectChannel"":-1,""lastRejectOkFiniteCount"":0,""lastRejectStatus"":255,""lastRejectGain"":0,""lastRejectSaturated"":false},""recovery"":{""wifiReconnectCount"":0,""wifiReconnectFailCount"":0,""mqttReconnectCount"":0,""mqttConnectFailCount"":0,""lastMqttState"":0,""adsRecoveryCount"":0,""adsRecoveryFailCount"":0,""adsReadFailStreak"":0,""lastReason"":""none"",""lastRecoveryMs"":0,""bootRecoveryArmed"":false,""bootRecoveryDueMs"":0,""bootRecoveryReason"":""none"",""bootRecoveryNonAdsFailure"":false,""bootRecoveryRestartCount"":0},""nulling"":{""done"":false,""retryArmed"":false,""attemptCount"":0,""nextRetryMs"":0,""thresholdV"":9.999999747E-06,""minFinalV"":0},""telemetry"":{""valid"":true,""sampleMs"":6944968,""gasClass"":6,""gasName"":""CO2"",""confidence"":0,""alarm"":false,""sensorVoltage"":[0.126523748,0.003955592,0.004827758,-0.002601444,-0.007848749,-0.011899795,-0.019967502,-0.02574324],""sensorGain"":[16,64,64,64,64,64,64,64],""sensorStatus"":[0,0,0,0,0,0,0,0],""featureOrder"":[""MQ8"",""MQ135"",""MQ3"",""MQ5"",""MQ4"",""MQ7"",""MQ6"",""MQ2""]},""alarmLatched"":false}"
2026-08-04 11:16:49.724 +07:00,568.605,HOT_SWEEP_70,70,700,300,1,0,0.126253918,0.003953317,0.004716215,-0.00261372,-0.007149188,-0.011907133,-0.019940909,-0.025748145,"{""deviceId"":""1001"",""nodeId"":4097,""targetChId"":""0010"",""mode"":""inference"",""uptimeMs"":6946056,""debugEnabled"":true,""power"":{""mode"":""24v"",""externalPower"":true,""batteryMv"":65535,""batteryValid"":false,""batteryDetected"":false,""batterySenseStatus"":""not_detected"",""batteryLow"":false,""batteryCritical"":false,""sourceAmbiguous"":false,""serviceHoldActive"":false,""serviceHoldEffective"":false},""batterySession"":{""state"":""inactive"",""startedMs"":0,""stateStartedMs"":0,""validSampleBatches"":0,""requiredSampleBatches"":10,""alarmTxAttempts"":0,""alarmTxAttemptLimit"":3,""alarmAckReceived"":false,""pendingAlarm"":false,""pendingSaveRequired"":false,""persistenceFaultHold"":false,""completionReason"":""session_done""},""bootHealth"":{""adsReady"":true,""adsDrdyLevel"":0,""adsDrdyPulldownLevel"":0,""adsDrdyPullupLevel"":0,""adsMisoPulldownLevel"":0,""adsMisoPullupLevel"":1,""adsCsLevel"":1,""adsSyncLevel"":1,""adsStatus"":54,""adsMux"":15,""adsAdcon"":6,""adsDrate"":240,""adsReason"":""ok"",""tcaOk"":true,""mcpOkCount"":8,""mcpOk"":[true,true,true,true,true,true,true,true],""mcpAddrMask"":[1,1,1,1,1,1,1,1],""mcpControlTested"":true,""mcpControlOkCount"":8,""mcpControlOk"":[true,true,true,true,true,true,true,true],""dacReady"":true,""radioReady"":true,""mlReady"":true,""nullingProfileApplied"":true,""modelProfileReady"":false},""runtimeMcpCode"":[255,519,795,706,799,865,665,139],""model"":{""profileId"":""cnn-dualbranch-datasheet-v1-unbound"",""scalerProfileId"":""cnn-dualbranch-datasheet-v1-unbound"",""productionApproved"":true,""boundNullingProfileId"":8,""activeNullingProfileId"":9,""bindingValid"":true,""bindingModelMatches"":true,""profileReady"":false,""inferenceValid"":false,""sensorFault"":true},""lora"":{""beginState"":0,""lastTxState"":0,""lastTxOk"":false,""txSeq"":0,""txCounter"":0,""aesKeyProvisioned"":true,""aesKeyPresent"":true,""aesKeySource"":""nvs"",""keyId"":1,""lastDownlinkCommandId"":0,""freqMHz"":920,""bwKHz"":125,""sf"":7,""cr"":5,""syncWord"":18,""txPowerDbm"":17,""preamble"":8,""tcxoVoltage"":1.600000024,""xtalVoltage"":0},""dataset"":{""state"":""idle"",""step"":""idle"",""label"":"""",""seq"":0,""targetSamples"":0,""sampleIntervalMs"":500,""maxDurationMs"":0,""useFanIntake"":true,""fanOnMs"":1000,""postFanSettleMs"":0,""nullingProfileId"":9,""queuePending"":0,""queueCapacity"":16,""queueEnqueued"":0,""queueDropped"":0,""publishFailCount"":0,""retryCount"":0,""retryFailCount"":0,""rejectedSamples"":0,""lastRejectReason"":""none"",""lastRejectChannel"":-1,""lastRejectOkFiniteCount"":0,""lastRejectStatus"":255,""lastRejectGain"":0,""lastRejectSaturated"":false},""recovery"":{""wifiReconnectCount"":0,""wifiReconnectFailCount"":0,""mqttReconnectCount"":0,""mqttConnectFailCount"":0,""lastMqttState"":0,""adsRecoveryCount"":0,""adsRecoveryFailCount"":0,""adsReadFailStreak"":0,""lastReason"":""none"",""lastRecoveryMs"":0,""bootRecoveryArmed"":false,""bootRecoveryDueMs"":0,""bootRecoveryReason"":""none"",""bootRecoveryNonAdsFailure"":false,""bootRecoveryRestartCount"":0},""nulling"":{""done"":false,""retryArmed"":false,""attemptCount"":0,""nextRetryMs"":0,""thresholdV"":9.999999747E-06,""minFinalV"":0},""telemetry"":{""valid"":true,""sampleMs"":6945650,""gasClass"":6,""gasName"":""CO2"",""confidence"":0,""alarm"":false,""sensorVoltage"":[0.126253918,0.003953317,0.004716215,-0.00261372,-0.007149188,-0.011907133,-0.019940909,-0.025748145],""sensorGain"":[16,64,64,64,64,64,64,64],""sensorStatus"":[0,0,0,0,0,0,0,0],""featureOrder"":[""MQ8"",""MQ135"",""MQ3"",""MQ5"",""MQ4"",""MQ7"",""MQ6"",""MQ2""]},""alarmLatched"":false}"
2026-08-04 11:16:50.406 +07:00,569.287,HOT_SWEEP_70,70,700,300,1,0,0.126979619,0.003941413,0.004654577,-0.002627677,-0.007317945,-0.011905859,-0.019967265,-0.025793027,"{""deviceId"":""1001"",""nodeId"":4097,""targetChId"":""0010"",""mode"":""inference"",""uptimeMs"":6946740,""debugEnabled"":true,""power"":{""mode"":""24v"",""externalPower"":true,""batteryMv"":65535,""batteryValid"":false,""batteryDetected"":false,""batterySenseStatus"":""not_detected"",""batteryLow"":false,""batteryCritical"":false,""sourceAmbiguous"":false,""serviceHoldActive"":false,""serviceHoldEffective"":false},""batterySession"":{""state"":""inactive"",""startedMs"":0,""stateStartedMs"":0,""validSampleBatches"":0,""requiredSampleBatches"":10,""alarmTxAttempts"":0,""alarmTxAttemptLimit"":3,""alarmAckReceived"":false,""pendingAlarm"":false,""pendingSaveRequired"":false,""persistenceFaultHold"":false,""completionReason"":""session_done""},""bootHealth"":{""adsReady"":true,""adsDrdyLevel"":0,""adsDrdyPulldownLevel"":0,""adsDrdyPullupLevel"":0,""adsMisoPulldownLevel"":0,""adsMisoPullupLevel"":1,""adsCsLevel"":1,""adsSyncLevel"":1,""adsStatus"":54,""adsMux"":15,""adsAdcon"":6,""adsDrate"":240,""adsReason"":""ok"",""tcaOk"":true,""mcpOkCount"":8,""mcpOk"":[true,true,true,true,true,true,true,true],""mcpAddrMask"":[1,1,1,1,1,1,1,1],""mcpControlTested"":true,""mcpControlOkCount"":8,""mcpControlOk"":[true,true,true,true,true,true,true,true],""dacReady"":true,""radioReady"":true,""mlReady"":true,""nullingProfileApplied"":true,""modelProfileReady"":false},""runtimeMcpCode"":[255,519,795,706,799,865,665,139],""model"":{""profileId"":""cnn-dualbranch-datasheet-v1-unbound"",""scalerProfileId"":""cnn-dualbranch-datasheet-v1-unbound"",""productionApproved"":true,""boundNullingProfileId"":8,""activeNullingProfileId"":9,""bindingValid"":true,""bindingModelMatches"":true,""profileReady"":false,""inferenceValid"":false,""sensorFault"":true},""lora"":{""beginState"":0,""lastTxState"":0,""lastTxOk"":false,""txSeq"":0,""txCounter"":0,""aesKeyProvisioned"":true,""aesKeyPresent"":true,""aesKeySource"":""nvs"",""keyId"":1,""lastDownlinkCommandId"":0,""freqMHz"":920,""bwKHz"":125,""sf"":7,""cr"":5,""syncWord"":18,""txPowerDbm"":17,""preamble"":8,""tcxoVoltage"":1.600000024,""xtalVoltage"":0},""dataset"":{""state"":""idle"",""step"":""idle"",""label"":"""",""seq"":0,""targetSamples"":0,""sampleIntervalMs"":500,""maxDurationMs"":0,""useFanIntake"":true,""fanOnMs"":1000,""postFanSettleMs"":0,""nullingProfileId"":9,""queuePending"":0,""queueCapacity"":16,""queueEnqueued"":0,""queueDropped"":0,""publishFailCount"":0,""retryCount"":0,""retryFailCount"":0,""rejectedSamples"":0,""lastRejectReason"":""none"",""lastRejectChannel"":-1,""lastRejectOkFiniteCount"":0,""lastRejectStatus"":255,""lastRejectGain"":0,""lastRejectSaturated"":false},""recovery"":{""wifiReconnectCount"":0,""wifiReconnectFailCount"":0,""mqttReconnectCount"":0,""mqttConnectFailCount"":0,""lastMqttState"":0,""adsRecoveryCount"":0,""adsRecoveryFailCount"":0,""adsReadFailStreak"":0,""lastReason"":""none"",""lastRecoveryMs"":0,""bootRecoveryArmed"":false,""bootRecoveryDueMs"":0,""bootRecoveryReason"":""none"",""bootRecoveryNonAdsFailure"":false,""bootRecoveryRestartCount"":0},""nulling"":{""done"":false,""retryArmed"":false,""attemptCount"":0,""nextRetryMs"":0,""thresholdV"":9.999999747E-06,""minFinalV"":0},""telemetry"":{""valid"":true,""sampleMs"":6946366,""gasClass"":6,""gasName"":""CO2"",""confidence"":0,""alarm"":false,""sensorVoltage"":[0.126979619,0.003941413,0.004654577,-0.002627677,-0.007317945,-0.011905859,-0.019967265,-0.025793027],""sensorGain"":[16,64,64,64,64,64,64,64],""sensorStatus"":[0,0,0,0,0,0,0,0],""featureOrder"":[""MQ8"",""MQ135"",""MQ3"",""MQ5"",""MQ4"",""MQ7"",""MQ6"",""MQ2""]},""alarmLatched"":false}"
2026-08-04 11:16:51.086 +07:00,569.967,HOT_SWEEP_70,70,700,300,1,0,0.126455456,0.003982213,0.004695571,-0.002645148,-0.007180609,-0.011940822,-0.019961948,-0.02578051,"{""deviceId"":""1001"",""nodeId"":4097,""targetChId"":""0010"",""mode"":""inference"",""uptimeMs"":6947422,""debugEnabled"":true,""power"":{""mode"":""24v"",""externalPower"":true,""batteryMv"":65535,""batteryValid"":false,""batteryDetected"":false,""batterySenseStatus"":""not_detected"",""batteryLow"":false,""batteryCritical"":false,""sourceAmbiguous"":false,""serviceHoldActive"":false,""serviceHoldEffective"":false},""batterySession"":{""state"":""inactive"",""startedMs"":0,""stateStartedMs"":0,""validSampleBatches"":0,""requiredSampleBatches"":10,""alarmTxAttempts"":0,""alarmTxAttemptLimit"":3,""alarmAckReceived"":false,""pendingAlarm"":false,""pendingSaveRequired"":false,""persistenceFaultHold"":false,""completionReason"":""session_done""},""bootHealth"":{""adsReady"":true,""adsDrdyLevel"":0,""adsDrdyPulldownLevel"":0,""adsDrdyPullupLevel"":0,""adsMisoPulldownLevel"":0,""adsMisoPullupLevel"":1,""adsCsLevel"":1,""adsSyncLevel"":1,""adsStatus"":54,""adsMux"":15,""adsAdcon"":6,""adsDrate"":240,""adsReason"":""ok"",""tcaOk"":true,""mcpOkCount"":8,""mcpOk"":[true,true,true,true,true,true,true,true],""mcpAddrMask"":[1,1,1,1,1,1,1,1],""mcpControlTested"":true,""mcpControlOkCount"":8,""mcpControlOk"":[true,true,true,true,true,true,true,true],""dacReady"":true,""radioReady"":true,""mlReady"":true,""nullingProfileApplied"":true,""modelProfileReady"":false},""runtimeMcpCode"":[255,519,795,706,799,865,665,139],""model"":{""profileId"":""cnn-dualbranch-datasheet-v1-unbound"",""scalerProfileId"":""cnn-dualbranch-datasheet-v1-unbound"",""productionApproved"":true,""boundNullingProfileId"":8,""activeNullingProfileId"":9,""bindingValid"":true,""bindingModelMatches"":true,""profileReady"":false,""inferenceValid"":false,""sensorFault"":true},""lora"":{""beginState"":0,""lastTxState"":0,""lastTxOk"":false,""txSeq"":0,""txCounter"":0,""aesKeyProvisioned"":true,""aesKeyPresent"":true,""aesKeySource"":""nvs"",""keyId"":1,""lastDownlinkCommandId"":0,""freqMHz"":920,""bwKHz"":125,""sf"":7,""cr"":5,""syncWord"":18,""txPowerDbm"":17,""preamble"":8,""tcxoVoltage"":1.600000024,""xtalVoltage"":0},""dataset"":{""state"":""idle"",""step"":""idle"",""label"":"""",""seq"":0,""targetSamples"":0,""sampleIntervalMs"":500,""maxDurationMs"":0,""useFanIntake"":true,""fanOnMs"":1000,""postFanSettleMs"":0,""nullingProfileId"":9,""queuePending"":0,""queueCapacity"":16,""queueEnqueued"":0,""queueDropped"":0,""publishFailCount"":0,""retryCount"":0,""retryFailCount"":0,""rejectedSamples"":0,""lastRejectReason"":""none"",""lastRejectChannel"":-1,""lastRejectOkFiniteCount"":0,""lastRejectStatus"":255,""lastRejectGain"":0,""lastRejectSaturated"":false},""recovery"":{""wifiReconnectCount"":0,""wifiReconnectFailCount"":0,""mqttReconnectCount"":0,""mqttConnectFailCount"":0,""lastMqttState"":0,""adsRecoveryCount"":0,""adsRecoveryFailCount"":0,""adsReadFailStreak"":0,""lastReason"":""none"",""lastRecoveryMs"":0,""bootRecoveryArmed"":false,""bootRecoveryDueMs"":0,""bootRecoveryReason"":""none"",""bootRecoveryNonAdsFailure"":false,""bootRecoveryRestartCount"":0},""nulling"":{""done"":false,""retryArmed"":false,""attemptCount"":0,""nextRetryMs"":0,""thresholdV"":9.999999747E-06,""minFinalV"":0},""telemetry"":{""valid"":true,""sampleMs"":6947018,""gasClass"":6,""gasName"":""CO2"",""confidence"":0,""alarm"":false,""sensorVoltage"":[0.126455456,0.003982213,0.004695571,-0.002645148,-0.007180609,-0.011940822,-0.019961948,-0.02578051],""sensorGain"":[16,64,64,64,64,64,64,64],""sensorStatus"":[0,0,0,0,0,0,0,0],""featureOrder"":[""MQ8"",""MQ135"",""MQ3"",""MQ5"",""MQ4"",""MQ7"",""MQ6"",""MQ2""]},""alarmLatched"":false}"
2026-08-04 11:16:51.773 +07:00,570.654,HOT_SWEEP_70,70,700,300,1,0,0.1261383,0.003984721,0.004767647,-0.00261332,-0.007733227,-0.011917665,-0.019901052,-0.025806192,"{""deviceId"":""1001"",""nodeId"":4097,""targetChId"":""0010"",""mode"":""inference"",""uptimeMs"":6948100,""debugEnabled"":true,""power"":{""mode"":""24v"",""externalPower"":true,""batteryMv"":65535,""batteryValid"":false,""batteryDetected"":false,""batterySenseStatus"":""not_detected"",""batteryLow"":false,""batteryCritical"":false,""sourceAmbiguous"":false,""serviceHoldActive"":false,""serviceHoldEffective"":false},""batterySession"":{""state"":""inactive"",""startedMs"":0,""stateStartedMs"":0,""validSampleBatches"":0,""requiredSampleBatches"":10,""alarmTxAttempts"":0,""alarmTxAttemptLimit"":3,""alarmAckReceived"":false,""pendingAlarm"":false,""pendingSaveRequired"":false,""persistenceFaultHold"":false,""completionReason"":""session_done""},""bootHealth"":{""adsReady"":true,""adsDrdyLevel"":0,""adsDrdyPulldownLevel"":0,""adsDrdyPullupLevel"":0,""adsMisoPulldownLevel"":0,""adsMisoPullupLevel"":1,""adsCsLevel"":1,""adsSyncLevel"":1,""adsStatus"":54,""adsMux"":15,""adsAdcon"":6,""adsDrate"":240,""adsReason"":""ok"",""tcaOk"":true,""mcpOkCount"":8,""mcpOk"":[true,true,true,true,true,true,true,true],""mcpAddrMask"":[1,1,1,1,1,1,1,1],""mcpControlTested"":true,""mcpControlOkCount"":8,""mcpControlOk"":[true,true,true,true,true,true,true,true],""dacReady"":true,""radioReady"":true,""mlReady"":true,""nullingProfileApplied"":true,""modelProfileReady"":false},""runtimeMcpCode"":[255,519,795,706,799,865,665,139],""model"":{""profileId"":""cnn-dualbranch-datasheet-v1-unbound"",""scalerProfileId"":""cnn-dualbranch-datasheet-v1-unbound"",""productionApproved"":true,""boundNullingProfileId"":8,""activeNullingProfileId"":9,""bindingValid"":true,""bindingModelMatches"":true,""profileReady"":false,""inferenceValid"":false,""sensorFault"":true},""lora"":{""beginState"":0,""lastTxState"":0,""lastTxOk"":false,""txSeq"":0,""txCounter"":0,""aesKeyProvisioned"":true,""aesKeyPresent"":true,""aesKeySource"":""nvs"",""keyId"":1,""lastDownlinkCommandId"":0,""freqMHz"":920,""bwKHz"":125,""sf"":7,""cr"":5,""syncWord"":18,""txPowerDbm"":17,""preamble"":8,""tcxoVoltage"":1.600000024,""xtalVoltage"":0},""dataset"":{""state"":""idle"",""step"":""idle"",""label"":"""",""seq"":0,""targetSamples"":0,""sampleIntervalMs"":500,""maxDurationMs"":0,""useFanIntake"":true,""fanOnMs"":1000,""postFanSettleMs"":0,""nullingProfileId"":9,""queuePending"":0,""queueCapacity"":16,""queueEnqueued"":0,""queueDropped"":0,""publishFailCount"":0,""retryCount"":0,""retryFailCount"":0,""rejectedSamples"":0,""lastRejectReason"":""none"",""lastRejectChannel"":-1,""lastRejectOkFiniteCount"":0,""lastRejectStatus"":255,""lastRejectGain"":0,""lastRejectSaturated"":false},""recovery"":{""wifiReconnectCount"":0,""wifiReconnectFailCount"":0,""mqttReconnectCount"":0,""mqttConnectFailCount"":0,""lastMqttState"":0,""adsRecoveryCount"":0,""adsRecoveryFailCount"":0,""adsReadFailStreak"":0,""lastReason"":""none"",""lastRecoveryMs"":0,""bootRecoveryArmed"":false,""bootRecoveryDueMs"":0,""bootRecoveryReason"":""none"",""bootRecoveryNonAdsFailure"":false,""bootRecoveryRestartCount"":0},""nulling"":{""done"":false,""retryArmed"":false,""attemptCount"":0,""nextRetryMs"":0,""thresholdV"":9.999999747E-06,""minFinalV"":0},""telemetry"":{""valid"":true,""sampleMs"":6947700,""gasClass"":6,""gasName"":""CO2"",""confidence"":0,""alarm"":false,""sensorVoltage"":[0.1261383,0.003984721,0.004767647,-0.00261332,-0.007733227,-0.011917665,-0.019901052,-0.025806192],""sensorGain"":[16,64,64,64,64,64,64,64],""sensorStatus"":[0,0,0,0,0,0,0,0],""featureOrder"":[""MQ8"",""MQ135"",""MQ3"",""MQ5"",""MQ4"",""MQ7"",""MQ6"",""MQ2""]},""alarmLatched"":false}"
2026-08-04 11:16:52.487 +07:00,571.368,HOT_SWEEP_70,70,700,300,1,0,0.12702325,0.004064541,0.004707952,-0.002625582,-0.007692331,-0.011945706,-0.01992891,-0.02579709,"{""deviceId"":""1001"",""nodeId"":4097,""targetChId"":""0010"",""mode"":""inference"",""uptimeMs"":6948820,""debugEnabled"":true,""power"":{""mode"":""24v"",""externalPower"":true,""batteryMv"":65535,""batteryValid"":false,""batteryDetected"":false,""batterySenseStatus"":""not_detected"",""batteryLow"":false,""batteryCritical"":false,""sourceAmbiguous"":false,""serviceHoldActive"":false,""serviceHoldEffective"":false},""batterySession"":{""state"":""inactive"",""startedMs"":0,""stateStartedMs"":0,""validSampleBatches"":0,""requiredSampleBatches"":10,""alarmTxAttempts"":0,""alarmTxAttemptLimit"":3,""alarmAckReceived"":false,""pendingAlarm"":false,""pendingSaveRequired"":false,""persistenceFaultHold"":false,""completionReason"":""session_done""},""bootHealth"":{""adsReady"":true,""adsDrdyLevel"":0,""adsDrdyPulldownLevel"":0,""adsDrdyPullupLevel"":0,""adsMisoPulldownLevel"":0,""adsMisoPullupLevel"":1,""adsCsLevel"":1,""adsSyncLevel"":1,""adsStatus"":54,""adsMux"":15,""adsAdcon"":6,""adsDrate"":240,""adsReason"":""ok"",""tcaOk"":true,""mcpOkCount"":8,""mcpOk"":[true,true,true,true,true,true,true,true],""mcpAddrMask"":[1,1,1,1,1,1,1,1],""mcpControlTested"":true,""mcpControlOkCount"":8,""mcpControlOk"":[true,true,true,true,true,true,true,true],""dacReady"":true,""radioReady"":true,""mlReady"":true,""nullingProfileApplied"":true,""modelProfileReady"":false},""runtimeMcpCode"":[255,519,795,706,799,865,665,139],""model"":{""profileId"":""cnn-dualbranch-datasheet-v1-unbound"",""scalerProfileId"":""cnn-dualbranch-datasheet-v1-unbound"",""productionApproved"":true,""boundNullingProfileId"":8,""activeNullingProfileId"":9,""bindingValid"":true,""bindingModelMatches"":true,""profileReady"":false,""inferenceValid"":false,""sensorFault"":true},""lora"":{""beginState"":0,""lastTxState"":0,""lastTxOk"":false,""txSeq"":0,""txCounter"":0,""aesKeyProvisioned"":true,""aesKeyPresent"":true,""aesKeySource"":""nvs"",""keyId"":1,""lastDownlinkCommandId"":0,""freqMHz"":920,""bwKHz"":125,""sf"":7,""cr"":5,""syncWord"":18,""txPowerDbm"":17,""preamble"":8,""tcxoVoltage"":1.600000024,""xtalVoltage"":0},""dataset"":{""state"":""idle"",""step"":""idle"",""label"":"""",""seq"":0,""targetSamples"":0,""sampleIntervalMs"":500,""maxDurationMs"":0,""useFanIntake"":true,""fanOnMs"":1000,""postFanSettleMs"":0,""nullingProfileId"":9,""queuePending"":0,""queueCapacity"":16,""queueEnqueued"":0,""queueDropped"":0,""publishFailCount"":0,""retryCount"":0,""retryFailCount"":0,""rejectedSamples"":0,""lastRejectReason"":""none"",""lastRejectChannel"":-1,""lastRejectOkFiniteCount"":0,""lastRejectStatus"":255,""lastRejectGain"":0,""lastRejectSaturated"":false},""recovery"":{""wifiReconnectCount"":0,""wifiReconnectFailCount"":0,""mqttReconnectCount"":0,""mqttConnectFailCount"":0,""lastMqttState"":0,""adsRecoveryCount"":0,""adsRecoveryFailCount"":0,""adsReadFailStreak"":0,""lastReason"":""none"",""lastRecoveryMs"":0,""bootRecoveryArmed"":false,""bootRecoveryDueMs"":0,""bootRecoveryReason"":""none"",""bootRecoveryNonAdsFailure"":false,""bootRecoveryRestartCount"":0},""nulling"":{""done"":false,""retryArmed"":false,""attemptCount"":0,""nextRetryMs"":0,""thresholdV"":9.999999747E-06,""minFinalV"":0},""telemetry"":{""valid"":true,""sampleMs"":6948410,""gasClass"":6,""gasName"":""CO2"",""confidence"":0,""alarm"":false,""sensorVoltage"":[0.12702325,0.004064541,0.004707952,-0.002625582,-0.007692331,-0.011945706,-0.01992891,-0.02579709],""sensorGain"":[16,64,64,64,64,64,64,64],""sensorStatus"":[0,0,0,0,0,0,0,0],""featureOrder"":[""MQ8"",""MQ135"",""MQ3"",""MQ5"",""MQ4"",""MQ7"",""MQ6"",""MQ2""]},""alarmLatched"":false}"
2026-08-04 11:16:53.176 +07:00,572.057,HOT_SWEEP_70,70,700,300,1,0,0.127267063,0.004080336,0.004706969,-0.002624865,-0.006995914,-0.011902244,-0.019908816,-0.025408909,"{""deviceId"":""1001"",""nodeId"":4097,""targetChId"":""0010"",""mode"":""inference"",""uptimeMs"":6949503,""debugEnabled"":true,""power"":{""mode"":""24v"",""externalPower"":true,""batteryMv"":65535,""batteryValid"":false,""batteryDetected"":false,""batterySenseStatus"":""not_detected"",""batteryLow"":false,""batteryCritical"":false,""sourceAmbiguous"":false,""serviceHoldActive"":false,""serviceHoldEffective"":false},""batterySession"":{""state"":""inactive"",""startedMs"":0,""stateStartedMs"":0,""validSampleBatches"":0,""requiredSampleBatches"":10,""alarmTxAttempts"":0,""alarmTxAttemptLimit"":3,""alarmAckReceived"":false,""pendingAlarm"":false,""pendingSaveRequired"":false,""persistenceFaultHold"":false,""completionReason"":""session_done""},""bootHealth"":{""adsReady"":true,""adsDrdyLevel"":0,""adsDrdyPulldownLevel"":0,""adsDrdyPullupLevel"":0,""adsMisoPulldownLevel"":0,""adsMisoPullupLevel"":1,""adsCsLevel"":1,""adsSyncLevel"":1,""adsStatus"":54,""adsMux"":15,""adsAdcon"":6,""adsDrate"":240,""adsReason"":""ok"",""tcaOk"":true,""mcpOkCount"":8,""mcpOk"":[true,true,true,true,true,true,true,true],""mcpAddrMask"":[1,1,1,1,1,1,1,1],""mcpControlTested"":true,""mcpControlOkCount"":8,""mcpControlOk"":[true,true,true,true,true,true,true,true],""dacReady"":true,""radioReady"":true,""mlReady"":true,""nullingProfileApplied"":true,""modelProfileReady"":false},""runtimeMcpCode"":[255,519,795,706,799,865,665,139],""model"":{""profileId"":""cnn-dualbranch-datasheet-v1-unbound"",""scalerProfileId"":""cnn-dualbranch-datasheet-v1-unbound"",""productionApproved"":true,""boundNullingProfileId"":8,""activeNullingProfileId"":9,""bindingValid"":true,""bindingModelMatches"":true,""profileReady"":false,""inferenceValid"":false,""sensorFault"":true},""lora"":{""beginState"":0,""lastTxState"":0,""lastTxOk"":false,""txSeq"":0,""txCounter"":0,""aesKeyProvisioned"":true,""aesKeyPresent"":true,""aesKeySource"":""nvs"",""keyId"":1,""lastDownlinkCommandId"":0,""freqMHz"":920,""bwKHz"":125,""sf"":7,""cr"":5,""syncWord"":18,""txPowerDbm"":17,""preamble"":8,""tcxoVoltage"":1.600000024,""xtalVoltage"":0},""dataset"":{""state"":""idle"",""step"":""idle"",""label"":"""",""seq"":0,""targetSamples"":0,""sampleIntervalMs"":500,""maxDurationMs"":0,""useFanIntake"":true,""fanOnMs"":1000,""postFanSettleMs"":0,""nullingProfileId"":9,""queuePending"":0,""queueCapacity"":16,""queueEnqueued"":0,""queueDropped"":0,""publishFailCount"":0,""retryCount"":0,""retryFailCount"":0,""rejectedSamples"":0,""lastRejectReason"":""none"",""lastRejectChannel"":-1,""lastRejectOkFiniteCount"":0,""lastRejectStatus"":255,""lastRejectGain"":0,""lastRejectSaturated"":false},""recovery"":{""wifiReconnectCount"":0,""wifiReconnectFailCount"":0,""mqttReconnectCount"":0,""mqttConnectFailCount"":0,""lastMqttState"":0,""adsRecoveryCount"":0,""adsRecoveryFailCount"":0,""adsReadFailStreak"":0,""lastReason"":""none"",""lastRecoveryMs"":0,""bootRecoveryArmed"":false,""bootRecoveryDueMs"":0,""bootRecoveryReason"":""none"",""bootRecoveryNonAdsFailure"":false,""bootRecoveryRestartCount"":0},""nulling"":{""done"":false,""retryArmed"":false,""attemptCount"":0,""nextRetryMs"":0,""thresholdV"":9.999999747E-06,""minFinalV"":0},""telemetry"":{""valid"":true,""sampleMs"":6949098,""gasClass"":6,""gasName"":""CO2"",""confidence"":0,""alarm"":false,""sensorVoltage"":[0.127267063,0.004080336,0.004706969,-0.002624865,-0.006995914,-0.011902244,-0.019908816,-0.025408909],""sensorGain"":[16,64,64,64,64,64,64,64],""sensorStatus"":[0,0,0,0,0,0,0,0],""featureOrder"":[""MQ8"",""MQ135"",""MQ3"",""MQ5"",""MQ4"",""MQ7"",""MQ6"",""MQ2""]},""alarmLatched"":false}"
2026-08-04 11:16:53.868 +07:00,572.746,HOT_SWEEP_70,70,700,300,1,0,0.126715392,0.004083938,0.00472491,-0.002593925,-0.007082061,-0.011904745,-0.019919332,-0.025365585,"{""deviceId"":""1001"",""nodeId"":4097,""targetChId"":""0010"",""mode"":""inference"",""uptimeMs"":6950192,""debugEnabled"":true,""power"":{""mode"":""24v"",""externalPower"":true,""batteryMv"":65535,""batteryValid"":false,""batteryDetected"":false,""batterySenseStatus"":""not_detected"",""batteryLow"":false,""batteryCritical"":false,""sourceAmbiguous"":false,""serviceHoldActive"":false,""serviceHoldEffective"":false},""batterySession"":{""state"":""inactive"",""startedMs"":0,""stateStartedMs"":0,""validSampleBatches"":0,""requiredSampleBatches"":10,""alarmTxAttempts"":0,""alarmTxAttemptLimit"":3,""alarmAckReceived"":false,""pendingAlarm"":false,""pendingSaveRequired"":false,""persistenceFaultHold"":false,""completionReason"":""session_done""},""bootHealth"":{""adsReady"":true,""adsDrdyLevel"":0,""adsDrdyPulldownLevel"":0,""adsDrdyPullupLevel"":0,""adsMisoPulldownLevel"":0,""adsMisoPullupLevel"":1,""adsCsLevel"":1,""adsSyncLevel"":1,""adsStatus"":54,""adsMux"":15,""adsAdcon"":6,""adsDrate"":240,""adsReason"":""ok"",""tcaOk"":true,""mcpOkCount"":8,""mcpOk"":[true,true,true,true,true,true,true,true],""mcpAddrMask"":[1,1,1,1,1,1,1,1],""mcpControlTested"":true,""mcpControlOkCount"":8,""mcpControlOk"":[true,true,true,true,true,true,true,true],""dacReady"":true,""radioReady"":true,""mlReady"":true,""nullingProfileApplied"":true,""modelProfileReady"":false},""runtimeMcpCode"":[255,519,795,706,799,865,665,139],""model"":{""profileId"":""cnn-dualbranch-datasheet-v1-unbound"",""scalerProfileId"":""cnn-dualbranch-datasheet-v1-unbound"",""productionApproved"":true,""boundNullingProfileId"":8,""activeNullingProfileId"":9,""bindingValid"":true,""bindingModelMatches"":true,""profileReady"":false,""inferenceValid"":false,""sensorFault"":true},""lora"":{""beginState"":0,""lastTxState"":0,""lastTxOk"":false,""txSeq"":0,""txCounter"":0,""aesKeyProvisioned"":true,""aesKeyPresent"":true,""aesKeySource"":""nvs"",""keyId"":1,""lastDownlinkCommandId"":0,""freqMHz"":920,""bwKHz"":125,""sf"":7,""cr"":5,""syncWord"":18,""txPowerDbm"":17,""preamble"":8,""tcxoVoltage"":1.600000024,""xtalVoltage"":0},""dataset"":{""state"":""idle"",""step"":""idle"",""label"":"""",""seq"":0,""targetSamples"":0,""sampleIntervalMs"":500,""maxDurationMs"":0,""useFanIntake"":true,""fanOnMs"":1000,""postFanSettleMs"":0,""nullingProfileId"":9,""queuePending"":0,""queueCapacity"":16,""queueEnqueued"":0,""queueDropped"":0,""publishFailCount"":0,""retryCount"":0,""retryFailCount"":0,""rejectedSamples"":0,""lastRejectReason"":""none"",""lastRejectChannel"":-1,""lastRejectOkFiniteCount"":0,""lastRejectStatus"":255,""lastRejectGain"":0,""lastRejectSaturated"":false},""recovery"":{""wifiReconnectCount"":0,""wifiReconnectFailCount"":0,""mqttReconnectCount"":0,""mqttConnectFailCount"":0,""lastMqttState"":0,""adsRecoveryCount"":0,""adsRecoveryFailCount"":0,""adsReadFailStreak"":0,""lastReason"":""none"",""lastRecoveryMs"":0,""bootRecoveryArmed"":false,""bootRecoveryDueMs"":0,""bootRecoveryReason"":""none"",""bootRecoveryNonAdsFailure"":false,""bootRecoveryRestartCount"":0},""nulling"":{""done"":false,""retryArmed"":false,""attemptCount"":0,""nextRetryMs"":0,""thresholdV"":9.999999747E-06,""minFinalV"":0},""telemetry"":{""valid"":true,""sampleMs"":6949781,""gasClass"":6,""gasName"":""CO2"",""confidence"":0,""alarm"":false,""sensorVoltage"":[0.126715392,0.004083938,0.00472491,-0.002593925,-0.007082061,-0.011904745,-0.019919332,-0.025365585],""sensorGain"":[16,64,64,64,64,64,64,64],""sensorStatus"":[0,0,0,0,0,0,0,0],""featureOrder"":[""MQ8"",""MQ135"",""MQ3"",""MQ5"",""MQ4"",""MQ7"",""MQ6"",""MQ2""]},""alarmLatched"":false}"
2026-08-04 11:16:54.560 +07:00,573.435,HOT_SWEEP_70,70,700,300,1,0,0.126606792,0.004088149,0.00481701,-0.002601411,-0.006775728,-0.011920596,-0.019930668,-0.0253431,"{""deviceId"":""1001"",""nodeId"":4097,""targetChId"":""0010"",""mode"":""inference"",""uptimeMs"":6950884,""debugEnabled"":true,""power"":{""mode"":""24v"",""externalPower"":true,""batteryMv"":65535,""batteryValid"":false,""batteryDetected"":false,""batterySenseStatus"":""not_detected"",""batteryLow"":false,""batteryCritical"":false,""sourceAmbiguous"":false,""serviceHoldActive"":false,""serviceHoldEffective"":false},""batterySession"":{""state"":""inactive"",""startedMs"":0,""stateStartedMs"":0,""validSampleBatches"":0,""requiredSampleBatches"":10,""alarmTxAttempts"":0,""alarmTxAttemptLimit"":3,""alarmAckReceived"":false,""pendingAlarm"":false,""pendingSaveRequired"":false,""persistenceFaultHold"":false,""completionReason"":""session_done""},""bootHealth"":{""adsReady"":true,""adsDrdyLevel"":0,""adsDrdyPulldownLevel"":0,""adsDrdyPullupLevel"":0,""adsMisoPulldownLevel"":0,""adsMisoPullupLevel"":1,""adsCsLevel"":1,""adsSyncLevel"":1,""adsStatus"":54,""adsMux"":15,""adsAdcon"":6,""adsDrate"":240,""adsReason"":""ok"",""tcaOk"":true,""mcpOkCount"":8,""mcpOk"":[true,true,true,true,true,true,true,true],""mcpAddrMask"":[1,1,1,1,1,1,1,1],""mcpControlTested"":true,""mcpControlOkCount"":8,""mcpControlOk"":[true,true,true,true,true,true,true,true],""dacReady"":true,""radioReady"":true,""mlReady"":true,""nullingProfileApplied"":true,""modelProfileReady"":false},""runtimeMcpCode"":[255,519,795,706,799,865,665,139],""model"":{""profileId"":""cnn-dualbranch-datasheet-v1-unbound"",""scalerProfileId"":""cnn-dualbranch-datasheet-v1-unbound"",""productionApproved"":true,""boundNullingProfileId"":8,""activeNullingProfileId"":9,""bindingValid"":true,""bindingModelMatches"":true,""profileReady"":false,""inferenceValid"":false,""sensorFault"":true},""lora"":{""beginState"":0,""lastTxState"":0,""lastTxOk"":false,""txSeq"":0,""txCounter"":0,""aesKeyProvisioned"":true,""aesKeyPresent"":true,""aesKeySource"":""nvs"",""keyId"":1,""lastDownlinkCommandId"":0,""freqMHz"":920,""bwKHz"":125,""sf"":7,""cr"":5,""syncWord"":18,""txPowerDbm"":17,""preamble"":8,""tcxoVoltage"":1.600000024,""xtalVoltage"":0},""dataset"":{""state"":""idle"",""step"":""idle"",""label"":"""",""seq"":0,""targetSamples"":0,""sampleIntervalMs"":500,""maxDurationMs"":0,""useFanIntake"":true,""fanOnMs"":1000,""postFanSettleMs"":0,""nullingProfileId"":9,""queuePending"":0,""queueCapacity"":16,""queueEnqueued"":0,""queueDropped"":0,""publishFailCount"":0,""retryCount"":0,""retryFailCount"":0,""rejectedSamples"":0,""lastRejectReason"":""none"",""lastRejectChannel"":-1,""lastRejectOkFiniteCount"":0,""lastRejectStatus"":255,""lastRejectGain"":0,""lastRejectSaturated"":false},""recovery"":{""wifiReconnectCount"":0,""wifiReconnectFailCount"":0,""mqttReconnectCount"":0,""mqttConnectFailCount"":0,""lastMqttState"":0,""adsRecoveryCount"":0,""adsRecoveryFailCount"":0,""adsReadFailStreak"":0,""lastReason"":""none"",""lastRecoveryMs"":0,""bootRecoveryArmed"":false,""bootRecoveryDueMs"":0,""bootRecoveryReason"":""none"",""bootRecoveryNonAdsFailure"":false,""bootRecoveryRestartCount"":0},""nulling"":{""done"":false,""retryArmed"":false,""attemptCount"":0,""nextRetryMs"":0,""thresholdV"":9.999999747E-06,""minFinalV"":0},""telemetry"":{""valid"":true,""sampleMs"":6950502,""gasClass"":6,""gasName"":""CO2"",""confidence"":0,""alarm"":false,""sensorVoltage"":[0.126606792,0.004088149,0.00481701,-0.002601411,-0.006775728,-0.011920596,-0.019930668,-0.0253431],""sensorGain"":[16,64,64,64,64,64,64,64],""sensorStatus"":[0,0,0,0,0,0,0,0],""featureOrder"":[""MQ8"",""MQ135"",""MQ3"",""MQ5"",""MQ4"",""MQ7"",""MQ6"",""MQ2""]},""alarmLatched"":false}"
2026-08-04 11:16:55.235 +07:00,574.116,HOT_SWEEP_70,70,700,300,1,0,0.127345815,0.004133895,0.004823736,-0.00258181,-0.006705482,-0.011657001,-0.019528208,-0.02490354,"{""deviceId"":""1001"",""nodeId"":4097,""targetChId"":""0010"",""mode"":""inference"",""uptimeMs"":6951568,""debugEnabled"":true,""power"":{""mode"":""24v"",""externalPower"":true,""batteryMv"":65535,""batteryValid"":false,""batteryDetected"":false,""batterySenseStatus"":""not_detected"",""batteryLow"":false,""batteryCritical"":false,""sourceAmbiguous"":false,""serviceHoldActive"":false,""serviceHoldEffective"":false},""batterySession"":{""state"":""inactive"",""startedMs"":0,""stateStartedMs"":0,""validSampleBatches"":0,""requiredSampleBatches"":10,""alarmTxAttempts"":0,""alarmTxAttemptLimit"":3,""alarmAckReceived"":false,""pendingAlarm"":false,""pendingSaveRequired"":false,""persistenceFaultHold"":false,""completionReason"":""session_done""},""bootHealth"":{""adsReady"":true,""adsDrdyLevel"":0,""adsDrdyPulldownLevel"":0,""adsDrdyPullupLevel"":0,""adsMisoPulldownLevel"":0,""adsMisoPullupLevel"":1,""adsCsLevel"":1,""adsSyncLevel"":1,""adsStatus"":54,""adsMux"":15,""adsAdcon"":6,""adsDrate"":240,""adsReason"":""ok"",""tcaOk"":true,""mcpOkCount"":8,""mcpOk"":[true,true,true,true,true,true,true,true],""mcpAddrMask"":[1,1,1,1,1,1,1,1],""mcpControlTested"":true,""mcpControlOkCount"":8,""mcpControlOk"":[true,true,true,true,true,true,true,true],""dacReady"":true,""radioReady"":true,""mlReady"":true,""nullingProfileApplied"":true,""modelProfileReady"":false},""runtimeMcpCode"":[255,519,795,706,799,865,665,139],""model"":{""profileId"":""cnn-dualbranch-datasheet-v1-unbound"",""scalerProfileId"":""cnn-dualbranch-datasheet-v1-unbound"",""productionApproved"":true,""boundNullingProfileId"":8,""activeNullingProfileId"":9,""bindingValid"":true,""bindingModelMatches"":true,""profileReady"":false,""inferenceValid"":false,""sensorFault"":true},""lora"":{""beginState"":0,""lastTxState"":0,""lastTxOk"":false,""txSeq"":0,""txCounter"":0,""aesKeyProvisioned"":true,""aesKeyPresent"":true,""aesKeySource"":""nvs"",""keyId"":1,""lastDownlinkCommandId"":0,""freqMHz"":920,""bwKHz"":125,""sf"":7,""cr"":5,""syncWord"":18,""txPowerDbm"":17,""preamble"":8,""tcxoVoltage"":1.600000024,""xtalVoltage"":0},""dataset"":{""state"":""idle"",""step"":""idle"",""label"":"""",""seq"":0,""targetSamples"":0,""sampleIntervalMs"":500,""maxDurationMs"":0,""useFanIntake"":true,""fanOnMs"":1000,""postFanSettleMs"":0,""nullingProfileId"":9,""queuePending"":0,""queueCapacity"":16,""queueEnqueued"":0,""queueDropped"":0,""publishFailCount"":0,""retryCount"":0,""retryFailCount"":0,""rejectedSamples"":0,""lastRejectReason"":""none"",""lastRejectChannel"":-1,""lastRejectOkFiniteCount"":0,""lastRejectStatus"":255,""lastRejectGain"":0,""lastRejectSaturated"":false},""recovery"":{""wifiReconnectCount"":0,""wifiReconnectFailCount"":0,""mqttReconnectCount"":0,""mqttConnectFailCount"":0,""lastMqttState"":0,""adsRecoveryCount"":0,""adsRecoveryFailCount"":0,""adsReadFailStreak"":0,""lastReason"":""none"",""lastRecoveryMs"":0,""bootRecoveryArmed"":false,""bootRecoveryDueMs"":0,""bootRecoveryReason"":""none"",""bootRecoveryNonAdsFailure"":false,""bootRecoveryRestartCount"":0},""nulling"":{""done"":false,""retryArmed"":false,""attemptCount"":0,""nextRetryMs"":0,""thresholdV"":9.999999747E-06,""minFinalV"":0},""telemetry"":{""valid"":true,""sampleMs"":6951162,""gasClass"":6,""gasName"":""CO2"",""confidence"":0,""alarm"":false,""sensorVoltage"":[0.127345815,0.004133895,0.004823736,-0.00258181,-0.006705482,-0.011657001,-0.019528208,-0.02490354],""sensorGain"":[16,64,64,64,64,64,64,64],""sensorStatus"":[0,0,0,0,0,0,0,0],""featureOrder"":[""MQ8"",""MQ135"",""MQ3"",""MQ5"",""MQ4"",""MQ7"",""MQ6"",""MQ2""]},""alarmLatched"":false}"
2026-08-04 11:16:55.922 +07:00,574.803,HOT_SWEEP_70,70,700,300,1,0,0.12695308,0.004128383,0.004817839,-0.002527451,-0.007041248,-0.011547944,-0.019551611,-0.025349442,"{""deviceId"":""1001"",""nodeId"":4097,""targetChId"":""0010"",""mode"":""inference"",""uptimeMs"":6952251,""debugEnabled"":true,""power"":{""mode"":""24v"",""externalPower"":true,""batteryMv"":65535,""batteryValid"":false,""batteryDetected"":false,""batterySenseStatus"":""not_detected"",""batteryLow"":false,""batteryCritical"":false,""sourceAmbiguous"":false,""serviceHoldActive"":false,""serviceHoldEffective"":false},""batterySession"":{""state"":""inactive"",""startedMs"":0,""stateStartedMs"":0,""validSampleBatches"":0,""requiredSampleBatches"":10,""alarmTxAttempts"":0,""alarmTxAttemptLimit"":3,""alarmAckReceived"":false,""pendingAlarm"":false,""pendingSaveRequired"":false,""persistenceFaultHold"":false,""completionReason"":""session_done""},""bootHealth"":{""adsReady"":true,""adsDrdyLevel"":0,""adsDrdyPulldownLevel"":0,""adsDrdyPullupLevel"":0,""adsMisoPulldownLevel"":0,""adsMisoPullupLevel"":1,""adsCsLevel"":1,""adsSyncLevel"":1,""adsStatus"":54,""adsMux"":15,""adsAdcon"":6,""adsDrate"":240,""adsReason"":""ok"",""tcaOk"":true,""mcpOkCount"":8,""mcpOk"":[true,true,true,true,true,true,true,true],""mcpAddrMask"":[1,1,1,1,1,1,1,1],""mcpControlTested"":true,""mcpControlOkCount"":8,""mcpControlOk"":[true,true,true,true,true,true,true,true],""dacReady"":true,""radioReady"":true,""mlReady"":true,""nullingProfileApplied"":true,""modelProfileReady"":false},""runtimeMcpCode"":[255,519,795,706,799,865,665,139],""model"":{""profileId"":""cnn-dualbranch-datasheet-v1-unbound"",""scalerProfileId"":""cnn-dualbranch-datasheet-v1-unbound"",""productionApproved"":true,""boundNullingProfileId"":8,""activeNullingProfileId"":9,""bindingValid"":true,""bindingModelMatches"":true,""profileReady"":false,""inferenceValid"":false,""sensorFault"":true},""lora"":{""beginState"":0,""lastTxState"":0,""lastTxOk"":false,""txSeq"":0,""txCounter"":0,""aesKeyProvisioned"":true,""aesKeyPresent"":true,""aesKeySource"":""nvs"",""keyId"":1,""lastDownlinkCommandId"":0,""freqMHz"":920,""bwKHz"":125,""sf"":7,""cr"":5,""syncWord"":18,""txPowerDbm"":17,""preamble"":8,""tcxoVoltage"":1.600000024,""xtalVoltage"":0},""dataset"":{""state"":""idle"",""step"":""idle"",""label"":"""",""seq"":0,""targetSamples"":0,""sampleIntervalMs"":500,""maxDurationMs"":0,""useFanIntake"":true,""fanOnMs"":1000,""postFanSettleMs"":0,""nullingProfileId"":9,""queuePending"":0,""queueCapacity"":16,""queueEnqueued"":0,""queueDropped"":0,""publishFailCount"":0,""retryCount"":0,""retryFailCount"":0,""rejectedSamples"":0,""lastRejectReason"":""none"",""lastRejectChannel"":-1,""lastRejectOkFiniteCount"":0,""lastRejectStatus"":255,""lastRejectGain"":0,""lastRejectSaturated"":false},""recovery"":{""wifiReconnectCount"":0,""wifiReconnectFailCount"":0,""mqttReconnectCount"":0,""mqttConnectFailCount"":0,""lastMqttState"":0,""adsRecoveryCount"":0,""adsRecoveryFailCount"":0,""adsReadFailStreak"":0,""lastReason"":""none"",""lastRecoveryMs"":0,""bootRecoveryArmed"":false,""bootRecoveryDueMs"":0,""bootRecoveryReason"":""none"",""bootRecoveryNonAdsFailure"":false,""bootRecoveryRestartCount"":0},""nulling"":{""done"":false,""retryArmed"":false,""attemptCount"":0,""nextRetryMs"":0,""thresholdV"":9.999999747E-06,""minFinalV"":0},""telemetry"":{""valid"":true,""sampleMs"":6951846,""gasClass"":6,""gasName"":""CO2"",""confidence"":0,""alarm"":false,""sensorVoltage"":[0.12695308,0.004128383,0.004817839,-0.002527451,-0.007041248,-0.011547944,-0.019551611,-0.025349442],""sensorGain"":[16,64,64,64,64,64,64,64],""sensorStatus"":[0,0,0,0,0,0,0,0],""featureOrder"":[""MQ8"",""MQ135"",""MQ3"",""MQ5"",""MQ4"",""MQ7"",""MQ6"",""MQ2""]},""alarmLatched"":false}"
2026-08-04 11:16:56.610 +07:00,575.491,HOT_SWEEP_70,70,700,300,1,0,0.12679337,0.004111112,0.004884453,-0.002530139,-0.007535481,-0.011532702,-0.019518759,-0.025403237,"{""deviceId"":""1001"",""nodeId"":4097,""targetChId"":""0010"",""mode"":""inference"",""uptimeMs"":6952938,""debugEnabled"":true,""power"":{""mode"":""24v"",""externalPower"":true,""batteryMv"":65535,""batteryValid"":false,""batteryDetected"":false,""batterySenseStatus"":""not_detected"",""batteryLow"":false,""batteryCritical"":false,""sourceAmbiguous"":false,""serviceHoldActive"":false,""serviceHoldEffective"":false},""batterySession"":{""state"":""inactive"",""startedMs"":0,""stateStartedMs"":0,""validSampleBatches"":0,""requiredSampleBatches"":10,""alarmTxAttempts"":0,""alarmTxAttemptLimit"":3,""alarmAckReceived"":false,""pendingAlarm"":false,""pendingSaveRequired"":false,""persistenceFaultHold"":false,""completionReason"":""session_done""},""bootHealth"":{""adsReady"":true,""adsDrdyLevel"":0,""adsDrdyPulldownLevel"":0,""adsDrdyPullupLevel"":0,""adsMisoPulldownLevel"":0,""adsMisoPullupLevel"":1,""adsCsLevel"":1,""adsSyncLevel"":1,""adsStatus"":54,""adsMux"":15,""adsAdcon"":6,""adsDrate"":240,""adsReason"":""ok"",""tcaOk"":true,""mcpOkCount"":8,""mcpOk"":[true,true,true,true,true,true,true,true],""mcpAddrMask"":[1,1,1,1,1,1,1,1],""mcpControlTested"":true,""mcpControlOkCount"":8,""mcpControlOk"":[true,true,true,true,true,true,true,true],""dacReady"":true,""radioReady"":true,""mlReady"":true,""nullingProfileApplied"":true,""modelProfileReady"":false},""runtimeMcpCode"":[255,519,795,706,799,865,665,139],""model"":{""profileId"":""cnn-dualbranch-datasheet-v1-unbound"",""scalerProfileId"":""cnn-dualbranch-datasheet-v1-unbound"",""productionApproved"":true,""boundNullingProfileId"":8,""activeNullingProfileId"":9,""bindingValid"":true,""bindingModelMatches"":true,""profileReady"":false,""inferenceValid"":false,""sensorFault"":true},""lora"":{""beginState"":0,""lastTxState"":0,""lastTxOk"":false,""txSeq"":0,""txCounter"":0,""aesKeyProvisioned"":true,""aesKeyPresent"":true,""aesKeySource"":""nvs"",""keyId"":1,""lastDownlinkCommandId"":0,""freqMHz"":920,""bwKHz"":125,""sf"":7,""cr"":5,""syncWord"":18,""txPowerDbm"":17,""preamble"":8,""tcxoVoltage"":1.600000024,""xtalVoltage"":0},""dataset"":{""state"":""idle"",""step"":""idle"",""label"":"""",""seq"":0,""targetSamples"":0,""sampleIntervalMs"":500,""maxDurationMs"":0,""useFanIntake"":true,""fanOnMs"":1000,""postFanSettleMs"":0,""nullingProfileId"":9,""queuePending"":0,""queueCapacity"":16,""queueEnqueued"":0,""queueDropped"":0,""publishFailCount"":0,""retryCount"":0,""retryFailCount"":0,""rejectedSamples"":0,""lastRejectReason"":""none"",""lastRejectChannel"":-1,""lastRejectOkFiniteCount"":0,""lastRejectStatus"":255,""lastRejectGain"":0,""lastRejectSaturated"":false},""recovery"":{""wifiReconnectCount"":0,""wifiReconnectFailCount"":0,""mqttReconnectCount"":0,""mqttConnectFailCount"":0,""lastMqttState"":0,""adsRecoveryCount"":0,""adsRecoveryFailCount"":0,""adsReadFailStreak"":0,""lastReason"":""none"",""lastRecoveryMs"":0,""bootRecoveryArmed"":false,""bootRecoveryDueMs"":0,""bootRecoveryReason"":""none"",""bootRecoveryNonAdsFailure"":false,""bootRecoveryRestartCount"":0},""nulling"":{""done"":false,""retryArmed"":false,""attemptCount"":0,""nextRetryMs"":0,""thresholdV"":9.999999747E-06,""minFinalV"":0},""telemetry"":{""valid"":true,""sampleMs"":6952561,""gasClass"":6,""gasName"":""CO2"",""confidence"":0,""alarm"":false,""sensorVoltage"":[0.12679337,0.004111112,0.004884453,-0.002530139,-0.007535481,-0.011532702,-0.019518759,-0.025403237],""sensorGain"":[16,64,64,64,64,64,64,64],""sensorStatus"":[0,0,0,0,0,0,0,0],""featureOrder"":[""MQ8"",""MQ135"",""MQ3"",""MQ5"",""MQ4"",""MQ7"",""MQ6"",""MQ2""]},""alarmLatched"":false}"
2026-08-04 11:16:57.302 +07:00,576.183,HOT_SWEEP_70,70,700,300,1,0,0.127643958,0.004057148,0.004878571,-0.002476503,-0.007682027,-0.011208808,-0.019108105,-0.024906294,"{""deviceId"":""1001"",""nodeId"":4097,""targetChId"":""0010"",""mode"":""inference"",""uptimeMs"":6953632,""debugEnabled"":true,""power"":{""mode"":""24v"",""externalPower"":true,""batteryMv"":65535,""batteryValid"":false,""batteryDetected"":false,""batterySenseStatus"":""not_detected"",""batteryLow"":false,""batteryCritical"":false,""sourceAmbiguous"":false,""serviceHoldActive"":false,""serviceHoldEffective"":false},""batterySession"":{""state"":""inactive"",""startedMs"":0,""stateStartedMs"":0,""validSampleBatches"":0,""requiredSampleBatches"":10,""alarmTxAttempts"":0,""alarmTxAttemptLimit"":3,""alarmAckReceived"":false,""pendingAlarm"":false,""pendingSaveRequired"":false,""persistenceFaultHold"":false,""completionReason"":""session_done""},""bootHealth"":{""adsReady"":true,""adsDrdyLevel"":0,""adsDrdyPulldownLevel"":0,""adsDrdyPullupLevel"":0,""adsMisoPulldownLevel"":0,""adsMisoPullupLevel"":1,""adsCsLevel"":1,""adsSyncLevel"":1,""adsStatus"":54,""adsMux"":15,""adsAdcon"":6,""adsDrate"":240,""adsReason"":""ok"",""tcaOk"":true,""mcpOkCount"":8,""mcpOk"":[true,true,true,true,true,true,true,true],""mcpAddrMask"":[1,1,1,1,1,1,1,1],""mcpControlTested"":true,""mcpControlOkCount"":8,""mcpControlOk"":[true,true,true,true,true,true,true,true],""dacReady"":true,""radioReady"":true,""mlReady"":true,""nullingProfileApplied"":true,""modelProfileReady"":false},""runtimeMcpCode"":[255,519,795,706,799,865,665,139],""model"":{""profileId"":""cnn-dualbranch-datasheet-v1-unbound"",""scalerProfileId"":""cnn-dualbranch-datasheet-v1-unbound"",""productionApproved"":true,""boundNullingProfileId"":8,""activeNullingProfileId"":9,""bindingValid"":true,""bindingModelMatches"":true,""profileReady"":false,""inferenceValid"":false,""sensorFault"":true},""lora"":{""beginState"":0,""lastTxState"":0,""lastTxOk"":false,""txSeq"":0,""txCounter"":0,""aesKeyProvisioned"":true,""aesKeyPresent"":true,""aesKeySource"":""nvs"",""keyId"":1,""lastDownlinkCommandId"":0,""freqMHz"":920,""bwKHz"":125,""sf"":7,""cr"":5,""syncWord"":18,""txPowerDbm"":17,""preamble"":8,""tcxoVoltage"":1.600000024,""xtalVoltage"":0},""dataset"":{""state"":""idle"",""step"":""idle"",""label"":"""",""seq"":0,""targetSamples"":0,""sampleIntervalMs"":500,""maxDurationMs"":0,""useFanIntake"":true,""fanOnMs"":1000,""postFanSettleMs"":0,""nullingProfileId"":9,""queuePending"":0,""queueCapacity"":16,""queueEnqueued"":0,""queueDropped"":0,""publishFailCount"":0,""retryCount"":0,""retryFailCount"":0,""rejectedSamples"":0,""lastRejectReason"":""none"",""lastRejectChannel"":-1,""lastRejectOkFiniteCount"":0,""lastRejectStatus"":255,""lastRejectGain"":0,""lastRejectSaturated"":false},""recovery"":{""wifiReconnectCount"":0,""wifiReconnectFailCount"":0,""mqttReconnectCount"":0,""mqttConnectFailCount"":0,""lastMqttState"":0,""adsRecoveryCount"":0,""adsRecoveryFailCount"":0,""adsReadFailStreak"":0,""lastReason"":""none"",""lastRecoveryMs"":0,""bootRecoveryArmed"":false,""bootRecoveryDueMs"":0,""bootRecoveryReason"":""none"",""bootRecoveryNonAdsFailure"":false,""bootRecoveryRestartCount"":0},""nulling"":{""done"":false,""retryArmed"":false,""attemptCount"":0,""nextRetryMs"":0,""thresholdV"":9.999999747E-06,""minFinalV"":0},""telemetry"":{""valid"":true,""sampleMs"":6953216,""gasClass"":6,""gasName"":""CO2"",""confidence"":0,""alarm"":false,""sensorVoltage"":[0.127643958,0.004057148,0.004878571,-0.002476503,-0.007682027,-0.011208808,-0.019108105,-0.024906294],""sensorGain"":[16,64,64,64,64,64,64,64],""sensorStatus"":[0,0,0,0,0,0,0,0],""featureOrder"":[""MQ8"",""MQ135"",""MQ3"",""MQ5"",""MQ4"",""MQ7"",""MQ6"",""MQ2""]},""alarmLatched"":false}"
2026-08-04 11:16:57.985 +07:00,576.866,HOT_SWEEP_70,70,700,300,1,0,0.127269104,0.004040117,0.004867989,-0.002489427,-0.007387122,-0.011492116,-0.019498158,-0.025406733,"{""deviceId"":""1001"",""nodeId"":4097,""targetChId"":""0010"",""mode"":""inference"",""uptimeMs"":6954319,""debugEnabled"":true,""power"":{""mode"":""24v"",""externalPower"":true,""batteryMv"":65535,""batteryValid"":false,""batteryDetected"":false,""batterySenseStatus"":""not_detected"",""batteryLow"":false,""batteryCritical"":false,""sourceAmbiguous"":false,""serviceHoldActive"":false,""serviceHoldEffective"":false},""batterySession"":{""state"":""inactive"",""startedMs"":0,""stateStartedMs"":0,""validSampleBatches"":0,""requiredSampleBatches"":10,""alarmTxAttempts"":0,""alarmTxAttemptLimit"":3,""alarmAckReceived"":false,""pendingAlarm"":false,""pendingSaveRequired"":false,""persistenceFaultHold"":false,""completionReason"":""session_done""},""bootHealth"":{""adsReady"":true,""adsDrdyLevel"":0,""adsDrdyPulldownLevel"":0,""adsDrdyPullupLevel"":0,""adsMisoPulldownLevel"":0,""adsMisoPullupLevel"":1,""adsCsLevel"":1,""adsSyncLevel"":1,""adsStatus"":54,""adsMux"":15,""adsAdcon"":6,""adsDrate"":240,""adsReason"":""ok"",""tcaOk"":true,""mcpOkCount"":8,""mcpOk"":[true,true,true,true,true,true,true,true],""mcpAddrMask"":[1,1,1,1,1,1,1,1],""mcpControlTested"":true,""mcpControlOkCount"":8,""mcpControlOk"":[true,true,true,true,true,true,true,true],""dacReady"":true,""radioReady"":true,""mlReady"":true,""nullingProfileApplied"":true,""modelProfileReady"":false},""runtimeMcpCode"":[255,519,795,706,799,865,665,139],""model"":{""profileId"":""cnn-dualbranch-datasheet-v1-unbound"",""scalerProfileId"":""cnn-dualbranch-datasheet-v1-unbound"",""productionApproved"":true,""boundNullingProfileId"":8,""activeNullingProfileId"":9,""bindingValid"":true,""bindingModelMatches"":true,""profileReady"":false,""inferenceValid"":false,""sensorFault"":true},""lora"":{""beginState"":0,""lastTxState"":0,""lastTxOk"":false,""txSeq"":0,""txCounter"":0,""aesKeyProvisioned"":true,""aesKeyPresent"":true,""aesKeySource"":""nvs"",""keyId"":1,""lastDownlinkCommandId"":0,""freqMHz"":920,""bwKHz"":125,""sf"":7,""cr"":5,""syncWord"":18,""txPowerDbm"":17,""preamble"":8,""tcxoVoltage"":1.600000024,""xtalVoltage"":0},""dataset"":{""state"":""idle"",""step"":""idle"",""label"":"""",""seq"":0,""targetSamples"":0,""sampleIntervalMs"":500,""maxDurationMs"":0,""useFanIntake"":true,""fanOnMs"":1000,""postFanSettleMs"":0,""nullingProfileId"":9,""queuePending"":0,""queueCapacity"":16,""queueEnqueued"":0,""queueDropped"":0,""publishFailCount"":0,""retryCount"":0,""retryFailCount"":0,""rejectedSamples"":0,""lastRejectReason"":""none"",""lastRejectChannel"":-1,""lastRejectOkFiniteCount"":0,""lastRejectStatus"":255,""lastRejectGain"":0,""lastRejectSaturated"":false},""recovery"":{""wifiReconnectCount"":0,""wifiReconnectFailCount"":0,""mqttReconnectCount"":0,""mqttConnectFailCount"":0,""lastMqttState"":0,""adsRecoveryCount"":0,""adsRecoveryFailCount"":0,""adsReadFailStreak"":0,""lastReason"":""none"",""lastRecoveryMs"":0,""bootRecoveryArmed"":false,""bootRecoveryDueMs"":0,""bootRecoveryReason"":""none"",""bootRecoveryNonAdsFailure"":false,""bootRecoveryRestartCount"":0},""nulling"":{""done"":false,""retryArmed"":false,""attemptCount"":0,""nextRetryMs"":0,""thresholdV"":9.999999747E-06,""minFinalV"":0},""telemetry"":{""valid"":true,""sampleMs"":6953910,""gasClass"":6,""gasName"":""CO2"",""confidence"":0,""alarm"":false,""sensorVoltage"":[0.127269104,0.004040117,0.004867989,-0.002489427,-0.007387122,-0.011492116,-0.019498158,-0.025406733],""sensorGain"":[16,64,64,64,64,64,64,64],""sensorStatus"":[0,0,0,0,0,0,0,0],""featureOrder"":[""MQ8"",""MQ135"",""MQ3"",""MQ5"",""MQ4"",""MQ7"",""MQ6"",""MQ2""]},""alarmLatched"":false}"
2026-08-04 11:16:58.670 +07:00,577.551,HOT_SWEEP_70,70,700,300,1,0,0.126865029,0.004053761,0.004813142,-0.0024987,-0.007234932,-0.011479108,-0.01949406,-0.025407905,"{""deviceId"":""1001"",""nodeId"":4097,""targetChId"":""0010"",""mode"":""inference"",""uptimeMs"":6955001,""debugEnabled"":true,""power"":{""mode"":""24v"",""externalPower"":true,""batteryMv"":65535,""batteryValid"":false,""batteryDetected"":false,""batterySenseStatus"":""not_detected"",""batteryLow"":false,""batteryCritical"":false,""sourceAmbiguous"":false,""serviceHoldActive"":false,""serviceHoldEffective"":false},""batterySession"":{""state"":""inactive"",""startedMs"":0,""stateStartedMs"":0,""validSampleBatches"":0,""requiredSampleBatches"":10,""alarmTxAttempts"":0,""alarmTxAttemptLimit"":3,""alarmAckReceived"":false,""pendingAlarm"":false,""pendingSaveRequired"":false,""persistenceFaultHold"":false,""completionReason"":""session_done""},""bootHealth"":{""adsReady"":true,""adsDrdyLevel"":0,""adsDrdyPulldownLevel"":0,""adsDrdyPullupLevel"":0,""adsMisoPulldownLevel"":0,""adsMisoPullupLevel"":1,""adsCsLevel"":1,""adsSyncLevel"":1,""adsStatus"":54,""adsMux"":15,""adsAdcon"":6,""adsDrate"":240,""adsReason"":""ok"",""tcaOk"":true,""mcpOkCount"":8,""mcpOk"":[true,true,true,true,true,true,true,true],""mcpAddrMask"":[1,1,1,1,1,1,1,1],""mcpControlTested"":true,""mcpControlOkCount"":8,""mcpControlOk"":[true,true,true,true,true,true,true,true],""dacReady"":true,""radioReady"":true,""mlReady"":true,""nullingProfileApplied"":true,""modelProfileReady"":false},""runtimeMcpCode"":[255,519,795,706,799,865,665,139],""model"":{""profileId"":""cnn-dualbranch-datasheet-v1-unbound"",""scalerProfileId"":""cnn-dualbranch-datasheet-v1-unbound"",""productionApproved"":true,""boundNullingProfileId"":8,""activeNullingProfileId"":9,""bindingValid"":true,""bindingModelMatches"":true,""profileReady"":false,""inferenceValid"":false,""sensorFault"":true},""lora"":{""beginState"":0,""lastTxState"":0,""lastTxOk"":false,""txSeq"":0,""txCounter"":0,""aesKeyProvisioned"":true,""aesKeyPresent"":true,""aesKeySource"":""nvs"",""keyId"":1,""lastDownlinkCommandId"":0,""freqMHz"":920,""bwKHz"":125,""sf"":7,""cr"":5,""syncWord"":18,""txPowerDbm"":17,""preamble"":8,""tcxoVoltage"":1.600000024,""xtalVoltage"":0},""dataset"":{""state"":""idle"",""step"":""idle"",""label"":"""",""seq"":0,""targetSamples"":0,""sampleIntervalMs"":500,""maxDurationMs"":0,""useFanIntake"":true,""fanOnMs"":1000,""postFanSettleMs"":0,""nullingProfileId"":9,""queuePending"":0,""queueCapacity"":16,""queueEnqueued"":0,""queueDropped"":0,""publishFailCount"":0,""retryCount"":0,""retryFailCount"":0,""rejectedSamples"":0,""lastRejectReason"":""none"",""lastRejectChannel"":-1,""lastRejectOkFiniteCount"":0,""lastRejectStatus"":255,""lastRejectGain"":0,""lastRejectSaturated"":false},""recovery"":{""wifiReconnectCount"":0,""wifiReconnectFailCount"":0,""mqttReconnectCount"":0,""mqttConnectFailCount"":0,""lastMqttState"":0,""adsRecoveryCount"":0,""adsRecoveryFailCount"":0,""adsReadFailStreak"":0,""lastReason"":""none"",""lastRecoveryMs"":0,""bootRecoveryArmed"":false,""bootRecoveryDueMs"":0,""bootRecoveryReason"":""none"",""bootRecoveryNonAdsFailure"":false,""bootRecoveryRestartCount"":0},""nulling"":{""done"":false,""retryArmed"":false,""attemptCount"":0,""nextRetryMs"":0,""thresholdV"":9.999999747E-06,""minFinalV"":0},""telemetry"":{""valid"":true,""sampleMs"":6954629,""gasClass"":6,""gasName"":""CO2"",""confidence"":0,""alarm"":false,""sensorVoltage"":[0.126865029,0.004053761,0.004813142,-0.0024987,-0.007234932,-0.011479108,-0.01949406,-0.025407905],""sensorGain"":[16,64,64,64,64,64,64,64],""sensorStatus"":[0,0,0,0,0,0,0,0],""featureOrder"":[""MQ8"",""MQ135"",""MQ3"",""MQ5"",""MQ4"",""MQ7"",""MQ6"",""MQ2""]},""alarmLatched"":false}"
2026-08-04 11:16:59.377 +07:00,578.256,HOT_SWEEP_70,70,700,300,1,0,0.127715915,0.003944767,0.004846923,-0.002436718,-0.006062907,-0.011196082,-0.019096995,-0.025413012,"{""deviceId"":""1001"",""nodeId"":4097,""targetChId"":""0010"",""mode"":""inference"",""uptimeMs"":6955700,""debugEnabled"":true,""power"":{""mode"":""24v"",""externalPower"":true,""batteryMv"":65535,""batteryValid"":false,""batteryDetected"":false,""batterySenseStatus"":""not_detected"",""batteryLow"":false,""batteryCritical"":false,""sourceAmbiguous"":false,""serviceHoldActive"":false,""serviceHoldEffective"":false},""batterySession"":{""state"":""inactive"",""startedMs"":0,""stateStartedMs"":0,""validSampleBatches"":0,""requiredSampleBatches"":10,""alarmTxAttempts"":0,""alarmTxAttemptLimit"":3,""alarmAckReceived"":false,""pendingAlarm"":false,""pendingSaveRequired"":false,""persistenceFaultHold"":false,""completionReason"":""session_done""},""bootHealth"":{""adsReady"":true,""adsDrdyLevel"":0,""adsDrdyPulldownLevel"":0,""adsDrdyPullupLevel"":0,""adsMisoPulldownLevel"":0,""adsMisoPullupLevel"":1,""adsCsLevel"":1,""adsSyncLevel"":1,""adsStatus"":54,""adsMux"":15,""adsAdcon"":6,""adsDrate"":240,""adsReason"":""ok"",""tcaOk"":true,""mcpOkCount"":8,""mcpOk"":[true,true,true,true,true,true,true,true],""mcpAddrMask"":[1,1,1,1,1,1,1,1],""mcpControlTested"":true,""mcpControlOkCount"":8,""mcpControlOk"":[true,true,true,true,true,true,true,true],""dacReady"":true,""radioReady"":true,""mlReady"":true,""nullingProfileApplied"":true,""modelProfileReady"":false},""runtimeMcpCode"":[255,519,795,706,799,865,665,139],""model"":{""profileId"":""cnn-dualbranch-datasheet-v1-unbound"",""scalerProfileId"":""cnn-dualbranch-datasheet-v1-unbound"",""productionApproved"":true,""boundNullingProfileId"":8,""activeNullingProfileId"":9,""bindingValid"":true,""bindingModelMatches"":true,""profileReady"":false,""inferenceValid"":false,""sensorFault"":true},""lora"":{""beginState"":0,""lastTxState"":0,""lastTxOk"":false,""txSeq"":0,""txCounter"":0,""aesKeyProvisioned"":true,""aesKeyPresent"":true,""aesKeySource"":""nvs"",""keyId"":1,""lastDownlinkCommandId"":0,""freqMHz"":920,""bwKHz"":125,""sf"":7,""cr"":5,""syncWord"":18,""txPowerDbm"":17,""preamble"":8,""tcxoVoltage"":1.600000024,""xtalVoltage"":0},""dataset"":{""state"":""idle"",""step"":""idle"",""label"":"""",""seq"":0,""targetSamples"":0,""sampleIntervalMs"":500,""maxDurationMs"":0,""useFanIntake"":true,""fanOnMs"":1000,""postFanSettleMs"":0,""nullingProfileId"":9,""queuePending"":0,""queueCapacity"":16,""queueEnqueued"":0,""queueDropped"":0,""publishFailCount"":0,""retryCount"":0,""retryFailCount"":0,""rejectedSamples"":0,""lastRejectReason"":""none"",""lastRejectChannel"":-1,""lastRejectOkFiniteCount"":0,""lastRejectStatus"":255,""lastRejectGain"":0,""lastRejectSaturated"":false},""recovery"":{""wifiReconnectCount"":0,""wifiReconnectFailCount"":0,""mqttReconnectCount"":0,""mqttConnectFailCount"":0,""lastMqttState"":0,""adsRecoveryCount"":0,""adsRecoveryFailCount"":0,""adsReadFailStreak"":0,""lastReason"":""none"",""lastRecoveryMs"":0,""bootRecoveryArmed"":false,""bootRecoveryDueMs"":0,""bootRecoveryReason"":""none"",""bootRecoveryNonAdsFailure"":false,""bootRecoveryRestartCount"":0},""nulling"":{""done"":false,""retryArmed"":false,""attemptCount"":0,""nextRetryMs"":0,""thresholdV"":9.999999747E-06,""minFinalV"":0},""telemetry"":{""valid"":true,""sampleMs"":6955279,""gasClass"":6,""gasName"":""CO2"",""confidence"":0,""alarm"":false,""sensorVoltage"":[0.127715915,0.003944767,0.004846923,-0.002436718,-0.006062907,-0.011196082,-0.019096995,-0.025413012],""sensorGain"":[16,64,64,64,64,64,64,64],""sensorStatus"":[0,0,0,0,0,0,0,0],""featureOrder"":[""MQ8"",""MQ135"",""MQ3"",""MQ5"",""MQ4"",""MQ7"",""MQ6"",""MQ2""]},""alarmLatched"":false}"
2026-08-04 11:17:00.053 +07:00,578.934,HOT_SWEEP_70,70,700,300,1,0,0.127128154,0.00395736,0.004874954,-0.002472518,-0.007009805,-0.011479845,-0.019475613,-0.025396671,"{""deviceId"":""1001"",""nodeId"":4097,""targetChId"":""0010"",""mode"":""inference"",""uptimeMs"":6956382,""debugEnabled"":true,""power"":{""mode"":""24v"",""externalPower"":true,""batteryMv"":65535,""batteryValid"":false,""batteryDetected"":false,""batterySenseStatus"":""not_detected"",""batteryLow"":false,""batteryCritical"":false,""sourceAmbiguous"":false,""serviceHoldActive"":false,""serviceHoldEffective"":false},""batterySession"":{""state"":""inactive"",""startedMs"":0,""stateStartedMs"":0,""validSampleBatches"":0,""requiredSampleBatches"":10,""alarmTxAttempts"":0,""alarmTxAttemptLimit"":3,""alarmAckReceived"":false,""pendingAlarm"":false,""pendingSaveRequired"":false,""persistenceFaultHold"":false,""completionReason"":""session_done""},""bootHealth"":{""adsReady"":true,""adsDrdyLevel"":0,""adsDrdyPulldownLevel"":0,""adsDrdyPullupLevel"":0,""adsMisoPulldownLevel"":0,""adsMisoPullupLevel"":1,""adsCsLevel"":1,""adsSyncLevel"":1,""adsStatus"":54,""adsMux"":15,""adsAdcon"":6,""adsDrate"":240,""adsReason"":""ok"",""tcaOk"":true,""mcpOkCount"":8,""mcpOk"":[true,true,true,true,true,true,true,true],""mcpAddrMask"":[1,1,1,1,1,1,1,1],""mcpControlTested"":true,""mcpControlOkCount"":8,""mcpControlOk"":[true,true,true,true,true,true,true,true],""dacReady"":true,""radioReady"":true,""mlReady"":true,""nullingProfileApplied"":true,""modelProfileReady"":false},""runtimeMcpCode"":[255,519,795,706,799,865,665,139],""model"":{""profileId"":""cnn-dualbranch-datasheet-v1-unbound"",""scalerProfileId"":""cnn-dualbranch-datasheet-v1-unbound"",""productionApproved"":true,""boundNullingProfileId"":8,""activeNullingProfileId"":9,""bindingValid"":true,""bindingModelMatches"":true,""profileReady"":false,""inferenceValid"":false,""sensorFault"":true},""lora"":{""beginState"":0,""lastTxState"":0,""lastTxOk"":false,""txSeq"":0,""txCounter"":0,""aesKeyProvisioned"":true,""aesKeyPresent"":true,""aesKeySource"":""nvs"",""keyId"":1,""lastDownlinkCommandId"":0,""freqMHz"":920,""bwKHz"":125,""sf"":7,""cr"":5,""syncWord"":18,""txPowerDbm"":17,""preamble"":8,""tcxoVoltage"":1.600000024,""xtalVoltage"":0},""dataset"":{""state"":""idle"",""step"":""idle"",""label"":"""",""seq"":0,""targetSamples"":0,""sampleIntervalMs"":500,""maxDurationMs"":0,""useFanIntake"":true,""fanOnMs"":1000,""postFanSettleMs"":0,""nullingProfileId"":9,""queuePending"":0,""queueCapacity"":16,""queueEnqueued"":0,""queueDropped"":0,""publishFailCount"":0,""retryCount"":0,""retryFailCount"":0,""rejectedSamples"":0,""lastRejectReason"":""none"",""lastRejectChannel"":-1,""lastRejectOkFiniteCount"":0,""lastRejectStatus"":255,""lastRejectGain"":0,""lastRejectSaturated"":false},""recovery"":{""wifiReconnectCount"":0,""wifiReconnectFailCount"":0,""mqttReconnectCount"":0,""mqttConnectFailCount"":0,""lastMqttState"":0,""adsRecoveryCount"":0,""adsRecoveryFailCount"":0,""adsReadFailStreak"":0,""lastReason"":""none"",""lastRecoveryMs"":0,""bootRecoveryArmed"":false,""bootRecoveryDueMs"":0,""bootRecoveryReason"":""none"",""bootRecoveryNonAdsFailure"":false,""bootRecoveryRestartCount"":0},""nulling"":{""done"":false,""retryArmed"":false,""attemptCount"":0,""nextRetryMs"":0,""thresholdV"":9.999999747E-06,""minFinalV"":0},""telemetry"":{""valid"":true,""sampleMs"":6955978,""gasClass"":6,""gasName"":""CO2"",""confidence"":0,""alarm"":false,""sensorVoltage"":[0.127128154,0.00395736,0.004874954,-0.002472518,-0.007009805,-0.011479845,-0.019475613,-0.025396671],""sensorGain"":[16,64,64,64,64,64,64,64],""sensorStatus"":[0,0,0,0,0,0,0,0],""featureOrder"":[""MQ8"",""MQ135"",""MQ3"",""MQ5"",""MQ4"",""MQ7"",""MQ6"",""MQ2""]},""alarmLatched"":false}"
2026-08-04 11:17:00.733 +07:00,579.614,HOT_SWEEP_70,70,700,300,1,0,0.126963064,0.003973676,0.004888478,-0.002498565,-0.006495693,-0.011467326,-0.019468706,-0.025419325,"{""deviceId"":""1001"",""nodeId"":4097,""targetChId"":""0010"",""mode"":""inference"",""uptimeMs"":6957068,""debugEnabled"":true,""power"":{""mode"":""24v"",""externalPower"":true,""batteryMv"":65535,""batteryValid"":false,""batteryDetected"":false,""batterySenseStatus"":""not_detected"",""batteryLow"":false,""batteryCritical"":false,""sourceAmbiguous"":false,""serviceHoldActive"":false,""serviceHoldEffective"":false},""batterySession"":{""state"":""inactive"",""startedMs"":0,""stateStartedMs"":0,""validSampleBatches"":0,""requiredSampleBatches"":10,""alarmTxAttempts"":0,""alarmTxAttemptLimit"":3,""alarmAckReceived"":false,""pendingAlarm"":false,""pendingSaveRequired"":false,""persistenceFaultHold"":false,""completionReason"":""session_done""},""bootHealth"":{""adsReady"":true,""adsDrdyLevel"":0,""adsDrdyPulldownLevel"":0,""adsDrdyPullupLevel"":0,""adsMisoPulldownLevel"":0,""adsMisoPullupLevel"":1,""adsCsLevel"":1,""adsSyncLevel"":1,""adsStatus"":54,""adsMux"":15,""adsAdcon"":6,""adsDrate"":240,""adsReason"":""ok"",""tcaOk"":true,""mcpOkCount"":8,""mcpOk"":[true,true,true,true,true,true,true,true],""mcpAddrMask"":[1,1,1,1,1,1,1,1],""mcpControlTested"":true,""mcpControlOkCount"":8,""mcpControlOk"":[true,true,true,true,true,true,true,true],""dacReady"":true,""radioReady"":true,""mlReady"":true,""nullingProfileApplied"":true,""modelProfileReady"":false},""runtimeMcpCode"":[255,519,795,706,799,865,665,139],""model"":{""profileId"":""cnn-dualbranch-datasheet-v1-unbound"",""scalerProfileId"":""cnn-dualbranch-datasheet-v1-unbound"",""productionApproved"":true,""boundNullingProfileId"":8,""activeNullingProfileId"":9,""bindingValid"":true,""bindingModelMatches"":true,""profileReady"":false,""inferenceValid"":false,""sensorFault"":true},""lora"":{""beginState"":0,""lastTxState"":0,""lastTxOk"":false,""txSeq"":0,""txCounter"":0,""aesKeyProvisioned"":true,""aesKeyPresent"":true,""aesKeySource"":""nvs"",""keyId"":1,""lastDownlinkCommandId"":0,""freqMHz"":920,""bwKHz"":125,""sf"":7,""cr"":5,""syncWord"":18,""txPowerDbm"":17,""preamble"":8,""tcxoVoltage"":1.600000024,""xtalVoltage"":0},""dataset"":{""state"":""idle"",""step"":""idle"",""label"":"""",""seq"":0,""targetSamples"":0,""sampleIntervalMs"":500,""maxDurationMs"":0,""useFanIntake"":true,""fanOnMs"":1000,""postFanSettleMs"":0,""nullingProfileId"":9,""queuePending"":0,""queueCapacity"":16,""queueEnqueued"":0,""queueDropped"":0,""publishFailCount"":0,""retryCount"":0,""retryFailCount"":0,""rejectedSamples"":0,""lastRejectReason"":""none"",""lastRejectChannel"":-1,""lastRejectOkFiniteCount"":0,""lastRejectStatus"":255,""lastRejectGain"":0,""lastRejectSaturated"":false},""recovery"":{""wifiReconnectCount"":0,""wifiReconnectFailCount"":0,""mqttReconnectCount"":0,""mqttConnectFailCount"":0,""lastMqttState"":0,""adsRecoveryCount"":0,""adsRecoveryFailCount"":0,""adsReadFailStreak"":0,""lastReason"":""none"",""lastRecoveryMs"":0,""bootRecoveryArmed"":false,""bootRecoveryDueMs"":0,""bootRecoveryReason"":""none"",""bootRecoveryNonAdsFailure"":false,""bootRecoveryRestartCount"":0},""nulling"":{""done"":false,""retryArmed"":false,""attemptCount"":0,""nextRetryMs"":0,""thresholdV"":9.999999747E-06,""minFinalV"":0},""telemetry"":{""valid"":true,""sampleMs"":6956692,""gasClass"":6,""gasName"":""CO2"",""confidence"":0,""alarm"":false,""sensorVoltage"":[0.126963064,0.003973676,0.004888478,-0.002498565,-0.006495693,-0.011467326,-0.019468706,-0.025419325],""sensorGain"":[16,64,64,64,64,64,64,64],""sensorStatus"":[0,0,0,0,0,0,0,0],""featureOrder"":[""MQ8"",""MQ135"",""MQ3"",""MQ5"",""MQ4"",""MQ7"",""MQ6"",""MQ2""]},""alarmLatched"":false}"
2026-08-04 11:17:01.422 +07:00,580.303,HOT_SWEEP_70,70,700,300,1,0,0.128306285,0.003940664,0.004834727,-0.002476808,-0.00681176,-0.011450562,-0.019471198,-0.025426427,"{""deviceId"":""1001"",""nodeId"":4097,""targetChId"":""0010"",""mode"":""inference"",""uptimeMs"":6957747,""debugEnabled"":true,""power"":{""mode"":""24v"",""externalPower"":true,""batteryMv"":65535,""batteryValid"":false,""batteryDetected"":false,""batterySenseStatus"":""not_detected"",""batteryLow"":false,""batteryCritical"":false,""sourceAmbiguous"":false,""serviceHoldActive"":false,""serviceHoldEffective"":false},""batterySession"":{""state"":""inactive"",""startedMs"":0,""stateStartedMs"":0,""validSampleBatches"":0,""requiredSampleBatches"":10,""alarmTxAttempts"":0,""alarmTxAttemptLimit"":3,""alarmAckReceived"":false,""pendingAlarm"":false,""pendingSaveRequired"":false,""persistenceFaultHold"":false,""completionReason"":""session_done""},""bootHealth"":{""adsReady"":true,""adsDrdyLevel"":0,""adsDrdyPulldownLevel"":0,""adsDrdyPullupLevel"":0,""adsMisoPulldownLevel"":0,""adsMisoPullupLevel"":1,""adsCsLevel"":1,""adsSyncLevel"":1,""adsStatus"":54,""adsMux"":15,""adsAdcon"":6,""adsDrate"":240,""adsReason"":""ok"",""tcaOk"":true,""mcpOkCount"":8,""mcpOk"":[true,true,true,true,true,true,true,true],""mcpAddrMask"":[1,1,1,1,1,1,1,1],""mcpControlTested"":true,""mcpControlOkCount"":8,""mcpControlOk"":[true,true,true,true,true,true,true,true],""dacReady"":true,""radioReady"":true,""mlReady"":true,""nullingProfileApplied"":true,""modelProfileReady"":false},""runtimeMcpCode"":[255,519,795,706,799,865,665,139],""model"":{""profileId"":""cnn-dualbranch-datasheet-v1-unbound"",""scalerProfileId"":""cnn-dualbranch-datasheet-v1-unbound"",""productionApproved"":true,""boundNullingProfileId"":8,""activeNullingProfileId"":9,""bindingValid"":true,""bindingModelMatches"":true,""profileReady"":false,""inferenceValid"":false,""sensorFault"":true},""lora"":{""beginState"":0,""lastTxState"":0,""lastTxOk"":false,""txSeq"":0,""txCounter"":0,""aesKeyProvisioned"":true,""aesKeyPresent"":true,""aesKeySource"":""nvs"",""keyId"":1,""lastDownlinkCommandId"":0,""freqMHz"":920,""bwKHz"":125,""sf"":7,""cr"":5,""syncWord"":18,""txPowerDbm"":17,""preamble"":8,""tcxoVoltage"":1.600000024,""xtalVoltage"":0},""dataset"":{""state"":""idle"",""step"":""idle"",""label"":"""",""seq"":0,""targetSamples"":0,""sampleIntervalMs"":500,""maxDurationMs"":0,""useFanIntake"":true,""fanOnMs"":1000,""postFanSettleMs"":0,""nullingProfileId"":9,""queuePending"":0,""queueCapacity"":16,""queueEnqueued"":0,""queueDropped"":0,""publishFailCount"":0,""retryCount"":0,""retryFailCount"":0,""rejectedSamples"":0,""lastRejectReason"":""none"",""lastRejectChannel"":-1,""lastRejectOkFiniteCount"":0,""lastRejectStatus"":255,""lastRejectGain"":0,""lastRejectSaturated"":false},""recovery"":{""wifiReconnectCount"":0,""wifiReconnectFailCount"":0,""mqttReconnectCount"":0,""mqttConnectFailCount"":0,""lastMqttState"":0,""adsRecoveryCount"":0,""adsRecoveryFailCount"":0,""adsReadFailStreak"":0,""lastReason"":""none"",""lastRecoveryMs"":0,""bootRecoveryArmed"":false,""bootRecoveryDueMs"":0,""bootRecoveryReason"":""none"",""bootRecoveryNonAdsFailure"":false,""bootRecoveryRestartCount"":0},""nulling"":{""done"":false,""retryArmed"":false,""attemptCount"":0,""nextRetryMs"":0,""thresholdV"":9.999999747E-06,""minFinalV"":0},""telemetry"":{""valid"":true,""sampleMs"":6957346,""gasClass"":6,""gasName"":""CO2"",""confidence"":0,""alarm"":false,""sensorVoltage"":[0.128306285,0.003940664,0.004834727,-0.002476808,-0.00681176,-0.011450562,-0.019471198,-0.025426427],""sensorGain"":[16,64,64,64,64,64,64,64],""sensorStatus"":[0,0,0,0,0,0,0,0],""featureOrder"":[""MQ8"",""MQ135"",""MQ3"",""MQ5"",""MQ4"",""MQ7"",""MQ6"",""MQ2""]},""alarmLatched"":false}"
2026-08-04 11:17:02.100 +07:00,580.981,HOT_SWEEP_70,70,700,300,1,0,0.127930552,0.003968341,0.004882877,-0.002497769,-0.007034074,-0.011439024,-0.019465592,-0.025435481,"{""deviceId"":""1001"",""nodeId"":4097,""targetChId"":""0010"",""mode"":""inference"",""uptimeMs"":6958434,""debugEnabled"":true,""power"":{""mode"":""24v"",""externalPower"":true,""batteryMv"":65535,""batteryValid"":false,""batteryDetected"":false,""batterySenseStatus"":""not_detected"",""batteryLow"":false,""batteryCritical"":false,""sourceAmbiguous"":false,""serviceHoldActive"":false,""serviceHoldEffective"":false},""batterySession"":{""state"":""inactive"",""startedMs"":0,""stateStartedMs"":0,""validSampleBatches"":0,""requiredSampleBatches"":10,""alarmTxAttempts"":0,""alarmTxAttemptLimit"":3,""alarmAckReceived"":false,""pendingAlarm"":false,""pendingSaveRequired"":false,""persistenceFaultHold"":false,""completionReason"":""session_done""},""bootHealth"":{""adsReady"":true,""adsDrdyLevel"":0,""adsDrdyPulldownLevel"":0,""adsDrdyPullupLevel"":0,""adsMisoPulldownLevel"":0,""adsMisoPullupLevel"":1,""adsCsLevel"":1,""adsSyncLevel"":1,""adsStatus"":54,""adsMux"":15,""adsAdcon"":6,""adsDrate"":240,""adsReason"":""ok"",""tcaOk"":true,""mcpOkCount"":8,""mcpOk"":[true,true,true,true,true,true,true,true],""mcpAddrMask"":[1,1,1,1,1,1,1,1],""mcpControlTested"":true,""mcpControlOkCount"":8,""mcpControlOk"":[true,true,true,true,true,true,true,true],""dacReady"":true,""radioReady"":true,""mlReady"":true,""nullingProfileApplied"":true,""modelProfileReady"":false},""runtimeMcpCode"":[255,519,795,706,799,865,665,139],""model"":{""profileId"":""cnn-dualbranch-datasheet-v1-unbound"",""scalerProfileId"":""cnn-dualbranch-datasheet-v1-unbound"",""productionApproved"":true,""boundNullingProfileId"":8,""activeNullingProfileId"":9,""bindingValid"":true,""bindingModelMatches"":true,""profileReady"":false,""inferenceValid"":false,""sensorFault"":true},""lora"":{""beginState"":0,""lastTxState"":0,""lastTxOk"":false,""txSeq"":0,""txCounter"":0,""aesKeyProvisioned"":true,""aesKeyPresent"":true,""aesKeySource"":""nvs"",""keyId"":1,""lastDownlinkCommandId"":0,""freqMHz"":920,""bwKHz"":125,""sf"":7,""cr"":5,""syncWord"":18,""txPowerDbm"":17,""preamble"":8,""tcxoVoltage"":1.600000024,""xtalVoltage"":0},""dataset"":{""state"":""idle"",""step"":""idle"",""label"":"""",""seq"":0,""targetSamples"":0,""sampleIntervalMs"":500,""maxDurationMs"":0,""useFanIntake"":true,""fanOnMs"":1000,""postFanSettleMs"":0,""nullingProfileId"":9,""queuePending"":0,""queueCapacity"":16,""queueEnqueued"":0,""queueDropped"":0,""publishFailCount"":0,""retryCount"":0,""retryFailCount"":0,""rejectedSamples"":0,""lastRejectReason"":""none"",""lastRejectChannel"":-1,""lastRejectOkFiniteCount"":0,""lastRejectStatus"":255,""lastRejectGain"":0,""lastRejectSaturated"":false},""recovery"":{""wifiReconnectCount"":0,""wifiReconnectFailCount"":0,""mqttReconnectCount"":0,""mqttConnectFailCount"":0,""lastMqttState"":0,""adsRecoveryCount"":0,""adsRecoveryFailCount"":0,""adsReadFailStreak"":0,""lastReason"":""none"",""lastRecoveryMs"":0,""bootRecoveryArmed"":false,""bootRecoveryDueMs"":0,""bootRecoveryReason"":""none"",""bootRecoveryNonAdsFailure"":false,""bootRecoveryRestartCount"":0},""nulling"":{""done"":false,""retryArmed"":false,""attemptCount"":0,""nextRetryMs"":0,""thresholdV"":9.999999747E-06,""minFinalV"":0},""telemetry"":{""valid"":true,""sampleMs"":6958025,""gasClass"":6,""gasName"":""CO2"",""confidence"":0,""alarm"":false,""sensorVoltage"":[0.127930552,0.003968341,0.004882877,-0.002497769,-0.007034074,-0.011439024,-0.019465592,-0.025435481],""sensorGain"":[16,64,64,64,64,64,64,64],""sensorStatus"":[0,0,0,0,0,0,0,0],""featureOrder"":[""MQ8"",""MQ135"",""MQ3"",""MQ5"",""MQ4"",""MQ7"",""MQ6"",""MQ2""]},""alarmLatched"":false}"
2026-08-04 11:17:02.794 +07:00,581.673,HOT_SWEEP_70,70,700,300,1,0,0.127291307,0.00398747,0.004920292,-0.002574636,-0.007073817,-0.011510147,-0.019418079,-0.025499826,"{""deviceId"":""1001"",""nodeId"":4097,""targetChId"":""0010"",""mode"":""inference"",""uptimeMs"":6959115,""debugEnabled"":true,""power"":{""mode"":""24v"",""externalPower"":true,""batteryMv"":65535,""batteryValid"":false,""batteryDetected"":false,""batterySenseStatus"":""not_detected"",""batteryLow"":false,""batteryCritical"":false,""sourceAmbiguous"":false,""serviceHoldActive"":false,""serviceHoldEffective"":false},""batterySession"":{""state"":""inactive"",""startedMs"":0,""stateStartedMs"":0,""validSampleBatches"":0,""requiredSampleBatches"":10,""alarmTxAttempts"":0,""alarmTxAttemptLimit"":3,""alarmAckReceived"":false,""pendingAlarm"":false,""pendingSaveRequired"":false,""persistenceFaultHold"":false,""completionReason"":""session_done""},""bootHealth"":{""adsReady"":true,""adsDrdyLevel"":0,""adsDrdyPulldownLevel"":0,""adsDrdyPullupLevel"":0,""adsMisoPulldownLevel"":0,""adsMisoPullupLevel"":1,""adsCsLevel"":1,""adsSyncLevel"":1,""adsStatus"":54,""adsMux"":15,""adsAdcon"":6,""adsDrate"":240,""adsReason"":""ok"",""tcaOk"":true,""mcpOkCount"":8,""mcpOk"":[true,true,true,true,true,true,true,true],""mcpAddrMask"":[1,1,1,1,1,1,1,1],""mcpControlTested"":true,""mcpControlOkCount"":8,""mcpControlOk"":[true,true,true,true,true,true,true,true],""dacReady"":true,""radioReady"":true,""mlReady"":true,""nullingProfileApplied"":true,""modelProfileReady"":false},""runtimeMcpCode"":[255,519,795,706,799,865,665,139],""model"":{""profileId"":""cnn-dualbranch-datasheet-v1-unbound"",""scalerProfileId"":""cnn-dualbranch-datasheet-v1-unbound"",""productionApproved"":true,""boundNullingProfileId"":8,""activeNullingProfileId"":9,""bindingValid"":true,""bindingModelMatches"":true,""profileReady"":false,""inferenceValid"":false,""sensorFault"":true},""lora"":{""beginState"":0,""lastTxState"":0,""lastTxOk"":false,""txSeq"":0,""txCounter"":0,""aesKeyProvisioned"":true,""aesKeyPresent"":true,""aesKeySource"":""nvs"",""keyId"":1,""lastDownlinkCommandId"":0,""freqMHz"":920,""bwKHz"":125,""sf"":7,""cr"":5,""syncWord"":18,""txPowerDbm"":17,""preamble"":8,""tcxoVoltage"":1.600000024,""xtalVoltage"":0},""dataset"":{""state"":""idle"",""step"":""idle"",""label"":"""",""seq"":0,""targetSamples"":0,""sampleIntervalMs"":500,""maxDurationMs"":0,""useFanIntake"":true,""fanOnMs"":1000,""postFanSettleMs"":0,""nullingProfileId"":9,""queuePending"":0,""queueCapacity"":16,""queueEnqueued"":0,""queueDropped"":0,""publishFailCount"":0,""retryCount"":0,""retryFailCount"":0,""rejectedSamples"":0,""lastRejectReason"":""none"",""lastRejectChannel"":-1,""lastRejectOkFiniteCount"":0,""lastRejectStatus"":255,""lastRejectGain"":0,""lastRejectSaturated"":false},""recovery"":{""wifiReconnectCount"":0,""wifiReconnectFailCount"":0,""mqttReconnectCount"":0,""mqttConnectFailCount"":0,""lastMqttState"":0,""adsRecoveryCount"":0,""adsRecoveryFailCount"":0,""adsReadFailStreak"":0,""lastReason"":""none"",""lastRecoveryMs"":0,""bootRecoveryArmed"":false,""bootRecoveryDueMs"":0,""bootRecoveryReason"":""none"",""bootRecoveryNonAdsFailure"":false,""bootRecoveryRestartCount"":0},""nulling"":{""done"":false,""retryArmed"":false,""attemptCount"":0,""nextRetryMs"":0,""thresholdV"":9.999999747E-06,""minFinalV"":0},""telemetry"":{""valid"":true,""sampleMs"":6958744,""gasClass"":6,""gasName"":""CO2"",""confidence"":0,""alarm"":false,""sensorVoltage"":[0.127291307,0.00398747,0.004920292,-0.002574636,-0.007073817,-0.011510147,-0.019418079,-0.025499826],""sensorGain"":[16,64,64,64,64,64,64,64],""sensorStatus"":[0,0,0,0,0,0,0,0],""featureOrder"":[""MQ8"",""MQ135"",""MQ3"",""MQ5"",""MQ4"",""MQ7"",""MQ6"",""MQ2""]},""alarmLatched"":false}"
2026-08-04 11:17:03.483 +07:00,582.364,HOT_SWEEP_70,70,700,300,1,0,0.128099948,0.003976603,0.004932991,-0.002558771,-0.006741666,-0.011519632,-0.019430554,-0.025431886,"{""deviceId"":""1001"",""nodeId"":4097,""targetChId"":""0010"",""mode"":""inference"",""uptimeMs"":6959807,""debugEnabled"":true,""power"":{""mode"":""24v"",""externalPower"":true,""batteryMv"":65535,""batteryValid"":false,""batteryDetected"":false,""batterySenseStatus"":""not_detected"",""batteryLow"":false,""batteryCritical"":false,""sourceAmbiguous"":false,""serviceHoldActive"":false,""serviceHoldEffective"":false},""batterySession"":{""state"":""inactive"",""startedMs"":0,""stateStartedMs"":0,""validSampleBatches"":0,""requiredSampleBatches"":10,""alarmTxAttempts"":0,""alarmTxAttemptLimit"":3,""alarmAckReceived"":false,""pendingAlarm"":false,""pendingSaveRequired"":false,""persistenceFaultHold"":false,""completionReason"":""session_done""},""bootHealth"":{""adsReady"":true,""adsDrdyLevel"":0,""adsDrdyPulldownLevel"":0,""adsDrdyPullupLevel"":0,""adsMisoPulldownLevel"":0,""adsMisoPullupLevel"":1,""adsCsLevel"":1,""adsSyncLevel"":1,""adsStatus"":54,""adsMux"":15,""adsAdcon"":6,""adsDrate"":240,""adsReason"":""ok"",""tcaOk"":true,""mcpOkCount"":8,""mcpOk"":[true,true,true,true,true,true,true,true],""mcpAddrMask"":[1,1,1,1,1,1,1,1],""mcpControlTested"":true,""mcpControlOkCount"":8,""mcpControlOk"":[true,true,true,true,true,true,true,true],""dacReady"":true,""radioReady"":true,""mlReady"":true,""nullingProfileApplied"":true,""modelProfileReady"":false},""runtimeMcpCode"":[255,519,795,706,799,865,665,139],""model"":{""profileId"":""cnn-dualbranch-datasheet-v1-unbound"",""scalerProfileId"":""cnn-dualbranch-datasheet-v1-unbound"",""productionApproved"":true,""boundNullingProfileId"":8,""activeNullingProfileId"":9,""bindingValid"":true,""bindingModelMatches"":true,""profileReady"":false,""inferenceValid"":false,""sensorFault"":true},""lora"":{""beginState"":0,""lastTxState"":0,""lastTxOk"":false,""txSeq"":0,""txCounter"":0,""aesKeyProvisioned"":true,""aesKeyPresent"":true,""aesKeySource"":""nvs"",""keyId"":1,""lastDownlinkCommandId"":0,""freqMHz"":920,""bwKHz"":125,""sf"":7,""cr"":5,""syncWord"":18,""txPowerDbm"":17,""preamble"":8,""tcxoVoltage"":1.600000024,""xtalVoltage"":0},""dataset"":{""state"":""idle"",""step"":""idle"",""label"":"""",""seq"":0,""targetSamples"":0,""sampleIntervalMs"":500,""maxDurationMs"":0,""useFanIntake"":true,""fanOnMs"":1000,""postFanSettleMs"":0,""nullingProfileId"":9,""queuePending"":0,""queueCapacity"":16,""queueEnqueued"":0,""queueDropped"":0,""publishFailCount"":0,""retryCount"":0,""retryFailCount"":0,""rejectedSamples"":0,""lastRejectReason"":""none"",""lastRejectChannel"":-1,""lastRejectOkFiniteCount"":0,""lastRejectStatus"":255,""lastRejectGain"":0,""lastRejectSaturated"":false},""recovery"":{""wifiReconnectCount"":0,""wifiReconnectFailCount"":0,""mqttReconnectCount"":0,""mqttConnectFailCount"":0,""lastMqttState"":0,""adsRecoveryCount"":0,""adsRecoveryFailCount"":0,""adsReadFailStreak"":0,""lastReason"":""none"",""lastRecoveryMs"":0,""bootRecoveryArmed"":false,""bootRecoveryDueMs"":0,""bootRecoveryReason"":""none"",""bootRecoveryNonAdsFailure"":false,""bootRecoveryRestartCount"":0},""nulling"":{""done"":false,""retryArmed"":false,""attemptCount"":0,""nextRetryMs"":0,""thresholdV"":9.999999747E-06,""minFinalV"":0},""telemetry"":{""valid"":true,""sampleMs"":6959393,""gasClass"":6,""gasName"":""CO2"",""confidence"":0,""alarm"":false,""sensorVoltage"":[0.128099948,0.003976603,0.004932991,-0.002558771,-0.006741666,-0.011519632,-0.019430554,-0.025431886],""sensorGain"":[16,64,64,64,64,64,64,64],""sensorStatus"":[0,0,0,0,0,0,0,0],""featureOrder"":[""MQ8"",""MQ135"",""MQ3"",""MQ5"",""MQ4"",""MQ7"",""MQ6"",""MQ2""]},""alarmLatched"":false}"
2026-08-04 11:17:04.165 +07:00,583.046,HOT_SWEEP_70,70,700,300,1,0,0.127725884,0.003999954,0.004939121,-0.002591336,-0.006781808,-0.01152093,-0.019480659,-0.025448889,"{""deviceId"":""1001"",""nodeId"":4097,""targetChId"":""0010"",""mode"":""inference"",""uptimeMs"":6960499,""debugEnabled"":true,""power"":{""mode"":""24v"",""externalPower"":true,""batteryMv"":65535,""batteryValid"":false,""batteryDetected"":false,""batterySenseStatus"":""not_detected"",""batteryLow"":false,""batteryCritical"":false,""sourceAmbiguous"":false,""serviceHoldActive"":false,""serviceHoldEffective"":false},""batterySession"":{""state"":""inactive"",""startedMs"":0,""stateStartedMs"":0,""validSampleBatches"":0,""requiredSampleBatches"":10,""alarmTxAttempts"":0,""alarmTxAttemptLimit"":3,""alarmAckReceived"":false,""pendingAlarm"":false,""pendingSaveRequired"":false,""persistenceFaultHold"":false,""completionReason"":""session_done""},""bootHealth"":{""adsReady"":true,""adsDrdyLevel"":0,""adsDrdyPulldownLevel"":0,""adsDrdyPullupLevel"":0,""adsMisoPulldownLevel"":0,""adsMisoPullupLevel"":1,""adsCsLevel"":1,""adsSyncLevel"":1,""adsStatus"":54,""adsMux"":15,""adsAdcon"":6,""adsDrate"":240,""adsReason"":""ok"",""tcaOk"":true,""mcpOkCount"":8,""mcpOk"":[true,true,true,true,true,true,true,true],""mcpAddrMask"":[1,1,1,1,1,1,1,1],""mcpControlTested"":true,""mcpControlOkCount"":8,""mcpControlOk"":[true,true,true,true,true,true,true,true],""dacReady"":true,""radioReady"":true,""mlReady"":true,""nullingProfileApplied"":true,""modelProfileReady"":false},""runtimeMcpCode"":[255,519,795,706,799,865,665,139],""model"":{""profileId"":""cnn-dualbranch-datasheet-v1-unbound"",""scalerProfileId"":""cnn-dualbranch-datasheet-v1-unbound"",""productionApproved"":true,""boundNullingProfileId"":8,""activeNullingProfileId"":9,""bindingValid"":true,""bindingModelMatches"":true,""profileReady"":false,""inferenceValid"":false,""sensorFault"":true},""lora"":{""beginState"":0,""lastTxState"":0,""lastTxOk"":false,""txSeq"":0,""txCounter"":0,""aesKeyProvisioned"":true,""aesKeyPresent"":true,""aesKeySource"":""nvs"",""keyId"":1,""lastDownlinkCommandId"":0,""freqMHz"":920,""bwKHz"":125,""sf"":7,""cr"":5,""syncWord"":18,""txPowerDbm"":17,""preamble"":8,""tcxoVoltage"":1.600000024,""xtalVoltage"":0},""dataset"":{""state"":""idle"",""step"":""idle"",""label"":"""",""seq"":0,""targetSamples"":0,""sampleIntervalMs"":500,""maxDurationMs"":0,""useFanIntake"":true,""fanOnMs"":1000,""postFanSettleMs"":0,""nullingProfileId"":9,""queuePending"":0,""queueCapacity"":16,""queueEnqueued"":0,""queueDropped"":0,""publishFailCount"":0,""retryCount"":0,""retryFailCount"":0,""rejectedSamples"":0,""lastRejectReason"":""none"",""lastRejectChannel"":-1,""lastRejectOkFiniteCount"":0,""lastRejectStatus"":255,""lastRejectGain"":0,""lastRejectSaturated"":false},""recovery"":{""wifiReconnectCount"":0,""wifiReconnectFailCount"":0,""mqttReconnectCount"":0,""mqttConnectFailCount"":0,""lastMqttState"":0,""adsRecoveryCount"":0,""adsRecoveryFailCount"":0,""adsReadFailStreak"":0,""lastReason"":""none"",""lastRecoveryMs"":0,""bootRecoveryArmed"":false,""bootRecoveryDueMs"":0,""bootRecoveryReason"":""none"",""bootRecoveryNonAdsFailure"":false,""bootRecoveryRestartCount"":0},""nulling"":{""done"":false,""retryArmed"":false,""attemptCount"":0,""nextRetryMs"":0,""thresholdV"":9.999999747E-06,""minFinalV"":0},""telemetry"":{""valid"":true,""sampleMs"":6960085,""gasClass"":6,""gasName"":""CO2"",""confidence"":0,""alarm"":false,""sensorVoltage"":[0.127725884,0.003999954,0.004939121,-0.002591336,-0.006781808,-0.01152093,-0.019480659,-0.025448889],""sensorGain"":[16,64,64,64,64,64,64,64],""sensorStatus"":[0,0,0,0,0,0,0,0],""featureOrder"":[""MQ8"",""MQ135"",""MQ3"",""MQ5"",""MQ4"",""MQ7"",""MQ6"",""MQ2""]},""alarmLatched"":false}"
2026-08-04 11:17:04.850 +07:00,583.731,HOT_SWEEP_70,70,700,300,1,0,0.127156615,0.004027098,0.004961969,-0.002595098,-0.007428173,-0.011484263,-0.019480636,-0.025355076,"{""deviceId"":""1001"",""nodeId"":4097,""targetChId"":""0010"",""mode"":""inference"",""uptimeMs"":6961181,""debugEnabled"":true,""power"":{""mode"":""24v"",""externalPower"":true,""batteryMv"":65535,""batteryValid"":false,""batteryDetected"":false,""batterySenseStatus"":""not_detected"",""batteryLow"":false,""batteryCritical"":false,""sourceAmbiguous"":false,""serviceHoldActive"":false,""serviceHoldEffective"":false},""batterySession"":{""state"":""inactive"",""startedMs"":0,""stateStartedMs"":0,""validSampleBatches"":0,""requiredSampleBatches"":10,""alarmTxAttempts"":0,""alarmTxAttemptLimit"":3,""alarmAckReceived"":false,""pendingAlarm"":false,""pendingSaveRequired"":false,""persistenceFaultHold"":false,""completionReason"":""session_done""},""bootHealth"":{""adsReady"":true,""adsDrdyLevel"":0,""adsDrdyPulldownLevel"":0,""adsDrdyPullupLevel"":0,""adsMisoPulldownLevel"":0,""adsMisoPullupLevel"":1,""adsCsLevel"":1,""adsSyncLevel"":1,""adsStatus"":54,""adsMux"":15,""adsAdcon"":6,""adsDrate"":240,""adsReason"":""ok"",""tcaOk"":true,""mcpOkCount"":8,""mcpOk"":[true,true,true,true,true,true,true,true],""mcpAddrMask"":[1,1,1,1,1,1,1,1],""mcpControlTested"":true,""mcpControlOkCount"":8,""mcpControlOk"":[true,true,true,true,true,true,true,true],""dacReady"":true,""radioReady"":true,""mlReady"":true,""nullingProfileApplied"":true,""modelProfileReady"":false},""runtimeMcpCode"":[255,519,795,706,799,865,665,139],""model"":{""profileId"":""cnn-dualbranch-datasheet-v1-unbound"",""scalerProfileId"":""cnn-dualbranch-datasheet-v1-unbound"",""productionApproved"":true,""boundNullingProfileId"":8,""activeNullingProfileId"":9,""bindingValid"":true,""bindingModelMatches"":true,""profileReady"":false,""inferenceValid"":false,""sensorFault"":true},""lora"":{""beginState"":0,""lastTxState"":0,""lastTxOk"":false,""txSeq"":0,""txCounter"":0,""aesKeyProvisioned"":true,""aesKeyPresent"":true,""aesKeySource"":""nvs"",""keyId"":1,""lastDownlinkCommandId"":0,""freqMHz"":920,""bwKHz"":125,""sf"":7,""cr"":5,""syncWord"":18,""txPowerDbm"":17,""preamble"":8,""tcxoVoltage"":1.600000024,""xtalVoltage"":0},""dataset"":{""state"":""idle"",""step"":""idle"",""label"":"""",""seq"":0,""targetSamples"":0,""sampleIntervalMs"":500,""maxDurationMs"":0,""useFanIntake"":true,""fanOnMs"":1000,""postFanSettleMs"":0,""nullingProfileId"":9,""queuePending"":0,""queueCapacity"":16,""queueEnqueued"":0,""queueDropped"":0,""publishFailCount"":0,""retryCount"":0,""retryFailCount"":0,""rejectedSamples"":0,""lastRejectReason"":""none"",""lastRejectChannel"":-1,""lastRejectOkFiniteCount"":0,""lastRejectStatus"":255,""lastRejectGain"":0,""lastRejectSaturated"":false},""recovery"":{""wifiReconnectCount"":0,""wifiReconnectFailCount"":0,""mqttReconnectCount"":0,""mqttConnectFailCount"":0,""lastMqttState"":0,""adsRecoveryCount"":0,""adsRecoveryFailCount"":0,""adsReadFailStreak"":0,""lastReason"":""none"",""lastRecoveryMs"":0,""bootRecoveryArmed"":false,""bootRecoveryDueMs"":0,""bootRecoveryReason"":""none"",""bootRecoveryNonAdsFailure"":false,""bootRecoveryRestartCount"":0},""nulling"":{""done"":false,""retryArmed"":false,""attemptCount"":0,""nextRetryMs"":0,""thresholdV"":9.999999747E-06,""minFinalV"":0},""telemetry"":{""valid"":true,""sampleMs"":6960809,""gasClass"":6,""gasName"":""CO2"",""confidence"":0,""alarm"":false,""sensorVoltage"":[0.127156615,0.004027098,0.004961969,-0.002595098,-0.007428173,-0.011484263,-0.019480636,-0.025355076],""sensorGain"":[16,64,64,64,64,64,64,64],""sensorStatus"":[0,0,0,0,0,0,0,0],""featureOrder"":[""MQ8"",""MQ135"",""MQ3"",""MQ5"",""MQ4"",""MQ7"",""MQ6"",""MQ2""]},""alarmLatched"":false}"
2026-08-04 11:17:05.532 +07:00,584.413,HOT_SWEEP_70,70,700,300,1,0,0.127417892,0.004024782,0.004967153,-0.002601622,-0.007544198,-0.011512287,-0.019554162,-0.025337791,"{""deviceId"":""1001"",""nodeId"":4097,""targetChId"":""0010"",""mode"":""inference"",""uptimeMs"":6961860,""debugEnabled"":true,""power"":{""mode"":""24v"",""externalPower"":true,""batteryMv"":65535,""batteryValid"":false,""batteryDetected"":false,""batterySenseStatus"":""not_detected"",""batteryLow"":false,""batteryCritical"":false,""sourceAmbiguous"":false,""serviceHoldActive"":false,""serviceHoldEffective"":false},""batterySession"":{""state"":""inactive"",""startedMs"":0,""stateStartedMs"":0,""validSampleBatches"":0,""requiredSampleBatches"":10,""alarmTxAttempts"":0,""alarmTxAttemptLimit"":3,""alarmAckReceived"":false,""pendingAlarm"":false,""pendingSaveRequired"":false,""persistenceFaultHold"":false,""completionReason"":""session_done""},""bootHealth"":{""adsReady"":true,""adsDrdyLevel"":0,""adsDrdyPulldownLevel"":0,""adsDrdyPullupLevel"":0,""adsMisoPulldownLevel"":0,""adsMisoPullupLevel"":1,""adsCsLevel"":1,""adsSyncLevel"":1,""adsStatus"":54,""adsMux"":15,""adsAdcon"":6,""adsDrate"":240,""adsReason"":""ok"",""tcaOk"":true,""mcpOkCount"":8,""mcpOk"":[true,true,true,true,true,true,true,true],""mcpAddrMask"":[1,1,1,1,1,1,1,1],""mcpControlTested"":true,""mcpControlOkCount"":8,""mcpControlOk"":[true,true,true,true,true,true,true,true],""dacReady"":true,""radioReady"":true,""mlReady"":true,""nullingProfileApplied"":true,""modelProfileReady"":false},""runtimeMcpCode"":[255,519,795,706,799,865,665,139],""model"":{""profileId"":""cnn-dualbranch-datasheet-v1-unbound"",""scalerProfileId"":""cnn-dualbranch-datasheet-v1-unbound"",""productionApproved"":true,""boundNullingProfileId"":8,""activeNullingProfileId"":9,""bindingValid"":true,""bindingModelMatches"":true,""profileReady"":false,""inferenceValid"":false,""sensorFault"":true},""lora"":{""beginState"":0,""lastTxState"":0,""lastTxOk"":false,""txSeq"":0,""txCounter"":0,""aesKeyProvisioned"":true,""aesKeyPresent"":true,""aesKeySource"":""nvs"",""keyId"":1,""lastDownlinkCommandId"":0,""freqMHz"":920,""bwKHz"":125,""sf"":7,""cr"":5,""syncWord"":18,""txPowerDbm"":17,""preamble"":8,""tcxoVoltage"":1.600000024,""xtalVoltage"":0},""dataset"":{""state"":""idle"",""step"":""idle"",""label"":"""",""seq"":0,""targetSamples"":0,""sampleIntervalMs"":500,""maxDurationMs"":0,""useFanIntake"":true,""fanOnMs"":1000,""postFanSettleMs"":0,""nullingProfileId"":9,""queuePending"":0,""queueCapacity"":16,""queueEnqueued"":0,""queueDropped"":0,""publishFailCount"":0,""retryCount"":0,""retryFailCount"":0,""rejectedSamples"":0,""lastRejectReason"":""none"",""lastRejectChannel"":-1,""lastRejectOkFiniteCount"":0,""lastRejectStatus"":255,""lastRejectGain"":0,""lastRejectSaturated"":false},""recovery"":{""wifiReconnectCount"":0,""wifiReconnectFailCount"":0,""mqttReconnectCount"":0,""mqttConnectFailCount"":0,""lastMqttState"":0,""adsRecoveryCount"":0,""adsRecoveryFailCount"":0,""adsReadFailStreak"":0,""lastReason"":""none"",""lastRecoveryMs"":0,""bootRecoveryArmed"":false,""bootRecoveryDueMs"":0,""bootRecoveryReason"":""none"",""bootRecoveryNonAdsFailure"":false,""bootRecoveryRestartCount"":0},""nulling"":{""done"":false,""retryArmed"":false,""attemptCount"":0,""nextRetryMs"":0,""thresholdV"":9.999999747E-06,""minFinalV"":0},""telemetry"":{""valid"":true,""sampleMs"":6961459,""gasClass"":6,""gasName"":""CO2"",""confidence"":0,""alarm"":false,""sensorVoltage"":[0.127417892,0.004024782,0.004967153,-0.002601622,-0.007544198,-0.011512287,-0.019554162,-0.025337791],""sensorGain"":[16,64,64,64,64,64,64,64],""sensorStatus"":[0,0,0,0,0,0,0,0],""featureOrder"":[""MQ8"",""MQ135"",""MQ3"",""MQ5"",""MQ4"",""MQ7"",""MQ6"",""MQ2""]},""alarmLatched"":false}"
2026-08-04 11:17:06.240 +07:00,585.115,HOT_SWEEP_70,70,700,300,1,0,0.127596796,0.004043325,0.0049508,-0.002630217,-0.008440993,-0.011551641,-0.019555962,-0.024897773,"{""deviceId"":""1001"",""nodeId"":4097,""targetChId"":""0010"",""mode"":""inference"",""uptimeMs"":6962564,""debugEnabled"":true,""power"":{""mode"":""24v"",""externalPower"":true,""batteryMv"":65535,""batteryValid"":false,""batteryDetected"":false,""batterySenseStatus"":""not_detected"",""batteryLow"":false,""batteryCritical"":false,""sourceAmbiguous"":false,""serviceHoldActive"":false,""serviceHoldEffective"":false},""batterySession"":{""state"":""inactive"",""startedMs"":0,""stateStartedMs"":0,""validSampleBatches"":0,""requiredSampleBatches"":10,""alarmTxAttempts"":0,""alarmTxAttemptLimit"":3,""alarmAckReceived"":false,""pendingAlarm"":false,""pendingSaveRequired"":false,""persistenceFaultHold"":false,""completionReason"":""session_done""},""bootHealth"":{""adsReady"":true,""adsDrdyLevel"":0,""adsDrdyPulldownLevel"":0,""adsDrdyPullupLevel"":0,""adsMisoPulldownLevel"":0,""adsMisoPullupLevel"":1,""adsCsLevel"":1,""adsSyncLevel"":1,""adsStatus"":54,""adsMux"":15,""adsAdcon"":6,""adsDrate"":240,""adsReason"":""ok"",""tcaOk"":true,""mcpOkCount"":8,""mcpOk"":[true,true,true,true,true,true,true,true],""mcpAddrMask"":[1,1,1,1,1,1,1,1],""mcpControlTested"":true,""mcpControlOkCount"":8,""mcpControlOk"":[true,true,true,true,true,true,true,true],""dacReady"":true,""radioReady"":true,""mlReady"":true,""nullingProfileApplied"":true,""modelProfileReady"":false},""runtimeMcpCode"":[255,519,795,706,799,865,665,139],""model"":{""profileId"":""cnn-dualbranch-datasheet-v1-unbound"",""scalerProfileId"":""cnn-dualbranch-datasheet-v1-unbound"",""productionApproved"":true,""boundNullingProfileId"":8,""activeNullingProfileId"":9,""bindingValid"":true,""bindingModelMatches"":true,""profileReady"":false,""inferenceValid"":false,""sensorFault"":true},""lora"":{""beginState"":0,""lastTxState"":0,""lastTxOk"":false,""txSeq"":0,""txCounter"":0,""aesKeyProvisioned"":true,""aesKeyPresent"":true,""aesKeySource"":""nvs"",""keyId"":1,""lastDownlinkCommandId"":0,""freqMHz"":920,""bwKHz"":125,""sf"":7,""cr"":5,""syncWord"":18,""txPowerDbm"":17,""preamble"":8,""tcxoVoltage"":1.600000024,""xtalVoltage"":0},""dataset"":{""state"":""idle"",""step"":""idle"",""label"":"""",""seq"":0,""targetSamples"":0,""sampleIntervalMs"":500,""maxDurationMs"":0,""useFanIntake"":true,""fanOnMs"":1000,""postFanSettleMs"":0,""nullingProfileId"":9,""queuePending"":0,""queueCapacity"":16,""queueEnqueued"":0,""queueDropped"":0,""publishFailCount"":0,""retryCount"":0,""retryFailCount"":0,""rejectedSamples"":0,""lastRejectReason"":""none"",""lastRejectChannel"":-1,""lastRejectOkFiniteCount"":0,""lastRejectStatus"":255,""lastRejectGain"":0,""lastRejectSaturated"":false},""recovery"":{""wifiReconnectCount"":0,""wifiReconnectFailCount"":0,""mqttReconnectCount"":0,""mqttConnectFailCount"":0,""lastMqttState"":0,""adsRecoveryCount"":0,""adsRecoveryFailCount"":0,""adsReadFailStreak"":0,""lastReason"":""none"",""lastRecoveryMs"":0,""bootRecoveryArmed"":false,""bootRecoveryDueMs"":0,""bootRecoveryReason"":""none"",""bootRecoveryNonAdsFailure"":false,""bootRecoveryRestartCount"":0},""nulling"":{""done"":false,""retryArmed"":false,""attemptCount"":0,""nextRetryMs"":0,""thresholdV"":9.999999747E-06,""minFinalV"":0},""telemetry"":{""valid"":true,""sampleMs"":6962143,""gasClass"":6,""gasName"":""CO2"",""confidence"":0,""alarm"":false,""sensorVoltage"":[0.127596796,0.004043325,0.0049508,-0.002630217,-0.008440993,-0.011551641,-0.019555962,-0.024897773],""sensorGain"":[16,64,64,64,64,64,64,64],""sensorStatus"":[0,0,0,0,0,0,0,0],""featureOrder"":[""MQ8"",""MQ135"",""MQ3"",""MQ5"",""MQ4"",""MQ7"",""MQ6"",""MQ2""]},""alarmLatched"":false}"
2026-08-04 11:17:06.933 +07:00,585.814,HOT_SWEEP_70,70,700,300,1,0,0.127034917,0.004034502,0.00496775,-0.002654318,-0.008458532,-0.011520873,-0.019580927,-0.02530545,"{""deviceId"":""1001"",""nodeId"":4097,""targetChId"":""0010"",""mode"":""inference"",""uptimeMs"":6963263,""debugEnabled"":true,""power"":{""mode"":""24v"",""externalPower"":true,""batteryMv"":65535,""batteryValid"":false,""batteryDetected"":false,""batterySenseStatus"":""not_detected"",""batteryLow"":false,""batteryCritical"":false,""sourceAmbiguous"":false,""serviceHoldActive"":false,""serviceHoldEffective"":false},""batterySession"":{""state"":""inactive"",""startedMs"":0,""stateStartedMs"":0,""validSampleBatches"":0,""requiredSampleBatches"":10,""alarmTxAttempts"":0,""alarmTxAttemptLimit"":3,""alarmAckReceived"":false,""pendingAlarm"":false,""pendingSaveRequired"":false,""persistenceFaultHold"":false,""completionReason"":""session_done""},""bootHealth"":{""adsReady"":true,""adsDrdyLevel"":0,""adsDrdyPulldownLevel"":0,""adsDrdyPullupLevel"":0,""adsMisoPulldownLevel"":0,""adsMisoPullupLevel"":1,""adsCsLevel"":1,""adsSyncLevel"":1,""adsStatus"":54,""adsMux"":15,""adsAdcon"":6,""adsDrate"":240,""adsReason"":""ok"",""tcaOk"":true,""mcpOkCount"":8,""mcpOk"":[true,true,true,true,true,true,true,true],""mcpAddrMask"":[1,1,1,1,1,1,1,1],""mcpControlTested"":true,""mcpControlOkCount"":8,""mcpControlOk"":[true,true,true,true,true,true,true,true],""dacReady"":true,""radioReady"":true,""mlReady"":true,""nullingProfileApplied"":true,""modelProfileReady"":false},""runtimeMcpCode"":[255,519,795,706,799,865,665,139],""model"":{""profileId"":""cnn-dualbranch-datasheet-v1-unbound"",""scalerProfileId"":""cnn-dualbranch-datasheet-v1-unbound"",""productionApproved"":true,""boundNullingProfileId"":8,""activeNullingProfileId"":9,""bindingValid"":true,""bindingModelMatches"":true,""profileReady"":false,""inferenceValid"":false,""sensorFault"":true},""lora"":{""beginState"":0,""lastTxState"":0,""lastTxOk"":false,""txSeq"":0,""txCounter"":0,""aesKeyProvisioned"":true,""aesKeyPresent"":true,""aesKeySource"":""nvs"",""keyId"":1,""lastDownlinkCommandId"":0,""freqMHz"":920,""bwKHz"":125,""sf"":7,""cr"":5,""syncWord"":18,""txPowerDbm"":17,""preamble"":8,""tcxoVoltage"":1.600000024,""xtalVoltage"":0},""dataset"":{""state"":""idle"",""step"":""idle"",""label"":"""",""seq"":0,""targetSamples"":0,""sampleIntervalMs"":500,""maxDurationMs"":0,""useFanIntake"":true,""fanOnMs"":1000,""postFanSettleMs"":0,""nullingProfileId"":9,""queuePending"":0,""queueCapacity"":16,""queueEnqueued"":0,""queueDropped"":0,""publishFailCount"":0,""retryCount"":0,""retryFailCount"":0,""rejectedSamples"":0,""lastRejectReason"":""none"",""lastRejectChannel"":-1,""lastRejectOkFiniteCount"":0,""lastRejectStatus"":255,""lastRejectGain"":0,""lastRejectSaturated"":false},""recovery"":{""wifiReconnectCount"":0,""wifiReconnectFailCount"":0,""mqttReconnectCount"":0,""mqttConnectFailCount"":0,""lastMqttState"":0,""adsRecoveryCount"":0,""adsRecoveryFailCount"":0,""adsReadFailStreak"":0,""lastReason"":""none"",""lastRecoveryMs"":0,""bootRecoveryArmed"":false,""bootRecoveryDueMs"":0,""bootRecoveryReason"":""none"",""bootRecoveryNonAdsFailure"":false,""bootRecoveryRestartCount"":0},""nulling"":{""done"":false,""retryArmed"":false,""attemptCount"":0,""nextRetryMs"":0,""thresholdV"":9.999999747E-06,""minFinalV"":0},""telemetry"":{""valid"":true,""sampleMs"":6962874,""gasClass"":6,""gasName"":""CO2"",""confidence"":0,""alarm"":false,""sensorVoltage"":[0.127034917,0.004034502,0.00496775,-0.002654318,-0.008458532,-0.011520873,-0.019580927,-0.02530545],""sensorGain"":[16,64,64,64,64,64,64,64],""sensorStatus"":[0,0,0,0,0,0,0,0],""featureOrder"":[""MQ8"",""MQ135"",""MQ3"",""MQ5"",""MQ4"",""MQ7"",""MQ6"",""MQ2""]},""alarmLatched"":false}"
2026-08-04 11:17:07.622 +07:00,586.503,HOT_SWEEP_70,70,700,300,1,0,0.126635507,0.004007127,0.004935103,-0.002620729,-0.008698646,-0.011523986,-0.01958951,-0.025321852,"{""deviceId"":""1001"",""nodeId"":4097,""targetChId"":""0010"",""mode"":""inference"",""uptimeMs"":6963948,""debugEnabled"":true,""power"":{""mode"":""24v"",""externalPower"":true,""batteryMv"":65535,""batteryValid"":false,""batteryDetected"":false,""batterySenseStatus"":""not_detected"",""batteryLow"":false,""batteryCritical"":false,""sourceAmbiguous"":false,""serviceHoldActive"":false,""serviceHoldEffective"":false},""batterySession"":{""state"":""inactive"",""startedMs"":0,""stateStartedMs"":0,""validSampleBatches"":0,""requiredSampleBatches"":10,""alarmTxAttempts"":0,""alarmTxAttemptLimit"":3,""alarmAckReceived"":false,""pendingAlarm"":false,""pendingSaveRequired"":false,""persistenceFaultHold"":false,""completionReason"":""session_done""},""bootHealth"":{""adsReady"":true,""adsDrdyLevel"":0,""adsDrdyPulldownLevel"":0,""adsDrdyPullupLevel"":0,""adsMisoPulldownLevel"":0,""adsMisoPullupLevel"":1,""adsCsLevel"":1,""adsSyncLevel"":1,""adsStatus"":54,""adsMux"":15,""adsAdcon"":6,""adsDrate"":240,""adsReason"":""ok"",""tcaOk"":true,""mcpOkCount"":8,""mcpOk"":[true,true,true,true,true,true,true,true],""mcpAddrMask"":[1,1,1,1,1,1,1,1],""mcpControlTested"":true,""mcpControlOkCount"":8,""mcpControlOk"":[true,true,true,true,true,true,true,true],""dacReady"":true,""radioReady"":true,""mlReady"":true,""nullingProfileApplied"":true,""modelProfileReady"":false},""runtimeMcpCode"":[255,519,795,706,799,865,665,139],""model"":{""profileId"":""cnn-dualbranch-datasheet-v1-unbound"",""scalerProfileId"":""cnn-dualbranch-datasheet-v1-unbound"",""productionApproved"":true,""boundNullingProfileId"":8,""activeNullingProfileId"":9,""bindingValid"":true,""bindingModelMatches"":true,""profileReady"":false,""inferenceValid"":false,""sensorFault"":true},""lora"":{""beginState"":0,""lastTxState"":0,""lastTxOk"":false,""txSeq"":0,""txCounter"":0,""aesKeyProvisioned"":true,""aesKeyPresent"":true,""aesKeySource"":""nvs"",""keyId"":1,""lastDownlinkCommandId"":0,""freqMHz"":920,""bwKHz"":125,""sf"":7,""cr"":5,""syncWord"":18,""txPowerDbm"":17,""preamble"":8,""tcxoVoltage"":1.600000024,""xtalVoltage"":0},""dataset"":{""state"":""idle"",""step"":""idle"",""label"":"""",""seq"":0,""targetSamples"":0,""sampleIntervalMs"":500,""maxDurationMs"":0,""useFanIntake"":true,""fanOnMs"":1000,""postFanSettleMs"":0,""nullingProfileId"":9,""queuePending"":0,""queueCapacity"":16,""queueEnqueued"":0,""queueDropped"":0,""publishFailCount"":0,""retryCount"":0,""retryFailCount"":0,""rejectedSamples"":0,""lastRejectReason"":""none"",""lastRejectChannel"":-1,""lastRejectOkFiniteCount"":0,""lastRejectStatus"":255,""lastRejectGain"":0,""lastRejectSaturated"":false},""recovery"":{""wifiReconnectCount"":0,""wifiReconnectFailCount"":0,""mqttReconnectCount"":0,""mqttConnectFailCount"":0,""lastMqttState"":0,""adsRecoveryCount"":0,""adsRecoveryFailCount"":0,""adsReadFailStreak"":0,""lastReason"":""none"",""lastRecoveryMs"":0,""bootRecoveryArmed"":false,""bootRecoveryDueMs"":0,""bootRecoveryReason"":""none"",""bootRecoveryNonAdsFailure"":false,""bootRecoveryRestartCount"":0},""nulling"":{""done"":false,""retryArmed"":false,""attemptCount"":0,""nextRetryMs"":0,""thresholdV"":9.999999747E-06,""minFinalV"":0},""telemetry"":{""valid"":true,""sampleMs"":6963541,""gasClass"":6,""gasName"":""CO2"",""confidence"":0,""alarm"":false,""sensorVoltage"":[0.126635507,0.004007127,0.004935103,-0.002620729,-0.008698646,-0.011523986,-0.01958951,-0.025321852],""sensorGain"":[16,64,64,64,64,64,64,64],""sensorStatus"":[0,0,0,0,0,0,0,0],""featureOrder"":[""MQ8"",""MQ135"",""MQ3"",""MQ5"",""MQ4"",""MQ7"",""MQ6"",""MQ2""]},""alarmLatched"":false}"
2026-08-04 11:17:08.302 +07:00,587.183,HOT_SWEEP_70,70,700,300,1,0,0.127096772,0.004042052,0.004922417,-0.002620419,-0.00746175,-0.011276515,-0.019192185,-0.024881369,"{""deviceId"":""1001"",""nodeId"":4097,""targetChId"":""0010"",""mode"":""inference"",""uptimeMs"":6964626,""debugEnabled"":true,""power"":{""mode"":""24v"",""externalPower"":true,""batteryMv"":65535,""batteryValid"":false,""batteryDetected"":false,""batterySenseStatus"":""not_detected"",""batteryLow"":false,""batteryCritical"":false,""sourceAmbiguous"":false,""serviceHoldActive"":false,""serviceHoldEffective"":false},""batterySession"":{""state"":""inactive"",""startedMs"":0,""stateStartedMs"":0,""validSampleBatches"":0,""requiredSampleBatches"":10,""alarmTxAttempts"":0,""alarmTxAttemptLimit"":3,""alarmAckReceived"":false,""pendingAlarm"":false,""pendingSaveRequired"":false,""persistenceFaultHold"":false,""completionReason"":""session_done""},""bootHealth"":{""adsReady"":true,""adsDrdyLevel"":0,""adsDrdyPulldownLevel"":0,""adsDrdyPullupLevel"":0,""adsMisoPulldownLevel"":0,""adsMisoPullupLevel"":1,""adsCsLevel"":1,""adsSyncLevel"":1,""adsStatus"":54,""adsMux"":15,""adsAdcon"":6,""adsDrate"":240,""adsReason"":""ok"",""tcaOk"":true,""mcpOkCount"":8,""mcpOk"":[true,true,true,true,true,true,true,true],""mcpAddrMask"":[1,1,1,1,1,1,1,1],""mcpControlTested"":true,""mcpControlOkCount"":8,""mcpControlOk"":[true,true,true,true,true,true,true,true],""dacReady"":true,""radioReady"":true,""mlReady"":true,""nullingProfileApplied"":true,""modelProfileReady"":false},""runtimeMcpCode"":[255,519,795,706,799,865,665,139],""model"":{""profileId"":""cnn-dualbranch-datasheet-v1-unbound"",""scalerProfileId"":""cnn-dualbranch-datasheet-v1-unbound"",""productionApproved"":true,""boundNullingProfileId"":8,""activeNullingProfileId"":9,""bindingValid"":true,""bindingModelMatches"":true,""profileReady"":false,""inferenceValid"":false,""sensorFault"":true},""lora"":{""beginState"":0,""lastTxState"":0,""lastTxOk"":false,""txSeq"":0,""txCounter"":0,""aesKeyProvisioned"":true,""aesKeyPresent"":true,""aesKeySource"":""nvs"",""keyId"":1,""lastDownlinkCommandId"":0,""freqMHz"":920,""bwKHz"":125,""sf"":7,""cr"":5,""syncWord"":18,""txPowerDbm"":17,""preamble"":8,""tcxoVoltage"":1.600000024,""xtalVoltage"":0},""dataset"":{""state"":""idle"",""step"":""idle"",""label"":"""",""seq"":0,""targetSamples"":0,""sampleIntervalMs"":500,""maxDurationMs"":0,""useFanIntake"":true,""fanOnMs"":1000,""postFanSettleMs"":0,""nullingProfileId"":9,""queuePending"":0,""queueCapacity"":16,""queueEnqueued"":0,""queueDropped"":0,""publishFailCount"":0,""retryCount"":0,""retryFailCount"":0,""rejectedSamples"":0,""lastRejectReason"":""none"",""lastRejectChannel"":-1,""lastRejectOkFiniteCount"":0,""lastRejectStatus"":255,""lastRejectGain"":0,""lastRejectSaturated"":false},""recovery"":{""wifiReconnectCount"":0,""wifiReconnectFailCount"":0,""mqttReconnectCount"":0,""mqttConnectFailCount"":0,""lastMqttState"":0,""adsRecoveryCount"":0,""adsRecoveryFailCount"":0,""adsReadFailStreak"":0,""lastReason"":""none"",""lastRecoveryMs"":0,""bootRecoveryArmed"":false,""bootRecoveryDueMs"":0,""bootRecoveryReason"":""none"",""bootRecoveryNonAdsFailure"":false,""bootRecoveryRestartCount"":0},""nulling"":{""done"":false,""retryArmed"":false,""attemptCount"":0,""nextRetryMs"":0,""thresholdV"":9.999999747E-06,""minFinalV"":0},""telemetry"":{""valid"":true,""sampleMs"":6964226,""gasClass"":6,""gasName"":""CO2"",""confidence"":0,""alarm"":false,""sensorVoltage"":[0.127096772,0.004042052,0.004922417,-0.002620419,-0.00746175,-0.011276515,-0.019192185,-0.024881369],""sensorGain"":[16,64,64,64,64,64,64,64],""sensorStatus"":[0,0,0,0,0,0,0,0],""featureOrder"":[""MQ8"",""MQ135"",""MQ3"",""MQ5"",""MQ4"",""MQ7"",""MQ6"",""MQ2""]},""alarmLatched"":false}"
2026-08-04 11:17:09.003 +07:00,587.879,HOT_SWEEP_70,70,700,300,1,0,0.126654476,0.004137378,0.004965483,-0.002604473,-0.007477622,-0.011561404,-0.019515768,-0.025296774,"{""deviceId"":""1001"",""nodeId"":4097,""targetChId"":""0010"",""mode"":""inference"",""uptimeMs"":6965326,""debugEnabled"":true,""power"":{""mode"":""24v"",""externalPower"":true,""batteryMv"":65535,""batteryValid"":false,""batteryDetected"":false,""batterySenseStatus"":""not_detected"",""batteryLow"":false,""batteryCritical"":false,""sourceAmbiguous"":false,""serviceHoldActive"":false,""serviceHoldEffective"":false},""batterySession"":{""state"":""inactive"",""startedMs"":0,""stateStartedMs"":0,""validSampleBatches"":0,""requiredSampleBatches"":10,""alarmTxAttempts"":0,""alarmTxAttemptLimit"":3,""alarmAckReceived"":false,""pendingAlarm"":false,""pendingSaveRequired"":false,""persistenceFaultHold"":false,""completionReason"":""session_done""},""bootHealth"":{""adsReady"":true,""adsDrdyLevel"":0,""adsDrdyPulldownLevel"":0,""adsDrdyPullupLevel"":0,""adsMisoPulldownLevel"":0,""adsMisoPullupLevel"":1,""adsCsLevel"":1,""adsSyncLevel"":1,""adsStatus"":54,""adsMux"":15,""adsAdcon"":6,""adsDrate"":240,""adsReason"":""ok"",""tcaOk"":true,""mcpOkCount"":8,""mcpOk"":[true,true,true,true,true,true,true,true],""mcpAddrMask"":[1,1,1,1,1,1,1,1],""mcpControlTested"":true,""mcpControlOkCount"":8,""mcpControlOk"":[true,true,true,true,true,true,true,true],""dacReady"":true,""radioReady"":true,""mlReady"":true,""nullingProfileApplied"":true,""modelProfileReady"":false},""runtimeMcpCode"":[255,519,795,706,799,865,665,139],""model"":{""profileId"":""cnn-dualbranch-datasheet-v1-unbound"",""scalerProfileId"":""cnn-dualbranch-datasheet-v1-unbound"",""productionApproved"":true,""boundNullingProfileId"":8,""activeNullingProfileId"":9,""bindingValid"":true,""bindingModelMatches"":true,""profileReady"":false,""inferenceValid"":false,""sensorFault"":true},""lora"":{""beginState"":0,""lastTxState"":0,""lastTxOk"":false,""txSeq"":0,""txCounter"":0,""aesKeyProvisioned"":true,""aesKeyPresent"":true,""aesKeySource"":""nvs"",""keyId"":1,""lastDownlinkCommandId"":0,""freqMHz"":920,""bwKHz"":125,""sf"":7,""cr"":5,""syncWord"":18,""txPowerDbm"":17,""preamble"":8,""tcxoVoltage"":1.600000024,""xtalVoltage"":0},""dataset"":{""state"":""idle"",""step"":""idle"",""label"":"""",""seq"":0,""targetSamples"":0,""sampleIntervalMs"":500,""maxDurationMs"":0,""useFanIntake"":true,""fanOnMs"":1000,""postFanSettleMs"":0,""nullingProfileId"":9,""queuePending"":0,""queueCapacity"":16,""queueEnqueued"":0,""queueDropped"":0,""publishFailCount"":0,""retryCount"":0,""retryFailCount"":0,""rejectedSamples"":0,""lastRejectReason"":""none"",""lastRejectChannel"":-1,""lastRejectOkFiniteCount"":0,""lastRejectStatus"":255,""lastRejectGain"":0,""lastRejectSaturated"":false},""recovery"":{""wifiReconnectCount"":0,""wifiReconnectFailCount"":0,""mqttReconnectCount"":0,""mqttConnectFailCount"":0,""lastMqttState"":0,""adsRecoveryCount"":0,""adsRecoveryFailCount"":0,""adsReadFailStreak"":0,""lastReason"":""none"",""lastRecoveryMs"":0,""bootRecoveryArmed"":false,""bootRecoveryDueMs"":0,""bootRecoveryReason"":""none"",""bootRecoveryNonAdsFailure"":false,""bootRecoveryRestartCount"":0},""nulling"":{""done"":false,""retryArmed"":false,""attemptCount"":0,""nextRetryMs"":0,""thresholdV"":9.999999747E-06,""minFinalV"":0},""telemetry"":{""valid"":true,""sampleMs"":6964936,""gasClass"":6,""gasName"":""CO2"",""confidence"":0,""alarm"":false,""sensorVoltage"":[0.126654476,0.004137378,0.004965483,-0.002604473,-0.007477622,-0.011561404,-0.019515768,-0.025296774],""sensorGain"":[16,64,64,64,64,64,64,64],""sensorStatus"":[0,0,0,0,0,0,0,0],""featureOrder"":[""MQ8"",""MQ135"",""MQ3"",""MQ5"",""MQ4"",""MQ7"",""MQ6"",""MQ2""]},""alarmLatched"":false}"
2026-08-04 11:17:09.697 +07:00,588.578,HOT_SWEEP_70,70,700,300,1,0,0.12639454,0.004125188,0.004915094,-0.002571215,-0.007465509,-0.011569946,-0.019548383,-0.025236761,"{""deviceId"":""1001"",""nodeId"":4097,""targetChId"":""0010"",""mode"":""inference"",""uptimeMs"":6966024,""debugEnabled"":true,""power"":{""mode"":""24v"",""externalPower"":true,""batteryMv"":65535,""batteryValid"":false,""batteryDetected"":false,""batterySenseStatus"":""not_detected"",""batteryLow"":false,""batteryCritical"":false,""sourceAmbiguous"":false,""serviceHoldActive"":false,""serviceHoldEffective"":false},""batterySession"":{""state"":""inactive"",""startedMs"":0,""stateStartedMs"":0,""validSampleBatches"":0,""requiredSampleBatches"":10,""alarmTxAttempts"":0,""alarmTxAttemptLimit"":3,""alarmAckReceived"":false,""pendingAlarm"":false,""pendingSaveRequired"":false,""persistenceFaultHold"":false,""completionReason"":""session_done""},""bootHealth"":{""adsReady"":true,""adsDrdyLevel"":0,""adsDrdyPulldownLevel"":0,""adsDrdyPullupLevel"":0,""adsMisoPulldownLevel"":0,""adsMisoPullupLevel"":1,""adsCsLevel"":1,""adsSyncLevel"":1,""adsStatus"":54,""adsMux"":15,""adsAdcon"":6,""adsDrate"":240,""adsReason"":""ok"",""tcaOk"":true,""mcpOkCount"":8,""mcpOk"":[true,true,true,true,true,true,true,true],""mcpAddrMask"":[1,1,1,1,1,1,1,1],""mcpControlTested"":true,""mcpControlOkCount"":8,""mcpControlOk"":[true,true,true,true,true,true,true,true],""dacReady"":true,""radioReady"":true,""mlReady"":true,""nullingProfileApplied"":true,""modelProfileReady"":false},""runtimeMcpCode"":[255,519,795,706,799,865,665,139],""model"":{""profileId"":""cnn-dualbranch-datasheet-v1-unbound"",""scalerProfileId"":""cnn-dualbranch-datasheet-v1-unbound"",""productionApproved"":true,""boundNullingProfileId"":8,""activeNullingProfileId"":9,""bindingValid"":true,""bindingModelMatches"":true,""profileReady"":false,""inferenceValid"":false,""sensorFault"":true},""lora"":{""beginState"":0,""lastTxState"":0,""lastTxOk"":false,""txSeq"":0,""txCounter"":0,""aesKeyProvisioned"":true,""aesKeyPresent"":true,""aesKeySource"":""nvs"",""keyId"":1,""lastDownlinkCommandId"":0,""freqMHz"":920,""bwKHz"":125,""sf"":7,""cr"":5,""syncWord"":18,""txPowerDbm"":17,""preamble"":8,""tcxoVoltage"":1.600000024,""xtalVoltage"":0},""dataset"":{""state"":""idle"",""step"":""idle"",""label"":"""",""seq"":0,""targetSamples"":0,""sampleIntervalMs"":500,""maxDurationMs"":0,""useFanIntake"":true,""fanOnMs"":1000,""postFanSettleMs"":0,""nullingProfileId"":9,""queuePending"":0,""queueCapacity"":16,""queueEnqueued"":0,""queueDropped"":0,""publishFailCount"":0,""retryCount"":0,""retryFailCount"":0,""rejectedSamples"":0,""lastRejectReason"":""none"",""lastRejectChannel"":-1,""lastRejectOkFiniteCount"":0,""lastRejectStatus"":255,""lastRejectGain"":0,""lastRejectSaturated"":false},""recovery"":{""wifiReconnectCount"":0,""wifiReconnectFailCount"":0,""mqttReconnectCount"":0,""mqttConnectFailCount"":0,""lastMqttState"":0,""adsRecoveryCount"":0,""adsRecoveryFailCount"":0,""adsReadFailStreak"":0,""lastReason"":""none"",""lastRecoveryMs"":0,""bootRecoveryArmed"":false,""bootRecoveryDueMs"":0,""bootRecoveryReason"":""none"",""bootRecoveryNonAdsFailure"":false,""bootRecoveryRestartCount"":0},""nulling"":{""done"":false,""retryArmed"":false,""attemptCount"":0,""nextRetryMs"":0,""thresholdV"":9.999999747E-06,""minFinalV"":0},""telemetry"":{""valid"":true,""sampleMs"":6965604,""gasClass"":6,""gasName"":""CO2"",""confidence"":0,""alarm"":false,""sensorVoltage"":[0.12639454,0.004125188,0.004915094,-0.002571215,-0.007465509,-0.011569946,-0.019548383,-0.025236761],""sensorGain"":[16,64,64,64,64,64,64,64],""sensorStatus"":[0,0,0,0,0,0,0,0],""featureOrder"":[""MQ8"",""MQ135"",""MQ3"",""MQ5"",""MQ4"",""MQ7"",""MQ6"",""MQ2""]},""alarmLatched"":false}"
2026-08-04 11:17:10.380 +07:00,589.261,HOT_SWEEP_70,70,700,300,1,0,0.127019987,0.004102883,0.004862743,-0.002538399,-0.00783498,-0.011311222,-0.019543063,-0.025250375,"{""deviceId"":""1001"",""nodeId"":4097,""targetChId"":""0010"",""mode"":""inference"",""uptimeMs"":6966714,""debugEnabled"":true,""power"":{""mode"":""24v"",""externalPower"":true,""batteryMv"":65535,""batteryValid"":false,""batteryDetected"":false,""batterySenseStatus"":""not_detected"",""batteryLow"":false,""batteryCritical"":false,""sourceAmbiguous"":false,""serviceHoldActive"":false,""serviceHoldEffective"":false},""batterySession"":{""state"":""inactive"",""startedMs"":0,""stateStartedMs"":0,""validSampleBatches"":0,""requiredSampleBatches"":10,""alarmTxAttempts"":0,""alarmTxAttemptLimit"":3,""alarmAckReceived"":false,""pendingAlarm"":false,""pendingSaveRequired"":false,""persistenceFaultHold"":false,""completionReason"":""session_done""},""bootHealth"":{""adsReady"":true,""adsDrdyLevel"":0,""adsDrdyPulldownLevel"":0,""adsDrdyPullupLevel"":0,""adsMisoPulldownLevel"":0,""adsMisoPullupLevel"":1,""adsCsLevel"":1,""adsSyncLevel"":1,""adsStatus"":54,""adsMux"":15,""adsAdcon"":6,""adsDrate"":240,""adsReason"":""ok"",""tcaOk"":true,""mcpOkCount"":8,""mcpOk"":[true,true,true,true,true,true,true,true],""mcpAddrMask"":[1,1,1,1,1,1,1,1],""mcpControlTested"":true,""mcpControlOkCount"":8,""mcpControlOk"":[true,true,true,true,true,true,true,true],""dacReady"":true,""radioReady"":true,""mlReady"":true,""nullingProfileApplied"":true,""modelProfileReady"":false},""runtimeMcpCode"":[255,519,795,706,799,865,665,139],""model"":{""profileId"":""cnn-dualbranch-datasheet-v1-unbound"",""scalerProfileId"":""cnn-dualbranch-datasheet-v1-unbound"",""productionApproved"":true,""boundNullingProfileId"":8,""activeNullingProfileId"":9,""bindingValid"":true,""bindingModelMatches"":true,""profileReady"":false,""inferenceValid"":false,""sensorFault"":true},""lora"":{""beginState"":0,""lastTxState"":0,""lastTxOk"":false,""txSeq"":0,""txCounter"":0,""aesKeyProvisioned"":true,""aesKeyPresent"":true,""aesKeySource"":""nvs"",""keyId"":1,""lastDownlinkCommandId"":0,""freqMHz"":920,""bwKHz"":125,""sf"":7,""cr"":5,""syncWord"":18,""txPowerDbm"":17,""preamble"":8,""tcxoVoltage"":1.600000024,""xtalVoltage"":0},""dataset"":{""state"":""idle"",""step"":""idle"",""label"":"""",""seq"":0,""targetSamples"":0,""sampleIntervalMs"":500,""maxDurationMs"":0,""useFanIntake"":true,""fanOnMs"":1000,""postFanSettleMs"":0,""nullingProfileId"":9,""queuePending"":0,""queueCapacity"":16,""queueEnqueued"":0,""queueDropped"":0,""publishFailCount"":0,""retryCount"":0,""retryFailCount"":0,""rejectedSamples"":0,""lastRejectReason"":""none"",""lastRejectChannel"":-1,""lastRejectOkFiniteCount"":0,""lastRejectStatus"":255,""lastRejectGain"":0,""lastRejectSaturated"":false},""recovery"":{""wifiReconnectCount"":0,""wifiReconnectFailCount"":0,""mqttReconnectCount"":0,""mqttConnectFailCount"":0,""lastMqttState"":0,""adsRecoveryCount"":0,""adsRecoveryFailCount"":0,""adsReadFailStreak"":0,""lastReason"":""none"",""lastRecoveryMs"":0,""bootRecoveryArmed"":false,""bootRecoveryDueMs"":0,""bootRecoveryReason"":""none"",""bootRecoveryNonAdsFailure"":false,""bootRecoveryRestartCount"":0},""nulling"":{""done"":false,""retryArmed"":false,""attemptCount"":0,""nextRetryMs"":0,""thresholdV"":9.999999747E-06,""minFinalV"":0},""telemetry"":{""valid"":true,""sampleMs"":6966302,""gasClass"":6,""gasName"":""CO2"",""confidence"":0,""alarm"":false,""sensorVoltage"":[0.127019987,0.004102883,0.004862743,-0.002538399,-0.00783498,-0.011311222,-0.019543063,-0.025250375],""sensorGain"":[16,64,64,64,64,64,64,64],""sensorStatus"":[0,0,0,0,0,0,0,0],""featureOrder"":[""MQ8"",""MQ135"",""MQ3"",""MQ5"",""MQ4"",""MQ7"",""MQ6"",""MQ2""]},""alarmLatched"":false}"
2026-08-04 11:17:11.063 +07:00,589.944,HOT_SWEEP_70,70,700,300,1,0,0.126642376,0.00419101,0.004911845,-0.002573032,-0.008060874,-0.011415107,-0.019507071,-0.025224674,"{""deviceId"":""1001"",""nodeId"":4097,""targetChId"":""0010"",""mode"":""inference"",""uptimeMs"":6967393,""debugEnabled"":true,""power"":{""mode"":""24v"",""externalPower"":true,""batteryMv"":65535,""batteryValid"":false,""batteryDetected"":false,""batterySenseStatus"":""not_detected"",""batteryLow"":false,""batteryCritical"":false,""sourceAmbiguous"":false,""serviceHoldActive"":false,""serviceHoldEffective"":false},""batterySession"":{""state"":""inactive"",""startedMs"":0,""stateStartedMs"":0,""validSampleBatches"":0,""requiredSampleBatches"":10,""alarmTxAttempts"":0,""alarmTxAttemptLimit"":3,""alarmAckReceived"":false,""pendingAlarm"":false,""pendingSaveRequired"":false,""persistenceFaultHold"":false,""completionReason"":""session_done""},""bootHealth"":{""adsReady"":true,""adsDrdyLevel"":0,""adsDrdyPulldownLevel"":0,""adsDrdyPullupLevel"":0,""adsMisoPulldownLevel"":0,""adsMisoPullupLevel"":1,""adsCsLevel"":1,""adsSyncLevel"":1,""adsStatus"":54,""adsMux"":15,""adsAdcon"":6,""adsDrate"":240,""adsReason"":""ok"",""tcaOk"":true,""mcpOkCount"":8,""mcpOk"":[true,true,true,true,true,true,true,true],""mcpAddrMask"":[1,1,1,1,1,1,1,1],""mcpControlTested"":true,""mcpControlOkCount"":8,""mcpControlOk"":[true,true,true,true,true,true,true,true],""dacReady"":true,""radioReady"":true,""mlReady"":true,""nullingProfileApplied"":true,""modelProfileReady"":false},""runtimeMcpCode"":[255,519,795,706,799,865,665,139],""model"":{""profileId"":""cnn-dualbranch-datasheet-v1-unbound"",""scalerProfileId"":""cnn-dualbranch-datasheet-v1-unbound"",""productionApproved"":true,""boundNullingProfileId"":8,""activeNullingProfileId"":9,""bindingValid"":true,""bindingModelMatches"":true,""profileReady"":false,""inferenceValid"":false,""sensorFault"":true},""lora"":{""beginState"":0,""lastTxState"":0,""lastTxOk"":false,""txSeq"":0,""txCounter"":0,""aesKeyProvisioned"":true,""aesKeyPresent"":true,""aesKeySource"":""nvs"",""keyId"":1,""lastDownlinkCommandId"":0,""freqMHz"":920,""bwKHz"":125,""sf"":7,""cr"":5,""syncWord"":18,""txPowerDbm"":17,""preamble"":8,""tcxoVoltage"":1.600000024,""xtalVoltage"":0},""dataset"":{""state"":""idle"",""step"":""idle"",""label"":"""",""seq"":0,""targetSamples"":0,""sampleIntervalMs"":500,""maxDurationMs"":0,""useFanIntake"":true,""fanOnMs"":1000,""postFanSettleMs"":0,""nullingProfileId"":9,""queuePending"":0,""queueCapacity"":16,""queueEnqueued"":0,""queueDropped"":0,""publishFailCount"":0,""retryCount"":0,""retryFailCount"":0,""rejectedSamples"":0,""lastRejectReason"":""none"",""lastRejectChannel"":-1,""lastRejectOkFiniteCount"":0,""lastRejectStatus"":255,""lastRejectGain"":0,""lastRejectSaturated"":false},""recovery"":{""wifiReconnectCount"":0,""wifiReconnectFailCount"":0,""mqttReconnectCount"":0,""mqttConnectFailCount"":0,""lastMqttState"":0,""adsRecoveryCount"":0,""adsRecoveryFailCount"":0,""adsReadFailStreak"":0,""lastReason"":""none"",""lastRecoveryMs"":0,""bootRecoveryArmed"":false,""bootRecoveryDueMs"":0,""bootRecoveryReason"":""none"",""bootRecoveryNonAdsFailure"":false,""bootRecoveryRestartCount"":0},""nulling"":{""done"":false,""retryArmed"":false,""attemptCount"":0,""nextRetryMs"":0,""thresholdV"":9.999999747E-06,""minFinalV"":0},""telemetry"":{""valid"":true,""sampleMs"":6967024,""gasClass"":6,""gasName"":""CO2"",""confidence"":0,""alarm"":false,""sensorVoltage"":[0.126642376,0.00419101,0.004911845,-0.002573032,-0.008060874,-0.011415107,-0.019507071,-0.025224674],""sensorGain"":[16,64,64,64,64,64,64,64],""sensorStatus"":[0,0,0,0,0,0,0,0],""featureOrder"":[""MQ8"",""MQ135"",""MQ3"",""MQ5"",""MQ4"",""MQ7"",""MQ6"",""MQ2""]},""alarmLatched"":false}"
2026-08-04 11:17:11.757 +07:00,590.636,HOT_SWEEP_70,70,700,300,1,0,0.126468152,0.004183783,0.004889466,-0.002556173,-0.007459053,-0.011419365,-0.019493384,-0.025222939,"{""deviceId"":""1001"",""nodeId"":4097,""targetChId"":""0010"",""mode"":""inference"",""uptimeMs"":6968078,""debugEnabled"":true,""power"":{""mode"":""24v"",""externalPower"":true,""batteryMv"":65535,""batteryValid"":false,""batteryDetected"":false,""batterySenseStatus"":""not_detected"",""batteryLow"":false,""batteryCritical"":false,""sourceAmbiguous"":false,""serviceHoldActive"":false,""serviceHoldEffective"":false},""batterySession"":{""state"":""inactive"",""startedMs"":0,""stateStartedMs"":0,""validSampleBatches"":0,""requiredSampleBatches"":10,""alarmTxAttempts"":0,""alarmTxAttemptLimit"":3,""alarmAckReceived"":false,""pendingAlarm"":false,""pendingSaveRequired"":false,""persistenceFaultHold"":false,""completionReason"":""session_done""},""bootHealth"":{""adsReady"":true,""adsDrdyLevel"":0,""adsDrdyPulldownLevel"":0,""adsDrdyPullupLevel"":0,""adsMisoPulldownLevel"":0,""adsMisoPullupLevel"":1,""adsCsLevel"":1,""adsSyncLevel"":1,""adsStatus"":54,""adsMux"":15,""adsAdcon"":6,""adsDrate"":240,""adsReason"":""ok"",""tcaOk"":true,""mcpOkCount"":8,""mcpOk"":[true,true,true,true,true,true,true,true],""mcpAddrMask"":[1,1,1,1,1,1,1,1],""mcpControlTested"":true,""mcpControlOkCount"":8,""mcpControlOk"":[true,true,true,true,true,true,true,true],""dacReady"":true,""radioReady"":true,""mlReady"":true,""nullingProfileApplied"":true,""modelProfileReady"":false},""runtimeMcpCode"":[255,519,795,706,799,865,665,139],""model"":{""profileId"":""cnn-dualbranch-datasheet-v1-unbound"",""scalerProfileId"":""cnn-dualbranch-datasheet-v1-unbound"",""productionApproved"":true,""boundNullingProfileId"":8,""activeNullingProfileId"":9,""bindingValid"":true,""bindingModelMatches"":true,""profileReady"":false,""inferenceValid"":false,""sensorFault"":true},""lora"":{""beginState"":0,""lastTxState"":0,""lastTxOk"":false,""txSeq"":0,""txCounter"":0,""aesKeyProvisioned"":true,""aesKeyPresent"":true,""aesKeySource"":""nvs"",""keyId"":1,""lastDownlinkCommandId"":0,""freqMHz"":920,""bwKHz"":125,""sf"":7,""cr"":5,""syncWord"":18,""txPowerDbm"":17,""preamble"":8,""tcxoVoltage"":1.600000024,""xtalVoltage"":0},""dataset"":{""state"":""idle"",""step"":""idle"",""label"":"""",""seq"":0,""targetSamples"":0,""sampleIntervalMs"":500,""maxDurationMs"":0,""useFanIntake"":true,""fanOnMs"":1000,""postFanSettleMs"":0,""nullingProfileId"":9,""queuePending"":0,""queueCapacity"":16,""queueEnqueued"":0,""queueDropped"":0,""publishFailCount"":0,""retryCount"":0,""retryFailCount"":0,""rejectedSamples"":0,""lastRejectReason"":""none"",""lastRejectChannel"":-1,""lastRejectOkFiniteCount"":0,""lastRejectStatus"":255,""lastRejectGain"":0,""lastRejectSaturated"":false},""recovery"":{""wifiReconnectCount"":0,""wifiReconnectFailCount"":0,""mqttReconnectCount"":0,""mqttConnectFailCount"":0,""lastMqttState"":0,""adsRecoveryCount"":0,""adsRecoveryFailCount"":0,""adsReadFailStreak"":0,""lastReason"":""none"",""lastRecoveryMs"":0,""bootRecoveryArmed"":false,""bootRecoveryDueMs"":0,""bootRecoveryReason"":""none"",""bootRecoveryNonAdsFailure"":false,""bootRecoveryRestartCount"":0},""nulling"":{""done"":false,""retryArmed"":false,""attemptCount"":0,""nextRetryMs"":0,""thresholdV"":9.999999747E-06,""minFinalV"":0},""telemetry"":{""valid"":true,""sampleMs"":6967671,""gasClass"":6,""gasName"":""CO2"",""confidence"":0,""alarm"":false,""sensorVoltage"":[0.126468152,0.004183783,0.004889466,-0.002556173,-0.007459053,-0.011419365,-0.019493384,-0.025222939],""sensorGain"":[16,64,64,64,64,64,64,64],""sensorStatus"":[0,0,0,0,0,0,0,0],""featureOrder"":[""MQ8"",""MQ135"",""MQ3"",""MQ5"",""MQ4"",""MQ7"",""MQ6"",""MQ2""]},""alarmLatched"":false}"
2026-08-04 11:17:12.450 +07:00,591.331,HOT_SWEEP_70,70,700,300,1,0,0.127327815,0.004147409,0.004855108,-0.002512815,-0.006758348,-0.011390315,-0.019383878,-0.025320645,"{""deviceId"":""1001"",""nodeId"":4097,""targetChId"":""0010"",""mode"":""inference"",""uptimeMs"":6968774,""debugEnabled"":true,""power"":{""mode"":""24v"",""externalPower"":true,""batteryMv"":65535,""batteryValid"":false,""batteryDetected"":false,""batterySenseStatus"":""not_detected"",""batteryLow"":false,""batteryCritical"":false,""sourceAmbiguous"":false,""serviceHoldActive"":false,""serviceHoldEffective"":false},""batterySession"":{""state"":""inactive"",""startedMs"":0,""stateStartedMs"":0,""validSampleBatches"":0,""requiredSampleBatches"":10,""alarmTxAttempts"":0,""alarmTxAttemptLimit"":3,""alarmAckReceived"":false,""pendingAlarm"":false,""pendingSaveRequired"":false,""persistenceFaultHold"":false,""completionReason"":""session_done""},""bootHealth"":{""adsReady"":true,""adsDrdyLevel"":0,""adsDrdyPulldownLevel"":0,""adsDrdyPullupLevel"":0,""adsMisoPulldownLevel"":0,""adsMisoPullupLevel"":1,""adsCsLevel"":1,""adsSyncLevel"":1,""adsStatus"":54,""adsMux"":15,""adsAdcon"":6,""adsDrate"":240,""adsReason"":""ok"",""tcaOk"":true,""mcpOkCount"":8,""mcpOk"":[true,true,true,true,true,true,true,true],""mcpAddrMask"":[1,1,1,1,1,1,1,1],""mcpControlTested"":true,""mcpControlOkCount"":8,""mcpControlOk"":[true,true,true,true,true,true,true,true],""dacReady"":true,""radioReady"":true,""mlReady"":true,""nullingProfileApplied"":true,""modelProfileReady"":false},""runtimeMcpCode"":[255,519,795,706,799,865,665,139],""model"":{""profileId"":""cnn-dualbranch-datasheet-v1-unbound"",""scalerProfileId"":""cnn-dualbranch-datasheet-v1-unbound"",""productionApproved"":true,""boundNullingProfileId"":8,""activeNullingProfileId"":9,""bindingValid"":true,""bindingModelMatches"":true,""profileReady"":false,""inferenceValid"":false,""sensorFault"":true},""lora"":{""beginState"":0,""lastTxState"":0,""lastTxOk"":false,""txSeq"":0,""txCounter"":0,""aesKeyProvisioned"":true,""aesKeyPresent"":true,""aesKeySource"":""nvs"",""keyId"":1,""lastDownlinkCommandId"":0,""freqMHz"":920,""bwKHz"":125,""sf"":7,""cr"":5,""syncWord"":18,""txPowerDbm"":17,""preamble"":8,""tcxoVoltage"":1.600000024,""xtalVoltage"":0},""dataset"":{""state"":""idle"",""step"":""idle"",""label"":"""",""seq"":0,""targetSamples"":0,""sampleIntervalMs"":500,""maxDurationMs"":0,""useFanIntake"":true,""fanOnMs"":1000,""postFanSettleMs"":0,""nullingProfileId"":9,""queuePending"":0,""queueCapacity"":16,""queueEnqueued"":0,""queueDropped"":0,""publishFailCount"":0,""retryCount"":0,""retryFailCount"":0,""rejectedSamples"":0,""lastRejectReason"":""none"",""lastRejectChannel"":-1,""lastRejectOkFiniteCount"":0,""lastRejectStatus"":255,""lastRejectGain"":0,""lastRejectSaturated"":false},""recovery"":{""wifiReconnectCount"":0,""wifiReconnectFailCount"":0,""mqttReconnectCount"":0,""mqttConnectFailCount"":0,""lastMqttState"":0,""adsRecoveryCount"":0,""adsRecoveryFailCount"":0,""adsReadFailStreak"":0,""lastReason"":""none"",""lastRecoveryMs"":0,""bootRecoveryArmed"":false,""bootRecoveryDueMs"":0,""bootRecoveryReason"":""none"",""bootRecoveryNonAdsFailure"":false,""bootRecoveryRestartCount"":0},""nulling"":{""done"":false,""retryArmed"":false,""attemptCount"":0,""nextRetryMs"":0,""thresholdV"":9.999999747E-06,""minFinalV"":0},""telemetry"":{""valid"":true,""sampleMs"":6968356,""gasClass"":6,""gasName"":""CO2"",""confidence"":0,""alarm"":false,""sensorVoltage"":[0.127327815,0.004147409,0.004855108,-0.002512815,-0.006758348,-0.011390315,-0.019383878,-0.025320645],""sensorGain"":[16,64,64,64,64,64,64,64],""sensorStatus"":[0,0,0,0,0,0,0,0],""featureOrder"":[""MQ8"",""MQ135"",""MQ3"",""MQ5"",""MQ4"",""MQ7"",""MQ6"",""MQ2""]},""alarmLatched"":false}"
2026-08-04 11:17:13.149 +07:00,592.030,HOT_SWEEP_70,70,700,300,1,0,0.127056241,0.00413397,0.004899924,-0.002497169,-0.006815953,-0.011424145,-0.019397577,-0.025337156,"{""deviceId"":""1001"",""nodeId"":4097,""targetChId"":""0010"",""mode"":""inference"",""uptimeMs"":6969473,""debugEnabled"":true,""power"":{""mode"":""24v"",""externalPower"":true,""batteryMv"":65535,""batteryValid"":false,""batteryDetected"":false,""batterySenseStatus"":""not_detected"",""batteryLow"":false,""batteryCritical"":false,""sourceAmbiguous"":false,""serviceHoldActive"":false,""serviceHoldEffective"":false},""batterySession"":{""state"":""inactive"",""startedMs"":0,""stateStartedMs"":0,""validSampleBatches"":0,""requiredSampleBatches"":10,""alarmTxAttempts"":0,""alarmTxAttemptLimit"":3,""alarmAckReceived"":false,""pendingAlarm"":false,""pendingSaveRequired"":false,""persistenceFaultHold"":false,""completionReason"":""session_done""},""bootHealth"":{""adsReady"":true,""adsDrdyLevel"":0,""adsDrdyPulldownLevel"":0,""adsDrdyPullupLevel"":0,""adsMisoPulldownLevel"":0,""adsMisoPullupLevel"":1,""adsCsLevel"":1,""adsSyncLevel"":1,""adsStatus"":54,""adsMux"":15,""adsAdcon"":6,""adsDrate"":240,""adsReason"":""ok"",""tcaOk"":true,""mcpOkCount"":8,""mcpOk"":[true,true,true,true,true,true,true,true],""mcpAddrMask"":[1,1,1,1,1,1,1,1],""mcpControlTested"":true,""mcpControlOkCount"":8,""mcpControlOk"":[true,true,true,true,true,true,true,true],""dacReady"":true,""radioReady"":true,""mlReady"":true,""nullingProfileApplied"":true,""modelProfileReady"":false},""runtimeMcpCode"":[255,519,795,706,799,865,665,139],""model"":{""profileId"":""cnn-dualbranch-datasheet-v1-unbound"",""scalerProfileId"":""cnn-dualbranch-datasheet-v1-unbound"",""productionApproved"":true,""boundNullingProfileId"":8,""activeNullingProfileId"":9,""bindingValid"":true,""bindingModelMatches"":true,""profileReady"":false,""inferenceValid"":false,""sensorFault"":true},""lora"":{""beginState"":0,""lastTxState"":0,""lastTxOk"":false,""txSeq"":0,""txCounter"":0,""aesKeyProvisioned"":true,""aesKeyPresent"":true,""aesKeySource"":""nvs"",""keyId"":1,""lastDownlinkCommandId"":0,""freqMHz"":920,""bwKHz"":125,""sf"":7,""cr"":5,""syncWord"":18,""txPowerDbm"":17,""preamble"":8,""tcxoVoltage"":1.600000024,""xtalVoltage"":0},""dataset"":{""state"":""idle"",""step"":""idle"",""label"":"""",""seq"":0,""targetSamples"":0,""sampleIntervalMs"":500,""maxDurationMs"":0,""useFanIntake"":true,""fanOnMs"":1000,""postFanSettleMs"":0,""nullingProfileId"":9,""queuePending"":0,""queueCapacity"":16,""queueEnqueued"":0,""queueDropped"":0,""publishFailCount"":0,""retryCount"":0,""retryFailCount"":0,""rejectedSamples"":0,""lastRejectReason"":""none"",""lastRejectChannel"":-1,""lastRejectOkFiniteCount"":0,""lastRejectStatus"":255,""lastRejectGain"":0,""lastRejectSaturated"":false},""recovery"":{""wifiReconnectCount"":0,""wifiReconnectFailCount"":0,""mqttReconnectCount"":0,""mqttConnectFailCount"":0,""lastMqttState"":0,""adsRecoveryCount"":0,""adsRecoveryFailCount"":0,""adsReadFailStreak"":0,""lastReason"":""none"",""lastRecoveryMs"":0,""bootRecoveryArmed"":false,""bootRecoveryDueMs"":0,""bootRecoveryReason"":""none"",""bootRecoveryNonAdsFailure"":false,""bootRecoveryRestartCount"":0},""nulling"":{""done"":false,""retryArmed"":false,""attemptCount"":0,""nextRetryMs"":0,""thresholdV"":9.999999747E-06,""minFinalV"":0},""telemetry"":{""valid"":true,""sampleMs"":6969084,""gasClass"":6,""gasName"":""CO2"",""confidence"":0,""alarm"":false,""sensorVoltage"":[0.127056241,0.00413397,0.004899924,-0.002497169,-0.006815953,-0.011424145,-0.019397577,-0.025337156],""sensorGain"":[16,64,64,64,64,64,64,64],""sensorStatus"":[0,0,0,0,0,0,0,0],""featureOrder"":[""MQ8"",""MQ135"",""MQ3"",""MQ5"",""MQ4"",""MQ7"",""MQ6"",""MQ2""]},""alarmLatched"":false}"
2026-08-04 11:17:13.842 +07:00,592.723,HOT_SWEEP_70,70,700,300,1,0,0.12653406,0.00414996,0.004901656,-0.002486226,-0.006790027,-0.011441612,-0.019329956,-0.025371084,"{""deviceId"":""1001"",""nodeId"":4097,""targetChId"":""0010"",""mode"":""inference"",""uptimeMs"":6970167,""debugEnabled"":true,""power"":{""mode"":""24v"",""externalPower"":true,""batteryMv"":65535,""batteryValid"":false,""batteryDetected"":false,""batterySenseStatus"":""not_detected"",""batteryLow"":false,""batteryCritical"":false,""sourceAmbiguous"":false,""serviceHoldActive"":false,""serviceHoldEffective"":false},""batterySession"":{""state"":""inactive"",""startedMs"":0,""stateStartedMs"":0,""validSampleBatches"":0,""requiredSampleBatches"":10,""alarmTxAttempts"":0,""alarmTxAttemptLimit"":3,""alarmAckReceived"":false,""pendingAlarm"":false,""pendingSaveRequired"":false,""persistenceFaultHold"":false,""completionReason"":""session_done""},""bootHealth"":{""adsReady"":true,""adsDrdyLevel"":0,""adsDrdyPulldownLevel"":0,""adsDrdyPullupLevel"":0,""adsMisoPulldownLevel"":0,""adsMisoPullupLevel"":1,""adsCsLevel"":1,""adsSyncLevel"":1,""adsStatus"":54,""adsMux"":15,""adsAdcon"":6,""adsDrate"":240,""adsReason"":""ok"",""tcaOk"":true,""mcpOkCount"":8,""mcpOk"":[true,true,true,true,true,true,true,true],""mcpAddrMask"":[1,1,1,1,1,1,1,1],""mcpControlTested"":true,""mcpControlOkCount"":8,""mcpControlOk"":[true,true,true,true,true,true,true,true],""dacReady"":true,""radioReady"":true,""mlReady"":true,""nullingProfileApplied"":true,""modelProfileReady"":false},""runtimeMcpCode"":[255,519,795,706,799,865,665,139],""model"":{""profileId"":""cnn-dualbranch-datasheet-v1-unbound"",""scalerProfileId"":""cnn-dualbranch-datasheet-v1-unbound"",""productionApproved"":true,""boundNullingProfileId"":8,""activeNullingProfileId"":9,""bindingValid"":true,""bindingModelMatches"":true,""profileReady"":false,""inferenceValid"":false,""sensorFault"":true},""lora"":{""beginState"":0,""lastTxState"":0,""lastTxOk"":false,""txSeq"":0,""txCounter"":0,""aesKeyProvisioned"":true,""aesKeyPresent"":true,""aesKeySource"":""nvs"",""keyId"":1,""lastDownlinkCommandId"":0,""freqMHz"":920,""bwKHz"":125,""sf"":7,""cr"":5,""syncWord"":18,""txPowerDbm"":17,""preamble"":8,""tcxoVoltage"":1.600000024,""xtalVoltage"":0},""dataset"":{""state"":""idle"",""step"":""idle"",""label"":"""",""seq"":0,""targetSamples"":0,""sampleIntervalMs"":500,""maxDurationMs"":0,""useFanIntake"":true,""fanOnMs"":1000,""postFanSettleMs"":0,""nullingProfileId"":9,""queuePending"":0,""queueCapacity"":16,""queueEnqueued"":0,""queueDropped"":0,""publishFailCount"":0,""retryCount"":0,""retryFailCount"":0,""rejectedSamples"":0,""lastRejectReason"":""none"",""lastRejectChannel"":-1,""lastRejectOkFiniteCount"":0,""lastRejectStatus"":255,""lastRejectGain"":0,""lastRejectSaturated"":false},""recovery"":{""wifiReconnectCount"":0,""wifiReconnectFailCount"":0,""mqttReconnectCount"":0,""mqttConnectFailCount"":0,""lastMqttState"":0,""adsRecoveryCount"":0,""adsRecoveryFailCount"":0,""adsReadFailStreak"":0,""lastReason"":""none"",""lastRecoveryMs"":0,""bootRecoveryArmed"":false,""bootRecoveryDueMs"":0,""bootRecoveryReason"":""none"",""bootRecoveryNonAdsFailure"":false,""bootRecoveryRestartCount"":0},""nulling"":{""done"":false,""retryArmed"":false,""attemptCount"":0,""nextRetryMs"":0,""thresholdV"":9.999999747E-06,""minFinalV"":0},""telemetry"":{""valid"":true,""sampleMs"":6969751,""gasClass"":6,""gasName"":""CO2"",""confidence"":0,""alarm"":false,""sensorVoltage"":[0.12653406,0.00414996,0.004901656,-0.002486226,-0.006790027,-0.011441612,-0.019329956,-0.025371084],""sensorGain"":[16,64,64,64,64,64,64,64],""sensorStatus"":[0,0,0,0,0,0,0,0],""featureOrder"":[""MQ8"",""MQ135"",""MQ3"",""MQ5"",""MQ4"",""MQ7"",""MQ6"",""MQ2""]},""alarmLatched"":false}"
2026-08-04 11:17:14.527 +07:00,593.408,HOT_SWEEP_70,70,700,300,1,0,0.126812547,0.004132177,0.004915005,-0.002521039,-0.006931341,-0.01143978,-0.019303828,-0.025372211,"{""deviceId"":""1001"",""nodeId"":4097,""targetChId"":""0010"",""mode"":""inference"",""uptimeMs"":6970856,""debugEnabled"":true,""power"":{""mode"":""24v"",""externalPower"":true,""batteryMv"":65535,""batteryValid"":false,""batteryDetected"":false,""batterySenseStatus"":""not_detected"",""batteryLow"":false,""batteryCritical"":false,""sourceAmbiguous"":false,""serviceHoldActive"":false,""serviceHoldEffective"":false},""batterySession"":{""state"":""inactive"",""startedMs"":0,""stateStartedMs"":0,""validSampleBatches"":0,""requiredSampleBatches"":10,""alarmTxAttempts"":0,""alarmTxAttemptLimit"":3,""alarmAckReceived"":false,""pendingAlarm"":false,""pendingSaveRequired"":false,""persistenceFaultHold"":false,""completionReason"":""session_done""},""bootHealth"":{""adsReady"":true,""adsDrdyLevel"":0,""adsDrdyPulldownLevel"":0,""adsDrdyPullupLevel"":0,""adsMisoPulldownLevel"":0,""adsMisoPullupLevel"":1,""adsCsLevel"":1,""adsSyncLevel"":1,""adsStatus"":54,""adsMux"":15,""adsAdcon"":6,""adsDrate"":240,""adsReason"":""ok"",""tcaOk"":true,""mcpOkCount"":8,""mcpOk"":[true,true,true,true,true,true,true,true],""mcpAddrMask"":[1,1,1,1,1,1,1,1],""mcpControlTested"":true,""mcpControlOkCount"":8,""mcpControlOk"":[true,true,true,true,true,true,true,true],""dacReady"":true,""radioReady"":true,""mlReady"":true,""nullingProfileApplied"":true,""modelProfileReady"":false},""runtimeMcpCode"":[255,519,795,706,799,865,665,139],""model"":{""profileId"":""cnn-dualbranch-datasheet-v1-unbound"",""scalerProfileId"":""cnn-dualbranch-datasheet-v1-unbound"",""productionApproved"":true,""boundNullingProfileId"":8,""activeNullingProfileId"":9,""bindingValid"":true,""bindingModelMatches"":true,""profileReady"":false,""inferenceValid"":false,""sensorFault"":true},""lora"":{""beginState"":0,""lastTxState"":0,""lastTxOk"":false,""txSeq"":0,""txCounter"":0,""aesKeyProvisioned"":true,""aesKeyPresent"":true,""aesKeySource"":""nvs"",""keyId"":1,""lastDownlinkCommandId"":0,""freqMHz"":920,""bwKHz"":125,""sf"":7,""cr"":5,""syncWord"":18,""txPowerDbm"":17,""preamble"":8,""tcxoVoltage"":1.600000024,""xtalVoltage"":0},""dataset"":{""state"":""idle"",""step"":""idle"",""label"":"""",""seq"":0,""targetSamples"":0,""sampleIntervalMs"":500,""maxDurationMs"":0,""useFanIntake"":true,""fanOnMs"":1000,""postFanSettleMs"":0,""nullingProfileId"":9,""queuePending"":0,""queueCapacity"":16,""queueEnqueued"":0,""queueDropped"":0,""publishFailCount"":0,""retryCount"":0,""retryFailCount"":0,""rejectedSamples"":0,""lastRejectReason"":""none"",""lastRejectChannel"":-1,""lastRejectOkFiniteCount"":0,""lastRejectStatus"":255,""lastRejectGain"":0,""lastRejectSaturated"":false},""recovery"":{""wifiReconnectCount"":0,""wifiReconnectFailCount"":0,""mqttReconnectCount"":0,""mqttConnectFailCount"":0,""lastMqttState"":0,""adsRecoveryCount"":0,""adsRecoveryFailCount"":0,""adsReadFailStreak"":0,""lastReason"":""none"",""lastRecoveryMs"":0,""bootRecoveryArmed"":false,""bootRecoveryDueMs"":0,""bootRecoveryReason"":""none"",""bootRecoveryNonAdsFailure"":false,""bootRecoveryRestartCount"":0},""nulling"":{""done"":false,""retryArmed"":false,""attemptCount"":0,""nextRetryMs"":0,""thresholdV"":9.999999747E-06,""minFinalV"":0},""telemetry"":{""valid"":true,""sampleMs"":6970445,""gasClass"":6,""gasName"":""CO2"",""confidence"":0,""alarm"":false,""sensorVoltage"":[0.126812547,0.004132177,0.004915005,-0.002521039,-0.006931341,-0.01143978,-0.019303828,-0.025372211],""sensorGain"":[16,64,64,64,64,64,64,64],""sensorStatus"":[0,0,0,0,0,0,0,0],""featureOrder"":[""MQ8"",""MQ135"",""MQ3"",""MQ5"",""MQ4"",""MQ7"",""MQ6"",""MQ2""]},""alarmLatched"":false}"
2026-08-04 11:17:15.221 +07:00,594.101,HOT_SWEEP_70,70,700,300,1,0,0.127248377,0.004081939,0.004914668,-0.002502756,-0.00794022,-0.011419334,-0.019346897,-0.025384426,"{""deviceId"":""1001"",""nodeId"":4097,""targetChId"":""0010"",""mode"":""inference"",""uptimeMs"":6971545,""debugEnabled"":true,""power"":{""mode"":""24v"",""externalPower"":true,""batteryMv"":65535,""batteryValid"":false,""batteryDetected"":false,""batterySenseStatus"":""not_detected"",""batteryLow"":false,""batteryCritical"":false,""sourceAmbiguous"":false,""serviceHoldActive"":false,""serviceHoldEffective"":false},""batterySession"":{""state"":""inactive"",""startedMs"":0,""stateStartedMs"":0,""validSampleBatches"":0,""requiredSampleBatches"":10,""alarmTxAttempts"":0,""alarmTxAttemptLimit"":3,""alarmAckReceived"":false,""pendingAlarm"":false,""pendingSaveRequired"":false,""persistenceFaultHold"":false,""completionReason"":""session_done""},""bootHealth"":{""adsReady"":true,""adsDrdyLevel"":0,""adsDrdyPulldownLevel"":0,""adsDrdyPullupLevel"":0,""adsMisoPulldownLevel"":0,""adsMisoPullupLevel"":1,""adsCsLevel"":1,""adsSyncLevel"":1,""adsStatus"":54,""adsMux"":15,""adsAdcon"":6,""adsDrate"":240,""adsReason"":""ok"",""tcaOk"":true,""mcpOkCount"":8,""mcpOk"":[true,true,true,true,true,true,true,true],""mcpAddrMask"":[1,1,1,1,1,1,1,1],""mcpControlTested"":true,""mcpControlOkCount"":8,""mcpControlOk"":[true,true,true,true,true,true,true,true],""dacReady"":true,""radioReady"":true,""mlReady"":true,""nullingProfileApplied"":true,""modelProfileReady"":false},""runtimeMcpCode"":[255,519,795,706,799,865,665,139],""model"":{""profileId"":""cnn-dualbranch-datasheet-v1-unbound"",""scalerProfileId"":""cnn-dualbranch-datasheet-v1-unbound"",""productionApproved"":true,""boundNullingProfileId"":8,""activeNullingProfileId"":9,""bindingValid"":true,""bindingModelMatches"":true,""profileReady"":false,""inferenceValid"":false,""sensorFault"":true},""lora"":{""beginState"":0,""lastTxState"":0,""lastTxOk"":false,""txSeq"":0,""txCounter"":0,""aesKeyProvisioned"":true,""aesKeyPresent"":true,""aesKeySource"":""nvs"",""keyId"":1,""lastDownlinkCommandId"":0,""freqMHz"":920,""bwKHz"":125,""sf"":7,""cr"":5,""syncWord"":18,""txPowerDbm"":17,""preamble"":8,""tcxoVoltage"":1.600000024,""xtalVoltage"":0},""dataset"":{""state"":""idle"",""step"":""idle"",""label"":"""",""seq"":0,""targetSamples"":0,""sampleIntervalMs"":500,""maxDurationMs"":0,""useFanIntake"":true,""fanOnMs"":1000,""postFanSettleMs"":0,""nullingProfileId"":9,""queuePending"":0,""queueCapacity"":16,""queueEnqueued"":0,""queueDropped"":0,""publishFailCount"":0,""retryCount"":0,""retryFailCount"":0,""rejectedSamples"":0,""lastRejectReason"":""none"",""lastRejectChannel"":-1,""lastRejectOkFiniteCount"":0,""lastRejectStatus"":255,""lastRejectGain"":0,""lastRejectSaturated"":false},""recovery"":{""wifiReconnectCount"":0,""wifiReconnectFailCount"":0,""mqttReconnectCount"":0,""mqttConnectFailCount"":0,""lastMqttState"":0,""adsRecoveryCount"":0,""adsRecoveryFailCount"":0,""adsReadFailStreak"":0,""lastReason"":""none"",""lastRecoveryMs"":0,""bootRecoveryArmed"":false,""bootRecoveryDueMs"":0,""bootRecoveryReason"":""none"",""bootRecoveryNonAdsFailure"":false,""bootRecoveryRestartCount"":0},""nulling"":{""done"":false,""retryArmed"":false,""attemptCount"":0,""nextRetryMs"":0,""thresholdV"":9.999999747E-06,""minFinalV"":0},""telemetry"":{""valid"":true,""sampleMs"":6971166,""gasClass"":6,""gasName"":""CO2"",""confidence"":0,""alarm"":false,""sensorVoltage"":[0.127248377,0.004081939,0.004914668,-0.002502756,-0.00794022,-0.011419334,-0.019346897,-0.025384426],""sensorGain"":[16,64,64,64,64,64,64,64],""sensorStatus"":[0,0,0,0,0,0,0,0],""featureOrder"":[""MQ8"",""MQ135"",""MQ3"",""MQ5"",""MQ4"",""MQ7"",""MQ6"",""MQ2""]},""alarmLatched"":false}"
2026-08-04 11:17:15.938 +07:00,594.819,HOT_SWEEP_70,70,700,300,1,0,0.126548439,0.003994034,0.004878193,-0.002514587,-0.007945048,-0.011448273,-0.019372504,-0.025463734,"{""deviceId"":""1001"",""nodeId"":4097,""targetChId"":""0010"",""mode"":""inference"",""uptimeMs"":6972262,""debugEnabled"":true,""power"":{""mode"":""24v"",""externalPower"":true,""batteryMv"":65535,""batteryValid"":false,""batteryDetected"":false,""batterySenseStatus"":""not_detected"",""batteryLow"":false,""batteryCritical"":false,""sourceAmbiguous"":false,""serviceHoldActive"":false,""serviceHoldEffective"":false},""batterySession"":{""state"":""inactive"",""startedMs"":0,""stateStartedMs"":0,""validSampleBatches"":0,""requiredSampleBatches"":10,""alarmTxAttempts"":0,""alarmTxAttemptLimit"":3,""alarmAckReceived"":false,""pendingAlarm"":false,""pendingSaveRequired"":false,""persistenceFaultHold"":false,""completionReason"":""session_done""},""bootHealth"":{""adsReady"":true,""adsDrdyLevel"":0,""adsDrdyPulldownLevel"":0,""adsDrdyPullupLevel"":0,""adsMisoPulldownLevel"":0,""adsMisoPullupLevel"":1,""adsCsLevel"":1,""adsSyncLevel"":1,""adsStatus"":54,""adsMux"":15,""adsAdcon"":6,""adsDrate"":240,""adsReason"":""ok"",""tcaOk"":true,""mcpOkCount"":8,""mcpOk"":[true,true,true,true,true,true,true,true],""mcpAddrMask"":[1,1,1,1,1,1,1,1],""mcpControlTested"":true,""mcpControlOkCount"":8,""mcpControlOk"":[true,true,true,true,true,true,true,true],""dacReady"":true,""radioReady"":true,""mlReady"":true,""nullingProfileApplied"":true,""modelProfileReady"":false},""runtimeMcpCode"":[255,519,795,706,799,865,665,139],""model"":{""profileId"":""cnn-dualbranch-datasheet-v1-unbound"",""scalerProfileId"":""cnn-dualbranch-datasheet-v1-unbound"",""productionApproved"":true,""boundNullingProfileId"":8,""activeNullingProfileId"":9,""bindingValid"":true,""bindingModelMatches"":true,""profileReady"":false,""inferenceValid"":false,""sensorFault"":true},""lora"":{""beginState"":0,""lastTxState"":0,""lastTxOk"":false,""txSeq"":0,""txCounter"":0,""aesKeyProvisioned"":true,""aesKeyPresent"":true,""aesKeySource"":""nvs"",""keyId"":1,""lastDownlinkCommandId"":0,""freqMHz"":920,""bwKHz"":125,""sf"":7,""cr"":5,""syncWord"":18,""txPowerDbm"":17,""preamble"":8,""tcxoVoltage"":1.600000024,""xtalVoltage"":0},""dataset"":{""state"":""idle"",""step"":""idle"",""label"":"""",""seq"":0,""targetSamples"":0,""sampleIntervalMs"":500,""maxDurationMs"":0,""useFanIntake"":true,""fanOnMs"":1000,""postFanSettleMs"":0,""nullingProfileId"":9,""queuePending"":0,""queueCapacity"":16,""queueEnqueued"":0,""queueDropped"":0,""publishFailCount"":0,""retryCount"":0,""retryFailCount"":0,""rejectedSamples"":0,""lastRejectReason"":""none"",""lastRejectChannel"":-1,""lastRejectOkFiniteCount"":0,""lastRejectStatus"":255,""lastRejectGain"":0,""lastRejectSaturated"":false},""recovery"":{""wifiReconnectCount"":0,""wifiReconnectFailCount"":0,""mqttReconnectCount"":0,""mqttConnectFailCount"":0,""lastMqttState"":0,""adsRecoveryCount"":0,""adsRecoveryFailCount"":0,""adsReadFailStreak"":0,""lastReason"":""none"",""lastRecoveryMs"":0,""bootRecoveryArmed"":false,""bootRecoveryDueMs"":0,""bootRecoveryReason"":""none"",""bootRecoveryNonAdsFailure"":false,""bootRecoveryRestartCount"":0},""nulling"":{""done"":false,""retryArmed"":false,""attemptCount"":0,""nextRetryMs"":0,""thresholdV"":9.999999747E-06,""minFinalV"":0},""telemetry"":{""valid"":true,""sampleMs"":6971823,""gasClass"":6,""gasName"":""CO2"",""confidence"":0,""alarm"":false,""sensorVoltage"":[0.126548439,0.003994034,0.004878193,-0.002514587,-0.007945048,-0.011448273,-0.019372504,-0.025463734],""sensorGain"":[16,64,64,64,64,64,64,64],""sensorStatus"":[0,0,0,0,0,0,0,0],""featureOrder"":[""MQ8"",""MQ135"",""MQ3"",""MQ5"",""MQ4"",""MQ7"",""MQ6"",""MQ2""]},""alarmLatched"":false}"
2026-08-04 11:17:16.624 +07:00,595.504,HOT_SWEEP_70,70,700,300,1,0,0.126376614,0.003991338,0.004893601,-0.002530333,-0.007853094,-0.011441736,-0.019350883,-0.025476089,"{""deviceId"":""1001"",""nodeId"":4097,""targetChId"":""0010"",""mode"":""inference"",""uptimeMs"":6972947,""debugEnabled"":true,""power"":{""mode"":""24v"",""externalPower"":true,""batteryMv"":65535,""batteryValid"":false,""batteryDetected"":false,""batterySenseStatus"":""not_detected"",""batteryLow"":false,""batteryCritical"":false,""sourceAmbiguous"":false,""serviceHoldActive"":false,""serviceHoldEffective"":false},""batterySession"":{""state"":""inactive"",""startedMs"":0,""stateStartedMs"":0,""validSampleBatches"":0,""requiredSampleBatches"":10,""alarmTxAttempts"":0,""alarmTxAttemptLimit"":3,""alarmAckReceived"":false,""pendingAlarm"":false,""pendingSaveRequired"":false,""persistenceFaultHold"":false,""completionReason"":""session_done""},""bootHealth"":{""adsReady"":true,""adsDrdyLevel"":0,""adsDrdyPulldownLevel"":0,""adsDrdyPullupLevel"":0,""adsMisoPulldownLevel"":0,""adsMisoPullupLevel"":1,""adsCsLevel"":1,""adsSyncLevel"":1,""adsStatus"":54,""adsMux"":15,""adsAdcon"":6,""adsDrate"":240,""adsReason"":""ok"",""tcaOk"":true,""mcpOkCount"":8,""mcpOk"":[true,true,true,true,true,true,true,true],""mcpAddrMask"":[1,1,1,1,1,1,1,1],""mcpControlTested"":true,""mcpControlOkCount"":8,""mcpControlOk"":[true,true,true,true,true,true,true,true],""dacReady"":true,""radioReady"":true,""mlReady"":true,""nullingProfileApplied"":true,""modelProfileReady"":false},""runtimeMcpCode"":[255,519,795,706,799,865,665,139],""model"":{""profileId"":""cnn-dualbranch-datasheet-v1-unbound"",""scalerProfileId"":""cnn-dualbranch-datasheet-v1-unbound"",""productionApproved"":true,""boundNullingProfileId"":8,""activeNullingProfileId"":9,""bindingValid"":true,""bindingModelMatches"":true,""profileReady"":false,""inferenceValid"":false,""sensorFault"":true},""lora"":{""beginState"":0,""lastTxState"":0,""lastTxOk"":false,""txSeq"":0,""txCounter"":0,""aesKeyProvisioned"":true,""aesKeyPresent"":true,""aesKeySource"":""nvs"",""keyId"":1,""lastDownlinkCommandId"":0,""freqMHz"":920,""bwKHz"":125,""sf"":7,""cr"":5,""syncWord"":18,""txPowerDbm"":17,""preamble"":8,""tcxoVoltage"":1.600000024,""xtalVoltage"":0},""dataset"":{""state"":""idle"",""step"":""idle"",""label"":"""",""seq"":0,""targetSamples"":0,""sampleIntervalMs"":500,""maxDurationMs"":0,""useFanIntake"":true,""fanOnMs"":1000,""postFanSettleMs"":0,""nullingProfileId"":9,""queuePending"":0,""queueCapacity"":16,""queueEnqueued"":0,""queueDropped"":0,""publishFailCount"":0,""retryCount"":0,""retryFailCount"":0,""rejectedSamples"":0,""lastRejectReason"":""none"",""lastRejectChannel"":-1,""lastRejectOkFiniteCount"":0,""lastRejectStatus"":255,""lastRejectGain"":0,""lastRejectSaturated"":false},""recovery"":{""wifiReconnectCount"":0,""wifiReconnectFailCount"":0,""mqttReconnectCount"":0,""mqttConnectFailCount"":0,""lastMqttState"":0,""adsRecoveryCount"":0,""adsRecoveryFailCount"":0,""adsReadFailStreak"":0,""lastReason"":""none"",""lastRecoveryMs"":0,""bootRecoveryArmed"":false,""bootRecoveryDueMs"":0,""bootRecoveryReason"":""none"",""bootRecoveryNonAdsFailure"":false,""bootRecoveryRestartCount"":0},""nulling"":{""done"":false,""retryArmed"":false,""attemptCount"":0,""nextRetryMs"":0,""thresholdV"":9.999999747E-06,""minFinalV"":0},""telemetry"":{""valid"":true,""sampleMs"":6972540,""gasClass"":6,""gasName"":""CO2"",""confidence"":0,""alarm"":false,""sensorVoltage"":[0.126376614,0.003991338,0.004893601,-0.002530333,-0.007853094,-0.011441736,-0.019350883,-0.025476089],""sensorGain"":[16,64,64,64,64,64,64,64],""sensorStatus"":[0,0,0,0,0,0,0,0],""featureOrder"":[""MQ8"",""MQ135"",""MQ3"",""MQ5"",""MQ4"",""MQ7"",""MQ6"",""MQ2""]},""alarmLatched"":false}"
2026-08-04 11:17:17.311 +07:00,596.191,HOT_SWEEP_70,70,700,300,1,0,0.126788154,0.004006437,0.004875977,-0.002542761,-0.00777685,-0.011442279,-0.018980609,-0.025012251,"{""deviceId"":""1001"",""nodeId"":4097,""targetChId"":""0010"",""mode"":""inference"",""uptimeMs"":6973634,""debugEnabled"":true,""power"":{""mode"":""24v"",""externalPower"":true,""batteryMv"":65535,""batteryValid"":false,""batteryDetected"":false,""batterySenseStatus"":""not_detected"",""batteryLow"":false,""batteryCritical"":false,""sourceAmbiguous"":false,""serviceHoldActive"":false,""serviceHoldEffective"":false},""batterySession"":{""state"":""inactive"",""startedMs"":0,""stateStartedMs"":0,""validSampleBatches"":0,""requiredSampleBatches"":10,""alarmTxAttempts"":0,""alarmTxAttemptLimit"":3,""alarmAckReceived"":false,""pendingAlarm"":false,""pendingSaveRequired"":false,""persistenceFaultHold"":false,""completionReason"":""session_done""},""bootHealth"":{""adsReady"":true,""adsDrdyLevel"":0,""adsDrdyPulldownLevel"":0,""adsDrdyPullupLevel"":0,""adsMisoPulldownLevel"":0,""adsMisoPullupLevel"":1,""adsCsLevel"":1,""adsSyncLevel"":1,""adsStatus"":54,""adsMux"":15,""adsAdcon"":6,""adsDrate"":240,""adsReason"":""ok"",""tcaOk"":true,""mcpOkCount"":8,""mcpOk"":[true,true,true,true,true,true,true,true],""mcpAddrMask"":[1,1,1,1,1,1,1,1],""mcpControlTested"":true,""mcpControlOkCount"":8,""mcpControlOk"":[true,true,true,true,true,true,true,true],""dacReady"":true,""radioReady"":true,""mlReady"":true,""nullingProfileApplied"":true,""modelProfileReady"":false},""runtimeMcpCode"":[255,519,795,706,799,865,665,139],""model"":{""profileId"":""cnn-dualbranch-datasheet-v1-unbound"",""scalerProfileId"":""cnn-dualbranch-datasheet-v1-unbound"",""productionApproved"":true,""boundNullingProfileId"":8,""activeNullingProfileId"":9,""bindingValid"":true,""bindingModelMatches"":true,""profileReady"":false,""inferenceValid"":false,""sensorFault"":true},""lora"":{""beginState"":0,""lastTxState"":0,""lastTxOk"":false,""txSeq"":0,""txCounter"":0,""aesKeyProvisioned"":true,""aesKeyPresent"":true,""aesKeySource"":""nvs"",""keyId"":1,""lastDownlinkCommandId"":0,""freqMHz"":920,""bwKHz"":125,""sf"":7,""cr"":5,""syncWord"":18,""txPowerDbm"":17,""preamble"":8,""tcxoVoltage"":1.600000024,""xtalVoltage"":0},""dataset"":{""state"":""idle"",""step"":""idle"",""label"":"""",""seq"":0,""targetSamples"":0,""sampleIntervalMs"":500,""maxDurationMs"":0,""useFanIntake"":true,""fanOnMs"":1000,""postFanSettleMs"":0,""nullingProfileId"":9,""queuePending"":0,""queueCapacity"":16,""queueEnqueued"":0,""queueDropped"":0,""publishFailCount"":0,""retryCount"":0,""retryFailCount"":0,""rejectedSamples"":0,""lastRejectReason"":""none"",""lastRejectChannel"":-1,""lastRejectOkFiniteCount"":0,""lastRejectStatus"":255,""lastRejectGain"":0,""lastRejectSaturated"":false},""recovery"":{""wifiReconnectCount"":0,""wifiReconnectFailCount"":0,""mqttReconnectCount"":0,""mqttConnectFailCount"":0,""lastMqttState"":0,""adsRecoveryCount"":0,""adsRecoveryFailCount"":0,""adsReadFailStreak"":0,""lastReason"":""none"",""lastRecoveryMs"":0,""bootRecoveryArmed"":false,""bootRecoveryDueMs"":0,""bootRecoveryReason"":""none"",""bootRecoveryNonAdsFailure"":false,""bootRecoveryRestartCount"":0},""nulling"":{""done"":false,""retryArmed"":false,""attemptCount"":0,""nextRetryMs"":0,""thresholdV"":9.999999747E-06,""minFinalV"":0},""telemetry"":{""valid"":true,""sampleMs"":6973257,""gasClass"":6,""gasName"":""CO2"",""confidence"":0,""alarm"":false,""sensorVoltage"":[0.126788154,0.004006437,0.004875977,-0.002542761,-0.00777685,-0.011442279,-0.018980609,-0.025012251],""sensorGain"":[16,64,64,64,64,64,64,64],""sensorStatus"":[0,0,0,0,0,0,0,0],""featureOrder"":[""MQ8"",""MQ135"",""MQ3"",""MQ5"",""MQ4"",""MQ7"",""MQ6"",""MQ2""]},""alarmLatched"":false}"
2026-08-04 11:17:17.998 +07:00,596.878,HOT_SWEEP_70,70,700,300,1,0,0.126559272,0.003926318,0.004883035,-0.002528008,-0.007751239,-0.011638934,-0.01935694,-0.025456697,"{""deviceId"":""1001"",""nodeId"":4097,""targetChId"":""0010"",""mode"":""inference"",""uptimeMs"":6974318,""debugEnabled"":true,""power"":{""mode"":""24v"",""externalPower"":true,""batteryMv"":65535,""batteryValid"":false,""batteryDetected"":false,""batterySenseStatus"":""not_detected"",""batteryLow"":false,""batteryCritical"":false,""sourceAmbiguous"":false,""serviceHoldActive"":false,""serviceHoldEffective"":false},""batterySession"":{""state"":""inactive"",""startedMs"":0,""stateStartedMs"":0,""validSampleBatches"":0,""requiredSampleBatches"":10,""alarmTxAttempts"":0,""alarmTxAttemptLimit"":3,""alarmAckReceived"":false,""pendingAlarm"":false,""pendingSaveRequired"":false,""persistenceFaultHold"":false,""completionReason"":""session_done""},""bootHealth"":{""adsReady"":true,""adsDrdyLevel"":0,""adsDrdyPulldownLevel"":0,""adsDrdyPullupLevel"":0,""adsMisoPulldownLevel"":0,""adsMisoPullupLevel"":1,""adsCsLevel"":1,""adsSyncLevel"":1,""adsStatus"":54,""adsMux"":15,""adsAdcon"":6,""adsDrate"":240,""adsReason"":""ok"",""tcaOk"":true,""mcpOkCount"":8,""mcpOk"":[true,true,true,true,true,true,true,true],""mcpAddrMask"":[1,1,1,1,1,1,1,1],""mcpControlTested"":true,""mcpControlOkCount"":8,""mcpControlOk"":[true,true,true,true,true,true,true,true],""dacReady"":true,""radioReady"":true,""mlReady"":true,""nullingProfileApplied"":true,""modelProfileReady"":false},""runtimeMcpCode"":[255,519,795,706,799,865,665,139],""model"":{""profileId"":""cnn-dualbranch-datasheet-v1-unbound"",""scalerProfileId"":""cnn-dualbranch-datasheet-v1-unbound"",""productionApproved"":true,""boundNullingProfileId"":8,""activeNullingProfileId"":9,""bindingValid"":true,""bindingModelMatches"":true,""profileReady"":false,""inferenceValid"":false,""sensorFault"":true},""lora"":{""beginState"":0,""lastTxState"":0,""lastTxOk"":false,""txSeq"":0,""txCounter"":0,""aesKeyProvisioned"":true,""aesKeyPresent"":true,""aesKeySource"":""nvs"",""keyId"":1,""lastDownlinkCommandId"":0,""freqMHz"":920,""bwKHz"":125,""sf"":7,""cr"":5,""syncWord"":18,""txPowerDbm"":17,""preamble"":8,""tcxoVoltage"":1.600000024,""xtalVoltage"":0},""dataset"":{""state"":""idle"",""step"":""idle"",""label"":"""",""seq"":0,""targetSamples"":0,""sampleIntervalMs"":500,""maxDurationMs"":0,""useFanIntake"":true,""fanOnMs"":1000,""postFanSettleMs"":0,""nullingProfileId"":9,""queuePending"":0,""queueCapacity"":16,""queueEnqueued"":0,""queueDropped"":0,""publishFailCount"":0,""retryCount"":0,""retryFailCount"":0,""rejectedSamples"":0,""lastRejectReason"":""none"",""lastRejectChannel"":-1,""lastRejectOkFiniteCount"":0,""lastRejectStatus"":255,""lastRejectGain"":0,""lastRejectSaturated"":false},""recovery"":{""wifiReconnectCount"":0,""wifiReconnectFailCount"":0,""mqttReconnectCount"":0,""mqttConnectFailCount"":0,""lastMqttState"":0,""adsRecoveryCount"":0,""adsRecoveryFailCount"":0,""adsReadFailStreak"":0,""lastReason"":""none"",""lastRecoveryMs"":0,""bootRecoveryArmed"":false,""bootRecoveryDueMs"":0,""bootRecoveryReason"":""none"",""bootRecoveryNonAdsFailure"":false,""bootRecoveryRestartCount"":0},""nulling"":{""done"":false,""retryArmed"":false,""attemptCount"":0,""nextRetryMs"":0,""thresholdV"":9.999999747E-06,""minFinalV"":0},""telemetry"":{""valid"":true,""sampleMs"":6973912,""gasClass"":6,""gasName"":""CO2"",""confidence"":0,""alarm"":false,""sensorVoltage"":[0.126559272,0.003926318,0.004883035,-0.002528008,-0.007751239,-0.011638934,-0.01935694,-0.025456697],""sensorGain"":[16,64,64,64,64,64,64,64],""sensorStatus"":[0,0,0,0,0,0,0,0],""featureOrder"":[""MQ8"",""MQ135"",""MQ3"",""MQ5"",""MQ4"",""MQ7"",""MQ6"",""MQ2""]},""alarmLatched"":false}"
2026-08-04 11:17:18.680 +07:00,597.560,HOT_SWEEP_70,70,700,300,1,0,0.125892907,0.003912903,0.004851624,-0.002556355,-0.00832394,-0.011668782,-0.019309361,-0.025559578,"{""deviceId"":""1001"",""nodeId"":4097,""targetChId"":""0010"",""mode"":""inference"",""uptimeMs"":6975004,""debugEnabled"":true,""power"":{""mode"":""24v"",""externalPower"":true,""batteryMv"":65535,""batteryValid"":false,""batteryDetected"":false,""batterySenseStatus"":""not_detected"",""batteryLow"":false,""batteryCritical"":false,""sourceAmbiguous"":false,""serviceHoldActive"":false,""serviceHoldEffective"":false},""batterySession"":{""state"":""inactive"",""startedMs"":0,""stateStartedMs"":0,""validSampleBatches"":0,""requiredSampleBatches"":10,""alarmTxAttempts"":0,""alarmTxAttemptLimit"":3,""alarmAckReceived"":false,""pendingAlarm"":false,""pendingSaveRequired"":false,""persistenceFaultHold"":false,""completionReason"":""session_done""},""bootHealth"":{""adsReady"":true,""adsDrdyLevel"":0,""adsDrdyPulldownLevel"":0,""adsDrdyPullupLevel"":0,""adsMisoPulldownLevel"":0,""adsMisoPullupLevel"":1,""adsCsLevel"":1,""adsSyncLevel"":1,""adsStatus"":54,""adsMux"":15,""adsAdcon"":6,""adsDrate"":240,""adsReason"":""ok"",""tcaOk"":true,""mcpOkCount"":8,""mcpOk"":[true,true,true,true,true,true,true,true],""mcpAddrMask"":[1,1,1,1,1,1,1,1],""mcpControlTested"":true,""mcpControlOkCount"":8,""mcpControlOk"":[true,true,true,true,true,true,true,true],""dacReady"":true,""radioReady"":true,""mlReady"":true,""nullingProfileApplied"":true,""modelProfileReady"":false},""runtimeMcpCode"":[255,519,795,706,799,865,665,139],""model"":{""profileId"":""cnn-dualbranch-datasheet-v1-unbound"",""scalerProfileId"":""cnn-dualbranch-datasheet-v1-unbound"",""productionApproved"":true,""boundNullingProfileId"":8,""activeNullingProfileId"":9,""bindingValid"":true,""bindingModelMatches"":true,""profileReady"":false,""inferenceValid"":false,""sensorFault"":true},""lora"":{""beginState"":0,""lastTxState"":0,""lastTxOk"":false,""txSeq"":0,""txCounter"":0,""aesKeyProvisioned"":true,""aesKeyPresent"":true,""aesKeySource"":""nvs"",""keyId"":1,""lastDownlinkCommandId"":0,""freqMHz"":920,""bwKHz"":125,""sf"":7,""cr"":5,""syncWord"":18,""txPowerDbm"":17,""preamble"":8,""tcxoVoltage"":1.600000024,""xtalVoltage"":0},""dataset"":{""state"":""idle"",""step"":""idle"",""label"":"""",""seq"":0,""targetSamples"":0,""sampleIntervalMs"":500,""maxDurationMs"":0,""useFanIntake"":true,""fanOnMs"":1000,""postFanSettleMs"":0,""nullingProfileId"":9,""queuePending"":0,""queueCapacity"":16,""queueEnqueued"":0,""queueDropped"":0,""publishFailCount"":0,""retryCount"":0,""retryFailCount"":0,""rejectedSamples"":0,""lastRejectReason"":""none"",""lastRejectChannel"":-1,""lastRejectOkFiniteCount"":0,""lastRejectStatus"":255,""lastRejectGain"":0,""lastRejectSaturated"":false},""recovery"":{""wifiReconnectCount"":0,""wifiReconnectFailCount"":0,""mqttReconnectCount"":0,""mqttConnectFailCount"":0,""lastMqttState"":0,""adsRecoveryCount"":0,""adsRecoveryFailCount"":0,""adsReadFailStreak"":0,""lastReason"":""none"",""lastRecoveryMs"":0,""bootRecoveryArmed"":false,""bootRecoveryDueMs"":0,""bootRecoveryReason"":""none"",""bootRecoveryNonAdsFailure"":false,""bootRecoveryRestartCount"":0},""nulling"":{""done"":false,""retryArmed"":false,""attemptCount"":0,""nextRetryMs"":0,""thresholdV"":9.999999747E-06,""minFinalV"":0},""telemetry"":{""valid"":true,""sampleMs"":6974596,""gasClass"":6,""gasName"":""CO2"",""confidence"":0,""alarm"":false,""sensorVoltage"":[0.125892907,0.003912903,0.004851624,-0.002556355,-0.00832394,-0.011668782,-0.019309361,-0.025559578],""sensorGain"":[16,64,64,64,64,64,64,64],""sensorStatus"":[0,0,0,0,0,0,0,0],""featureOrder"":[""MQ8"",""MQ135"",""MQ3"",""MQ5"",""MQ4"",""MQ7"",""MQ6"",""MQ2""]},""alarmLatched"":false}"
2026-08-04 11:17:19.363 +07:00,598.243,HOT_SWEEP_70,70,700,300,1,0,0.126425609,0.003906577,0.004857112,-0.002564832,-0.008849533,-0.011419144,-0.019300938,-0.025492165,"{""deviceId"":""1001"",""nodeId"":4097,""targetChId"":""0010"",""mode"":""inference"",""uptimeMs"":6975687,""debugEnabled"":true,""power"":{""mode"":""24v"",""externalPower"":true,""batteryMv"":65535,""batteryValid"":false,""batteryDetected"":false,""batterySenseStatus"":""not_detected"",""batteryLow"":false,""batteryCritical"":false,""sourceAmbiguous"":false,""serviceHoldActive"":false,""serviceHoldEffective"":false},""batterySession"":{""state"":""inactive"",""startedMs"":0,""stateStartedMs"":0,""validSampleBatches"":0,""requiredSampleBatches"":10,""alarmTxAttempts"":0,""alarmTxAttemptLimit"":3,""alarmAckReceived"":false,""pendingAlarm"":false,""pendingSaveRequired"":false,""persistenceFaultHold"":false,""completionReason"":""session_done""},""bootHealth"":{""adsReady"":true,""adsDrdyLevel"":0,""adsDrdyPulldownLevel"":0,""adsDrdyPullupLevel"":0,""adsMisoPulldownLevel"":0,""adsMisoPullupLevel"":1,""adsCsLevel"":1,""adsSyncLevel"":1,""adsStatus"":54,""adsMux"":15,""adsAdcon"":6,""adsDrate"":240,""adsReason"":""ok"",""tcaOk"":true,""mcpOkCount"":8,""mcpOk"":[true,true,true,true,true,true,true,true],""mcpAddrMask"":[1,1,1,1,1,1,1,1],""mcpControlTested"":true,""mcpControlOkCount"":8,""mcpControlOk"":[true,true,true,true,true,true,true,true],""dacReady"":true,""radioReady"":true,""mlReady"":true,""nullingProfileApplied"":true,""modelProfileReady"":false},""runtimeMcpCode"":[255,519,795,706,799,865,665,139],""model"":{""profileId"":""cnn-dualbranch-datasheet-v1-unbound"",""scalerProfileId"":""cnn-dualbranch-datasheet-v1-unbound"",""productionApproved"":true,""boundNullingProfileId"":8,""activeNullingProfileId"":9,""bindingValid"":true,""bindingModelMatches"":true,""profileReady"":false,""inferenceValid"":false,""sensorFault"":true},""lora"":{""beginState"":0,""lastTxState"":0,""lastTxOk"":false,""txSeq"":0,""txCounter"":0,""aesKeyProvisioned"":true,""aesKeyPresent"":true,""aesKeySource"":""nvs"",""keyId"":1,""lastDownlinkCommandId"":0,""freqMHz"":920,""bwKHz"":125,""sf"":7,""cr"":5,""syncWord"":18,""txPowerDbm"":17,""preamble"":8,""tcxoVoltage"":1.600000024,""xtalVoltage"":0},""dataset"":{""state"":""idle"",""step"":""idle"",""label"":"""",""seq"":0,""targetSamples"":0,""sampleIntervalMs"":500,""maxDurationMs"":0,""useFanIntake"":true,""fanOnMs"":1000,""postFanSettleMs"":0,""nullingProfileId"":9,""queuePending"":0,""queueCapacity"":16,""queueEnqueued"":0,""queueDropped"":0,""publishFailCount"":0,""retryCount"":0,""retryFailCount"":0,""rejectedSamples"":0,""lastRejectReason"":""none"",""lastRejectChannel"":-1,""lastRejectOkFiniteCount"":0,""lastRejectStatus"":255,""lastRejectGain"":0,""lastRejectSaturated"":false},""recovery"":{""wifiReconnectCount"":0,""wifiReconnectFailCount"":0,""mqttReconnectCount"":0,""mqttConnectFailCount"":0,""lastMqttState"":0,""adsRecoveryCount"":0,""adsRecoveryFailCount"":0,""adsReadFailStreak"":0,""lastReason"":""none"",""lastRecoveryMs"":0,""bootRecoveryArmed"":false,""bootRecoveryDueMs"":0,""bootRecoveryReason"":""none"",""bootRecoveryNonAdsFailure"":false,""bootRecoveryRestartCount"":0},""nulling"":{""done"":false,""retryArmed"":false,""attemptCount"":0,""nextRetryMs"":0,""thresholdV"":9.999999747E-06,""minFinalV"":0},""telemetry"":{""valid"":true,""sampleMs"":6975314,""gasClass"":6,""gasName"":""CO2"",""confidence"":0,""alarm"":false,""sensorVoltage"":[0.126425609,0.003906577,0.004857112,-0.002564832,-0.008849533,-0.011419144,-0.019300938,-0.025492165],""sensorGain"":[16,64,64,64,64,64,64,64],""sensorStatus"":[0,0,0,0,0,0,0,0],""featureOrder"":[""MQ8"",""MQ135"",""MQ3"",""MQ5"",""MQ4"",""MQ7"",""MQ6"",""MQ2""]},""alarmLatched"":false}"
2026-08-04 11:17:20.065 +07:00,598.946,HOT_SWEEP_70,70,700,300,1,0,0.125841483,0.003938001,0.004856433,-0.002600063,-0.009097733,-0.011636098,-0.01967613,-0.025893355,"{""deviceId"":""1001"",""nodeId"":4097,""targetChId"":""0010"",""mode"":""inference"",""uptimeMs"":6976389,""debugEnabled"":true,""power"":{""mode"":""24v"",""externalPower"":true,""batteryMv"":65535,""batteryValid"":false,""batteryDetected"":false,""batterySenseStatus"":""not_detected"",""batteryLow"":false,""batteryCritical"":false,""sourceAmbiguous"":false,""serviceHoldActive"":false,""serviceHoldEffective"":false},""batterySession"":{""state"":""inactive"",""startedMs"":0,""stateStartedMs"":0,""validSampleBatches"":0,""requiredSampleBatches"":10,""alarmTxAttempts"":0,""alarmTxAttemptLimit"":3,""alarmAckReceived"":false,""pendingAlarm"":false,""pendingSaveRequired"":false,""persistenceFaultHold"":false,""completionReason"":""session_done""},""bootHealth"":{""adsReady"":true,""adsDrdyLevel"":0,""adsDrdyPulldownLevel"":0,""adsDrdyPullupLevel"":0,""adsMisoPulldownLevel"":0,""adsMisoPullupLevel"":1,""adsCsLevel"":1,""adsSyncLevel"":1,""adsStatus"":54,""adsMux"":15,""adsAdcon"":6,""adsDrate"":240,""adsReason"":""ok"",""tcaOk"":true,""mcpOkCount"":8,""mcpOk"":[true,true,true,true,true,true,true,true],""mcpAddrMask"":[1,1,1,1,1,1,1,1],""mcpControlTested"":true,""mcpControlOkCount"":8,""mcpControlOk"":[true,true,true,true,true,true,true,true],""dacReady"":true,""radioReady"":true,""mlReady"":true,""nullingProfileApplied"":true,""modelProfileReady"":false},""runtimeMcpCode"":[255,519,795,706,799,865,665,139],""model"":{""profileId"":""cnn-dualbranch-datasheet-v1-unbound"",""scalerProfileId"":""cnn-dualbranch-datasheet-v1-unbound"",""productionApproved"":true,""boundNullingProfileId"":8,""activeNullingProfileId"":9,""bindingValid"":true,""bindingModelMatches"":true,""profileReady"":false,""inferenceValid"":false,""sensorFault"":true},""lora"":{""beginState"":0,""lastTxState"":0,""lastTxOk"":false,""txSeq"":0,""txCounter"":0,""aesKeyProvisioned"":true,""aesKeyPresent"":true,""aesKeySource"":""nvs"",""keyId"":1,""lastDownlinkCommandId"":0,""freqMHz"":920,""bwKHz"":125,""sf"":7,""cr"":5,""syncWord"":18,""txPowerDbm"":17,""preamble"":8,""tcxoVoltage"":1.600000024,""xtalVoltage"":0},""dataset"":{""state"":""idle"",""step"":""idle"",""label"":"""",""seq"":0,""targetSamples"":0,""sampleIntervalMs"":500,""maxDurationMs"":0,""useFanIntake"":true,""fanOnMs"":1000,""postFanSettleMs"":0,""nullingProfileId"":9,""queuePending"":0,""queueCapacity"":16,""queueEnqueued"":0,""queueDropped"":0,""publishFailCount"":0,""retryCount"":0,""retryFailCount"":0,""rejectedSamples"":0,""lastRejectReason"":""none"",""lastRejectChannel"":-1,""lastRejectOkFiniteCount"":0,""lastRejectStatus"":255,""lastRejectGain"":0,""lastRejectSaturated"":false},""recovery"":{""wifiReconnectCount"":0,""wifiReconnectFailCount"":0,""mqttReconnectCount"":0,""mqttConnectFailCount"":0,""lastMqttState"":0,""adsRecoveryCount"":0,""adsRecoveryFailCount"":0,""adsReadFailStreak"":0,""lastReason"":""none"",""lastRecoveryMs"":0,""bootRecoveryArmed"":false,""bootRecoveryDueMs"":0,""bootRecoveryReason"":""none"",""bootRecoveryNonAdsFailure"":false,""bootRecoveryRestartCount"":0},""nulling"":{""done"":false,""retryArmed"":false,""attemptCount"":0,""nextRetryMs"":0,""thresholdV"":9.999999747E-06,""minFinalV"":0},""telemetry"":{""valid"":true,""sampleMs"":6975965,""gasClass"":6,""gasName"":""CO2"",""confidence"":0,""alarm"":false,""sensorVoltage"":[0.125841483,0.003938001,0.004856433,-0.002600063,-0.009097733,-0.011636098,-0.01967613,-0.025893355],""sensorGain"":[16,64,64,64,64,64,64,64],""sensorStatus"":[0,0,0,0,0,0,0,0],""featureOrder"":[""MQ8"",""MQ135"",""MQ3"",""MQ5"",""MQ4"",""MQ7"",""MQ6"",""MQ2""]},""alarmLatched"":false}"
2026-08-04 11:17:20.766 +07:00,599.633,HOT_SWEEP_70,70,700,300,1,0,0.125667349,0.003914629,0.004858008,-0.002614419,-0.009113041,-0.01160511,-0.019719969,-0.025925031,"{""deviceId"":""1001"",""nodeId"":4097,""targetChId"":""0010"",""mode"":""inference"",""uptimeMs"":6977077,""debugEnabled"":true,""power"":{""mode"":""24v"",""externalPower"":true,""batteryMv"":65535,""batteryValid"":false,""batteryDetected"":false,""batterySenseStatus"":""not_detected"",""batteryLow"":false,""batteryCritical"":false,""sourceAmbiguous"":false,""serviceHoldActive"":false,""serviceHoldEffective"":false},""batterySession"":{""state"":""inactive"",""startedMs"":0,""stateStartedMs"":0,""validSampleBatches"":0,""requiredSampleBatches"":10,""alarmTxAttempts"":0,""alarmTxAttemptLimit"":3,""alarmAckReceived"":false,""pendingAlarm"":false,""pendingSaveRequired"":false,""persistenceFaultHold"":false,""completionReason"":""session_done""},""bootHealth"":{""adsReady"":true,""adsDrdyLevel"":0,""adsDrdyPulldownLevel"":0,""adsDrdyPullupLevel"":0,""adsMisoPulldownLevel"":0,""adsMisoPullupLevel"":1,""adsCsLevel"":1,""adsSyncLevel"":1,""adsStatus"":54,""adsMux"":15,""adsAdcon"":6,""adsDrate"":240,""adsReason"":""ok"",""tcaOk"":true,""mcpOkCount"":8,""mcpOk"":[true,true,true,true,true,true,true,true],""mcpAddrMask"":[1,1,1,1,1,1,1,1],""mcpControlTested"":true,""mcpControlOkCount"":8,""mcpControlOk"":[true,true,true,true,true,true,true,true],""dacReady"":true,""radioReady"":true,""mlReady"":true,""nullingProfileApplied"":true,""modelProfileReady"":false},""runtimeMcpCode"":[255,519,795,706,799,865,665,139],""model"":{""profileId"":""cnn-dualbranch-datasheet-v1-unbound"",""scalerProfileId"":""cnn-dualbranch-datasheet-v1-unbound"",""productionApproved"":true,""boundNullingProfileId"":8,""activeNullingProfileId"":9,""bindingValid"":true,""bindingModelMatches"":true,""profileReady"":false,""inferenceValid"":false,""sensorFault"":true},""lora"":{""beginState"":0,""lastTxState"":0,""lastTxOk"":false,""txSeq"":0,""txCounter"":0,""aesKeyProvisioned"":true,""aesKeyPresent"":true,""aesKeySource"":""nvs"",""keyId"":1,""lastDownlinkCommandId"":0,""freqMHz"":920,""bwKHz"":125,""sf"":7,""cr"":5,""syncWord"":18,""txPowerDbm"":17,""preamble"":8,""tcxoVoltage"":1.600000024,""xtalVoltage"":0},""dataset"":{""state"":""idle"",""step"":""idle"",""label"":"""",""seq"":0,""targetSamples"":0,""sampleIntervalMs"":500,""maxDurationMs"":0,""useFanIntake"":true,""fanOnMs"":1000,""postFanSettleMs"":0,""nullingProfileId"":9,""queuePending"":0,""queueCapacity"":16,""queueEnqueued"":0,""queueDropped"":0,""publishFailCount"":0,""retryCount"":0,""retryFailCount"":0,""rejectedSamples"":0,""lastRejectReason"":""none"",""lastRejectChannel"":-1,""lastRejectOkFiniteCount"":0,""lastRejectStatus"":255,""lastRejectGain"":0,""lastRejectSaturated"":false},""recovery"":{""wifiReconnectCount"":0,""wifiReconnectFailCount"":0,""mqttReconnectCount"":0,""mqttConnectFailCount"":0,""lastMqttState"":0,""adsRecoveryCount"":0,""adsRecoveryFailCount"":0,""adsReadFailStreak"":0,""lastReason"":""none"",""lastRecoveryMs"":0,""bootRecoveryArmed"":false,""bootRecoveryDueMs"":0,""bootRecoveryReason"":""none"",""bootRecoveryNonAdsFailure"":false,""bootRecoveryRestartCount"":0},""nulling"":{""done"":false,""retryArmed"":false,""attemptCount"":0,""nextRetryMs"":0,""thresholdV"":9.999999747E-06,""minFinalV"":0},""telemetry"":{""valid"":true,""sampleMs"":6976667,""gasClass"":6,""gasName"":""CO2"",""confidence"":0,""alarm"":false,""sensorVoltage"":[0.125667349,0.003914629,0.004858008,-0.002614419,-0.009113041,-0.01160511,-0.019719969,-0.025925031],""sensorGain"":[16,64,64,64,64,64,64,64],""sensorStatus"":[0,0,0,0,0,0,0,0],""featureOrder"":[""MQ8"",""MQ135"",""MQ3"",""MQ5"",""MQ4"",""MQ7"",""MQ6"",""MQ2""]},""alarmLatched"":false}"
2026-08-04 11:17:21.468 +07:00,600.338,HOT_SWEEP_70,70,700,300,1,0,0.126487643,0.00390019,0.004838727,-0.002633328,-0.009025939,-0.011619521,-0.019741509,-0.025993517,"{""deviceId"":""1001"",""nodeId"":4097,""targetChId"":""0010"",""mode"":""inference"",""uptimeMs"":6977781,""debugEnabled"":true,""power"":{""mode"":""24v"",""externalPower"":true,""batteryMv"":65535,""batteryValid"":false,""batteryDetected"":false,""batterySenseStatus"":""not_detected"",""batteryLow"":false,""batteryCritical"":false,""sourceAmbiguous"":false,""serviceHoldActive"":false,""serviceHoldEffective"":false},""batterySession"":{""state"":""inactive"",""startedMs"":0,""stateStartedMs"":0,""validSampleBatches"":0,""requiredSampleBatches"":10,""alarmTxAttempts"":0,""alarmTxAttemptLimit"":3,""alarmAckReceived"":false,""pendingAlarm"":false,""pendingSaveRequired"":false,""persistenceFaultHold"":false,""completionReason"":""session_done""},""bootHealth"":{""adsReady"":true,""adsDrdyLevel"":0,""adsDrdyPulldownLevel"":0,""adsDrdyPullupLevel"":0,""adsMisoPulldownLevel"":0,""adsMisoPullupLevel"":1,""adsCsLevel"":1,""adsSyncLevel"":1,""adsStatus"":54,""adsMux"":15,""adsAdcon"":6,""adsDrate"":240,""adsReason"":""ok"",""tcaOk"":true,""mcpOkCount"":8,""mcpOk"":[true,true,true,true,true,true,true,true],""mcpAddrMask"":[1,1,1,1,1,1,1,1],""mcpControlTested"":true,""mcpControlOkCount"":8,""mcpControlOk"":[true,true,true,true,true,true,true,true],""dacReady"":true,""radioReady"":true,""mlReady"":true,""nullingProfileApplied"":true,""modelProfileReady"":false},""runtimeMcpCode"":[255,519,795,706,799,865,665,139],""model"":{""profileId"":""cnn-dualbranch-datasheet-v1-unbound"",""scalerProfileId"":""cnn-dualbranch-datasheet-v1-unbound"",""productionApproved"":true,""boundNullingProfileId"":8,""activeNullingProfileId"":9,""bindingValid"":true,""bindingModelMatches"":true,""profileReady"":false,""inferenceValid"":false,""sensorFault"":true},""lora"":{""beginState"":0,""lastTxState"":0,""lastTxOk"":false,""txSeq"":0,""txCounter"":0,""aesKeyProvisioned"":true,""aesKeyPresent"":true,""aesKeySource"":""nvs"",""keyId"":1,""lastDownlinkCommandId"":0,""freqMHz"":920,""bwKHz"":125,""sf"":7,""cr"":5,""syncWord"":18,""txPowerDbm"":17,""preamble"":8,""tcxoVoltage"":1.600000024,""xtalVoltage"":0},""dataset"":{""state"":""idle"",""step"":""idle"",""label"":"""",""seq"":0,""targetSamples"":0,""sampleIntervalMs"":500,""maxDurationMs"":0,""useFanIntake"":true,""fanOnMs"":1000,""postFanSettleMs"":0,""nullingProfileId"":9,""queuePending"":0,""queueCapacity"":16,""queueEnqueued"":0,""queueDropped"":0,""publishFailCount"":0,""retryCount"":0,""retryFailCount"":0,""rejectedSamples"":0,""lastRejectReason"":""none"",""lastRejectChannel"":-1,""lastRejectOkFiniteCount"":0,""lastRejectStatus"":255,""lastRejectGain"":0,""lastRejectSaturated"":false},""recovery"":{""wifiReconnectCount"":0,""wifiReconnectFailCount"":0,""mqttReconnectCount"":0,""mqttConnectFailCount"":0,""lastMqttState"":0,""adsRecoveryCount"":0,""adsRecoveryFailCount"":0,""adsReadFailStreak"":0,""lastReason"":""none"",""lastRecoveryMs"":0,""bootRecoveryArmed"":false,""bootRecoveryDueMs"":0,""bootRecoveryReason"":""none"",""bootRecoveryNonAdsFailure"":false,""bootRecoveryRestartCount"":0},""nulling"":{""done"":false,""retryArmed"":false,""attemptCount"":0,""nextRetryMs"":0,""thresholdV"":9.999999747E-06,""minFinalV"":0},""telemetry"":{""valid"":true,""sampleMs"":6977387,""gasClass"":6,""gasName"":""CO2"",""confidence"":0,""alarm"":false,""sensorVoltage"":[0.126487643,0.00390019,0.004838727,-0.002633328,-0.009025939,-0.011619521,-0.019741509,-0.025993517],""sensorGain"":[16,64,64,64,64,64,64,64],""sensorStatus"":[0,0,0,0,0,0,0,0],""featureOrder"":[""MQ8"",""MQ135"",""MQ3"",""MQ5"",""MQ4"",""MQ7"",""MQ6"",""MQ2""]},""alarmLatched"":false}"
2026-08-04 11:17:22.175 +07:00,601.043,HOT_SWEEP_70,70,700,300,1,0,0.12582764,0.003923629,0.004813064,-0.00267753,-0.009067738,-0.011643497,-0.019736376,-0.025999749,"{""deviceId"":""1001"",""nodeId"":4097,""targetChId"":""0010"",""mode"":""inference"",""uptimeMs"":6978486,""debugEnabled"":true,""power"":{""mode"":""24v"",""externalPower"":true,""batteryMv"":65535,""batteryValid"":false,""batteryDetected"":false,""batterySenseStatus"":""not_detected"",""batteryLow"":false,""batteryCritical"":false,""sourceAmbiguous"":false,""serviceHoldActive"":false,""serviceHoldEffective"":false},""batterySession"":{""state"":""inactive"",""startedMs"":0,""stateStartedMs"":0,""validSampleBatches"":0,""requiredSampleBatches"":10,""alarmTxAttempts"":0,""alarmTxAttemptLimit"":3,""alarmAckReceived"":false,""pendingAlarm"":false,""pendingSaveRequired"":false,""persistenceFaultHold"":false,""completionReason"":""session_done""},""bootHealth"":{""adsReady"":true,""adsDrdyLevel"":0,""adsDrdyPulldownLevel"":0,""adsDrdyPullupLevel"":0,""adsMisoPulldownLevel"":0,""adsMisoPullupLevel"":1,""adsCsLevel"":1,""adsSyncLevel"":1,""adsStatus"":54,""adsMux"":15,""adsAdcon"":6,""adsDrate"":240,""adsReason"":""ok"",""tcaOk"":true,""mcpOkCount"":8,""mcpOk"":[true,true,true,true,true,true,true,true],""mcpAddrMask"":[1,1,1,1,1,1,1,1],""mcpControlTested"":true,""mcpControlOkCount"":8,""mcpControlOk"":[true,true,true,true,true,true,true,true],""dacReady"":true,""radioReady"":true,""mlReady"":true,""nullingProfileApplied"":true,""modelProfileReady"":false},""runtimeMcpCode"":[255,519,795,706,799,865,665,139],""model"":{""profileId"":""cnn-dualbranch-datasheet-v1-unbound"",""scalerProfileId"":""cnn-dualbranch-datasheet-v1-unbound"",""productionApproved"":true,""boundNullingProfileId"":8,""activeNullingProfileId"":9,""bindingValid"":true,""bindingModelMatches"":true,""profileReady"":false,""inferenceValid"":false,""sensorFault"":true},""lora"":{""beginState"":0,""lastTxState"":0,""lastTxOk"":false,""txSeq"":0,""txCounter"":0,""aesKeyProvisioned"":true,""aesKeyPresent"":true,""aesKeySource"":""nvs"",""keyId"":1,""lastDownlinkCommandId"":0,""freqMHz"":920,""bwKHz"":125,""sf"":7,""cr"":5,""syncWord"":18,""txPowerDbm"":17,""preamble"":8,""tcxoVoltage"":1.600000024,""xtalVoltage"":0},""dataset"":{""state"":""idle"",""step"":""idle"",""label"":"""",""seq"":0,""targetSamples"":0,""sampleIntervalMs"":500,""maxDurationMs"":0,""useFanIntake"":true,""fanOnMs"":1000,""postFanSettleMs"":0,""nullingProfileId"":9,""queuePending"":0,""queueCapacity"":16,""queueEnqueued"":0,""queueDropped"":0,""publishFailCount"":0,""retryCount"":0,""retryFailCount"":0,""rejectedSamples"":0,""lastRejectReason"":""none"",""lastRejectChannel"":-1,""lastRejectOkFiniteCount"":0,""lastRejectStatus"":255,""lastRejectGain"":0,""lastRejectSaturated"":false},""recovery"":{""wifiReconnectCount"":0,""wifiReconnectFailCount"":0,""mqttReconnectCount"":0,""mqttConnectFailCount"":0,""lastMqttState"":0,""adsRecoveryCount"":0,""adsRecoveryFailCount"":0,""adsReadFailStreak"":0,""lastReason"":""none"",""lastRecoveryMs"":0,""bootRecoveryArmed"":false,""bootRecoveryDueMs"":0,""bootRecoveryReason"":""none"",""bootRecoveryNonAdsFailure"":false,""bootRecoveryRestartCount"":0},""nulling"":{""done"":false,""retryArmed"":false,""attemptCount"":0,""nextRetryMs"":0,""thresholdV"":9.999999747E-06,""minFinalV"":0},""telemetry"":{""valid"":true,""sampleMs"":6978059,""gasClass"":6,""gasName"":""CO2"",""confidence"":0,""alarm"":false,""sensorVoltage"":[0.12582764,0.003923629,0.004813064,-0.00267753,-0.009067738,-0.011643497,-0.019736376,-0.025999749],""sensorGain"":[16,64,64,64,64,64,64,64],""sensorStatus"":[0,0,0,0,0,0,0,0],""featureOrder"":[""MQ8"",""MQ135"",""MQ3"",""MQ5"",""MQ4"",""MQ7"",""MQ6"",""MQ2""]},""alarmLatched"":false}"
2026-08-04 11:17:22.878 +07:00,601.748,HOT_SWEEP_70,70,700,300,1,0,0.125871047,0.004012909,0.00481163,-0.002685537,-0.008442625,-0.011593233,-0.019768622,-0.025890604,"{""deviceId"":""1001"",""nodeId"":4097,""targetChId"":""0010"",""mode"":""inference"",""uptimeMs"":6979191,""debugEnabled"":true,""power"":{""mode"":""24v"",""externalPower"":true,""batteryMv"":65535,""batteryValid"":false,""batteryDetected"":false,""batterySenseStatus"":""not_detected"",""batteryLow"":false,""batteryCritical"":false,""sourceAmbiguous"":false,""serviceHoldActive"":false,""serviceHoldEffective"":false},""batterySession"":{""state"":""inactive"",""startedMs"":0,""stateStartedMs"":0,""validSampleBatches"":0,""requiredSampleBatches"":10,""alarmTxAttempts"":0,""alarmTxAttemptLimit"":3,""alarmAckReceived"":false,""pendingAlarm"":false,""pendingSaveRequired"":false,""persistenceFaultHold"":false,""completionReason"":""session_done""},""bootHealth"":{""adsReady"":true,""adsDrdyLevel"":0,""adsDrdyPulldownLevel"":0,""adsDrdyPullupLevel"":0,""adsMisoPulldownLevel"":0,""adsMisoPullupLevel"":1,""adsCsLevel"":1,""adsSyncLevel"":1,""adsStatus"":54,""adsMux"":15,""adsAdcon"":6,""adsDrate"":240,""adsReason"":""ok"",""tcaOk"":true,""mcpOkCount"":8,""mcpOk"":[true,true,true,true,true,true,true,true],""mcpAddrMask"":[1,1,1,1,1,1,1,1],""mcpControlTested"":true,""mcpControlOkCount"":8,""mcpControlOk"":[true,true,true,true,true,true,true,true],""dacReady"":true,""radioReady"":true,""mlReady"":true,""nullingProfileApplied"":true,""modelProfileReady"":false},""runtimeMcpCode"":[255,519,795,706,799,865,665,139],""model"":{""profileId"":""cnn-dualbranch-datasheet-v1-unbound"",""scalerProfileId"":""cnn-dualbranch-datasheet-v1-unbound"",""productionApproved"":true,""boundNullingProfileId"":8,""activeNullingProfileId"":9,""bindingValid"":true,""bindingModelMatches"":true,""profileReady"":false,""inferenceValid"":false,""sensorFault"":true},""lora"":{""beginState"":0,""lastTxState"":0,""lastTxOk"":false,""txSeq"":0,""txCounter"":0,""aesKeyProvisioned"":true,""aesKeyPresent"":true,""aesKeySource"":""nvs"",""keyId"":1,""lastDownlinkCommandId"":0,""freqMHz"":920,""bwKHz"":125,""sf"":7,""cr"":5,""syncWord"":18,""txPowerDbm"":17,""preamble"":8,""tcxoVoltage"":1.600000024,""xtalVoltage"":0},""dataset"":{""state"":""idle"",""step"":""idle"",""label"":"""",""seq"":0,""targetSamples"":0,""sampleIntervalMs"":500,""maxDurationMs"":0,""useFanIntake"":true,""fanOnMs"":1000,""postFanSettleMs"":0,""nullingProfileId"":9,""queuePending"":0,""queueCapacity"":16,""queueEnqueued"":0,""queueDropped"":0,""publishFailCount"":0,""retryCount"":0,""retryFailCount"":0,""rejectedSamples"":0,""lastRejectReason"":""none"",""lastRejectChannel"":-1,""lastRejectOkFiniteCount"":0,""lastRejectStatus"":255,""lastRejectGain"":0,""lastRejectSaturated"":false},""recovery"":{""wifiReconnectCount"":0,""wifiReconnectFailCount"":0,""mqttReconnectCount"":0,""mqttConnectFailCount"":0,""lastMqttState"":0,""adsRecoveryCount"":0,""adsRecoveryFailCount"":0,""adsReadFailStreak"":0,""lastReason"":""none"",""lastRecoveryMs"":0,""bootRecoveryArmed"":false,""bootRecoveryDueMs"":0,""bootRecoveryReason"":""none"",""bootRecoveryNonAdsFailure"":false,""bootRecoveryRestartCount"":0},""nulling"":{""done"":false,""retryArmed"":false,""attemptCount"":0,""nextRetryMs"":0,""thresholdV"":9.999999747E-06,""minFinalV"":0},""telemetry"":{""valid"":true,""sampleMs"":6978764,""gasClass"":6,""gasName"":""CO2"",""confidence"":0,""alarm"":false,""sensorVoltage"":[0.125871047,0.004012909,0.00481163,-0.002685537,-0.008442625,-0.011593233,-0.019768622,-0.025890604],""sensorGain"":[16,64,64,64,64,64,64,64],""sensorStatus"":[0,0,0,0,0,0,0,0],""featureOrder"":[""MQ8"",""MQ135"",""MQ3"",""MQ5"",""MQ4"",""MQ7"",""MQ6"",""MQ2""]},""alarmLatched"":false}"
2026-08-04 11:17:23.578 +07:00,602.450,HOT_SWEEP_70,70,700,300,1,0,0.126081854,0.004021319,0.004806858,-0.002714924,-0.008525221,-0.011616537,-0.019779827,-0.025876632,"{""deviceId"":""1001"",""nodeId"":4097,""targetChId"":""0010"",""mode"":""inference"",""uptimeMs"":6979894,""debugEnabled"":true,""power"":{""mode"":""24v"",""externalPower"":true,""batteryMv"":65535,""batteryValid"":false,""batteryDetected"":false,""batterySenseStatus"":""not_detected"",""batteryLow"":false,""batteryCritical"":false,""sourceAmbiguous"":false,""serviceHoldActive"":false,""serviceHoldEffective"":false},""batterySession"":{""state"":""inactive"",""startedMs"":0,""stateStartedMs"":0,""validSampleBatches"":0,""requiredSampleBatches"":10,""alarmTxAttempts"":0,""alarmTxAttemptLimit"":3,""alarmAckReceived"":false,""pendingAlarm"":false,""pendingSaveRequired"":false,""persistenceFaultHold"":false,""completionReason"":""session_done""},""bootHealth"":{""adsReady"":true,""adsDrdyLevel"":0,""adsDrdyPulldownLevel"":0,""adsDrdyPullupLevel"":0,""adsMisoPulldownLevel"":0,""adsMisoPullupLevel"":1,""adsCsLevel"":1,""adsSyncLevel"":1,""adsStatus"":54,""adsMux"":15,""adsAdcon"":6,""adsDrate"":240,""adsReason"":""ok"",""tcaOk"":true,""mcpOkCount"":8,""mcpOk"":[true,true,true,true,true,true,true,true],""mcpAddrMask"":[1,1,1,1,1,1,1,1],""mcpControlTested"":true,""mcpControlOkCount"":8,""mcpControlOk"":[true,true,true,true,true,true,true,true],""dacReady"":true,""radioReady"":true,""mlReady"":true,""nullingProfileApplied"":true,""modelProfileReady"":false},""runtimeMcpCode"":[255,519,795,706,799,865,665,139],""model"":{""profileId"":""cnn-dualbranch-datasheet-v1-unbound"",""scalerProfileId"":""cnn-dualbranch-datasheet-v1-unbound"",""productionApproved"":true,""boundNullingProfileId"":8,""activeNullingProfileId"":9,""bindingValid"":true,""bindingModelMatches"":true,""profileReady"":false,""inferenceValid"":false,""sensorFault"":true},""lora"":{""beginState"":0,""lastTxState"":0,""lastTxOk"":false,""txSeq"":0,""txCounter"":0,""aesKeyProvisioned"":true,""aesKeyPresent"":true,""aesKeySource"":""nvs"",""keyId"":1,""lastDownlinkCommandId"":0,""freqMHz"":920,""bwKHz"":125,""sf"":7,""cr"":5,""syncWord"":18,""txPowerDbm"":17,""preamble"":8,""tcxoVoltage"":1.600000024,""xtalVoltage"":0},""dataset"":{""state"":""idle"",""step"":""idle"",""label"":"""",""seq"":0,""targetSamples"":0,""sampleIntervalMs"":500,""maxDurationMs"":0,""useFanIntake"":true,""fanOnMs"":1000,""postFanSettleMs"":0,""nullingProfileId"":9,""queuePending"":0,""queueCapacity"":16,""queueEnqueued"":0,""queueDropped"":0,""publishFailCount"":0,""retryCount"":0,""retryFailCount"":0,""rejectedSamples"":0,""lastRejectReason"":""none"",""lastRejectChannel"":-1,""lastRejectOkFiniteCount"":0,""lastRejectStatus"":255,""lastRejectGain"":0,""lastRejectSaturated"":false},""recovery"":{""wifiReconnectCount"":0,""wifiReconnectFailCount"":0,""mqttReconnectCount"":0,""mqttConnectFailCount"":0,""lastMqttState"":0,""adsRecoveryCount"":0,""adsRecoveryFailCount"":0,""adsReadFailStreak"":0,""lastReason"":""none"",""lastRecoveryMs"":0,""bootRecoveryArmed"":false,""bootRecoveryDueMs"":0,""bootRecoveryReason"":""none"",""bootRecoveryNonAdsFailure"":false,""bootRecoveryRestartCount"":0},""nulling"":{""done"":false,""retryArmed"":false,""attemptCount"":0,""nextRetryMs"":0,""thresholdV"":9.999999747E-06,""minFinalV"":0},""telemetry"":{""valid"":true,""sampleMs"":6979501,""gasClass"":6,""gasName"":""CO2"",""confidence"":0,""alarm"":false,""sensorVoltage"":[0.126081854,0.004021319,0.004806858,-0.002714924,-0.008525221,-0.011616537,-0.019779827,-0.025876632],""sensorGain"":[16,64,64,64,64,64,64,64],""sensorStatus"":[0,0,0,0,0,0,0,0],""featureOrder"":[""MQ8"",""MQ135"",""MQ3"",""MQ5"",""MQ4"",""MQ7"",""MQ6"",""MQ2""]},""alarmLatched"":false}"
2026-08-04 11:17:24.267 +07:00,603.139,HOT_SWEEP_70,70,700,300,1,0,0.126158625,0.004023957,0.004826235,-0.002706131,-0.008539695,-0.011617729,-0.019784432,-0.025870178,"{""deviceId"":""1001"",""nodeId"":4097,""targetChId"":""0010"",""mode"":""inference"",""uptimeMs"":6980582,""debugEnabled"":true,""power"":{""mode"":""24v"",""externalPower"":true,""batteryMv"":65535,""batteryValid"":false,""batteryDetected"":false,""batterySenseStatus"":""not_detected"",""batteryLow"":false,""batteryCritical"":false,""sourceAmbiguous"":false,""serviceHoldActive"":false,""serviceHoldEffective"":false},""batterySession"":{""state"":""inactive"",""startedMs"":0,""stateStartedMs"":0,""validSampleBatches"":0,""requiredSampleBatches"":10,""alarmTxAttempts"":0,""alarmTxAttemptLimit"":3,""alarmAckReceived"":false,""pendingAlarm"":false,""pendingSaveRequired"":false,""persistenceFaultHold"":false,""completionReason"":""session_done""},""bootHealth"":{""adsReady"":true,""adsDrdyLevel"":0,""adsDrdyPulldownLevel"":0,""adsDrdyPullupLevel"":0,""adsMisoPulldownLevel"":0,""adsMisoPullupLevel"":1,""adsCsLevel"":1,""adsSyncLevel"":1,""adsStatus"":54,""adsMux"":15,""adsAdcon"":6,""adsDrate"":240,""adsReason"":""ok"",""tcaOk"":true,""mcpOkCount"":8,""mcpOk"":[true,true,true,true,true,true,true,true],""mcpAddrMask"":[1,1,1,1,1,1,1,1],""mcpControlTested"":true,""mcpControlOkCount"":8,""mcpControlOk"":[true,true,true,true,true,true,true,true],""dacReady"":true,""radioReady"":true,""mlReady"":true,""nullingProfileApplied"":true,""modelProfileReady"":false},""runtimeMcpCode"":[255,519,795,706,799,865,665,139],""model"":{""profileId"":""cnn-dualbranch-datasheet-v1-unbound"",""scalerProfileId"":""cnn-dualbranch-datasheet-v1-unbound"",""productionApproved"":true,""boundNullingProfileId"":8,""activeNullingProfileId"":9,""bindingValid"":true,""bindingModelMatches"":true,""profileReady"":false,""inferenceValid"":false,""sensorFault"":true},""lora"":{""beginState"":0,""lastTxState"":0,""lastTxOk"":false,""txSeq"":0,""txCounter"":0,""aesKeyProvisioned"":true,""aesKeyPresent"":true,""aesKeySource"":""nvs"",""keyId"":1,""lastDownlinkCommandId"":0,""freqMHz"":920,""bwKHz"":125,""sf"":7,""cr"":5,""syncWord"":18,""txPowerDbm"":17,""preamble"":8,""tcxoVoltage"":1.600000024,""xtalVoltage"":0},""dataset"":{""state"":""idle"",""step"":""idle"",""label"":"""",""seq"":0,""targetSamples"":0,""sampleIntervalMs"":500,""maxDurationMs"":0,""useFanIntake"":true,""fanOnMs"":1000,""postFanSettleMs"":0,""nullingProfileId"":9,""queuePending"":0,""queueCapacity"":16,""queueEnqueued"":0,""queueDropped"":0,""publishFailCount"":0,""retryCount"":0,""retryFailCount"":0,""rejectedSamples"":0,""lastRejectReason"":""none"",""lastRejectChannel"":-1,""lastRejectOkFiniteCount"":0,""lastRejectStatus"":255,""lastRejectGain"":0,""lastRejectSaturated"":false},""recovery"":{""wifiReconnectCount"":0,""wifiReconnectFailCount"":0,""mqttReconnectCount"":0,""mqttConnectFailCount"":0,""lastMqttState"":0,""adsRecoveryCount"":0,""adsRecoveryFailCount"":0,""adsReadFailStreak"":0,""lastReason"":""none"",""lastRecoveryMs"":0,""bootRecoveryArmed"":false,""bootRecoveryDueMs"":0,""bootRecoveryReason"":""none"",""bootRecoveryNonAdsFailure"":false,""bootRecoveryRestartCount"":0},""nulling"":{""done"":false,""retryArmed"":false,""attemptCount"":0,""nextRetryMs"":0,""thresholdV"":9.999999747E-06,""minFinalV"":0},""telemetry"":{""valid"":true,""sampleMs"":6980172,""gasClass"":6,""gasName"":""CO2"",""confidence"":0,""alarm"":false,""sensorVoltage"":[0.126158625,0.004023957,0.004826235,-0.002706131,-0.008539695,-0.011617729,-0.019784432,-0.025870178],""sensorGain"":[16,64,64,64,64,64,64,64],""sensorStatus"":[0,0,0,0,0,0,0,0],""featureOrder"":[""MQ8"",""MQ135"",""MQ3"",""MQ5"",""MQ4"",""MQ7"",""MQ6"",""MQ2""]},""alarmLatched"":false}"
2026-08-04 11:17:24.959 +07:00,603.827,HOT_SWEEP_70,70,700,300,1,0,0.126038879,0.004045173,0.004812475,-0.002701619,-0.008586289,-0.011602286,-0.019789139,-0.025890509,"{""deviceId"":""1001"",""nodeId"":4097,""targetChId"":""0010"",""mode"":""inference"",""uptimeMs"":6981270,""debugEnabled"":true,""power"":{""mode"":""24v"",""externalPower"":true,""batteryMv"":65535,""batteryValid"":false,""batteryDetected"":false,""batterySenseStatus"":""not_detected"",""batteryLow"":false,""batteryCritical"":false,""sourceAmbiguous"":false,""serviceHoldActive"":false,""serviceHoldEffective"":false},""batterySession"":{""state"":""inactive"",""startedMs"":0,""stateStartedMs"":0,""validSampleBatches"":0,""requiredSampleBatches"":10,""alarmTxAttempts"":0,""alarmTxAttemptLimit"":3,""alarmAckReceived"":false,""pendingAlarm"":false,""pendingSaveRequired"":false,""persistenceFaultHold"":false,""completionReason"":""session_done""},""bootHealth"":{""adsReady"":true,""adsDrdyLevel"":0,""adsDrdyPulldownLevel"":0,""adsDrdyPullupLevel"":0,""adsMisoPulldownLevel"":0,""adsMisoPullupLevel"":1,""adsCsLevel"":1,""adsSyncLevel"":1,""adsStatus"":54,""adsMux"":15,""adsAdcon"":6,""adsDrate"":240,""adsReason"":""ok"",""tcaOk"":true,""mcpOkCount"":8,""mcpOk"":[true,true,true,true,true,true,true,true],""mcpAddrMask"":[1,1,1,1,1,1,1,1],""mcpControlTested"":true,""mcpControlOkCount"":8,""mcpControlOk"":[true,true,true,true,true,true,true,true],""dacReady"":true,""radioReady"":true,""mlReady"":true,""nullingProfileApplied"":true,""modelProfileReady"":false},""runtimeMcpCode"":[255,519,795,706,799,865,665,139],""model"":{""profileId"":""cnn-dualbranch-datasheet-v1-unbound"",""scalerProfileId"":""cnn-dualbranch-datasheet-v1-unbound"",""productionApproved"":true,""boundNullingProfileId"":8,""activeNullingProfileId"":9,""bindingValid"":true,""bindingModelMatches"":true,""profileReady"":false,""inferenceValid"":false,""sensorFault"":true},""lora"":{""beginState"":0,""lastTxState"":0,""lastTxOk"":false,""txSeq"":0,""txCounter"":0,""aesKeyProvisioned"":true,""aesKeyPresent"":true,""aesKeySource"":""nvs"",""keyId"":1,""lastDownlinkCommandId"":0,""freqMHz"":920,""bwKHz"":125,""sf"":7,""cr"":5,""syncWord"":18,""txPowerDbm"":17,""preamble"":8,""tcxoVoltage"":1.600000024,""xtalVoltage"":0},""dataset"":{""state"":""idle"",""step"":""idle"",""label"":"""",""seq"":0,""targetSamples"":0,""sampleIntervalMs"":500,""maxDurationMs"":0,""useFanIntake"":true,""fanOnMs"":1000,""postFanSettleMs"":0,""nullingProfileId"":9,""queuePending"":0,""queueCapacity"":16,""queueEnqueued"":0,""queueDropped"":0,""publishFailCount"":0,""retryCount"":0,""retryFailCount"":0,""rejectedSamples"":0,""lastRejectReason"":""none"",""lastRejectChannel"":-1,""lastRejectOkFiniteCount"":0,""lastRejectStatus"":255,""lastRejectGain"":0,""lastRejectSaturated"":false},""recovery"":{""wifiReconnectCount"":0,""wifiReconnectFailCount"":0,""mqttReconnectCount"":0,""mqttConnectFailCount"":0,""lastMqttState"":0,""adsRecoveryCount"":0,""adsRecoveryFailCount"":0,""adsReadFailStreak"":0,""lastReason"":""none"",""lastRecoveryMs"":0,""bootRecoveryArmed"":false,""bootRecoveryDueMs"":0,""bootRecoveryReason"":""none"",""bootRecoveryNonAdsFailure"":false,""bootRecoveryRestartCount"":0},""nulling"":{""done"":false,""retryArmed"":false,""attemptCount"":0,""nextRetryMs"":0,""thresholdV"":9.999999747E-06,""minFinalV"":0},""telemetry"":{""valid"":true,""sampleMs"":6980860,""gasClass"":6,""gasName"":""CO2"",""confidence"":0,""alarm"":false,""sensorVoltage"":[0.126038879,0.004045173,0.004812475,-0.002701619,-0.008586289,-0.011602286,-0.019789139,-0.025890509],""sensorGain"":[16,64,64,64,64,64,64,64],""sensorStatus"":[0,0,0,0,0,0,0,0],""featureOrder"":[""MQ8"",""MQ135"",""MQ3"",""MQ5"",""MQ4"",""MQ7"",""MQ6"",""MQ2""]},""alarmLatched"":false}"
2026-08-04 11:17:25.656 +07:00,604.524,HOT_SWEEP_70,70,700,300,1,0,0.126004979,0.004047436,0.00484293,-0.002695102,-0.008634608,-0.011580454,-0.019872617,-0.025831569,"{""deviceId"":""1001"",""nodeId"":4097,""targetChId"":""0010"",""mode"":""inference"",""uptimeMs"":6981968,""debugEnabled"":true,""power"":{""mode"":""24v"",""externalPower"":true,""batteryMv"":65535,""batteryValid"":false,""batteryDetected"":false,""batterySenseStatus"":""not_detected"",""batteryLow"":false,""batteryCritical"":false,""sourceAmbiguous"":false,""serviceHoldActive"":false,""serviceHoldEffective"":false},""batterySession"":{""state"":""inactive"",""startedMs"":0,""stateStartedMs"":0,""validSampleBatches"":0,""requiredSampleBatches"":10,""alarmTxAttempts"":0,""alarmTxAttemptLimit"":3,""alarmAckReceived"":false,""pendingAlarm"":false,""pendingSaveRequired"":false,""persistenceFaultHold"":false,""completionReason"":""session_done""},""bootHealth"":{""adsReady"":true,""adsDrdyLevel"":0,""adsDrdyPulldownLevel"":0,""adsDrdyPullupLevel"":0,""adsMisoPulldownLevel"":0,""adsMisoPullupLevel"":1,""adsCsLevel"":1,""adsSyncLevel"":1,""adsStatus"":54,""adsMux"":15,""adsAdcon"":6,""adsDrate"":240,""adsReason"":""ok"",""tcaOk"":true,""mcpOkCount"":8,""mcpOk"":[true,true,true,true,true,true,true,true],""mcpAddrMask"":[1,1,1,1,1,1,1,1],""mcpControlTested"":true,""mcpControlOkCount"":8,""mcpControlOk"":[true,true,true,true,true,true,true,true],""dacReady"":true,""radioReady"":true,""mlReady"":true,""nullingProfileApplied"":true,""modelProfileReady"":false},""runtimeMcpCode"":[255,519,795,706,799,865,665,139],""model"":{""profileId"":""cnn-dualbranch-datasheet-v1-unbound"",""scalerProfileId"":""cnn-dualbranch-datasheet-v1-unbound"",""productionApproved"":true,""boundNullingProfileId"":8,""activeNullingProfileId"":9,""bindingValid"":true,""bindingModelMatches"":true,""profileReady"":false,""inferenceValid"":false,""sensorFault"":true},""lora"":{""beginState"":0,""lastTxState"":0,""lastTxOk"":false,""txSeq"":0,""txCounter"":0,""aesKeyProvisioned"":true,""aesKeyPresent"":true,""aesKeySource"":""nvs"",""keyId"":1,""lastDownlinkCommandId"":0,""freqMHz"":920,""bwKHz"":125,""sf"":7,""cr"":5,""syncWord"":18,""txPowerDbm"":17,""preamble"":8,""tcxoVoltage"":1.600000024,""xtalVoltage"":0},""dataset"":{""state"":""idle"",""step"":""idle"",""label"":"""",""seq"":0,""targetSamples"":0,""sampleIntervalMs"":500,""maxDurationMs"":0,""useFanIntake"":true,""fanOnMs"":1000,""postFanSettleMs"":0,""nullingProfileId"":9,""queuePending"":0,""queueCapacity"":16,""queueEnqueued"":0,""queueDropped"":0,""publishFailCount"":0,""retryCount"":0,""retryFailCount"":0,""rejectedSamples"":0,""lastRejectReason"":""none"",""lastRejectChannel"":-1,""lastRejectOkFiniteCount"":0,""lastRejectStatus"":255,""lastRejectGain"":0,""lastRejectSaturated"":false},""recovery"":{""wifiReconnectCount"":0,""wifiReconnectFailCount"":0,""mqttReconnectCount"":0,""mqttConnectFailCount"":0,""lastMqttState"":0,""adsRecoveryCount"":0,""adsRecoveryFailCount"":0,""adsReadFailStreak"":0,""lastReason"":""none"",""lastRecoveryMs"":0,""bootRecoveryArmed"":false,""bootRecoveryDueMs"":0,""bootRecoveryReason"":""none"",""bootRecoveryNonAdsFailure"":false,""bootRecoveryRestartCount"":0},""nulling"":{""done"":false,""retryArmed"":false,""attemptCount"":0,""nextRetryMs"":0,""thresholdV"":9.999999747E-06,""minFinalV"":0},""telemetry"":{""valid"":true,""sampleMs"":6981580,""gasClass"":6,""gasName"":""CO2"",""confidence"":0,""alarm"":false,""sensorVoltage"":[0.126004979,0.004047436,0.00484293,-0.002695102,-0.008634608,-0.011580454,-0.019872617,-0.025831569],""sensorGain"":[16,64,64,64,64,64,64,64],""sensorStatus"":[0,0,0,0,0,0,0,0],""featureOrder"":[""MQ8"",""MQ135"",""MQ3"",""MQ5"",""MQ4"",""MQ7"",""MQ6"",""MQ2""]},""alarmLatched"":false}"
2026-08-04 11:17:26.359 +07:00,605.229,HOT_SWEEP_70,70,700,300,1,0,0.126368493,0.00402863,0.004838355,-0.002763713,-0.008648431,-0.011571077,-0.019535832,-0.0253739,"{""deviceId"":""1001"",""nodeId"":4097,""targetChId"":""0010"",""mode"":""inference"",""uptimeMs"":6982672,""debugEnabled"":true,""power"":{""mode"":""24v"",""externalPower"":true,""batteryMv"":65535,""batteryValid"":false,""batteryDetected"":false,""batterySenseStatus"":""not_detected"",""batteryLow"":false,""batteryCritical"":false,""sourceAmbiguous"":false,""serviceHoldActive"":false,""serviceHoldEffective"":false},""batterySession"":{""state"":""inactive"",""startedMs"":0,""stateStartedMs"":0,""validSampleBatches"":0,""requiredSampleBatches"":10,""alarmTxAttempts"":0,""alarmTxAttemptLimit"":3,""alarmAckReceived"":false,""pendingAlarm"":false,""pendingSaveRequired"":false,""persistenceFaultHold"":false,""completionReason"":""session_done""},""bootHealth"":{""adsReady"":true,""adsDrdyLevel"":0,""adsDrdyPulldownLevel"":0,""adsDrdyPullupLevel"":0,""adsMisoPulldownLevel"":0,""adsMisoPullupLevel"":1,""adsCsLevel"":1,""adsSyncLevel"":1,""adsStatus"":54,""adsMux"":15,""adsAdcon"":6,""adsDrate"":240,""adsReason"":""ok"",""tcaOk"":true,""mcpOkCount"":8,""mcpOk"":[true,true,true,true,true,true,true,true],""mcpAddrMask"":[1,1,1,1,1,1,1,1],""mcpControlTested"":true,""mcpControlOkCount"":8,""mcpControlOk"":[true,true,true,true,true,true,true,true],""dacReady"":true,""radioReady"":true,""mlReady"":true,""nullingProfileApplied"":true,""modelProfileReady"":false},""runtimeMcpCode"":[255,519,795,706,799,865,665,139],""model"":{""profileId"":""cnn-dualbranch-datasheet-v1-unbound"",""scalerProfileId"":""cnn-dualbranch-datasheet-v1-unbound"",""productionApproved"":true,""boundNullingProfileId"":8,""activeNullingProfileId"":9,""bindingValid"":true,""bindingModelMatches"":true,""profileReady"":false,""inferenceValid"":false,""sensorFault"":true},""lora"":{""beginState"":0,""lastTxState"":0,""lastTxOk"":false,""txSeq"":0,""txCounter"":0,""aesKeyProvisioned"":true,""aesKeyPresent"":true,""aesKeySource"":""nvs"",""keyId"":1,""lastDownlinkCommandId"":0,""freqMHz"":920,""bwKHz"":125,""sf"":7,""cr"":5,""syncWord"":18,""txPowerDbm"":17,""preamble"":8,""tcxoVoltage"":1.600000024,""xtalVoltage"":0},""dataset"":{""state"":""idle"",""step"":""idle"",""label"":"""",""seq"":0,""targetSamples"":0,""sampleIntervalMs"":500,""maxDurationMs"":0,""useFanIntake"":true,""fanOnMs"":1000,""postFanSettleMs"":0,""nullingProfileId"":9,""queuePending"":0,""queueCapacity"":16,""queueEnqueued"":0,""queueDropped"":0,""publishFailCount"":0,""retryCount"":0,""retryFailCount"":0,""rejectedSamples"":0,""lastRejectReason"":""none"",""lastRejectChannel"":-1,""lastRejectOkFiniteCount"":0,""lastRejectStatus"":255,""lastRejectGain"":0,""lastRejectSaturated"":false},""recovery"":{""wifiReconnectCount"":0,""wifiReconnectFailCount"":0,""mqttReconnectCount"":0,""mqttConnectFailCount"":0,""lastMqttState"":0,""adsRecoveryCount"":0,""adsRecoveryFailCount"":0,""adsReadFailStreak"":0,""lastReason"":""none"",""lastRecoveryMs"":0,""bootRecoveryArmed"":false,""bootRecoveryDueMs"":0,""bootRecoveryReason"":""none"",""bootRecoveryNonAdsFailure"":false,""bootRecoveryRestartCount"":0},""nulling"":{""done"":false,""retryArmed"":false,""attemptCount"":0,""nextRetryMs"":0,""thresholdV"":9.999999747E-06,""minFinalV"":0},""telemetry"":{""valid"":true,""sampleMs"":6982251,""gasClass"":6,""gasName"":""CO2"",""confidence"":0,""alarm"":false,""sensorVoltage"":[0.126368493,0.00402863,0.004838355,-0.002763713,-0.008648431,-0.011571077,-0.019535832,-0.0253739],""sensorGain"":[16,64,64,64,64,64,64,64],""sensorStatus"":[0,0,0,0,0,0,0,0],""featureOrder"":[""MQ8"",""MQ135"",""MQ3"",""MQ5"",""MQ4"",""MQ7"",""MQ6"",""MQ2""]},""alarmLatched"":false}"
2026-08-04 11:17:27.065 +07:00,605.935,HOT_SWEEP_70,70,700,300,1,0,0.126617998,0.004030481,0.004778993,-0.002789738,-0.007831817,-0.011592761,-0.019543992,-0.025401358,"{""deviceId"":""1001"",""nodeId"":4097,""targetChId"":""0010"",""mode"":""inference"",""uptimeMs"":6983377,""debugEnabled"":true,""power"":{""mode"":""24v"",""externalPower"":true,""batteryMv"":65535,""batteryValid"":false,""batteryDetected"":false,""batterySenseStatus"":""not_detected"",""batteryLow"":false,""batteryCritical"":false,""sourceAmbiguous"":false,""serviceHoldActive"":false,""serviceHoldEffective"":false},""batterySession"":{""state"":""inactive"",""startedMs"":0,""stateStartedMs"":0,""validSampleBatches"":0,""requiredSampleBatches"":10,""alarmTxAttempts"":0,""alarmTxAttemptLimit"":3,""alarmAckReceived"":false,""pendingAlarm"":false,""pendingSaveRequired"":false,""persistenceFaultHold"":false,""completionReason"":""session_done""},""bootHealth"":{""adsReady"":true,""adsDrdyLevel"":0,""adsDrdyPulldownLevel"":0,""adsDrdyPullupLevel"":0,""adsMisoPulldownLevel"":0,""adsMisoPullupLevel"":1,""adsCsLevel"":1,""adsSyncLevel"":1,""adsStatus"":54,""adsMux"":15,""adsAdcon"":6,""adsDrate"":240,""adsReason"":""ok"",""tcaOk"":true,""mcpOkCount"":8,""mcpOk"":[true,true,true,true,true,true,true,true],""mcpAddrMask"":[1,1,1,1,1,1,1,1],""mcpControlTested"":true,""mcpControlOkCount"":8,""mcpControlOk"":[true,true,true,true,true,true,true,true],""dacReady"":true,""radioReady"":true,""mlReady"":true,""nullingProfileApplied"":true,""modelProfileReady"":false},""runtimeMcpCode"":[255,519,795,706,799,865,665,139],""model"":{""profileId"":""cnn-dualbranch-datasheet-v1-unbound"",""scalerProfileId"":""cnn-dualbranch-datasheet-v1-unbound"",""productionApproved"":true,""boundNullingProfileId"":8,""activeNullingProfileId"":9,""bindingValid"":true,""bindingModelMatches"":true,""profileReady"":false,""inferenceValid"":false,""sensorFault"":true},""lora"":{""beginState"":0,""lastTxState"":0,""lastTxOk"":false,""txSeq"":0,""txCounter"":0,""aesKeyProvisioned"":true,""aesKeyPresent"":true,""aesKeySource"":""nvs"",""keyId"":1,""lastDownlinkCommandId"":0,""freqMHz"":920,""bwKHz"":125,""sf"":7,""cr"":5,""syncWord"":18,""txPowerDbm"":17,""preamble"":8,""tcxoVoltage"":1.600000024,""xtalVoltage"":0},""dataset"":{""state"":""idle"",""step"":""idle"",""label"":"""",""seq"":0,""targetSamples"":0,""sampleIntervalMs"":500,""maxDurationMs"":0,""useFanIntake"":true,""fanOnMs"":1000,""postFanSettleMs"":0,""nullingProfileId"":9,""queuePending"":0,""queueCapacity"":16,""queueEnqueued"":0,""queueDropped"":0,""publishFailCount"":0,""retryCount"":0,""retryFailCount"":0,""rejectedSamples"":0,""lastRejectReason"":""none"",""lastRejectChannel"":-1,""lastRejectOkFiniteCount"":0,""lastRejectStatus"":255,""lastRejectGain"":0,""lastRejectSaturated"":false},""recovery"":{""wifiReconnectCount"":0,""wifiReconnectFailCount"":0,""mqttReconnectCount"":0,""mqttConnectFailCount"":0,""lastMqttState"":0,""adsRecoveryCount"":0,""adsRecoveryFailCount"":0,""adsReadFailStreak"":0,""lastReason"":""none"",""lastRecoveryMs"":0,""bootRecoveryArmed"":false,""bootRecoveryDueMs"":0,""bootRecoveryReason"":""none"",""bootRecoveryNonAdsFailure"":false,""bootRecoveryRestartCount"":0},""nulling"":{""done"":false,""retryArmed"":false,""attemptCount"":0,""nextRetryMs"":0,""thresholdV"":9.999999747E-06,""minFinalV"":0},""telemetry"":{""valid"":true,""sampleMs"":6982950,""gasClass"":6,""gasName"":""CO2"",""confidence"":0,""alarm"":false,""sensorVoltage"":[0.126617998,0.004030481,0.004778993,-0.002789738,-0.007831817,-0.011592761,-0.019543992,-0.025401358],""sensorGain"":[16,64,64,64,64,64,64,64],""sensorStatus"":[0,0,0,0,0,0,0,0],""featureOrder"":[""MQ8"",""MQ135"",""MQ3"",""MQ5"",""MQ4"",""MQ7"",""MQ6"",""MQ2""]},""alarmLatched"":false}"
2026-08-04 11:17:27.769 +07:00,606.637,HOT_SWEEP_70,70,700,300,1,0,0.126814276,0.004107678,0.004733015,-0.002737131,-0.007830558,-0.011628842,-0.019549217,-0.025396859,"{""deviceId"":""1001"",""nodeId"":4097,""targetChId"":""0010"",""mode"":""inference"",""uptimeMs"":6984080,""debugEnabled"":true,""power"":{""mode"":""24v"",""externalPower"":true,""batteryMv"":65535,""batteryValid"":false,""batteryDetected"":false,""batterySenseStatus"":""not_detected"",""batteryLow"":false,""batteryCritical"":false,""sourceAmbiguous"":false,""serviceHoldActive"":false,""serviceHoldEffective"":false},""batterySession"":{""state"":""inactive"",""startedMs"":0,""stateStartedMs"":0,""validSampleBatches"":0,""requiredSampleBatches"":10,""alarmTxAttempts"":0,""alarmTxAttemptLimit"":3,""alarmAckReceived"":false,""pendingAlarm"":false,""pendingSaveRequired"":false,""persistenceFaultHold"":false,""completionReason"":""session_done""},""bootHealth"":{""adsReady"":true,""adsDrdyLevel"":0,""adsDrdyPulldownLevel"":0,""adsDrdyPullupLevel"":0,""adsMisoPulldownLevel"":0,""adsMisoPullupLevel"":1,""adsCsLevel"":1,""adsSyncLevel"":1,""adsStatus"":54,""adsMux"":15,""adsAdcon"":6,""adsDrate"":240,""adsReason"":""ok"",""tcaOk"":true,""mcpOkCount"":8,""mcpOk"":[true,true,true,true,true,true,true,true],""mcpAddrMask"":[1,1,1,1,1,1,1,1],""mcpControlTested"":true,""mcpControlOkCount"":8,""mcpControlOk"":[true,true,true,true,true,true,true,true],""dacReady"":true,""radioReady"":true,""mlReady"":true,""nullingProfileApplied"":true,""modelProfileReady"":false},""runtimeMcpCode"":[255,519,795,706,799,865,665,139],""model"":{""profileId"":""cnn-dualbranch-datasheet-v1-unbound"",""scalerProfileId"":""cnn-dualbranch-datasheet-v1-unbound"",""productionApproved"":true,""boundNullingProfileId"":8,""activeNullingProfileId"":9,""bindingValid"":true,""bindingModelMatches"":true,""profileReady"":false,""inferenceValid"":false,""sensorFault"":true},""lora"":{""beginState"":0,""lastTxState"":0,""lastTxOk"":false,""txSeq"":0,""txCounter"":0,""aesKeyProvisioned"":true,""aesKeyPresent"":true,""aesKeySource"":""nvs"",""keyId"":1,""lastDownlinkCommandId"":0,""freqMHz"":920,""bwKHz"":125,""sf"":7,""cr"":5,""syncWord"":18,""txPowerDbm"":17,""preamble"":8,""tcxoVoltage"":1.600000024,""xtalVoltage"":0},""dataset"":{""state"":""idle"",""step"":""idle"",""label"":"""",""seq"":0,""targetSamples"":0,""sampleIntervalMs"":500,""maxDurationMs"":0,""useFanIntake"":true,""fanOnMs"":1000,""postFanSettleMs"":0,""nullingProfileId"":9,""queuePending"":0,""queueCapacity"":16,""queueEnqueued"":0,""queueDropped"":0,""publishFailCount"":0,""retryCount"":0,""retryFailCount"":0,""rejectedSamples"":0,""lastRejectReason"":""none"",""lastRejectChannel"":-1,""lastRejectOkFiniteCount"":0,""lastRejectStatus"":255,""lastRejectGain"":0,""lastRejectSaturated"":false},""recovery"":{""wifiReconnectCount"":0,""wifiReconnectFailCount"":0,""mqttReconnectCount"":0,""mqttConnectFailCount"":0,""lastMqttState"":0,""adsRecoveryCount"":0,""adsRecoveryFailCount"":0,""adsReadFailStreak"":0,""lastReason"":""none"",""lastRecoveryMs"":0,""bootRecoveryArmed"":false,""bootRecoveryDueMs"":0,""bootRecoveryReason"":""none"",""bootRecoveryNonAdsFailure"":false,""bootRecoveryRestartCount"":0},""nulling"":{""done"":false,""retryArmed"":false,""attemptCount"":0,""nextRetryMs"":0,""thresholdV"":9.999999747E-06,""minFinalV"":0},""telemetry"":{""valid"":true,""sampleMs"":6983687,""gasClass"":6,""gasName"":""CO2"",""confidence"":0,""alarm"":false,""sensorVoltage"":[0.126814276,0.004107678,0.004733015,-0.002737131,-0.007830558,-0.011628842,-0.019549217,-0.025396859],""sensorGain"":[16,64,64,64,64,64,64,64],""sensorStatus"":[0,0,0,0,0,0,0,0],""featureOrder"":[""MQ8"",""MQ135"",""MQ3"",""MQ5"",""MQ4"",""MQ7"",""MQ6"",""MQ2""]},""alarmLatched"":false}"
2026-08-04 11:17:28.469 +07:00,607.341,HOT_SWEEP_70,70,700,300,1,0,0.126865119,0.004078962,0.004703078,-0.002735654,-0.008059358,-0.011620659,-0.019550966,-0.025296152,"{""deviceId"":""1001"",""nodeId"":4097,""targetChId"":""0010"",""mode"":""inference"",""uptimeMs"":6984783,""debugEnabled"":true,""power"":{""mode"":""24v"",""externalPower"":true,""batteryMv"":65535,""batteryValid"":false,""batteryDetected"":false,""batterySenseStatus"":""not_detected"",""batteryLow"":false,""batteryCritical"":false,""sourceAmbiguous"":false,""serviceHoldActive"":false,""serviceHoldEffective"":false},""batterySession"":{""state"":""inactive"",""startedMs"":0,""stateStartedMs"":0,""validSampleBatches"":0,""requiredSampleBatches"":10,""alarmTxAttempts"":0,""alarmTxAttemptLimit"":3,""alarmAckReceived"":false,""pendingAlarm"":false,""pendingSaveRequired"":false,""persistenceFaultHold"":false,""completionReason"":""session_done""},""bootHealth"":{""adsReady"":true,""adsDrdyLevel"":0,""adsDrdyPulldownLevel"":0,""adsDrdyPullupLevel"":0,""adsMisoPulldownLevel"":0,""adsMisoPullupLevel"":1,""adsCsLevel"":1,""adsSyncLevel"":1,""adsStatus"":54,""adsMux"":15,""adsAdcon"":6,""adsDrate"":240,""adsReason"":""ok"",""tcaOk"":true,""mcpOkCount"":8,""mcpOk"":[true,true,true,true,true,true,true,true],""mcpAddrMask"":[1,1,1,1,1,1,1,1],""mcpControlTested"":true,""mcpControlOkCount"":8,""mcpControlOk"":[true,true,true,true,true,true,true,true],""dacReady"":true,""radioReady"":true,""mlReady"":true,""nullingProfileApplied"":true,""modelProfileReady"":false},""runtimeMcpCode"":[255,519,795,706,799,865,665,139],""model"":{""profileId"":""cnn-dualbranch-datasheet-v1-unbound"",""scalerProfileId"":""cnn-dualbranch-datasheet-v1-unbound"",""productionApproved"":true,""boundNullingProfileId"":8,""activeNullingProfileId"":9,""bindingValid"":true,""bindingModelMatches"":true,""profileReady"":false,""inferenceValid"":false,""sensorFault"":true},""lora"":{""beginState"":0,""lastTxState"":0,""lastTxOk"":false,""txSeq"":0,""txCounter"":0,""aesKeyProvisioned"":true,""aesKeyPresent"":true,""aesKeySource"":""nvs"",""keyId"":1,""lastDownlinkCommandId"":0,""freqMHz"":920,""bwKHz"":125,""sf"":7,""cr"":5,""syncWord"":18,""txPowerDbm"":17,""preamble"":8,""tcxoVoltage"":1.600000024,""xtalVoltage"":0},""dataset"":{""state"":""idle"",""step"":""idle"",""label"":"""",""seq"":0,""targetSamples"":0,""sampleIntervalMs"":500,""maxDurationMs"":0,""useFanIntake"":true,""fanOnMs"":1000,""postFanSettleMs"":0,""nullingProfileId"":9,""queuePending"":0,""queueCapacity"":16,""queueEnqueued"":0,""queueDropped"":0,""publishFailCount"":0,""retryCount"":0,""retryFailCount"":0,""rejectedSamples"":0,""lastRejectReason"":""none"",""lastRejectChannel"":-1,""lastRejectOkFiniteCount"":0,""lastRejectStatus"":255,""lastRejectGain"":0,""lastRejectSaturated"":false},""recovery"":{""wifiReconnectCount"":0,""wifiReconnectFailCount"":0,""mqttReconnectCount"":0,""mqttConnectFailCount"":0,""lastMqttState"":0,""adsRecoveryCount"":0,""adsRecoveryFailCount"":0,""adsReadFailStreak"":0,""lastReason"":""none"",""lastRecoveryMs"":0,""bootRecoveryArmed"":false,""bootRecoveryDueMs"":0,""bootRecoveryReason"":""none"",""bootRecoveryNonAdsFailure"":false,""bootRecoveryRestartCount"":0},""nulling"":{""done"":false,""retryArmed"":false,""attemptCount"":0,""nextRetryMs"":0,""thresholdV"":9.999999747E-06,""minFinalV"":0},""telemetry"":{""valid"":true,""sampleMs"":6984358,""gasClass"":6,""gasName"":""CO2"",""confidence"":0,""alarm"":false,""sensorVoltage"":[0.126865119,0.004078962,0.004703078,-0.002735654,-0.008059358,-0.011620659,-0.019550966,-0.025296152],""sensorGain"":[16,64,64,64,64,64,64,64],""sensorStatus"":[0,0,0,0,0,0,0,0],""featureOrder"":[""MQ8"",""MQ135"",""MQ3"",""MQ5"",""MQ4"",""MQ7"",""MQ6"",""MQ2""]},""alarmLatched"":false}"
2026-08-04 11:17:29.172 +07:00,608.042,HOT_SWEEP_70,70,700,300,1,0,0.127058715,0.004091137,0.004774068,-0.002711677,-0.007255497,-0.011595429,-0.019541007,-0.025276408,"{""deviceId"":""1001"",""nodeId"":4097,""targetChId"":""0010"",""mode"":""inference"",""uptimeMs"":6985484,""debugEnabled"":true,""power"":{""mode"":""24v"",""externalPower"":true,""batteryMv"":65535,""batteryValid"":false,""batteryDetected"":false,""batterySenseStatus"":""not_detected"",""batteryLow"":false,""batteryCritical"":false,""sourceAmbiguous"":false,""serviceHoldActive"":false,""serviceHoldEffective"":false},""batterySession"":{""state"":""inactive"",""startedMs"":0,""stateStartedMs"":0,""validSampleBatches"":0,""requiredSampleBatches"":10,""alarmTxAttempts"":0,""alarmTxAttemptLimit"":3,""alarmAckReceived"":false,""pendingAlarm"":false,""pendingSaveRequired"":false,""persistenceFaultHold"":false,""completionReason"":""session_done""},""bootHealth"":{""adsReady"":true,""adsDrdyLevel"":0,""adsDrdyPulldownLevel"":0,""adsDrdyPullupLevel"":0,""adsMisoPulldownLevel"":0,""adsMisoPullupLevel"":1,""adsCsLevel"":1,""adsSyncLevel"":1,""adsStatus"":54,""adsMux"":15,""adsAdcon"":6,""adsDrate"":240,""adsReason"":""ok"",""tcaOk"":true,""mcpOkCount"":8,""mcpOk"":[true,true,true,true,true,true,true,true],""mcpAddrMask"":[1,1,1,1,1,1,1,1],""mcpControlTested"":true,""mcpControlOkCount"":8,""mcpControlOk"":[true,true,true,true,true,true,true,true],""dacReady"":true,""radioReady"":true,""mlReady"":true,""nullingProfileApplied"":true,""modelProfileReady"":false},""runtimeMcpCode"":[255,519,795,706,799,865,665,139],""model"":{""profileId"":""cnn-dualbranch-datasheet-v1-unbound"",""scalerProfileId"":""cnn-dualbranch-datasheet-v1-unbound"",""productionApproved"":true,""boundNullingProfileId"":8,""activeNullingProfileId"":9,""bindingValid"":true,""bindingModelMatches"":true,""profileReady"":false,""inferenceValid"":false,""sensorFault"":true},""lora"":{""beginState"":0,""lastTxState"":0,""lastTxOk"":false,""txSeq"":0,""txCounter"":0,""aesKeyProvisioned"":true,""aesKeyPresent"":true,""aesKeySource"":""nvs"",""keyId"":1,""lastDownlinkCommandId"":0,""freqMHz"":920,""bwKHz"":125,""sf"":7,""cr"":5,""syncWord"":18,""txPowerDbm"":17,""preamble"":8,""tcxoVoltage"":1.600000024,""xtalVoltage"":0},""dataset"":{""state"":""idle"",""step"":""idle"",""label"":"""",""seq"":0,""targetSamples"":0,""sampleIntervalMs"":500,""maxDurationMs"":0,""useFanIntake"":true,""fanOnMs"":1000,""postFanSettleMs"":0,""nullingProfileId"":9,""queuePending"":0,""queueCapacity"":16,""queueEnqueued"":0,""queueDropped"":0,""publishFailCount"":0,""retryCount"":0,""retryFailCount"":0,""rejectedSamples"":0,""lastRejectReason"":""none"",""lastRejectChannel"":-1,""lastRejectOkFiniteCount"":0,""lastRejectStatus"":255,""lastRejectGain"":0,""lastRejectSaturated"":false},""recovery"":{""wifiReconnectCount"":0,""wifiReconnectFailCount"":0,""mqttReconnectCount"":0,""mqttConnectFailCount"":0,""lastMqttState"":0,""adsRecoveryCount"":0,""adsRecoveryFailCount"":0,""adsReadFailStreak"":0,""lastReason"":""none"",""lastRecoveryMs"":0,""bootRecoveryArmed"":false,""bootRecoveryDueMs"":0,""bootRecoveryReason"":""none"",""bootRecoveryNonAdsFailure"":false,""bootRecoveryRestartCount"":0},""nulling"":{""done"":false,""retryArmed"":false,""attemptCount"":0,""nextRetryMs"":0,""thresholdV"":9.999999747E-06,""minFinalV"":0},""telemetry"":{""valid"":true,""sampleMs"":6985061,""gasClass"":6,""gasName"":""CO2"",""confidence"":0,""alarm"":false,""sensorVoltage"":[0.127058715,0.004091137,0.004774068,-0.002711677,-0.007255497,-0.011595429,-0.019541007,-0.025276408],""sensorGain"":[16,64,64,64,64,64,64,64],""sensorStatus"":[0,0,0,0,0,0,0,0],""featureOrder"":[""MQ8"",""MQ135"",""MQ3"",""MQ5"",""MQ4"",""MQ7"",""MQ6"",""MQ2""]},""alarmLatched"":false}"
2026-08-04 11:17:29.873 +07:00,608.744,HOT_SWEEP_70,70,700,300,1,0,0.127064154,0.004014994,0.004753942,-0.002706128,-0.007069071,-0.011534146,-0.019534517,-0.025321534,"{""deviceId"":""1001"",""nodeId"":4097,""targetChId"":""0010"",""mode"":""inference"",""uptimeMs"":6986187,""debugEnabled"":true,""power"":{""mode"":""24v"",""externalPower"":true,""batteryMv"":65535,""batteryValid"":false,""batteryDetected"":false,""batterySenseStatus"":""not_detected"",""batteryLow"":false,""batteryCritical"":false,""sourceAmbiguous"":false,""serviceHoldActive"":false,""serviceHoldEffective"":false},""batterySession"":{""state"":""inactive"",""startedMs"":0,""stateStartedMs"":0,""validSampleBatches"":0,""requiredSampleBatches"":10,""alarmTxAttempts"":0,""alarmTxAttemptLimit"":3,""alarmAckReceived"":false,""pendingAlarm"":false,""pendingSaveRequired"":false,""persistenceFaultHold"":false,""completionReason"":""session_done""},""bootHealth"":{""adsReady"":true,""adsDrdyLevel"":0,""adsDrdyPulldownLevel"":0,""adsDrdyPullupLevel"":0,""adsMisoPulldownLevel"":0,""adsMisoPullupLevel"":1,""adsCsLevel"":1,""adsSyncLevel"":1,""adsStatus"":54,""adsMux"":15,""adsAdcon"":6,""adsDrate"":240,""adsReason"":""ok"",""tcaOk"":true,""mcpOkCount"":8,""mcpOk"":[true,true,true,true,true,true,true,true],""mcpAddrMask"":[1,1,1,1,1,1,1,1],""mcpControlTested"":true,""mcpControlOkCount"":8,""mcpControlOk"":[true,true,true,true,true,true,true,true],""dacReady"":true,""radioReady"":true,""mlReady"":true,""nullingProfileApplied"":true,""modelProfileReady"":false},""runtimeMcpCode"":[255,519,795,706,799,865,665,139],""model"":{""profileId"":""cnn-dualbranch-datasheet-v1-unbound"",""scalerProfileId"":""cnn-dualbranch-datasheet-v1-unbound"",""productionApproved"":true,""boundNullingProfileId"":8,""activeNullingProfileId"":9,""bindingValid"":true,""bindingModelMatches"":true,""profileReady"":false,""inferenceValid"":false,""sensorFault"":true},""lora"":{""beginState"":0,""lastTxState"":0,""lastTxOk"":false,""txSeq"":0,""txCounter"":0,""aesKeyProvisioned"":true,""aesKeyPresent"":true,""aesKeySource"":""nvs"",""keyId"":1,""lastDownlinkCommandId"":0,""freqMHz"":920,""bwKHz"":125,""sf"":7,""cr"":5,""syncWord"":18,""txPowerDbm"":17,""preamble"":8,""tcxoVoltage"":1.600000024,""xtalVoltage"":0},""dataset"":{""state"":""idle"",""step"":""idle"",""label"":"""",""seq"":0,""targetSamples"":0,""sampleIntervalMs"":500,""maxDurationMs"":0,""useFanIntake"":true,""fanOnMs"":1000,""postFanSettleMs"":0,""nullingProfileId"":9,""queuePending"":0,""queueCapacity"":16,""queueEnqueued"":0,""queueDropped"":0,""publishFailCount"":0,""retryCount"":0,""retryFailCount"":0,""rejectedSamples"":0,""lastRejectReason"":""none"",""lastRejectChannel"":-1,""lastRejectOkFiniteCount"":0,""lastRejectStatus"":255,""lastRejectGain"":0,""lastRejectSaturated"":false},""recovery"":{""wifiReconnectCount"":0,""wifiReconnectFailCount"":0,""mqttReconnectCount"":0,""mqttConnectFailCount"":0,""lastMqttState"":0,""adsRecoveryCount"":0,""adsRecoveryFailCount"":0,""adsReadFailStreak"":0,""lastReason"":""none"",""lastRecoveryMs"":0,""bootRecoveryArmed"":false,""bootRecoveryDueMs"":0,""bootRecoveryReason"":""none"",""bootRecoveryNonAdsFailure"":false,""bootRecoveryRestartCount"":0},""nulling"":{""done"":false,""retryArmed"":false,""attemptCount"":0,""nextRetryMs"":0,""thresholdV"":9.999999747E-06,""minFinalV"":0},""telemetry"":{""valid"":true,""sampleMs"":6985794,""gasClass"":6,""gasName"":""CO2"",""confidence"":0,""alarm"":false,""sensorVoltage"":[0.127064154,0.004014994,0.004753942,-0.002706128,-0.007069071,-0.011534146,-0.019534517,-0.025321534],""sensorGain"":[16,64,64,64,64,64,64,64],""sensorStatus"":[0,0,0,0,0,0,0,0],""featureOrder"":[""MQ8"",""MQ135"",""MQ3"",""MQ5"",""MQ4"",""MQ7"",""MQ6"",""MQ2""]},""alarmLatched"":false}"
2026-08-04 11:17:30.565 +07:00,609.435,HOT_SWEEP_70,70,700,300,1,0,0.127337381,0.004002764,0.004758106,-0.002685153,-0.007053071,-0.011515187,-0.019591583,-0.025314439,"{""deviceId"":""1001"",""nodeId"":4097,""targetChId"":""0010"",""mode"":""inference"",""uptimeMs"":6986878,""debugEnabled"":true,""power"":{""mode"":""24v"",""externalPower"":true,""batteryMv"":65535,""batteryValid"":false,""batteryDetected"":false,""batterySenseStatus"":""not_detected"",""batteryLow"":false,""batteryCritical"":false,""sourceAmbiguous"":false,""serviceHoldActive"":false,""serviceHoldEffective"":false},""batterySession"":{""state"":""inactive"",""startedMs"":0,""stateStartedMs"":0,""validSampleBatches"":0,""requiredSampleBatches"":10,""alarmTxAttempts"":0,""alarmTxAttemptLimit"":3,""alarmAckReceived"":false,""pendingAlarm"":false,""pendingSaveRequired"":false,""persistenceFaultHold"":false,""completionReason"":""session_done""},""bootHealth"":{""adsReady"":true,""adsDrdyLevel"":0,""adsDrdyPulldownLevel"":0,""adsDrdyPullupLevel"":0,""adsMisoPulldownLevel"":0,""adsMisoPullupLevel"":1,""adsCsLevel"":1,""adsSyncLevel"":1,""adsStatus"":54,""adsMux"":15,""adsAdcon"":6,""adsDrate"":240,""adsReason"":""ok"",""tcaOk"":true,""mcpOkCount"":8,""mcpOk"":[true,true,true,true,true,true,true,true],""mcpAddrMask"":[1,1,1,1,1,1,1,1],""mcpControlTested"":true,""mcpControlOkCount"":8,""mcpControlOk"":[true,true,true,true,true,true,true,true],""dacReady"":true,""radioReady"":true,""mlReady"":true,""nullingProfileApplied"":true,""modelProfileReady"":false},""runtimeMcpCode"":[255,519,795,706,799,865,665,139],""model"":{""profileId"":""cnn-dualbranch-datasheet-v1-unbound"",""scalerProfileId"":""cnn-dualbranch-datasheet-v1-unbound"",""productionApproved"":true,""boundNullingProfileId"":8,""activeNullingProfileId"":9,""bindingValid"":true,""bindingModelMatches"":true,""profileReady"":false,""inferenceValid"":false,""sensorFault"":true},""lora"":{""beginState"":0,""lastTxState"":0,""lastTxOk"":false,""txSeq"":0,""txCounter"":0,""aesKeyProvisioned"":true,""aesKeyPresent"":true,""aesKeySource"":""nvs"",""keyId"":1,""lastDownlinkCommandId"":0,""freqMHz"":920,""bwKHz"":125,""sf"":7,""cr"":5,""syncWord"":18,""txPowerDbm"":17,""preamble"":8,""tcxoVoltage"":1.600000024,""xtalVoltage"":0},""dataset"":{""state"":""idle"",""step"":""idle"",""label"":"""",""seq"":0,""targetSamples"":0,""sampleIntervalMs"":500,""maxDurationMs"":0,""useFanIntake"":true,""fanOnMs"":1000,""postFanSettleMs"":0,""nullingProfileId"":9,""queuePending"":0,""queueCapacity"":16,""queueEnqueued"":0,""queueDropped"":0,""publishFailCount"":0,""retryCount"":0,""retryFailCount"":0,""rejectedSamples"":0,""lastRejectReason"":""none"",""lastRejectChannel"":-1,""lastRejectOkFiniteCount"":0,""lastRejectStatus"":255,""lastRejectGain"":0,""lastRejectSaturated"":false},""recovery"":{""wifiReconnectCount"":0,""wifiReconnectFailCount"":0,""mqttReconnectCount"":0,""mqttConnectFailCount"":0,""lastMqttState"":0,""adsRecoveryCount"":0,""adsRecoveryFailCount"":0,""adsReadFailStreak"":0,""lastReason"":""none"",""lastRecoveryMs"":0,""bootRecoveryArmed"":false,""bootRecoveryDueMs"":0,""bootRecoveryReason"":""none"",""bootRecoveryNonAdsFailure"":false,""bootRecoveryRestartCount"":0},""nulling"":{""done"":false,""retryArmed"":false,""attemptCount"":0,""nextRetryMs"":0,""thresholdV"":9.999999747E-06,""minFinalV"":0},""telemetry"":{""valid"":true,""sampleMs"":6986465,""gasClass"":6,""gasName"":""CO2"",""confidence"":0,""alarm"":false,""sensorVoltage"":[0.127337381,0.004002764,0.004758106,-0.002685153,-0.007053071,-0.011515187,-0.019591583,-0.025314439],""sensorGain"":[16,64,64,64,64,64,64,64],""sensorStatus"":[0,0,0,0,0,0,0,0],""featureOrder"":[""MQ8"",""MQ135"",""MQ3"",""MQ5"",""MQ4"",""MQ7"",""MQ6"",""MQ2""]},""alarmLatched"":false}"
2026-08-04 11:17:31.262 +07:00,610.133,HOT_SWEEP_70,70,700,300,1,0,0.12738125,0.003979851,0.004743305,-0.002753042,-0.006932876,-0.011515044,-0.019603107,-0.025319491,"{""deviceId"":""1001"",""nodeId"":4097,""targetChId"":""0010"",""mode"":""inference"",""uptimeMs"":6987576,""debugEnabled"":true,""power"":{""mode"":""24v"",""externalPower"":true,""batteryMv"":65535,""batteryValid"":false,""batteryDetected"":false,""batterySenseStatus"":""not_detected"",""batteryLow"":false,""batteryCritical"":false,""sourceAmbiguous"":false,""serviceHoldActive"":false,""serviceHoldEffective"":false},""batterySession"":{""state"":""inactive"",""startedMs"":0,""stateStartedMs"":0,""validSampleBatches"":0,""requiredSampleBatches"":10,""alarmTxAttempts"":0,""alarmTxAttemptLimit"":3,""alarmAckReceived"":false,""pendingAlarm"":false,""pendingSaveRequired"":false,""persistenceFaultHold"":false,""completionReason"":""session_done""},""bootHealth"":{""adsReady"":true,""adsDrdyLevel"":0,""adsDrdyPulldownLevel"":0,""adsDrdyPullupLevel"":0,""adsMisoPulldownLevel"":0,""adsMisoPullupLevel"":1,""adsCsLevel"":1,""adsSyncLevel"":1,""adsStatus"":54,""adsMux"":15,""adsAdcon"":6,""adsDrate"":240,""adsReason"":""ok"",""tcaOk"":true,""mcpOkCount"":8,""mcpOk"":[true,true,true,true,true,true,true,true],""mcpAddrMask"":[1,1,1,1,1,1,1,1],""mcpControlTested"":true,""mcpControlOkCount"":8,""mcpControlOk"":[true,true,true,true,true,true,true,true],""dacReady"":true,""radioReady"":true,""mlReady"":true,""nullingProfileApplied"":true,""modelProfileReady"":false},""runtimeMcpCode"":[255,519,795,706,799,865,665,139],""model"":{""profileId"":""cnn-dualbranch-datasheet-v1-unbound"",""scalerProfileId"":""cnn-dualbranch-datasheet-v1-unbound"",""productionApproved"":true,""boundNullingProfileId"":8,""activeNullingProfileId"":9,""bindingValid"":true,""bindingModelMatches"":true,""profileReady"":false,""inferenceValid"":false,""sensorFault"":true},""lora"":{""beginState"":0,""lastTxState"":0,""lastTxOk"":false,""txSeq"":0,""txCounter"":0,""aesKeyProvisioned"":true,""aesKeyPresent"":true,""aesKeySource"":""nvs"",""keyId"":1,""lastDownlinkCommandId"":0,""freqMHz"":920,""bwKHz"":125,""sf"":7,""cr"":5,""syncWord"":18,""txPowerDbm"":17,""preamble"":8,""tcxoVoltage"":1.600000024,""xtalVoltage"":0},""dataset"":{""state"":""idle"",""step"":""idle"",""label"":"""",""seq"":0,""targetSamples"":0,""sampleIntervalMs"":500,""maxDurationMs"":0,""useFanIntake"":true,""fanOnMs"":1000,""postFanSettleMs"":0,""nullingProfileId"":9,""queuePending"":0,""queueCapacity"":16,""queueEnqueued"":0,""queueDropped"":0,""publishFailCount"":0,""retryCount"":0,""retryFailCount"":0,""rejectedSamples"":0,""lastRejectReason"":""none"",""lastRejectChannel"":-1,""lastRejectOkFiniteCount"":0,""lastRejectStatus"":255,""lastRejectGain"":0,""lastRejectSaturated"":false},""recovery"":{""wifiReconnectCount"":0,""wifiReconnectFailCount"":0,""mqttReconnectCount"":0,""mqttConnectFailCount"":0,""lastMqttState"":0,""adsRecoveryCount"":0,""adsRecoveryFailCount"":0,""adsReadFailStreak"":0,""lastReason"":""none"",""lastRecoveryMs"":0,""bootRecoveryArmed"":false,""bootRecoveryDueMs"":0,""bootRecoveryReason"":""none"",""bootRecoveryNonAdsFailure"":false,""bootRecoveryRestartCount"":0},""nulling"":{""done"":false,""retryArmed"":false,""attemptCount"":0,""nextRetryMs"":0,""thresholdV"":9.999999747E-06,""minFinalV"":0},""telemetry"":{""valid"":true,""sampleMs"":6987156,""gasClass"":6,""gasName"":""CO2"",""confidence"":0,""alarm"":false,""sensorVoltage"":[0.12738125,0.003979851,0.004743305,-0.002753042,-0.006932876,-0.011515044,-0.019603107,-0.025319491],""sensorGain"":[16,64,64,64,64,64,64,64],""sensorStatus"":[0,0,0,0,0,0,0,0],""featureOrder"":[""MQ8"",""MQ135"",""MQ3"",""MQ5"",""MQ4"",""MQ7"",""MQ6"",""MQ2""]},""alarmLatched"":false}"
2026-08-04 11:17:31.960 +07:00,610.830,HOT_SWEEP_70,70,700,300,1,0,0.127468541,0.003961471,0.004738668,-0.002757676,-0.006910208,-0.011560073,-0.019602647,-0.02529957,"{""deviceId"":""1001"",""nodeId"":4097,""targetChId"":""0010"",""mode"":""inference"",""uptimeMs"":6988273,""debugEnabled"":true,""power"":{""mode"":""24v"",""externalPower"":true,""batteryMv"":65535,""batteryValid"":false,""batteryDetected"":false,""batterySenseStatus"":""not_detected"",""batteryLow"":false,""batteryCritical"":false,""sourceAmbiguous"":false,""serviceHoldActive"":false,""serviceHoldEffective"":false},""batterySession"":{""state"":""inactive"",""startedMs"":0,""stateStartedMs"":0,""validSampleBatches"":0,""requiredSampleBatches"":10,""alarmTxAttempts"":0,""alarmTxAttemptLimit"":3,""alarmAckReceived"":false,""pendingAlarm"":false,""pendingSaveRequired"":false,""persistenceFaultHold"":false,""completionReason"":""session_done""},""bootHealth"":{""adsReady"":true,""adsDrdyLevel"":0,""adsDrdyPulldownLevel"":0,""adsDrdyPullupLevel"":0,""adsMisoPulldownLevel"":0,""adsMisoPullupLevel"":1,""adsCsLevel"":1,""adsSyncLevel"":1,""adsStatus"":54,""adsMux"":15,""adsAdcon"":6,""adsDrate"":240,""adsReason"":""ok"",""tcaOk"":true,""mcpOkCount"":8,""mcpOk"":[true,true,true,true,true,true,true,true],""mcpAddrMask"":[1,1,1,1,1,1,1,1],""mcpControlTested"":true,""mcpControlOkCount"":8,""mcpControlOk"":[true,true,true,true,true,true,true,true],""dacReady"":true,""radioReady"":true,""mlReady"":true,""nullingProfileApplied"":true,""modelProfileReady"":false},""runtimeMcpCode"":[255,519,795,706,799,865,665,139],""model"":{""profileId"":""cnn-dualbranch-datasheet-v1-unbound"",""scalerProfileId"":""cnn-dualbranch-datasheet-v1-unbound"",""productionApproved"":true,""boundNullingProfileId"":8,""activeNullingProfileId"":9,""bindingValid"":true,""bindingModelMatches"":true,""profileReady"":false,""inferenceValid"":false,""sensorFault"":true},""lora"":{""beginState"":0,""lastTxState"":0,""lastTxOk"":false,""txSeq"":0,""txCounter"":0,""aesKeyProvisioned"":true,""aesKeyPresent"":true,""aesKeySource"":""nvs"",""keyId"":1,""lastDownlinkCommandId"":0,""freqMHz"":920,""bwKHz"":125,""sf"":7,""cr"":5,""syncWord"":18,""txPowerDbm"":17,""preamble"":8,""tcxoVoltage"":1.600000024,""xtalVoltage"":0},""dataset"":{""state"":""idle"",""step"":""idle"",""label"":"""",""seq"":0,""targetSamples"":0,""sampleIntervalMs"":500,""maxDurationMs"":0,""useFanIntake"":true,""fanOnMs"":1000,""postFanSettleMs"":0,""nullingProfileId"":9,""queuePending"":0,""queueCapacity"":16,""queueEnqueued"":0,""queueDropped"":0,""publishFailCount"":0,""retryCount"":0,""retryFailCount"":0,""rejectedSamples"":0,""lastRejectReason"":""none"",""lastRejectChannel"":-1,""lastRejectOkFiniteCount"":0,""lastRejectStatus"":255,""lastRejectGain"":0,""lastRejectSaturated"":false},""recovery"":{""wifiReconnectCount"":0,""wifiReconnectFailCount"":0,""mqttReconnectCount"":0,""mqttConnectFailCount"":0,""lastMqttState"":0,""adsRecoveryCount"":0,""adsRecoveryFailCount"":0,""adsReadFailStreak"":0,""lastReason"":""none"",""lastRecoveryMs"":0,""bootRecoveryArmed"":false,""bootRecoveryDueMs"":0,""bootRecoveryReason"":""none"",""bootRecoveryNonAdsFailure"":false,""bootRecoveryRestartCount"":0},""nulling"":{""done"":false,""retryArmed"":false,""attemptCount"":0,""nextRetryMs"":0,""thresholdV"":9.999999747E-06,""minFinalV"":0},""telemetry"":{""valid"":true,""sampleMs"":6987886,""gasClass"":6,""gasName"":""CO2"",""confidence"":0,""alarm"":false,""sensorVoltage"":[0.127468541,0.003961471,0.004738668,-0.002757676,-0.006910208,-0.011560073,-0.019602647,-0.02529957],""sensorGain"":[16,64,64,64,64,64,64,64],""sensorStatus"":[0,0,0,0,0,0,0,0],""featureOrder"":[""MQ8"",""MQ135"",""MQ3"",""MQ5"",""MQ4"",""MQ7"",""MQ6"",""MQ2""]},""alarmLatched"":false}"
2026-08-04 11:17:32.663 +07:00,611.532,HOT_SWEEP_70,70,700,300,1,0,0.127798945,0.003966299,0.004753645,-0.002726231,-0.006901946,-0.01156406,-0.019556325,-0.025287071,"{""deviceId"":""1001"",""nodeId"":4097,""targetChId"":""0010"",""mode"":""inference"",""uptimeMs"":6988975,""debugEnabled"":true,""power"":{""mode"":""24v"",""externalPower"":true,""batteryMv"":65535,""batteryValid"":false,""batteryDetected"":false,""batterySenseStatus"":""not_detected"",""batteryLow"":false,""batteryCritical"":false,""sourceAmbiguous"":false,""serviceHoldActive"":false,""serviceHoldEffective"":false},""batterySession"":{""state"":""inactive"",""startedMs"":0,""stateStartedMs"":0,""validSampleBatches"":0,""requiredSampleBatches"":10,""alarmTxAttempts"":0,""alarmTxAttemptLimit"":3,""alarmAckReceived"":false,""pendingAlarm"":false,""pendingSaveRequired"":false,""persistenceFaultHold"":false,""completionReason"":""session_done""},""bootHealth"":{""adsReady"":true,""adsDrdyLevel"":0,""adsDrdyPulldownLevel"":0,""adsDrdyPullupLevel"":0,""adsMisoPulldownLevel"":0,""adsMisoPullupLevel"":1,""adsCsLevel"":1,""adsSyncLevel"":1,""adsStatus"":54,""adsMux"":15,""adsAdcon"":6,""adsDrate"":240,""adsReason"":""ok"",""tcaOk"":true,""mcpOkCount"":8,""mcpOk"":[true,true,true,true,true,true,true,true],""mcpAddrMask"":[1,1,1,1,1,1,1,1],""mcpControlTested"":true,""mcpControlOkCount"":8,""mcpControlOk"":[true,true,true,true,true,true,true,true],""dacReady"":true,""radioReady"":true,""mlReady"":true,""nullingProfileApplied"":true,""modelProfileReady"":false},""runtimeMcpCode"":[255,519,795,706,799,865,665,139],""model"":{""profileId"":""cnn-dualbranch-datasheet-v1-unbound"",""scalerProfileId"":""cnn-dualbranch-datasheet-v1-unbound"",""productionApproved"":true,""boundNullingProfileId"":8,""activeNullingProfileId"":9,""bindingValid"":true,""bindingModelMatches"":true,""profileReady"":false,""inferenceValid"":false,""sensorFault"":true},""lora"":{""beginState"":0,""lastTxState"":0,""lastTxOk"":false,""txSeq"":0,""txCounter"":0,""aesKeyProvisioned"":true,""aesKeyPresent"":true,""aesKeySource"":""nvs"",""keyId"":1,""lastDownlinkCommandId"":0,""freqMHz"":920,""bwKHz"":125,""sf"":7,""cr"":5,""syncWord"":18,""txPowerDbm"":17,""preamble"":8,""tcxoVoltage"":1.600000024,""xtalVoltage"":0},""dataset"":{""state"":""idle"",""step"":""idle"",""label"":"""",""seq"":0,""targetSamples"":0,""sampleIntervalMs"":500,""maxDurationMs"":0,""useFanIntake"":true,""fanOnMs"":1000,""postFanSettleMs"":0,""nullingProfileId"":9,""queuePending"":0,""queueCapacity"":16,""queueEnqueued"":0,""queueDropped"":0,""publishFailCount"":0,""retryCount"":0,""retryFailCount"":0,""rejectedSamples"":0,""lastRejectReason"":""none"",""lastRejectChannel"":-1,""lastRejectOkFiniteCount"":0,""lastRejectStatus"":255,""lastRejectGain"":0,""lastRejectSaturated"":false},""recovery"":{""wifiReconnectCount"":0,""wifiReconnectFailCount"":0,""mqttReconnectCount"":0,""mqttConnectFailCount"":0,""lastMqttState"":0,""adsRecoveryCount"":0,""adsRecoveryFailCount"":0,""adsReadFailStreak"":0,""lastReason"":""none"",""lastRecoveryMs"":0,""bootRecoveryArmed"":false,""bootRecoveryDueMs"":0,""bootRecoveryReason"":""none"",""bootRecoveryNonAdsFailure"":false,""bootRecoveryRestartCount"":0},""nulling"":{""done"":false,""retryArmed"":false,""attemptCount"":0,""nextRetryMs"":0,""thresholdV"":9.999999747E-06,""minFinalV"":0},""telemetry"":{""valid"":true,""sampleMs"":6988551,""gasClass"":6,""gasName"":""CO2"",""confidence"":0,""alarm"":false,""sensorVoltage"":[0.127798945,0.003966299,0.004753645,-0.002726231,-0.006901946,-0.01156406,-0.019556325,-0.025287071],""sensorGain"":[16,64,64,64,64,64,64,64],""sensorStatus"":[0,0,0,0,0,0,0,0],""featureOrder"":[""MQ8"",""MQ135"",""MQ3"",""MQ5"",""MQ4"",""MQ7"",""MQ6"",""MQ2""]},""alarmLatched"":false}"
2026-08-04 11:17:33.365 +07:00,612.235,HOT_SWEEP_70,70,700,300,1,0,0.127805799,0.003960716,0.004753386,-0.00267979,-0.006896907,-0.011571101,-0.019547231,-0.025285089,"{""deviceId"":""1001"",""nodeId"":4097,""targetChId"":""0010"",""mode"":""inference"",""uptimeMs"":6989678,""debugEnabled"":true,""power"":{""mode"":""24v"",""externalPower"":true,""batteryMv"":65535,""batteryValid"":false,""batteryDetected"":false,""batterySenseStatus"":""not_detected"",""batteryLow"":false,""batteryCritical"":false,""sourceAmbiguous"":false,""serviceHoldActive"":false,""serviceHoldEffective"":false},""batterySession"":{""state"":""inactive"",""startedMs"":0,""stateStartedMs"":0,""validSampleBatches"":0,""requiredSampleBatches"":10,""alarmTxAttempts"":0,""alarmTxAttemptLimit"":3,""alarmAckReceived"":false,""pendingAlarm"":false,""pendingSaveRequired"":false,""persistenceFaultHold"":false,""completionReason"":""session_done""},""bootHealth"":{""adsReady"":true,""adsDrdyLevel"":0,""adsDrdyPulldownLevel"":0,""adsDrdyPullupLevel"":0,""adsMisoPulldownLevel"":0,""adsMisoPullupLevel"":1,""adsCsLevel"":1,""adsSyncLevel"":1,""adsStatus"":54,""adsMux"":15,""adsAdcon"":6,""adsDrate"":240,""adsReason"":""ok"",""tcaOk"":true,""mcpOkCount"":8,""mcpOk"":[true,true,true,true,true,true,true,true],""mcpAddrMask"":[1,1,1,1,1,1,1,1],""mcpControlTested"":true,""mcpControlOkCount"":8,""mcpControlOk"":[true,true,true,true,true,true,true,true],""dacReady"":true,""radioReady"":true,""mlReady"":true,""nullingProfileApplied"":true,""modelProfileReady"":false},""runtimeMcpCode"":[255,519,795,706,799,865,665,139],""model"":{""profileId"":""cnn-dualbranch-datasheet-v1-unbound"",""scalerProfileId"":""cnn-dualbranch-datasheet-v1-unbound"",""productionApproved"":true,""boundNullingProfileId"":8,""activeNullingProfileId"":9,""bindingValid"":true,""bindingModelMatches"":true,""profileReady"":false,""inferenceValid"":false,""sensorFault"":true},""lora"":{""beginState"":0,""lastTxState"":0,""lastTxOk"":false,""txSeq"":0,""txCounter"":0,""aesKeyProvisioned"":true,""aesKeyPresent"":true,""aesKeySource"":""nvs"",""keyId"":1,""lastDownlinkCommandId"":0,""freqMHz"":920,""bwKHz"":125,""sf"":7,""cr"":5,""syncWord"":18,""txPowerDbm"":17,""preamble"":8,""tcxoVoltage"":1.600000024,""xtalVoltage"":0},""dataset"":{""state"":""idle"",""step"":""idle"",""label"":"""",""seq"":0,""targetSamples"":0,""sampleIntervalMs"":500,""maxDurationMs"":0,""useFanIntake"":true,""fanOnMs"":1000,""postFanSettleMs"":0,""nullingProfileId"":9,""queuePending"":0,""queueCapacity"":16,""queueEnqueued"":0,""queueDropped"":0,""publishFailCount"":0,""retryCount"":0,""retryFailCount"":0,""rejectedSamples"":0,""lastRejectReason"":""none"",""lastRejectChannel"":-1,""lastRejectOkFiniteCount"":0,""lastRejectStatus"":255,""lastRejectGain"":0,""lastRejectSaturated"":false},""recovery"":{""wifiReconnectCount"":0,""wifiReconnectFailCount"":0,""mqttReconnectCount"":0,""mqttConnectFailCount"":0,""lastMqttState"":0,""adsRecoveryCount"":0,""adsRecoveryFailCount"":0,""adsReadFailStreak"":0,""lastReason"":""none"",""lastRecoveryMs"":0,""bootRecoveryArmed"":false,""bootRecoveryDueMs"":0,""bootRecoveryReason"":""none"",""bootRecoveryNonAdsFailure"":false,""bootRecoveryRestartCount"":0},""nulling"":{""done"":false,""retryArmed"":false,""attemptCount"":0,""nextRetryMs"":0,""thresholdV"":9.999999747E-06,""minFinalV"":0},""telemetry"":{""valid"":true,""sampleMs"":6989253,""gasClass"":6,""gasName"":""CO2"",""confidence"":0,""alarm"":false,""sensorVoltage"":[0.127805799,0.003960716,0.004753386,-0.00267979,-0.006896907,-0.011571101,-0.019547231,-0.025285089],""sensorGain"":[16,64,64,64,64,64,64,64],""sensorStatus"":[0,0,0,0,0,0,0,0],""featureOrder"":[""MQ8"",""MQ135"",""MQ3"",""MQ5"",""MQ4"",""MQ7"",""MQ6"",""MQ2""]},""alarmLatched"":false}"
2026-08-04 11:17:34.091 +07:00,612.960,HOT_SWEEP_70,70,700,300,1,0,0.127880067,0.00397004,0.00482536,-0.002652289,-0.007102393,-0.011524647,-0.019603359,-0.024832288,"{""deviceId"":""1001"",""nodeId"":4097,""targetChId"":""0010"",""mode"":""inference"",""uptimeMs"":6990403,""debugEnabled"":true,""power"":{""mode"":""24v"",""externalPower"":true,""batteryMv"":65535,""batteryValid"":false,""batteryDetected"":false,""batterySenseStatus"":""not_detected"",""batteryLow"":false,""batteryCritical"":false,""sourceAmbiguous"":false,""serviceHoldActive"":false,""serviceHoldEffective"":false},""batterySession"":{""state"":""inactive"",""startedMs"":0,""stateStartedMs"":0,""validSampleBatches"":0,""requiredSampleBatches"":10,""alarmTxAttempts"":0,""alarmTxAttemptLimit"":3,""alarmAckReceived"":false,""pendingAlarm"":false,""pendingSaveRequired"":false,""persistenceFaultHold"":false,""completionReason"":""session_done""},""bootHealth"":{""adsReady"":true,""adsDrdyLevel"":0,""adsDrdyPulldownLevel"":0,""adsDrdyPullupLevel"":0,""adsMisoPulldownLevel"":0,""adsMisoPullupLevel"":1,""adsCsLevel"":1,""adsSyncLevel"":1,""adsStatus"":54,""adsMux"":15,""adsAdcon"":6,""adsDrate"":240,""adsReason"":""ok"",""tcaOk"":true,""mcpOkCount"":8,""mcpOk"":[true,true,true,true,true,true,true,true],""mcpAddrMask"":[1,1,1,1,1,1,1,1],""mcpControlTested"":true,""mcpControlOkCount"":8,""mcpControlOk"":[true,true,true,true,true,true,true,true],""dacReady"":true,""radioReady"":true,""mlReady"":true,""nullingProfileApplied"":true,""modelProfileReady"":false},""runtimeMcpCode"":[255,519,795,706,799,865,665,139],""model"":{""profileId"":""cnn-dualbranch-datasheet-v1-unbound"",""scalerProfileId"":""cnn-dualbranch-datasheet-v1-unbound"",""productionApproved"":true,""boundNullingProfileId"":8,""activeNullingProfileId"":9,""bindingValid"":true,""bindingModelMatches"":true,""profileReady"":false,""inferenceValid"":false,""sensorFault"":true},""lora"":{""beginState"":0,""lastTxState"":0,""lastTxOk"":false,""txSeq"":0,""txCounter"":0,""aesKeyProvisioned"":true,""aesKeyPresent"":true,""aesKeySource"":""nvs"",""keyId"":1,""lastDownlinkCommandId"":0,""freqMHz"":920,""bwKHz"":125,""sf"":7,""cr"":5,""syncWord"":18,""txPowerDbm"":17,""preamble"":8,""tcxoVoltage"":1.600000024,""xtalVoltage"":0},""dataset"":{""state"":""idle"",""step"":""idle"",""label"":"""",""seq"":0,""targetSamples"":0,""sampleIntervalMs"":500,""maxDurationMs"":0,""useFanIntake"":true,""fanOnMs"":1000,""postFanSettleMs"":0,""nullingProfileId"":9,""queuePending"":0,""queueCapacity"":16,""queueEnqueued"":0,""queueDropped"":0,""publishFailCount"":0,""retryCount"":0,""retryFailCount"":0,""rejectedSamples"":0,""lastRejectReason"":""none"",""lastRejectChannel"":-1,""lastRejectOkFiniteCount"":0,""lastRejectStatus"":255,""lastRejectGain"":0,""lastRejectSaturated"":false},""recovery"":{""wifiReconnectCount"":0,""wifiReconnectFailCount"":0,""mqttReconnectCount"":0,""mqttConnectFailCount"":0,""lastMqttState"":0,""adsRecoveryCount"":0,""adsRecoveryFailCount"":0,""adsReadFailStreak"":0,""lastReason"":""none"",""lastRecoveryMs"":0,""bootRecoveryArmed"":false,""bootRecoveryDueMs"":0,""bootRecoveryReason"":""none"",""bootRecoveryNonAdsFailure"":false,""bootRecoveryRestartCount"":0},""nulling"":{""done"":false,""retryArmed"":false,""attemptCount"":0,""nextRetryMs"":0,""thresholdV"":9.999999747E-06,""minFinalV"":0},""telemetry"":{""valid"":true,""sampleMs"":6989988,""gasClass"":6,""gasName"":""CO2"",""confidence"":0,""alarm"":false,""sensorVoltage"":[0.127880067,0.00397004,0.00482536,-0.002652289,-0.007102393,-0.011524647,-0.019603359,-0.024832288],""sensorGain"":[16,64,64,64,64,64,64,64],""sensorStatus"":[0,0,0,0,0,0,0,0],""featureOrder"":[""MQ8"",""MQ135"",""MQ3"",""MQ5"",""MQ4"",""MQ7"",""MQ6"",""MQ2""]},""alarmLatched"":false}"
2026-08-04 11:17:34.788 +07:00,613.658,HOT_SWEEP_70,70,700,300,1,0,0.127715141,0.003912296,0.00480061,-0.002666899,-0.006397664,-0.011512337,-0.019607009,-0.024823796,"{""deviceId"":""1001"",""nodeId"":4097,""targetChId"":""0010"",""mode"":""inference"",""uptimeMs"":6991100,""debugEnabled"":true,""power"":{""mode"":""24v"",""externalPower"":true,""batteryMv"":65535,""batteryValid"":false,""batteryDetected"":false,""batterySenseStatus"":""not_detected"",""batteryLow"":false,""batteryCritical"":false,""sourceAmbiguous"":false,""serviceHoldActive"":false,""serviceHoldEffective"":false},""batterySession"":{""state"":""inactive"",""startedMs"":0,""stateStartedMs"":0,""validSampleBatches"":0,""requiredSampleBatches"":10,""alarmTxAttempts"":0,""alarmTxAttemptLimit"":3,""alarmAckReceived"":false,""pendingAlarm"":false,""pendingSaveRequired"":false,""persistenceFaultHold"":false,""completionReason"":""session_done""},""bootHealth"":{""adsReady"":true,""adsDrdyLevel"":0,""adsDrdyPulldownLevel"":0,""adsDrdyPullupLevel"":0,""adsMisoPulldownLevel"":0,""adsMisoPullupLevel"":1,""adsCsLevel"":1,""adsSyncLevel"":1,""adsStatus"":54,""adsMux"":15,""adsAdcon"":6,""adsDrate"":240,""adsReason"":""ok"",""tcaOk"":true,""mcpOkCount"":8,""mcpOk"":[true,true,true,true,true,true,true,true],""mcpAddrMask"":[1,1,1,1,1,1,1,1],""mcpControlTested"":true,""mcpControlOkCount"":8,""mcpControlOk"":[true,true,true,true,true,true,true,true],""dacReady"":true,""radioReady"":true,""mlReady"":true,""nullingProfileApplied"":true,""modelProfileReady"":false},""runtimeMcpCode"":[255,519,795,706,799,865,665,139],""model"":{""profileId"":""cnn-dualbranch-datasheet-v1-unbound"",""scalerProfileId"":""cnn-dualbranch-datasheet-v1-unbound"",""productionApproved"":true,""boundNullingProfileId"":8,""activeNullingProfileId"":9,""bindingValid"":true,""bindingModelMatches"":true,""profileReady"":false,""inferenceValid"":false,""sensorFault"":true},""lora"":{""beginState"":0,""lastTxState"":0,""lastTxOk"":false,""txSeq"":0,""txCounter"":0,""aesKeyProvisioned"":true,""aesKeyPresent"":true,""aesKeySource"":""nvs"",""keyId"":1,""lastDownlinkCommandId"":0,""freqMHz"":920,""bwKHz"":125,""sf"":7,""cr"":5,""syncWord"":18,""txPowerDbm"":17,""preamble"":8,""tcxoVoltage"":1.600000024,""xtalVoltage"":0},""dataset"":{""state"":""idle"",""step"":""idle"",""label"":"""",""seq"":0,""targetSamples"":0,""sampleIntervalMs"":500,""maxDurationMs"":0,""useFanIntake"":true,""fanOnMs"":1000,""postFanSettleMs"":0,""nullingProfileId"":9,""queuePending"":0,""queueCapacity"":16,""queueEnqueued"":0,""queueDropped"":0,""publishFailCount"":0,""retryCount"":0,""retryFailCount"":0,""rejectedSamples"":0,""lastRejectReason"":""none"",""lastRejectChannel"":-1,""lastRejectOkFiniteCount"":0,""lastRejectStatus"":255,""lastRejectGain"":0,""lastRejectSaturated"":false},""recovery"":{""wifiReconnectCount"":0,""wifiReconnectFailCount"":0,""mqttReconnectCount"":0,""mqttConnectFailCount"":0,""lastMqttState"":0,""adsRecoveryCount"":0,""adsRecoveryFailCount"":0,""adsReadFailStreak"":0,""lastReason"":""none"",""lastRecoveryMs"":0,""bootRecoveryArmed"":false,""bootRecoveryDueMs"":0,""bootRecoveryReason"":""none"",""bootRecoveryNonAdsFailure"":false,""bootRecoveryRestartCount"":0},""nulling"":{""done"":false,""retryArmed"":false,""attemptCount"":0,""nextRetryMs"":0,""thresholdV"":9.999999747E-06,""minFinalV"":0},""telemetry"":{""valid"":true,""sampleMs"":6990681,""gasClass"":6,""gasName"":""CO2"",""confidence"":0,""alarm"":false,""sensorVoltage"":[0.127715141,0.003912296,0.00480061,-0.002666899,-0.006397664,-0.011512337,-0.019607009,-0.024823796],""sensorGain"":[16,64,64,64,64,64,64,64],""sensorStatus"":[0,0,0,0,0,0,0,0],""featureOrder"":[""MQ8"",""MQ135"",""MQ3"",""MQ5"",""MQ4"",""MQ7"",""MQ6"",""MQ2""]},""alarmLatched"":false}"
2026-08-04 11:17:35.498 +07:00,614.366,HOT_SWEEP_70,70,700,300,1,0,0.127818674,0.003939209,0.004837925,-0.002675217,-0.006388344,-0.011520386,-0.019609913,-0.024877513,"{""deviceId"":""1001"",""nodeId"":4097,""targetChId"":""0010"",""mode"":""inference"",""uptimeMs"":6991808,""debugEnabled"":true,""power"":{""mode"":""24v"",""externalPower"":true,""batteryMv"":65535,""batteryValid"":false,""batteryDetected"":false,""batterySenseStatus"":""not_detected"",""batteryLow"":false,""batteryCritical"":false,""sourceAmbiguous"":false,""serviceHoldActive"":false,""serviceHoldEffective"":false},""batterySession"":{""state"":""inactive"",""startedMs"":0,""stateStartedMs"":0,""validSampleBatches"":0,""requiredSampleBatches"":10,""alarmTxAttempts"":0,""alarmTxAttemptLimit"":3,""alarmAckReceived"":false,""pendingAlarm"":false,""pendingSaveRequired"":false,""persistenceFaultHold"":false,""completionReason"":""session_done""},""bootHealth"":{""adsReady"":true,""adsDrdyLevel"":0,""adsDrdyPulldownLevel"":0,""adsDrdyPullupLevel"":0,""adsMisoPulldownLevel"":0,""adsMisoPullupLevel"":1,""adsCsLevel"":1,""adsSyncLevel"":1,""adsStatus"":54,""adsMux"":15,""adsAdcon"":6,""adsDrate"":240,""adsReason"":""ok"",""tcaOk"":true,""mcpOkCount"":8,""mcpOk"":[true,true,true,true,true,true,true,true],""mcpAddrMask"":[1,1,1,1,1,1,1,1],""mcpControlTested"":true,""mcpControlOkCount"":8,""mcpControlOk"":[true,true,true,true,true,true,true,true],""dacReady"":true,""radioReady"":true,""mlReady"":true,""nullingProfileApplied"":true,""modelProfileReady"":false},""runtimeMcpCode"":[255,519,795,706,799,865,665,139],""model"":{""profileId"":""cnn-dualbranch-datasheet-v1-unbound"",""scalerProfileId"":""cnn-dualbranch-datasheet-v1-unbound"",""productionApproved"":true,""boundNullingProfileId"":8,""activeNullingProfileId"":9,""bindingValid"":true,""bindingModelMatches"":true,""profileReady"":false,""inferenceValid"":false,""sensorFault"":true},""lora"":{""beginState"":0,""lastTxState"":0,""lastTxOk"":false,""txSeq"":0,""txCounter"":0,""aesKeyProvisioned"":true,""aesKeyPresent"":true,""aesKeySource"":""nvs"",""keyId"":1,""lastDownlinkCommandId"":0,""freqMHz"":920,""bwKHz"":125,""sf"":7,""cr"":5,""syncWord"":18,""txPowerDbm"":17,""preamble"":8,""tcxoVoltage"":1.600000024,""xtalVoltage"":0},""dataset"":{""state"":""idle"",""step"":""idle"",""label"":"""",""seq"":0,""targetSamples"":0,""sampleIntervalMs"":500,""maxDurationMs"":0,""useFanIntake"":true,""fanOnMs"":1000,""postFanSettleMs"":0,""nullingProfileId"":9,""queuePending"":0,""queueCapacity"":16,""queueEnqueued"":0,""queueDropped"":0,""publishFailCount"":0,""retryCount"":0,""retryFailCount"":0,""rejectedSamples"":0,""lastRejectReason"":""none"",""lastRejectChannel"":-1,""lastRejectOkFiniteCount"":0,""lastRejectStatus"":255,""lastRejectGain"":0,""lastRejectSaturated"":false},""recovery"":{""wifiReconnectCount"":0,""wifiReconnectFailCount"":0,""mqttReconnectCount"":0,""mqttConnectFailCount"":0,""lastMqttState"":0,""adsRecoveryCount"":0,""adsRecoveryFailCount"":0,""adsReadFailStreak"":0,""lastReason"":""none"",""lastRecoveryMs"":0,""bootRecoveryArmed"":false,""bootRecoveryDueMs"":0,""bootRecoveryReason"":""none"",""bootRecoveryNonAdsFailure"":false,""bootRecoveryRestartCount"":0},""nulling"":{""done"":false,""retryArmed"":false,""attemptCount"":0,""nextRetryMs"":0,""thresholdV"":9.999999747E-06,""minFinalV"":0},""telemetry"":{""valid"":true,""sampleMs"":6991378,""gasClass"":6,""gasName"":""CO2"",""confidence"":0,""alarm"":false,""sensorVoltage"":[0.127818674,0.003939209,0.004837925,-0.002675217,-0.006388344,-0.011520386,-0.019609913,-0.024877513],""sensorGain"":[16,64,64,64,64,64,64,64],""sensorStatus"":[0,0,0,0,0,0,0,0],""featureOrder"":[""MQ8"",""MQ135"",""MQ3"",""MQ5"",""MQ4"",""MQ7"",""MQ6"",""MQ2""]},""alarmLatched"":false}"
2026-08-04 11:17:36.199 +07:00,615.068,HOT_SWEEP_70,70,700,300,1,0,0.127812266,0.003973612,0.004787094,-0.002672258,-0.007150476,-0.011510878,-0.019573247,-0.024882123,"{""deviceId"":""1001"",""nodeId"":4097,""targetChId"":""0010"",""mode"":""inference"",""uptimeMs"":6992511,""debugEnabled"":true,""power"":{""mode"":""24v"",""externalPower"":true,""batteryMv"":65535,""batteryValid"":false,""batteryDetected"":false,""batterySenseStatus"":""not_detected"",""batteryLow"":false,""batteryCritical"":false,""sourceAmbiguous"":false,""serviceHoldActive"":false,""serviceHoldEffective"":false},""batterySession"":{""state"":""inactive"",""startedMs"":0,""stateStartedMs"":0,""validSampleBatches"":0,""requiredSampleBatches"":10,""alarmTxAttempts"":0,""alarmTxAttemptLimit"":3,""alarmAckReceived"":false,""pendingAlarm"":false,""pendingSaveRequired"":false,""persistenceFaultHold"":false,""completionReason"":""session_done""},""bootHealth"":{""adsReady"":true,""adsDrdyLevel"":0,""adsDrdyPulldownLevel"":0,""adsDrdyPullupLevel"":0,""adsMisoPulldownLevel"":0,""adsMisoPullupLevel"":1,""adsCsLevel"":1,""adsSyncLevel"":1,""adsStatus"":54,""adsMux"":15,""adsAdcon"":6,""adsDrate"":240,""adsReason"":""ok"",""tcaOk"":true,""mcpOkCount"":8,""mcpOk"":[true,true,true,true,true,true,true,true],""mcpAddrMask"":[1,1,1,1,1,1,1,1],""mcpControlTested"":true,""mcpControlOkCount"":8,""mcpControlOk"":[true,true,true,true,true,true,true,true],""dacReady"":true,""radioReady"":true,""mlReady"":true,""nullingProfileApplied"":true,""modelProfileReady"":false},""runtimeMcpCode"":[255,519,795,706,799,865,665,139],""model"":{""profileId"":""cnn-dualbranch-datasheet-v1-unbound"",""scalerProfileId"":""cnn-dualbranch-datasheet-v1-unbound"",""productionApproved"":true,""boundNullingProfileId"":8,""activeNullingProfileId"":9,""bindingValid"":true,""bindingModelMatches"":true,""profileReady"":false,""inferenceValid"":false,""sensorFault"":true},""lora"":{""beginState"":0,""lastTxState"":0,""lastTxOk"":false,""txSeq"":0,""txCounter"":0,""aesKeyProvisioned"":true,""aesKeyPresent"":true,""aesKeySource"":""nvs"",""keyId"":1,""lastDownlinkCommandId"":0,""freqMHz"":920,""bwKHz"":125,""sf"":7,""cr"":5,""syncWord"":18,""txPowerDbm"":17,""preamble"":8,""tcxoVoltage"":1.600000024,""xtalVoltage"":0},""dataset"":{""state"":""idle"",""step"":""idle"",""label"":"""",""seq"":0,""targetSamples"":0,""sampleIntervalMs"":500,""maxDurationMs"":0,""useFanIntake"":true,""fanOnMs"":1000,""postFanSettleMs"":0,""nullingProfileId"":9,""queuePending"":0,""queueCapacity"":16,""queueEnqueued"":0,""queueDropped"":0,""publishFailCount"":0,""retryCount"":0,""retryFailCount"":0,""rejectedSamples"":0,""lastRejectReason"":""none"",""lastRejectChannel"":-1,""lastRejectOkFiniteCount"":0,""lastRejectStatus"":255,""lastRejectGain"":0,""lastRejectSaturated"":false},""recovery"":{""wifiReconnectCount"":0,""wifiReconnectFailCount"":0,""mqttReconnectCount"":0,""mqttConnectFailCount"":0,""lastMqttState"":0,""adsRecoveryCount"":0,""adsRecoveryFailCount"":0,""adsReadFailStreak"":0,""lastReason"":""none"",""lastRecoveryMs"":0,""bootRecoveryArmed"":false,""bootRecoveryDueMs"":0,""bootRecoveryReason"":""none"",""bootRecoveryNonAdsFailure"":false,""bootRecoveryRestartCount"":0},""nulling"":{""done"":false,""retryArmed"":false,""attemptCount"":0,""nextRetryMs"":0,""thresholdV"":9.999999747E-06,""minFinalV"":0},""telemetry"":{""valid"":true,""sampleMs"":6992118,""gasClass"":6,""gasName"":""CO2"",""confidence"":0,""alarm"":false,""sensorVoltage"":[0.127812266,0.003973612,0.004787094,-0.002672258,-0.007150476,-0.011510878,-0.019573247,-0.024882123],""sensorGain"":[16,64,64,64,64,64,64,64],""sensorStatus"":[0,0,0,0,0,0,0,0],""featureOrder"":[""MQ8"",""MQ135"",""MQ3"",""MQ5"",""MQ4"",""MQ7"",""MQ6"",""MQ2""]},""alarmLatched"":false}"
2026-08-04 11:17:36.889 +07:00,615.758,HOT_SWEEP_70,70,700,300,1,0,0.127856031,0.003977223,0.004822049,-0.002671496,-0.007909535,-0.011592552,-0.019570014,-0.024944849,"{""deviceId"":""1001"",""nodeId"":4097,""targetChId"":""0010"",""mode"":""inference"",""uptimeMs"":6993201,""debugEnabled"":true,""power"":{""mode"":""24v"",""externalPower"":true,""batteryMv"":65535,""batteryValid"":false,""batteryDetected"":false,""batterySenseStatus"":""not_detected"",""batteryLow"":false,""batteryCritical"":false,""sourceAmbiguous"":false,""serviceHoldActive"":false,""serviceHoldEffective"":false},""batterySession"":{""state"":""inactive"",""startedMs"":0,""stateStartedMs"":0,""validSampleBatches"":0,""requiredSampleBatches"":10,""alarmTxAttempts"":0,""alarmTxAttemptLimit"":3,""alarmAckReceived"":false,""pendingAlarm"":false,""pendingSaveRequired"":false,""persistenceFaultHold"":false,""completionReason"":""session_done""},""bootHealth"":{""adsReady"":true,""adsDrdyLevel"":0,""adsDrdyPulldownLevel"":0,""adsDrdyPullupLevel"":0,""adsMisoPulldownLevel"":0,""adsMisoPullupLevel"":1,""adsCsLevel"":1,""adsSyncLevel"":1,""adsStatus"":54,""adsMux"":15,""adsAdcon"":6,""adsDrate"":240,""adsReason"":""ok"",""tcaOk"":true,""mcpOkCount"":8,""mcpOk"":[true,true,true,true,true,true,true,true],""mcpAddrMask"":[1,1,1,1,1,1,1,1],""mcpControlTested"":true,""mcpControlOkCount"":8,""mcpControlOk"":[true,true,true,true,true,true,true,true],""dacReady"":true,""radioReady"":true,""mlReady"":true,""nullingProfileApplied"":true,""modelProfileReady"":false},""runtimeMcpCode"":[255,519,795,706,799,865,665,139],""model"":{""profileId"":""cnn-dualbranch-datasheet-v1-unbound"",""scalerProfileId"":""cnn-dualbranch-datasheet-v1-unbound"",""productionApproved"":true,""boundNullingProfileId"":8,""activeNullingProfileId"":9,""bindingValid"":true,""bindingModelMatches"":true,""profileReady"":false,""inferenceValid"":false,""sensorFault"":true},""lora"":{""beginState"":0,""lastTxState"":0,""lastTxOk"":false,""txSeq"":0,""txCounter"":0,""aesKeyProvisioned"":true,""aesKeyPresent"":true,""aesKeySource"":""nvs"",""keyId"":1,""lastDownlinkCommandId"":0,""freqMHz"":920,""bwKHz"":125,""sf"":7,""cr"":5,""syncWord"":18,""txPowerDbm"":17,""preamble"":8,""tcxoVoltage"":1.600000024,""xtalVoltage"":0},""dataset"":{""state"":""idle"",""step"":""idle"",""label"":"""",""seq"":0,""targetSamples"":0,""sampleIntervalMs"":500,""maxDurationMs"":0,""useFanIntake"":true,""fanOnMs"":1000,""postFanSettleMs"":0,""nullingProfileId"":9,""queuePending"":0,""queueCapacity"":16,""queueEnqueued"":0,""queueDropped"":0,""publishFailCount"":0,""retryCount"":0,""retryFailCount"":0,""rejectedSamples"":0,""lastRejectReason"":""none"",""lastRejectChannel"":-1,""lastRejectOkFiniteCount"":0,""lastRejectStatus"":255,""lastRejectGain"":0,""lastRejectSaturated"":false},""recovery"":{""wifiReconnectCount"":0,""wifiReconnectFailCount"":0,""mqttReconnectCount"":0,""mqttConnectFailCount"":0,""lastMqttState"":0,""adsRecoveryCount"":0,""adsRecoveryFailCount"":0,""adsReadFailStreak"":0,""lastReason"":""none"",""lastRecoveryMs"":0,""bootRecoveryArmed"":false,""bootRecoveryDueMs"":0,""bootRecoveryReason"":""none"",""bootRecoveryNonAdsFailure"":false,""bootRecoveryRestartCount"":0},""nulling"":{""done"":false,""retryArmed"":false,""attemptCount"":0,""nextRetryMs"":0,""thresholdV"":9.999999747E-06,""minFinalV"":0},""telemetry"":{""valid"":true,""sampleMs"":6992789,""gasClass"":6,""gasName"":""CO2"",""confidence"":0,""alarm"":false,""sensorVoltage"":[0.127856031,0.003977223,0.004822049,-0.002671496,-0.007909535,-0.011592552,-0.019570014,-0.024944849],""sensorGain"":[16,64,64,64,64,64,64,64],""sensorStatus"":[0,0,0,0,0,0,0,0],""featureOrder"":[""MQ8"",""MQ135"",""MQ3"",""MQ5"",""MQ4"",""MQ7"",""MQ6"",""MQ2""]},""alarmLatched"":false}"
2026-08-04 11:17:37.591 +07:00,616.462,HOT_SWEEP_70,70,700,300,1,0,0.127767771,0.00398293,0.004802582,-0.002691393,-0.00794256,-0.011566253,-0.019513585,-0.024970543,"{""deviceId"":""1001"",""nodeId"":4097,""targetChId"":""0010"",""mode"":""inference"",""uptimeMs"":6993905,""debugEnabled"":true,""power"":{""mode"":""24v"",""externalPower"":true,""batteryMv"":65535,""batteryValid"":false,""batteryDetected"":false,""batterySenseStatus"":""not_detected"",""batteryLow"":false,""batteryCritical"":false,""sourceAmbiguous"":false,""serviceHoldActive"":false,""serviceHoldEffective"":false},""batterySession"":{""state"":""inactive"",""startedMs"":0,""stateStartedMs"":0,""validSampleBatches"":0,""requiredSampleBatches"":10,""alarmTxAttempts"":0,""alarmTxAttemptLimit"":3,""alarmAckReceived"":false,""pendingAlarm"":false,""pendingSaveRequired"":false,""persistenceFaultHold"":false,""completionReason"":""session_done""},""bootHealth"":{""adsReady"":true,""adsDrdyLevel"":0,""adsDrdyPulldownLevel"":0,""adsDrdyPullupLevel"":0,""adsMisoPulldownLevel"":0,""adsMisoPullupLevel"":1,""adsCsLevel"":1,""adsSyncLevel"":1,""adsStatus"":54,""adsMux"":15,""adsAdcon"":6,""adsDrate"":240,""adsReason"":""ok"",""tcaOk"":true,""mcpOkCount"":8,""mcpOk"":[true,true,true,true,true,true,true,true],""mcpAddrMask"":[1,1,1,1,1,1,1,1],""mcpControlTested"":true,""mcpControlOkCount"":8,""mcpControlOk"":[true,true,true,true,true,true,true,true],""dacReady"":true,""radioReady"":true,""mlReady"":true,""nullingProfileApplied"":true,""modelProfileReady"":false},""runtimeMcpCode"":[255,519,795,706,799,865,665,139],""model"":{""profileId"":""cnn-dualbranch-datasheet-v1-unbound"",""scalerProfileId"":""cnn-dualbranch-datasheet-v1-unbound"",""productionApproved"":true,""boundNullingProfileId"":8,""activeNullingProfileId"":9,""bindingValid"":true,""bindingModelMatches"":true,""profileReady"":false,""inferenceValid"":false,""sensorFault"":true},""lora"":{""beginState"":0,""lastTxState"":0,""lastTxOk"":false,""txSeq"":0,""txCounter"":0,""aesKeyProvisioned"":true,""aesKeyPresent"":true,""aesKeySource"":""nvs"",""keyId"":1,""lastDownlinkCommandId"":0,""freqMHz"":920,""bwKHz"":125,""sf"":7,""cr"":5,""syncWord"":18,""txPowerDbm"":17,""preamble"":8,""tcxoVoltage"":1.600000024,""xtalVoltage"":0},""dataset"":{""state"":""idle"",""step"":""idle"",""label"":"""",""seq"":0,""targetSamples"":0,""sampleIntervalMs"":500,""maxDurationMs"":0,""useFanIntake"":true,""fanOnMs"":1000,""postFanSettleMs"":0,""nullingProfileId"":9,""queuePending"":0,""queueCapacity"":16,""queueEnqueued"":0,""queueDropped"":0,""publishFailCount"":0,""retryCount"":0,""retryFailCount"":0,""rejectedSamples"":0,""lastRejectReason"":""none"",""lastRejectChannel"":-1,""lastRejectOkFiniteCount"":0,""lastRejectStatus"":255,""lastRejectGain"":0,""lastRejectSaturated"":false},""recovery"":{""wifiReconnectCount"":0,""wifiReconnectFailCount"":0,""mqttReconnectCount"":0,""mqttConnectFailCount"":0,""lastMqttState"":0,""adsRecoveryCount"":0,""adsRecoveryFailCount"":0,""adsReadFailStreak"":0,""lastReason"":""none"",""lastRecoveryMs"":0,""bootRecoveryArmed"":false,""bootRecoveryDueMs"":0,""bootRecoveryReason"":""none"",""bootRecoveryNonAdsFailure"":false,""bootRecoveryRestartCount"":0},""nulling"":{""done"":false,""retryArmed"":false,""attemptCount"":0,""nextRetryMs"":0,""thresholdV"":9.999999747E-06,""minFinalV"":0},""telemetry"":{""valid"":true,""sampleMs"":6993479,""gasClass"":6,""gasName"":""CO2"",""confidence"":0,""alarm"":false,""sensorVoltage"":[0.127767771,0.00398293,0.004802582,-0.002691393,-0.00794256,-0.011566253,-0.019513585,-0.024970543],""sensorGain"":[16,64,64,64,64,64,64,64],""sensorStatus"":[0,0,0,0,0,0,0,0],""featureOrder"":[""MQ8"",""MQ135"",""MQ3"",""MQ5"",""MQ4"",""MQ7"",""MQ6"",""MQ2""]},""alarmLatched"":false}"
2026-08-04 11:17:38.290 +07:00,617.163,HOT_SWEEP_70,70,700,300,1,0,0.127904877,0.00405844,0.004819161,-0.002603593,-0.008063477,-0.011548202,-0.01951118,-0.024959575,"{""deviceId"":""1001"",""nodeId"":4097,""targetChId"":""0010"",""mode"":""inference"",""uptimeMs"":6994605,""debugEnabled"":true,""power"":{""mode"":""24v"",""externalPower"":true,""batteryMv"":65535,""batteryValid"":false,""batteryDetected"":false,""batterySenseStatus"":""not_detected"",""batteryLow"":false,""batteryCritical"":false,""sourceAmbiguous"":false,""serviceHoldActive"":false,""serviceHoldEffective"":false},""batterySession"":{""state"":""inactive"",""startedMs"":0,""stateStartedMs"":0,""validSampleBatches"":0,""requiredSampleBatches"":10,""alarmTxAttempts"":0,""alarmTxAttemptLimit"":3,""alarmAckReceived"":false,""pendingAlarm"":false,""pendingSaveRequired"":false,""persistenceFaultHold"":false,""completionReason"":""session_done""},""bootHealth"":{""adsReady"":true,""adsDrdyLevel"":0,""adsDrdyPulldownLevel"":0,""adsDrdyPullupLevel"":0,""adsMisoPulldownLevel"":0,""adsMisoPullupLevel"":1,""adsCsLevel"":1,""adsSyncLevel"":1,""adsStatus"":54,""adsMux"":15,""adsAdcon"":6,""adsDrate"":240,""adsReason"":""ok"",""tcaOk"":true,""mcpOkCount"":8,""mcpOk"":[true,true,true,true,true,true,true,true],""mcpAddrMask"":[1,1,1,1,1,1,1,1],""mcpControlTested"":true,""mcpControlOkCount"":8,""mcpControlOk"":[true,true,true,true,true,true,true,true],""dacReady"":true,""radioReady"":true,""mlReady"":true,""nullingProfileApplied"":true,""modelProfileReady"":false},""runtimeMcpCode"":[255,519,795,706,799,865,665,139],""model"":{""profileId"":""cnn-dualbranch-datasheet-v1-unbound"",""scalerProfileId"":""cnn-dualbranch-datasheet-v1-unbound"",""productionApproved"":true,""boundNullingProfileId"":8,""activeNullingProfileId"":9,""bindingValid"":true,""bindingModelMatches"":true,""profileReady"":false,""inferenceValid"":false,""sensorFault"":true},""lora"":{""beginState"":0,""lastTxState"":0,""lastTxOk"":false,""txSeq"":0,""txCounter"":0,""aesKeyProvisioned"":true,""aesKeyPresent"":true,""aesKeySource"":""nvs"",""keyId"":1,""lastDownlinkCommandId"":0,""freqMHz"":920,""bwKHz"":125,""sf"":7,""cr"":5,""syncWord"":18,""txPowerDbm"":17,""preamble"":8,""tcxoVoltage"":1.600000024,""xtalVoltage"":0},""dataset"":{""state"":""idle"",""step"":""idle"",""label"":"""",""seq"":0,""targetSamples"":0,""sampleIntervalMs"":500,""maxDurationMs"":0,""useFanIntake"":true,""fanOnMs"":1000,""postFanSettleMs"":0,""nullingProfileId"":9,""queuePending"":0,""queueCapacity"":16,""queueEnqueued"":0,""queueDropped"":0,""publishFailCount"":0,""retryCount"":0,""retryFailCount"":0,""rejectedSamples"":0,""lastRejectReason"":""none"",""lastRejectChannel"":-1,""lastRejectOkFiniteCount"":0,""lastRejectStatus"":255,""lastRejectGain"":0,""lastRejectSaturated"":false},""recovery"":{""wifiReconnectCount"":0,""wifiReconnectFailCount"":0,""mqttReconnectCount"":0,""mqttConnectFailCount"":0,""lastMqttState"":0,""adsRecoveryCount"":0,""adsRecoveryFailCount"":0,""adsReadFailStreak"":0,""lastReason"":""none"",""lastRecoveryMs"":0,""bootRecoveryArmed"":false,""bootRecoveryDueMs"":0,""bootRecoveryReason"":""none"",""bootRecoveryNonAdsFailure"":false,""bootRecoveryRestartCount"":0},""nulling"":{""done"":false,""retryArmed"":false,""attemptCount"":0,""nextRetryMs"":0,""thresholdV"":9.999999747E-06,""minFinalV"":0},""telemetry"":{""valid"":true,""sampleMs"":6994215,""gasClass"":6,""gasName"":""CO2"",""confidence"":0,""alarm"":false,""sensorVoltage"":[0.127904877,0.00405844,0.004819161,-0.002603593,-0.008063477,-0.011548202,-0.01951118,-0.024959575],""sensorGain"":[16,64,64,64,64,64,64,64],""sensorStatus"":[0,0,0,0,0,0,0,0],""featureOrder"":[""MQ8"",""MQ135"",""MQ3"",""MQ5"",""MQ4"",""MQ7"",""MQ6"",""MQ2""]},""alarmLatched"":false}"
2026-08-04 11:17:38.999 +07:00,617.859,HOT_SWEEP_70,70,700,300,1,0,0.128024161,0.004081042,0.004853836,-0.002592953,-0.007790552,-0.011540061,-0.019489946,-0.024956631,"{""deviceId"":""1001"",""nodeId"":4097,""targetChId"":""0010"",""mode"":""inference"",""uptimeMs"":6995302,""debugEnabled"":true,""power"":{""mode"":""24v"",""externalPower"":true,""batteryMv"":65535,""batteryValid"":false,""batteryDetected"":false,""batterySenseStatus"":""not_detected"",""batteryLow"":false,""batteryCritical"":false,""sourceAmbiguous"":false,""serviceHoldActive"":false,""serviceHoldEffective"":false},""batterySession"":{""state"":""inactive"",""startedMs"":0,""stateStartedMs"":0,""validSampleBatches"":0,""requiredSampleBatches"":10,""alarmTxAttempts"":0,""alarmTxAttemptLimit"":3,""alarmAckReceived"":false,""pendingAlarm"":false,""pendingSaveRequired"":false,""persistenceFaultHold"":false,""completionReason"":""session_done""},""bootHealth"":{""adsReady"":true,""adsDrdyLevel"":0,""adsDrdyPulldownLevel"":0,""adsDrdyPullupLevel"":0,""adsMisoPulldownLevel"":0,""adsMisoPullupLevel"":1,""adsCsLevel"":1,""adsSyncLevel"":1,""adsStatus"":54,""adsMux"":15,""adsAdcon"":6,""adsDrate"":240,""adsReason"":""ok"",""tcaOk"":true,""mcpOkCount"":8,""mcpOk"":[true,true,true,true,true,true,true,true],""mcpAddrMask"":[1,1,1,1,1,1,1,1],""mcpControlTested"":true,""mcpControlOkCount"":8,""mcpControlOk"":[true,true,true,true,true,true,true,true],""dacReady"":true,""radioReady"":true,""mlReady"":true,""nullingProfileApplied"":true,""modelProfileReady"":false},""runtimeMcpCode"":[255,519,795,706,799,865,665,139],""model"":{""profileId"":""cnn-dualbranch-datasheet-v1-unbound"",""scalerProfileId"":""cnn-dualbranch-datasheet-v1-unbound"",""productionApproved"":true,""boundNullingProfileId"":8,""activeNullingProfileId"":9,""bindingValid"":true,""bindingModelMatches"":true,""profileReady"":false,""inferenceValid"":false,""sensorFault"":true},""lora"":{""beginState"":0,""lastTxState"":0,""lastTxOk"":false,""txSeq"":0,""txCounter"":0,""aesKeyProvisioned"":true,""aesKeyPresent"":true,""aesKeySource"":""nvs"",""keyId"":1,""lastDownlinkCommandId"":0,""freqMHz"":920,""bwKHz"":125,""sf"":7,""cr"":5,""syncWord"":18,""txPowerDbm"":17,""preamble"":8,""tcxoVoltage"":1.600000024,""xtalVoltage"":0},""dataset"":{""state"":""idle"",""step"":""idle"",""label"":"""",""seq"":0,""targetSamples"":0,""sampleIntervalMs"":500,""maxDurationMs"":0,""useFanIntake"":true,""fanOnMs"":1000,""postFanSettleMs"":0,""nullingProfileId"":9,""queuePending"":0,""queueCapacity"":16,""queueEnqueued"":0,""queueDropped"":0,""publishFailCount"":0,""retryCount"":0,""retryFailCount"":0,""rejectedSamples"":0,""lastRejectReason"":""none"",""lastRejectChannel"":-1,""lastRejectOkFiniteCount"":0,""lastRejectStatus"":255,""lastRejectGain"":0,""lastRejectSaturated"":false},""recovery"":{""wifiReconnectCount"":0,""wifiReconnectFailCount"":0,""mqttReconnectCount"":0,""mqttConnectFailCount"":0,""lastMqttState"":0,""adsRecoveryCount"":0,""adsRecoveryFailCount"":0,""adsReadFailStreak"":0,""lastReason"":""none"",""lastRecoveryMs"":0,""bootRecoveryArmed"":false,""bootRecoveryDueMs"":0,""bootRecoveryReason"":""none"",""bootRecoveryNonAdsFailure"":false,""bootRecoveryRestartCount"":0},""nulling"":{""done"":false,""retryArmed"":false,""attemptCount"":0,""nextRetryMs"":0,""thresholdV"":9.999999747E-06,""minFinalV"":0},""telemetry"":{""valid"":true,""sampleMs"":6994883,""gasClass"":6,""gasName"":""CO2"",""confidence"":0,""alarm"":false,""sensorVoltage"":[0.128024161,0.004081042,0.004853836,-0.002592953,-0.007790552,-0.011540061,-0.019489946,-0.024956631],""sensorGain"":[16,64,64,64,64,64,64,64],""sensorStatus"":[0,0,0,0,0,0,0,0],""featureOrder"":[""MQ8"",""MQ135"",""MQ3"",""MQ5"",""MQ4"",""MQ7"",""MQ6"",""MQ2""]},""alarmLatched"":false}"
2026-08-04 11:17:39.695 +07:00,618.565,HOT_SWEEP_70,70,700,300,1,0,0.128026441,0.004081277,0.004811825,-0.002600261,-0.007772396,-0.011471907,-0.019491237,-0.0250303,"{""deviceId"":""1001"",""nodeId"":4097,""targetChId"":""0010"",""mode"":""inference"",""uptimeMs"":6996008,""debugEnabled"":true,""power"":{""mode"":""24v"",""externalPower"":true,""batteryMv"":65535,""batteryValid"":false,""batteryDetected"":false,""batterySenseStatus"":""not_detected"",""batteryLow"":false,""batteryCritical"":false,""sourceAmbiguous"":false,""serviceHoldActive"":false,""serviceHoldEffective"":false},""batterySession"":{""state"":""inactive"",""startedMs"":0,""stateStartedMs"":0,""validSampleBatches"":0,""requiredSampleBatches"":10,""alarmTxAttempts"":0,""alarmTxAttemptLimit"":3,""alarmAckReceived"":false,""pendingAlarm"":false,""pendingSaveRequired"":false,""persistenceFaultHold"":false,""completionReason"":""session_done""},""bootHealth"":{""adsReady"":true,""adsDrdyLevel"":0,""adsDrdyPulldownLevel"":0,""adsDrdyPullupLevel"":0,""adsMisoPulldownLevel"":0,""adsMisoPullupLevel"":1,""adsCsLevel"":1,""adsSyncLevel"":1,""adsStatus"":54,""adsMux"":15,""adsAdcon"":6,""adsDrate"":240,""adsReason"":""ok"",""tcaOk"":true,""mcpOkCount"":8,""mcpOk"":[true,true,true,true,true,true,true,true],""mcpAddrMask"":[1,1,1,1,1,1,1,1],""mcpControlTested"":true,""mcpControlOkCount"":8,""mcpControlOk"":[true,true,true,true,true,true,true,true],""dacReady"":true,""radioReady"":true,""mlReady"":true,""nullingProfileApplied"":true,""modelProfileReady"":false},""runtimeMcpCode"":[255,519,795,706,799,865,665,139],""model"":{""profileId"":""cnn-dualbranch-datasheet-v1-unbound"",""scalerProfileId"":""cnn-dualbranch-datasheet-v1-unbound"",""productionApproved"":true,""boundNullingProfileId"":8,""activeNullingProfileId"":9,""bindingValid"":true,""bindingModelMatches"":true,""profileReady"":false,""inferenceValid"":false,""sensorFault"":true},""lora"":{""beginState"":0,""lastTxState"":0,""lastTxOk"":false,""txSeq"":0,""txCounter"":0,""aesKeyProvisioned"":true,""aesKeyPresent"":true,""aesKeySource"":""nvs"",""keyId"":1,""lastDownlinkCommandId"":0,""freqMHz"":920,""bwKHz"":125,""sf"":7,""cr"":5,""syncWord"":18,""txPowerDbm"":17,""preamble"":8,""tcxoVoltage"":1.600000024,""xtalVoltage"":0},""dataset"":{""state"":""idle"",""step"":""idle"",""label"":"""",""seq"":0,""targetSamples"":0,""sampleIntervalMs"":500,""maxDurationMs"":0,""useFanIntake"":true,""fanOnMs"":1000,""postFanSettleMs"":0,""nullingProfileId"":9,""queuePending"":0,""queueCapacity"":16,""queueEnqueued"":0,""queueDropped"":0,""publishFailCount"":0,""retryCount"":0,""retryFailCount"":0,""rejectedSamples"":0,""lastRejectReason"":""none"",""lastRejectChannel"":-1,""lastRejectOkFiniteCount"":0,""lastRejectStatus"":255,""lastRejectGain"":0,""lastRejectSaturated"":false},""recovery"":{""wifiReconnectCount"":0,""wifiReconnectFailCount"":0,""mqttReconnectCount"":0,""mqttConnectFailCount"":0,""lastMqttState"":0,""adsRecoveryCount"":0,""adsRecoveryFailCount"":0,""adsReadFailStreak"":0,""lastReason"":""none"",""lastRecoveryMs"":0,""bootRecoveryArmed"":false,""bootRecoveryDueMs"":0,""bootRecoveryReason"":""none"",""bootRecoveryNonAdsFailure"":false,""bootRecoveryRestartCount"":0},""nulling"":{""done"":false,""retryArmed"":false,""attemptCount"":0,""nextRetryMs"":0,""thresholdV"":9.999999747E-06,""minFinalV"":0},""telemetry"":{""valid"":true,""sampleMs"":6995580,""gasClass"":6,""gasName"":""CO2"",""confidence"":0,""alarm"":false,""sensorVoltage"":[0.128026441,0.004081277,0.004811825,-0.002600261,-0.007772396,-0.011471907,-0.019491237,-0.0250303],""sensorGain"":[16,64,64,64,64,64,64,64],""sensorStatus"":[0,0,0,0,0,0,0,0],""featureOrder"":[""MQ8"",""MQ135"",""MQ3"",""MQ5"",""MQ4"",""MQ7"",""MQ6"",""MQ2""]},""alarmLatched"":false}"
2026-08-04 11:17:40.397 +07:00,619.268,HOT_SWEEP_70,70,700,300,1,0,0.127662495,0.004111229,0.004815186,-0.002579079,-0.007779939,-0.011536091,-0.019954251,-0.02550579,"{""deviceId"":""1001"",""nodeId"":4097,""targetChId"":""0010"",""mode"":""inference"",""uptimeMs"":6996710,""debugEnabled"":true,""power"":{""mode"":""24v"",""externalPower"":true,""batteryMv"":65535,""batteryValid"":false,""batteryDetected"":false,""batterySenseStatus"":""not_detected"",""batteryLow"":false,""batteryCritical"":false,""sourceAmbiguous"":false,""serviceHoldActive"":false,""serviceHoldEffective"":false},""batterySession"":{""state"":""inactive"",""startedMs"":0,""stateStartedMs"":0,""validSampleBatches"":0,""requiredSampleBatches"":10,""alarmTxAttempts"":0,""alarmTxAttemptLimit"":3,""alarmAckReceived"":false,""pendingAlarm"":false,""pendingSaveRequired"":false,""persistenceFaultHold"":false,""completionReason"":""session_done""},""bootHealth"":{""adsReady"":true,""adsDrdyLevel"":0,""adsDrdyPulldownLevel"":0,""adsDrdyPullupLevel"":0,""adsMisoPulldownLevel"":0,""adsMisoPullupLevel"":1,""adsCsLevel"":1,""adsSyncLevel"":1,""adsStatus"":54,""adsMux"":15,""adsAdcon"":6,""adsDrate"":240,""adsReason"":""ok"",""tcaOk"":true,""mcpOkCount"":8,""mcpOk"":[true,true,true,true,true,true,true,true],""mcpAddrMask"":[1,1,1,1,1,1,1,1],""mcpControlTested"":true,""mcpControlOkCount"":8,""mcpControlOk"":[true,true,true,true,true,true,true,true],""dacReady"":true,""radioReady"":true,""mlReady"":true,""nullingProfileApplied"":true,""modelProfileReady"":false},""runtimeMcpCode"":[255,519,795,706,799,865,665,139],""model"":{""profileId"":""cnn-dualbranch-datasheet-v1-unbound"",""scalerProfileId"":""cnn-dualbranch-datasheet-v1-unbound"",""productionApproved"":true,""boundNullingProfileId"":8,""activeNullingProfileId"":9,""bindingValid"":true,""bindingModelMatches"":true,""profileReady"":false,""inferenceValid"":false,""sensorFault"":true},""lora"":{""beginState"":0,""lastTxState"":0,""lastTxOk"":false,""txSeq"":0,""txCounter"":0,""aesKeyProvisioned"":true,""aesKeyPresent"":true,""aesKeySource"":""nvs"",""keyId"":1,""lastDownlinkCommandId"":0,""freqMHz"":920,""bwKHz"":125,""sf"":7,""cr"":5,""syncWord"":18,""txPowerDbm"":17,""preamble"":8,""tcxoVoltage"":1.600000024,""xtalVoltage"":0},""dataset"":{""state"":""idle"",""step"":""idle"",""label"":"""",""seq"":0,""targetSamples"":0,""sampleIntervalMs"":500,""maxDurationMs"":0,""useFanIntake"":true,""fanOnMs"":1000,""postFanSettleMs"":0,""nullingProfileId"":9,""queuePending"":0,""queueCapacity"":16,""queueEnqueued"":0,""queueDropped"":0,""publishFailCount"":0,""retryCount"":0,""retryFailCount"":0,""rejectedSamples"":0,""lastRejectReason"":""none"",""lastRejectChannel"":-1,""lastRejectOkFiniteCount"":0,""lastRejectStatus"":255,""lastRejectGain"":0,""lastRejectSaturated"":false},""recovery"":{""wifiReconnectCount"":0,""wifiReconnectFailCount"":0,""mqttReconnectCount"":0,""mqttConnectFailCount"":0,""lastMqttState"":0,""adsRecoveryCount"":0,""adsRecoveryFailCount"":0,""adsReadFailStreak"":0,""lastReason"":""none"",""lastRecoveryMs"":0,""bootRecoveryArmed"":false,""bootRecoveryDueMs"":0,""bootRecoveryReason"":""none"",""bootRecoveryNonAdsFailure"":false,""bootRecoveryRestartCount"":0},""nulling"":{""done"":false,""retryArmed"":false,""attemptCount"":0,""nextRetryMs"":0,""thresholdV"":9.999999747E-06,""minFinalV"":0},""telemetry"":{""valid"":true,""sampleMs"":6996318,""gasClass"":6,""gasName"":""CO2"",""confidence"":0,""alarm"":false,""sensorVoltage"":[0.127662495,0.004111229,0.004815186,-0.002579079,-0.007779939,-0.011536091,-0.019954251,-0.02550579],""sensorGain"":[16,64,64,64,64,64,64,64],""sensorStatus"":[0,0,0,0,0,0,0,0],""featureOrder"":[""MQ8"",""MQ135"",""MQ3"",""MQ5"",""MQ4"",""MQ7"",""MQ6"",""MQ2""]},""alarmLatched"":false}"
2026-08-04 11:17:41.114 +07:00,619.985,HOT_SWEEP_70,70,700,300,1,0,0.127483279,0.00410658,0.004822636,-0.002571809,-0.00836718,-0.011542177,-0.01986317,-0.025545532,"{""deviceId"":""1001"",""nodeId"":4097,""targetChId"":""0010"",""mode"":""inference"",""uptimeMs"":6997428,""debugEnabled"":true,""power"":{""mode"":""24v"",""externalPower"":true,""batteryMv"":65535,""batteryValid"":false,""batteryDetected"":false,""batterySenseStatus"":""not_detected"",""batteryLow"":false,""batteryCritical"":false,""sourceAmbiguous"":false,""serviceHoldActive"":false,""serviceHoldEffective"":false},""batterySession"":{""state"":""inactive"",""startedMs"":0,""stateStartedMs"":0,""validSampleBatches"":0,""requiredSampleBatches"":10,""alarmTxAttempts"":0,""alarmTxAttemptLimit"":3,""alarmAckReceived"":false,""pendingAlarm"":false,""pendingSaveRequired"":false,""persistenceFaultHold"":false,""completionReason"":""session_done""},""bootHealth"":{""adsReady"":true,""adsDrdyLevel"":0,""adsDrdyPulldownLevel"":0,""adsDrdyPullupLevel"":0,""adsMisoPulldownLevel"":0,""adsMisoPullupLevel"":1,""adsCsLevel"":1,""adsSyncLevel"":1,""adsStatus"":54,""adsMux"":15,""adsAdcon"":6,""adsDrate"":240,""adsReason"":""ok"",""tcaOk"":true,""mcpOkCount"":8,""mcpOk"":[true,true,true,true,true,true,true,true],""mcpAddrMask"":[1,1,1,1,1,1,1,1],""mcpControlTested"":true,""mcpControlOkCount"":8,""mcpControlOk"":[true,true,true,true,true,true,true,true],""dacReady"":true,""radioReady"":true,""mlReady"":true,""nullingProfileApplied"":true,""modelProfileReady"":false},""runtimeMcpCode"":[255,519,795,706,799,865,665,139],""model"":{""profileId"":""cnn-dualbranch-datasheet-v1-unbound"",""scalerProfileId"":""cnn-dualbranch-datasheet-v1-unbound"",""productionApproved"":true,""boundNullingProfileId"":8,""activeNullingProfileId"":9,""bindingValid"":true,""bindingModelMatches"":true,""profileReady"":false,""inferenceValid"":false,""sensorFault"":true},""lora"":{""beginState"":0,""lastTxState"":0,""lastTxOk"":false,""txSeq"":0,""txCounter"":0,""aesKeyProvisioned"":true,""aesKeyPresent"":true,""aesKeySource"":""nvs"",""keyId"":1,""lastDownlinkCommandId"":0,""freqMHz"":920,""bwKHz"":125,""sf"":7,""cr"":5,""syncWord"":18,""txPowerDbm"":17,""preamble"":8,""tcxoVoltage"":1.600000024,""xtalVoltage"":0},""dataset"":{""state"":""idle"",""step"":""idle"",""label"":"""",""seq"":0,""targetSamples"":0,""sampleIntervalMs"":500,""maxDurationMs"":0,""useFanIntake"":true,""fanOnMs"":1000,""postFanSettleMs"":0,""nullingProfileId"":9,""queuePending"":0,""queueCapacity"":16,""queueEnqueued"":0,""queueDropped"":0,""publishFailCount"":0,""retryCount"":0,""retryFailCount"":0,""rejectedSamples"":0,""lastRejectReason"":""none"",""lastRejectChannel"":-1,""lastRejectOkFiniteCount"":0,""lastRejectStatus"":255,""lastRejectGain"":0,""lastRejectSaturated"":false},""recovery"":{""wifiReconnectCount"":0,""wifiReconnectFailCount"":0,""mqttReconnectCount"":0,""mqttConnectFailCount"":0,""lastMqttState"":0,""adsRecoveryCount"":0,""adsRecoveryFailCount"":0,""adsReadFailStreak"":0,""lastReason"":""none"",""lastRecoveryMs"":0,""bootRecoveryArmed"":false,""bootRecoveryDueMs"":0,""bootRecoveryReason"":""none"",""bootRecoveryNonAdsFailure"":false,""bootRecoveryRestartCount"":0},""nulling"":{""done"":false,""retryArmed"":false,""attemptCount"":0,""nextRetryMs"":0,""thresholdV"":9.999999747E-06,""minFinalV"":0},""telemetry"":{""valid"":true,""sampleMs"":6996988,""gasClass"":6,""gasName"":""CO2"",""confidence"":0,""alarm"":false,""sensorVoltage"":[0.127483279,0.00410658,0.004822636,-0.002571809,-0.00836718,-0.011542177,-0.01986317,-0.025545532],""sensorGain"":[16,64,64,64,64,64,64,64],""sensorStatus"":[0,0,0,0,0,0,0,0],""featureOrder"":[""MQ8"",""MQ135"",""MQ3"",""MQ5"",""MQ4"",""MQ7"",""MQ6"",""MQ2""]},""alarmLatched"":false}"
2026-08-04 11:17:41.817 +07:00,620.687,HOT_SWEEP_70,70,700,300,1,0,0.127680093,0.004092625,0.004884018,-0.002578111,-0.009054622,-0.011526736,-0.019855043,-0.025535163,"{""deviceId"":""1001"",""nodeId"":4097,""targetChId"":""0010"",""mode"":""inference"",""uptimeMs"":6998128,""debugEnabled"":true,""power"":{""mode"":""24v"",""externalPower"":true,""batteryMv"":65535,""batteryValid"":false,""batteryDetected"":false,""batterySenseStatus"":""not_detected"",""batteryLow"":false,""batteryCritical"":false,""sourceAmbiguous"":false,""serviceHoldActive"":false,""serviceHoldEffective"":false},""batterySession"":{""state"":""inactive"",""startedMs"":0,""stateStartedMs"":0,""validSampleBatches"":0,""requiredSampleBatches"":10,""alarmTxAttempts"":0,""alarmTxAttemptLimit"":3,""alarmAckReceived"":false,""pendingAlarm"":false,""pendingSaveRequired"":false,""persistenceFaultHold"":false,""completionReason"":""session_done""},""bootHealth"":{""adsReady"":true,""adsDrdyLevel"":0,""adsDrdyPulldownLevel"":0,""adsDrdyPullupLevel"":0,""adsMisoPulldownLevel"":0,""adsMisoPullupLevel"":1,""adsCsLevel"":1,""adsSyncLevel"":1,""adsStatus"":54,""adsMux"":15,""adsAdcon"":6,""adsDrate"":240,""adsReason"":""ok"",""tcaOk"":true,""mcpOkCount"":8,""mcpOk"":[true,true,true,true,true,true,true,true],""mcpAddrMask"":[1,1,1,1,1,1,1,1],""mcpControlTested"":true,""mcpControlOkCount"":8,""mcpControlOk"":[true,true,true,true,true,true,true,true],""dacReady"":true,""radioReady"":true,""mlReady"":true,""nullingProfileApplied"":true,""modelProfileReady"":false},""runtimeMcpCode"":[255,519,795,706,799,865,665,139],""model"":{""profileId"":""cnn-dualbranch-datasheet-v1-unbound"",""scalerProfileId"":""cnn-dualbranch-datasheet-v1-unbound"",""productionApproved"":true,""boundNullingProfileId"":8,""activeNullingProfileId"":9,""bindingValid"":true,""bindingModelMatches"":true,""profileReady"":false,""inferenceValid"":false,""sensorFault"":true},""lora"":{""beginState"":0,""lastTxState"":0,""lastTxOk"":false,""txSeq"":0,""txCounter"":0,""aesKeyProvisioned"":true,""aesKeyPresent"":true,""aesKeySource"":""nvs"",""keyId"":1,""lastDownlinkCommandId"":0,""freqMHz"":920,""bwKHz"":125,""sf"":7,""cr"":5,""syncWord"":18,""txPowerDbm"":17,""preamble"":8,""tcxoVoltage"":1.600000024,""xtalVoltage"":0},""dataset"":{""state"":""idle"",""step"":""idle"",""label"":"""",""seq"":0,""targetSamples"":0,""sampleIntervalMs"":500,""maxDurationMs"":0,""useFanIntake"":true,""fanOnMs"":1000,""postFanSettleMs"":0,""nullingProfileId"":9,""queuePending"":0,""queueCapacity"":16,""queueEnqueued"":0,""queueDropped"":0,""publishFailCount"":0,""retryCount"":0,""retryFailCount"":0,""rejectedSamples"":0,""lastRejectReason"":""none"",""lastRejectChannel"":-1,""lastRejectOkFiniteCount"":0,""lastRejectStatus"":255,""lastRejectGain"":0,""lastRejectSaturated"":false},""recovery"":{""wifiReconnectCount"":0,""wifiReconnectFailCount"":0,""mqttReconnectCount"":0,""mqttConnectFailCount"":0,""lastMqttState"":0,""adsRecoveryCount"":0,""adsRecoveryFailCount"":0,""adsReadFailStreak"":0,""lastReason"":""none"",""lastRecoveryMs"":0,""bootRecoveryArmed"":false,""bootRecoveryDueMs"":0,""bootRecoveryReason"":""none"",""bootRecoveryNonAdsFailure"":false,""bootRecoveryRestartCount"":0},""nulling"":{""done"":false,""retryArmed"":false,""attemptCount"":0,""nextRetryMs"":0,""thresholdV"":9.999999747E-06,""minFinalV"":0},""telemetry"":{""valid"":true,""sampleMs"":6997706,""gasClass"":6,""gasName"":""CO2"",""confidence"":0,""alarm"":false,""sensorVoltage"":[0.127680093,0.004092625,0.004884018,-0.002578111,-0.009054622,-0.011526736,-0.019855043,-0.025535163],""sensorGain"":[16,64,64,64,64,64,64,64],""sensorStatus"":[0,0,0,0,0,0,0,0],""featureOrder"":[""MQ8"",""MQ135"",""MQ3"",""MQ5"",""MQ4"",""MQ7"",""MQ6"",""MQ2""]},""alarmLatched"":false}"
2026-08-04 11:17:42.517 +07:00,621.389,HOT_SWEEP_70,70,700,300,1,0,0.12714301,0.004129731,0.004834059,-0.002537811,-0.008800797,-0.011440439,-0.019810831,-0.025523445,"{""deviceId"":""1001"",""nodeId"":4097,""targetChId"":""0010"",""mode"":""inference"",""uptimeMs"":6998831,""debugEnabled"":true,""power"":{""mode"":""24v"",""externalPower"":true,""batteryMv"":65535,""batteryValid"":false,""batteryDetected"":false,""batterySenseStatus"":""not_detected"",""batteryLow"":false,""batteryCritical"":false,""sourceAmbiguous"":false,""serviceHoldActive"":false,""serviceHoldEffective"":false},""batterySession"":{""state"":""inactive"",""startedMs"":0,""stateStartedMs"":0,""validSampleBatches"":0,""requiredSampleBatches"":10,""alarmTxAttempts"":0,""alarmTxAttemptLimit"":3,""alarmAckReceived"":false,""pendingAlarm"":false,""pendingSaveRequired"":false,""persistenceFaultHold"":false,""completionReason"":""session_done""},""bootHealth"":{""adsReady"":true,""adsDrdyLevel"":0,""adsDrdyPulldownLevel"":0,""adsDrdyPullupLevel"":0,""adsMisoPulldownLevel"":0,""adsMisoPullupLevel"":1,""adsCsLevel"":1,""adsSyncLevel"":1,""adsStatus"":54,""adsMux"":15,""adsAdcon"":6,""adsDrate"":240,""adsReason"":""ok"",""tcaOk"":true,""mcpOkCount"":8,""mcpOk"":[true,true,true,true,true,true,true,true],""mcpAddrMask"":[1,1,1,1,1,1,1,1],""mcpControlTested"":true,""mcpControlOkCount"":8,""mcpControlOk"":[true,true,true,true,true,true,true,true],""dacReady"":true,""radioReady"":true,""mlReady"":true,""nullingProfileApplied"":true,""modelProfileReady"":false},""runtimeMcpCode"":[255,519,795,706,799,865,665,139],""model"":{""profileId"":""cnn-dualbranch-datasheet-v1-unbound"",""scalerProfileId"":""cnn-dualbranch-datasheet-v1-unbound"",""productionApproved"":true,""boundNullingProfileId"":8,""activeNullingProfileId"":9,""bindingValid"":true,""bindingModelMatches"":true,""profileReady"":false,""inferenceValid"":false,""sensorFault"":true},""lora"":{""beginState"":0,""lastTxState"":0,""lastTxOk"":false,""txSeq"":0,""txCounter"":0,""aesKeyProvisioned"":true,""aesKeyPresent"":true,""aesKeySource"":""nvs"",""keyId"":1,""lastDownlinkCommandId"":0,""freqMHz"":920,""bwKHz"":125,""sf"":7,""cr"":5,""syncWord"":18,""txPowerDbm"":17,""preamble"":8,""tcxoVoltage"":1.600000024,""xtalVoltage"":0},""dataset"":{""state"":""idle"",""step"":""idle"",""label"":"""",""seq"":0,""targetSamples"":0,""sampleIntervalMs"":500,""maxDurationMs"":0,""useFanIntake"":true,""fanOnMs"":1000,""postFanSettleMs"":0,""nullingProfileId"":9,""queuePending"":0,""queueCapacity"":16,""queueEnqueued"":0,""queueDropped"":0,""publishFailCount"":0,""retryCount"":0,""retryFailCount"":0,""rejectedSamples"":0,""lastRejectReason"":""none"",""lastRejectChannel"":-1,""lastRejectOkFiniteCount"":0,""lastRejectStatus"":255,""lastRejectGain"":0,""lastRejectSaturated"":false},""recovery"":{""wifiReconnectCount"":0,""wifiReconnectFailCount"":0,""mqttReconnectCount"":0,""mqttConnectFailCount"":0,""lastMqttState"":0,""adsRecoveryCount"":0,""adsRecoveryFailCount"":0,""adsReadFailStreak"":0,""lastReason"":""none"",""lastRecoveryMs"":0,""bootRecoveryArmed"":false,""bootRecoveryDueMs"":0,""bootRecoveryReason"":""none"",""bootRecoveryNonAdsFailure"":false,""bootRecoveryRestartCount"":0},""nulling"":{""done"":false,""retryArmed"":false,""attemptCount"":0,""nextRetryMs"":0,""thresholdV"":9.999999747E-06,""minFinalV"":0},""telemetry"":{""valid"":true,""sampleMs"":6998438,""gasClass"":6,""gasName"":""CO2"",""confidence"":0,""alarm"":false,""sensorVoltage"":[0.12714301,0.004129731,0.004834059,-0.002537811,-0.008800797,-0.011440439,-0.019810831,-0.025523445],""sensorGain"":[16,64,64,64,64,64,64,64],""sensorStatus"":[0,0,0,0,0,0,0,0],""featureOrder"":[""MQ8"",""MQ135"",""MQ3"",""MQ5"",""MQ4"",""MQ7"",""MQ6"",""MQ2""]},""alarmLatched"":false}"
2026-08-04 11:17:43.228 +07:00,622.092,HOT_SWEEP_70,70,700,300,1,0,0.127116442,0.004088725,0.004843121,-0.002539665,-0.00879059,-0.011446539,-0.019862559,-0.025534386,"{""deviceId"":""1001"",""nodeId"":4097,""targetChId"":""0010"",""mode"":""inference"",""uptimeMs"":6999533,""debugEnabled"":true,""power"":{""mode"":""24v"",""externalPower"":true,""batteryMv"":65535,""batteryValid"":false,""batteryDetected"":false,""batterySenseStatus"":""not_detected"",""batteryLow"":false,""batteryCritical"":false,""sourceAmbiguous"":false,""serviceHoldActive"":false,""serviceHoldEffective"":false},""batterySession"":{""state"":""inactive"",""startedMs"":0,""stateStartedMs"":0,""validSampleBatches"":0,""requiredSampleBatches"":10,""alarmTxAttempts"":0,""alarmTxAttemptLimit"":3,""alarmAckReceived"":false,""pendingAlarm"":false,""pendingSaveRequired"":false,""persistenceFaultHold"":false,""completionReason"":""session_done""},""bootHealth"":{""adsReady"":true,""adsDrdyLevel"":0,""adsDrdyPulldownLevel"":0,""adsDrdyPullupLevel"":0,""adsMisoPulldownLevel"":0,""adsMisoPullupLevel"":1,""adsCsLevel"":1,""adsSyncLevel"":1,""adsStatus"":54,""adsMux"":15,""adsAdcon"":6,""adsDrate"":240,""adsReason"":""ok"",""tcaOk"":true,""mcpOkCount"":8,""mcpOk"":[true,true,true,true,true,true,true,true],""mcpAddrMask"":[1,1,1,1,1,1,1,1],""mcpControlTested"":true,""mcpControlOkCount"":8,""mcpControlOk"":[true,true,true,true,true,true,true,true],""dacReady"":true,""radioReady"":true,""mlReady"":true,""nullingProfileApplied"":true,""modelProfileReady"":false},""runtimeMcpCode"":[255,519,795,706,799,865,665,139],""model"":{""profileId"":""cnn-dualbranch-datasheet-v1-unbound"",""scalerProfileId"":""cnn-dualbranch-datasheet-v1-unbound"",""productionApproved"":true,""boundNullingProfileId"":8,""activeNullingProfileId"":9,""bindingValid"":true,""bindingModelMatches"":true,""profileReady"":false,""inferenceValid"":false,""sensorFault"":true},""lora"":{""beginState"":0,""lastTxState"":0,""lastTxOk"":false,""txSeq"":0,""txCounter"":0,""aesKeyProvisioned"":true,""aesKeyPresent"":true,""aesKeySource"":""nvs"",""keyId"":1,""lastDownlinkCommandId"":0,""freqMHz"":920,""bwKHz"":125,""sf"":7,""cr"":5,""syncWord"":18,""txPowerDbm"":17,""preamble"":8,""tcxoVoltage"":1.600000024,""xtalVoltage"":0},""dataset"":{""state"":""idle"",""step"":""idle"",""label"":"""",""seq"":0,""targetSamples"":0,""sampleIntervalMs"":500,""maxDurationMs"":0,""useFanIntake"":true,""fanOnMs"":1000,""postFanSettleMs"":0,""nullingProfileId"":9,""queuePending"":0,""queueCapacity"":16,""queueEnqueued"":0,""queueDropped"":0,""publishFailCount"":0,""retryCount"":0,""retryFailCount"":0,""rejectedSamples"":0,""lastRejectReason"":""none"",""lastRejectChannel"":-1,""lastRejectOkFiniteCount"":0,""lastRejectStatus"":255,""lastRejectGain"":0,""lastRejectSaturated"":false},""recovery"":{""wifiReconnectCount"":0,""wifiReconnectFailCount"":0,""mqttReconnectCount"":0,""mqttConnectFailCount"":0,""lastMqttState"":0,""adsRecoveryCount"":0,""adsRecoveryFailCount"":0,""adsReadFailStreak"":0,""lastReason"":""none"",""lastRecoveryMs"":0,""bootRecoveryArmed"":false,""bootRecoveryDueMs"":0,""bootRecoveryReason"":""none"",""bootRecoveryNonAdsFailure"":false,""bootRecoveryRestartCount"":0},""nulling"":{""done"":false,""retryArmed"":false,""attemptCount"":0,""nextRetryMs"":0,""thresholdV"":9.999999747E-06,""minFinalV"":0},""telemetry"":{""valid"":true,""sampleMs"":6999109,""gasClass"":6,""gasName"":""CO2"",""confidence"":0,""alarm"":false,""sensorVoltage"":[0.127116442,0.004088725,0.004843121,-0.002539665,-0.00879059,-0.011446539,-0.019862559,-0.025534386],""sensorGain"":[16,64,64,64,64,64,64,64],""sensorStatus"":[0,0,0,0,0,0,0,0],""featureOrder"":[""MQ8"",""MQ135"",""MQ3"",""MQ5"",""MQ4"",""MQ7"",""MQ6"",""MQ2""]},""alarmLatched"":false}"
2026-08-04 11:17:43.925 +07:00,622.796,HOT_SWEEP_70,70,700,300,1,0,0.127221808,0.004083523,0.004759419,-0.002533654,-0.008799429,-0.011419627,-0.019813944,-0.0255036,"{""deviceId"":""1001"",""nodeId"":4097,""targetChId"":""0010"",""mode"":""inference"",""uptimeMs"":7000238,""debugEnabled"":true,""power"":{""mode"":""24v"",""externalPower"":true,""batteryMv"":65535,""batteryValid"":false,""batteryDetected"":false,""batterySenseStatus"":""not_detected"",""batteryLow"":false,""batteryCritical"":false,""sourceAmbiguous"":false,""serviceHoldActive"":false,""serviceHoldEffective"":false},""batterySession"":{""state"":""inactive"",""startedMs"":0,""stateStartedMs"":0,""validSampleBatches"":0,""requiredSampleBatches"":10,""alarmTxAttempts"":0,""alarmTxAttemptLimit"":3,""alarmAckReceived"":false,""pendingAlarm"":false,""pendingSaveRequired"":false,""persistenceFaultHold"":false,""completionReason"":""session_done""},""bootHealth"":{""adsReady"":true,""adsDrdyLevel"":0,""adsDrdyPulldownLevel"":0,""adsDrdyPullupLevel"":0,""adsMisoPulldownLevel"":0,""adsMisoPullupLevel"":1,""adsCsLevel"":1,""adsSyncLevel"":1,""adsStatus"":54,""adsMux"":15,""adsAdcon"":6,""adsDrate"":240,""adsReason"":""ok"",""tcaOk"":true,""mcpOkCount"":8,""mcpOk"":[true,true,true,true,true,true,true,true],""mcpAddrMask"":[1,1,1,1,1,1,1,1],""mcpControlTested"":true,""mcpControlOkCount"":8,""mcpControlOk"":[true,true,true,true,true,true,true,true],""dacReady"":true,""radioReady"":true,""mlReady"":true,""nullingProfileApplied"":true,""modelProfileReady"":false},""runtimeMcpCode"":[255,519,795,706,799,865,665,139],""model"":{""profileId"":""cnn-dualbranch-datasheet-v1-unbound"",""scalerProfileId"":""cnn-dualbranch-datasheet-v1-unbound"",""productionApproved"":true,""boundNullingProfileId"":8,""activeNullingProfileId"":9,""bindingValid"":true,""bindingModelMatches"":true,""profileReady"":false,""inferenceValid"":false,""sensorFault"":true},""lora"":{""beginState"":0,""lastTxState"":0,""lastTxOk"":false,""txSeq"":0,""txCounter"":0,""aesKeyProvisioned"":true,""aesKeyPresent"":true,""aesKeySource"":""nvs"",""keyId"":1,""lastDownlinkCommandId"":0,""freqMHz"":920,""bwKHz"":125,""sf"":7,""cr"":5,""syncWord"":18,""txPowerDbm"":17,""preamble"":8,""tcxoVoltage"":1.600000024,""xtalVoltage"":0},""dataset"":{""state"":""idle"",""step"":""idle"",""label"":"""",""seq"":0,""targetSamples"":0,""sampleIntervalMs"":500,""maxDurationMs"":0,""useFanIntake"":true,""fanOnMs"":1000,""postFanSettleMs"":0,""nullingProfileId"":9,""queuePending"":0,""queueCapacity"":16,""queueEnqueued"":0,""queueDropped"":0,""publishFailCount"":0,""retryCount"":0,""retryFailCount"":0,""rejectedSamples"":0,""lastRejectReason"":""none"",""lastRejectChannel"":-1,""lastRejectOkFiniteCount"":0,""lastRejectStatus"":255,""lastRejectGain"":0,""lastRejectSaturated"":false},""recovery"":{""wifiReconnectCount"":0,""wifiReconnectFailCount"":0,""mqttReconnectCount"":0,""mqttConnectFailCount"":0,""lastMqttState"":0,""adsRecoveryCount"":0,""adsRecoveryFailCount"":0,""adsReadFailStreak"":0,""lastReason"":""none"",""lastRecoveryMs"":0,""bootRecoveryArmed"":false,""bootRecoveryDueMs"":0,""bootRecoveryReason"":""none"",""bootRecoveryNonAdsFailure"":false,""bootRecoveryRestartCount"":0},""nulling"":{""done"":false,""retryArmed"":false,""attemptCount"":0,""nextRetryMs"":0,""thresholdV"":9.999999747E-06,""minFinalV"":0},""telemetry"":{""valid"":true,""sampleMs"":6999811,""gasClass"":6,""gasName"":""CO2"",""confidence"":0,""alarm"":false,""sensorVoltage"":[0.127221808,0.004083523,0.004759419,-0.002533654,-0.008799429,-0.011419627,-0.019813944,-0.0255036],""sensorGain"":[16,64,64,64,64,64,64,64],""sensorStatus"":[0,0,0,0,0,0,0,0],""featureOrder"":[""MQ8"",""MQ135"",""MQ3"",""MQ5"",""MQ4"",""MQ7"",""MQ6"",""MQ2""]},""alarmLatched"":false}"
2026-08-04 11:17:44.628 +07:00,623.496,HOT_SWEEP_70,70,700,300,1,0,0.126894295,0.004085775,0.004760188,-0.002521092,-0.008173233,-0.011459041,-0.019855298,-0.025561765,"{""deviceId"":""1001"",""nodeId"":4097,""targetChId"":""0010"",""mode"":""inference"",""uptimeMs"":7000940,""debugEnabled"":true,""power"":{""mode"":""24v"",""externalPower"":true,""batteryMv"":65535,""batteryValid"":false,""batteryDetected"":false,""batterySenseStatus"":""not_detected"",""batteryLow"":false,""batteryCritical"":false,""sourceAmbiguous"":false,""serviceHoldActive"":false,""serviceHoldEffective"":false},""batterySession"":{""state"":""inactive"",""startedMs"":0,""stateStartedMs"":0,""validSampleBatches"":0,""requiredSampleBatches"":10,""alarmTxAttempts"":0,""alarmTxAttemptLimit"":3,""alarmAckReceived"":false,""pendingAlarm"":false,""pendingSaveRequired"":false,""persistenceFaultHold"":false,""completionReason"":""session_done""},""bootHealth"":{""adsReady"":true,""adsDrdyLevel"":0,""adsDrdyPulldownLevel"":0,""adsDrdyPullupLevel"":0,""adsMisoPulldownLevel"":0,""adsMisoPullupLevel"":1,""adsCsLevel"":1,""adsSyncLevel"":1,""adsStatus"":54,""adsMux"":15,""adsAdcon"":6,""adsDrate"":240,""adsReason"":""ok"",""tcaOk"":true,""mcpOkCount"":8,""mcpOk"":[true,true,true,true,true,true,true,true],""mcpAddrMask"":[1,1,1,1,1,1,1,1],""mcpControlTested"":true,""mcpControlOkCount"":8,""mcpControlOk"":[true,true,true,true,true,true,true,true],""dacReady"":true,""radioReady"":true,""mlReady"":true,""nullingProfileApplied"":true,""modelProfileReady"":false},""runtimeMcpCode"":[255,519,795,706,799,865,665,139],""model"":{""profileId"":""cnn-dualbranch-datasheet-v1-unbound"",""scalerProfileId"":""cnn-dualbranch-datasheet-v1-unbound"",""productionApproved"":true,""boundNullingProfileId"":8,""activeNullingProfileId"":9,""bindingValid"":true,""bindingModelMatches"":true,""profileReady"":false,""inferenceValid"":false,""sensorFault"":true},""lora"":{""beginState"":0,""lastTxState"":0,""lastTxOk"":false,""txSeq"":0,""txCounter"":0,""aesKeyProvisioned"":true,""aesKeyPresent"":true,""aesKeySource"":""nvs"",""keyId"":1,""lastDownlinkCommandId"":0,""freqMHz"":920,""bwKHz"":125,""sf"":7,""cr"":5,""syncWord"":18,""txPowerDbm"":17,""preamble"":8,""tcxoVoltage"":1.600000024,""xtalVoltage"":0},""dataset"":{""state"":""idle"",""step"":""idle"",""label"":"""",""seq"":0,""targetSamples"":0,""sampleIntervalMs"":500,""maxDurationMs"":0,""useFanIntake"":true,""fanOnMs"":1000,""postFanSettleMs"":0,""nullingProfileId"":9,""queuePending"":0,""queueCapacity"":16,""queueEnqueued"":0,""queueDropped"":0,""publishFailCount"":0,""retryCount"":0,""retryFailCount"":0,""rejectedSamples"":0,""lastRejectReason"":""none"",""lastRejectChannel"":-1,""lastRejectOkFiniteCount"":0,""lastRejectStatus"":255,""lastRejectGain"":0,""lastRejectSaturated"":false},""recovery"":{""wifiReconnectCount"":0,""wifiReconnectFailCount"":0,""mqttReconnectCount"":0,""mqttConnectFailCount"":0,""lastMqttState"":0,""adsRecoveryCount"":0,""adsRecoveryFailCount"":0,""adsReadFailStreak"":0,""lastReason"":""none"",""lastRecoveryMs"":0,""bootRecoveryArmed"":false,""bootRecoveryDueMs"":0,""bootRecoveryReason"":""none"",""bootRecoveryNonAdsFailure"":false,""bootRecoveryRestartCount"":0},""nulling"":{""done"":false,""retryArmed"":false,""attemptCount"":0,""nextRetryMs"":0,""thresholdV"":9.999999747E-06,""minFinalV"":0},""telemetry"":{""valid"":true,""sampleMs"":7000548,""gasClass"":6,""gasName"":""CO2"",""confidence"":0,""alarm"":false,""sensorVoltage"":[0.126894295,0.004085775,0.004760188,-0.002521092,-0.008173233,-0.011459041,-0.019855298,-0.025561765],""sensorGain"":[16,64,64,64,64,64,64,64],""sensorStatus"":[0,0,0,0,0,0,0,0],""featureOrder"":[""MQ8"",""MQ135"",""MQ3"",""MQ5"",""MQ4"",""MQ7"",""MQ6"",""MQ2""]},""alarmLatched"":false}"
2026-08-04 11:17:45.330 +07:00,624.201,HOT_SWEEP_70,70,700,300,1,0,0.126910105,0.004029095,0.004751861,-0.002525026,-0.008167756,-0.011452871,-0.019815233,-0.0255902,"{""deviceId"":""1001"",""nodeId"":4097,""targetChId"":""0010"",""mode"":""inference"",""uptimeMs"":7001644,""debugEnabled"":true,""power"":{""mode"":""24v"",""externalPower"":true,""batteryMv"":65535,""batteryValid"":false,""batteryDetected"":false,""batterySenseStatus"":""not_detected"",""batteryLow"":false,""batteryCritical"":false,""sourceAmbiguous"":false,""serviceHoldActive"":false,""serviceHoldEffective"":false},""batterySession"":{""state"":""inactive"",""startedMs"":0,""stateStartedMs"":0,""validSampleBatches"":0,""requiredSampleBatches"":10,""alarmTxAttempts"":0,""alarmTxAttemptLimit"":3,""alarmAckReceived"":false,""pendingAlarm"":false,""pendingSaveRequired"":false,""persistenceFaultHold"":false,""completionReason"":""session_done""},""bootHealth"":{""adsReady"":true,""adsDrdyLevel"":0,""adsDrdyPulldownLevel"":0,""adsDrdyPullupLevel"":0,""adsMisoPulldownLevel"":0,""adsMisoPullupLevel"":1,""adsCsLevel"":1,""adsSyncLevel"":1,""adsStatus"":54,""adsMux"":15,""adsAdcon"":6,""adsDrate"":240,""adsReason"":""ok"",""tcaOk"":true,""mcpOkCount"":8,""mcpOk"":[true,true,true,true,true,true,true,true],""mcpAddrMask"":[1,1,1,1,1,1,1,1],""mcpControlTested"":true,""mcpControlOkCount"":8,""mcpControlOk"":[true,true,true,true,true,true,true,true],""dacReady"":true,""radioReady"":true,""mlReady"":true,""nullingProfileApplied"":true,""modelProfileReady"":false},""runtimeMcpCode"":[255,519,795,706,799,865,665,139],""model"":{""profileId"":""cnn-dualbranch-datasheet-v1-unbound"",""scalerProfileId"":""cnn-dualbranch-datasheet-v1-unbound"",""productionApproved"":true,""boundNullingProfileId"":8,""activeNullingProfileId"":9,""bindingValid"":true,""bindingModelMatches"":true,""profileReady"":false,""inferenceValid"":false,""sensorFault"":true},""lora"":{""beginState"":0,""lastTxState"":0,""lastTxOk"":false,""txSeq"":0,""txCounter"":0,""aesKeyProvisioned"":true,""aesKeyPresent"":true,""aesKeySource"":""nvs"",""keyId"":1,""lastDownlinkCommandId"":0,""freqMHz"":920,""bwKHz"":125,""sf"":7,""cr"":5,""syncWord"":18,""txPowerDbm"":17,""preamble"":8,""tcxoVoltage"":1.600000024,""xtalVoltage"":0},""dataset"":{""state"":""idle"",""step"":""idle"",""label"":"""",""seq"":0,""targetSamples"":0,""sampleIntervalMs"":500,""maxDurationMs"":0,""useFanIntake"":true,""fanOnMs"":1000,""postFanSettleMs"":0,""nullingProfileId"":9,""queuePending"":0,""queueCapacity"":16,""queueEnqueued"":0,""queueDropped"":0,""publishFailCount"":0,""retryCount"":0,""retryFailCount"":0,""rejectedSamples"":0,""lastRejectReason"":""none"",""lastRejectChannel"":-1,""lastRejectOkFiniteCount"":0,""lastRejectStatus"":255,""lastRejectGain"":0,""lastRejectSaturated"":false},""recovery"":{""wifiReconnectCount"":0,""wifiReconnectFailCount"":0,""mqttReconnectCount"":0,""mqttConnectFailCount"":0,""lastMqttState"":0,""adsRecoveryCount"":0,""adsRecoveryFailCount"":0,""adsReadFailStreak"":0,""lastReason"":""none"",""lastRecoveryMs"":0,""bootRecoveryArmed"":false,""bootRecoveryDueMs"":0,""bootRecoveryReason"":""none"",""bootRecoveryNonAdsFailure"":false,""bootRecoveryRestartCount"":0},""nulling"":{""done"":false,""retryArmed"":false,""attemptCount"":0,""nextRetryMs"":0,""thresholdV"":9.999999747E-06,""minFinalV"":0},""telemetry"":{""valid"":true,""sampleMs"":7001218,""gasClass"":6,""gasName"":""CO2"",""confidence"":0,""alarm"":false,""sensorVoltage"":[0.126910105,0.004029095,0.004751861,-0.002525026,-0.008167756,-0.011452871,-0.019815233,-0.0255902],""sensorGain"":[16,64,64,64,64,64,64,64],""sensorStatus"":[0,0,0,0,0,0,0,0],""featureOrder"":[""MQ8"",""MQ135"",""MQ3"",""MQ5"",""MQ4"",""MQ7"",""MQ6"",""MQ2""]},""alarmLatched"":false}"
2026-08-04 11:17:46.033 +07:00,624.900,HOT_SWEEP_70,70,700,300,1,0,0.127154469,0.004002164,0.004654352,-0.002564623,-0.008438067,-0.011460496,-0.019869329,-0.025559101,"{""deviceId"":""1001"",""nodeId"":4097,""targetChId"":""0010"",""mode"":""inference"",""uptimeMs"":7002343,""debugEnabled"":true,""power"":{""mode"":""24v"",""externalPower"":true,""batteryMv"":65535,""batteryValid"":false,""batteryDetected"":false,""batterySenseStatus"":""not_detected"",""batteryLow"":false,""batteryCritical"":false,""sourceAmbiguous"":false,""serviceHoldActive"":false,""serviceHoldEffective"":false},""batterySession"":{""state"":""inactive"",""startedMs"":0,""stateStartedMs"":0,""validSampleBatches"":0,""requiredSampleBatches"":10,""alarmTxAttempts"":0,""alarmTxAttemptLimit"":3,""alarmAckReceived"":false,""pendingAlarm"":false,""pendingSaveRequired"":false,""persistenceFaultHold"":false,""completionReason"":""session_done""},""bootHealth"":{""adsReady"":true,""adsDrdyLevel"":0,""adsDrdyPulldownLevel"":0,""adsDrdyPullupLevel"":0,""adsMisoPulldownLevel"":0,""adsMisoPullupLevel"":1,""adsCsLevel"":1,""adsSyncLevel"":1,""adsStatus"":54,""adsMux"":15,""adsAdcon"":6,""adsDrate"":240,""adsReason"":""ok"",""tcaOk"":true,""mcpOkCount"":8,""mcpOk"":[true,true,true,true,true,true,true,true],""mcpAddrMask"":[1,1,1,1,1,1,1,1],""mcpControlTested"":true,""mcpControlOkCount"":8,""mcpControlOk"":[true,true,true,true,true,true,true,true],""dacReady"":true,""radioReady"":true,""mlReady"":true,""nullingProfileApplied"":true,""modelProfileReady"":false},""runtimeMcpCode"":[255,519,795,706,799,865,665,139],""model"":{""profileId"":""cnn-dualbranch-datasheet-v1-unbound"",""scalerProfileId"":""cnn-dualbranch-datasheet-v1-unbound"",""productionApproved"":true,""boundNullingProfileId"":8,""activeNullingProfileId"":9,""bindingValid"":true,""bindingModelMatches"":true,""profileReady"":false,""inferenceValid"":false,""sensorFault"":true},""lora"":{""beginState"":0,""lastTxState"":0,""lastTxOk"":false,""txSeq"":0,""txCounter"":0,""aesKeyProvisioned"":true,""aesKeyPresent"":true,""aesKeySource"":""nvs"",""keyId"":1,""lastDownlinkCommandId"":0,""freqMHz"":920,""bwKHz"":125,""sf"":7,""cr"":5,""syncWord"":18,""txPowerDbm"":17,""preamble"":8,""tcxoVoltage"":1.600000024,""xtalVoltage"":0},""dataset"":{""state"":""idle"",""step"":""idle"",""label"":"""",""seq"":0,""targetSamples"":0,""sampleIntervalMs"":500,""maxDurationMs"":0,""useFanIntake"":true,""fanOnMs"":1000,""postFanSettleMs"":0,""nullingProfileId"":9,""queuePending"":0,""queueCapacity"":16,""queueEnqueued"":0,""queueDropped"":0,""publishFailCount"":0,""retryCount"":0,""retryFailCount"":0,""rejectedSamples"":0,""lastRejectReason"":""none"",""lastRejectChannel"":-1,""lastRejectOkFiniteCount"":0,""lastRejectStatus"":255,""lastRejectGain"":0,""lastRejectSaturated"":false},""recovery"":{""wifiReconnectCount"":0,""wifiReconnectFailCount"":0,""mqttReconnectCount"":0,""mqttConnectFailCount"":0,""lastMqttState"":0,""adsRecoveryCount"":0,""adsRecoveryFailCount"":0,""adsReadFailStreak"":0,""lastReason"":""none"",""lastRecoveryMs"":0,""bootRecoveryArmed"":false,""bootRecoveryDueMs"":0,""bootRecoveryReason"":""none"",""bootRecoveryNonAdsFailure"":false,""bootRecoveryRestartCount"":0},""nulling"":{""done"":false,""retryArmed"":false,""attemptCount"":0,""nextRetryMs"":0,""thresholdV"":9.999999747E-06,""minFinalV"":0},""telemetry"":{""valid"":true,""sampleMs"":7001922,""gasClass"":6,""gasName"":""CO2"",""confidence"":0,""alarm"":false,""sensorVoltage"":[0.127154469,0.004002164,0.004654352,-0.002564623,-0.008438067,-0.011460496,-0.019869329,-0.025559101],""sensorGain"":[16,64,64,64,64,64,64,64],""sensorStatus"":[0,0,0,0,0,0,0,0],""featureOrder"":[""MQ8"",""MQ135"",""MQ3"",""MQ5"",""MQ4"",""MQ7"",""MQ6"",""MQ2""]},""alarmLatched"":false}"
2026-08-04 11:17:46.730 +07:00,625.601,HOT_SWEEP_70,70,700,300,1,0,0.127284795,0.00400565,0.004676236,-0.002575523,-0.008462248,-0.011472637,-0.019868273,-0.025566658,"{""deviceId"":""1001"",""nodeId"":4097,""targetChId"":""0010"",""mode"":""inference"",""uptimeMs"":7003045,""debugEnabled"":true,""power"":{""mode"":""24v"",""externalPower"":true,""batteryMv"":65535,""batteryValid"":false,""batteryDetected"":false,""batterySenseStatus"":""not_detected"",""batteryLow"":false,""batteryCritical"":false,""sourceAmbiguous"":false,""serviceHoldActive"":false,""serviceHoldEffective"":false},""batterySession"":{""state"":""inactive"",""startedMs"":0,""stateStartedMs"":0,""validSampleBatches"":0,""requiredSampleBatches"":10,""alarmTxAttempts"":0,""alarmTxAttemptLimit"":3,""alarmAckReceived"":false,""pendingAlarm"":false,""pendingSaveRequired"":false,""persistenceFaultHold"":false,""completionReason"":""session_done""},""bootHealth"":{""adsReady"":true,""adsDrdyLevel"":0,""adsDrdyPulldownLevel"":0,""adsDrdyPullupLevel"":0,""adsMisoPulldownLevel"":0,""adsMisoPullupLevel"":1,""adsCsLevel"":1,""adsSyncLevel"":1,""adsStatus"":54,""adsMux"":15,""adsAdcon"":6,""adsDrate"":240,""adsReason"":""ok"",""tcaOk"":true,""mcpOkCount"":8,""mcpOk"":[true,true,true,true,true,true,true,true],""mcpAddrMask"":[1,1,1,1,1,1,1,1],""mcpControlTested"":true,""mcpControlOkCount"":8,""mcpControlOk"":[true,true,true,true,true,true,true,true],""dacReady"":true,""radioReady"":true,""mlReady"":true,""nullingProfileApplied"":true,""modelProfileReady"":false},""runtimeMcpCode"":[255,519,795,706,799,865,665,139],""model"":{""profileId"":""cnn-dualbranch-datasheet-v1-unbound"",""scalerProfileId"":""cnn-dualbranch-datasheet-v1-unbound"",""productionApproved"":true,""boundNullingProfileId"":8,""activeNullingProfileId"":9,""bindingValid"":true,""bindingModelMatches"":true,""profileReady"":false,""inferenceValid"":false,""sensorFault"":true},""lora"":{""beginState"":0,""lastTxState"":0,""lastTxOk"":false,""txSeq"":0,""txCounter"":0,""aesKeyProvisioned"":true,""aesKeyPresent"":true,""aesKeySource"":""nvs"",""keyId"":1,""lastDownlinkCommandId"":0,""freqMHz"":920,""bwKHz"":125,""sf"":7,""cr"":5,""syncWord"":18,""txPowerDbm"":17,""preamble"":8,""tcxoVoltage"":1.600000024,""xtalVoltage"":0},""dataset"":{""state"":""idle"",""step"":""idle"",""label"":"""",""seq"":0,""targetSamples"":0,""sampleIntervalMs"":500,""maxDurationMs"":0,""useFanIntake"":true,""fanOnMs"":1000,""postFanSettleMs"":0,""nullingProfileId"":9,""queuePending"":0,""queueCapacity"":16,""queueEnqueued"":0,""queueDropped"":0,""publishFailCount"":0,""retryCount"":0,""retryFailCount"":0,""rejectedSamples"":0,""lastRejectReason"":""none"",""lastRejectChannel"":-1,""lastRejectOkFiniteCount"":0,""lastRejectStatus"":255,""lastRejectGain"":0,""lastRejectSaturated"":false},""recovery"":{""wifiReconnectCount"":0,""wifiReconnectFailCount"":0,""mqttReconnectCount"":0,""mqttConnectFailCount"":0,""lastMqttState"":0,""adsRecoveryCount"":0,""adsRecoveryFailCount"":0,""adsReadFailStreak"":0,""lastReason"":""none"",""lastRecoveryMs"":0,""bootRecoveryArmed"":false,""bootRecoveryDueMs"":0,""bootRecoveryReason"":""none"",""bootRecoveryNonAdsFailure"":false,""bootRecoveryRestartCount"":0},""nulling"":{""done"":false,""retryArmed"":false,""attemptCount"":0,""nextRetryMs"":0,""thresholdV"":9.999999747E-06,""minFinalV"":0},""telemetry"":{""valid"":true,""sampleMs"":7002658,""gasClass"":6,""gasName"":""CO2"",""confidence"":0,""alarm"":false,""sensorVoltage"":[0.127284795,0.00400565,0.004676236,-0.002575523,-0.008462248,-0.011472637,-0.019868273,-0.025566658],""sensorGain"":[16,64,64,64,64,64,64,64],""sensorStatus"":[0,0,0,0,0,0,0,0],""featureOrder"":[""MQ8"",""MQ135"",""MQ3"",""MQ5"",""MQ4"",""MQ7"",""MQ6"",""MQ2""]},""alarmLatched"":false}"
2026-08-04 11:17:47.437 +07:00,626.300,HOT_SWEEP_70,70,700,300,1,0,0.127539441,0.003975268,0.004677444,-0.002576942,-0.008514941,-0.011401834,-0.01976629,-0.025626436,"{""deviceId"":""1001"",""nodeId"":4097,""targetChId"":""0010"",""mode"":""inference"",""uptimeMs"":7003748,""debugEnabled"":true,""power"":{""mode"":""24v"",""externalPower"":true,""batteryMv"":65535,""batteryValid"":false,""batteryDetected"":false,""batterySenseStatus"":""not_detected"",""batteryLow"":false,""batteryCritical"":false,""sourceAmbiguous"":false,""serviceHoldActive"":false,""serviceHoldEffective"":false},""batterySession"":{""state"":""inactive"",""startedMs"":0,""stateStartedMs"":0,""validSampleBatches"":0,""requiredSampleBatches"":10,""alarmTxAttempts"":0,""alarmTxAttemptLimit"":3,""alarmAckReceived"":false,""pendingAlarm"":false,""pendingSaveRequired"":false,""persistenceFaultHold"":false,""completionReason"":""session_done""},""bootHealth"":{""adsReady"":true,""adsDrdyLevel"":0,""adsDrdyPulldownLevel"":0,""adsDrdyPullupLevel"":0,""adsMisoPulldownLevel"":0,""adsMisoPullupLevel"":1,""adsCsLevel"":1,""adsSyncLevel"":1,""adsStatus"":54,""adsMux"":15,""adsAdcon"":6,""adsDrate"":240,""adsReason"":""ok"",""tcaOk"":true,""mcpOkCount"":8,""mcpOk"":[true,true,true,true,true,true,true,true],""mcpAddrMask"":[1,1,1,1,1,1,1,1],""mcpControlTested"":true,""mcpControlOkCount"":8,""mcpControlOk"":[true,true,true,true,true,true,true,true],""dacReady"":true,""radioReady"":true,""mlReady"":true,""nullingProfileApplied"":true,""modelProfileReady"":false},""runtimeMcpCode"":[255,519,795,706,799,865,665,139],""model"":{""profileId"":""cnn-dualbranch-datasheet-v1-unbound"",""scalerProfileId"":""cnn-dualbranch-datasheet-v1-unbound"",""productionApproved"":true,""boundNullingProfileId"":8,""activeNullingProfileId"":9,""bindingValid"":true,""bindingModelMatches"":true,""profileReady"":false,""inferenceValid"":false,""sensorFault"":true},""lora"":{""beginState"":0,""lastTxState"":0,""lastTxOk"":false,""txSeq"":0,""txCounter"":0,""aesKeyProvisioned"":true,""aesKeyPresent"":true,""aesKeySource"":""nvs"",""keyId"":1,""lastDownlinkCommandId"":0,""freqMHz"":920,""bwKHz"":125,""sf"":7,""cr"":5,""syncWord"":18,""txPowerDbm"":17,""preamble"":8,""tcxoVoltage"":1.600000024,""xtalVoltage"":0},""dataset"":{""state"":""idle"",""step"":""idle"",""label"":"""",""seq"":0,""targetSamples"":0,""sampleIntervalMs"":500,""maxDurationMs"":0,""useFanIntake"":true,""fanOnMs"":1000,""postFanSettleMs"":0,""nullingProfileId"":9,""queuePending"":0,""queueCapacity"":16,""queueEnqueued"":0,""queueDropped"":0,""publishFailCount"":0,""retryCount"":0,""retryFailCount"":0,""rejectedSamples"":0,""lastRejectReason"":""none"",""lastRejectChannel"":-1,""lastRejectOkFiniteCount"":0,""lastRejectStatus"":255,""lastRejectGain"":0,""lastRejectSaturated"":false},""recovery"":{""wifiReconnectCount"":0,""wifiReconnectFailCount"":0,""mqttReconnectCount"":0,""mqttConnectFailCount"":0,""lastMqttState"":0,""adsRecoveryCount"":0,""adsRecoveryFailCount"":0,""adsReadFailStreak"":0,""lastReason"":""none"",""lastRecoveryMs"":0,""bootRecoveryArmed"":false,""bootRecoveryDueMs"":0,""bootRecoveryReason"":""none"",""bootRecoveryNonAdsFailure"":false,""bootRecoveryRestartCount"":0},""nulling"":{""done"":false,""retryArmed"":false,""attemptCount"":0,""nextRetryMs"":0,""thresholdV"":9.999999747E-06,""minFinalV"":0},""telemetry"":{""valid"":true,""sampleMs"":7003323,""gasClass"":6,""gasName"":""CO2"",""confidence"":0,""alarm"":false,""sensorVoltage"":[0.127539441,0.003975268,0.004677444,-0.002576942,-0.008514941,-0.011401834,-0.01976629,-0.025626436],""sensorGain"":[16,64,64,64,64,64,64,64],""sensorStatus"":[0,0,0,0,0,0,0,0],""featureOrder"":[""MQ8"",""MQ135"",""MQ3"",""MQ5"",""MQ4"",""MQ7"",""MQ6"",""MQ2""]},""alarmLatched"":false}"
2026-08-04 11:17:48.140 +07:00,627.010,HOT_SWEEP_70,70,700,300,1,0,0.127664968,0.003962246,0.004657742,-0.002575662,-0.008525106,-0.011381336,-0.019391935,-0.025589168,"{""deviceId"":""1001"",""nodeId"":4097,""targetChId"":""0010"",""mode"":""inference"",""uptimeMs"":7004456,""debugEnabled"":true,""power"":{""mode"":""24v"",""externalPower"":true,""batteryMv"":65535,""batteryValid"":false,""batteryDetected"":false,""batterySenseStatus"":""not_detected"",""batteryLow"":false,""batteryCritical"":false,""sourceAmbiguous"":false,""serviceHoldActive"":false,""serviceHoldEffective"":false},""batterySession"":{""state"":""inactive"",""startedMs"":0,""stateStartedMs"":0,""validSampleBatches"":0,""requiredSampleBatches"":10,""alarmTxAttempts"":0,""alarmTxAttemptLimit"":3,""alarmAckReceived"":false,""pendingAlarm"":false,""pendingSaveRequired"":false,""persistenceFaultHold"":false,""completionReason"":""session_done""},""bootHealth"":{""adsReady"":true,""adsDrdyLevel"":0,""adsDrdyPulldownLevel"":0,""adsDrdyPullupLevel"":0,""adsMisoPulldownLevel"":0,""adsMisoPullupLevel"":1,""adsCsLevel"":1,""adsSyncLevel"":1,""adsStatus"":54,""adsMux"":15,""adsAdcon"":6,""adsDrate"":240,""adsReason"":""ok"",""tcaOk"":true,""mcpOkCount"":8,""mcpOk"":[true,true,true,true,true,true,true,true],""mcpAddrMask"":[1,1,1,1,1,1,1,1],""mcpControlTested"":true,""mcpControlOkCount"":8,""mcpControlOk"":[true,true,true,true,true,true,true,true],""dacReady"":true,""radioReady"":true,""mlReady"":true,""nullingProfileApplied"":true,""modelProfileReady"":false},""runtimeMcpCode"":[255,519,795,706,799,865,665,139],""model"":{""profileId"":""cnn-dualbranch-datasheet-v1-unbound"",""scalerProfileId"":""cnn-dualbranch-datasheet-v1-unbound"",""productionApproved"":true,""boundNullingProfileId"":8,""activeNullingProfileId"":9,""bindingValid"":true,""bindingModelMatches"":true,""profileReady"":false,""inferenceValid"":false,""sensorFault"":true},""lora"":{""beginState"":0,""lastTxState"":0,""lastTxOk"":false,""txSeq"":0,""txCounter"":0,""aesKeyProvisioned"":true,""aesKeyPresent"":true,""aesKeySource"":""nvs"",""keyId"":1,""lastDownlinkCommandId"":0,""freqMHz"":920,""bwKHz"":125,""sf"":7,""cr"":5,""syncWord"":18,""txPowerDbm"":17,""preamble"":8,""tcxoVoltage"":1.600000024,""xtalVoltage"":0},""dataset"":{""state"":""idle"",""step"":""idle"",""label"":"""",""seq"":0,""targetSamples"":0,""sampleIntervalMs"":500,""maxDurationMs"":0,""useFanIntake"":true,""fanOnMs"":1000,""postFanSettleMs"":0,""nullingProfileId"":9,""queuePending"":0,""queueCapacity"":16,""queueEnqueued"":0,""queueDropped"":0,""publishFailCount"":0,""retryCount"":0,""retryFailCount"":0,""rejectedSamples"":0,""lastRejectReason"":""none"",""lastRejectChannel"":-1,""lastRejectOkFiniteCount"":0,""lastRejectStatus"":255,""lastRejectGain"":0,""lastRejectSaturated"":false},""recovery"":{""wifiReconnectCount"":0,""wifiReconnectFailCount"":0,""mqttReconnectCount"":0,""mqttConnectFailCount"":0,""lastMqttState"":0,""adsRecoveryCount"":0,""adsRecoveryFailCount"":0,""adsReadFailStreak"":0,""lastReason"":""none"",""lastRecoveryMs"":0,""bootRecoveryArmed"":false,""bootRecoveryDueMs"":0,""bootRecoveryReason"":""none"",""bootRecoveryNonAdsFailure"":false,""bootRecoveryRestartCount"":0},""nulling"":{""done"":false,""retryArmed"":false,""attemptCount"":0,""nextRetryMs"":0,""thresholdV"":9.999999747E-06,""minFinalV"":0},""telemetry"":{""valid"":true,""sampleMs"":7004026,""gasClass"":6,""gasName"":""CO2"",""confidence"":0,""alarm"":false,""sensorVoltage"":[0.127664968,0.003962246,0.004657742,-0.002575662,-0.008525106,-0.011381336,-0.019391935,-0.025589168],""sensorGain"":[16,64,64,64,64,64,64,64],""sensorStatus"":[0,0,0,0,0,0,0,0],""featureOrder"":[""MQ8"",""MQ135"",""MQ3"",""MQ5"",""MQ4"",""MQ7"",""MQ6"",""MQ2""]},""alarmLatched"":false}"
2026-08-04 11:17:48.840 +07:00,627.710,HOT_SWEEP_70,70,700,300,1,0,0.127850428,0.003956521,0.004641815,-0.002589592,-0.008514228,-0.011374916,-0.019464744,-0.025599077,"{""deviceId"":""1001"",""nodeId"":4097,""targetChId"":""0010"",""mode"":""inference"",""uptimeMs"":7005153,""debugEnabled"":true,""power"":{""mode"":""24v"",""externalPower"":true,""batteryMv"":65535,""batteryValid"":false,""batteryDetected"":false,""batterySenseStatus"":""not_detected"",""batteryLow"":false,""batteryCritical"":false,""sourceAmbiguous"":false,""serviceHoldActive"":false,""serviceHoldEffective"":false},""batterySession"":{""state"":""inactive"",""startedMs"":0,""stateStartedMs"":0,""validSampleBatches"":0,""requiredSampleBatches"":10,""alarmTxAttempts"":0,""alarmTxAttemptLimit"":3,""alarmAckReceived"":false,""pendingAlarm"":false,""pendingSaveRequired"":false,""persistenceFaultHold"":false,""completionReason"":""session_done""},""bootHealth"":{""adsReady"":true,""adsDrdyLevel"":0,""adsDrdyPulldownLevel"":0,""adsDrdyPullupLevel"":0,""adsMisoPulldownLevel"":0,""adsMisoPullupLevel"":1,""adsCsLevel"":1,""adsSyncLevel"":1,""adsStatus"":54,""adsMux"":15,""adsAdcon"":6,""adsDrate"":240,""adsReason"":""ok"",""tcaOk"":true,""mcpOkCount"":8,""mcpOk"":[true,true,true,true,true,true,true,true],""mcpAddrMask"":[1,1,1,1,1,1,1,1],""mcpControlTested"":true,""mcpControlOkCount"":8,""mcpControlOk"":[true,true,true,true,true,true,true,true],""dacReady"":true,""radioReady"":true,""mlReady"":true,""nullingProfileApplied"":true,""modelProfileReady"":false},""runtimeMcpCode"":[255,519,795,706,799,865,665,139],""model"":{""profileId"":""cnn-dualbranch-datasheet-v1-unbound"",""scalerProfileId"":""cnn-dualbranch-datasheet-v1-unbound"",""productionApproved"":true,""boundNullingProfileId"":8,""activeNullingProfileId"":9,""bindingValid"":true,""bindingModelMatches"":true,""profileReady"":false,""inferenceValid"":false,""sensorFault"":true},""lora"":{""beginState"":0,""lastTxState"":0,""lastTxOk"":false,""txSeq"":0,""txCounter"":0,""aesKeyProvisioned"":true,""aesKeyPresent"":true,""aesKeySource"":""nvs"",""keyId"":1,""lastDownlinkCommandId"":0,""freqMHz"":920,""bwKHz"":125,""sf"":7,""cr"":5,""syncWord"":18,""txPowerDbm"":17,""preamble"":8,""tcxoVoltage"":1.600000024,""xtalVoltage"":0},""dataset"":{""state"":""idle"",""step"":""idle"",""label"":"""",""seq"":0,""targetSamples"":0,""sampleIntervalMs"":500,""maxDurationMs"":0,""useFanIntake"":true,""fanOnMs"":1000,""postFanSettleMs"":0,""nullingProfileId"":9,""queuePending"":0,""queueCapacity"":16,""queueEnqueued"":0,""queueDropped"":0,""publishFailCount"":0,""retryCount"":0,""retryFailCount"":0,""rejectedSamples"":0,""lastRejectReason"":""none"",""lastRejectChannel"":-1,""lastRejectOkFiniteCount"":0,""lastRejectStatus"":255,""lastRejectGain"":0,""lastRejectSaturated"":false},""recovery"":{""wifiReconnectCount"":0,""wifiReconnectFailCount"":0,""mqttReconnectCount"":0,""mqttConnectFailCount"":0,""lastMqttState"":0,""adsRecoveryCount"":0,""adsRecoveryFailCount"":0,""adsReadFailStreak"":0,""lastReason"":""none"",""lastRecoveryMs"":0,""bootRecoveryArmed"":false,""bootRecoveryDueMs"":0,""bootRecoveryReason"":""none"",""bootRecoveryNonAdsFailure"":false,""bootRecoveryRestartCount"":0},""nulling"":{""done"":false,""retryArmed"":false,""attemptCount"":0,""nextRetryMs"":0,""thresholdV"":9.999999747E-06,""minFinalV"":0},""telemetry"":{""valid"":true,""sampleMs"":7004766,""gasClass"":6,""gasName"":""CO2"",""confidence"":0,""alarm"":false,""sensorVoltage"":[0.127850428,0.003956521,0.004641815,-0.002589592,-0.008514228,-0.011374916,-0.019464744,-0.025599077],""sensorGain"":[16,64,64,64,64,64,64,64],""sensorStatus"":[0,0,0,0,0,0,0,0],""featureOrder"":[""MQ8"",""MQ135"",""MQ3"",""MQ5"",""MQ4"",""MQ7"",""MQ6"",""MQ2""]},""alarmLatched"":false}"
2026-08-04 11:17:49.539 +07:00,628.411,HOT_SWEEP_70,70,700,300,1,0,0.128100961,0.003899619,0.00475114,-0.002592335,-0.00878319,-0.011459345,-0.019485816,-0.02556074,"{""deviceId"":""1001"",""nodeId"":4097,""targetChId"":""0010"",""mode"":""inference"",""uptimeMs"":7005856,""debugEnabled"":true,""power"":{""mode"":""24v"",""externalPower"":true,""batteryMv"":65535,""batteryValid"":false,""batteryDetected"":false,""batterySenseStatus"":""not_detected"",""batteryLow"":false,""batteryCritical"":false,""sourceAmbiguous"":false,""serviceHoldActive"":false,""serviceHoldEffective"":false},""batterySession"":{""state"":""inactive"",""startedMs"":0,""stateStartedMs"":0,""validSampleBatches"":0,""requiredSampleBatches"":10,""alarmTxAttempts"":0,""alarmTxAttemptLimit"":3,""alarmAckReceived"":false,""pendingAlarm"":false,""pendingSaveRequired"":false,""persistenceFaultHold"":false,""completionReason"":""session_done""},""bootHealth"":{""adsReady"":true,""adsDrdyLevel"":0,""adsDrdyPulldownLevel"":0,""adsDrdyPullupLevel"":0,""adsMisoPulldownLevel"":0,""adsMisoPullupLevel"":1,""adsCsLevel"":1,""adsSyncLevel"":1,""adsStatus"":54,""adsMux"":15,""adsAdcon"":6,""adsDrate"":240,""adsReason"":""ok"",""tcaOk"":true,""mcpOkCount"":8,""mcpOk"":[true,true,true,true,true,true,true,true],""mcpAddrMask"":[1,1,1,1,1,1,1,1],""mcpControlTested"":true,""mcpControlOkCount"":8,""mcpControlOk"":[true,true,true,true,true,true,true,true],""dacReady"":true,""radioReady"":true,""mlReady"":true,""nullingProfileApplied"":true,""modelProfileReady"":false},""runtimeMcpCode"":[255,519,795,706,799,865,665,139],""model"":{""profileId"":""cnn-dualbranch-datasheet-v1-unbound"",""scalerProfileId"":""cnn-dualbranch-datasheet-v1-unbound"",""productionApproved"":true,""boundNullingProfileId"":8,""activeNullingProfileId"":9,""bindingValid"":true,""bindingModelMatches"":true,""profileReady"":false,""inferenceValid"":false,""sensorFault"":true},""lora"":{""beginState"":0,""lastTxState"":0,""lastTxOk"":false,""txSeq"":0,""txCounter"":0,""aesKeyProvisioned"":true,""aesKeyPresent"":true,""aesKeySource"":""nvs"",""keyId"":1,""lastDownlinkCommandId"":0,""freqMHz"":920,""bwKHz"":125,""sf"":7,""cr"":5,""syncWord"":18,""txPowerDbm"":17,""preamble"":8,""tcxoVoltage"":1.600000024,""xtalVoltage"":0},""dataset"":{""state"":""idle"",""step"":""idle"",""label"":"""",""seq"":0,""targetSamples"":0,""sampleIntervalMs"":500,""maxDurationMs"":0,""useFanIntake"":true,""fanOnMs"":1000,""postFanSettleMs"":0,""nullingProfileId"":9,""queuePending"":0,""queueCapacity"":16,""queueEnqueued"":0,""queueDropped"":0,""publishFailCount"":0,""retryCount"":0,""retryFailCount"":0,""rejectedSamples"":0,""lastRejectReason"":""none"",""lastRejectChannel"":-1,""lastRejectOkFiniteCount"":0,""lastRejectStatus"":255,""lastRejectGain"":0,""lastRejectSaturated"":false},""recovery"":{""wifiReconnectCount"":0,""wifiReconnectFailCount"":0,""mqttReconnectCount"":0,""mqttConnectFailCount"":0,""lastMqttState"":0,""adsRecoveryCount"":0,""adsRecoveryFailCount"":0,""adsReadFailStreak"":0,""lastReason"":""none"",""lastRecoveryMs"":0,""bootRecoveryArmed"":false,""bootRecoveryDueMs"":0,""bootRecoveryReason"":""none"",""bootRecoveryNonAdsFailure"":false,""bootRecoveryRestartCount"":0},""nulling"":{""done"":false,""retryArmed"":false,""attemptCount"":0,""nextRetryMs"":0,""thresholdV"":9.999999747E-06,""minFinalV"":0},""telemetry"":{""valid"":true,""sampleMs"":7005431,""gasClass"":6,""gasName"":""CO2"",""confidence"":0,""alarm"":false,""sensorVoltage"":[0.128100961,0.003899619,0.00475114,-0.002592335,-0.00878319,-0.011459345,-0.019485816,-0.02556074],""sensorGain"":[16,64,64,64,64,64,64,64],""sensorStatus"":[0,0,0,0,0,0,0,0],""featureOrder"":[""MQ8"",""MQ135"",""MQ3"",""MQ5"",""MQ4"",""MQ7"",""MQ6"",""MQ2""]},""alarmLatched"":false}"
2026-08-04 11:17:50.230 +07:00,629.101,HOT_SWEEP_70,70,700,300,1,0,0.128149569,0.003889145,0.004763398,-0.002603263,-0.008753306,-0.011479912,-0.019469459,-0.025556654,"{""deviceId"":""1001"",""nodeId"":4097,""targetChId"":""0010"",""mode"":""inference"",""uptimeMs"":7006548,""debugEnabled"":true,""power"":{""mode"":""24v"",""externalPower"":true,""batteryMv"":65535,""batteryValid"":false,""batteryDetected"":false,""batterySenseStatus"":""not_detected"",""batteryLow"":false,""batteryCritical"":false,""sourceAmbiguous"":false,""serviceHoldActive"":false,""serviceHoldEffective"":false},""batterySession"":{""state"":""inactive"",""startedMs"":0,""stateStartedMs"":0,""validSampleBatches"":0,""requiredSampleBatches"":10,""alarmTxAttempts"":0,""alarmTxAttemptLimit"":3,""alarmAckReceived"":false,""pendingAlarm"":false,""pendingSaveRequired"":false,""persistenceFaultHold"":false,""completionReason"":""session_done""},""bootHealth"":{""adsReady"":true,""adsDrdyLevel"":0,""adsDrdyPulldownLevel"":0,""adsDrdyPullupLevel"":0,""adsMisoPulldownLevel"":0,""adsMisoPullupLevel"":1,""adsCsLevel"":1,""adsSyncLevel"":1,""adsStatus"":54,""adsMux"":15,""adsAdcon"":6,""adsDrate"":240,""adsReason"":""ok"",""tcaOk"":true,""mcpOkCount"":8,""mcpOk"":[true,true,true,true,true,true,true,true],""mcpAddrMask"":[1,1,1,1,1,1,1,1],""mcpControlTested"":true,""mcpControlOkCount"":8,""mcpControlOk"":[true,true,true,true,true,true,true,true],""dacReady"":true,""radioReady"":true,""mlReady"":true,""nullingProfileApplied"":true,""modelProfileReady"":false},""runtimeMcpCode"":[255,519,795,706,799,865,665,139],""model"":{""profileId"":""cnn-dualbranch-datasheet-v1-unbound"",""scalerProfileId"":""cnn-dualbranch-datasheet-v1-unbound"",""productionApproved"":true,""boundNullingProfileId"":8,""activeNullingProfileId"":9,""bindingValid"":true,""bindingModelMatches"":true,""profileReady"":false,""inferenceValid"":false,""sensorFault"":true},""lora"":{""beginState"":0,""lastTxState"":0,""lastTxOk"":false,""txSeq"":0,""txCounter"":0,""aesKeyProvisioned"":true,""aesKeyPresent"":true,""aesKeySource"":""nvs"",""keyId"":1,""lastDownlinkCommandId"":0,""freqMHz"":920,""bwKHz"":125,""sf"":7,""cr"":5,""syncWord"":18,""txPowerDbm"":17,""preamble"":8,""tcxoVoltage"":1.600000024,""xtalVoltage"":0},""dataset"":{""state"":""idle"",""step"":""idle"",""label"":"""",""seq"":0,""targetSamples"":0,""sampleIntervalMs"":500,""maxDurationMs"":0,""useFanIntake"":true,""fanOnMs"":1000,""postFanSettleMs"":0,""nullingProfileId"":9,""queuePending"":0,""queueCapacity"":16,""queueEnqueued"":0,""queueDropped"":0,""publishFailCount"":0,""retryCount"":0,""retryFailCount"":0,""rejectedSamples"":0,""lastRejectReason"":""none"",""lastRejectChannel"":-1,""lastRejectOkFiniteCount"":0,""lastRejectStatus"":255,""lastRejectGain"":0,""lastRejectSaturated"":false},""recovery"":{""wifiReconnectCount"":0,""wifiReconnectFailCount"":0,""mqttReconnectCount"":0,""mqttConnectFailCount"":0,""lastMqttState"":0,""adsRecoveryCount"":0,""adsRecoveryFailCount"":0,""adsReadFailStreak"":0,""lastReason"":""none"",""lastRecoveryMs"":0,""bootRecoveryArmed"":false,""bootRecoveryDueMs"":0,""bootRecoveryReason"":""none"",""bootRecoveryNonAdsFailure"":false,""bootRecoveryRestartCount"":0},""nulling"":{""done"":false,""retryArmed"":false,""attemptCount"":0,""nextRetryMs"":0,""thresholdV"":9.999999747E-06,""minFinalV"":0},""telemetry"":{""valid"":true,""sampleMs"":7006134,""gasClass"":6,""gasName"":""CO2"",""confidence"":0,""alarm"":false,""sensorVoltage"":[0.128149569,0.003889145,0.004763398,-0.002603263,-0.008753306,-0.011479912,-0.019469459,-0.025556654],""sensorGain"":[16,64,64,64,64,64,64,64],""sensorStatus"":[0,0,0,0,0,0,0,0],""featureOrder"":[""MQ8"",""MQ135"",""MQ3"",""MQ5"",""MQ4"",""MQ7"",""MQ6"",""MQ2""]},""alarmLatched"":false}"
2026-08-04 11:17:50.930 +07:00,629.801,HOT_SWEEP_70,70,700,300,1,0,0.128455743,0.003876504,0.004835174,-0.002622053,-0.008763894,-0.011514354,-0.019539455,-0.025594618,"{""deviceId"":""1001"",""nodeId"":4097,""targetChId"":""0010"",""mode"":""inference"",""uptimeMs"":7007243,""debugEnabled"":true,""power"":{""mode"":""24v"",""externalPower"":true,""batteryMv"":65535,""batteryValid"":false,""batteryDetected"":false,""batterySenseStatus"":""not_detected"",""batteryLow"":false,""batteryCritical"":false,""sourceAmbiguous"":false,""serviceHoldActive"":false,""serviceHoldEffective"":false},""batterySession"":{""state"":""inactive"",""startedMs"":0,""stateStartedMs"":0,""validSampleBatches"":0,""requiredSampleBatches"":10,""alarmTxAttempts"":0,""alarmTxAttemptLimit"":3,""alarmAckReceived"":false,""pendingAlarm"":false,""pendingSaveRequired"":false,""persistenceFaultHold"":false,""completionReason"":""session_done""},""bootHealth"":{""adsReady"":true,""adsDrdyLevel"":0,""adsDrdyPulldownLevel"":0,""adsDrdyPullupLevel"":0,""adsMisoPulldownLevel"":0,""adsMisoPullupLevel"":1,""adsCsLevel"":1,""adsSyncLevel"":1,""adsStatus"":54,""adsMux"":15,""adsAdcon"":6,""adsDrate"":240,""adsReason"":""ok"",""tcaOk"":true,""mcpOkCount"":8,""mcpOk"":[true,true,true,true,true,true,true,true],""mcpAddrMask"":[1,1,1,1,1,1,1,1],""mcpControlTested"":true,""mcpControlOkCount"":8,""mcpControlOk"":[true,true,true,true,true,true,true,true],""dacReady"":true,""radioReady"":true,""mlReady"":true,""nullingProfileApplied"":true,""modelProfileReady"":false},""runtimeMcpCode"":[255,519,795,706,799,865,665,139],""model"":{""profileId"":""cnn-dualbranch-datasheet-v1-unbound"",""scalerProfileId"":""cnn-dualbranch-datasheet-v1-unbound"",""productionApproved"":true,""boundNullingProfileId"":8,""activeNullingProfileId"":9,""bindingValid"":true,""bindingModelMatches"":true,""profileReady"":false,""inferenceValid"":false,""sensorFault"":true},""lora"":{""beginState"":0,""lastTxState"":0,""lastTxOk"":false,""txSeq"":0,""txCounter"":0,""aesKeyProvisioned"":true,""aesKeyPresent"":true,""aesKeySource"":""nvs"",""keyId"":1,""lastDownlinkCommandId"":0,""freqMHz"":920,""bwKHz"":125,""sf"":7,""cr"":5,""syncWord"":18,""txPowerDbm"":17,""preamble"":8,""tcxoVoltage"":1.600000024,""xtalVoltage"":0},""dataset"":{""state"":""idle"",""step"":""idle"",""label"":"""",""seq"":0,""targetSamples"":0,""sampleIntervalMs"":500,""maxDurationMs"":0,""useFanIntake"":true,""fanOnMs"":1000,""postFanSettleMs"":0,""nullingProfileId"":9,""queuePending"":0,""queueCapacity"":16,""queueEnqueued"":0,""queueDropped"":0,""publishFailCount"":0,""retryCount"":0,""retryFailCount"":0,""rejectedSamples"":0,""lastRejectReason"":""none"",""lastRejectChannel"":-1,""lastRejectOkFiniteCount"":0,""lastRejectStatus"":255,""lastRejectGain"":0,""lastRejectSaturated"":false},""recovery"":{""wifiReconnectCount"":0,""wifiReconnectFailCount"":0,""mqttReconnectCount"":0,""mqttConnectFailCount"":0,""lastMqttState"":0,""adsRecoveryCount"":0,""adsRecoveryFailCount"":0,""adsReadFailStreak"":0,""lastReason"":""none"",""lastRecoveryMs"":0,""bootRecoveryArmed"":false,""bootRecoveryDueMs"":0,""bootRecoveryReason"":""none"",""bootRecoveryNonAdsFailure"":false,""bootRecoveryRestartCount"":0},""nulling"":{""done"":false,""retryArmed"":false,""attemptCount"":0,""nextRetryMs"":0,""thresholdV"":9.999999747E-06,""minFinalV"":0},""telemetry"":{""valid"":true,""sampleMs"":7006858,""gasClass"":6,""gasName"":""CO2"",""confidence"":0,""alarm"":false,""sensorVoltage"":[0.128455743,0.003876504,0.004835174,-0.002622053,-0.008763894,-0.011514354,-0.019539455,-0.025594618],""sensorGain"":[16,64,64,64,64,64,64,64],""sensorStatus"":[0,0,0,0,0,0,0,0],""featureOrder"":[""MQ8"",""MQ135"",""MQ3"",""MQ5"",""MQ4"",""MQ7"",""MQ6"",""MQ2""]},""alarmLatched"":false}"
2026-08-04 11:17:51.624 +07:00,630.491,HOT_SWEEP_70,70,700,300,1,0,0.128586501,0.003860139,0.004854545,-0.002631318,-0.009393265,-0.011542309,-0.019585697,-0.025476526,"{""deviceId"":""1001"",""nodeId"":4097,""targetChId"":""0010"",""mode"":""inference"",""uptimeMs"":7007941,""debugEnabled"":true,""power"":{""mode"":""24v"",""externalPower"":true,""batteryMv"":65535,""batteryValid"":false,""batteryDetected"":false,""batterySenseStatus"":""not_detected"",""batteryLow"":false,""batteryCritical"":false,""sourceAmbiguous"":false,""serviceHoldActive"":false,""serviceHoldEffective"":false},""batterySession"":{""state"":""inactive"",""startedMs"":0,""stateStartedMs"":0,""validSampleBatches"":0,""requiredSampleBatches"":10,""alarmTxAttempts"":0,""alarmTxAttemptLimit"":3,""alarmAckReceived"":false,""pendingAlarm"":false,""pendingSaveRequired"":false,""persistenceFaultHold"":false,""completionReason"":""session_done""},""bootHealth"":{""adsReady"":true,""adsDrdyLevel"":0,""adsDrdyPulldownLevel"":0,""adsDrdyPullupLevel"":0,""adsMisoPulldownLevel"":0,""adsMisoPullupLevel"":1,""adsCsLevel"":1,""adsSyncLevel"":1,""adsStatus"":54,""adsMux"":15,""adsAdcon"":6,""adsDrate"":240,""adsReason"":""ok"",""tcaOk"":true,""mcpOkCount"":8,""mcpOk"":[true,true,true,true,true,true,true,true],""mcpAddrMask"":[1,1,1,1,1,1,1,1],""mcpControlTested"":true,""mcpControlOkCount"":8,""mcpControlOk"":[true,true,true,true,true,true,true,true],""dacReady"":true,""radioReady"":true,""mlReady"":true,""nullingProfileApplied"":true,""modelProfileReady"":false},""runtimeMcpCode"":[255,519,795,706,799,865,665,139],""model"":{""profileId"":""cnn-dualbranch-datasheet-v1-unbound"",""scalerProfileId"":""cnn-dualbranch-datasheet-v1-unbound"",""productionApproved"":true,""boundNullingProfileId"":8,""activeNullingProfileId"":9,""bindingValid"":true,""bindingModelMatches"":true,""profileReady"":false,""inferenceValid"":false,""sensorFault"":true},""lora"":{""beginState"":0,""lastTxState"":0,""lastTxOk"":false,""txSeq"":0,""txCounter"":0,""aesKeyProvisioned"":true,""aesKeyPresent"":true,""aesKeySource"":""nvs"",""keyId"":1,""lastDownlinkCommandId"":0,""freqMHz"":920,""bwKHz"":125,""sf"":7,""cr"":5,""syncWord"":18,""txPowerDbm"":17,""preamble"":8,""tcxoVoltage"":1.600000024,""xtalVoltage"":0},""dataset"":{""state"":""idle"",""step"":""idle"",""label"":"""",""seq"":0,""targetSamples"":0,""sampleIntervalMs"":500,""maxDurationMs"":0,""useFanIntake"":true,""fanOnMs"":1000,""postFanSettleMs"":0,""nullingProfileId"":9,""queuePending"":0,""queueCapacity"":16,""queueEnqueued"":0,""queueDropped"":0,""publishFailCount"":0,""retryCount"":0,""retryFailCount"":0,""rejectedSamples"":0,""lastRejectReason"":""none"",""lastRejectChannel"":-1,""lastRejectOkFiniteCount"":0,""lastRejectStatus"":255,""lastRejectGain"":0,""lastRejectSaturated"":false},""recovery"":{""wifiReconnectCount"":0,""wifiReconnectFailCount"":0,""mqttReconnectCount"":0,""mqttConnectFailCount"":0,""lastMqttState"":0,""adsRecoveryCount"":0,""adsRecoveryFailCount"":0,""adsReadFailStreak"":0,""lastReason"":""none"",""lastRecoveryMs"":0,""bootRecoveryArmed"":false,""bootRecoveryDueMs"":0,""bootRecoveryReason"":""none"",""bootRecoveryNonAdsFailure"":false,""bootRecoveryRestartCount"":0},""nulling"":{""done"":false,""retryArmed"":false,""attemptCount"":0,""nextRetryMs"":0,""thresholdV"":9.999999747E-06,""minFinalV"":0},""telemetry"":{""valid"":true,""sampleMs"":7007521,""gasClass"":6,""gasName"":""CO2"",""confidence"":0,""alarm"":false,""sensorVoltage"":[0.128586501,0.003860139,0.004854545,-0.002631318,-0.009393265,-0.011542309,-0.019585697,-0.025476526],""sensorGain"":[16,64,64,64,64,64,64,64],""sensorStatus"":[0,0,0,0,0,0,0,0],""featureOrder"":[""MQ8"",""MQ135"",""MQ3"",""MQ5"",""MQ4"",""MQ7"",""MQ6"",""MQ2""]},""alarmLatched"":false}"
2026-08-04 11:17:52.329 +07:00,631.200,HOT_SWEEP_70,70,700,300,1,0,0.128667399,0.00386246,0.004878009,-0.002664653,-0.009392386,-0.011626796,-0.019601898,-0.025468057,"{""deviceId"":""1001"",""nodeId"":4097,""targetChId"":""0010"",""mode"":""inference"",""uptimeMs"":7008642,""debugEnabled"":true,""power"":{""mode"":""24v"",""externalPower"":true,""batteryMv"":65535,""batteryValid"":false,""batteryDetected"":false,""batterySenseStatus"":""not_detected"",""batteryLow"":false,""batteryCritical"":false,""sourceAmbiguous"":false,""serviceHoldActive"":false,""serviceHoldEffective"":false},""batterySession"":{""state"":""inactive"",""startedMs"":0,""stateStartedMs"":0,""validSampleBatches"":0,""requiredSampleBatches"":10,""alarmTxAttempts"":0,""alarmTxAttemptLimit"":3,""alarmAckReceived"":false,""pendingAlarm"":false,""pendingSaveRequired"":false,""persistenceFaultHold"":false,""completionReason"":""session_done""},""bootHealth"":{""adsReady"":true,""adsDrdyLevel"":0,""adsDrdyPulldownLevel"":0,""adsDrdyPullupLevel"":0,""adsMisoPulldownLevel"":0,""adsMisoPullupLevel"":1,""adsCsLevel"":1,""adsSyncLevel"":1,""adsStatus"":54,""adsMux"":15,""adsAdcon"":6,""adsDrate"":240,""adsReason"":""ok"",""tcaOk"":true,""mcpOkCount"":8,""mcpOk"":[true,true,true,true,true,true,true,true],""mcpAddrMask"":[1,1,1,1,1,1,1,1],""mcpControlTested"":true,""mcpControlOkCount"":8,""mcpControlOk"":[true,true,true,true,true,true,true,true],""dacReady"":true,""radioReady"":true,""mlReady"":true,""nullingProfileApplied"":true,""modelProfileReady"":false},""runtimeMcpCode"":[255,519,795,706,799,865,665,139],""model"":{""profileId"":""cnn-dualbranch-datasheet-v1-unbound"",""scalerProfileId"":""cnn-dualbranch-datasheet-v1-unbound"",""productionApproved"":true,""boundNullingProfileId"":8,""activeNullingProfileId"":9,""bindingValid"":true,""bindingModelMatches"":true,""profileReady"":false,""inferenceValid"":false,""sensorFault"":true},""lora"":{""beginState"":0,""lastTxState"":0,""lastTxOk"":false,""txSeq"":0,""txCounter"":0,""aesKeyProvisioned"":true,""aesKeyPresent"":true,""aesKeySource"":""nvs"",""keyId"":1,""lastDownlinkCommandId"":0,""freqMHz"":920,""bwKHz"":125,""sf"":7,""cr"":5,""syncWord"":18,""txPowerDbm"":17,""preamble"":8,""tcxoVoltage"":1.600000024,""xtalVoltage"":0},""dataset"":{""state"":""idle"",""step"":""idle"",""label"":"""",""seq"":0,""targetSamples"":0,""sampleIntervalMs"":500,""maxDurationMs"":0,""useFanIntake"":true,""fanOnMs"":1000,""postFanSettleMs"":0,""nullingProfileId"":9,""queuePending"":0,""queueCapacity"":16,""queueEnqueued"":0,""queueDropped"":0,""publishFailCount"":0,""retryCount"":0,""retryFailCount"":0,""rejectedSamples"":0,""lastRejectReason"":""none"",""lastRejectChannel"":-1,""lastRejectOkFiniteCount"":0,""lastRejectStatus"":255,""lastRejectGain"":0,""lastRejectSaturated"":false},""recovery"":{""wifiReconnectCount"":0,""wifiReconnectFailCount"":0,""mqttReconnectCount"":0,""mqttConnectFailCount"":0,""lastMqttState"":0,""adsRecoveryCount"":0,""adsRecoveryFailCount"":0,""adsReadFailStreak"":0,""lastReason"":""none"",""lastRecoveryMs"":0,""bootRecoveryArmed"":false,""bootRecoveryDueMs"":0,""bootRecoveryReason"":""none"",""bootRecoveryNonAdsFailure"":false,""bootRecoveryRestartCount"":0},""nulling"":{""done"":false,""retryArmed"":false,""attemptCount"":0,""nextRetryMs"":0,""thresholdV"":9.999999747E-06,""minFinalV"":0},""telemetry"":{""valid"":true,""sampleMs"":7008219,""gasClass"":6,""gasName"":""CO2"",""confidence"":0,""alarm"":false,""sensorVoltage"":[0.128667399,0.00386246,0.004878009,-0.002664653,-0.009392386,-0.011626796,-0.019601898,-0.025468057],""sensorGain"":[16,64,64,64,64,64,64,64],""sensorStatus"":[0,0,0,0,0,0,0,0],""featureOrder"":[""MQ8"",""MQ135"",""MQ3"",""MQ5"",""MQ4"",""MQ7"",""MQ6"",""MQ2""]},""alarmLatched"":false}"
2026-08-04 11:17:53.013 +07:00,631.881,HOT_SWEEP_70,70,700,300,1,0,0.128641158,0.003864392,0.004944982,-0.002627344,-0.009364382,-0.011657086,-0.019571127,-0.025512561,"{""deviceId"":""1001"",""nodeId"":4097,""targetChId"":""0010"",""mode"":""inference"",""uptimeMs"":7009332,""debugEnabled"":true,""power"":{""mode"":""24v"",""externalPower"":true,""batteryMv"":65535,""batteryValid"":false,""batteryDetected"":false,""batterySenseStatus"":""not_detected"",""batteryLow"":false,""batteryCritical"":false,""sourceAmbiguous"":false,""serviceHoldActive"":false,""serviceHoldEffective"":false},""batterySession"":{""state"":""inactive"",""startedMs"":0,""stateStartedMs"":0,""validSampleBatches"":0,""requiredSampleBatches"":10,""alarmTxAttempts"":0,""alarmTxAttemptLimit"":3,""alarmAckReceived"":false,""pendingAlarm"":false,""pendingSaveRequired"":false,""persistenceFaultHold"":false,""completionReason"":""session_done""},""bootHealth"":{""adsReady"":true,""adsDrdyLevel"":0,""adsDrdyPulldownLevel"":0,""adsDrdyPullupLevel"":0,""adsMisoPulldownLevel"":0,""adsMisoPullupLevel"":1,""adsCsLevel"":1,""adsSyncLevel"":1,""adsStatus"":54,""adsMux"":15,""adsAdcon"":6,""adsDrate"":240,""adsReason"":""ok"",""tcaOk"":true,""mcpOkCount"":8,""mcpOk"":[true,true,true,true,true,true,true,true],""mcpAddrMask"":[1,1,1,1,1,1,1,1],""mcpControlTested"":true,""mcpControlOkCount"":8,""mcpControlOk"":[true,true,true,true,true,true,true,true],""dacReady"":true,""radioReady"":true,""mlReady"":true,""nullingProfileApplied"":true,""modelProfileReady"":false},""runtimeMcpCode"":[255,519,795,706,799,865,665,139],""model"":{""profileId"":""cnn-dualbranch-datasheet-v1-unbound"",""scalerProfileId"":""cnn-dualbranch-datasheet-v1-unbound"",""productionApproved"":true,""boundNullingProfileId"":8,""activeNullingProfileId"":9,""bindingValid"":true,""bindingModelMatches"":true,""profileReady"":false,""inferenceValid"":false,""sensorFault"":true},""lora"":{""beginState"":0,""lastTxState"":0,""lastTxOk"":false,""txSeq"":0,""txCounter"":0,""aesKeyProvisioned"":true,""aesKeyPresent"":true,""aesKeySource"":""nvs"",""keyId"":1,""lastDownlinkCommandId"":0,""freqMHz"":920,""bwKHz"":125,""sf"":7,""cr"":5,""syncWord"":18,""txPowerDbm"":17,""preamble"":8,""tcxoVoltage"":1.600000024,""xtalVoltage"":0},""dataset"":{""state"":""idle"",""step"":""idle"",""label"":"""",""seq"":0,""targetSamples"":0,""sampleIntervalMs"":500,""maxDurationMs"":0,""useFanIntake"":true,""fanOnMs"":1000,""postFanSettleMs"":0,""nullingProfileId"":9,""queuePending"":0,""queueCapacity"":16,""queueEnqueued"":0,""queueDropped"":0,""publishFailCount"":0,""retryCount"":0,""retryFailCount"":0,""rejectedSamples"":0,""lastRejectReason"":""none"",""lastRejectChannel"":-1,""lastRejectOkFiniteCount"":0,""lastRejectStatus"":255,""lastRejectGain"":0,""lastRejectSaturated"":false},""recovery"":{""wifiReconnectCount"":0,""wifiReconnectFailCount"":0,""mqttReconnectCount"":0,""mqttConnectFailCount"":0,""lastMqttState"":0,""adsRecoveryCount"":0,""adsRecoveryFailCount"":0,""adsReadFailStreak"":0,""lastReason"":""none"",""lastRecoveryMs"":0,""bootRecoveryArmed"":false,""bootRecoveryDueMs"":0,""bootRecoveryReason"":""none"",""bootRecoveryNonAdsFailure"":false,""bootRecoveryRestartCount"":0},""nulling"":{""done"":false,""retryArmed"":false,""attemptCount"":0,""nextRetryMs"":0,""thresholdV"":9.999999747E-06,""minFinalV"":0},""telemetry"":{""valid"":true,""sampleMs"":7008952,""gasClass"":6,""gasName"":""CO2"",""confidence"":0,""alarm"":false,""sensorVoltage"":[0.128641158,0.003864392,0.004944982,-0.002627344,-0.009364382,-0.011657086,-0.019571127,-0.025512561],""sensorGain"":[16,64,64,64,64,64,64,64],""sensorStatus"":[0,0,0,0,0,0,0,0],""featureOrder"":[""MQ8"",""MQ135"",""MQ3"",""MQ5"",""MQ4"",""MQ7"",""MQ6"",""MQ2""]},""alarmLatched"":false}"
2026-08-04 11:17:53.700 +07:00,632.574,HOT_SWEEP_70,70,700,300,1,0,0.128562763,0.003870083,0.004948785,-0.002627558,-0.009362357,-0.011709178,-0.019573102,-0.025512746,"{""deviceId"":""1001"",""nodeId"":4097,""targetChId"":""0010"",""mode"":""inference"",""uptimeMs"":7010020,""debugEnabled"":true,""power"":{""mode"":""24v"",""externalPower"":true,""batteryMv"":65535,""batteryValid"":false,""batteryDetected"":false,""batterySenseStatus"":""not_detected"",""batteryLow"":false,""batteryCritical"":false,""sourceAmbiguous"":false,""serviceHoldActive"":false,""serviceHoldEffective"":false},""batterySession"":{""state"":""inactive"",""startedMs"":0,""stateStartedMs"":0,""validSampleBatches"":0,""requiredSampleBatches"":10,""alarmTxAttempts"":0,""alarmTxAttemptLimit"":3,""alarmAckReceived"":false,""pendingAlarm"":false,""pendingSaveRequired"":false,""persistenceFaultHold"":false,""completionReason"":""session_done""},""bootHealth"":{""adsReady"":true,""adsDrdyLevel"":0,""adsDrdyPulldownLevel"":0,""adsDrdyPullupLevel"":0,""adsMisoPulldownLevel"":0,""adsMisoPullupLevel"":1,""adsCsLevel"":1,""adsSyncLevel"":1,""adsStatus"":54,""adsMux"":15,""adsAdcon"":6,""adsDrate"":240,""adsReason"":""ok"",""tcaOk"":true,""mcpOkCount"":8,""mcpOk"":[true,true,true,true,true,true,true,true],""mcpAddrMask"":[1,1,1,1,1,1,1,1],""mcpControlTested"":true,""mcpControlOkCount"":8,""mcpControlOk"":[true,true,true,true,true,true,true,true],""dacReady"":true,""radioReady"":true,""mlReady"":true,""nullingProfileApplied"":true,""modelProfileReady"":false},""runtimeMcpCode"":[255,519,795,706,799,865,665,139],""model"":{""profileId"":""cnn-dualbranch-datasheet-v1-unbound"",""scalerProfileId"":""cnn-dualbranch-datasheet-v1-unbound"",""productionApproved"":true,""boundNullingProfileId"":8,""activeNullingProfileId"":9,""bindingValid"":true,""bindingModelMatches"":true,""profileReady"":false,""inferenceValid"":false,""sensorFault"":true},""lora"":{""beginState"":0,""lastTxState"":0,""lastTxOk"":false,""txSeq"":0,""txCounter"":0,""aesKeyProvisioned"":true,""aesKeyPresent"":true,""aesKeySource"":""nvs"",""keyId"":1,""lastDownlinkCommandId"":0,""freqMHz"":920,""bwKHz"":125,""sf"":7,""cr"":5,""syncWord"":18,""txPowerDbm"":17,""preamble"":8,""tcxoVoltage"":1.600000024,""xtalVoltage"":0},""dataset"":{""state"":""idle"",""step"":""idle"",""label"":"""",""seq"":0,""targetSamples"":0,""sampleIntervalMs"":500,""maxDurationMs"":0,""useFanIntake"":true,""fanOnMs"":1000,""postFanSettleMs"":0,""nullingProfileId"":9,""queuePending"":0,""queueCapacity"":16,""queueEnqueued"":0,""queueDropped"":0,""publishFailCount"":0,""retryCount"":0,""retryFailCount"":0,""rejectedSamples"":0,""lastRejectReason"":""none"",""lastRejectChannel"":-1,""lastRejectOkFiniteCount"":0,""lastRejectStatus"":255,""lastRejectGain"":0,""lastRejectSaturated"":false},""recovery"":{""wifiReconnectCount"":0,""wifiReconnectFailCount"":0,""mqttReconnectCount"":0,""mqttConnectFailCount"":0,""lastMqttState"":0,""adsRecoveryCount"":0,""adsRecoveryFailCount"":0,""adsReadFailStreak"":0,""lastReason"":""none"",""lastRecoveryMs"":0,""bootRecoveryArmed"":false,""bootRecoveryDueMs"":0,""bootRecoveryReason"":""none"",""bootRecoveryNonAdsFailure"":false,""bootRecoveryRestartCount"":0},""nulling"":{""done"":false,""retryArmed"":false,""attemptCount"":0,""nextRetryMs"":0,""thresholdV"":9.999999747E-06,""minFinalV"":0},""telemetry"":{""valid"":true,""sampleMs"":7009610,""gasClass"":6,""gasName"":""CO2"",""confidence"":0,""alarm"":false,""sensorVoltage"":[0.128562763,0.003870083,0.004948785,-0.002627558,-0.009362357,-0.011709178,-0.019573102,-0.025512746],""sensorGain"":[16,64,64,64,64,64,64,64],""sensorStatus"":[0,0,0,0,0,0,0,0],""featureOrder"":[""MQ8"",""MQ135"",""MQ3"",""MQ5"",""MQ4"",""MQ7"",""MQ6"",""MQ2""]},""alarmLatched"":false}"
2026-08-04 11:17:54.392 +07:00,633.261,HOT_SWEEP_70,70,700,300,1,0,0.128496826,0.003897386,0.004940039,-0.002612738,-0.009310976,-0.011718915,-0.019206367,-0.025457129,"{""deviceId"":""1001"",""nodeId"":4097,""targetChId"":""0010"",""mode"":""inference"",""uptimeMs"":7010706,""debugEnabled"":true,""power"":{""mode"":""24v"",""externalPower"":true,""batteryMv"":65535,""batteryValid"":false,""batteryDetected"":false,""batterySenseStatus"":""not_detected"",""batteryLow"":false,""batteryCritical"":false,""sourceAmbiguous"":false,""serviceHoldActive"":false,""serviceHoldEffective"":false},""batterySession"":{""state"":""inactive"",""startedMs"":0,""stateStartedMs"":0,""validSampleBatches"":0,""requiredSampleBatches"":10,""alarmTxAttempts"":0,""alarmTxAttemptLimit"":3,""alarmAckReceived"":false,""pendingAlarm"":false,""pendingSaveRequired"":false,""persistenceFaultHold"":false,""completionReason"":""session_done""},""bootHealth"":{""adsReady"":true,""adsDrdyLevel"":0,""adsDrdyPulldownLevel"":0,""adsDrdyPullupLevel"":0,""adsMisoPulldownLevel"":0,""adsMisoPullupLevel"":1,""adsCsLevel"":1,""adsSyncLevel"":1,""adsStatus"":54,""adsMux"":15,""adsAdcon"":6,""adsDrate"":240,""adsReason"":""ok"",""tcaOk"":true,""mcpOkCount"":8,""mcpOk"":[true,true,true,true,true,true,true,true],""mcpAddrMask"":[1,1,1,1,1,1,1,1],""mcpControlTested"":true,""mcpControlOkCount"":8,""mcpControlOk"":[true,true,true,true,true,true,true,true],""dacReady"":true,""radioReady"":true,""mlReady"":true,""nullingProfileApplied"":true,""modelProfileReady"":false},""runtimeMcpCode"":[255,519,795,706,799,865,665,139],""model"":{""profileId"":""cnn-dualbranch-datasheet-v1-unbound"",""scalerProfileId"":""cnn-dualbranch-datasheet-v1-unbound"",""productionApproved"":true,""boundNullingProfileId"":8,""activeNullingProfileId"":9,""bindingValid"":true,""bindingModelMatches"":true,""profileReady"":false,""inferenceValid"":false,""sensorFault"":true},""lora"":{""beginState"":0,""lastTxState"":0,""lastTxOk"":false,""txSeq"":0,""txCounter"":0,""aesKeyProvisioned"":true,""aesKeyPresent"":true,""aesKeySource"":""nvs"",""keyId"":1,""lastDownlinkCommandId"":0,""freqMHz"":920,""bwKHz"":125,""sf"":7,""cr"":5,""syncWord"":18,""txPowerDbm"":17,""preamble"":8,""tcxoVoltage"":1.600000024,""xtalVoltage"":0},""dataset"":{""state"":""idle"",""step"":""idle"",""label"":"""",""seq"":0,""targetSamples"":0,""sampleIntervalMs"":500,""maxDurationMs"":0,""useFanIntake"":true,""fanOnMs"":1000,""postFanSettleMs"":0,""nullingProfileId"":9,""queuePending"":0,""queueCapacity"":16,""queueEnqueued"":0,""queueDropped"":0,""publishFailCount"":0,""retryCount"":0,""retryFailCount"":0,""rejectedSamples"":0,""lastRejectReason"":""none"",""lastRejectChannel"":-1,""lastRejectOkFiniteCount"":0,""lastRejectStatus"":255,""lastRejectGain"":0,""lastRejectSaturated"":false},""recovery"":{""wifiReconnectCount"":0,""wifiReconnectFailCount"":0,""mqttReconnectCount"":0,""mqttConnectFailCount"":0,""lastMqttState"":0,""adsRecoveryCount"":0,""adsRecoveryFailCount"":0,""adsReadFailStreak"":0,""lastReason"":""none"",""lastRecoveryMs"":0,""bootRecoveryArmed"":false,""bootRecoveryDueMs"":0,""bootRecoveryReason"":""none"",""bootRecoveryNonAdsFailure"":false,""bootRecoveryRestartCount"":0},""nulling"":{""done"":false,""retryArmed"":false,""attemptCount"":0,""nextRetryMs"":0,""thresholdV"":9.999999747E-06,""minFinalV"":0},""telemetry"":{""valid"":true,""sampleMs"":7010298,""gasClass"":6,""gasName"":""CO2"",""confidence"":0,""alarm"":false,""sensorVoltage"":[0.128496826,0.003897386,0.004940039,-0.002612738,-0.009310976,-0.011718915,-0.019206367,-0.025457129],""sensorGain"":[16,64,64,64,64,64,64,64],""sensorStatus"":[0,0,0,0,0,0,0,0],""featureOrder"":[""MQ8"",""MQ135"",""MQ3"",""MQ5"",""MQ4"",""MQ7"",""MQ6"",""MQ2""]},""alarmLatched"":false}"
2026-08-04 11:17:55.109 +07:00,633.981,HOT_SWEEP_70,70,700,300,1,0,0.128554493,0.003897583,0.004991994,-0.002630887,-0.009329166,-0.011737278,-0.019591955,-0.025465269,"{""deviceId"":""1001"",""nodeId"":4097,""targetChId"":""0010"",""mode"":""inference"",""uptimeMs"":7011423,""debugEnabled"":true,""power"":{""mode"":""24v"",""externalPower"":true,""batteryMv"":65535,""batteryValid"":false,""batteryDetected"":false,""batterySenseStatus"":""not_detected"",""batteryLow"":false,""batteryCritical"":false,""sourceAmbiguous"":false,""serviceHoldActive"":false,""serviceHoldEffective"":false},""batterySession"":{""state"":""inactive"",""startedMs"":0,""stateStartedMs"":0,""validSampleBatches"":0,""requiredSampleBatches"":10,""alarmTxAttempts"":0,""alarmTxAttemptLimit"":3,""alarmAckReceived"":false,""pendingAlarm"":false,""pendingSaveRequired"":false,""persistenceFaultHold"":false,""completionReason"":""session_done""},""bootHealth"":{""adsReady"":true,""adsDrdyLevel"":0,""adsDrdyPulldownLevel"":0,""adsDrdyPullupLevel"":0,""adsMisoPulldownLevel"":0,""adsMisoPullupLevel"":1,""adsCsLevel"":1,""adsSyncLevel"":1,""adsStatus"":54,""adsMux"":15,""adsAdcon"":6,""adsDrate"":240,""adsReason"":""ok"",""tcaOk"":true,""mcpOkCount"":8,""mcpOk"":[true,true,true,true,true,true,true,true],""mcpAddrMask"":[1,1,1,1,1,1,1,1],""mcpControlTested"":true,""mcpControlOkCount"":8,""mcpControlOk"":[true,true,true,true,true,true,true,true],""dacReady"":true,""radioReady"":true,""mlReady"":true,""nullingProfileApplied"":true,""modelProfileReady"":false},""runtimeMcpCode"":[255,519,795,706,799,865,665,139],""model"":{""profileId"":""cnn-dualbranch-datasheet-v1-unbound"",""scalerProfileId"":""cnn-dualbranch-datasheet-v1-unbound"",""productionApproved"":true,""boundNullingProfileId"":8,""activeNullingProfileId"":9,""bindingValid"":true,""bindingModelMatches"":true,""profileReady"":false,""inferenceValid"":false,""sensorFault"":true},""lora"":{""beginState"":0,""lastTxState"":0,""lastTxOk"":false,""txSeq"":0,""txCounter"":0,""aesKeyProvisioned"":true,""aesKeyPresent"":true,""aesKeySource"":""nvs"",""keyId"":1,""lastDownlinkCommandId"":0,""freqMHz"":920,""bwKHz"":125,""sf"":7,""cr"":5,""syncWord"":18,""txPowerDbm"":17,""preamble"":8,""tcxoVoltage"":1.600000024,""xtalVoltage"":0},""dataset"":{""state"":""idle"",""step"":""idle"",""label"":"""",""seq"":0,""targetSamples"":0,""sampleIntervalMs"":500,""maxDurationMs"":0,""useFanIntake"":true,""fanOnMs"":1000,""postFanSettleMs"":0,""nullingProfileId"":9,""queuePending"":0,""queueCapacity"":16,""queueEnqueued"":0,""queueDropped"":0,""publishFailCount"":0,""retryCount"":0,""retryFailCount"":0,""rejectedSamples"":0,""lastRejectReason"":""none"",""lastRejectChannel"":-1,""lastRejectOkFiniteCount"":0,""lastRejectStatus"":255,""lastRejectGain"":0,""lastRejectSaturated"":false},""recovery"":{""wifiReconnectCount"":0,""wifiReconnectFailCount"":0,""mqttReconnectCount"":0,""mqttConnectFailCount"":0,""lastMqttState"":0,""adsRecoveryCount"":0,""adsRecoveryFailCount"":0,""adsReadFailStreak"":0,""lastReason"":""none"",""lastRecoveryMs"":0,""bootRecoveryArmed"":false,""bootRecoveryDueMs"":0,""bootRecoveryReason"":""none"",""bootRecoveryNonAdsFailure"":false,""bootRecoveryRestartCount"":0},""nulling"":{""done"":false,""retryArmed"":false,""attemptCount"":0,""nextRetryMs"":0,""thresholdV"":9.999999747E-06,""minFinalV"":0},""telemetry"":{""valid"":true,""sampleMs"":7011016,""gasClass"":6,""gasName"":""CO2"",""confidence"":0,""alarm"":false,""sensorVoltage"":[0.128554493,0.003897583,0.004991994,-0.002630887,-0.009329166,-0.011737278,-0.019591955,-0.025465269],""sensorGain"":[16,64,64,64,64,64,64,64],""sensorStatus"":[0,0,0,0,0,0,0,0],""featureOrder"":[""MQ8"",""MQ135"",""MQ3"",""MQ5"",""MQ4"",""MQ7"",""MQ6"",""MQ2""]},""alarmLatched"":false}"
2026-08-04 11:17:55.800 +07:00,634.675,HOT_SWEEP_70,70,700,300,1,0,0.128129646,0.003880732,0.004997305,-0.002631522,-0.009323982,-0.011750957,-0.019587552,-0.025517965,"{""deviceId"":""1001"",""nodeId"":4097,""targetChId"":""0010"",""mode"":""inference"",""uptimeMs"":7012119,""debugEnabled"":true,""power"":{""mode"":""24v"",""externalPower"":true,""batteryMv"":65535,""batteryValid"":false,""batteryDetected"":false,""batterySenseStatus"":""not_detected"",""batteryLow"":false,""batteryCritical"":false,""sourceAmbiguous"":false,""serviceHoldActive"":false,""serviceHoldEffective"":false},""batterySession"":{""state"":""inactive"",""startedMs"":0,""stateStartedMs"":0,""validSampleBatches"":0,""requiredSampleBatches"":10,""alarmTxAttempts"":0,""alarmTxAttemptLimit"":3,""alarmAckReceived"":false,""pendingAlarm"":false,""pendingSaveRequired"":false,""persistenceFaultHold"":false,""completionReason"":""session_done""},""bootHealth"":{""adsReady"":true,""adsDrdyLevel"":0,""adsDrdyPulldownLevel"":0,""adsDrdyPullupLevel"":0,""adsMisoPulldownLevel"":0,""adsMisoPullupLevel"":1,""adsCsLevel"":1,""adsSyncLevel"":1,""adsStatus"":54,""adsMux"":15,""adsAdcon"":6,""adsDrate"":240,""adsReason"":""ok"",""tcaOk"":true,""mcpOkCount"":8,""mcpOk"":[true,true,true,true,true,true,true,true],""mcpAddrMask"":[1,1,1,1,1,1,1,1],""mcpControlTested"":true,""mcpControlOkCount"":8,""mcpControlOk"":[true,true,true,true,true,true,true,true],""dacReady"":true,""radioReady"":true,""mlReady"":true,""nullingProfileApplied"":true,""modelProfileReady"":false},""runtimeMcpCode"":[255,519,795,706,799,865,665,139],""model"":{""profileId"":""cnn-dualbranch-datasheet-v1-unbound"",""scalerProfileId"":""cnn-dualbranch-datasheet-v1-unbound"",""productionApproved"":true,""boundNullingProfileId"":8,""activeNullingProfileId"":9,""bindingValid"":true,""bindingModelMatches"":true,""profileReady"":false,""inferenceValid"":false,""sensorFault"":true},""lora"":{""beginState"":0,""lastTxState"":0,""lastTxOk"":false,""txSeq"":0,""txCounter"":0,""aesKeyProvisioned"":true,""aesKeyPresent"":true,""aesKeySource"":""nvs"",""keyId"":1,""lastDownlinkCommandId"":0,""freqMHz"":920,""bwKHz"":125,""sf"":7,""cr"":5,""syncWord"":18,""txPowerDbm"":17,""preamble"":8,""tcxoVoltage"":1.600000024,""xtalVoltage"":0},""dataset"":{""state"":""idle"",""step"":""idle"",""label"":"""",""seq"":0,""targetSamples"":0,""sampleIntervalMs"":500,""maxDurationMs"":0,""useFanIntake"":true,""fanOnMs"":1000,""postFanSettleMs"":0,""nullingProfileId"":9,""queuePending"":0,""queueCapacity"":16,""queueEnqueued"":0,""queueDropped"":0,""publishFailCount"":0,""retryCount"":0,""retryFailCount"":0,""rejectedSamples"":0,""lastRejectReason"":""none"",""lastRejectChannel"":-1,""lastRejectOkFiniteCount"":0,""lastRejectStatus"":255,""lastRejectGain"":0,""lastRejectSaturated"":false},""recovery"":{""wifiReconnectCount"":0,""wifiReconnectFailCount"":0,""mqttReconnectCount"":0,""mqttConnectFailCount"":0,""lastMqttState"":0,""adsRecoveryCount"":0,""adsRecoveryFailCount"":0,""adsReadFailStreak"":0,""lastReason"":""none"",""lastRecoveryMs"":0,""bootRecoveryArmed"":false,""bootRecoveryDueMs"":0,""bootRecoveryReason"":""none"",""bootRecoveryNonAdsFailure"":false,""bootRecoveryRestartCount"":0},""nulling"":{""done"":false,""retryArmed"":false,""attemptCount"":0,""nextRetryMs"":0,""thresholdV"":9.999999747E-06,""minFinalV"":0},""telemetry"":{""valid"":true,""sampleMs"":7011701,""gasClass"":6,""gasName"":""CO2"",""confidence"":0,""alarm"":false,""sensorVoltage"":[0.128129646,0.003880732,0.004997305,-0.002631522,-0.009323982,-0.011750957,-0.019587552,-0.025517965],""sensorGain"":[16,64,64,64,64,64,64,64],""sensorStatus"":[0,0,0,0,0,0,0,0],""featureOrder"":[""MQ8"",""MQ135"",""MQ3"",""MQ5"",""MQ4"",""MQ7"",""MQ6"",""MQ2""]},""alarmLatched"":false}"
2026-08-04 11:17:56.508 +07:00,635.376,HOT_SWEEP_70,70,700,300,1,0,0.128246278,0.003906396,0.004910935,-0.002627208,-0.009319519,-0.011721868,-0.019589256,-0.025536558,"{""deviceId"":""1001"",""nodeId"":4097,""targetChId"":""0010"",""mode"":""inference"",""uptimeMs"":7012821,""debugEnabled"":true,""power"":{""mode"":""24v"",""externalPower"":true,""batteryMv"":65535,""batteryValid"":false,""batteryDetected"":false,""batterySenseStatus"":""not_detected"",""batteryLow"":false,""batteryCritical"":false,""sourceAmbiguous"":false,""serviceHoldActive"":false,""serviceHoldEffective"":false},""batterySession"":{""state"":""inactive"",""startedMs"":0,""stateStartedMs"":0,""validSampleBatches"":0,""requiredSampleBatches"":10,""alarmTxAttempts"":0,""alarmTxAttemptLimit"":3,""alarmAckReceived"":false,""pendingAlarm"":false,""pendingSaveRequired"":false,""persistenceFaultHold"":false,""completionReason"":""session_done""},""bootHealth"":{""adsReady"":true,""adsDrdyLevel"":0,""adsDrdyPulldownLevel"":0,""adsDrdyPullupLevel"":0,""adsMisoPulldownLevel"":0,""adsMisoPullupLevel"":1,""adsCsLevel"":1,""adsSyncLevel"":1,""adsStatus"":54,""adsMux"":15,""adsAdcon"":6,""adsDrate"":240,""adsReason"":""ok"",""tcaOk"":true,""mcpOkCount"":8,""mcpOk"":[true,true,true,true,true,true,true,true],""mcpAddrMask"":[1,1,1,1,1,1,1,1],""mcpControlTested"":true,""mcpControlOkCount"":8,""mcpControlOk"":[true,true,true,true,true,true,true,true],""dacReady"":true,""radioReady"":true,""mlReady"":true,""nullingProfileApplied"":true,""modelProfileReady"":false},""runtimeMcpCode"":[255,519,795,706,799,865,665,139],""model"":{""profileId"":""cnn-dualbranch-datasheet-v1-unbound"",""scalerProfileId"":""cnn-dualbranch-datasheet-v1-unbound"",""productionApproved"":true,""boundNullingProfileId"":8,""activeNullingProfileId"":9,""bindingValid"":true,""bindingModelMatches"":true,""profileReady"":false,""inferenceValid"":false,""sensorFault"":true},""lora"":{""beginState"":0,""lastTxState"":0,""lastTxOk"":false,""txSeq"":0,""txCounter"":0,""aesKeyProvisioned"":true,""aesKeyPresent"":true,""aesKeySource"":""nvs"",""keyId"":1,""lastDownlinkCommandId"":0,""freqMHz"":920,""bwKHz"":125,""sf"":7,""cr"":5,""syncWord"":18,""txPowerDbm"":17,""preamble"":8,""tcxoVoltage"":1.600000024,""xtalVoltage"":0},""dataset"":{""state"":""idle"",""step"":""idle"",""label"":"""",""seq"":0,""targetSamples"":0,""sampleIntervalMs"":500,""maxDurationMs"":0,""useFanIntake"":true,""fanOnMs"":1000,""postFanSettleMs"":0,""nullingProfileId"":9,""queuePending"":0,""queueCapacity"":16,""queueEnqueued"":0,""queueDropped"":0,""publishFailCount"":0,""retryCount"":0,""retryFailCount"":0,""rejectedSamples"":0,""lastRejectReason"":""none"",""lastRejectChannel"":-1,""lastRejectOkFiniteCount"":0,""lastRejectStatus"":255,""lastRejectGain"":0,""lastRejectSaturated"":false},""recovery"":{""wifiReconnectCount"":0,""wifiReconnectFailCount"":0,""mqttReconnectCount"":0,""mqttConnectFailCount"":0,""lastMqttState"":0,""adsRecoveryCount"":0,""adsRecoveryFailCount"":0,""adsReadFailStreak"":0,""lastReason"":""none"",""lastRecoveryMs"":0,""bootRecoveryArmed"":false,""bootRecoveryDueMs"":0,""bootRecoveryReason"":""none"",""bootRecoveryNonAdsFailure"":false,""bootRecoveryRestartCount"":0},""nulling"":{""done"":false,""retryArmed"":false,""attemptCount"":0,""nextRetryMs"":0,""thresholdV"":9.999999747E-06,""minFinalV"":0},""telemetry"":{""valid"":true,""sampleMs"":7012397,""gasClass"":6,""gasName"":""CO2"",""confidence"":0,""alarm"":false,""sensorVoltage"":[0.128246278,0.003906396,0.004910935,-0.002627208,-0.009319519,-0.011721868,-0.019589256,-0.025536558],""sensorGain"":[16,64,64,64,64,64,64,64],""sensorStatus"":[0,0,0,0,0,0,0,0],""featureOrder"":[""MQ8"",""MQ135"",""MQ3"",""MQ5"",""MQ4"",""MQ7"",""MQ6"",""MQ2""]},""alarmLatched"":false}"
2026-08-04 11:17:57.209 +07:00,636.081,HOT_SWEEP_70,70,700,300,1,0,0.128223151,0.003911764,0.004900223,-0.002602244,-0.009354044,-0.011698274,-0.019575231,-0.025523623,"{""deviceId"":""1001"",""nodeId"":4097,""targetChId"":""0010"",""mode"":""inference"",""uptimeMs"":7013528,""debugEnabled"":true,""power"":{""mode"":""24v"",""externalPower"":true,""batteryMv"":65535,""batteryValid"":false,""batteryDetected"":false,""batterySenseStatus"":""not_detected"",""batteryLow"":false,""batteryCritical"":false,""sourceAmbiguous"":false,""serviceHoldActive"":false,""serviceHoldEffective"":false},""batterySession"":{""state"":""inactive"",""startedMs"":0,""stateStartedMs"":0,""validSampleBatches"":0,""requiredSampleBatches"":10,""alarmTxAttempts"":0,""alarmTxAttemptLimit"":3,""alarmAckReceived"":false,""pendingAlarm"":false,""pendingSaveRequired"":false,""persistenceFaultHold"":false,""completionReason"":""session_done""},""bootHealth"":{""adsReady"":true,""adsDrdyLevel"":0,""adsDrdyPulldownLevel"":0,""adsDrdyPullupLevel"":0,""adsMisoPulldownLevel"":0,""adsMisoPullupLevel"":1,""adsCsLevel"":1,""adsSyncLevel"":1,""adsStatus"":54,""adsMux"":15,""adsAdcon"":6,""adsDrate"":240,""adsReason"":""ok"",""tcaOk"":true,""mcpOkCount"":8,""mcpOk"":[true,true,true,true,true,true,true,true],""mcpAddrMask"":[1,1,1,1,1,1,1,1],""mcpControlTested"":true,""mcpControlOkCount"":8,""mcpControlOk"":[true,true,true,true,true,true,true,true],""dacReady"":true,""radioReady"":true,""mlReady"":true,""nullingProfileApplied"":true,""modelProfileReady"":false},""runtimeMcpCode"":[255,519,795,706,799,865,665,139],""model"":{""profileId"":""cnn-dualbranch-datasheet-v1-unbound"",""scalerProfileId"":""cnn-dualbranch-datasheet-v1-unbound"",""productionApproved"":true,""boundNullingProfileId"":8,""activeNullingProfileId"":9,""bindingValid"":true,""bindingModelMatches"":true,""profileReady"":false,""inferenceValid"":false,""sensorFault"":true},""lora"":{""beginState"":0,""lastTxState"":0,""lastTxOk"":false,""txSeq"":0,""txCounter"":0,""aesKeyProvisioned"":true,""aesKeyPresent"":true,""aesKeySource"":""nvs"",""keyId"":1,""lastDownlinkCommandId"":0,""freqMHz"":920,""bwKHz"":125,""sf"":7,""cr"":5,""syncWord"":18,""txPowerDbm"":17,""preamble"":8,""tcxoVoltage"":1.600000024,""xtalVoltage"":0},""dataset"":{""state"":""idle"",""step"":""idle"",""label"":"""",""seq"":0,""targetSamples"":0,""sampleIntervalMs"":500,""maxDurationMs"":0,""useFanIntake"":true,""fanOnMs"":1000,""postFanSettleMs"":0,""nullingProfileId"":9,""queuePending"":0,""queueCapacity"":16,""queueEnqueued"":0,""queueDropped"":0,""publishFailCount"":0,""retryCount"":0,""retryFailCount"":0,""rejectedSamples"":0,""lastRejectReason"":""none"",""lastRejectChannel"":-1,""lastRejectOkFiniteCount"":0,""lastRejectStatus"":255,""lastRejectGain"":0,""lastRejectSaturated"":false},""recovery"":{""wifiReconnectCount"":0,""wifiReconnectFailCount"":0,""mqttReconnectCount"":0,""mqttConnectFailCount"":0,""lastMqttState"":0,""adsRecoveryCount"":0,""adsRecoveryFailCount"":0,""adsReadFailStreak"":0,""lastReason"":""none"",""lastRecoveryMs"":0,""bootRecoveryArmed"":false,""bootRecoveryDueMs"":0,""bootRecoveryReason"":""none"",""bootRecoveryNonAdsFailure"":false,""bootRecoveryRestartCount"":0},""nulling"":{""done"":false,""retryArmed"":false,""attemptCount"":0,""nextRetryMs"":0,""thresholdV"":9.999999747E-06,""minFinalV"":0},""telemetry"":{""valid"":true,""sampleMs"":7013131,""gasClass"":6,""gasName"":""CO2"",""confidence"":0,""alarm"":false,""sensorVoltage"":[0.128223151,0.003911764,0.004900223,-0.002602244,-0.009354044,-0.011698274,-0.019575231,-0.025523623],""sensorGain"":[16,64,64,64,64,64,64,64],""sensorStatus"":[0,0,0,0,0,0,0,0],""featureOrder"":[""MQ8"",""MQ135"",""MQ3"",""MQ5"",""MQ4"",""MQ7"",""MQ6"",""MQ2""]},""alarmLatched"":false}"
2026-08-04 11:17:57.910 +07:00,636.781,HOT_SWEEP_70,70,700,300,1,0,0.127816588,0.003920501,0.004861346,-0.002591617,-0.009370022,-0.011686251,-0.019514,-0.025470614,"{""deviceId"":""1001"",""nodeId"":4097,""targetChId"":""0010"",""mode"":""inference"",""uptimeMs"":7014223,""debugEnabled"":true,""power"":{""mode"":""24v"",""externalPower"":true,""batteryMv"":65535,""batteryValid"":false,""batteryDetected"":false,""batterySenseStatus"":""not_detected"",""batteryLow"":false,""batteryCritical"":false,""sourceAmbiguous"":false,""serviceHoldActive"":false,""serviceHoldEffective"":false},""batterySession"":{""state"":""inactive"",""startedMs"":0,""stateStartedMs"":0,""validSampleBatches"":0,""requiredSampleBatches"":10,""alarmTxAttempts"":0,""alarmTxAttemptLimit"":3,""alarmAckReceived"":false,""pendingAlarm"":false,""pendingSaveRequired"":false,""persistenceFaultHold"":false,""completionReason"":""session_done""},""bootHealth"":{""adsReady"":true,""adsDrdyLevel"":0,""adsDrdyPulldownLevel"":0,""adsDrdyPullupLevel"":0,""adsMisoPulldownLevel"":0,""adsMisoPullupLevel"":1,""adsCsLevel"":1,""adsSyncLevel"":1,""adsStatus"":54,""adsMux"":15,""adsAdcon"":6,""adsDrate"":240,""adsReason"":""ok"",""tcaOk"":true,""mcpOkCount"":8,""mcpOk"":[true,true,true,true,true,true,true,true],""mcpAddrMask"":[1,1,1,1,1,1,1,1],""mcpControlTested"":true,""mcpControlOkCount"":8,""mcpControlOk"":[true,true,true,true,true,true,true,true],""dacReady"":true,""radioReady"":true,""mlReady"":true,""nullingProfileApplied"":true,""modelProfileReady"":false},""runtimeMcpCode"":[255,519,795,706,799,865,665,139],""model"":{""profileId"":""cnn-dualbranch-datasheet-v1-unbound"",""scalerProfileId"":""cnn-dualbranch-datasheet-v1-unbound"",""productionApproved"":true,""boundNullingProfileId"":8,""activeNullingProfileId"":9,""bindingValid"":true,""bindingModelMatches"":true,""profileReady"":false,""inferenceValid"":false,""sensorFault"":true},""lora"":{""beginState"":0,""lastTxState"":0,""lastTxOk"":false,""txSeq"":0,""txCounter"":0,""aesKeyProvisioned"":true,""aesKeyPresent"":true,""aesKeySource"":""nvs"",""keyId"":1,""lastDownlinkCommandId"":0,""freqMHz"":920,""bwKHz"":125,""sf"":7,""cr"":5,""syncWord"":18,""txPowerDbm"":17,""preamble"":8,""tcxoVoltage"":1.600000024,""xtalVoltage"":0},""dataset"":{""state"":""idle"",""step"":""idle"",""label"":"""",""seq"":0,""targetSamples"":0,""sampleIntervalMs"":500,""maxDurationMs"":0,""useFanIntake"":true,""fanOnMs"":1000,""postFanSettleMs"":0,""nullingProfileId"":9,""queuePending"":0,""queueCapacity"":16,""queueEnqueued"":0,""queueDropped"":0,""publishFailCount"":0,""retryCount"":0,""retryFailCount"":0,""rejectedSamples"":0,""lastRejectReason"":""none"",""lastRejectChannel"":-1,""lastRejectOkFiniteCount"":0,""lastRejectStatus"":255,""lastRejectGain"":0,""lastRejectSaturated"":false},""recovery"":{""wifiReconnectCount"":0,""wifiReconnectFailCount"":0,""mqttReconnectCount"":0,""mqttConnectFailCount"":0,""lastMqttState"":0,""adsRecoveryCount"":0,""adsRecoveryFailCount"":0,""adsReadFailStreak"":0,""lastReason"":""none"",""lastRecoveryMs"":0,""bootRecoveryArmed"":false,""bootRecoveryDueMs"":0,""bootRecoveryReason"":""none"",""bootRecoveryNonAdsFailure"":false,""bootRecoveryRestartCount"":0},""nulling"":{""done"":false,""retryArmed"":false,""attemptCount"":0,""nextRetryMs"":0,""thresholdV"":9.999999747E-06,""minFinalV"":0},""telemetry"":{""valid"":true,""sampleMs"":7013806,""gasClass"":6,""gasName"":""CO2"",""confidence"":0,""alarm"":false,""sensorVoltage"":[0.127816588,0.003920501,0.004861346,-0.002591617,-0.009370022,-0.011686251,-0.019514,-0.025470614],""sensorGain"":[16,64,64,64,64,64,64,64],""sensorStatus"":[0,0,0,0,0,0,0,0],""featureOrder"":[""MQ8"",""MQ135"",""MQ3"",""MQ5"",""MQ4"",""MQ7"",""MQ6"",""MQ2""]},""alarmLatched"":false}"
2026-08-04 11:17:58.609 +07:00,637.477,HOT_SWEEP_70,70,700,300,1,0,0.127864465,0.003914315,0.004893422,-0.002580743,-0.00936352,-0.011688262,-0.019445991,-0.025522023,"{""deviceId"":""1001"",""nodeId"":4097,""targetChId"":""0010"",""mode"":""inference"",""uptimeMs"":7014921,""debugEnabled"":true,""power"":{""mode"":""24v"",""externalPower"":true,""batteryMv"":65535,""batteryValid"":false,""batteryDetected"":false,""batterySenseStatus"":""not_detected"",""batteryLow"":false,""batteryCritical"":false,""sourceAmbiguous"":false,""serviceHoldActive"":false,""serviceHoldEffective"":false},""batterySession"":{""state"":""inactive"",""startedMs"":0,""stateStartedMs"":0,""validSampleBatches"":0,""requiredSampleBatches"":10,""alarmTxAttempts"":0,""alarmTxAttemptLimit"":3,""alarmAckReceived"":false,""pendingAlarm"":false,""pendingSaveRequired"":false,""persistenceFaultHold"":false,""completionReason"":""session_done""},""bootHealth"":{""adsReady"":true,""adsDrdyLevel"":0,""adsDrdyPulldownLevel"":0,""adsDrdyPullupLevel"":0,""adsMisoPulldownLevel"":0,""adsMisoPullupLevel"":1,""adsCsLevel"":1,""adsSyncLevel"":1,""adsStatus"":54,""adsMux"":15,""adsAdcon"":6,""adsDrate"":240,""adsReason"":""ok"",""tcaOk"":true,""mcpOkCount"":8,""mcpOk"":[true,true,true,true,true,true,true,true],""mcpAddrMask"":[1,1,1,1,1,1,1,1],""mcpControlTested"":true,""mcpControlOkCount"":8,""mcpControlOk"":[true,true,true,true,true,true,true,true],""dacReady"":true,""radioReady"":true,""mlReady"":true,""nullingProfileApplied"":true,""modelProfileReady"":false},""runtimeMcpCode"":[255,519,795,706,799,865,665,139],""model"":{""profileId"":""cnn-dualbranch-datasheet-v1-unbound"",""scalerProfileId"":""cnn-dualbranch-datasheet-v1-unbound"",""productionApproved"":true,""boundNullingProfileId"":8,""activeNullingProfileId"":9,""bindingValid"":true,""bindingModelMatches"":true,""profileReady"":false,""inferenceValid"":false,""sensorFault"":true},""lora"":{""beginState"":0,""lastTxState"":0,""lastTxOk"":false,""txSeq"":0,""txCounter"":0,""aesKeyProvisioned"":true,""aesKeyPresent"":true,""aesKeySource"":""nvs"",""keyId"":1,""lastDownlinkCommandId"":0,""freqMHz"":920,""bwKHz"":125,""sf"":7,""cr"":5,""syncWord"":18,""txPowerDbm"":17,""preamble"":8,""tcxoVoltage"":1.600000024,""xtalVoltage"":0},""dataset"":{""state"":""idle"",""step"":""idle"",""label"":"""",""seq"":0,""targetSamples"":0,""sampleIntervalMs"":500,""maxDurationMs"":0,""useFanIntake"":true,""fanOnMs"":1000,""postFanSettleMs"":0,""nullingProfileId"":9,""queuePending"":0,""queueCapacity"":16,""queueEnqueued"":0,""queueDropped"":0,""publishFailCount"":0,""retryCount"":0,""retryFailCount"":0,""rejectedSamples"":0,""lastRejectReason"":""none"",""lastRejectChannel"":-1,""lastRejectOkFiniteCount"":0,""lastRejectStatus"":255,""lastRejectGain"":0,""lastRejectSaturated"":false},""recovery"":{""wifiReconnectCount"":0,""wifiReconnectFailCount"":0,""mqttReconnectCount"":0,""mqttConnectFailCount"":0,""lastMqttState"":0,""adsRecoveryCount"":0,""adsRecoveryFailCount"":0,""adsReadFailStreak"":0,""lastReason"":""none"",""lastRecoveryMs"":0,""bootRecoveryArmed"":false,""bootRecoveryDueMs"":0,""bootRecoveryReason"":""none"",""bootRecoveryNonAdsFailure"":false,""bootRecoveryRestartCount"":0},""nulling"":{""done"":false,""retryArmed"":false,""attemptCount"":0,""nextRetryMs"":0,""thresholdV"":9.999999747E-06,""minFinalV"":0},""telemetry"":{""valid"":true,""sampleMs"":7014501,""gasClass"":6,""gasName"":""CO2"",""confidence"":0,""alarm"":false,""sensorVoltage"":[0.127864465,0.003914315,0.004893422,-0.002580743,-0.00936352,-0.011688262,-0.019445991,-0.025522023],""sensorGain"":[16,64,64,64,64,64,64,64],""sensorStatus"":[0,0,0,0,0,0,0,0],""featureOrder"":[""MQ8"",""MQ135"",""MQ3"",""MQ5"",""MQ4"",""MQ7"",""MQ6"",""MQ2""]},""alarmLatched"":false}"
2026-08-04 11:17:59.301 +07:00,638.171,HOT_SWEEP_70,70,700,300,1,0,0.127682358,0.00393362,0.004861316,-0.002551909,-0.009352561,-0.01163643,-0.019443771,-0.025501007,"{""deviceId"":""1001"",""nodeId"":4097,""targetChId"":""0010"",""mode"":""inference"",""uptimeMs"":7015613,""debugEnabled"":true,""power"":{""mode"":""24v"",""externalPower"":true,""batteryMv"":65535,""batteryValid"":false,""batteryDetected"":false,""batterySenseStatus"":""not_detected"",""batteryLow"":false,""batteryCritical"":false,""sourceAmbiguous"":false,""serviceHoldActive"":false,""serviceHoldEffective"":false},""batterySession"":{""state"":""inactive"",""startedMs"":0,""stateStartedMs"":0,""validSampleBatches"":0,""requiredSampleBatches"":10,""alarmTxAttempts"":0,""alarmTxAttemptLimit"":3,""alarmAckReceived"":false,""pendingAlarm"":false,""pendingSaveRequired"":false,""persistenceFaultHold"":false,""completionReason"":""session_done""},""bootHealth"":{""adsReady"":true,""adsDrdyLevel"":0,""adsDrdyPulldownLevel"":0,""adsDrdyPullupLevel"":0,""adsMisoPulldownLevel"":0,""adsMisoPullupLevel"":1,""adsCsLevel"":1,""adsSyncLevel"":1,""adsStatus"":54,""adsMux"":15,""adsAdcon"":6,""adsDrate"":240,""adsReason"":""ok"",""tcaOk"":true,""mcpOkCount"":8,""mcpOk"":[true,true,true,true,true,true,true,true],""mcpAddrMask"":[1,1,1,1,1,1,1,1],""mcpControlTested"":true,""mcpControlOkCount"":8,""mcpControlOk"":[true,true,true,true,true,true,true,true],""dacReady"":true,""radioReady"":true,""mlReady"":true,""nullingProfileApplied"":true,""modelProfileReady"":false},""runtimeMcpCode"":[255,519,795,706,799,865,665,139],""model"":{""profileId"":""cnn-dualbranch-datasheet-v1-unbound"",""scalerProfileId"":""cnn-dualbranch-datasheet-v1-unbound"",""productionApproved"":true,""boundNullingProfileId"":8,""activeNullingProfileId"":9,""bindingValid"":true,""bindingModelMatches"":true,""profileReady"":false,""inferenceValid"":false,""sensorFault"":true},""lora"":{""beginState"":0,""lastTxState"":0,""lastTxOk"":false,""txSeq"":0,""txCounter"":0,""aesKeyProvisioned"":true,""aesKeyPresent"":true,""aesKeySource"":""nvs"",""keyId"":1,""lastDownlinkCommandId"":0,""freqMHz"":920,""bwKHz"":125,""sf"":7,""cr"":5,""syncWord"":18,""txPowerDbm"":17,""preamble"":8,""tcxoVoltage"":1.600000024,""xtalVoltage"":0},""dataset"":{""state"":""idle"",""step"":""idle"",""label"":"""",""seq"":0,""targetSamples"":0,""sampleIntervalMs"":500,""maxDurationMs"":0,""useFanIntake"":true,""fanOnMs"":1000,""postFanSettleMs"":0,""nullingProfileId"":9,""queuePending"":0,""queueCapacity"":16,""queueEnqueued"":0,""queueDropped"":0,""publishFailCount"":0,""retryCount"":0,""retryFailCount"":0,""rejectedSamples"":0,""lastRejectReason"":""none"",""lastRejectChannel"":-1,""lastRejectOkFiniteCount"":0,""lastRejectStatus"":255,""lastRejectGain"":0,""lastRejectSaturated"":false},""recovery"":{""wifiReconnectCount"":0,""wifiReconnectFailCount"":0,""mqttReconnectCount"":0,""mqttConnectFailCount"":0,""lastMqttState"":0,""adsRecoveryCount"":0,""adsRecoveryFailCount"":0,""adsReadFailStreak"":0,""lastReason"":""none"",""lastRecoveryMs"":0,""bootRecoveryArmed"":false,""bootRecoveryDueMs"":0,""bootRecoveryReason"":""none"",""bootRecoveryNonAdsFailure"":false,""bootRecoveryRestartCount"":0},""nulling"":{""done"":false,""retryArmed"":false,""attemptCount"":0,""nextRetryMs"":0,""thresholdV"":9.999999747E-06,""minFinalV"":0},""telemetry"":{""valid"":true,""sampleMs"":7015231,""gasClass"":6,""gasName"":""CO2"",""confidence"":0,""alarm"":false,""sensorVoltage"":[0.127682358,0.00393362,0.004861316,-0.002551909,-0.009352561,-0.01163643,-0.019443771,-0.025501007],""sensorGain"":[16,64,64,64,64,64,64,64],""sensorStatus"":[0,0,0,0,0,0,0,0],""featureOrder"":[""MQ8"",""MQ135"",""MQ3"",""MQ5"",""MQ4"",""MQ7"",""MQ6"",""MQ2""]},""alarmLatched"":false}"
2026-08-04 11:18:00.002 +07:00,638.871,HOT_SWEEP_70,70,700,300,1,0,0.12737377,0.003925175,0.004838934,-0.002568047,-0.009391053,-0.011590881,-0.019450963,-0.025455307,"{""deviceId"":""1001"",""nodeId"":4097,""targetChId"":""0010"",""mode"":""inference"",""uptimeMs"":7016313,""debugEnabled"":true,""power"":{""mode"":""24v"",""externalPower"":true,""batteryMv"":65535,""batteryValid"":false,""batteryDetected"":false,""batterySenseStatus"":""not_detected"",""batteryLow"":false,""batteryCritical"":false,""sourceAmbiguous"":false,""serviceHoldActive"":false,""serviceHoldEffective"":false},""batterySession"":{""state"":""inactive"",""startedMs"":0,""stateStartedMs"":0,""validSampleBatches"":0,""requiredSampleBatches"":10,""alarmTxAttempts"":0,""alarmTxAttemptLimit"":3,""alarmAckReceived"":false,""pendingAlarm"":false,""pendingSaveRequired"":false,""persistenceFaultHold"":false,""completionReason"":""session_done""},""bootHealth"":{""adsReady"":true,""adsDrdyLevel"":0,""adsDrdyPulldownLevel"":0,""adsDrdyPullupLevel"":0,""adsMisoPulldownLevel"":0,""adsMisoPullupLevel"":1,""adsCsLevel"":1,""adsSyncLevel"":1,""adsStatus"":54,""adsMux"":15,""adsAdcon"":6,""adsDrate"":240,""adsReason"":""ok"",""tcaOk"":true,""mcpOkCount"":8,""mcpOk"":[true,true,true,true,true,true,true,true],""mcpAddrMask"":[1,1,1,1,1,1,1,1],""mcpControlTested"":true,""mcpControlOkCount"":8,""mcpControlOk"":[true,true,true,true,true,true,true,true],""dacReady"":true,""radioReady"":true,""mlReady"":true,""nullingProfileApplied"":true,""modelProfileReady"":false},""runtimeMcpCode"":[255,519,795,706,799,865,665,139],""model"":{""profileId"":""cnn-dualbranch-datasheet-v1-unbound"",""scalerProfileId"":""cnn-dualbranch-datasheet-v1-unbound"",""productionApproved"":true,""boundNullingProfileId"":8,""activeNullingProfileId"":9,""bindingValid"":true,""bindingModelMatches"":true,""profileReady"":false,""inferenceValid"":false,""sensorFault"":true},""lora"":{""beginState"":0,""lastTxState"":0,""lastTxOk"":false,""txSeq"":0,""txCounter"":0,""aesKeyProvisioned"":true,""aesKeyPresent"":true,""aesKeySource"":""nvs"",""keyId"":1,""lastDownlinkCommandId"":0,""freqMHz"":920,""bwKHz"":125,""sf"":7,""cr"":5,""syncWord"":18,""txPowerDbm"":17,""preamble"":8,""tcxoVoltage"":1.600000024,""xtalVoltage"":0},""dataset"":{""state"":""idle"",""step"":""idle"",""label"":"""",""seq"":0,""targetSamples"":0,""sampleIntervalMs"":500,""maxDurationMs"":0,""useFanIntake"":true,""fanOnMs"":1000,""postFanSettleMs"":0,""nullingProfileId"":9,""queuePending"":0,""queueCapacity"":16,""queueEnqueued"":0,""queueDropped"":0,""publishFailCount"":0,""retryCount"":0,""retryFailCount"":0,""rejectedSamples"":0,""lastRejectReason"":""none"",""lastRejectChannel"":-1,""lastRejectOkFiniteCount"":0,""lastRejectStatus"":255,""lastRejectGain"":0,""lastRejectSaturated"":false},""recovery"":{""wifiReconnectCount"":0,""wifiReconnectFailCount"":0,""mqttReconnectCount"":0,""mqttConnectFailCount"":0,""lastMqttState"":0,""adsRecoveryCount"":0,""adsRecoveryFailCount"":0,""adsReadFailStreak"":0,""lastReason"":""none"",""lastRecoveryMs"":0,""bootRecoveryArmed"":false,""bootRecoveryDueMs"":0,""bootRecoveryReason"":""none"",""bootRecoveryNonAdsFailure"":false,""bootRecoveryRestartCount"":0},""nulling"":{""done"":false,""retryArmed"":false,""attemptCount"":0,""nextRetryMs"":0,""thresholdV"":9.999999747E-06,""minFinalV"":0},""telemetry"":{""valid"":true,""sampleMs"":7015891,""gasClass"":6,""gasName"":""CO2"",""confidence"":0,""alarm"":false,""sensorVoltage"":[0.12737377,0.003925175,0.004838934,-0.002568047,-0.009391053,-0.011590881,-0.019450963,-0.025455307],""sensorGain"":[16,64,64,64,64,64,64,64],""sensorStatus"":[0,0,0,0,0,0,0,0],""featureOrder"":[""MQ8"",""MQ135"",""MQ3"",""MQ5"",""MQ4"",""MQ7"",""MQ6"",""MQ2""]},""alarmLatched"":false}"
2026-08-04 11:18:00.696 +07:00,639.566,HOT_SWEEP_70,70,700,300,1,0,0.127131656,0.003909461,0.00483719,-0.002598901,-0.009400832,-0.0115846,-0.019447934,-0.025414113,"{""deviceId"":""1001"",""nodeId"":4097,""targetChId"":""0010"",""mode"":""inference"",""uptimeMs"":7017008,""debugEnabled"":true,""power"":{""mode"":""24v"",""externalPower"":true,""batteryMv"":65535,""batteryValid"":false,""batteryDetected"":false,""batterySenseStatus"":""not_detected"",""batteryLow"":false,""batteryCritical"":false,""sourceAmbiguous"":false,""serviceHoldActive"":false,""serviceHoldEffective"":false},""batterySession"":{""state"":""inactive"",""startedMs"":0,""stateStartedMs"":0,""validSampleBatches"":0,""requiredSampleBatches"":10,""alarmTxAttempts"":0,""alarmTxAttemptLimit"":3,""alarmAckReceived"":false,""pendingAlarm"":false,""pendingSaveRequired"":false,""persistenceFaultHold"":false,""completionReason"":""session_done""},""bootHealth"":{""adsReady"":true,""adsDrdyLevel"":0,""adsDrdyPulldownLevel"":0,""adsDrdyPullupLevel"":0,""adsMisoPulldownLevel"":0,""adsMisoPullupLevel"":1,""adsCsLevel"":1,""adsSyncLevel"":1,""adsStatus"":54,""adsMux"":15,""adsAdcon"":6,""adsDrate"":240,""adsReason"":""ok"",""tcaOk"":true,""mcpOkCount"":8,""mcpOk"":[true,true,true,true,true,true,true,true],""mcpAddrMask"":[1,1,1,1,1,1,1,1],""mcpControlTested"":true,""mcpControlOkCount"":8,""mcpControlOk"":[true,true,true,true,true,true,true,true],""dacReady"":true,""radioReady"":true,""mlReady"":true,""nullingProfileApplied"":true,""modelProfileReady"":false},""runtimeMcpCode"":[255,519,795,706,799,865,665,139],""model"":{""profileId"":""cnn-dualbranch-datasheet-v1-unbound"",""scalerProfileId"":""cnn-dualbranch-datasheet-v1-unbound"",""productionApproved"":true,""boundNullingProfileId"":8,""activeNullingProfileId"":9,""bindingValid"":true,""bindingModelMatches"":true,""profileReady"":false,""inferenceValid"":false,""sensorFault"":true},""lora"":{""beginState"":0,""lastTxState"":0,""lastTxOk"":false,""txSeq"":0,""txCounter"":0,""aesKeyProvisioned"":true,""aesKeyPresent"":true,""aesKeySource"":""nvs"",""keyId"":1,""lastDownlinkCommandId"":0,""freqMHz"":920,""bwKHz"":125,""sf"":7,""cr"":5,""syncWord"":18,""txPowerDbm"":17,""preamble"":8,""tcxoVoltage"":1.600000024,""xtalVoltage"":0},""dataset"":{""state"":""idle"",""step"":""idle"",""label"":"""",""seq"":0,""targetSamples"":0,""sampleIntervalMs"":500,""maxDurationMs"":0,""useFanIntake"":true,""fanOnMs"":1000,""postFanSettleMs"":0,""nullingProfileId"":9,""queuePending"":0,""queueCapacity"":16,""queueEnqueued"":0,""queueDropped"":0,""publishFailCount"":0,""retryCount"":0,""retryFailCount"":0,""rejectedSamples"":0,""lastRejectReason"":""none"",""lastRejectChannel"":-1,""lastRejectOkFiniteCount"":0,""lastRejectStatus"":255,""lastRejectGain"":0,""lastRejectSaturated"":false},""recovery"":{""wifiReconnectCount"":0,""wifiReconnectFailCount"":0,""mqttReconnectCount"":0,""mqttConnectFailCount"":0,""lastMqttState"":0,""adsRecoveryCount"":0,""adsRecoveryFailCount"":0,""adsReadFailStreak"":0,""lastReason"":""none"",""lastRecoveryMs"":0,""bootRecoveryArmed"":false,""bootRecoveryDueMs"":0,""bootRecoveryReason"":""none"",""bootRecoveryNonAdsFailure"":false,""bootRecoveryRestartCount"":0},""nulling"":{""done"":false,""retryArmed"":false,""attemptCount"":0,""nextRetryMs"":0,""thresholdV"":9.999999747E-06,""minFinalV"":0},""telemetry"":{""valid"":true,""sampleMs"":7016591,""gasClass"":6,""gasName"":""CO2"",""confidence"":0,""alarm"":false,""sensorVoltage"":[0.127131656,0.003909461,0.00483719,-0.002598901,-0.009400832,-0.0115846,-0.019447934,-0.025414113],""sensorGain"":[16,64,64,64,64,64,64,64],""sensorStatus"":[0,0,0,0,0,0,0,0],""featureOrder"":[""MQ8"",""MQ135"",""MQ3"",""MQ5"",""MQ4"",""MQ7"",""MQ6"",""MQ2""]},""alarmLatched"":false}"
2026-08-04 11:18:01.393 +07:00,640.263,HOT_SWEEP_70,70,700,300,1,0,0.126882628,0.003891451,0.004839907,-0.00255996,-0.009462752,-0.011576419,-0.019451359,-0.025414284,"{""deviceId"":""1001"",""nodeId"":4097,""targetChId"":""0010"",""mode"":""inference"",""uptimeMs"":7017704,""debugEnabled"":true,""power"":{""mode"":""24v"",""externalPower"":true,""batteryMv"":65535,""batteryValid"":false,""batteryDetected"":false,""batterySenseStatus"":""not_detected"",""batteryLow"":false,""batteryCritical"":false,""sourceAmbiguous"":false,""serviceHoldActive"":false,""serviceHoldEffective"":false},""batterySession"":{""state"":""inactive"",""startedMs"":0,""stateStartedMs"":0,""validSampleBatches"":0,""requiredSampleBatches"":10,""alarmTxAttempts"":0,""alarmTxAttemptLimit"":3,""alarmAckReceived"":false,""pendingAlarm"":false,""pendingSaveRequired"":false,""persistenceFaultHold"":false,""completionReason"":""session_done""},""bootHealth"":{""adsReady"":true,""adsDrdyLevel"":0,""adsDrdyPulldownLevel"":0,""adsDrdyPullupLevel"":0,""adsMisoPulldownLevel"":0,""adsMisoPullupLevel"":1,""adsCsLevel"":1,""adsSyncLevel"":1,""adsStatus"":54,""adsMux"":15,""adsAdcon"":6,""adsDrate"":240,""adsReason"":""ok"",""tcaOk"":true,""mcpOkCount"":8,""mcpOk"":[true,true,true,true,true,true,true,true],""mcpAddrMask"":[1,1,1,1,1,1,1,1],""mcpControlTested"":true,""mcpControlOkCount"":8,""mcpControlOk"":[true,true,true,true,true,true,true,true],""dacReady"":true,""radioReady"":true,""mlReady"":true,""nullingProfileApplied"":true,""modelProfileReady"":false},""runtimeMcpCode"":[255,519,795,706,799,865,665,139],""model"":{""profileId"":""cnn-dualbranch-datasheet-v1-unbound"",""scalerProfileId"":""cnn-dualbranch-datasheet-v1-unbound"",""productionApproved"":true,""boundNullingProfileId"":8,""activeNullingProfileId"":9,""bindingValid"":true,""bindingModelMatches"":true,""profileReady"":false,""inferenceValid"":false,""sensorFault"":true},""lora"":{""beginState"":0,""lastTxState"":0,""lastTxOk"":false,""txSeq"":0,""txCounter"":0,""aesKeyProvisioned"":true,""aesKeyPresent"":true,""aesKeySource"":""nvs"",""keyId"":1,""lastDownlinkCommandId"":0,""freqMHz"":920,""bwKHz"":125,""sf"":7,""cr"":5,""syncWord"":18,""txPowerDbm"":17,""preamble"":8,""tcxoVoltage"":1.600000024,""xtalVoltage"":0},""dataset"":{""state"":""idle"",""step"":""idle"",""label"":"""",""seq"":0,""targetSamples"":0,""sampleIntervalMs"":500,""maxDurationMs"":0,""useFanIntake"":true,""fanOnMs"":1000,""postFanSettleMs"":0,""nullingProfileId"":9,""queuePending"":0,""queueCapacity"":16,""queueEnqueued"":0,""queueDropped"":0,""publishFailCount"":0,""retryCount"":0,""retryFailCount"":0,""rejectedSamples"":0,""lastRejectReason"":""none"",""lastRejectChannel"":-1,""lastRejectOkFiniteCount"":0,""lastRejectStatus"":255,""lastRejectGain"":0,""lastRejectSaturated"":false},""recovery"":{""wifiReconnectCount"":0,""wifiReconnectFailCount"":0,""mqttReconnectCount"":0,""mqttConnectFailCount"":0,""lastMqttState"":0,""adsRecoveryCount"":0,""adsRecoveryFailCount"":0,""adsReadFailStreak"":0,""lastReason"":""none"",""lastRecoveryMs"":0,""bootRecoveryArmed"":false,""bootRecoveryDueMs"":0,""bootRecoveryReason"":""none"",""bootRecoveryNonAdsFailure"":false,""bootRecoveryRestartCount"":0},""nulling"":{""done"":false,""retryArmed"":false,""attemptCount"":0,""nextRetryMs"":0,""thresholdV"":9.999999747E-06,""minFinalV"":0},""telemetry"":{""valid"":true,""sampleMs"":7017318,""gasClass"":6,""gasName"":""CO2"",""confidence"":0,""alarm"":false,""sensorVoltage"":[0.126882628,0.003891451,0.004839907,-0.00255996,-0.009462752,-0.011576419,-0.019451359,-0.025414284],""sensorGain"":[16,64,64,64,64,64,64,64],""sensorStatus"":[0,0,0,0,0,0,0,0],""featureOrder"":[""MQ8"",""MQ135"",""MQ3"",""MQ5"",""MQ4"",""MQ7"",""MQ6"",""MQ2""]},""alarmLatched"":false}"
2026-08-04 11:18:02.105 +07:00,640.978,HOT_SWEEP_70,70,700,300,1,0,0.126733348,0.003882116,0.004772288,-0.0025693,-0.009476341,-0.011591188,-0.01948349,-0.025909295,"{""deviceId"":""1001"",""nodeId"":4097,""targetChId"":""0010"",""mode"":""inference"",""uptimeMs"":7018420,""debugEnabled"":true,""power"":{""mode"":""24v"",""externalPower"":true,""batteryMv"":65535,""batteryValid"":false,""batteryDetected"":false,""batterySenseStatus"":""not_detected"",""batteryLow"":false,""batteryCritical"":false,""sourceAmbiguous"":false,""serviceHoldActive"":false,""serviceHoldEffective"":false},""batterySession"":{""state"":""inactive"",""startedMs"":0,""stateStartedMs"":0,""validSampleBatches"":0,""requiredSampleBatches"":10,""alarmTxAttempts"":0,""alarmTxAttemptLimit"":3,""alarmAckReceived"":false,""pendingAlarm"":false,""pendingSaveRequired"":false,""persistenceFaultHold"":false,""completionReason"":""session_done""},""bootHealth"":{""adsReady"":true,""adsDrdyLevel"":0,""adsDrdyPulldownLevel"":0,""adsDrdyPullupLevel"":0,""adsMisoPulldownLevel"":0,""adsMisoPullupLevel"":1,""adsCsLevel"":1,""adsSyncLevel"":1,""adsStatus"":54,""adsMux"":15,""adsAdcon"":6,""adsDrate"":240,""adsReason"":""ok"",""tcaOk"":true,""mcpOkCount"":8,""mcpOk"":[true,true,true,true,true,true,true,true],""mcpAddrMask"":[1,1,1,1,1,1,1,1],""mcpControlTested"":true,""mcpControlOkCount"":8,""mcpControlOk"":[true,true,true,true,true,true,true,true],""dacReady"":true,""radioReady"":true,""mlReady"":true,""nullingProfileApplied"":true,""modelProfileReady"":false},""runtimeMcpCode"":[255,519,795,706,799,865,665,139],""model"":{""profileId"":""cnn-dualbranch-datasheet-v1-unbound"",""scalerProfileId"":""cnn-dualbranch-datasheet-v1-unbound"",""productionApproved"":true,""boundNullingProfileId"":8,""activeNullingProfileId"":9,""bindingValid"":true,""bindingModelMatches"":true,""profileReady"":false,""inferenceValid"":false,""sensorFault"":true},""lora"":{""beginState"":0,""lastTxState"":0,""lastTxOk"":false,""txSeq"":0,""txCounter"":0,""aesKeyProvisioned"":true,""aesKeyPresent"":true,""aesKeySource"":""nvs"",""keyId"":1,""lastDownlinkCommandId"":0,""freqMHz"":920,""bwKHz"":125,""sf"":7,""cr"":5,""syncWord"":18,""txPowerDbm"":17,""preamble"":8,""tcxoVoltage"":1.600000024,""xtalVoltage"":0},""dataset"":{""state"":""idle"",""step"":""idle"",""label"":"""",""seq"":0,""targetSamples"":0,""sampleIntervalMs"":500,""maxDurationMs"":0,""useFanIntake"":true,""fanOnMs"":1000,""postFanSettleMs"":0,""nullingProfileId"":9,""queuePending"":0,""queueCapacity"":16,""queueEnqueued"":0,""queueDropped"":0,""publishFailCount"":0,""retryCount"":0,""retryFailCount"":0,""rejectedSamples"":0,""lastRejectReason"":""none"",""lastRejectChannel"":-1,""lastRejectOkFiniteCount"":0,""lastRejectStatus"":255,""lastRejectGain"":0,""lastRejectSaturated"":false},""recovery"":{""wifiReconnectCount"":0,""wifiReconnectFailCount"":0,""mqttReconnectCount"":0,""mqttConnectFailCount"":0,""lastMqttState"":0,""adsRecoveryCount"":0,""adsRecoveryFailCount"":0,""adsReadFailStreak"":0,""lastReason"":""none"",""lastRecoveryMs"":0,""bootRecoveryArmed"":false,""bootRecoveryDueMs"":0,""bootRecoveryReason"":""none"",""bootRecoveryNonAdsFailure"":false,""bootRecoveryRestartCount"":0},""nulling"":{""done"":false,""retryArmed"":false,""attemptCount"":0,""nextRetryMs"":0,""thresholdV"":9.999999747E-06,""minFinalV"":0},""telemetry"":{""valid"":true,""sampleMs"":7017982,""gasClass"":6,""gasName"":""CO2"",""confidence"":0,""alarm"":false,""sensorVoltage"":[0.126733348,0.003882116,0.004772288,-0.0025693,-0.009476341,-0.011591188,-0.01948349,-0.025909295],""sensorGain"":[16,64,64,64,64,64,64,64],""sensorStatus"":[0,0,0,0,0,0,0,0],""featureOrder"":[""MQ8"",""MQ135"",""MQ3"",""MQ5"",""MQ4"",""MQ7"",""MQ6"",""MQ2""]},""alarmLatched"":false}"
2026-08-04 11:18:02.799 +07:00,641.671,HOT_SWEEP_70,70,700,300,1,0,0.126605153,0.003928778,0.004782757,-0.002540532,-0.009505892,-0.011597022,-0.019404424,-0.025865126,"{""deviceId"":""1001"",""nodeId"":4097,""targetChId"":""0010"",""mode"":""inference"",""uptimeMs"":7019112,""debugEnabled"":true,""power"":{""mode"":""24v"",""externalPower"":true,""batteryMv"":65535,""batteryValid"":false,""batteryDetected"":false,""batterySenseStatus"":""not_detected"",""batteryLow"":false,""batteryCritical"":false,""sourceAmbiguous"":false,""serviceHoldActive"":false,""serviceHoldEffective"":false},""batterySession"":{""state"":""inactive"",""startedMs"":0,""stateStartedMs"":0,""validSampleBatches"":0,""requiredSampleBatches"":10,""alarmTxAttempts"":0,""alarmTxAttemptLimit"":3,""alarmAckReceived"":false,""pendingAlarm"":false,""pendingSaveRequired"":false,""persistenceFaultHold"":false,""completionReason"":""session_done""},""bootHealth"":{""adsReady"":true,""adsDrdyLevel"":0,""adsDrdyPulldownLevel"":0,""adsDrdyPullupLevel"":0,""adsMisoPulldownLevel"":0,""adsMisoPullupLevel"":1,""adsCsLevel"":1,""adsSyncLevel"":1,""adsStatus"":54,""adsMux"":15,""adsAdcon"":6,""adsDrate"":240,""adsReason"":""ok"",""tcaOk"":true,""mcpOkCount"":8,""mcpOk"":[true,true,true,true,true,true,true,true],""mcpAddrMask"":[1,1,1,1,1,1,1,1],""mcpControlTested"":true,""mcpControlOkCount"":8,""mcpControlOk"":[true,true,true,true,true,true,true,true],""dacReady"":true,""radioReady"":true,""mlReady"":true,""nullingProfileApplied"":true,""modelProfileReady"":false},""runtimeMcpCode"":[255,519,795,706,799,865,665,139],""model"":{""profileId"":""cnn-dualbranch-datasheet-v1-unbound"",""scalerProfileId"":""cnn-dualbranch-datasheet-v1-unbound"",""productionApproved"":true,""boundNullingProfileId"":8,""activeNullingProfileId"":9,""bindingValid"":true,""bindingModelMatches"":true,""profileReady"":false,""inferenceValid"":false,""sensorFault"":true},""lora"":{""beginState"":0,""lastTxState"":0,""lastTxOk"":false,""txSeq"":0,""txCounter"":0,""aesKeyProvisioned"":true,""aesKeyPresent"":true,""aesKeySource"":""nvs"",""keyId"":1,""lastDownlinkCommandId"":0,""freqMHz"":920,""bwKHz"":125,""sf"":7,""cr"":5,""syncWord"":18,""txPowerDbm"":17,""preamble"":8,""tcxoVoltage"":1.600000024,""xtalVoltage"":0},""dataset"":{""state"":""idle"",""step"":""idle"",""label"":"""",""seq"":0,""targetSamples"":0,""sampleIntervalMs"":500,""maxDurationMs"":0,""useFanIntake"":true,""fanOnMs"":1000,""postFanSettleMs"":0,""nullingProfileId"":9,""queuePending"":0,""queueCapacity"":16,""queueEnqueued"":0,""queueDropped"":0,""publishFailCount"":0,""retryCount"":0,""retryFailCount"":0,""rejectedSamples"":0,""lastRejectReason"":""none"",""lastRejectChannel"":-1,""lastRejectOkFiniteCount"":0,""lastRejectStatus"":255,""lastRejectGain"":0,""lastRejectSaturated"":false},""recovery"":{""wifiReconnectCount"":0,""wifiReconnectFailCount"":0,""mqttReconnectCount"":0,""mqttConnectFailCount"":0,""lastMqttState"":0,""adsRecoveryCount"":0,""adsRecoveryFailCount"":0,""adsReadFailStreak"":0,""lastReason"":""none"",""lastRecoveryMs"":0,""bootRecoveryArmed"":false,""bootRecoveryDueMs"":0,""bootRecoveryReason"":""none"",""bootRecoveryNonAdsFailure"":false,""bootRecoveryRestartCount"":0},""nulling"":{""done"":false,""retryArmed"":false,""attemptCount"":0,""nextRetryMs"":0,""thresholdV"":9.999999747E-06,""minFinalV"":0},""telemetry"":{""valid"":true,""sampleMs"":7018698,""gasClass"":6,""gasName"":""CO2"",""confidence"":0,""alarm"":false,""sensorVoltage"":[0.126605153,0.003928778,0.004782757,-0.002540532,-0.009505892,-0.011597022,-0.019404424,-0.025865126],""sensorGain"":[16,64,64,64,64,64,64,64],""sensorStatus"":[0,0,0,0,0,0,0,0],""featureOrder"":[""MQ8"",""MQ135"",""MQ3"",""MQ5"",""MQ4"",""MQ7"",""MQ6"",""MQ2""]},""alarmLatched"":false}"
2026-08-04 11:18:03.491 +07:00,642.364,HOT_SWEEP_70,70,700,300,1,0,0.12637043,0.00393122,0.004796517,-0.002533311,-0.009498877,-0.011657773,-0.019436589,-0.025853362,"{""deviceId"":""1001"",""nodeId"":4097,""targetChId"":""0010"",""mode"":""inference"",""uptimeMs"":7019805,""debugEnabled"":true,""power"":{""mode"":""24v"",""externalPower"":true,""batteryMv"":65535,""batteryValid"":false,""batteryDetected"":false,""batterySenseStatus"":""not_detected"",""batteryLow"":false,""batteryCritical"":false,""sourceAmbiguous"":false,""serviceHoldActive"":false,""serviceHoldEffective"":false},""batterySession"":{""state"":""inactive"",""startedMs"":0,""stateStartedMs"":0,""validSampleBatches"":0,""requiredSampleBatches"":10,""alarmTxAttempts"":0,""alarmTxAttemptLimit"":3,""alarmAckReceived"":false,""pendingAlarm"":false,""pendingSaveRequired"":false,""persistenceFaultHold"":false,""completionReason"":""session_done""},""bootHealth"":{""adsReady"":true,""adsDrdyLevel"":0,""adsDrdyPulldownLevel"":0,""adsDrdyPullupLevel"":0,""adsMisoPulldownLevel"":0,""adsMisoPullupLevel"":1,""adsCsLevel"":1,""adsSyncLevel"":1,""adsStatus"":54,""adsMux"":15,""adsAdcon"":6,""adsDrate"":240,""adsReason"":""ok"",""tcaOk"":true,""mcpOkCount"":8,""mcpOk"":[true,true,true,true,true,true,true,true],""mcpAddrMask"":[1,1,1,1,1,1,1,1],""mcpControlTested"":true,""mcpControlOkCount"":8,""mcpControlOk"":[true,true,true,true,true,true,true,true],""dacReady"":true,""radioReady"":true,""mlReady"":true,""nullingProfileApplied"":true,""modelProfileReady"":false},""runtimeMcpCode"":[255,519,795,706,799,865,665,139],""model"":{""profileId"":""cnn-dualbranch-datasheet-v1-unbound"",""scalerProfileId"":""cnn-dualbranch-datasheet-v1-unbound"",""productionApproved"":true,""boundNullingProfileId"":8,""activeNullingProfileId"":9,""bindingValid"":true,""bindingModelMatches"":true,""profileReady"":false,""inferenceValid"":false,""sensorFault"":true},""lora"":{""beginState"":0,""lastTxState"":0,""lastTxOk"":false,""txSeq"":0,""txCounter"":0,""aesKeyProvisioned"":true,""aesKeyPresent"":true,""aesKeySource"":""nvs"",""keyId"":1,""lastDownlinkCommandId"":0,""freqMHz"":920,""bwKHz"":125,""sf"":7,""cr"":5,""syncWord"":18,""txPowerDbm"":17,""preamble"":8,""tcxoVoltage"":1.600000024,""xtalVoltage"":0},""dataset"":{""state"":""idle"",""step"":""idle"",""label"":"""",""seq"":0,""targetSamples"":0,""sampleIntervalMs"":500,""maxDurationMs"":0,""useFanIntake"":true,""fanOnMs"":1000,""postFanSettleMs"":0,""nullingProfileId"":9,""queuePending"":0,""queueCapacity"":16,""queueEnqueued"":0,""queueDropped"":0,""publishFailCount"":0,""retryCount"":0,""retryFailCount"":0,""rejectedSamples"":0,""lastRejectReason"":""none"",""lastRejectChannel"":-1,""lastRejectOkFiniteCount"":0,""lastRejectStatus"":255,""lastRejectGain"":0,""lastRejectSaturated"":false},""recovery"":{""wifiReconnectCount"":0,""wifiReconnectFailCount"":0,""mqttReconnectCount"":0,""mqttConnectFailCount"":0,""lastMqttState"":0,""adsRecoveryCount"":0,""adsRecoveryFailCount"":0,""adsReadFailStreak"":0,""lastReason"":""none"",""lastRecoveryMs"":0,""bootRecoveryArmed"":false,""bootRecoveryDueMs"":0,""bootRecoveryReason"":""none"",""bootRecoveryNonAdsFailure"":false,""bootRecoveryRestartCount"":0},""nulling"":{""done"":false,""retryArmed"":false,""attemptCount"":0,""nextRetryMs"":0,""thresholdV"":9.999999747E-06,""minFinalV"":0},""telemetry"":{""valid"":true,""sampleMs"":7019422,""gasClass"":6,""gasName"":""CO2"",""confidence"":0,""alarm"":false,""sensorVoltage"":[0.12637043,0.00393122,0.004796517,-0.002533311,-0.009498877,-0.011657773,-0.019436589,-0.025853362],""sensorGain"":[16,64,64,64,64,64,64,64],""sensorStatus"":[0,0,0,0,0,0,0,0],""featureOrder"":[""MQ8"",""MQ135"",""MQ3"",""MQ5"",""MQ4"",""MQ7"",""MQ6"",""MQ2""]},""alarmLatched"":false}"
2026-08-04 11:18:04.193 +07:00,643.066,HOT_SWEEP_70,70,700,300,1,0,0.126215711,0.003949353,0.004876357,-0.002583167,-0.009506644,-0.011618122,-0.019444447,-0.025898442,"{""deviceId"":""1001"",""nodeId"":4097,""targetChId"":""0010"",""mode"":""inference"",""uptimeMs"":7020508,""debugEnabled"":true,""power"":{""mode"":""24v"",""externalPower"":true,""batteryMv"":65535,""batteryValid"":false,""batteryDetected"":false,""batterySenseStatus"":""not_detected"",""batteryLow"":false,""batteryCritical"":false,""sourceAmbiguous"":false,""serviceHoldActive"":false,""serviceHoldEffective"":false},""batterySession"":{""state"":""inactive"",""startedMs"":0,""stateStartedMs"":0,""validSampleBatches"":0,""requiredSampleBatches"":10,""alarmTxAttempts"":0,""alarmTxAttemptLimit"":3,""alarmAckReceived"":false,""pendingAlarm"":false,""pendingSaveRequired"":false,""persistenceFaultHold"":false,""completionReason"":""session_done""},""bootHealth"":{""adsReady"":true,""adsDrdyLevel"":0,""adsDrdyPulldownLevel"":0,""adsDrdyPullupLevel"":0,""adsMisoPulldownLevel"":0,""adsMisoPullupLevel"":1,""adsCsLevel"":1,""adsSyncLevel"":1,""adsStatus"":54,""adsMux"":15,""adsAdcon"":6,""adsDrate"":240,""adsReason"":""ok"",""tcaOk"":true,""mcpOkCount"":8,""mcpOk"":[true,true,true,true,true,true,true,true],""mcpAddrMask"":[1,1,1,1,1,1,1,1],""mcpControlTested"":true,""mcpControlOkCount"":8,""mcpControlOk"":[true,true,true,true,true,true,true,true],""dacReady"":true,""radioReady"":true,""mlReady"":true,""nullingProfileApplied"":true,""modelProfileReady"":false},""runtimeMcpCode"":[255,519,795,706,799,865,665,139],""model"":{""profileId"":""cnn-dualbranch-datasheet-v1-unbound"",""scalerProfileId"":""cnn-dualbranch-datasheet-v1-unbound"",""productionApproved"":true,""boundNullingProfileId"":8,""activeNullingProfileId"":9,""bindingValid"":true,""bindingModelMatches"":true,""profileReady"":false,""inferenceValid"":false,""sensorFault"":true},""lora"":{""beginState"":0,""lastTxState"":0,""lastTxOk"":false,""txSeq"":0,""txCounter"":0,""aesKeyProvisioned"":true,""aesKeyPresent"":true,""aesKeySource"":""nvs"",""keyId"":1,""lastDownlinkCommandId"":0,""freqMHz"":920,""bwKHz"":125,""sf"":7,""cr"":5,""syncWord"":18,""txPowerDbm"":17,""preamble"":8,""tcxoVoltage"":1.600000024,""xtalVoltage"":0},""dataset"":{""state"":""idle"",""step"":""idle"",""label"":"""",""seq"":0,""targetSamples"":0,""sampleIntervalMs"":500,""maxDurationMs"":0,""useFanIntake"":true,""fanOnMs"":1000,""postFanSettleMs"":0,""nullingProfileId"":9,""queuePending"":0,""queueCapacity"":16,""queueEnqueued"":0,""queueDropped"":0,""publishFailCount"":0,""retryCount"":0,""retryFailCount"":0,""rejectedSamples"":0,""lastRejectReason"":""none"",""lastRejectChannel"":-1,""lastRejectOkFiniteCount"":0,""lastRejectStatus"":255,""lastRejectGain"":0,""lastRejectSaturated"":false},""recovery"":{""wifiReconnectCount"":0,""wifiReconnectFailCount"":0,""mqttReconnectCount"":0,""mqttConnectFailCount"":0,""lastMqttState"":0,""adsRecoveryCount"":0,""adsRecoveryFailCount"":0,""adsReadFailStreak"":0,""lastReason"":""none"",""lastRecoveryMs"":0,""bootRecoveryArmed"":false,""bootRecoveryDueMs"":0,""bootRecoveryReason"":""none"",""bootRecoveryNonAdsFailure"":false,""bootRecoveryRestartCount"":0},""nulling"":{""done"":false,""retryArmed"":false,""attemptCount"":0,""nextRetryMs"":0,""thresholdV"":9.999999747E-06,""minFinalV"":0},""telemetry"":{""valid"":true,""sampleMs"":7020083,""gasClass"":6,""gasName"":""CO2"",""confidence"":0,""alarm"":false,""sensorVoltage"":[0.126215711,0.003949353,0.004876357,-0.002583167,-0.009506644,-0.011618122,-0.019444447,-0.025898442],""sensorGain"":[16,64,64,64,64,64,64,64],""sensorStatus"":[0,0,0,0,0,0,0,0],""featureOrder"":[""MQ8"",""MQ135"",""MQ3"",""MQ5"",""MQ4"",""MQ7"",""MQ6"",""MQ2""]},""alarmLatched"":false}"
2026-08-04 11:18:04.895 +07:00,643.760,HOT_SWEEP_70,70,700,300,1,0,0.125962287,0.003940028,0.004904175,-0.002603194,-0.009498681,-0.011619365,-0.01950115,-0.025952224,"{""deviceId"":""1001"",""nodeId"":4097,""targetChId"":""0010"",""mode"":""inference"",""uptimeMs"":7021215,""debugEnabled"":true,""power"":{""mode"":""24v"",""externalPower"":true,""batteryMv"":65535,""batteryValid"":false,""batteryDetected"":false,""batterySenseStatus"":""not_detected"",""batteryLow"":false,""batteryCritical"":false,""sourceAmbiguous"":false,""serviceHoldActive"":false,""serviceHoldEffective"":false},""batterySession"":{""state"":""inactive"",""startedMs"":0,""stateStartedMs"":0,""validSampleBatches"":0,""requiredSampleBatches"":10,""alarmTxAttempts"":0,""alarmTxAttemptLimit"":3,""alarmAckReceived"":false,""pendingAlarm"":false,""pendingSaveRequired"":false,""persistenceFaultHold"":false,""completionReason"":""session_done""},""bootHealth"":{""adsReady"":true,""adsDrdyLevel"":0,""adsDrdyPulldownLevel"":0,""adsDrdyPullupLevel"":0,""adsMisoPulldownLevel"":0,""adsMisoPullupLevel"":1,""adsCsLevel"":1,""adsSyncLevel"":1,""adsStatus"":54,""adsMux"":15,""adsAdcon"":6,""adsDrate"":240,""adsReason"":""ok"",""tcaOk"":true,""mcpOkCount"":8,""mcpOk"":[true,true,true,true,true,true,true,true],""mcpAddrMask"":[1,1,1,1,1,1,1,1],""mcpControlTested"":true,""mcpControlOkCount"":8,""mcpControlOk"":[true,true,true,true,true,true,true,true],""dacReady"":true,""radioReady"":true,""mlReady"":true,""nullingProfileApplied"":true,""modelProfileReady"":false},""runtimeMcpCode"":[255,519,795,706,799,865,665,139],""model"":{""profileId"":""cnn-dualbranch-datasheet-v1-unbound"",""scalerProfileId"":""cnn-dualbranch-datasheet-v1-unbound"",""productionApproved"":true,""boundNullingProfileId"":8,""activeNullingProfileId"":9,""bindingValid"":true,""bindingModelMatches"":true,""profileReady"":false,""inferenceValid"":false,""sensorFault"":true},""lora"":{""beginState"":0,""lastTxState"":0,""lastTxOk"":false,""txSeq"":0,""txCounter"":0,""aesKeyProvisioned"":true,""aesKeyPresent"":true,""aesKeySource"":""nvs"",""keyId"":1,""lastDownlinkCommandId"":0,""freqMHz"":920,""bwKHz"":125,""sf"":7,""cr"":5,""syncWord"":18,""txPowerDbm"":17,""preamble"":8,""tcxoVoltage"":1.600000024,""xtalVoltage"":0},""dataset"":{""state"":""idle"",""step"":""idle"",""label"":"""",""seq"":0,""targetSamples"":0,""sampleIntervalMs"":500,""maxDurationMs"":0,""useFanIntake"":true,""fanOnMs"":1000,""postFanSettleMs"":0,""nullingProfileId"":9,""queuePending"":0,""queueCapacity"":16,""queueEnqueued"":0,""queueDropped"":0,""publishFailCount"":0,""retryCount"":0,""retryFailCount"":0,""rejectedSamples"":0,""lastRejectReason"":""none"",""lastRejectChannel"":-1,""lastRejectOkFiniteCount"":0,""lastRejectStatus"":255,""lastRejectGain"":0,""lastRejectSaturated"":false},""recovery"":{""wifiReconnectCount"":0,""wifiReconnectFailCount"":0,""mqttReconnectCount"":0,""mqttConnectFailCount"":0,""lastMqttState"":0,""adsRecoveryCount"":0,""adsRecoveryFailCount"":0,""adsReadFailStreak"":0,""lastReason"":""none"",""lastRecoveryMs"":0,""bootRecoveryArmed"":false,""bootRecoveryDueMs"":0,""bootRecoveryReason"":""none"",""bootRecoveryNonAdsFailure"":false,""bootRecoveryRestartCount"":0},""nulling"":{""done"":false,""retryArmed"":false,""attemptCount"":0,""nextRetryMs"":0,""thresholdV"":9.999999747E-06,""minFinalV"":0},""telemetry"":{""valid"":true,""sampleMs"":7020786,""gasClass"":6,""gasName"":""CO2"",""confidence"":0,""alarm"":false,""sensorVoltage"":[0.125962287,0.003940028,0.004904175,-0.002603194,-0.009498681,-0.011619365,-0.01950115,-0.025952224],""sensorGain"":[16,64,64,64,64,64,64,64],""sensorStatus"":[0,0,0,0,0,0,0,0],""featureOrder"":[""MQ8"",""MQ135"",""MQ3"",""MQ5"",""MQ4"",""MQ7"",""MQ6"",""MQ2""]},""alarmLatched"":false}"
2026-08-04 11:18:05.602 +07:00,644.465,HOT_SWEEP_70,70,700,300,1,0,0.125933602,0.003962088,0.00479686,-0.002619891,-0.009489447,-0.01159543,-0.019507259,-0.025943398,"{""deviceId"":""1001"",""nodeId"":4097,""targetChId"":""0010"",""mode"":""inference"",""uptimeMs"":7021907,""debugEnabled"":true,""power"":{""mode"":""24v"",""externalPower"":true,""batteryMv"":65535,""batteryValid"":false,""batteryDetected"":false,""batterySenseStatus"":""not_detected"",""batteryLow"":false,""batteryCritical"":false,""sourceAmbiguous"":false,""serviceHoldActive"":false,""serviceHoldEffective"":false},""batterySession"":{""state"":""inactive"",""startedMs"":0,""stateStartedMs"":0,""validSampleBatches"":0,""requiredSampleBatches"":10,""alarmTxAttempts"":0,""alarmTxAttemptLimit"":3,""alarmAckReceived"":false,""pendingAlarm"":false,""pendingSaveRequired"":false,""persistenceFaultHold"":false,""completionReason"":""session_done""},""bootHealth"":{""adsReady"":true,""adsDrdyLevel"":0,""adsDrdyPulldownLevel"":0,""adsDrdyPullupLevel"":0,""adsMisoPulldownLevel"":0,""adsMisoPullupLevel"":1,""adsCsLevel"":1,""adsSyncLevel"":1,""adsStatus"":54,""adsMux"":15,""adsAdcon"":6,""adsDrate"":240,""adsReason"":""ok"",""tcaOk"":true,""mcpOkCount"":8,""mcpOk"":[true,true,true,true,true,true,true,true],""mcpAddrMask"":[1,1,1,1,1,1,1,1],""mcpControlTested"":true,""mcpControlOkCount"":8,""mcpControlOk"":[true,true,true,true,true,true,true,true],""dacReady"":true,""radioReady"":true,""mlReady"":true,""nullingProfileApplied"":true,""modelProfileReady"":false},""runtimeMcpCode"":[255,519,795,706,799,865,665,139],""model"":{""profileId"":""cnn-dualbranch-datasheet-v1-unbound"",""scalerProfileId"":""cnn-dualbranch-datasheet-v1-unbound"",""productionApproved"":true,""boundNullingProfileId"":8,""activeNullingProfileId"":9,""bindingValid"":true,""bindingModelMatches"":true,""profileReady"":false,""inferenceValid"":false,""sensorFault"":true},""lora"":{""beginState"":0,""lastTxState"":0,""lastTxOk"":false,""txSeq"":0,""txCounter"":0,""aesKeyProvisioned"":true,""aesKeyPresent"":true,""aesKeySource"":""nvs"",""keyId"":1,""lastDownlinkCommandId"":0,""freqMHz"":920,""bwKHz"":125,""sf"":7,""cr"":5,""syncWord"":18,""txPowerDbm"":17,""preamble"":8,""tcxoVoltage"":1.600000024,""xtalVoltage"":0},""dataset"":{""state"":""idle"",""step"":""idle"",""label"":"""",""seq"":0,""targetSamples"":0,""sampleIntervalMs"":500,""maxDurationMs"":0,""useFanIntake"":true,""fanOnMs"":1000,""postFanSettleMs"":0,""nullingProfileId"":9,""queuePending"":0,""queueCapacity"":16,""queueEnqueued"":0,""queueDropped"":0,""publishFailCount"":0,""retryCount"":0,""retryFailCount"":0,""rejectedSamples"":0,""lastRejectReason"":""none"",""lastRejectChannel"":-1,""lastRejectOkFiniteCount"":0,""lastRejectStatus"":255,""lastRejectGain"":0,""lastRejectSaturated"":false},""recovery"":{""wifiReconnectCount"":0,""wifiReconnectFailCount"":0,""mqttReconnectCount"":0,""mqttConnectFailCount"":0,""lastMqttState"":0,""adsRecoveryCount"":0,""adsRecoveryFailCount"":0,""adsReadFailStreak"":0,""lastReason"":""none"",""lastRecoveryMs"":0,""bootRecoveryArmed"":false,""bootRecoveryDueMs"":0,""bootRecoveryReason"":""none"",""bootRecoveryNonAdsFailure"":false,""bootRecoveryRestartCount"":0},""nulling"":{""done"":false,""retryArmed"":false,""attemptCount"":0,""nextRetryMs"":0,""thresholdV"":9.999999747E-06,""minFinalV"":0},""telemetry"":{""valid"":true,""sampleMs"":7021525,""gasClass"":6,""gasName"":""CO2"",""confidence"":0,""alarm"":false,""sensorVoltage"":[0.125933602,0.003962088,0.00479686,-0.002619891,-0.009489447,-0.01159543,-0.019507259,-0.025943398],""sensorGain"":[16,64,64,64,64,64,64,64],""sensorStatus"":[0,0,0,0,0,0,0,0],""featureOrder"":[""MQ8"",""MQ135"",""MQ3"",""MQ5"",""MQ4"",""MQ7"",""MQ6"",""MQ2""]},""alarmLatched"":false}"
2026-08-04 11:18:06.319 +07:00,645.174,HOT_SWEEP_70,70,700,300,1,0,0.125637621,0.003959661,0.004791961,-0.002623003,-0.009469405,-0.011587059,-0.01951794,-0.025952339,"{""deviceId"":""1001"",""nodeId"":4097,""targetChId"":""0010"",""mode"":""inference"",""uptimeMs"":7022616,""debugEnabled"":true,""power"":{""mode"":""24v"",""externalPower"":true,""batteryMv"":65535,""batteryValid"":false,""batteryDetected"":false,""batterySenseStatus"":""not_detected"",""batteryLow"":false,""batteryCritical"":false,""sourceAmbiguous"":false,""serviceHoldActive"":false,""serviceHoldEffective"":false},""batterySession"":{""state"":""inactive"",""startedMs"":0,""stateStartedMs"":0,""validSampleBatches"":0,""requiredSampleBatches"":10,""alarmTxAttempts"":0,""alarmTxAttemptLimit"":3,""alarmAckReceived"":false,""pendingAlarm"":false,""pendingSaveRequired"":false,""persistenceFaultHold"":false,""completionReason"":""session_done""},""bootHealth"":{""adsReady"":true,""adsDrdyLevel"":0,""adsDrdyPulldownLevel"":0,""adsDrdyPullupLevel"":0,""adsMisoPulldownLevel"":0,""adsMisoPullupLevel"":1,""adsCsLevel"":1,""adsSyncLevel"":1,""adsStatus"":54,""adsMux"":15,""adsAdcon"":6,""adsDrate"":240,""adsReason"":""ok"",""tcaOk"":true,""mcpOkCount"":8,""mcpOk"":[true,true,true,true,true,true,true,true],""mcpAddrMask"":[1,1,1,1,1,1,1,1],""mcpControlTested"":true,""mcpControlOkCount"":8,""mcpControlOk"":[true,true,true,true,true,true,true,true],""dacReady"":true,""radioReady"":true,""mlReady"":true,""nullingProfileApplied"":true,""modelProfileReady"":false},""runtimeMcpCode"":[255,519,795,706,799,865,665,139],""model"":{""profileId"":""cnn-dualbranch-datasheet-v1-unbound"",""scalerProfileId"":""cnn-dualbranch-datasheet-v1-unbound"",""productionApproved"":true,""boundNullingProfileId"":8,""activeNullingProfileId"":9,""bindingValid"":true,""bindingModelMatches"":true,""profileReady"":false,""inferenceValid"":false,""sensorFault"":true},""lora"":{""beginState"":0,""lastTxState"":0,""lastTxOk"":false,""txSeq"":0,""txCounter"":0,""aesKeyProvisioned"":true,""aesKeyPresent"":true,""aesKeySource"":""nvs"",""keyId"":1,""lastDownlinkCommandId"":0,""freqMHz"":920,""bwKHz"":125,""sf"":7,""cr"":5,""syncWord"":18,""txPowerDbm"":17,""preamble"":8,""tcxoVoltage"":1.600000024,""xtalVoltage"":0},""dataset"":{""state"":""idle"",""step"":""idle"",""label"":"""",""seq"":0,""targetSamples"":0,""sampleIntervalMs"":500,""maxDurationMs"":0,""useFanIntake"":true,""fanOnMs"":1000,""postFanSettleMs"":0,""nullingProfileId"":9,""queuePending"":0,""queueCapacity"":16,""queueEnqueued"":0,""queueDropped"":0,""publishFailCount"":0,""retryCount"":0,""retryFailCount"":0,""rejectedSamples"":0,""lastRejectReason"":""none"",""lastRejectChannel"":-1,""lastRejectOkFiniteCount"":0,""lastRejectStatus"":255,""lastRejectGain"":0,""lastRejectSaturated"":false},""recovery"":{""wifiReconnectCount"":0,""wifiReconnectFailCount"":0,""mqttReconnectCount"":0,""mqttConnectFailCount"":0,""lastMqttState"":0,""adsRecoveryCount"":0,""adsRecoveryFailCount"":0,""adsReadFailStreak"":0,""lastReason"":""none"",""lastRecoveryMs"":0,""bootRecoveryArmed"":false,""bootRecoveryDueMs"":0,""bootRecoveryReason"":""none"",""bootRecoveryNonAdsFailure"":false,""bootRecoveryRestartCount"":0},""nulling"":{""done"":false,""retryArmed"":false,""attemptCount"":0,""nextRetryMs"":0,""thresholdV"":9.999999747E-06,""minFinalV"":0},""telemetry"":{""valid"":true,""sampleMs"":7022185,""gasClass"":6,""gasName"":""CO2"",""confidence"":0,""alarm"":false,""sensorVoltage"":[0.125637621,0.003959661,0.004791961,-0.002623003,-0.009469405,-0.011587059,-0.01951794,-0.025952339],""sensorGain"":[16,64,64,64,64,64,64,64],""sensorStatus"":[0,0,0,0,0,0,0,0],""featureOrder"":[""MQ8"",""MQ135"",""MQ3"",""MQ5"",""MQ4"",""MQ7"",""MQ6"",""MQ2""]},""alarmLatched"":false}"
2026-08-04 11:18:07.018 +07:00,645.883,HOT_SWEEP_70,70,700,300,1,0,0.125436932,0.0039636,0.004859219,-0.002601064,-0.009463718,-0.011593858,-0.0194623,-0.025981357,"{""deviceId"":""1001"",""nodeId"":4097,""targetChId"":""0010"",""mode"":""inference"",""uptimeMs"":7023332,""debugEnabled"":true,""power"":{""mode"":""24v"",""externalPower"":true,""batteryMv"":65535,""batteryValid"":false,""batteryDetected"":false,""batterySenseStatus"":""not_detected"",""batteryLow"":false,""batteryCritical"":false,""sourceAmbiguous"":false,""serviceHoldActive"":false,""serviceHoldEffective"":false},""batterySession"":{""state"":""inactive"",""startedMs"":0,""stateStartedMs"":0,""validSampleBatches"":0,""requiredSampleBatches"":10,""alarmTxAttempts"":0,""alarmTxAttemptLimit"":3,""alarmAckReceived"":false,""pendingAlarm"":false,""pendingSaveRequired"":false,""persistenceFaultHold"":false,""completionReason"":""session_done""},""bootHealth"":{""adsReady"":true,""adsDrdyLevel"":0,""adsDrdyPulldownLevel"":0,""adsDrdyPullupLevel"":0,""adsMisoPulldownLevel"":0,""adsMisoPullupLevel"":1,""adsCsLevel"":1,""adsSyncLevel"":1,""adsStatus"":54,""adsMux"":15,""adsAdcon"":6,""adsDrate"":240,""adsReason"":""ok"",""tcaOk"":true,""mcpOkCount"":8,""mcpOk"":[true,true,true,true,true,true,true,true],""mcpAddrMask"":[1,1,1,1,1,1,1,1],""mcpControlTested"":true,""mcpControlOkCount"":8,""mcpControlOk"":[true,true,true,true,true,true,true,true],""dacReady"":true,""radioReady"":true,""mlReady"":true,""nullingProfileApplied"":true,""modelProfileReady"":false},""runtimeMcpCode"":[255,519,795,706,799,865,665,139],""model"":{""profileId"":""cnn-dualbranch-datasheet-v1-unbound"",""scalerProfileId"":""cnn-dualbranch-datasheet-v1-unbound"",""productionApproved"":true,""boundNullingProfileId"":8,""activeNullingProfileId"":9,""bindingValid"":true,""bindingModelMatches"":true,""profileReady"":false,""inferenceValid"":false,""sensorFault"":true},""lora"":{""beginState"":0,""lastTxState"":0,""lastTxOk"":false,""txSeq"":0,""txCounter"":0,""aesKeyProvisioned"":true,""aesKeyPresent"":true,""aesKeySource"":""nvs"",""keyId"":1,""lastDownlinkCommandId"":0,""freqMHz"":920,""bwKHz"":125,""sf"":7,""cr"":5,""syncWord"":18,""txPowerDbm"":17,""preamble"":8,""tcxoVoltage"":1.600000024,""xtalVoltage"":0},""dataset"":{""state"":""idle"",""step"":""idle"",""label"":"""",""seq"":0,""targetSamples"":0,""sampleIntervalMs"":500,""maxDurationMs"":0,""useFanIntake"":true,""fanOnMs"":1000,""postFanSettleMs"":0,""nullingProfileId"":9,""queuePending"":0,""queueCapacity"":16,""queueEnqueued"":0,""queueDropped"":0,""publishFailCount"":0,""retryCount"":0,""retryFailCount"":0,""rejectedSamples"":0,""lastRejectReason"":""none"",""lastRejectChannel"":-1,""lastRejectOkFiniteCount"":0,""lastRejectStatus"":255,""lastRejectGain"":0,""lastRejectSaturated"":false},""recovery"":{""wifiReconnectCount"":0,""wifiReconnectFailCount"":0,""mqttReconnectCount"":0,""mqttConnectFailCount"":0,""lastMqttState"":0,""adsRecoveryCount"":0,""adsRecoveryFailCount"":0,""adsReadFailStreak"":0,""lastReason"":""none"",""lastRecoveryMs"":0,""bootRecoveryArmed"":false,""bootRecoveryDueMs"":0,""bootRecoveryReason"":""none"",""bootRecoveryNonAdsFailure"":false,""bootRecoveryRestartCount"":0},""nulling"":{""done"":false,""retryArmed"":false,""attemptCount"":0,""nextRetryMs"":0,""thresholdV"":9.999999747E-06,""minFinalV"":0},""telemetry"":{""valid"":true,""sampleMs"":7022899,""gasClass"":6,""gasName"":""CO2"",""confidence"":0,""alarm"":false,""sensorVoltage"":[0.125436932,0.0039636,0.004859219,-0.002601064,-0.009463718,-0.011593858,-0.0194623,-0.025981357],""sensorGain"":[16,64,64,64,64,64,64,64],""sensorStatus"":[0,0,0,0,0,0,0,0],""featureOrder"":[""MQ8"",""MQ135"",""MQ3"",""MQ5"",""MQ4"",""MQ7"",""MQ6"",""MQ2""]},""alarmLatched"":false}"
2026-08-04 11:18:07.715 +07:00,646.583,HOT_SWEEP_70,70,700,300,1,0,0.125377357,0.003978848,0.004862222,-0.002566062,-0.009420285,-0.011640163,-0.019472335,-0.025943395,"{""deviceId"":""1001"",""nodeId"":4097,""targetChId"":""0010"",""mode"":""inference"",""uptimeMs"":7024030,""debugEnabled"":true,""power"":{""mode"":""24v"",""externalPower"":true,""batteryMv"":65535,""batteryValid"":false,""batteryDetected"":false,""batterySenseStatus"":""not_detected"",""batteryLow"":false,""batteryCritical"":false,""sourceAmbiguous"":false,""serviceHoldActive"":false,""serviceHoldEffective"":false},""batterySession"":{""state"":""inactive"",""startedMs"":0,""stateStartedMs"":0,""validSampleBatches"":0,""requiredSampleBatches"":10,""alarmTxAttempts"":0,""alarmTxAttemptLimit"":3,""alarmAckReceived"":false,""pendingAlarm"":false,""pendingSaveRequired"":false,""persistenceFaultHold"":false,""completionReason"":""session_done""},""bootHealth"":{""adsReady"":true,""adsDrdyLevel"":0,""adsDrdyPulldownLevel"":0,""adsDrdyPullupLevel"":0,""adsMisoPulldownLevel"":0,""adsMisoPullupLevel"":1,""adsCsLevel"":1,""adsSyncLevel"":1,""adsStatus"":54,""adsMux"":15,""adsAdcon"":6,""adsDrate"":240,""adsReason"":""ok"",""tcaOk"":true,""mcpOkCount"":8,""mcpOk"":[true,true,true,true,true,true,true,true],""mcpAddrMask"":[1,1,1,1,1,1,1,1],""mcpControlTested"":true,""mcpControlOkCount"":8,""mcpControlOk"":[true,true,true,true,true,true,true,true],""dacReady"":true,""radioReady"":true,""mlReady"":true,""nullingProfileApplied"":true,""modelProfileReady"":false},""runtimeMcpCode"":[255,519,795,706,799,865,665,139],""model"":{""profileId"":""cnn-dualbranch-datasheet-v1-unbound"",""scalerProfileId"":""cnn-dualbranch-datasheet-v1-unbound"",""productionApproved"":true,""boundNullingProfileId"":8,""activeNullingProfileId"":9,""bindingValid"":true,""bindingModelMatches"":true,""profileReady"":false,""inferenceValid"":false,""sensorFault"":true},""lora"":{""beginState"":0,""lastTxState"":0,""lastTxOk"":false,""txSeq"":0,""txCounter"":0,""aesKeyProvisioned"":true,""aesKeyPresent"":true,""aesKeySource"":""nvs"",""keyId"":1,""lastDownlinkCommandId"":0,""freqMHz"":920,""bwKHz"":125,""sf"":7,""cr"":5,""syncWord"":18,""txPowerDbm"":17,""preamble"":8,""tcxoVoltage"":1.600000024,""xtalVoltage"":0},""dataset"":{""state"":""idle"",""step"":""idle"",""label"":"""",""seq"":0,""targetSamples"":0,""sampleIntervalMs"":500,""maxDurationMs"":0,""useFanIntake"":true,""fanOnMs"":1000,""postFanSettleMs"":0,""nullingProfileId"":9,""queuePending"":0,""queueCapacity"":16,""queueEnqueued"":0,""queueDropped"":0,""publishFailCount"":0,""retryCount"":0,""retryFailCount"":0,""rejectedSamples"":0,""lastRejectReason"":""none"",""lastRejectChannel"":-1,""lastRejectOkFiniteCount"":0,""lastRejectStatus"":255,""lastRejectGain"":0,""lastRejectSaturated"":false},""recovery"":{""wifiReconnectCount"":0,""wifiReconnectFailCount"":0,""mqttReconnectCount"":0,""mqttConnectFailCount"":0,""lastMqttState"":0,""adsRecoveryCount"":0,""adsRecoveryFailCount"":0,""adsReadFailStreak"":0,""lastReason"":""none"",""lastRecoveryMs"":0,""bootRecoveryArmed"":false,""bootRecoveryDueMs"":0,""bootRecoveryReason"":""none"",""bootRecoveryNonAdsFailure"":false,""bootRecoveryRestartCount"":0},""nulling"":{""done"":false,""retryArmed"":false,""attemptCount"":0,""nextRetryMs"":0,""thresholdV"":9.999999747E-06,""minFinalV"":0},""telemetry"":{""valid"":true,""sampleMs"":7023642,""gasClass"":6,""gasName"":""CO2"",""confidence"":0,""alarm"":false,""sensorVoltage"":[0.125377357,0.003978848,0.004862222,-0.002566062,-0.009420285,-0.011640163,-0.019472335,-0.025943395],""sensorGain"":[16,64,64,64,64,64,64,64],""sensorStatus"":[0,0,0,0,0,0,0,0],""featureOrder"":[""MQ8"",""MQ135"",""MQ3"",""MQ5"",""MQ4"",""MQ7"",""MQ6"",""MQ2""]},""alarmLatched"":false}"
2026-08-04 11:18:08.409 +07:00,647.288,HOT_SWEEP_70,70,700,300,1,0,0.125467494,0.003999492,0.004880264,-0.00259482,-0.009335618,-0.011654493,-0.019489152,-0.025463205,"{""deviceId"":""1001"",""nodeId"":4097,""targetChId"":""0010"",""mode"":""inference"",""uptimeMs"":7024730,""debugEnabled"":true,""power"":{""mode"":""24v"",""externalPower"":true,""batteryMv"":65535,""batteryValid"":false,""batteryDetected"":false,""batterySenseStatus"":""not_detected"",""batteryLow"":false,""batteryCritical"":false,""sourceAmbiguous"":false,""serviceHoldActive"":false,""serviceHoldEffective"":false},""batterySession"":{""state"":""inactive"",""startedMs"":0,""stateStartedMs"":0,""validSampleBatches"":0,""requiredSampleBatches"":10,""alarmTxAttempts"":0,""alarmTxAttemptLimit"":3,""alarmAckReceived"":false,""pendingAlarm"":false,""pendingSaveRequired"":false,""persistenceFaultHold"":false,""completionReason"":""session_done""},""bootHealth"":{""adsReady"":true,""adsDrdyLevel"":0,""adsDrdyPulldownLevel"":0,""adsDrdyPullupLevel"":0,""adsMisoPulldownLevel"":0,""adsMisoPullupLevel"":1,""adsCsLevel"":1,""adsSyncLevel"":1,""adsStatus"":54,""adsMux"":15,""adsAdcon"":6,""adsDrate"":240,""adsReason"":""ok"",""tcaOk"":true,""mcpOkCount"":8,""mcpOk"":[true,true,true,true,true,true,true,true],""mcpAddrMask"":[1,1,1,1,1,1,1,1],""mcpControlTested"":true,""mcpControlOkCount"":8,""mcpControlOk"":[true,true,true,true,true,true,true,true],""dacReady"":true,""radioReady"":true,""mlReady"":true,""nullingProfileApplied"":true,""modelProfileReady"":false},""runtimeMcpCode"":[255,519,795,706,799,865,665,139],""model"":{""profileId"":""cnn-dualbranch-datasheet-v1-unbound"",""scalerProfileId"":""cnn-dualbranch-datasheet-v1-unbound"",""productionApproved"":true,""boundNullingProfileId"":8,""activeNullingProfileId"":9,""bindingValid"":true,""bindingModelMatches"":true,""profileReady"":false,""inferenceValid"":false,""sensorFault"":true},""lora"":{""beginState"":0,""lastTxState"":0,""lastTxOk"":false,""txSeq"":0,""txCounter"":0,""aesKeyProvisioned"":true,""aesKeyPresent"":true,""aesKeySource"":""nvs"",""keyId"":1,""lastDownlinkCommandId"":0,""freqMHz"":920,""bwKHz"":125,""sf"":7,""cr"":5,""syncWord"":18,""txPowerDbm"":17,""preamble"":8,""tcxoVoltage"":1.600000024,""xtalVoltage"":0},""dataset"":{""state"":""idle"",""step"":""idle"",""label"":"""",""seq"":0,""targetSamples"":0,""sampleIntervalMs"":500,""maxDurationMs"":0,""useFanIntake"":true,""fanOnMs"":1000,""postFanSettleMs"":0,""nullingProfileId"":9,""queuePending"":0,""queueCapacity"":16,""queueEnqueued"":0,""queueDropped"":0,""publishFailCount"":0,""retryCount"":0,""retryFailCount"":0,""rejectedSamples"":0,""lastRejectReason"":""none"",""lastRejectChannel"":-1,""lastRejectOkFiniteCount"":0,""lastRejectStatus"":255,""lastRejectGain"":0,""lastRejectSaturated"":false},""recovery"":{""wifiReconnectCount"":0,""wifiReconnectFailCount"":0,""mqttReconnectCount"":0,""mqttConnectFailCount"":0,""lastMqttState"":0,""adsRecoveryCount"":0,""adsRecoveryFailCount"":0,""adsReadFailStreak"":0,""lastReason"":""none"",""lastRecoveryMs"":0,""bootRecoveryArmed"":false,""bootRecoveryDueMs"":0,""bootRecoveryReason"":""none"",""bootRecoveryNonAdsFailure"":false,""bootRecoveryRestartCount"":0},""nulling"":{""done"":false,""retryArmed"":false,""attemptCount"":0,""nextRetryMs"":0,""thresholdV"":9.999999747E-06,""minFinalV"":0},""telemetry"":{""valid"":true,""sampleMs"":7024308,""gasClass"":6,""gasName"":""CO2"",""confidence"":0,""alarm"":false,""sensorVoltage"":[0.125467494,0.003999492,0.004880264,-0.00259482,-0.009335618,-0.011654493,-0.019489152,-0.025463205],""sensorGain"":[16,64,64,64,64,64,64,64],""sensorStatus"":[0,0,0,0,0,0,0,0],""featureOrder"":[""MQ8"",""MQ135"",""MQ3"",""MQ5"",""MQ4"",""MQ7"",""MQ6"",""MQ2""]},""alarmLatched"":false}"
2026-08-04 11:18:09.118 +07:00,647.983,HOT_SWEEP_70,70,700,300,1,0,0.125330478,0.004032998,0.00490507,-0.002537968,-0.009335434,-0.011654508,-0.019448286,-0.024943357,"{""deviceId"":""1001"",""nodeId"":4097,""targetChId"":""0010"",""mode"":""inference"",""uptimeMs"":7025432,""debugEnabled"":true,""power"":{""mode"":""24v"",""externalPower"":true,""batteryMv"":65535,""batteryValid"":false,""batteryDetected"":false,""batterySenseStatus"":""not_detected"",""batteryLow"":false,""batteryCritical"":false,""sourceAmbiguous"":false,""serviceHoldActive"":false,""serviceHoldEffective"":false},""batterySession"":{""state"":""inactive"",""startedMs"":0,""stateStartedMs"":0,""validSampleBatches"":0,""requiredSampleBatches"":10,""alarmTxAttempts"":0,""alarmTxAttemptLimit"":3,""alarmAckReceived"":false,""pendingAlarm"":false,""pendingSaveRequired"":false,""persistenceFaultHold"":false,""completionReason"":""session_done""},""bootHealth"":{""adsReady"":true,""adsDrdyLevel"":0,""adsDrdyPulldownLevel"":0,""adsDrdyPullupLevel"":0,""adsMisoPulldownLevel"":0,""adsMisoPullupLevel"":1,""adsCsLevel"":1,""adsSyncLevel"":1,""adsStatus"":54,""adsMux"":15,""adsAdcon"":6,""adsDrate"":240,""adsReason"":""ok"",""tcaOk"":true,""mcpOkCount"":8,""mcpOk"":[true,true,true,true,true,true,true,true],""mcpAddrMask"":[1,1,1,1,1,1,1,1],""mcpControlTested"":true,""mcpControlOkCount"":8,""mcpControlOk"":[true,true,true,true,true,true,true,true],""dacReady"":true,""radioReady"":true,""mlReady"":true,""nullingProfileApplied"":true,""modelProfileReady"":false},""runtimeMcpCode"":[255,519,795,706,799,865,665,139],""model"":{""profileId"":""cnn-dualbranch-datasheet-v1-unbound"",""scalerProfileId"":""cnn-dualbranch-datasheet-v1-unbound"",""productionApproved"":true,""boundNullingProfileId"":8,""activeNullingProfileId"":9,""bindingValid"":true,""bindingModelMatches"":true,""profileReady"":false,""inferenceValid"":false,""sensorFault"":true},""lora"":{""beginState"":0,""lastTxState"":0,""lastTxOk"":false,""txSeq"":0,""txCounter"":0,""aesKeyProvisioned"":true,""aesKeyPresent"":true,""aesKeySource"":""nvs"",""keyId"":1,""lastDownlinkCommandId"":0,""freqMHz"":920,""bwKHz"":125,""sf"":7,""cr"":5,""syncWord"":18,""txPowerDbm"":17,""preamble"":8,""tcxoVoltage"":1.600000024,""xtalVoltage"":0},""dataset"":{""state"":""idle"",""step"":""idle"",""label"":"""",""seq"":0,""targetSamples"":0,""sampleIntervalMs"":500,""maxDurationMs"":0,""useFanIntake"":true,""fanOnMs"":1000,""postFanSettleMs"":0,""nullingProfileId"":9,""queuePending"":0,""queueCapacity"":16,""queueEnqueued"":0,""queueDropped"":0,""publishFailCount"":0,""retryCount"":0,""retryFailCount"":0,""rejectedSamples"":0,""lastRejectReason"":""none"",""lastRejectChannel"":-1,""lastRejectOkFiniteCount"":0,""lastRejectStatus"":255,""lastRejectGain"":0,""lastRejectSaturated"":false},""recovery"":{""wifiReconnectCount"":0,""wifiReconnectFailCount"":0,""mqttReconnectCount"":0,""mqttConnectFailCount"":0,""lastMqttState"":0,""adsRecoveryCount"":0,""adsRecoveryFailCount"":0,""adsReadFailStreak"":0,""lastReason"":""none"",""lastRecoveryMs"":0,""bootRecoveryArmed"":false,""bootRecoveryDueMs"":0,""bootRecoveryReason"":""none"",""bootRecoveryNonAdsFailure"":false,""bootRecoveryRestartCount"":0},""nulling"":{""done"":false,""retryArmed"":false,""attemptCount"":0,""nextRetryMs"":0,""thresholdV"":9.999999747E-06,""minFinalV"":0},""telemetry"":{""valid"":true,""sampleMs"":7025008,""gasClass"":6,""gasName"":""CO2"",""confidence"":0,""alarm"":false,""sensorVoltage"":[0.125330478,0.004032998,0.00490507,-0.002537968,-0.009335434,-0.011654508,-0.019448286,-0.024943357],""sensorGain"":[16,64,64,64,64,64,64,64],""sensorStatus"":[0,0,0,0,0,0,0,0],""featureOrder"":[""MQ8"",""MQ135"",""MQ3"",""MQ5"",""MQ4"",""MQ7"",""MQ6"",""MQ2""]},""alarmLatched"":false}"
2026-08-04 11:18:09.822 +07:00,648.692,HOT_SWEEP_70,70,700,300,1,0,0.125452489,0.004017173,0.00487256,-0.002549367,-0.009345424,-0.011660471,-0.019482726,-0.024993377,"{""deviceId"":""1001"",""nodeId"":4097,""targetChId"":""0010"",""mode"":""inference"",""uptimeMs"":7026133,""debugEnabled"":true,""power"":{""mode"":""24v"",""externalPower"":true,""batteryMv"":65535,""batteryValid"":false,""batteryDetected"":false,""batterySenseStatus"":""not_detected"",""batteryLow"":false,""batteryCritical"":false,""sourceAmbiguous"":false,""serviceHoldActive"":false,""serviceHoldEffective"":false},""batterySession"":{""state"":""inactive"",""startedMs"":0,""stateStartedMs"":0,""validSampleBatches"":0,""requiredSampleBatches"":10,""alarmTxAttempts"":0,""alarmTxAttemptLimit"":3,""alarmAckReceived"":false,""pendingAlarm"":false,""pendingSaveRequired"":false,""persistenceFaultHold"":false,""completionReason"":""session_done""},""bootHealth"":{""adsReady"":true,""adsDrdyLevel"":0,""adsDrdyPulldownLevel"":0,""adsDrdyPullupLevel"":0,""adsMisoPulldownLevel"":0,""adsMisoPullupLevel"":1,""adsCsLevel"":1,""adsSyncLevel"":1,""adsStatus"":54,""adsMux"":15,""adsAdcon"":6,""adsDrate"":240,""adsReason"":""ok"",""tcaOk"":true,""mcpOkCount"":8,""mcpOk"":[true,true,true,true,true,true,true,true],""mcpAddrMask"":[1,1,1,1,1,1,1,1],""mcpControlTested"":true,""mcpControlOkCount"":8,""mcpControlOk"":[true,true,true,true,true,true,true,true],""dacReady"":true,""radioReady"":true,""mlReady"":true,""nullingProfileApplied"":true,""modelProfileReady"":false},""runtimeMcpCode"":[255,519,795,706,799,865,665,139],""model"":{""profileId"":""cnn-dualbranch-datasheet-v1-unbound"",""scalerProfileId"":""cnn-dualbranch-datasheet-v1-unbound"",""productionApproved"":true,""boundNullingProfileId"":8,""activeNullingProfileId"":9,""bindingValid"":true,""bindingModelMatches"":true,""profileReady"":false,""inferenceValid"":false,""sensorFault"":true},""lora"":{""beginState"":0,""lastTxState"":0,""lastTxOk"":false,""txSeq"":0,""txCounter"":0,""aesKeyProvisioned"":true,""aesKeyPresent"":true,""aesKeySource"":""nvs"",""keyId"":1,""lastDownlinkCommandId"":0,""freqMHz"":920,""bwKHz"":125,""sf"":7,""cr"":5,""syncWord"":18,""txPowerDbm"":17,""preamble"":8,""tcxoVoltage"":1.600000024,""xtalVoltage"":0},""dataset"":{""state"":""idle"",""step"":""idle"",""label"":"""",""seq"":0,""targetSamples"":0,""sampleIntervalMs"":500,""maxDurationMs"":0,""useFanIntake"":true,""fanOnMs"":1000,""postFanSettleMs"":0,""nullingProfileId"":9,""queuePending"":0,""queueCapacity"":16,""queueEnqueued"":0,""queueDropped"":0,""publishFailCount"":0,""retryCount"":0,""retryFailCount"":0,""rejectedSamples"":0,""lastRejectReason"":""none"",""lastRejectChannel"":-1,""lastRejectOkFiniteCount"":0,""lastRejectStatus"":255,""lastRejectGain"":0,""lastRejectSaturated"":false},""recovery"":{""wifiReconnectCount"":0,""wifiReconnectFailCount"":0,""mqttReconnectCount"":0,""mqttConnectFailCount"":0,""lastMqttState"":0,""adsRecoveryCount"":0,""adsRecoveryFailCount"":0,""adsReadFailStreak"":0,""lastReason"":""none"",""lastRecoveryMs"":0,""bootRecoveryArmed"":false,""bootRecoveryDueMs"":0,""bootRecoveryReason"":""none"",""bootRecoveryNonAdsFailure"":false,""bootRecoveryRestartCount"":0},""nulling"":{""done"":false,""retryArmed"":false,""attemptCount"":0,""nextRetryMs"":0,""thresholdV"":9.999999747E-06,""minFinalV"":0},""telemetry"":{""valid"":true,""sampleMs"":7025742,""gasClass"":6,""gasName"":""CO2"",""confidence"":0,""alarm"":false,""sensorVoltage"":[0.125452489,0.004017173,0.00487256,-0.002549367,-0.009345424,-0.011660471,-0.019482726,-0.024993377],""sensorGain"":[16,64,64,64,64,64,64,64],""sensorStatus"":[0,0,0,0,0,0,0,0],""featureOrder"":[""MQ8"",""MQ135"",""MQ3"",""MQ5"",""MQ4"",""MQ7"",""MQ6"",""MQ2""]},""alarmLatched"":false}"
2026-08-04 11:18:10.514 +07:00,649.382,HOT_SWEEP_70,70,700,300,1,0,0.125735298,0.004061474,0.004857862,-0.002560552,-0.009330837,-0.011618095,-0.019455861,-0.025027949,"{""deviceId"":""1001"",""nodeId"":4097,""targetChId"":""0010"",""mode"":""inference"",""uptimeMs"":7026827,""debugEnabled"":true,""power"":{""mode"":""24v"",""externalPower"":true,""batteryMv"":65535,""batteryValid"":false,""batteryDetected"":false,""batterySenseStatus"":""not_detected"",""batteryLow"":false,""batteryCritical"":false,""sourceAmbiguous"":false,""serviceHoldActive"":false,""serviceHoldEffective"":false},""batterySession"":{""state"":""inactive"",""startedMs"":0,""stateStartedMs"":0,""validSampleBatches"":0,""requiredSampleBatches"":10,""alarmTxAttempts"":0,""alarmTxAttemptLimit"":3,""alarmAckReceived"":false,""pendingAlarm"":false,""pendingSaveRequired"":false,""persistenceFaultHold"":false,""completionReason"":""session_done""},""bootHealth"":{""adsReady"":true,""adsDrdyLevel"":0,""adsDrdyPulldownLevel"":0,""adsDrdyPullupLevel"":0,""adsMisoPulldownLevel"":0,""adsMisoPullupLevel"":1,""adsCsLevel"":1,""adsSyncLevel"":1,""adsStatus"":54,""adsMux"":15,""adsAdcon"":6,""adsDrate"":240,""adsReason"":""ok"",""tcaOk"":true,""mcpOkCount"":8,""mcpOk"":[true,true,true,true,true,true,true,true],""mcpAddrMask"":[1,1,1,1,1,1,1,1],""mcpControlTested"":true,""mcpControlOkCount"":8,""mcpControlOk"":[true,true,true,true,true,true,true,true],""dacReady"":true,""radioReady"":true,""mlReady"":true,""nullingProfileApplied"":true,""modelProfileReady"":false},""runtimeMcpCode"":[255,519,795,706,799,865,665,139],""model"":{""profileId"":""cnn-dualbranch-datasheet-v1-unbound"",""scalerProfileId"":""cnn-dualbranch-datasheet-v1-unbound"",""productionApproved"":true,""boundNullingProfileId"":8,""activeNullingProfileId"":9,""bindingValid"":true,""bindingModelMatches"":true,""profileReady"":false,""inferenceValid"":false,""sensorFault"":true},""lora"":{""beginState"":0,""lastTxState"":0,""lastTxOk"":false,""txSeq"":0,""txCounter"":0,""aesKeyProvisioned"":true,""aesKeyPresent"":true,""aesKeySource"":""nvs"",""keyId"":1,""lastDownlinkCommandId"":0,""freqMHz"":920,""bwKHz"":125,""sf"":7,""cr"":5,""syncWord"":18,""txPowerDbm"":17,""preamble"":8,""tcxoVoltage"":1.600000024,""xtalVoltage"":0},""dataset"":{""state"":""idle"",""step"":""idle"",""label"":"""",""seq"":0,""targetSamples"":0,""sampleIntervalMs"":500,""maxDurationMs"":0,""useFanIntake"":true,""fanOnMs"":1000,""postFanSettleMs"":0,""nullingProfileId"":9,""queuePending"":0,""queueCapacity"":16,""queueEnqueued"":0,""queueDropped"":0,""publishFailCount"":0,""retryCount"":0,""retryFailCount"":0,""rejectedSamples"":0,""lastRejectReason"":""none"",""lastRejectChannel"":-1,""lastRejectOkFiniteCount"":0,""lastRejectStatus"":255,""lastRejectGain"":0,""lastRejectSaturated"":false},""recovery"":{""wifiReconnectCount"":0,""wifiReconnectFailCount"":0,""mqttReconnectCount"":0,""mqttConnectFailCount"":0,""lastMqttState"":0,""adsRecoveryCount"":0,""adsRecoveryFailCount"":0,""adsReadFailStreak"":0,""lastReason"":""none"",""lastRecoveryMs"":0,""bootRecoveryArmed"":false,""bootRecoveryDueMs"":0,""bootRecoveryReason"":""none"",""bootRecoveryNonAdsFailure"":false,""bootRecoveryRestartCount"":0},""nulling"":{""done"":false,""retryArmed"":false,""attemptCount"":0,""nextRetryMs"":0,""thresholdV"":9.999999747E-06,""minFinalV"":0},""telemetry"":{""valid"":true,""sampleMs"":7026411,""gasClass"":6,""gasName"":""CO2"",""confidence"":0,""alarm"":false,""sensorVoltage"":[0.125735298,0.004061474,0.004857862,-0.002560552,-0.009330837,-0.011618095,-0.019455861,-0.025027949],""sensorGain"":[16,64,64,64,64,64,64,64],""sensorStatus"":[0,0,0,0,0,0,0,0],""featureOrder"":[""MQ8"",""MQ135"",""MQ3"",""MQ5"",""MQ4"",""MQ7"",""MQ6"",""MQ2""]},""alarmLatched"":false}"
2026-08-04 11:18:11.220 +07:00,650.089,HOT_SWEEP_70,70,700,300,1,0,0.125742942,0.004045866,0.004808799,-0.00252609,-0.009316687,-0.011681641,-0.019469617,-0.02499163,"{""deviceId"":""1001"",""nodeId"":4097,""targetChId"":""0010"",""mode"":""inference"",""uptimeMs"":7027530,""debugEnabled"":true,""power"":{""mode"":""24v"",""externalPower"":true,""batteryMv"":65535,""batteryValid"":false,""batteryDetected"":false,""batterySenseStatus"":""not_detected"",""batteryLow"":false,""batteryCritical"":false,""sourceAmbiguous"":false,""serviceHoldActive"":false,""serviceHoldEffective"":false},""batterySession"":{""state"":""inactive"",""startedMs"":0,""stateStartedMs"":0,""validSampleBatches"":0,""requiredSampleBatches"":10,""alarmTxAttempts"":0,""alarmTxAttemptLimit"":3,""alarmAckReceived"":false,""pendingAlarm"":false,""pendingSaveRequired"":false,""persistenceFaultHold"":false,""completionReason"":""session_done""},""bootHealth"":{""adsReady"":true,""adsDrdyLevel"":0,""adsDrdyPulldownLevel"":0,""adsDrdyPullupLevel"":0,""adsMisoPulldownLevel"":0,""adsMisoPullupLevel"":1,""adsCsLevel"":1,""adsSyncLevel"":1,""adsStatus"":54,""adsMux"":15,""adsAdcon"":6,""adsDrate"":240,""adsReason"":""ok"",""tcaOk"":true,""mcpOkCount"":8,""mcpOk"":[true,true,true,true,true,true,true,true],""mcpAddrMask"":[1,1,1,1,1,1,1,1],""mcpControlTested"":true,""mcpControlOkCount"":8,""mcpControlOk"":[true,true,true,true,true,true,true,true],""dacReady"":true,""radioReady"":true,""mlReady"":true,""nullingProfileApplied"":true,""modelProfileReady"":false},""runtimeMcpCode"":[255,519,795,706,799,865,665,139],""model"":{""profileId"":""cnn-dualbranch-datasheet-v1-unbound"",""scalerProfileId"":""cnn-dualbranch-datasheet-v1-unbound"",""productionApproved"":true,""boundNullingProfileId"":8,""activeNullingProfileId"":9,""bindingValid"":true,""bindingModelMatches"":true,""profileReady"":false,""inferenceValid"":false,""sensorFault"":true},""lora"":{""beginState"":0,""lastTxState"":0,""lastTxOk"":false,""txSeq"":0,""txCounter"":0,""aesKeyProvisioned"":true,""aesKeyPresent"":true,""aesKeySource"":""nvs"",""keyId"":1,""lastDownlinkCommandId"":0,""freqMHz"":920,""bwKHz"":125,""sf"":7,""cr"":5,""syncWord"":18,""txPowerDbm"":17,""preamble"":8,""tcxoVoltage"":1.600000024,""xtalVoltage"":0},""dataset"":{""state"":""idle"",""step"":""idle"",""label"":"""",""seq"":0,""targetSamples"":0,""sampleIntervalMs"":500,""maxDurationMs"":0,""useFanIntake"":true,""fanOnMs"":1000,""postFanSettleMs"":0,""nullingProfileId"":9,""queuePending"":0,""queueCapacity"":16,""queueEnqueued"":0,""queueDropped"":0,""publishFailCount"":0,""retryCount"":0,""retryFailCount"":0,""rejectedSamples"":0,""lastRejectReason"":""none"",""lastRejectChannel"":-1,""lastRejectOkFiniteCount"":0,""lastRejectStatus"":255,""lastRejectGain"":0,""lastRejectSaturated"":false},""recovery"":{""wifiReconnectCount"":0,""wifiReconnectFailCount"":0,""mqttReconnectCount"":0,""mqttConnectFailCount"":0,""lastMqttState"":0,""adsRecoveryCount"":0,""adsRecoveryFailCount"":0,""adsReadFailStreak"":0,""lastReason"":""none"",""lastRecoveryMs"":0,""bootRecoveryArmed"":false,""bootRecoveryDueMs"":0,""bootRecoveryReason"":""none"",""bootRecoveryNonAdsFailure"":false,""bootRecoveryRestartCount"":0},""nulling"":{""done"":false,""retryArmed"":false,""attemptCount"":0,""nextRetryMs"":0,""thresholdV"":9.999999747E-06,""minFinalV"":0},""telemetry"":{""valid"":true,""sampleMs"":7027105,""gasClass"":6,""gasName"":""CO2"",""confidence"":0,""alarm"":false,""sensorVoltage"":[0.125742942,0.004045866,0.004808799,-0.00252609,-0.009316687,-0.011681641,-0.019469617,-0.02499163],""sensorGain"":[16,64,64,64,64,64,64,64],""sensorStatus"":[0,0,0,0,0,0,0,0],""featureOrder"":[""MQ8"",""MQ135"",""MQ3"",""MQ5"",""MQ4"",""MQ7"",""MQ6"",""MQ2""]},""alarmLatched"":false}"
2026-08-04 11:18:11.916 +07:00,650.781,HOT_SWEEP_70,70,700,300,1,0,0.125906959,0.004057697,0.004826599,-0.002490653,-0.009331109,-0.011660988,-0.019444905,-0.024876107,"{""deviceId"":""1001"",""nodeId"":4097,""targetChId"":""0010"",""mode"":""inference"",""uptimeMs"":7028229,""debugEnabled"":true,""power"":{""mode"":""24v"",""externalPower"":true,""batteryMv"":65535,""batteryValid"":false,""batteryDetected"":false,""batterySenseStatus"":""not_detected"",""batteryLow"":false,""batteryCritical"":false,""sourceAmbiguous"":false,""serviceHoldActive"":false,""serviceHoldEffective"":false},""batterySession"":{""state"":""inactive"",""startedMs"":0,""stateStartedMs"":0,""validSampleBatches"":0,""requiredSampleBatches"":10,""alarmTxAttempts"":0,""alarmTxAttemptLimit"":3,""alarmAckReceived"":false,""pendingAlarm"":false,""pendingSaveRequired"":false,""persistenceFaultHold"":false,""completionReason"":""session_done""},""bootHealth"":{""adsReady"":true,""adsDrdyLevel"":0,""adsDrdyPulldownLevel"":0,""adsDrdyPullupLevel"":0,""adsMisoPulldownLevel"":0,""adsMisoPullupLevel"":1,""adsCsLevel"":1,""adsSyncLevel"":1,""adsStatus"":54,""adsMux"":15,""adsAdcon"":6,""adsDrate"":240,""adsReason"":""ok"",""tcaOk"":true,""mcpOkCount"":8,""mcpOk"":[true,true,true,true,true,true,true,true],""mcpAddrMask"":[1,1,1,1,1,1,1,1],""mcpControlTested"":true,""mcpControlOkCount"":8,""mcpControlOk"":[true,true,true,true,true,true,true,true],""dacReady"":true,""radioReady"":true,""mlReady"":true,""nullingProfileApplied"":true,""modelProfileReady"":false},""runtimeMcpCode"":[255,519,795,706,799,865,665,139],""model"":{""profileId"":""cnn-dualbranch-datasheet-v1-unbound"",""scalerProfileId"":""cnn-dualbranch-datasheet-v1-unbound"",""productionApproved"":true,""boundNullingProfileId"":8,""activeNullingProfileId"":9,""bindingValid"":true,""bindingModelMatches"":true,""profileReady"":false,""inferenceValid"":false,""sensorFault"":true},""lora"":{""beginState"":0,""lastTxState"":0,""lastTxOk"":false,""txSeq"":0,""txCounter"":0,""aesKeyProvisioned"":true,""aesKeyPresent"":true,""aesKeySource"":""nvs"",""keyId"":1,""lastDownlinkCommandId"":0,""freqMHz"":920,""bwKHz"":125,""sf"":7,""cr"":5,""syncWord"":18,""txPowerDbm"":17,""preamble"":8,""tcxoVoltage"":1.600000024,""xtalVoltage"":0},""dataset"":{""state"":""idle"",""step"":""idle"",""label"":"""",""seq"":0,""targetSamples"":0,""sampleIntervalMs"":500,""maxDurationMs"":0,""useFanIntake"":true,""fanOnMs"":1000,""postFanSettleMs"":0,""nullingProfileId"":9,""queuePending"":0,""queueCapacity"":16,""queueEnqueued"":0,""queueDropped"":0,""publishFailCount"":0,""retryCount"":0,""retryFailCount"":0,""rejectedSamples"":0,""lastRejectReason"":""none"",""lastRejectChannel"":-1,""lastRejectOkFiniteCount"":0,""lastRejectStatus"":255,""lastRejectGain"":0,""lastRejectSaturated"":false},""recovery"":{""wifiReconnectCount"":0,""wifiReconnectFailCount"":0,""mqttReconnectCount"":0,""mqttConnectFailCount"":0,""lastMqttState"":0,""adsRecoveryCount"":0,""adsRecoveryFailCount"":0,""adsReadFailStreak"":0,""lastReason"":""none"",""lastRecoveryMs"":0,""bootRecoveryArmed"":false,""bootRecoveryDueMs"":0,""bootRecoveryReason"":""none"",""bootRecoveryNonAdsFailure"":false,""bootRecoveryRestartCount"":0},""nulling"":{""done"":false,""retryArmed"":false,""attemptCount"":0,""nextRetryMs"":0,""thresholdV"":9.999999747E-06,""minFinalV"":0},""telemetry"":{""valid"":true,""sampleMs"":7027840,""gasClass"":6,""gasName"":""CO2"",""confidence"":0,""alarm"":false,""sensorVoltage"":[0.125906959,0.004057697,0.004826599,-0.002490653,-0.009331109,-0.011660988,-0.019444905,-0.024876107],""sensorGain"":[16,64,64,64,64,64,64,64],""sensorStatus"":[0,0,0,0,0,0,0,0],""featureOrder"":[""MQ8"",""MQ135"",""MQ3"",""MQ5"",""MQ4"",""MQ7"",""MQ6"",""MQ2""]},""alarmLatched"":false}"
2026-08-04 11:18:12.616 +07:00,651.480,HOT_SWEEP_70,70,700,300,1,0,0.125993013,0.004049536,0.004883067,-0.002478833,-0.009332868,-0.011649814,-0.019450549,-0.024893481,"{""deviceId"":""1001"",""nodeId"":4097,""targetChId"":""0010"",""mode"":""inference"",""uptimeMs"":7028929,""debugEnabled"":true,""power"":{""mode"":""24v"",""externalPower"":true,""batteryMv"":65535,""batteryValid"":false,""batteryDetected"":false,""batterySenseStatus"":""not_detected"",""batteryLow"":false,""batteryCritical"":false,""sourceAmbiguous"":false,""serviceHoldActive"":false,""serviceHoldEffective"":false},""batterySession"":{""state"":""inactive"",""startedMs"":0,""stateStartedMs"":0,""validSampleBatches"":0,""requiredSampleBatches"":10,""alarmTxAttempts"":0,""alarmTxAttemptLimit"":3,""alarmAckReceived"":false,""pendingAlarm"":false,""pendingSaveRequired"":false,""persistenceFaultHold"":false,""completionReason"":""session_done""},""bootHealth"":{""adsReady"":true,""adsDrdyLevel"":0,""adsDrdyPulldownLevel"":0,""adsDrdyPullupLevel"":0,""adsMisoPulldownLevel"":0,""adsMisoPullupLevel"":1,""adsCsLevel"":1,""adsSyncLevel"":1,""adsStatus"":54,""adsMux"":15,""adsAdcon"":6,""adsDrate"":240,""adsReason"":""ok"",""tcaOk"":true,""mcpOkCount"":8,""mcpOk"":[true,true,true,true,true,true,true,true],""mcpAddrMask"":[1,1,1,1,1,1,1,1],""mcpControlTested"":true,""mcpControlOkCount"":8,""mcpControlOk"":[true,true,true,true,true,true,true,true],""dacReady"":true,""radioReady"":true,""mlReady"":true,""nullingProfileApplied"":true,""modelProfileReady"":false},""runtimeMcpCode"":[255,519,795,706,799,865,665,139],""model"":{""profileId"":""cnn-dualbranch-datasheet-v1-unbound"",""scalerProfileId"":""cnn-dualbranch-datasheet-v1-unbound"",""productionApproved"":true,""boundNullingProfileId"":8,""activeNullingProfileId"":9,""bindingValid"":true,""bindingModelMatches"":true,""profileReady"":false,""inferenceValid"":false,""sensorFault"":true},""lora"":{""beginState"":0,""lastTxState"":0,""lastTxOk"":false,""txSeq"":0,""txCounter"":0,""aesKeyProvisioned"":true,""aesKeyPresent"":true,""aesKeySource"":""nvs"",""keyId"":1,""lastDownlinkCommandId"":0,""freqMHz"":920,""bwKHz"":125,""sf"":7,""cr"":5,""syncWord"":18,""txPowerDbm"":17,""preamble"":8,""tcxoVoltage"":1.600000024,""xtalVoltage"":0},""dataset"":{""state"":""idle"",""step"":""idle"",""label"":"""",""seq"":0,""targetSamples"":0,""sampleIntervalMs"":500,""maxDurationMs"":0,""useFanIntake"":true,""fanOnMs"":1000,""postFanSettleMs"":0,""nullingProfileId"":9,""queuePending"":0,""queueCapacity"":16,""queueEnqueued"":0,""queueDropped"":0,""publishFailCount"":0,""retryCount"":0,""retryFailCount"":0,""rejectedSamples"":0,""lastRejectReason"":""none"",""lastRejectChannel"":-1,""lastRejectOkFiniteCount"":0,""lastRejectStatus"":255,""lastRejectGain"":0,""lastRejectSaturated"":false},""recovery"":{""wifiReconnectCount"":0,""wifiReconnectFailCount"":0,""mqttReconnectCount"":0,""mqttConnectFailCount"":0,""lastMqttState"":0,""adsRecoveryCount"":0,""adsRecoveryFailCount"":0,""adsReadFailStreak"":0,""lastReason"":""none"",""lastRecoveryMs"":0,""bootRecoveryArmed"":false,""bootRecoveryDueMs"":0,""bootRecoveryReason"":""none"",""bootRecoveryNonAdsFailure"":false,""bootRecoveryRestartCount"":0},""nulling"":{""done"":false,""retryArmed"":false,""attemptCount"":0,""nextRetryMs"":0,""thresholdV"":9.999999747E-06,""minFinalV"":0},""telemetry"":{""valid"":true,""sampleMs"":7028507,""gasClass"":6,""gasName"":""CO2"",""confidence"":0,""alarm"":false,""sensorVoltage"":[0.125993013,0.004049536,0.004883067,-0.002478833,-0.009332868,-0.011649814,-0.019450549,-0.024893481],""sensorGain"":[16,64,64,64,64,64,64,64],""sensorStatus"":[0,0,0,0,0,0,0,0],""featureOrder"":[""MQ8"",""MQ135"",""MQ3"",""MQ5"",""MQ4"",""MQ7"",""MQ6"",""MQ2""]},""alarmLatched"":false}"
2026-08-04 11:18:13.316 +07:00,652.179,HOT_SWEEP_70,70,700,300,1,0,0.126138359,0.004010557,0.004910117,-0.002500238,-0.009367184,-0.011707034,-0.019444354,-0.024906132,"{""deviceId"":""1001"",""nodeId"":4097,""targetChId"":""0010"",""mode"":""inference"",""uptimeMs"":7029627,""debugEnabled"":true,""power"":{""mode"":""24v"",""externalPower"":true,""batteryMv"":65535,""batteryValid"":false,""batteryDetected"":false,""batterySenseStatus"":""not_detected"",""batteryLow"":false,""batteryCritical"":false,""sourceAmbiguous"":false,""serviceHoldActive"":false,""serviceHoldEffective"":false},""batterySession"":{""state"":""inactive"",""startedMs"":0,""stateStartedMs"":0,""validSampleBatches"":0,""requiredSampleBatches"":10,""alarmTxAttempts"":0,""alarmTxAttemptLimit"":3,""alarmAckReceived"":false,""pendingAlarm"":false,""pendingSaveRequired"":false,""persistenceFaultHold"":false,""completionReason"":""session_done""},""bootHealth"":{""adsReady"":true,""adsDrdyLevel"":0,""adsDrdyPulldownLevel"":0,""adsDrdyPullupLevel"":0,""adsMisoPulldownLevel"":0,""adsMisoPullupLevel"":1,""adsCsLevel"":1,""adsSyncLevel"":1,""adsStatus"":54,""adsMux"":15,""adsAdcon"":6,""adsDrate"":240,""adsReason"":""ok"",""tcaOk"":true,""mcpOkCount"":8,""mcpOk"":[true,true,true,true,true,true,true,true],""mcpAddrMask"":[1,1,1,1,1,1,1,1],""mcpControlTested"":true,""mcpControlOkCount"":8,""mcpControlOk"":[true,true,true,true,true,true,true,true],""dacReady"":true,""radioReady"":true,""mlReady"":true,""nullingProfileApplied"":true,""modelProfileReady"":false},""runtimeMcpCode"":[255,519,795,706,799,865,665,139],""model"":{""profileId"":""cnn-dualbranch-datasheet-v1-unbound"",""scalerProfileId"":""cnn-dualbranch-datasheet-v1-unbound"",""productionApproved"":true,""boundNullingProfileId"":8,""activeNullingProfileId"":9,""bindingValid"":true,""bindingModelMatches"":true,""profileReady"":false,""inferenceValid"":false,""sensorFault"":true},""lora"":{""beginState"":0,""lastTxState"":0,""lastTxOk"":false,""txSeq"":0,""txCounter"":0,""aesKeyProvisioned"":true,""aesKeyPresent"":true,""aesKeySource"":""nvs"",""keyId"":1,""lastDownlinkCommandId"":0,""freqMHz"":920,""bwKHz"":125,""sf"":7,""cr"":5,""syncWord"":18,""txPowerDbm"":17,""preamble"":8,""tcxoVoltage"":1.600000024,""xtalVoltage"":0},""dataset"":{""state"":""idle"",""step"":""idle"",""label"":"""",""seq"":0,""targetSamples"":0,""sampleIntervalMs"":500,""maxDurationMs"":0,""useFanIntake"":true,""fanOnMs"":1000,""postFanSettleMs"":0,""nullingProfileId"":9,""queuePending"":0,""queueCapacity"":16,""queueEnqueued"":0,""queueDropped"":0,""publishFailCount"":0,""retryCount"":0,""retryFailCount"":0,""rejectedSamples"":0,""lastRejectReason"":""none"",""lastRejectChannel"":-1,""lastRejectOkFiniteCount"":0,""lastRejectStatus"":255,""lastRejectGain"":0,""lastRejectSaturated"":false},""recovery"":{""wifiReconnectCount"":0,""wifiReconnectFailCount"":0,""mqttReconnectCount"":0,""mqttConnectFailCount"":0,""lastMqttState"":0,""adsRecoveryCount"":0,""adsRecoveryFailCount"":0,""adsReadFailStreak"":0,""lastReason"":""none"",""lastRecoveryMs"":0,""bootRecoveryArmed"":false,""bootRecoveryDueMs"":0,""bootRecoveryReason"":""none"",""bootRecoveryNonAdsFailure"":false,""bootRecoveryRestartCount"":0},""nulling"":{""done"":false,""retryArmed"":false,""attemptCount"":0,""nextRetryMs"":0,""thresholdV"":9.999999747E-06,""minFinalV"":0},""telemetry"":{""valid"":true,""sampleMs"":7029207,""gasClass"":6,""gasName"":""CO2"",""confidence"":0,""alarm"":false,""sensorVoltage"":[0.126138359,0.004010557,0.004910117,-0.002500238,-0.009367184,-0.011707034,-0.019444354,-0.024906132],""sensorGain"":[16,64,64,64,64,64,64,64],""sensorStatus"":[0,0,0,0,0,0,0,0],""featureOrder"":[""MQ8"",""MQ135"",""MQ3"",""MQ5"",""MQ4"",""MQ7"",""MQ6"",""MQ2""]},""alarmLatched"":false}"
2026-08-04 11:18:14.026 +07:00,652.895,HOT_SWEEP_70,70,700,300,1,0,0.12620613,0.004036638,0.004873107,-0.002525087,-0.009341565,-0.011703001,-0.019480942,-0.024930822,"{""deviceId"":""1001"",""nodeId"":4097,""targetChId"":""0010"",""mode"":""inference"",""uptimeMs"":7030337,""debugEnabled"":true,""power"":{""mode"":""24v"",""externalPower"":true,""batteryMv"":65535,""batteryValid"":false,""batteryDetected"":false,""batterySenseStatus"":""not_detected"",""batteryLow"":false,""batteryCritical"":false,""sourceAmbiguous"":false,""serviceHoldActive"":false,""serviceHoldEffective"":false},""batterySession"":{""state"":""inactive"",""startedMs"":0,""stateStartedMs"":0,""validSampleBatches"":0,""requiredSampleBatches"":10,""alarmTxAttempts"":0,""alarmTxAttemptLimit"":3,""alarmAckReceived"":false,""pendingAlarm"":false,""pendingSaveRequired"":false,""persistenceFaultHold"":false,""completionReason"":""session_done""},""bootHealth"":{""adsReady"":true,""adsDrdyLevel"":0,""adsDrdyPulldownLevel"":0,""adsDrdyPullupLevel"":0,""adsMisoPulldownLevel"":0,""adsMisoPullupLevel"":1,""adsCsLevel"":1,""adsSyncLevel"":1,""adsStatus"":54,""adsMux"":15,""adsAdcon"":6,""adsDrate"":240,""adsReason"":""ok"",""tcaOk"":true,""mcpOkCount"":8,""mcpOk"":[true,true,true,true,true,true,true,true],""mcpAddrMask"":[1,1,1,1,1,1,1,1],""mcpControlTested"":true,""mcpControlOkCount"":8,""mcpControlOk"":[true,true,true,true,true,true,true,true],""dacReady"":true,""radioReady"":true,""mlReady"":true,""nullingProfileApplied"":true,""modelProfileReady"":false},""runtimeMcpCode"":[255,519,795,706,799,865,665,139],""model"":{""profileId"":""cnn-dualbranch-datasheet-v1-unbound"",""scalerProfileId"":""cnn-dualbranch-datasheet-v1-unbound"",""productionApproved"":true,""boundNullingProfileId"":8,""activeNullingProfileId"":9,""bindingValid"":true,""bindingModelMatches"":true,""profileReady"":false,""inferenceValid"":false,""sensorFault"":true},""lora"":{""beginState"":0,""lastTxState"":0,""lastTxOk"":false,""txSeq"":0,""txCounter"":0,""aesKeyProvisioned"":true,""aesKeyPresent"":true,""aesKeySource"":""nvs"",""keyId"":1,""lastDownlinkCommandId"":0,""freqMHz"":920,""bwKHz"":125,""sf"":7,""cr"":5,""syncWord"":18,""txPowerDbm"":17,""preamble"":8,""tcxoVoltage"":1.600000024,""xtalVoltage"":0},""dataset"":{""state"":""idle"",""step"":""idle"",""label"":"""",""seq"":0,""targetSamples"":0,""sampleIntervalMs"":500,""maxDurationMs"":0,""useFanIntake"":true,""fanOnMs"":1000,""postFanSettleMs"":0,""nullingProfileId"":9,""queuePending"":0,""queueCapacity"":16,""queueEnqueued"":0,""queueDropped"":0,""publishFailCount"":0,""retryCount"":0,""retryFailCount"":0,""rejectedSamples"":0,""lastRejectReason"":""none"",""lastRejectChannel"":-1,""lastRejectOkFiniteCount"":0,""lastRejectStatus"":255,""lastRejectGain"":0,""lastRejectSaturated"":false},""recovery"":{""wifiReconnectCount"":0,""wifiReconnectFailCount"":0,""mqttReconnectCount"":0,""mqttConnectFailCount"":0,""lastMqttState"":0,""adsRecoveryCount"":0,""adsRecoveryFailCount"":0,""adsReadFailStreak"":0,""lastReason"":""none"",""lastRecoveryMs"":0,""bootRecoveryArmed"":false,""bootRecoveryDueMs"":0,""bootRecoveryReason"":""none"",""bootRecoveryNonAdsFailure"":false,""bootRecoveryRestartCount"":0},""nulling"":{""done"":false,""retryArmed"":false,""attemptCount"":0,""nextRetryMs"":0,""thresholdV"":9.999999747E-06,""minFinalV"":0},""telemetry"":{""valid"":true,""sampleMs"":7029937,""gasClass"":6,""gasName"":""CO2"",""confidence"":0,""alarm"":false,""sensorVoltage"":[0.12620613,0.004036638,0.004873107,-0.002525087,-0.009341565,-0.011703001,-0.019480942,-0.024930822],""sensorGain"":[16,64,64,64,64,64,64,64],""sensorStatus"":[0,0,0,0,0,0,0,0],""featureOrder"":[""MQ8"",""MQ135"",""MQ3"",""MQ5"",""MQ4"",""MQ7"",""MQ6"",""MQ2""]},""alarmLatched"":false}"
2026-08-04 11:18:14.729 +07:00,653.598,HOT_SWEEP_70,70,700,300,1,0,0.126044631,0.004025987,0.004866925,-0.002524172,-0.009387363,-0.01166546,-0.019448904,-0.025000211,"{""deviceId"":""1001"",""nodeId"":4097,""targetChId"":""0010"",""mode"":""inference"",""uptimeMs"":7031040,""debugEnabled"":true,""power"":{""mode"":""24v"",""externalPower"":true,""batteryMv"":65535,""batteryValid"":false,""batteryDetected"":false,""batterySenseStatus"":""not_detected"",""batteryLow"":false,""batteryCritical"":false,""sourceAmbiguous"":false,""serviceHoldActive"":false,""serviceHoldEffective"":false},""batterySession"":{""state"":""inactive"",""startedMs"":0,""stateStartedMs"":0,""validSampleBatches"":0,""requiredSampleBatches"":10,""alarmTxAttempts"":0,""alarmTxAttemptLimit"":3,""alarmAckReceived"":false,""pendingAlarm"":false,""pendingSaveRequired"":false,""persistenceFaultHold"":false,""completionReason"":""session_done""},""bootHealth"":{""adsReady"":true,""adsDrdyLevel"":0,""adsDrdyPulldownLevel"":0,""adsDrdyPullupLevel"":0,""adsMisoPulldownLevel"":0,""adsMisoPullupLevel"":1,""adsCsLevel"":1,""adsSyncLevel"":1,""adsStatus"":54,""adsMux"":15,""adsAdcon"":6,""adsDrate"":240,""adsReason"":""ok"",""tcaOk"":true,""mcpOkCount"":8,""mcpOk"":[true,true,true,true,true,true,true,true],""mcpAddrMask"":[1,1,1,1,1,1,1,1],""mcpControlTested"":true,""mcpControlOkCount"":8,""mcpControlOk"":[true,true,true,true,true,true,true,true],""dacReady"":true,""radioReady"":true,""mlReady"":true,""nullingProfileApplied"":true,""modelProfileReady"":false},""runtimeMcpCode"":[255,519,795,706,799,865,665,139],""model"":{""profileId"":""cnn-dualbranch-datasheet-v1-unbound"",""scalerProfileId"":""cnn-dualbranch-datasheet-v1-unbound"",""productionApproved"":true,""boundNullingProfileId"":8,""activeNullingProfileId"":9,""bindingValid"":true,""bindingModelMatches"":true,""profileReady"":false,""inferenceValid"":false,""sensorFault"":true},""lora"":{""beginState"":0,""lastTxState"":0,""lastTxOk"":false,""txSeq"":0,""txCounter"":0,""aesKeyProvisioned"":true,""aesKeyPresent"":true,""aesKeySource"":""nvs"",""keyId"":1,""lastDownlinkCommandId"":0,""freqMHz"":920,""bwKHz"":125,""sf"":7,""cr"":5,""syncWord"":18,""txPowerDbm"":17,""preamble"":8,""tcxoVoltage"":1.600000024,""xtalVoltage"":0},""dataset"":{""state"":""idle"",""step"":""idle"",""label"":"""",""seq"":0,""targetSamples"":0,""sampleIntervalMs"":500,""maxDurationMs"":0,""useFanIntake"":true,""fanOnMs"":1000,""postFanSettleMs"":0,""nullingProfileId"":9,""queuePending"":0,""queueCapacity"":16,""queueEnqueued"":0,""queueDropped"":0,""publishFailCount"":0,""retryCount"":0,""retryFailCount"":0,""rejectedSamples"":0,""lastRejectReason"":""none"",""lastRejectChannel"":-1,""lastRejectOkFiniteCount"":0,""lastRejectStatus"":255,""lastRejectGain"":0,""lastRejectSaturated"":false},""recovery"":{""wifiReconnectCount"":0,""wifiReconnectFailCount"":0,""mqttReconnectCount"":0,""mqttConnectFailCount"":0,""lastMqttState"":0,""adsRecoveryCount"":0,""adsRecoveryFailCount"":0,""adsReadFailStreak"":0,""lastReason"":""none"",""lastRecoveryMs"":0,""bootRecoveryArmed"":false,""bootRecoveryDueMs"":0,""bootRecoveryReason"":""none"",""bootRecoveryNonAdsFailure"":false,""bootRecoveryRestartCount"":0},""nulling"":{""done"":false,""retryArmed"":false,""attemptCount"":0,""nextRetryMs"":0,""thresholdV"":9.999999747E-06,""minFinalV"":0},""telemetry"":{""valid"":true,""sampleMs"":7030615,""gasClass"":6,""gasName"":""CO2"",""confidence"":0,""alarm"":false,""sensorVoltage"":[0.126044631,0.004025987,0.004866925,-0.002524172,-0.009387363,-0.01166546,-0.019448904,-0.025000211],""sensorGain"":[16,64,64,64,64,64,64,64],""sensorStatus"":[0,0,0,0,0,0,0,0],""featureOrder"":[""MQ8"",""MQ135"",""MQ3"",""MQ5"",""MQ4"",""MQ7"",""MQ6"",""MQ2""]},""alarmLatched"":false}"
2026-08-04 11:18:15.435 +07:00,654.307,HOT_SWEEP_70,70,700,300,1,0,0.125933498,0.003998834,0.004846223,-0.00252249,-0.009408176,-0.011641524,-0.019463096,-0.025460145,"{""deviceId"":""1001"",""nodeId"":4097,""targetChId"":""0010"",""mode"":""inference"",""uptimeMs"":7031746,""debugEnabled"":true,""power"":{""mode"":""24v"",""externalPower"":true,""batteryMv"":65535,""batteryValid"":false,""batteryDetected"":false,""batterySenseStatus"":""not_detected"",""batteryLow"":false,""batteryCritical"":false,""sourceAmbiguous"":false,""serviceHoldActive"":false,""serviceHoldEffective"":false},""batterySession"":{""state"":""inactive"",""startedMs"":0,""stateStartedMs"":0,""validSampleBatches"":0,""requiredSampleBatches"":10,""alarmTxAttempts"":0,""alarmTxAttemptLimit"":3,""alarmAckReceived"":false,""pendingAlarm"":false,""pendingSaveRequired"":false,""persistenceFaultHold"":false,""completionReason"":""session_done""},""bootHealth"":{""adsReady"":true,""adsDrdyLevel"":0,""adsDrdyPulldownLevel"":0,""adsDrdyPullupLevel"":0,""adsMisoPulldownLevel"":0,""adsMisoPullupLevel"":1,""adsCsLevel"":1,""adsSyncLevel"":1,""adsStatus"":54,""adsMux"":15,""adsAdcon"":6,""adsDrate"":240,""adsReason"":""ok"",""tcaOk"":true,""mcpOkCount"":8,""mcpOk"":[true,true,true,true,true,true,true,true],""mcpAddrMask"":[1,1,1,1,1,1,1,1],""mcpControlTested"":true,""mcpControlOkCount"":8,""mcpControlOk"":[true,true,true,true,true,true,true,true],""dacReady"":true,""radioReady"":true,""mlReady"":true,""nullingProfileApplied"":true,""modelProfileReady"":false},""runtimeMcpCode"":[255,519,795,706,799,865,665,139],""model"":{""profileId"":""cnn-dualbranch-datasheet-v1-unbound"",""scalerProfileId"":""cnn-dualbranch-datasheet-v1-unbound"",""productionApproved"":true,""boundNullingProfileId"":8,""activeNullingProfileId"":9,""bindingValid"":true,""bindingModelMatches"":true,""profileReady"":false,""inferenceValid"":false,""sensorFault"":true},""lora"":{""beginState"":0,""lastTxState"":0,""lastTxOk"":false,""txSeq"":0,""txCounter"":0,""aesKeyProvisioned"":true,""aesKeyPresent"":true,""aesKeySource"":""nvs"",""keyId"":1,""lastDownlinkCommandId"":0,""freqMHz"":920,""bwKHz"":125,""sf"":7,""cr"":5,""syncWord"":18,""txPowerDbm"":17,""preamble"":8,""tcxoVoltage"":1.600000024,""xtalVoltage"":0},""dataset"":{""state"":""idle"",""step"":""idle"",""label"":"""",""seq"":0,""targetSamples"":0,""sampleIntervalMs"":500,""maxDurationMs"":0,""useFanIntake"":true,""fanOnMs"":1000,""postFanSettleMs"":0,""nullingProfileId"":9,""queuePending"":0,""queueCapacity"":16,""queueEnqueued"":0,""queueDropped"":0,""publishFailCount"":0,""retryCount"":0,""retryFailCount"":0,""rejectedSamples"":0,""lastRejectReason"":""none"",""lastRejectChannel"":-1,""lastRejectOkFiniteCount"":0,""lastRejectStatus"":255,""lastRejectGain"":0,""lastRejectSaturated"":false},""recovery"":{""wifiReconnectCount"":0,""wifiReconnectFailCount"":0,""mqttReconnectCount"":0,""mqttConnectFailCount"":0,""lastMqttState"":0,""adsRecoveryCount"":0,""adsRecoveryFailCount"":0,""adsReadFailStreak"":0,""lastReason"":""none"",""lastRecoveryMs"":0,""bootRecoveryArmed"":false,""bootRecoveryDueMs"":0,""bootRecoveryReason"":""none"",""bootRecoveryNonAdsFailure"":false,""bootRecoveryRestartCount"":0},""nulling"":{""done"":false,""retryArmed"":false,""attemptCount"":0,""nextRetryMs"":0,""thresholdV"":9.999999747E-06,""minFinalV"":0},""telemetry"":{""valid"":true,""sampleMs"":7031318,""gasClass"":6,""gasName"":""CO2"",""confidence"":0,""alarm"":false,""sensorVoltage"":[0.125933498,0.003998834,0.004846223,-0.00252249,-0.009408176,-0.011641524,-0.019463096,-0.025460145],""sensorGain"":[16,64,64,64,64,64,64,64],""sensorStatus"":[0,0,0,0,0,0,0,0],""featureOrder"":[""MQ8"",""MQ135"",""MQ3"",""MQ5"",""MQ4"",""MQ7"",""MQ6"",""MQ2""]},""alarmLatched"":false}"
2026-08-04 11:18:16.145 +07:00,655.011,HOT_SWEEP_70,70,700,300,1,0,0.126191944,0.003984821,0.00482708,-0.002569974,-0.009364092,-0.01167638,-0.019114932,-0.025399137,"{""deviceId"":""1001"",""nodeId"":4097,""targetChId"":""0010"",""mode"":""inference"",""uptimeMs"":7032452,""debugEnabled"":true,""power"":{""mode"":""24v"",""externalPower"":true,""batteryMv"":65535,""batteryValid"":false,""batteryDetected"":false,""batterySenseStatus"":""not_detected"",""batteryLow"":false,""batteryCritical"":false,""sourceAmbiguous"":false,""serviceHoldActive"":false,""serviceHoldEffective"":false},""batterySession"":{""state"":""inactive"",""startedMs"":0,""stateStartedMs"":0,""validSampleBatches"":0,""requiredSampleBatches"":10,""alarmTxAttempts"":0,""alarmTxAttemptLimit"":3,""alarmAckReceived"":false,""pendingAlarm"":false,""pendingSaveRequired"":false,""persistenceFaultHold"":false,""completionReason"":""session_done""},""bootHealth"":{""adsReady"":true,""adsDrdyLevel"":0,""adsDrdyPulldownLevel"":0,""adsDrdyPullupLevel"":0,""adsMisoPulldownLevel"":0,""adsMisoPullupLevel"":1,""adsCsLevel"":1,""adsSyncLevel"":1,""adsStatus"":54,""adsMux"":15,""adsAdcon"":6,""adsDrate"":240,""adsReason"":""ok"",""tcaOk"":true,""mcpOkCount"":8,""mcpOk"":[true,true,true,true,true,true,true,true],""mcpAddrMask"":[1,1,1,1,1,1,1,1],""mcpControlTested"":true,""mcpControlOkCount"":8,""mcpControlOk"":[true,true,true,true,true,true,true,true],""dacReady"":true,""radioReady"":true,""mlReady"":true,""nullingProfileApplied"":true,""modelProfileReady"":false},""runtimeMcpCode"":[255,519,795,706,799,865,665,139],""model"":{""profileId"":""cnn-dualbranch-datasheet-v1-unbound"",""scalerProfileId"":""cnn-dualbranch-datasheet-v1-unbound"",""productionApproved"":true,""boundNullingProfileId"":8,""activeNullingProfileId"":9,""bindingValid"":true,""bindingModelMatches"":true,""profileReady"":false,""inferenceValid"":false,""sensorFault"":true},""lora"":{""beginState"":0,""lastTxState"":0,""lastTxOk"":false,""txSeq"":0,""txCounter"":0,""aesKeyProvisioned"":true,""aesKeyPresent"":true,""aesKeySource"":""nvs"",""keyId"":1,""lastDownlinkCommandId"":0,""freqMHz"":920,""bwKHz"":125,""sf"":7,""cr"":5,""syncWord"":18,""txPowerDbm"":17,""preamble"":8,""tcxoVoltage"":1.600000024,""xtalVoltage"":0},""dataset"":{""state"":""idle"",""step"":""idle"",""label"":"""",""seq"":0,""targetSamples"":0,""sampleIntervalMs"":500,""maxDurationMs"":0,""useFanIntake"":true,""fanOnMs"":1000,""postFanSettleMs"":0,""nullingProfileId"":9,""queuePending"":0,""queueCapacity"":16,""queueEnqueued"":0,""queueDropped"":0,""publishFailCount"":0,""retryCount"":0,""retryFailCount"":0,""rejectedSamples"":0,""lastRejectReason"":""none"",""lastRejectChannel"":-1,""lastRejectOkFiniteCount"":0,""lastRejectStatus"":255,""lastRejectGain"":0,""lastRejectSaturated"":false},""recovery"":{""wifiReconnectCount"":0,""wifiReconnectFailCount"":0,""mqttReconnectCount"":0,""mqttConnectFailCount"":0,""lastMqttState"":0,""adsRecoveryCount"":0,""adsRecoveryFailCount"":0,""adsReadFailStreak"":0,""lastReason"":""none"",""lastRecoveryMs"":0,""bootRecoveryArmed"":false,""bootRecoveryDueMs"":0,""bootRecoveryReason"":""none"",""bootRecoveryNonAdsFailure"":false,""bootRecoveryRestartCount"":0},""nulling"":{""done"":false,""retryArmed"":false,""attemptCount"":0,""nextRetryMs"":0,""thresholdV"":9.999999747E-06,""minFinalV"":0},""telemetry"":{""valid"":true,""sampleMs"":7032056,""gasClass"":6,""gasName"":""CO2"",""confidence"":0,""alarm"":false,""sensorVoltage"":[0.126191944,0.003984821,0.00482708,-0.002569974,-0.009364092,-0.01167638,-0.019114932,-0.025399137],""sensorGain"":[16,64,64,64,64,64,64,64],""sensorStatus"":[0,0,0,0,0,0,0,0],""featureOrder"":[""MQ8"",""MQ135"",""MQ3"",""MQ5"",""MQ4"",""MQ7"",""MQ6"",""MQ2""]},""alarmLatched"":false}"
2026-08-04 11:18:16.847 +07:00,655.713,HOT_SWEEP_70,70,700,300,1,0,0.126226187,0.003986392,0.004900873,-0.002577182,-0.009345593,-0.011658043,-0.019047564,-0.025314745,"{""deviceId"":""1001"",""nodeId"":4097,""targetChId"":""0010"",""mode"":""inference"",""uptimeMs"":7033154,""debugEnabled"":true,""power"":{""mode"":""24v"",""externalPower"":true,""batteryMv"":65535,""batteryValid"":false,""batteryDetected"":false,""batterySenseStatus"":""not_detected"",""batteryLow"":false,""batteryCritical"":false,""sourceAmbiguous"":false,""serviceHoldActive"":false,""serviceHoldEffective"":false},""batterySession"":{""state"":""inactive"",""startedMs"":0,""stateStartedMs"":0,""validSampleBatches"":0,""requiredSampleBatches"":10,""alarmTxAttempts"":0,""alarmTxAttemptLimit"":3,""alarmAckReceived"":false,""pendingAlarm"":false,""pendingSaveRequired"":false,""persistenceFaultHold"":false,""completionReason"":""session_done""},""bootHealth"":{""adsReady"":true,""adsDrdyLevel"":0,""adsDrdyPulldownLevel"":0,""adsDrdyPullupLevel"":0,""adsMisoPulldownLevel"":0,""adsMisoPullupLevel"":1,""adsCsLevel"":1,""adsSyncLevel"":1,""adsStatus"":54,""adsMux"":15,""adsAdcon"":6,""adsDrate"":240,""adsReason"":""ok"",""tcaOk"":true,""mcpOkCount"":8,""mcpOk"":[true,true,true,true,true,true,true,true],""mcpAddrMask"":[1,1,1,1,1,1,1,1],""mcpControlTested"":true,""mcpControlOkCount"":8,""mcpControlOk"":[true,true,true,true,true,true,true,true],""dacReady"":true,""radioReady"":true,""mlReady"":true,""nullingProfileApplied"":true,""modelProfileReady"":false},""runtimeMcpCode"":[255,519,795,706,799,865,665,139],""model"":{""profileId"":""cnn-dualbranch-datasheet-v1-unbound"",""scalerProfileId"":""cnn-dualbranch-datasheet-v1-unbound"",""productionApproved"":true,""boundNullingProfileId"":8,""activeNullingProfileId"":9,""bindingValid"":true,""bindingModelMatches"":true,""profileReady"":false,""inferenceValid"":false,""sensorFault"":true},""lora"":{""beginState"":0,""lastTxState"":0,""lastTxOk"":false,""txSeq"":0,""txCounter"":0,""aesKeyProvisioned"":true,""aesKeyPresent"":true,""aesKeySource"":""nvs"",""keyId"":1,""lastDownlinkCommandId"":0,""freqMHz"":920,""bwKHz"":125,""sf"":7,""cr"":5,""syncWord"":18,""txPowerDbm"":17,""preamble"":8,""tcxoVoltage"":1.600000024,""xtalVoltage"":0},""dataset"":{""state"":""idle"",""step"":""idle"",""label"":"""",""seq"":0,""targetSamples"":0,""sampleIntervalMs"":500,""maxDurationMs"":0,""useFanIntake"":true,""fanOnMs"":1000,""postFanSettleMs"":0,""nullingProfileId"":9,""queuePending"":0,""queueCapacity"":16,""queueEnqueued"":0,""queueDropped"":0,""publishFailCount"":0,""retryCount"":0,""retryFailCount"":0,""rejectedSamples"":0,""lastRejectReason"":""none"",""lastRejectChannel"":-1,""lastRejectOkFiniteCount"":0,""lastRejectStatus"":255,""lastRejectGain"":0,""lastRejectSaturated"":false},""recovery"":{""wifiReconnectCount"":0,""wifiReconnectFailCount"":0,""mqttReconnectCount"":0,""mqttConnectFailCount"":0,""lastMqttState"":0,""adsRecoveryCount"":0,""adsRecoveryFailCount"":0,""adsReadFailStreak"":0,""lastReason"":""none"",""lastRecoveryMs"":0,""bootRecoveryArmed"":false,""bootRecoveryDueMs"":0,""bootRecoveryReason"":""none"",""bootRecoveryNonAdsFailure"":false,""bootRecoveryRestartCount"":0},""nulling"":{""done"":false,""retryArmed"":false,""attemptCount"":0,""nextRetryMs"":0,""thresholdV"":9.999999747E-06,""minFinalV"":0},""telemetry"":{""valid"":true,""sampleMs"":7032730,""gasClass"":6,""gasName"":""CO2"",""confidence"":0,""alarm"":false,""sensorVoltage"":[0.126226187,0.003986392,0.004900873,-0.002577182,-0.009345593,-0.011658043,-0.019047564,-0.025314745],""sensorGain"":[16,64,64,64,64,64,64,64],""sensorStatus"":[0,0,0,0,0,0,0,0],""featureOrder"":[""MQ8"",""MQ135"",""MQ3"",""MQ5"",""MQ4"",""MQ7"",""MQ6"",""MQ2""]},""alarmLatched"":false}"
2026-08-04 11:18:17.562 +07:00,656.427,HOT_SWEEP_70,70,700,300,1,0,0.125775546,0.003871515,0.004953355,-0.002557953,-0.009338364,-0.011654677,-0.019046839,-0.025294701,"{""deviceId"":""1001"",""nodeId"":4097,""targetChId"":""0010"",""mode"":""inference"",""uptimeMs"":7033880,""debugEnabled"":true,""power"":{""mode"":""24v"",""externalPower"":true,""batteryMv"":65535,""batteryValid"":false,""batteryDetected"":false,""batterySenseStatus"":""not_detected"",""batteryLow"":false,""batteryCritical"":false,""sourceAmbiguous"":false,""serviceHoldActive"":false,""serviceHoldEffective"":false},""batterySession"":{""state"":""inactive"",""startedMs"":0,""stateStartedMs"":0,""validSampleBatches"":0,""requiredSampleBatches"":10,""alarmTxAttempts"":0,""alarmTxAttemptLimit"":3,""alarmAckReceived"":false,""pendingAlarm"":false,""pendingSaveRequired"":false,""persistenceFaultHold"":false,""completionReason"":""session_done""},""bootHealth"":{""adsReady"":true,""adsDrdyLevel"":0,""adsDrdyPulldownLevel"":0,""adsDrdyPullupLevel"":0,""adsMisoPulldownLevel"":0,""adsMisoPullupLevel"":1,""adsCsLevel"":1,""adsSyncLevel"":1,""adsStatus"":54,""adsMux"":15,""adsAdcon"":6,""adsDrate"":240,""adsReason"":""ok"",""tcaOk"":true,""mcpOkCount"":8,""mcpOk"":[true,true,true,true,true,true,true,true],""mcpAddrMask"":[1,1,1,1,1,1,1,1],""mcpControlTested"":true,""mcpControlOkCount"":8,""mcpControlOk"":[true,true,true,true,true,true,true,true],""dacReady"":true,""radioReady"":true,""mlReady"":true,""nullingProfileApplied"":true,""modelProfileReady"":false},""runtimeMcpCode"":[255,519,795,706,799,865,665,139],""model"":{""profileId"":""cnn-dualbranch-datasheet-v1-unbound"",""scalerProfileId"":""cnn-dualbranch-datasheet-v1-unbound"",""productionApproved"":true,""boundNullingProfileId"":8,""activeNullingProfileId"":9,""bindingValid"":true,""bindingModelMatches"":true,""profileReady"":false,""inferenceValid"":false,""sensorFault"":true},""lora"":{""beginState"":0,""lastTxState"":0,""lastTxOk"":false,""txSeq"":0,""txCounter"":0,""aesKeyProvisioned"":true,""aesKeyPresent"":true,""aesKeySource"":""nvs"",""keyId"":1,""lastDownlinkCommandId"":0,""freqMHz"":920,""bwKHz"":125,""sf"":7,""cr"":5,""syncWord"":18,""txPowerDbm"":17,""preamble"":8,""tcxoVoltage"":1.600000024,""xtalVoltage"":0},""dataset"":{""state"":""idle"",""step"":""idle"",""label"":"""",""seq"":0,""targetSamples"":0,""sampleIntervalMs"":500,""maxDurationMs"":0,""useFanIntake"":true,""fanOnMs"":1000,""postFanSettleMs"":0,""nullingProfileId"":9,""queuePending"":0,""queueCapacity"":16,""queueEnqueued"":0,""queueDropped"":0,""publishFailCount"":0,""retryCount"":0,""retryFailCount"":0,""rejectedSamples"":0,""lastRejectReason"":""none"",""lastRejectChannel"":-1,""lastRejectOkFiniteCount"":0,""lastRejectStatus"":255,""lastRejectGain"":0,""lastRejectSaturated"":false},""recovery"":{""wifiReconnectCount"":0,""wifiReconnectFailCount"":0,""mqttReconnectCount"":0,""mqttConnectFailCount"":0,""lastMqttState"":0,""adsRecoveryCount"":0,""adsRecoveryFailCount"":0,""adsReadFailStreak"":0,""lastReason"":""none"",""lastRecoveryMs"":0,""bootRecoveryArmed"":false,""bootRecoveryDueMs"":0,""bootRecoveryReason"":""none"",""bootRecoveryNonAdsFailure"":false,""bootRecoveryRestartCount"":0},""nulling"":{""done"":false,""retryArmed"":false,""attemptCount"":0,""nextRetryMs"":0,""thresholdV"":9.999999747E-06,""minFinalV"":0},""telemetry"":{""valid"":true,""sampleMs"":7033432,""gasClass"":6,""gasName"":""CO2"",""confidence"":0,""alarm"":false,""sensorVoltage"":[0.125775546,0.003871515,0.004953355,-0.002557953,-0.009338364,-0.011654677,-0.019046839,-0.025294701],""sensorGain"":[16,64,64,64,64,64,64,64],""sensorStatus"":[0,0,0,0,0,0,0,0],""featureOrder"":[""MQ8"",""MQ135"",""MQ3"",""MQ5"",""MQ4"",""MQ7"",""MQ6"",""MQ2""]},""alarmLatched"":false}"
2026-08-04 11:18:18.263 +07:00,657.132,HOT_SWEEP_70,70,700,300,1,0,0.12596859,0.003788579,0.004934096,-0.002543441,-0.009359429,-0.011631219,-0.019013871,-0.025307339,"{""deviceId"":""1001"",""nodeId"":4097,""targetChId"":""0010"",""mode"":""inference"",""uptimeMs"":7034574,""debugEnabled"":true,""power"":{""mode"":""24v"",""externalPower"":true,""batteryMv"":65535,""batteryValid"":false,""batteryDetected"":false,""batterySenseStatus"":""not_detected"",""batteryLow"":false,""batteryCritical"":false,""sourceAmbiguous"":false,""serviceHoldActive"":false,""serviceHoldEffective"":false},""batterySession"":{""state"":""inactive"",""startedMs"":0,""stateStartedMs"":0,""validSampleBatches"":0,""requiredSampleBatches"":10,""alarmTxAttempts"":0,""alarmTxAttemptLimit"":3,""alarmAckReceived"":false,""pendingAlarm"":false,""pendingSaveRequired"":false,""persistenceFaultHold"":false,""completionReason"":""session_done""},""bootHealth"":{""adsReady"":true,""adsDrdyLevel"":0,""adsDrdyPulldownLevel"":0,""adsDrdyPullupLevel"":0,""adsMisoPulldownLevel"":0,""adsMisoPullupLevel"":1,""adsCsLevel"":1,""adsSyncLevel"":1,""adsStatus"":54,""adsMux"":15,""adsAdcon"":6,""adsDrate"":240,""adsReason"":""ok"",""tcaOk"":true,""mcpOkCount"":8,""mcpOk"":[true,true,true,true,true,true,true,true],""mcpAddrMask"":[1,1,1,1,1,1,1,1],""mcpControlTested"":true,""mcpControlOkCount"":8,""mcpControlOk"":[true,true,true,true,true,true,true,true],""dacReady"":true,""radioReady"":true,""mlReady"":true,""nullingProfileApplied"":true,""modelProfileReady"":false},""runtimeMcpCode"":[255,519,795,706,799,865,665,139],""model"":{""profileId"":""cnn-dualbranch-datasheet-v1-unbound"",""scalerProfileId"":""cnn-dualbranch-datasheet-v1-unbound"",""productionApproved"":true,""boundNullingProfileId"":8,""activeNullingProfileId"":9,""bindingValid"":true,""bindingModelMatches"":true,""profileReady"":false,""inferenceValid"":false,""sensorFault"":true},""lora"":{""beginState"":0,""lastTxState"":0,""lastTxOk"":false,""txSeq"":0,""txCounter"":0,""aesKeyProvisioned"":true,""aesKeyPresent"":true,""aesKeySource"":""nvs"",""keyId"":1,""lastDownlinkCommandId"":0,""freqMHz"":920,""bwKHz"":125,""sf"":7,""cr"":5,""syncWord"":18,""txPowerDbm"":17,""preamble"":8,""tcxoVoltage"":1.600000024,""xtalVoltage"":0},""dataset"":{""state"":""idle"",""step"":""idle"",""label"":"""",""seq"":0,""targetSamples"":0,""sampleIntervalMs"":500,""maxDurationMs"":0,""useFanIntake"":true,""fanOnMs"":1000,""postFanSettleMs"":0,""nullingProfileId"":9,""queuePending"":0,""queueCapacity"":16,""queueEnqueued"":0,""queueDropped"":0,""publishFailCount"":0,""retryCount"":0,""retryFailCount"":0,""rejectedSamples"":0,""lastRejectReason"":""none"",""lastRejectChannel"":-1,""lastRejectOkFiniteCount"":0,""lastRejectStatus"":255,""lastRejectGain"":0,""lastRejectSaturated"":false},""recovery"":{""wifiReconnectCount"":0,""wifiReconnectFailCount"":0,""mqttReconnectCount"":0,""mqttConnectFailCount"":0,""lastMqttState"":0,""adsRecoveryCount"":0,""adsRecoveryFailCount"":0,""adsReadFailStreak"":0,""lastReason"":""none"",""lastRecoveryMs"":0,""bootRecoveryArmed"":false,""bootRecoveryDueMs"":0,""bootRecoveryReason"":""none"",""bootRecoveryNonAdsFailure"":false,""bootRecoveryRestartCount"":0},""nulling"":{""done"":false,""retryArmed"":false,""attemptCount"":0,""nextRetryMs"":0,""thresholdV"":9.999999747E-06,""minFinalV"":0},""telemetry"":{""valid"":true,""sampleMs"":7034190,""gasClass"":6,""gasName"":""CO2"",""confidence"":0,""alarm"":false,""sensorVoltage"":[0.12596859,0.003788579,0.004934096,-0.002543441,-0.009359429,-0.011631219,-0.019013871,-0.025307339],""sensorGain"":[16,64,64,64,64,64,64,64],""sensorStatus"":[0,0,0,0,0,0,0,0],""featureOrder"":[""MQ8"",""MQ135"",""MQ3"",""MQ5"",""MQ4"",""MQ7"",""MQ6"",""MQ2""]},""alarmLatched"":false}"
2026-08-04 11:18:18.966 +07:00,657.823,HOT_SWEEP_70,70,700,300,1,0,0.125859305,0.003860274,0.004923298,-0.002559703,-0.009340749,-0.011684326,-0.019017924,-0.025310794,"{""deviceId"":""1001"",""nodeId"":4097,""targetChId"":""0010"",""mode"":""inference"",""uptimeMs"":7035267,""debugEnabled"":true,""power"":{""mode"":""24v"",""externalPower"":true,""batteryMv"":65535,""batteryValid"":false,""batteryDetected"":false,""batterySenseStatus"":""not_detected"",""batteryLow"":false,""batteryCritical"":false,""sourceAmbiguous"":false,""serviceHoldActive"":false,""serviceHoldEffective"":false},""batterySession"":{""state"":""inactive"",""startedMs"":0,""stateStartedMs"":0,""validSampleBatches"":0,""requiredSampleBatches"":10,""alarmTxAttempts"":0,""alarmTxAttemptLimit"":3,""alarmAckReceived"":false,""pendingAlarm"":false,""pendingSaveRequired"":false,""persistenceFaultHold"":false,""completionReason"":""session_done""},""bootHealth"":{""adsReady"":true,""adsDrdyLevel"":0,""adsDrdyPulldownLevel"":0,""adsDrdyPullupLevel"":0,""adsMisoPulldownLevel"":0,""adsMisoPullupLevel"":1,""adsCsLevel"":1,""adsSyncLevel"":1,""adsStatus"":54,""adsMux"":15,""adsAdcon"":6,""adsDrate"":240,""adsReason"":""ok"",""tcaOk"":true,""mcpOkCount"":8,""mcpOk"":[true,true,true,true,true,true,true,true],""mcpAddrMask"":[1,1,1,1,1,1,1,1],""mcpControlTested"":true,""mcpControlOkCount"":8,""mcpControlOk"":[true,true,true,true,true,true,true,true],""dacReady"":true,""radioReady"":true,""mlReady"":true,""nullingProfileApplied"":true,""modelProfileReady"":false},""runtimeMcpCode"":[255,519,795,706,799,865,665,139],""model"":{""profileId"":""cnn-dualbranch-datasheet-v1-unbound"",""scalerProfileId"":""cnn-dualbranch-datasheet-v1-unbound"",""productionApproved"":true,""boundNullingProfileId"":8,""activeNullingProfileId"":9,""bindingValid"":true,""bindingModelMatches"":true,""profileReady"":false,""inferenceValid"":false,""sensorFault"":true},""lora"":{""beginState"":0,""lastTxState"":0,""lastTxOk"":false,""txSeq"":0,""txCounter"":0,""aesKeyProvisioned"":true,""aesKeyPresent"":true,""aesKeySource"":""nvs"",""keyId"":1,""lastDownlinkCommandId"":0,""freqMHz"":920,""bwKHz"":125,""sf"":7,""cr"":5,""syncWord"":18,""txPowerDbm"":17,""preamble"":8,""tcxoVoltage"":1.600000024,""xtalVoltage"":0},""dataset"":{""state"":""idle"",""step"":""idle"",""label"":"""",""seq"":0,""targetSamples"":0,""sampleIntervalMs"":500,""maxDurationMs"":0,""useFanIntake"":true,""fanOnMs"":1000,""postFanSettleMs"":0,""nullingProfileId"":9,""queuePending"":0,""queueCapacity"":16,""queueEnqueued"":0,""queueDropped"":0,""publishFailCount"":0,""retryCount"":0,""retryFailCount"":0,""rejectedSamples"":0,""lastRejectReason"":""none"",""lastRejectChannel"":-1,""lastRejectOkFiniteCount"":0,""lastRejectStatus"":255,""lastRejectGain"":0,""lastRejectSaturated"":false},""recovery"":{""wifiReconnectCount"":0,""wifiReconnectFailCount"":0,""mqttReconnectCount"":0,""mqttConnectFailCount"":0,""lastMqttState"":0,""adsRecoveryCount"":0,""adsRecoveryFailCount"":0,""adsReadFailStreak"":0,""lastReason"":""none"",""lastRecoveryMs"":0,""bootRecoveryArmed"":false,""bootRecoveryDueMs"":0,""bootRecoveryReason"":""none"",""bootRecoveryNonAdsFailure"":false,""bootRecoveryRestartCount"":0},""nulling"":{""done"":false,""retryArmed"":false,""attemptCount"":0,""nextRetryMs"":0,""thresholdV"":9.999999747E-06,""minFinalV"":0},""telemetry"":{""valid"":true,""sampleMs"":7034852,""gasClass"":6,""gasName"":""CO2"",""confidence"":0,""alarm"":false,""sensorVoltage"":[0.125859305,0.003860274,0.004923298,-0.002559703,-0.009340749,-0.011684326,-0.019017924,-0.025310794],""sensorGain"":[16,64,64,64,64,64,64,64],""sensorStatus"":[0,0,0,0,0,0,0,0],""featureOrder"":[""MQ8"",""MQ135"",""MQ3"",""MQ5"",""MQ4"",""MQ7"",""MQ6"",""MQ2""]},""alarmLatched"":false}"
2026-08-04 11:18:19.662 +07:00,658.525,HOT_SWEEP_70,70,700,300,1,0,0.125672221,0.003864016,0.004925305,-0.002566159,-0.009332561,-0.011681212,-0.019006846,-0.025260311,"{""deviceId"":""1001"",""nodeId"":4097,""targetChId"":""0010"",""mode"":""inference"",""uptimeMs"":7035966,""debugEnabled"":true,""power"":{""mode"":""24v"",""externalPower"":true,""batteryMv"":65535,""batteryValid"":false,""batteryDetected"":false,""batterySenseStatus"":""not_detected"",""batteryLow"":false,""batteryCritical"":false,""sourceAmbiguous"":false,""serviceHoldActive"":false,""serviceHoldEffective"":false},""batterySession"":{""state"":""inactive"",""startedMs"":0,""stateStartedMs"":0,""validSampleBatches"":0,""requiredSampleBatches"":10,""alarmTxAttempts"":0,""alarmTxAttemptLimit"":3,""alarmAckReceived"":false,""pendingAlarm"":false,""pendingSaveRequired"":false,""persistenceFaultHold"":false,""completionReason"":""session_done""},""bootHealth"":{""adsReady"":true,""adsDrdyLevel"":0,""adsDrdyPulldownLevel"":0,""adsDrdyPullupLevel"":0,""adsMisoPulldownLevel"":0,""adsMisoPullupLevel"":1,""adsCsLevel"":1,""adsSyncLevel"":1,""adsStatus"":54,""adsMux"":15,""adsAdcon"":6,""adsDrate"":240,""adsReason"":""ok"",""tcaOk"":true,""mcpOkCount"":8,""mcpOk"":[true,true,true,true,true,true,true,true],""mcpAddrMask"":[1,1,1,1,1,1,1,1],""mcpControlTested"":true,""mcpControlOkCount"":8,""mcpControlOk"":[true,true,true,true,true,true,true,true],""dacReady"":true,""radioReady"":true,""mlReady"":true,""nullingProfileApplied"":true,""modelProfileReady"":false},""runtimeMcpCode"":[255,519,795,706,799,865,665,139],""model"":{""profileId"":""cnn-dualbranch-datasheet-v1-unbound"",""scalerProfileId"":""cnn-dualbranch-datasheet-v1-unbound"",""productionApproved"":true,""boundNullingProfileId"":8,""activeNullingProfileId"":9,""bindingValid"":true,""bindingModelMatches"":true,""profileReady"":false,""inferenceValid"":false,""sensorFault"":true},""lora"":{""beginState"":0,""lastTxState"":0,""lastTxOk"":false,""txSeq"":0,""txCounter"":0,""aesKeyProvisioned"":true,""aesKeyPresent"":true,""aesKeySource"":""nvs"",""keyId"":1,""lastDownlinkCommandId"":0,""freqMHz"":920,""bwKHz"":125,""sf"":7,""cr"":5,""syncWord"":18,""txPowerDbm"":17,""preamble"":8,""tcxoVoltage"":1.600000024,""xtalVoltage"":0},""dataset"":{""state"":""idle"",""step"":""idle"",""label"":"""",""seq"":0,""targetSamples"":0,""sampleIntervalMs"":500,""maxDurationMs"":0,""useFanIntake"":true,""fanOnMs"":1000,""postFanSettleMs"":0,""nullingProfileId"":9,""queuePending"":0,""queueCapacity"":16,""queueEnqueued"":0,""queueDropped"":0,""publishFailCount"":0,""retryCount"":0,""retryFailCount"":0,""rejectedSamples"":0,""lastRejectReason"":""none"",""lastRejectChannel"":-1,""lastRejectOkFiniteCount"":0,""lastRejectStatus"":255,""lastRejectGain"":0,""lastRejectSaturated"":false},""recovery"":{""wifiReconnectCount"":0,""wifiReconnectFailCount"":0,""mqttReconnectCount"":0,""mqttConnectFailCount"":0,""lastMqttState"":0,""adsRecoveryCount"":0,""adsRecoveryFailCount"":0,""adsReadFailStreak"":0,""lastReason"":""none"",""lastRecoveryMs"":0,""bootRecoveryArmed"":false,""bootRecoveryDueMs"":0,""bootRecoveryReason"":""none"",""bootRecoveryNonAdsFailure"":false,""bootRecoveryRestartCount"":0},""nulling"":{""done"":false,""retryArmed"":false,""attemptCount"":0,""nextRetryMs"":0,""thresholdV"":9.999999747E-06,""minFinalV"":0},""telemetry"":{""valid"":true,""sampleMs"":7035545,""gasClass"":6,""gasName"":""CO2"",""confidence"":0,""alarm"":false,""sensorVoltage"":[0.125672221,0.003864016,0.004925305,-0.002566159,-0.009332561,-0.011681212,-0.019006846,-0.025260311],""sensorGain"":[16,64,64,64,64,64,64,64],""sensorStatus"":[0,0,0,0,0,0,0,0],""featureOrder"":[""MQ8"",""MQ135"",""MQ3"",""MQ5"",""MQ4"",""MQ7"",""MQ6"",""MQ2""]},""alarmLatched"":false}"
2026-08-04 11:18:20.366 +07:00,659.231,HOT_SWEEP_70,70,700,300,1,0,0.125651881,0.003931724,0.004919725,-0.002518617,-0.009317302,-0.011680197,-0.018999171,-0.025260681,"{""deviceId"":""1001"",""nodeId"":4097,""targetChId"":""0010"",""mode"":""inference"",""uptimeMs"":7036674,""debugEnabled"":true,""power"":{""mode"":""24v"",""externalPower"":true,""batteryMv"":65535,""batteryValid"":false,""batteryDetected"":false,""batterySenseStatus"":""not_detected"",""batteryLow"":false,""batteryCritical"":false,""sourceAmbiguous"":false,""serviceHoldActive"":false,""serviceHoldEffective"":false},""batterySession"":{""state"":""inactive"",""startedMs"":0,""stateStartedMs"":0,""validSampleBatches"":0,""requiredSampleBatches"":10,""alarmTxAttempts"":0,""alarmTxAttemptLimit"":3,""alarmAckReceived"":false,""pendingAlarm"":false,""pendingSaveRequired"":false,""persistenceFaultHold"":false,""completionReason"":""session_done""},""bootHealth"":{""adsReady"":true,""adsDrdyLevel"":0,""adsDrdyPulldownLevel"":0,""adsDrdyPullupLevel"":0,""adsMisoPulldownLevel"":0,""adsMisoPullupLevel"":1,""adsCsLevel"":1,""adsSyncLevel"":1,""adsStatus"":54,""adsMux"":15,""adsAdcon"":6,""adsDrate"":240,""adsReason"":""ok"",""tcaOk"":true,""mcpOkCount"":8,""mcpOk"":[true,true,true,true,true,true,true,true],""mcpAddrMask"":[1,1,1,1,1,1,1,1],""mcpControlTested"":true,""mcpControlOkCount"":8,""mcpControlOk"":[true,true,true,true,true,true,true,true],""dacReady"":true,""radioReady"":true,""mlReady"":true,""nullingProfileApplied"":true,""modelProfileReady"":false},""runtimeMcpCode"":[255,519,795,706,799,865,665,139],""model"":{""profileId"":""cnn-dualbranch-datasheet-v1-unbound"",""scalerProfileId"":""cnn-dualbranch-datasheet-v1-unbound"",""productionApproved"":true,""boundNullingProfileId"":8,""activeNullingProfileId"":9,""bindingValid"":true,""bindingModelMatches"":true,""profileReady"":false,""inferenceValid"":false,""sensorFault"":true},""lora"":{""beginState"":0,""lastTxState"":0,""lastTxOk"":false,""txSeq"":0,""txCounter"":0,""aesKeyProvisioned"":true,""aesKeyPresent"":true,""aesKeySource"":""nvs"",""keyId"":1,""lastDownlinkCommandId"":0,""freqMHz"":920,""bwKHz"":125,""sf"":7,""cr"":5,""syncWord"":18,""txPowerDbm"":17,""preamble"":8,""tcxoVoltage"":1.600000024,""xtalVoltage"":0},""dataset"":{""state"":""idle"",""step"":""idle"",""label"":"""",""seq"":0,""targetSamples"":0,""sampleIntervalMs"":500,""maxDurationMs"":0,""useFanIntake"":true,""fanOnMs"":1000,""postFanSettleMs"":0,""nullingProfileId"":9,""queuePending"":0,""queueCapacity"":16,""queueEnqueued"":0,""queueDropped"":0,""publishFailCount"":0,""retryCount"":0,""retryFailCount"":0,""rejectedSamples"":0,""lastRejectReason"":""none"",""lastRejectChannel"":-1,""lastRejectOkFiniteCount"":0,""lastRejectStatus"":255,""lastRejectGain"":0,""lastRejectSaturated"":false},""recovery"":{""wifiReconnectCount"":0,""wifiReconnectFailCount"":0,""mqttReconnectCount"":0,""mqttConnectFailCount"":0,""lastMqttState"":0,""adsRecoveryCount"":0,""adsRecoveryFailCount"":0,""adsReadFailStreak"":0,""lastReason"":""none"",""lastRecoveryMs"":0,""bootRecoveryArmed"":false,""bootRecoveryDueMs"":0,""bootRecoveryReason"":""none"",""bootRecoveryNonAdsFailure"":false,""bootRecoveryRestartCount"":0},""nulling"":{""done"":false,""retryArmed"":false,""attemptCount"":0,""nextRetryMs"":0,""thresholdV"":9.999999747E-06,""minFinalV"":0},""telemetry"":{""valid"":true,""sampleMs"":7036276,""gasClass"":6,""gasName"":""CO2"",""confidence"":0,""alarm"":false,""sensorVoltage"":[0.125651881,0.003931724,0.004919725,-0.002518617,-0.009317302,-0.011680197,-0.018999171,-0.025260681],""sensorGain"":[16,64,64,64,64,64,64,64],""sensorStatus"":[0,0,0,0,0,0,0,0],""featureOrder"":[""MQ8"",""MQ135"",""MQ3"",""MQ5"",""MQ4"",""MQ7"",""MQ6"",""MQ2""]},""alarmLatched"":false}"
2026-08-04 11:18:21.065 +07:00,659.926,HOT_SWEEP_70,70,700,300,1,0,0.125651926,0.003923111,0.004842301,-0.002523459,-0.009317198,-0.011673798,-0.018972075,-0.025203681,"{""deviceId"":""1001"",""nodeId"":4097,""targetChId"":""0010"",""mode"":""inference"",""uptimeMs"":7037379,""debugEnabled"":true,""power"":{""mode"":""24v"",""externalPower"":true,""batteryMv"":65535,""batteryValid"":false,""batteryDetected"":false,""batterySenseStatus"":""not_detected"",""batteryLow"":false,""batteryCritical"":false,""sourceAmbiguous"":false,""serviceHoldActive"":false,""serviceHoldEffective"":false},""batterySession"":{""state"":""inactive"",""startedMs"":0,""stateStartedMs"":0,""validSampleBatches"":0,""requiredSampleBatches"":10,""alarmTxAttempts"":0,""alarmTxAttemptLimit"":3,""alarmAckReceived"":false,""pendingAlarm"":false,""pendingSaveRequired"":false,""persistenceFaultHold"":false,""completionReason"":""session_done""},""bootHealth"":{""adsReady"":true,""adsDrdyLevel"":0,""adsDrdyPulldownLevel"":0,""adsDrdyPullupLevel"":0,""adsMisoPulldownLevel"":0,""adsMisoPullupLevel"":1,""adsCsLevel"":1,""adsSyncLevel"":1,""adsStatus"":54,""adsMux"":15,""adsAdcon"":6,""adsDrate"":240,""adsReason"":""ok"",""tcaOk"":true,""mcpOkCount"":8,""mcpOk"":[true,true,true,true,true,true,true,true],""mcpAddrMask"":[1,1,1,1,1,1,1,1],""mcpControlTested"":true,""mcpControlOkCount"":8,""mcpControlOk"":[true,true,true,true,true,true,true,true],""dacReady"":true,""radioReady"":true,""mlReady"":true,""nullingProfileApplied"":true,""modelProfileReady"":false},""runtimeMcpCode"":[255,519,795,706,799,865,665,139],""model"":{""profileId"":""cnn-dualbranch-datasheet-v1-unbound"",""scalerProfileId"":""cnn-dualbranch-datasheet-v1-unbound"",""productionApproved"":true,""boundNullingProfileId"":8,""activeNullingProfileId"":9,""bindingValid"":true,""bindingModelMatches"":true,""profileReady"":false,""inferenceValid"":false,""sensorFault"":true},""lora"":{""beginState"":0,""lastTxState"":0,""lastTxOk"":false,""txSeq"":0,""txCounter"":0,""aesKeyProvisioned"":true,""aesKeyPresent"":true,""aesKeySource"":""nvs"",""keyId"":1,""lastDownlinkCommandId"":0,""freqMHz"":920,""bwKHz"":125,""sf"":7,""cr"":5,""syncWord"":18,""txPowerDbm"":17,""preamble"":8,""tcxoVoltage"":1.600000024,""xtalVoltage"":0},""dataset"":{""state"":""idle"",""step"":""idle"",""label"":"""",""seq"":0,""targetSamples"":0,""sampleIntervalMs"":500,""maxDurationMs"":0,""useFanIntake"":true,""fanOnMs"":1000,""postFanSettleMs"":0,""nullingProfileId"":9,""queuePending"":0,""queueCapacity"":16,""queueEnqueued"":0,""queueDropped"":0,""publishFailCount"":0,""retryCount"":0,""retryFailCount"":0,""rejectedSamples"":0,""lastRejectReason"":""none"",""lastRejectChannel"":-1,""lastRejectOkFiniteCount"":0,""lastRejectStatus"":255,""lastRejectGain"":0,""lastRejectSaturated"":false},""recovery"":{""wifiReconnectCount"":0,""wifiReconnectFailCount"":0,""mqttReconnectCount"":0,""mqttConnectFailCount"":0,""lastMqttState"":0,""adsRecoveryCount"":0,""adsRecoveryFailCount"":0,""adsReadFailStreak"":0,""lastReason"":""none"",""lastRecoveryMs"":0,""bootRecoveryArmed"":false,""bootRecoveryDueMs"":0,""bootRecoveryReason"":""none"",""bootRecoveryNonAdsFailure"":false,""bootRecoveryRestartCount"":0},""nulling"":{""done"":false,""retryArmed"":false,""attemptCount"":0,""nextRetryMs"":0,""thresholdV"":9.999999747E-06,""minFinalV"":0},""telemetry"":{""valid"":true,""sampleMs"":7036952,""gasClass"":6,""gasName"":""CO2"",""confidence"":0,""alarm"":false,""sensorVoltage"":[0.125651926,0.003923111,0.004842301,-0.002523459,-0.009317198,-0.011673798,-0.018972075,-0.025203681],""sensorGain"":[16,64,64,64,64,64,64,64],""sensorStatus"":[0,0,0,0,0,0,0,0],""featureOrder"":[""MQ8"",""MQ135"",""MQ3"",""MQ5"",""MQ4"",""MQ7"",""MQ6"",""MQ2""]},""alarmLatched"":false}"
2026-08-04 11:18:21.764 +07:00,660.629,HOT_SWEEP_70,70,700,300,1,0,0.125740543,0.003934877,0.004845598,-0.002512263,-0.009294638,-0.011679284,-0.018952025,-0.025128949,"{""deviceId"":""1001"",""nodeId"":4097,""targetChId"":""0010"",""mode"":""inference"",""uptimeMs"":7038078,""debugEnabled"":true,""power"":{""mode"":""24v"",""externalPower"":true,""batteryMv"":65535,""batteryValid"":false,""batteryDetected"":false,""batterySenseStatus"":""not_detected"",""batteryLow"":false,""batteryCritical"":false,""sourceAmbiguous"":false,""serviceHoldActive"":false,""serviceHoldEffective"":false},""batterySession"":{""state"":""inactive"",""startedMs"":0,""stateStartedMs"":0,""validSampleBatches"":0,""requiredSampleBatches"":10,""alarmTxAttempts"":0,""alarmTxAttemptLimit"":3,""alarmAckReceived"":false,""pendingAlarm"":false,""pendingSaveRequired"":false,""persistenceFaultHold"":false,""completionReason"":""session_done""},""bootHealth"":{""adsReady"":true,""adsDrdyLevel"":0,""adsDrdyPulldownLevel"":0,""adsDrdyPullupLevel"":0,""adsMisoPulldownLevel"":0,""adsMisoPullupLevel"":1,""adsCsLevel"":1,""adsSyncLevel"":1,""adsStatus"":54,""adsMux"":15,""adsAdcon"":6,""adsDrate"":240,""adsReason"":""ok"",""tcaOk"":true,""mcpOkCount"":8,""mcpOk"":[true,true,true,true,true,true,true,true],""mcpAddrMask"":[1,1,1,1,1,1,1,1],""mcpControlTested"":true,""mcpControlOkCount"":8,""mcpControlOk"":[true,true,true,true,true,true,true,true],""dacReady"":true,""radioReady"":true,""mlReady"":true,""nullingProfileApplied"":true,""modelProfileReady"":false},""runtimeMcpCode"":[255,519,795,706,799,865,665,139],""model"":{""profileId"":""cnn-dualbranch-datasheet-v1-unbound"",""scalerProfileId"":""cnn-dualbranch-datasheet-v1-unbound"",""productionApproved"":true,""boundNullingProfileId"":8,""activeNullingProfileId"":9,""bindingValid"":true,""bindingModelMatches"":true,""profileReady"":false,""inferenceValid"":false,""sensorFault"":true},""lora"":{""beginState"":0,""lastTxState"":0,""lastTxOk"":false,""txSeq"":0,""txCounter"":0,""aesKeyProvisioned"":true,""aesKeyPresent"":true,""aesKeySource"":""nvs"",""keyId"":1,""lastDownlinkCommandId"":0,""freqMHz"":920,""bwKHz"":125,""sf"":7,""cr"":5,""syncWord"":18,""txPowerDbm"":17,""preamble"":8,""tcxoVoltage"":1.600000024,""xtalVoltage"":0},""dataset"":{""state"":""idle"",""step"":""idle"",""label"":"""",""seq"":0,""targetSamples"":0,""sampleIntervalMs"":500,""maxDurationMs"":0,""useFanIntake"":true,""fanOnMs"":1000,""postFanSettleMs"":0,""nullingProfileId"":9,""queuePending"":0,""queueCapacity"":16,""queueEnqueued"":0,""queueDropped"":0,""publishFailCount"":0,""retryCount"":0,""retryFailCount"":0,""rejectedSamples"":0,""lastRejectReason"":""none"",""lastRejectChannel"":-1,""lastRejectOkFiniteCount"":0,""lastRejectStatus"":255,""lastRejectGain"":0,""lastRejectSaturated"":false},""recovery"":{""wifiReconnectCount"":0,""wifiReconnectFailCount"":0,""mqttReconnectCount"":0,""mqttConnectFailCount"":0,""lastMqttState"":0,""adsRecoveryCount"":0,""adsRecoveryFailCount"":0,""adsReadFailStreak"":0,""lastReason"":""none"",""lastRecoveryMs"":0,""bootRecoveryArmed"":false,""bootRecoveryDueMs"":0,""bootRecoveryReason"":""none"",""bootRecoveryNonAdsFailure"":false,""bootRecoveryRestartCount"":0},""nulling"":{""done"":false,""retryArmed"":false,""attemptCount"":0,""nextRetryMs"":0,""thresholdV"":9.999999747E-06,""minFinalV"":0},""telemetry"":{""valid"":true,""sampleMs"":7037657,""gasClass"":6,""gasName"":""CO2"",""confidence"":0,""alarm"":false,""sensorVoltage"":[0.125740543,0.003934877,0.004845598,-0.002512263,-0.009294638,-0.011679284,-0.018952025,-0.025128949],""sensorGain"":[16,64,64,64,64,64,64,64],""sensorStatus"":[0,0,0,0,0,0,0,0],""featureOrder"":[""MQ8"",""MQ135"",""MQ3"",""MQ5"",""MQ4"",""MQ7"",""MQ6"",""MQ2""]},""alarmLatched"":false}"
2026-08-04 11:18:22.466 +07:00,661.334,HOT_SWEEP_70,70,700,300,1,0,0.125459701,0.003967995,0.004876259,-0.00251872,-0.00950513,-0.011957519,-0.019295219,-0.025193075,"{""deviceId"":""1001"",""nodeId"":4097,""targetChId"":""0010"",""mode"":""inference"",""uptimeMs"":7038775,""debugEnabled"":true,""power"":{""mode"":""24v"",""externalPower"":true,""batteryMv"":65535,""batteryValid"":false,""batteryDetected"":false,""batterySenseStatus"":""not_detected"",""batteryLow"":false,""batteryCritical"":false,""sourceAmbiguous"":false,""serviceHoldActive"":false,""serviceHoldEffective"":false},""batterySession"":{""state"":""inactive"",""startedMs"":0,""stateStartedMs"":0,""validSampleBatches"":0,""requiredSampleBatches"":10,""alarmTxAttempts"":0,""alarmTxAttemptLimit"":3,""alarmAckReceived"":false,""pendingAlarm"":false,""pendingSaveRequired"":false,""persistenceFaultHold"":false,""completionReason"":""session_done""},""bootHealth"":{""adsReady"":true,""adsDrdyLevel"":0,""adsDrdyPulldownLevel"":0,""adsDrdyPullupLevel"":0,""adsMisoPulldownLevel"":0,""adsMisoPullupLevel"":1,""adsCsLevel"":1,""adsSyncLevel"":1,""adsStatus"":54,""adsMux"":15,""adsAdcon"":6,""adsDrate"":240,""adsReason"":""ok"",""tcaOk"":true,""mcpOkCount"":8,""mcpOk"":[true,true,true,true,true,true,true,true],""mcpAddrMask"":[1,1,1,1,1,1,1,1],""mcpControlTested"":true,""mcpControlOkCount"":8,""mcpControlOk"":[true,true,true,true,true,true,true,true],""dacReady"":true,""radioReady"":true,""mlReady"":true,""nullingProfileApplied"":true,""modelProfileReady"":false},""runtimeMcpCode"":[255,519,795,706,799,865,665,139],""model"":{""profileId"":""cnn-dualbranch-datasheet-v1-unbound"",""scalerProfileId"":""cnn-dualbranch-datasheet-v1-unbound"",""productionApproved"":true,""boundNullingProfileId"":8,""activeNullingProfileId"":9,""bindingValid"":true,""bindingModelMatches"":true,""profileReady"":false,""inferenceValid"":false,""sensorFault"":true},""lora"":{""beginState"":0,""lastTxState"":0,""lastTxOk"":false,""txSeq"":0,""txCounter"":0,""aesKeyProvisioned"":true,""aesKeyPresent"":true,""aesKeySource"":""nvs"",""keyId"":1,""lastDownlinkCommandId"":0,""freqMHz"":920,""bwKHz"":125,""sf"":7,""cr"":5,""syncWord"":18,""txPowerDbm"":17,""preamble"":8,""tcxoVoltage"":1.600000024,""xtalVoltage"":0},""dataset"":{""state"":""idle"",""step"":""idle"",""label"":"""",""seq"":0,""targetSamples"":0,""sampleIntervalMs"":500,""maxDurationMs"":0,""useFanIntake"":true,""fanOnMs"":1000,""postFanSettleMs"":0,""nullingProfileId"":9,""queuePending"":0,""queueCapacity"":16,""queueEnqueued"":0,""queueDropped"":0,""publishFailCount"":0,""retryCount"":0,""retryFailCount"":0,""rejectedSamples"":0,""lastRejectReason"":""none"",""lastRejectChannel"":-1,""lastRejectOkFiniteCount"":0,""lastRejectStatus"":255,""lastRejectGain"":0,""lastRejectSaturated"":false},""recovery"":{""wifiReconnectCount"":0,""wifiReconnectFailCount"":0,""mqttReconnectCount"":0,""mqttConnectFailCount"":0,""lastMqttState"":0,""adsRecoveryCount"":0,""adsRecoveryFailCount"":0,""adsReadFailStreak"":0,""lastReason"":""none"",""lastRecoveryMs"":0,""bootRecoveryArmed"":false,""bootRecoveryDueMs"":0,""bootRecoveryReason"":""none"",""bootRecoveryNonAdsFailure"":false,""bootRecoveryRestartCount"":0},""nulling"":{""done"":false,""retryArmed"":false,""attemptCount"":0,""nextRetryMs"":0,""thresholdV"":9.999999747E-06,""minFinalV"":0},""telemetry"":{""valid"":true,""sampleMs"":7038388,""gasClass"":6,""gasName"":""CO2"",""confidence"":0,""alarm"":false,""sensorVoltage"":[0.125459701,0.003967995,0.004876259,-0.00251872,-0.00950513,-0.011957519,-0.019295219,-0.025193075],""sensorGain"":[16,64,64,64,64,64,64,64],""sensorStatus"":[0,0,0,0,0,0,0,0],""featureOrder"":[""MQ8"",""MQ135"",""MQ3"",""MQ5"",""MQ4"",""MQ7"",""MQ6"",""MQ2""]},""alarmLatched"":false}"
2026-08-04 11:18:23.163 +07:00,662.044,HOT_SWEEP_70,70,700,300,1,0,0.125377238,0.003981217,0.004890983,-0.00250863,-0.009532376,-0.01192358,-0.01930486,-0.025258824,"{""deviceId"":""1001"",""nodeId"":4097,""targetChId"":""0010"",""mode"":""inference"",""uptimeMs"":7039490,""debugEnabled"":true,""power"":{""mode"":""24v"",""externalPower"":true,""batteryMv"":65535,""batteryValid"":false,""batteryDetected"":false,""batterySenseStatus"":""not_detected"",""batteryLow"":false,""batteryCritical"":false,""sourceAmbiguous"":false,""serviceHoldActive"":false,""serviceHoldEffective"":false},""batterySession"":{""state"":""inactive"",""startedMs"":0,""stateStartedMs"":0,""validSampleBatches"":0,""requiredSampleBatches"":10,""alarmTxAttempts"":0,""alarmTxAttemptLimit"":3,""alarmAckReceived"":false,""pendingAlarm"":false,""pendingSaveRequired"":false,""persistenceFaultHold"":false,""completionReason"":""session_done""},""bootHealth"":{""adsReady"":true,""adsDrdyLevel"":0,""adsDrdyPulldownLevel"":0,""adsDrdyPullupLevel"":0,""adsMisoPulldownLevel"":0,""adsMisoPullupLevel"":1,""adsCsLevel"":1,""adsSyncLevel"":1,""adsStatus"":54,""adsMux"":15,""adsAdcon"":6,""adsDrate"":240,""adsReason"":""ok"",""tcaOk"":true,""mcpOkCount"":8,""mcpOk"":[true,true,true,true,true,true,true,true],""mcpAddrMask"":[1,1,1,1,1,1,1,1],""mcpControlTested"":true,""mcpControlOkCount"":8,""mcpControlOk"":[true,true,true,true,true,true,true,true],""dacReady"":true,""radioReady"":true,""mlReady"":true,""nullingProfileApplied"":true,""modelProfileReady"":false},""runtimeMcpCode"":[255,519,795,706,799,865,665,139],""model"":{""profileId"":""cnn-dualbranch-datasheet-v1-unbound"",""scalerProfileId"":""cnn-dualbranch-datasheet-v1-unbound"",""productionApproved"":true,""boundNullingProfileId"":8,""activeNullingProfileId"":9,""bindingValid"":true,""bindingModelMatches"":true,""profileReady"":false,""inferenceValid"":false,""sensorFault"":true},""lora"":{""beginState"":0,""lastTxState"":0,""lastTxOk"":false,""txSeq"":0,""txCounter"":0,""aesKeyProvisioned"":true,""aesKeyPresent"":true,""aesKeySource"":""nvs"",""keyId"":1,""lastDownlinkCommandId"":0,""freqMHz"":920,""bwKHz"":125,""sf"":7,""cr"":5,""syncWord"":18,""txPowerDbm"":17,""preamble"":8,""tcxoVoltage"":1.600000024,""xtalVoltage"":0},""dataset"":{""state"":""idle"",""step"":""idle"",""label"":"""",""seq"":0,""targetSamples"":0,""sampleIntervalMs"":500,""maxDurationMs"":0,""useFanIntake"":true,""fanOnMs"":1000,""postFanSettleMs"":0,""nullingProfileId"":9,""queuePending"":0,""queueCapacity"":16,""queueEnqueued"":0,""queueDropped"":0,""publishFailCount"":0,""retryCount"":0,""retryFailCount"":0,""rejectedSamples"":0,""lastRejectReason"":""none"",""lastRejectChannel"":-1,""lastRejectOkFiniteCount"":0,""lastRejectStatus"":255,""lastRejectGain"":0,""lastRejectSaturated"":false},""recovery"":{""wifiReconnectCount"":0,""wifiReconnectFailCount"":0,""mqttReconnectCount"":0,""mqttConnectFailCount"":0,""lastMqttState"":0,""adsRecoveryCount"":0,""adsRecoveryFailCount"":0,""adsReadFailStreak"":0,""lastReason"":""none"",""lastRecoveryMs"":0,""bootRecoveryArmed"":false,""bootRecoveryDueMs"":0,""bootRecoveryReason"":""none"",""bootRecoveryNonAdsFailure"":false,""bootRecoveryRestartCount"":0},""nulling"":{""done"":false,""retryArmed"":false,""attemptCount"":0,""nextRetryMs"":0,""thresholdV"":9.999999747E-06,""minFinalV"":0},""telemetry"":{""valid"":true,""sampleMs"":7039053,""gasClass"":6,""gasName"":""CO2"",""confidence"":0,""alarm"":false,""sensorVoltage"":[0.125377238,0.003981217,0.004890983,-0.00250863,-0.009532376,-0.01192358,-0.01930486,-0.025258824],""sensorGain"":[16,64,64,64,64,64,64,64],""sensorStatus"":[0,0,0,0,0,0,0,0],""featureOrder"":[""MQ8"",""MQ135"",""MQ3"",""MQ5"",""MQ4"",""MQ7"",""MQ6"",""MQ2""]},""alarmLatched"":false}"
2026-08-04 11:18:23.883 +07:00,662.758,HOT_SWEEP_70,70,700,300,1,0,0.125430673,0.003984042,0.004845036,-0.002516076,-0.009523386,-0.011873657,-0.019358346,-0.025246957,"{""deviceId"":""1001"",""nodeId"":4097,""targetChId"":""0010"",""mode"":""inference"",""uptimeMs"":7040198,""debugEnabled"":true,""power"":{""mode"":""24v"",""externalPower"":true,""batteryMv"":65535,""batteryValid"":false,""batteryDetected"":false,""batterySenseStatus"":""not_detected"",""batteryLow"":false,""batteryCritical"":false,""sourceAmbiguous"":false,""serviceHoldActive"":false,""serviceHoldEffective"":false},""batterySession"":{""state"":""inactive"",""startedMs"":0,""stateStartedMs"":0,""validSampleBatches"":0,""requiredSampleBatches"":10,""alarmTxAttempts"":0,""alarmTxAttemptLimit"":3,""alarmAckReceived"":false,""pendingAlarm"":false,""pendingSaveRequired"":false,""persistenceFaultHold"":false,""completionReason"":""session_done""},""bootHealth"":{""adsReady"":true,""adsDrdyLevel"":0,""adsDrdyPulldownLevel"":0,""adsDrdyPullupLevel"":0,""adsMisoPulldownLevel"":0,""adsMisoPullupLevel"":1,""adsCsLevel"":1,""adsSyncLevel"":1,""adsStatus"":54,""adsMux"":15,""adsAdcon"":6,""adsDrate"":240,""adsReason"":""ok"",""tcaOk"":true,""mcpOkCount"":8,""mcpOk"":[true,true,true,true,true,true,true,true],""mcpAddrMask"":[1,1,1,1,1,1,1,1],""mcpControlTested"":true,""mcpControlOkCount"":8,""mcpControlOk"":[true,true,true,true,true,true,true,true],""dacReady"":true,""radioReady"":true,""mlReady"":true,""nullingProfileApplied"":true,""modelProfileReady"":false},""runtimeMcpCode"":[255,519,795,706,799,865,665,139],""model"":{""profileId"":""cnn-dualbranch-datasheet-v1-unbound"",""scalerProfileId"":""cnn-dualbranch-datasheet-v1-unbound"",""productionApproved"":true,""boundNullingProfileId"":8,""activeNullingProfileId"":9,""bindingValid"":true,""bindingModelMatches"":true,""profileReady"":false,""inferenceValid"":false,""sensorFault"":true},""lora"":{""beginState"":0,""lastTxState"":0,""lastTxOk"":false,""txSeq"":0,""txCounter"":0,""aesKeyProvisioned"":true,""aesKeyPresent"":true,""aesKeySource"":""nvs"",""keyId"":1,""lastDownlinkCommandId"":0,""freqMHz"":920,""bwKHz"":125,""sf"":7,""cr"":5,""syncWord"":18,""txPowerDbm"":17,""preamble"":8,""tcxoVoltage"":1.600000024,""xtalVoltage"":0},""dataset"":{""state"":""idle"",""step"":""idle"",""label"":"""",""seq"":0,""targetSamples"":0,""sampleIntervalMs"":500,""maxDurationMs"":0,""useFanIntake"":true,""fanOnMs"":1000,""postFanSettleMs"":0,""nullingProfileId"":9,""queuePending"":0,""queueCapacity"":16,""queueEnqueued"":0,""queueDropped"":0,""publishFailCount"":0,""retryCount"":0,""retryFailCount"":0,""rejectedSamples"":0,""lastRejectReason"":""none"",""lastRejectChannel"":-1,""lastRejectOkFiniteCount"":0,""lastRejectStatus"":255,""lastRejectGain"":0,""lastRejectSaturated"":false},""recovery"":{""wifiReconnectCount"":0,""wifiReconnectFailCount"":0,""mqttReconnectCount"":0,""mqttConnectFailCount"":0,""lastMqttState"":0,""adsRecoveryCount"":0,""adsRecoveryFailCount"":0,""adsReadFailStreak"":0,""lastReason"":""none"",""lastRecoveryMs"":0,""bootRecoveryArmed"":false,""bootRecoveryDueMs"":0,""bootRecoveryReason"":""none"",""bootRecoveryNonAdsFailure"":false,""bootRecoveryRestartCount"":0},""nulling"":{""done"":false,""retryArmed"":false,""attemptCount"":0,""nextRetryMs"":0,""thresholdV"":9.999999747E-06,""minFinalV"":0},""telemetry"":{""valid"":true,""sampleMs"":7039768,""gasClass"":6,""gasName"":""CO2"",""confidence"":0,""alarm"":false,""sensorVoltage"":[0.125430673,0.003984042,0.004845036,-0.002516076,-0.009523386,-0.011873657,-0.019358346,-0.025246957],""sensorGain"":[16,64,64,64,64,64,64,64],""sensorStatus"":[0,0,0,0,0,0,0,0],""featureOrder"":[""MQ8"",""MQ135"",""MQ3"",""MQ5"",""MQ4"",""MQ7"",""MQ6"",""MQ2""]},""alarmLatched"":false}"
2026-08-04 11:18:24.575 +07:00,663.456,HOT_SWEEP_70,70,700,300,1,0,0.124931537,0.00408047,0.004834072,-0.00251764,-0.009509625,-0.011870101,-0.019347047,-0.025265584,"{""deviceId"":""1001"",""nodeId"":4097,""targetChId"":""0010"",""mode"":""inference"",""uptimeMs"":7040900,""debugEnabled"":true,""power"":{""mode"":""24v"",""externalPower"":true,""batteryMv"":65535,""batteryValid"":false,""batteryDetected"":false,""batterySenseStatus"":""not_detected"",""batteryLow"":false,""batteryCritical"":false,""sourceAmbiguous"":false,""serviceHoldActive"":false,""serviceHoldEffective"":false},""batterySession"":{""state"":""inactive"",""startedMs"":0,""stateStartedMs"":0,""validSampleBatches"":0,""requiredSampleBatches"":10,""alarmTxAttempts"":0,""alarmTxAttemptLimit"":3,""alarmAckReceived"":false,""pendingAlarm"":false,""pendingSaveRequired"":false,""persistenceFaultHold"":false,""completionReason"":""session_done""},""bootHealth"":{""adsReady"":true,""adsDrdyLevel"":0,""adsDrdyPulldownLevel"":0,""adsDrdyPullupLevel"":0,""adsMisoPulldownLevel"":0,""adsMisoPullupLevel"":1,""adsCsLevel"":1,""adsSyncLevel"":1,""adsStatus"":54,""adsMux"":15,""adsAdcon"":6,""adsDrate"":240,""adsReason"":""ok"",""tcaOk"":true,""mcpOkCount"":8,""mcpOk"":[true,true,true,true,true,true,true,true],""mcpAddrMask"":[1,1,1,1,1,1,1,1],""mcpControlTested"":true,""mcpControlOkCount"":8,""mcpControlOk"":[true,true,true,true,true,true,true,true],""dacReady"":true,""radioReady"":true,""mlReady"":true,""nullingProfileApplied"":true,""modelProfileReady"":false},""runtimeMcpCode"":[255,519,795,706,799,865,665,139],""model"":{""profileId"":""cnn-dualbranch-datasheet-v1-unbound"",""scalerProfileId"":""cnn-dualbranch-datasheet-v1-unbound"",""productionApproved"":true,""boundNullingProfileId"":8,""activeNullingProfileId"":9,""bindingValid"":true,""bindingModelMatches"":true,""profileReady"":false,""inferenceValid"":false,""sensorFault"":true},""lora"":{""beginState"":0,""lastTxState"":0,""lastTxOk"":false,""txSeq"":0,""txCounter"":0,""aesKeyProvisioned"":true,""aesKeyPresent"":true,""aesKeySource"":""nvs"",""keyId"":1,""lastDownlinkCommandId"":0,""freqMHz"":920,""bwKHz"":125,""sf"":7,""cr"":5,""syncWord"":18,""txPowerDbm"":17,""preamble"":8,""tcxoVoltage"":1.600000024,""xtalVoltage"":0},""dataset"":{""state"":""idle"",""step"":""idle"",""label"":"""",""seq"":0,""targetSamples"":0,""sampleIntervalMs"":500,""maxDurationMs"":0,""useFanIntake"":true,""fanOnMs"":1000,""postFanSettleMs"":0,""nullingProfileId"":9,""queuePending"":0,""queueCapacity"":16,""queueEnqueued"":0,""queueDropped"":0,""publishFailCount"":0,""retryCount"":0,""retryFailCount"":0,""rejectedSamples"":0,""lastRejectReason"":""none"",""lastRejectChannel"":-1,""lastRejectOkFiniteCount"":0,""lastRejectStatus"":255,""lastRejectGain"":0,""lastRejectSaturated"":false},""recovery"":{""wifiReconnectCount"":0,""wifiReconnectFailCount"":0,""mqttReconnectCount"":0,""mqttConnectFailCount"":0,""lastMqttState"":0,""adsRecoveryCount"":0,""adsRecoveryFailCount"":0,""adsReadFailStreak"":0,""lastReason"":""none"",""lastRecoveryMs"":0,""bootRecoveryArmed"":false,""bootRecoveryDueMs"":0,""bootRecoveryReason"":""none"",""bootRecoveryNonAdsFailure"":false,""bootRecoveryRestartCount"":0},""nulling"":{""done"":false,""retryArmed"":false,""attemptCount"":0,""nextRetryMs"":0,""thresholdV"":9.999999747E-06,""minFinalV"":0},""telemetry"":{""valid"":true,""sampleMs"":7040508,""gasClass"":6,""gasName"":""CO2"",""confidence"":0,""alarm"":false,""sensorVoltage"":[0.124931537,0.00408047,0.004834072,-0.00251764,-0.009509625,-0.011870101,-0.019347047,-0.025265584],""sensorGain"":[16,64,64,64,64,64,64,64],""sensorStatus"":[0,0,0,0,0,0,0,0],""featureOrder"":[""MQ8"",""MQ135"",""MQ3"",""MQ5"",""MQ4"",""MQ7"",""MQ6"",""MQ2""]},""alarmLatched"":false}"
2026-08-04 11:18:25.292 +07:00,664.157,HOT_SWEEP_70,70,700,300,1,0,0.124862351,0.00413937,0.004823691,-0.002528913,-0.009490967,-0.011893369,-0.019374758,-0.025281137,"{""deviceId"":""1001"",""nodeId"":4097,""targetChId"":""0010"",""mode"":""inference"",""uptimeMs"":7041604,""debugEnabled"":true,""power"":{""mode"":""24v"",""externalPower"":true,""batteryMv"":65535,""batteryValid"":false,""batteryDetected"":false,""batterySenseStatus"":""not_detected"",""batteryLow"":false,""batteryCritical"":false,""sourceAmbiguous"":false,""serviceHoldActive"":false,""serviceHoldEffective"":false},""batterySession"":{""state"":""inactive"",""startedMs"":0,""stateStartedMs"":0,""validSampleBatches"":0,""requiredSampleBatches"":10,""alarmTxAttempts"":0,""alarmTxAttemptLimit"":3,""alarmAckReceived"":false,""pendingAlarm"":false,""pendingSaveRequired"":false,""persistenceFaultHold"":false,""completionReason"":""session_done""},""bootHealth"":{""adsReady"":true,""adsDrdyLevel"":0,""adsDrdyPulldownLevel"":0,""adsDrdyPullupLevel"":0,""adsMisoPulldownLevel"":0,""adsMisoPullupLevel"":1,""adsCsLevel"":1,""adsSyncLevel"":1,""adsStatus"":54,""adsMux"":15,""adsAdcon"":6,""adsDrate"":240,""adsReason"":""ok"",""tcaOk"":true,""mcpOkCount"":8,""mcpOk"":[true,true,true,true,true,true,true,true],""mcpAddrMask"":[1,1,1,1,1,1,1,1],""mcpControlTested"":true,""mcpControlOkCount"":8,""mcpControlOk"":[true,true,true,true,true,true,true,true],""dacReady"":true,""radioReady"":true,""mlReady"":true,""nullingProfileApplied"":true,""modelProfileReady"":false},""runtimeMcpCode"":[255,519,795,706,799,865,665,139],""model"":{""profileId"":""cnn-dualbranch-datasheet-v1-unbound"",""scalerProfileId"":""cnn-dualbranch-datasheet-v1-unbound"",""productionApproved"":true,""boundNullingProfileId"":8,""activeNullingProfileId"":9,""bindingValid"":true,""bindingModelMatches"":true,""profileReady"":false,""inferenceValid"":false,""sensorFault"":true},""lora"":{""beginState"":0,""lastTxState"":0,""lastTxOk"":false,""txSeq"":0,""txCounter"":0,""aesKeyProvisioned"":true,""aesKeyPresent"":true,""aesKeySource"":""nvs"",""keyId"":1,""lastDownlinkCommandId"":0,""freqMHz"":920,""bwKHz"":125,""sf"":7,""cr"":5,""syncWord"":18,""txPowerDbm"":17,""preamble"":8,""tcxoVoltage"":1.600000024,""xtalVoltage"":0},""dataset"":{""state"":""idle"",""step"":""idle"",""label"":"""",""seq"":0,""targetSamples"":0,""sampleIntervalMs"":500,""maxDurationMs"":0,""useFanIntake"":true,""fanOnMs"":1000,""postFanSettleMs"":0,""nullingProfileId"":9,""queuePending"":0,""queueCapacity"":16,""queueEnqueued"":0,""queueDropped"":0,""publishFailCount"":0,""retryCount"":0,""retryFailCount"":0,""rejectedSamples"":0,""lastRejectReason"":""none"",""lastRejectChannel"":-1,""lastRejectOkFiniteCount"":0,""lastRejectStatus"":255,""lastRejectGain"":0,""lastRejectSaturated"":false},""recovery"":{""wifiReconnectCount"":0,""wifiReconnectFailCount"":0,""mqttReconnectCount"":0,""mqttConnectFailCount"":0,""lastMqttState"":0,""adsRecoveryCount"":0,""adsRecoveryFailCount"":0,""adsReadFailStreak"":0,""lastReason"":""none"",""lastRecoveryMs"":0,""bootRecoveryArmed"":false,""bootRecoveryDueMs"":0,""bootRecoveryReason"":""none"",""bootRecoveryNonAdsFailure"":false,""bootRecoveryRestartCount"":0},""nulling"":{""done"":false,""retryArmed"":false,""attemptCount"":0,""nextRetryMs"":0,""thresholdV"":9.999999747E-06,""minFinalV"":0},""telemetry"":{""valid"":true,""sampleMs"":7041178,""gasClass"":6,""gasName"":""CO2"",""confidence"":0,""alarm"":false,""sensorVoltage"":[0.124862351,0.00413937,0.004823691,-0.002528913,-0.009490967,-0.011893369,-0.019374758,-0.025281137],""sensorGain"":[16,64,64,64,64,64,64,64],""sensorStatus"":[0,0,0,0,0,0,0,0],""featureOrder"":[""MQ8"",""MQ135"",""MQ3"",""MQ5"",""MQ4"",""MQ7"",""MQ6"",""MQ2""]},""alarmLatched"":false}"
2026-08-04 11:18:25.994 +07:00,664.859,HOT_SWEEP_70,70,700,300,1,0,0.125112057,0.00404629,0.004827261,-0.002519381,-0.009528821,-0.011830619,-0.019437185,-0.025273751,"{""deviceId"":""1001"",""nodeId"":4097,""targetChId"":""0010"",""mode"":""inference"",""uptimeMs"":7042304,""debugEnabled"":true,""power"":{""mode"":""24v"",""externalPower"":true,""batteryMv"":65535,""batteryValid"":false,""batteryDetected"":false,""batterySenseStatus"":""not_detected"",""batteryLow"":false,""batteryCritical"":false,""sourceAmbiguous"":false,""serviceHoldActive"":false,""serviceHoldEffective"":false},""batterySession"":{""state"":""inactive"",""startedMs"":0,""stateStartedMs"":0,""validSampleBatches"":0,""requiredSampleBatches"":10,""alarmTxAttempts"":0,""alarmTxAttemptLimit"":3,""alarmAckReceived"":false,""pendingAlarm"":false,""pendingSaveRequired"":false,""persistenceFaultHold"":false,""completionReason"":""session_done""},""bootHealth"":{""adsReady"":true,""adsDrdyLevel"":0,""adsDrdyPulldownLevel"":0,""adsDrdyPullupLevel"":0,""adsMisoPulldownLevel"":0,""adsMisoPullupLevel"":1,""adsCsLevel"":1,""adsSyncLevel"":1,""adsStatus"":54,""adsMux"":15,""adsAdcon"":6,""adsDrate"":240,""adsReason"":""ok"",""tcaOk"":true,""mcpOkCount"":8,""mcpOk"":[true,true,true,true,true,true,true,true],""mcpAddrMask"":[1,1,1,1,1,1,1,1],""mcpControlTested"":true,""mcpControlOkCount"":8,""mcpControlOk"":[true,true,true,true,true,true,true,true],""dacReady"":true,""radioReady"":true,""mlReady"":true,""nullingProfileApplied"":true,""modelProfileReady"":false},""runtimeMcpCode"":[255,519,795,706,799,865,665,139],""model"":{""profileId"":""cnn-dualbranch-datasheet-v1-unbound"",""scalerProfileId"":""cnn-dualbranch-datasheet-v1-unbound"",""productionApproved"":true,""boundNullingProfileId"":8,""activeNullingProfileId"":9,""bindingValid"":true,""bindingModelMatches"":true,""profileReady"":false,""inferenceValid"":false,""sensorFault"":true},""lora"":{""beginState"":0,""lastTxState"":0,""lastTxOk"":false,""txSeq"":0,""txCounter"":0,""aesKeyProvisioned"":true,""aesKeyPresent"":true,""aesKeySource"":""nvs"",""keyId"":1,""lastDownlinkCommandId"":0,""freqMHz"":920,""bwKHz"":125,""sf"":7,""cr"":5,""syncWord"":18,""txPowerDbm"":17,""preamble"":8,""tcxoVoltage"":1.600000024,""xtalVoltage"":0},""dataset"":{""state"":""idle"",""step"":""idle"",""label"":"""",""seq"":0,""targetSamples"":0,""sampleIntervalMs"":500,""maxDurationMs"":0,""useFanIntake"":true,""fanOnMs"":1000,""postFanSettleMs"":0,""nullingProfileId"":9,""queuePending"":0,""queueCapacity"":16,""queueEnqueued"":0,""queueDropped"":0,""publishFailCount"":0,""retryCount"":0,""retryFailCount"":0,""rejectedSamples"":0,""lastRejectReason"":""none"",""lastRejectChannel"":-1,""lastRejectOkFiniteCount"":0,""lastRejectStatus"":255,""lastRejectGain"":0,""lastRejectSaturated"":false},""recovery"":{""wifiReconnectCount"":0,""wifiReconnectFailCount"":0,""mqttReconnectCount"":0,""mqttConnectFailCount"":0,""lastMqttState"":0,""adsRecoveryCount"":0,""adsRecoveryFailCount"":0,""adsReadFailStreak"":0,""lastReason"":""none"",""lastRecoveryMs"":0,""bootRecoveryArmed"":false,""bootRecoveryDueMs"":0,""bootRecoveryReason"":""none"",""bootRecoveryNonAdsFailure"":false,""bootRecoveryRestartCount"":0},""nulling"":{""done"":false,""retryArmed"":false,""attemptCount"":0,""nextRetryMs"":0,""thresholdV"":9.999999747E-06,""minFinalV"":0},""telemetry"":{""valid"":true,""sampleMs"":7041882,""gasClass"":6,""gasName"":""CO2"",""confidence"":0,""alarm"":false,""sensorVoltage"":[0.125112057,0.00404629,0.004827261,-0.002519381,-0.009528821,-0.011830619,-0.019437185,-0.025273751],""sensorGain"":[16,64,64,64,64,64,64,64],""sensorStatus"":[0,0,0,0,0,0,0,0],""featureOrder"":[""MQ8"",""MQ135"",""MQ3"",""MQ5"",""MQ4"",""MQ7"",""MQ6"",""MQ2""]},""alarmLatched"":false}"
2026-08-04 11:18:26.693 +07:00,665.558,HOT_SWEEP_70,70,700,300,1,0,0.12484616,0.00406032,0.004769258,-0.002513383,-0.009523647,-0.011831841,-0.019393532,-0.025301835,"{""deviceId"":""1001"",""nodeId"":4097,""targetChId"":""0010"",""mode"":""inference"",""uptimeMs"":7043007,""debugEnabled"":true,""power"":{""mode"":""24v"",""externalPower"":true,""batteryMv"":65535,""batteryValid"":false,""batteryDetected"":false,""batterySenseStatus"":""not_detected"",""batteryLow"":false,""batteryCritical"":false,""sourceAmbiguous"":false,""serviceHoldActive"":false,""serviceHoldEffective"":false},""batterySession"":{""state"":""inactive"",""startedMs"":0,""stateStartedMs"":0,""validSampleBatches"":0,""requiredSampleBatches"":10,""alarmTxAttempts"":0,""alarmTxAttemptLimit"":3,""alarmAckReceived"":false,""pendingAlarm"":false,""pendingSaveRequired"":false,""persistenceFaultHold"":false,""completionReason"":""session_done""},""bootHealth"":{""adsReady"":true,""adsDrdyLevel"":0,""adsDrdyPulldownLevel"":0,""adsDrdyPullupLevel"":0,""adsMisoPulldownLevel"":0,""adsMisoPullupLevel"":1,""adsCsLevel"":1,""adsSyncLevel"":1,""adsStatus"":54,""adsMux"":15,""adsAdcon"":6,""adsDrate"":240,""adsReason"":""ok"",""tcaOk"":true,""mcpOkCount"":8,""mcpOk"":[true,true,true,true,true,true,true,true],""mcpAddrMask"":[1,1,1,1,1,1,1,1],""mcpControlTested"":true,""mcpControlOkCount"":8,""mcpControlOk"":[true,true,true,true,true,true,true,true],""dacReady"":true,""radioReady"":true,""mlReady"":true,""nullingProfileApplied"":true,""modelProfileReady"":false},""runtimeMcpCode"":[255,519,795,706,799,865,665,139],""model"":{""profileId"":""cnn-dualbranch-datasheet-v1-unbound"",""scalerProfileId"":""cnn-dualbranch-datasheet-v1-unbound"",""productionApproved"":true,""boundNullingProfileId"":8,""activeNullingProfileId"":9,""bindingValid"":true,""bindingModelMatches"":true,""profileReady"":false,""inferenceValid"":false,""sensorFault"":true},""lora"":{""beginState"":0,""lastTxState"":0,""lastTxOk"":false,""txSeq"":0,""txCounter"":0,""aesKeyProvisioned"":true,""aesKeyPresent"":true,""aesKeySource"":""nvs"",""keyId"":1,""lastDownlinkCommandId"":0,""freqMHz"":920,""bwKHz"":125,""sf"":7,""cr"":5,""syncWord"":18,""txPowerDbm"":17,""preamble"":8,""tcxoVoltage"":1.600000024,""xtalVoltage"":0},""dataset"":{""state"":""idle"",""step"":""idle"",""label"":"""",""seq"":0,""targetSamples"":0,""sampleIntervalMs"":500,""maxDurationMs"":0,""useFanIntake"":true,""fanOnMs"":1000,""postFanSettleMs"":0,""nullingProfileId"":9,""queuePending"":0,""queueCapacity"":16,""queueEnqueued"":0,""queueDropped"":0,""publishFailCount"":0,""retryCount"":0,""retryFailCount"":0,""rejectedSamples"":0,""lastRejectReason"":""none"",""lastRejectChannel"":-1,""lastRejectOkFiniteCount"":0,""lastRejectStatus"":255,""lastRejectGain"":0,""lastRejectSaturated"":false},""recovery"":{""wifiReconnectCount"":0,""wifiReconnectFailCount"":0,""mqttReconnectCount"":0,""mqttConnectFailCount"":0,""lastMqttState"":0,""adsRecoveryCount"":0,""adsRecoveryFailCount"":0,""adsReadFailStreak"":0,""lastReason"":""none"",""lastRecoveryMs"":0,""bootRecoveryArmed"":false,""bootRecoveryDueMs"":0,""bootRecoveryReason"":""none"",""bootRecoveryNonAdsFailure"":false,""bootRecoveryRestartCount"":0},""nulling"":{""done"":false,""retryArmed"":false,""attemptCount"":0,""nextRetryMs"":0,""thresholdV"":9.999999747E-06,""minFinalV"":0},""telemetry"":{""valid"":true,""sampleMs"":7042614,""gasClass"":6,""gasName"":""CO2"",""confidence"":0,""alarm"":false,""sensorVoltage"":[0.12484616,0.00406032,0.004769258,-0.002513383,-0.009523647,-0.011831841,-0.019393532,-0.025301835],""sensorGain"":[16,64,64,64,64,64,64,64],""sensorStatus"":[0,0,0,0,0,0,0,0],""featureOrder"":[""MQ8"",""MQ135"",""MQ3"",""MQ5"",""MQ4"",""MQ7"",""MQ6"",""MQ2""]},""alarmLatched"":false}"
2026-08-04 11:18:27.376 +07:00,666.242,HOT_SWEEP_70,70,700,300,1,0,0.124820903,0.004020645,0.004773205,-0.002554596,-0.00954934,-0.011786678,-0.019407213,-0.025220623,"{""deviceId"":""1001"",""nodeId"":4097,""targetChId"":""0010"",""mode"":""inference"",""uptimeMs"":7043690,""debugEnabled"":true,""power"":{""mode"":""24v"",""externalPower"":true,""batteryMv"":65535,""batteryValid"":false,""batteryDetected"":false,""batterySenseStatus"":""not_detected"",""batteryLow"":false,""batteryCritical"":false,""sourceAmbiguous"":false,""serviceHoldActive"":false,""serviceHoldEffective"":false},""batterySession"":{""state"":""inactive"",""startedMs"":0,""stateStartedMs"":0,""validSampleBatches"":0,""requiredSampleBatches"":10,""alarmTxAttempts"":0,""alarmTxAttemptLimit"":3,""alarmAckReceived"":false,""pendingAlarm"":false,""pendingSaveRequired"":false,""persistenceFaultHold"":false,""completionReason"":""session_done""},""bootHealth"":{""adsReady"":true,""adsDrdyLevel"":0,""adsDrdyPulldownLevel"":0,""adsDrdyPullupLevel"":0,""adsMisoPulldownLevel"":0,""adsMisoPullupLevel"":1,""adsCsLevel"":1,""adsSyncLevel"":1,""adsStatus"":54,""adsMux"":15,""adsAdcon"":6,""adsDrate"":240,""adsReason"":""ok"",""tcaOk"":true,""mcpOkCount"":8,""mcpOk"":[true,true,true,true,true,true,true,true],""mcpAddrMask"":[1,1,1,1,1,1,1,1],""mcpControlTested"":true,""mcpControlOkCount"":8,""mcpControlOk"":[true,true,true,true,true,true,true,true],""dacReady"":true,""radioReady"":true,""mlReady"":true,""nullingProfileApplied"":true,""modelProfileReady"":false},""runtimeMcpCode"":[255,519,795,706,799,865,665,139],""model"":{""profileId"":""cnn-dualbranch-datasheet-v1-unbound"",""scalerProfileId"":""cnn-dualbranch-datasheet-v1-unbound"",""productionApproved"":true,""boundNullingProfileId"":8,""activeNullingProfileId"":9,""bindingValid"":true,""bindingModelMatches"":true,""profileReady"":false,""inferenceValid"":false,""sensorFault"":true},""lora"":{""beginState"":0,""lastTxState"":0,""lastTxOk"":false,""txSeq"":0,""txCounter"":0,""aesKeyProvisioned"":true,""aesKeyPresent"":true,""aesKeySource"":""nvs"",""keyId"":1,""lastDownlinkCommandId"":0,""freqMHz"":920,""bwKHz"":125,""sf"":7,""cr"":5,""syncWord"":18,""txPowerDbm"":17,""preamble"":8,""tcxoVoltage"":1.600000024,""xtalVoltage"":0},""dataset"":{""state"":""idle"",""step"":""idle"",""label"":"""",""seq"":0,""targetSamples"":0,""sampleIntervalMs"":500,""maxDurationMs"":0,""useFanIntake"":true,""fanOnMs"":1000,""postFanSettleMs"":0,""nullingProfileId"":9,""queuePending"":0,""queueCapacity"":16,""queueEnqueued"":0,""queueDropped"":0,""publishFailCount"":0,""retryCount"":0,""retryFailCount"":0,""rejectedSamples"":0,""lastRejectReason"":""none"",""lastRejectChannel"":-1,""lastRejectOkFiniteCount"":0,""lastRejectStatus"":255,""lastRejectGain"":0,""lastRejectSaturated"":false},""recovery"":{""wifiReconnectCount"":0,""wifiReconnectFailCount"":0,""mqttReconnectCount"":0,""mqttConnectFailCount"":0,""lastMqttState"":0,""adsRecoveryCount"":0,""adsRecoveryFailCount"":0,""adsReadFailStreak"":0,""lastReason"":""none"",""lastRecoveryMs"":0,""bootRecoveryArmed"":false,""bootRecoveryDueMs"":0,""bootRecoveryReason"":""none"",""bootRecoveryNonAdsFailure"":false,""bootRecoveryRestartCount"":0},""nulling"":{""done"":false,""retryArmed"":false,""attemptCount"":0,""nextRetryMs"":0,""thresholdV"":9.999999747E-06,""minFinalV"":0},""telemetry"":{""valid"":true,""sampleMs"":7043285,""gasClass"":6,""gasName"":""CO2"",""confidence"":0,""alarm"":false,""sensorVoltage"":[0.124820903,0.004020645,0.004773205,-0.002554596,-0.00954934,-0.011786678,-0.019407213,-0.025220623],""sensorGain"":[16,64,64,64,64,64,64,64],""sensorStatus"":[0,0,0,0,0,0,0,0],""featureOrder"":[""MQ8"",""MQ135"",""MQ3"",""MQ5"",""MQ4"",""MQ7"",""MQ6"",""MQ2""]},""alarmLatched"":false}"
2026-08-04 11:18:28.075 +07:00,666.940,HOT_SWEEP_70,70,700,300,1,0,0.124975085,0.004019449,0.004839549,-0.002516298,-0.009570681,-0.011791618,-0.019432839,-0.025334602,"{""deviceId"":""1001"",""nodeId"":4097,""targetChId"":""0010"",""mode"":""inference"",""uptimeMs"":7044389,""debugEnabled"":true,""power"":{""mode"":""24v"",""externalPower"":true,""batteryMv"":65535,""batteryValid"":false,""batteryDetected"":false,""batterySenseStatus"":""not_detected"",""batteryLow"":false,""batteryCritical"":false,""sourceAmbiguous"":false,""serviceHoldActive"":false,""serviceHoldEffective"":false},""batterySession"":{""state"":""inactive"",""startedMs"":0,""stateStartedMs"":0,""validSampleBatches"":0,""requiredSampleBatches"":10,""alarmTxAttempts"":0,""alarmTxAttemptLimit"":3,""alarmAckReceived"":false,""pendingAlarm"":false,""pendingSaveRequired"":false,""persistenceFaultHold"":false,""completionReason"":""session_done""},""bootHealth"":{""adsReady"":true,""adsDrdyLevel"":0,""adsDrdyPulldownLevel"":0,""adsDrdyPullupLevel"":0,""adsMisoPulldownLevel"":0,""adsMisoPullupLevel"":1,""adsCsLevel"":1,""adsSyncLevel"":1,""adsStatus"":54,""adsMux"":15,""adsAdcon"":6,""adsDrate"":240,""adsReason"":""ok"",""tcaOk"":true,""mcpOkCount"":8,""mcpOk"":[true,true,true,true,true,true,true,true],""mcpAddrMask"":[1,1,1,1,1,1,1,1],""mcpControlTested"":true,""mcpControlOkCount"":8,""mcpControlOk"":[true,true,true,true,true,true,true,true],""dacReady"":true,""radioReady"":true,""mlReady"":true,""nullingProfileApplied"":true,""modelProfileReady"":false},""runtimeMcpCode"":[255,519,795,706,799,865,665,139],""model"":{""profileId"":""cnn-dualbranch-datasheet-v1-unbound"",""scalerProfileId"":""cnn-dualbranch-datasheet-v1-unbound"",""productionApproved"":true,""boundNullingProfileId"":8,""activeNullingProfileId"":9,""bindingValid"":true,""bindingModelMatches"":true,""profileReady"":false,""inferenceValid"":false,""sensorFault"":true},""lora"":{""beginState"":0,""lastTxState"":0,""lastTxOk"":false,""txSeq"":0,""txCounter"":0,""aesKeyProvisioned"":true,""aesKeyPresent"":true,""aesKeySource"":""nvs"",""keyId"":1,""lastDownlinkCommandId"":0,""freqMHz"":920,""bwKHz"":125,""sf"":7,""cr"":5,""syncWord"":18,""txPowerDbm"":17,""preamble"":8,""tcxoVoltage"":1.600000024,""xtalVoltage"":0},""dataset"":{""state"":""idle"",""step"":""idle"",""label"":"""",""seq"":0,""targetSamples"":0,""sampleIntervalMs"":500,""maxDurationMs"":0,""useFanIntake"":true,""fanOnMs"":1000,""postFanSettleMs"":0,""nullingProfileId"":9,""queuePending"":0,""queueCapacity"":16,""queueEnqueued"":0,""queueDropped"":0,""publishFailCount"":0,""retryCount"":0,""retryFailCount"":0,""rejectedSamples"":0,""lastRejectReason"":""none"",""lastRejectChannel"":-1,""lastRejectOkFiniteCount"":0,""lastRejectStatus"":255,""lastRejectGain"":0,""lastRejectSaturated"":false},""recovery"":{""wifiReconnectCount"":0,""wifiReconnectFailCount"":0,""mqttReconnectCount"":0,""mqttConnectFailCount"":0,""lastMqttState"":0,""adsRecoveryCount"":0,""adsRecoveryFailCount"":0,""adsReadFailStreak"":0,""lastReason"":""none"",""lastRecoveryMs"":0,""bootRecoveryArmed"":false,""bootRecoveryDueMs"":0,""bootRecoveryReason"":""none"",""bootRecoveryNonAdsFailure"":false,""bootRecoveryRestartCount"":0},""nulling"":{""done"":false,""retryArmed"":false,""attemptCount"":0,""nextRetryMs"":0,""thresholdV"":9.999999747E-06,""minFinalV"":0},""telemetry"":{""valid"":true,""sampleMs"":7043968,""gasClass"":6,""gasName"":""CO2"",""confidence"":0,""alarm"":false,""sensorVoltage"":[0.124975085,0.004019449,0.004839549,-0.002516298,-0.009570681,-0.011791618,-0.019432839,-0.025334602],""sensorGain"":[16,64,64,64,64,64,64,64],""sensorStatus"":[0,0,0,0,0,0,0,0],""featureOrder"":[""MQ8"",""MQ135"",""MQ3"",""MQ5"",""MQ4"",""MQ7"",""MQ6"",""MQ2""]},""alarmLatched"":false}"
2026-08-04 11:18:28.790 +07:00,667.647,HOT_SWEEP_70,70,700,300,1,0,0.124978326,0.004024602,0.004890671,-0.00252255,-0.009560173,-0.011780871,-0.019435151,-0.025330398,"{""deviceId"":""1001"",""nodeId"":4097,""targetChId"":""0010"",""mode"":""inference"",""uptimeMs"":7045088,""debugEnabled"":true,""power"":{""mode"":""24v"",""externalPower"":true,""batteryMv"":65535,""batteryValid"":false,""batteryDetected"":false,""batterySenseStatus"":""not_detected"",""batteryLow"":false,""batteryCritical"":false,""sourceAmbiguous"":false,""serviceHoldActive"":false,""serviceHoldEffective"":false},""batterySession"":{""state"":""inactive"",""startedMs"":0,""stateStartedMs"":0,""validSampleBatches"":0,""requiredSampleBatches"":10,""alarmTxAttempts"":0,""alarmTxAttemptLimit"":3,""alarmAckReceived"":false,""pendingAlarm"":false,""pendingSaveRequired"":false,""persistenceFaultHold"":false,""completionReason"":""session_done""},""bootHealth"":{""adsReady"":true,""adsDrdyLevel"":0,""adsDrdyPulldownLevel"":0,""adsDrdyPullupLevel"":0,""adsMisoPulldownLevel"":0,""adsMisoPullupLevel"":1,""adsCsLevel"":1,""adsSyncLevel"":1,""adsStatus"":54,""adsMux"":15,""adsAdcon"":6,""adsDrate"":240,""adsReason"":""ok"",""tcaOk"":true,""mcpOkCount"":8,""mcpOk"":[true,true,true,true,true,true,true,true],""mcpAddrMask"":[1,1,1,1,1,1,1,1],""mcpControlTested"":true,""mcpControlOkCount"":8,""mcpControlOk"":[true,true,true,true,true,true,true,true],""dacReady"":true,""radioReady"":true,""mlReady"":true,""nullingProfileApplied"":true,""modelProfileReady"":false},""runtimeMcpCode"":[255,519,795,706,799,865,665,139],""model"":{""profileId"":""cnn-dualbranch-datasheet-v1-unbound"",""scalerProfileId"":""cnn-dualbranch-datasheet-v1-unbound"",""productionApproved"":true,""boundNullingProfileId"":8,""activeNullingProfileId"":9,""bindingValid"":true,""bindingModelMatches"":true,""profileReady"":false,""inferenceValid"":false,""sensorFault"":true},""lora"":{""beginState"":0,""lastTxState"":0,""lastTxOk"":false,""txSeq"":0,""txCounter"":0,""aesKeyProvisioned"":true,""aesKeyPresent"":true,""aesKeySource"":""nvs"",""keyId"":1,""lastDownlinkCommandId"":0,""freqMHz"":920,""bwKHz"":125,""sf"":7,""cr"":5,""syncWord"":18,""txPowerDbm"":17,""preamble"":8,""tcxoVoltage"":1.600000024,""xtalVoltage"":0},""dataset"":{""state"":""idle"",""step"":""idle"",""label"":"""",""seq"":0,""targetSamples"":0,""sampleIntervalMs"":500,""maxDurationMs"":0,""useFanIntake"":true,""fanOnMs"":1000,""postFanSettleMs"":0,""nullingProfileId"":9,""queuePending"":0,""queueCapacity"":16,""queueEnqueued"":0,""queueDropped"":0,""publishFailCount"":0,""retryCount"":0,""retryFailCount"":0,""rejectedSamples"":0,""lastRejectReason"":""none"",""lastRejectChannel"":-1,""lastRejectOkFiniteCount"":0,""lastRejectStatus"":255,""lastRejectGain"":0,""lastRejectSaturated"":false},""recovery"":{""wifiReconnectCount"":0,""wifiReconnectFailCount"":0,""mqttReconnectCount"":0,""mqttConnectFailCount"":0,""lastMqttState"":0,""adsRecoveryCount"":0,""adsRecoveryFailCount"":0,""adsReadFailStreak"":0,""lastReason"":""none"",""lastRecoveryMs"":0,""bootRecoveryArmed"":false,""bootRecoveryDueMs"":0,""bootRecoveryReason"":""none"",""bootRecoveryNonAdsFailure"":false,""bootRecoveryRestartCount"":0},""nulling"":{""done"":false,""retryArmed"":false,""attemptCount"":0,""nextRetryMs"":0,""thresholdV"":9.999999747E-06,""minFinalV"":0},""telemetry"":{""valid"":true,""sampleMs"":7044699,""gasClass"":6,""gasName"":""CO2"",""confidence"":0,""alarm"":false,""sensorVoltage"":[0.124978326,0.004024602,0.004890671,-0.00252255,-0.009560173,-0.011780871,-0.019435151,-0.025330398],""sensorGain"":[16,64,64,64,64,64,64,64],""sensorStatus"":[0,0,0,0,0,0,0,0],""featureOrder"":[""MQ8"",""MQ135"",""MQ3"",""MQ5"",""MQ4"",""MQ7"",""MQ6"",""MQ2""]},""alarmLatched"":false}"
2026-08-04 11:18:29.489 +07:00,668.354,HOT_SWEEP_70,70,700,300,1,0,0.125074297,0.004018633,0.004835277,-0.002606686,-0.009333836,-0.011462722,-0.019442381,-0.025283555,"{""deviceId"":""1001"",""nodeId"":4097,""targetChId"":""0010"",""mode"":""inference"",""uptimeMs"":7045806,""debugEnabled"":true,""power"":{""mode"":""24v"",""externalPower"":true,""batteryMv"":65535,""batteryValid"":false,""batteryDetected"":false,""batterySenseStatus"":""not_detected"",""batteryLow"":false,""batteryCritical"":false,""sourceAmbiguous"":false,""serviceHoldActive"":false,""serviceHoldEffective"":false},""batterySession"":{""state"":""inactive"",""startedMs"":0,""stateStartedMs"":0,""validSampleBatches"":0,""requiredSampleBatches"":10,""alarmTxAttempts"":0,""alarmTxAttemptLimit"":3,""alarmAckReceived"":false,""pendingAlarm"":false,""pendingSaveRequired"":false,""persistenceFaultHold"":false,""completionReason"":""session_done""},""bootHealth"":{""adsReady"":true,""adsDrdyLevel"":0,""adsDrdyPulldownLevel"":0,""adsDrdyPullupLevel"":0,""adsMisoPulldownLevel"":0,""adsMisoPullupLevel"":1,""adsCsLevel"":1,""adsSyncLevel"":1,""adsStatus"":54,""adsMux"":15,""adsAdcon"":6,""adsDrate"":240,""adsReason"":""ok"",""tcaOk"":true,""mcpOkCount"":8,""mcpOk"":[true,true,true,true,true,true,true,true],""mcpAddrMask"":[1,1,1,1,1,1,1,1],""mcpControlTested"":true,""mcpControlOkCount"":8,""mcpControlOk"":[true,true,true,true,true,true,true,true],""dacReady"":true,""radioReady"":true,""mlReady"":true,""nullingProfileApplied"":true,""modelProfileReady"":false},""runtimeMcpCode"":[255,519,795,706,799,865,665,139],""model"":{""profileId"":""cnn-dualbranch-datasheet-v1-unbound"",""scalerProfileId"":""cnn-dualbranch-datasheet-v1-unbound"",""productionApproved"":true,""boundNullingProfileId"":8,""activeNullingProfileId"":9,""bindingValid"":true,""bindingModelMatches"":true,""profileReady"":false,""inferenceValid"":false,""sensorFault"":true},""lora"":{""beginState"":0,""lastTxState"":0,""lastTxOk"":false,""txSeq"":0,""txCounter"":0,""aesKeyProvisioned"":true,""aesKeyPresent"":true,""aesKeySource"":""nvs"",""keyId"":1,""lastDownlinkCommandId"":0,""freqMHz"":920,""bwKHz"":125,""sf"":7,""cr"":5,""syncWord"":18,""txPowerDbm"":17,""preamble"":8,""tcxoVoltage"":1.600000024,""xtalVoltage"":0},""dataset"":{""state"":""idle"",""step"":""idle"",""label"":"""",""seq"":0,""targetSamples"":0,""sampleIntervalMs"":500,""maxDurationMs"":0,""useFanIntake"":true,""fanOnMs"":1000,""postFanSettleMs"":0,""nullingProfileId"":9,""queuePending"":0,""queueCapacity"":16,""queueEnqueued"":0,""queueDropped"":0,""publishFailCount"":0,""retryCount"":0,""retryFailCount"":0,""rejectedSamples"":0,""lastRejectReason"":""none"",""lastRejectChannel"":-1,""lastRejectOkFiniteCount"":0,""lastRejectStatus"":255,""lastRejectGain"":0,""lastRejectSaturated"":false},""recovery"":{""wifiReconnectCount"":0,""wifiReconnectFailCount"":0,""mqttReconnectCount"":0,""mqttConnectFailCount"":0,""lastMqttState"":0,""adsRecoveryCount"":0,""adsRecoveryFailCount"":0,""adsReadFailStreak"":0,""lastReason"":""none"",""lastRecoveryMs"":0,""bootRecoveryArmed"":false,""bootRecoveryDueMs"":0,""bootRecoveryReason"":""none"",""bootRecoveryNonAdsFailure"":false,""bootRecoveryRestartCount"":0},""nulling"":{""done"":false,""retryArmed"":false,""attemptCount"":0,""nextRetryMs"":0,""thresholdV"":9.999999747E-06,""minFinalV"":0},""telemetry"":{""valid"":true,""sampleMs"":7045366,""gasClass"":6,""gasName"":""CO2"",""confidence"":0,""alarm"":false,""sensorVoltage"":[0.125074297,0.004018633,0.004835277,-0.002606686,-0.009333836,-0.011462722,-0.019442381,-0.025283555],""sensorGain"":[16,64,64,64,64,64,64,64],""sensorStatus"":[0,0,0,0,0,0,0,0],""featureOrder"":[""MQ8"",""MQ135"",""MQ3"",""MQ5"",""MQ4"",""MQ7"",""MQ6"",""MQ2""]},""alarmLatched"":false}"
2026-08-04 11:18:30.217 +07:00,669.092,HOT_SWEEP_70,70,700,300,1,0,0.125234008,0.004080865,0.004828869,-0.002637178,-0.009330463,-0.011214506,-0.019422743,-0.025316391,"{""deviceId"":""1001"",""nodeId"":4097,""targetChId"":""0010"",""mode"":""inference"",""uptimeMs"":7046533,""debugEnabled"":true,""power"":{""mode"":""24v"",""externalPower"":true,""batteryMv"":65535,""batteryValid"":false,""batteryDetected"":false,""batterySenseStatus"":""not_detected"",""batteryLow"":false,""batteryCritical"":false,""sourceAmbiguous"":false,""serviceHoldActive"":false,""serviceHoldEffective"":false},""batterySession"":{""state"":""inactive"",""startedMs"":0,""stateStartedMs"":0,""validSampleBatches"":0,""requiredSampleBatches"":10,""alarmTxAttempts"":0,""alarmTxAttemptLimit"":3,""alarmAckReceived"":false,""pendingAlarm"":false,""pendingSaveRequired"":false,""persistenceFaultHold"":false,""completionReason"":""session_done""},""bootHealth"":{""adsReady"":true,""adsDrdyLevel"":0,""adsDrdyPulldownLevel"":0,""adsDrdyPullupLevel"":0,""adsMisoPulldownLevel"":0,""adsMisoPullupLevel"":1,""adsCsLevel"":1,""adsSyncLevel"":1,""adsStatus"":54,""adsMux"":15,""adsAdcon"":6,""adsDrate"":240,""adsReason"":""ok"",""tcaOk"":true,""mcpOkCount"":8,""mcpOk"":[true,true,true,true,true,true,true,true],""mcpAddrMask"":[1,1,1,1,1,1,1,1],""mcpControlTested"":true,""mcpControlOkCount"":8,""mcpControlOk"":[true,true,true,true,true,true,true,true],""dacReady"":true,""radioReady"":true,""mlReady"":true,""nullingProfileApplied"":true,""modelProfileReady"":false},""runtimeMcpCode"":[255,519,795,706,799,865,665,139],""model"":{""profileId"":""cnn-dualbranch-datasheet-v1-unbound"",""scalerProfileId"":""cnn-dualbranch-datasheet-v1-unbound"",""productionApproved"":true,""boundNullingProfileId"":8,""activeNullingProfileId"":9,""bindingValid"":true,""bindingModelMatches"":true,""profileReady"":false,""inferenceValid"":false,""sensorFault"":true},""lora"":{""beginState"":0,""lastTxState"":0,""lastTxOk"":false,""txSeq"":0,""txCounter"":0,""aesKeyProvisioned"":true,""aesKeyPresent"":true,""aesKeySource"":""nvs"",""keyId"":1,""lastDownlinkCommandId"":0,""freqMHz"":920,""bwKHz"":125,""sf"":7,""cr"":5,""syncWord"":18,""txPowerDbm"":17,""preamble"":8,""tcxoVoltage"":1.600000024,""xtalVoltage"":0},""dataset"":{""state"":""idle"",""step"":""idle"",""label"":"""",""seq"":0,""targetSamples"":0,""sampleIntervalMs"":500,""maxDurationMs"":0,""useFanIntake"":true,""fanOnMs"":1000,""postFanSettleMs"":0,""nullingProfileId"":9,""queuePending"":0,""queueCapacity"":16,""queueEnqueued"":0,""queueDropped"":0,""publishFailCount"":0,""retryCount"":0,""retryFailCount"":0,""rejectedSamples"":0,""lastRejectReason"":""none"",""lastRejectChannel"":-1,""lastRejectOkFiniteCount"":0,""lastRejectStatus"":255,""lastRejectGain"":0,""lastRejectSaturated"":false},""recovery"":{""wifiReconnectCount"":0,""wifiReconnectFailCount"":0,""mqttReconnectCount"":0,""mqttConnectFailCount"":0,""lastMqttState"":0,""adsRecoveryCount"":0,""adsRecoveryFailCount"":0,""adsReadFailStreak"":0,""lastReason"":""none"",""lastRecoveryMs"":0,""bootRecoveryArmed"":false,""bootRecoveryDueMs"":0,""bootRecoveryReason"":""none"",""bootRecoveryNonAdsFailure"":false,""bootRecoveryRestartCount"":0},""nulling"":{""done"":false,""retryArmed"":false,""attemptCount"":0,""nextRetryMs"":0,""thresholdV"":9.999999747E-06,""minFinalV"":0},""telemetry"":{""valid"":true,""sampleMs"":7046084,""gasClass"":6,""gasName"":""CO2"",""confidence"":0,""alarm"":false,""sensorVoltage"":[0.125234008,0.004080865,0.004828869,-0.002637178,-0.009330463,-0.011214506,-0.019422743,-0.025316391],""sensorGain"":[16,64,64,64,64,64,64,64],""sensorStatus"":[0,0,0,0,0,0,0,0],""featureOrder"":[""MQ8"",""MQ135"",""MQ3"",""MQ5"",""MQ4"",""MQ7"",""MQ6"",""MQ2""]},""alarmLatched"":false}"
2026-08-04 11:18:30.908 +07:00,669.773,HOT_SWEEP_70,70,700,300,1,0,0.125420481,0.004084934,0.004819959,-0.00263028,-0.009354258,-0.01125887,-0.01948758,-0.025304282,"{""deviceId"":""1001"",""nodeId"":4097,""targetChId"":""0010"",""mode"":""inference"",""uptimeMs"":7047222,""debugEnabled"":true,""power"":{""mode"":""24v"",""externalPower"":true,""batteryMv"":65535,""batteryValid"":false,""batteryDetected"":false,""batterySenseStatus"":""not_detected"",""batteryLow"":false,""batteryCritical"":false,""sourceAmbiguous"":false,""serviceHoldActive"":false,""serviceHoldEffective"":false},""batterySession"":{""state"":""inactive"",""startedMs"":0,""stateStartedMs"":0,""validSampleBatches"":0,""requiredSampleBatches"":10,""alarmTxAttempts"":0,""alarmTxAttemptLimit"":3,""alarmAckReceived"":false,""pendingAlarm"":false,""pendingSaveRequired"":false,""persistenceFaultHold"":false,""completionReason"":""session_done""},""bootHealth"":{""adsReady"":true,""adsDrdyLevel"":0,""adsDrdyPulldownLevel"":0,""adsDrdyPullupLevel"":0,""adsMisoPulldownLevel"":0,""adsMisoPullupLevel"":1,""adsCsLevel"":1,""adsSyncLevel"":1,""adsStatus"":54,""adsMux"":15,""adsAdcon"":6,""adsDrate"":240,""adsReason"":""ok"",""tcaOk"":true,""mcpOkCount"":8,""mcpOk"":[true,true,true,true,true,true,true,true],""mcpAddrMask"":[1,1,1,1,1,1,1,1],""mcpControlTested"":true,""mcpControlOkCount"":8,""mcpControlOk"":[true,true,true,true,true,true,true,true],""dacReady"":true,""radioReady"":true,""mlReady"":true,""nullingProfileApplied"":true,""modelProfileReady"":false},""runtimeMcpCode"":[255,519,795,706,799,865,665,139],""model"":{""profileId"":""cnn-dualbranch-datasheet-v1-unbound"",""scalerProfileId"":""cnn-dualbranch-datasheet-v1-unbound"",""productionApproved"":true,""boundNullingProfileId"":8,""activeNullingProfileId"":9,""bindingValid"":true,""bindingModelMatches"":true,""profileReady"":false,""inferenceValid"":false,""sensorFault"":true},""lora"":{""beginState"":0,""lastTxState"":0,""lastTxOk"":false,""txSeq"":0,""txCounter"":0,""aesKeyProvisioned"":true,""aesKeyPresent"":true,""aesKeySource"":""nvs"",""keyId"":1,""lastDownlinkCommandId"":0,""freqMHz"":920,""bwKHz"":125,""sf"":7,""cr"":5,""syncWord"":18,""txPowerDbm"":17,""preamble"":8,""tcxoVoltage"":1.600000024,""xtalVoltage"":0},""dataset"":{""state"":""idle"",""step"":""idle"",""label"":"""",""seq"":0,""targetSamples"":0,""sampleIntervalMs"":500,""maxDurationMs"":0,""useFanIntake"":true,""fanOnMs"":1000,""postFanSettleMs"":0,""nullingProfileId"":9,""queuePending"":0,""queueCapacity"":16,""queueEnqueued"":0,""queueDropped"":0,""publishFailCount"":0,""retryCount"":0,""retryFailCount"":0,""rejectedSamples"":0,""lastRejectReason"":""none"",""lastRejectChannel"":-1,""lastRejectOkFiniteCount"":0,""lastRejectStatus"":255,""lastRejectGain"":0,""lastRejectSaturated"":false},""recovery"":{""wifiReconnectCount"":0,""wifiReconnectFailCount"":0,""mqttReconnectCount"":0,""mqttConnectFailCount"":0,""lastMqttState"":0,""adsRecoveryCount"":0,""adsRecoveryFailCount"":0,""adsReadFailStreak"":0,""lastReason"":""none"",""lastRecoveryMs"":0,""bootRecoveryArmed"":false,""bootRecoveryDueMs"":0,""bootRecoveryReason"":""none"",""bootRecoveryNonAdsFailure"":false,""bootRecoveryRestartCount"":0},""nulling"":{""done"":false,""retryArmed"":false,""attemptCount"":0,""nextRetryMs"":0,""thresholdV"":9.999999747E-06,""minFinalV"":0},""telemetry"":{""valid"":true,""sampleMs"":7046843,""gasClass"":6,""gasName"":""CO2"",""confidence"":0,""alarm"":false,""sensorVoltage"":[0.125420481,0.004084934,0.004819959,-0.00263028,-0.009354258,-0.01125887,-0.01948758,-0.025304282],""sensorGain"":[16,64,64,64,64,64,64,64],""sensorStatus"":[0,0,0,0,0,0,0,0],""featureOrder"":[""MQ8"",""MQ135"",""MQ3"",""MQ5"",""MQ4"",""MQ7"",""MQ6"",""MQ2""]},""alarmLatched"":false}"
2026-08-04 11:18:31.593 +07:00,670.458,HOT_SWEEP_70,70,700,300,1,0,0.125514194,0.004079352,0.004871734,-0.002649414,-0.009386621,-0.011276168,-0.019507797,-0.025354359,"{""deviceId"":""1001"",""nodeId"":4097,""targetChId"":""0010"",""mode"":""inference"",""uptimeMs"":7047905,""debugEnabled"":true,""power"":{""mode"":""24v"",""externalPower"":true,""batteryMv"":65535,""batteryValid"":false,""batteryDetected"":false,""batterySenseStatus"":""not_detected"",""batteryLow"":false,""batteryCritical"":false,""sourceAmbiguous"":false,""serviceHoldActive"":false,""serviceHoldEffective"":false},""batterySession"":{""state"":""inactive"",""startedMs"":0,""stateStartedMs"":0,""validSampleBatches"":0,""requiredSampleBatches"":10,""alarmTxAttempts"":0,""alarmTxAttemptLimit"":3,""alarmAckReceived"":false,""pendingAlarm"":false,""pendingSaveRequired"":false,""persistenceFaultHold"":false,""completionReason"":""session_done""},""bootHealth"":{""adsReady"":true,""adsDrdyLevel"":0,""adsDrdyPulldownLevel"":0,""adsDrdyPullupLevel"":0,""adsMisoPulldownLevel"":0,""adsMisoPullupLevel"":1,""adsCsLevel"":1,""adsSyncLevel"":1,""adsStatus"":54,""adsMux"":15,""adsAdcon"":6,""adsDrate"":240,""adsReason"":""ok"",""tcaOk"":true,""mcpOkCount"":8,""mcpOk"":[true,true,true,true,true,true,true,true],""mcpAddrMask"":[1,1,1,1,1,1,1,1],""mcpControlTested"":true,""mcpControlOkCount"":8,""mcpControlOk"":[true,true,true,true,true,true,true,true],""dacReady"":true,""radioReady"":true,""mlReady"":true,""nullingProfileApplied"":true,""modelProfileReady"":false},""runtimeMcpCode"":[255,519,795,706,799,865,665,139],""model"":{""profileId"":""cnn-dualbranch-datasheet-v1-unbound"",""scalerProfileId"":""cnn-dualbranch-datasheet-v1-unbound"",""productionApproved"":true,""boundNullingProfileId"":8,""activeNullingProfileId"":9,""bindingValid"":true,""bindingModelMatches"":true,""profileReady"":false,""inferenceValid"":false,""sensorFault"":true},""lora"":{""beginState"":0,""lastTxState"":0,""lastTxOk"":false,""txSeq"":0,""txCounter"":0,""aesKeyProvisioned"":true,""aesKeyPresent"":true,""aesKeySource"":""nvs"",""keyId"":1,""lastDownlinkCommandId"":0,""freqMHz"":920,""bwKHz"":125,""sf"":7,""cr"":5,""syncWord"":18,""txPowerDbm"":17,""preamble"":8,""tcxoVoltage"":1.600000024,""xtalVoltage"":0},""dataset"":{""state"":""idle"",""step"":""idle"",""label"":"""",""seq"":0,""targetSamples"":0,""sampleIntervalMs"":500,""maxDurationMs"":0,""useFanIntake"":true,""fanOnMs"":1000,""postFanSettleMs"":0,""nullingProfileId"":9,""queuePending"":0,""queueCapacity"":16,""queueEnqueued"":0,""queueDropped"":0,""publishFailCount"":0,""retryCount"":0,""retryFailCount"":0,""rejectedSamples"":0,""lastRejectReason"":""none"",""lastRejectChannel"":-1,""lastRejectOkFiniteCount"":0,""lastRejectStatus"":255,""lastRejectGain"":0,""lastRejectSaturated"":false},""recovery"":{""wifiReconnectCount"":0,""wifiReconnectFailCount"":0,""mqttReconnectCount"":0,""mqttConnectFailCount"":0,""lastMqttState"":0,""adsRecoveryCount"":0,""adsRecoveryFailCount"":0,""adsReadFailStreak"":0,""lastReason"":""none"",""lastRecoveryMs"":0,""bootRecoveryArmed"":false,""bootRecoveryDueMs"":0,""bootRecoveryReason"":""none"",""bootRecoveryNonAdsFailure"":false,""bootRecoveryRestartCount"":0},""nulling"":{""done"":false,""retryArmed"":false,""attemptCount"":0,""nextRetryMs"":0,""thresholdV"":9.999999747E-06,""minFinalV"":0},""telemetry"":{""valid"":true,""sampleMs"":7047500,""gasClass"":6,""gasName"":""CO2"",""confidence"":0,""alarm"":false,""sensorVoltage"":[0.125514194,0.004079352,0.004871734,-0.002649414,-0.009386621,-0.011276168,-0.019507797,-0.025354359],""sensorGain"":[16,64,64,64,64,64,64,64],""sensorStatus"":[0,0,0,0,0,0,0,0],""featureOrder"":[""MQ8"",""MQ135"",""MQ3"",""MQ5"",""MQ4"",""MQ7"",""MQ6"",""MQ2""]},""alarmLatched"":false}"
2026-08-04 11:18:32.293 +07:00,671.154,HOT_SWEEP_70,70,700,300,1,0,0.125437856,0.004070322,0.004883802,-0.002628506,-0.009389694,-0.011326038,-0.019523827,-0.025327239,"{""deviceId"":""1001"",""nodeId"":4097,""targetChId"":""0010"",""mode"":""inference"",""uptimeMs"":7048604,""debugEnabled"":true,""power"":{""mode"":""24v"",""externalPower"":true,""batteryMv"":65535,""batteryValid"":false,""batteryDetected"":false,""batterySenseStatus"":""not_detected"",""batteryLow"":false,""batteryCritical"":false,""sourceAmbiguous"":false,""serviceHoldActive"":false,""serviceHoldEffective"":false},""batterySession"":{""state"":""inactive"",""startedMs"":0,""stateStartedMs"":0,""validSampleBatches"":0,""requiredSampleBatches"":10,""alarmTxAttempts"":0,""alarmTxAttemptLimit"":3,""alarmAckReceived"":false,""pendingAlarm"":false,""pendingSaveRequired"":false,""persistenceFaultHold"":false,""completionReason"":""session_done""},""bootHealth"":{""adsReady"":true,""adsDrdyLevel"":0,""adsDrdyPulldownLevel"":0,""adsDrdyPullupLevel"":0,""adsMisoPulldownLevel"":0,""adsMisoPullupLevel"":1,""adsCsLevel"":1,""adsSyncLevel"":1,""adsStatus"":54,""adsMux"":15,""adsAdcon"":6,""adsDrate"":240,""adsReason"":""ok"",""tcaOk"":true,""mcpOkCount"":8,""mcpOk"":[true,true,true,true,true,true,true,true],""mcpAddrMask"":[1,1,1,1,1,1,1,1],""mcpControlTested"":true,""mcpControlOkCount"":8,""mcpControlOk"":[true,true,true,true,true,true,true,true],""dacReady"":true,""radioReady"":true,""mlReady"":true,""nullingProfileApplied"":true,""modelProfileReady"":false},""runtimeMcpCode"":[255,519,795,706,799,865,665,139],""model"":{""profileId"":""cnn-dualbranch-datasheet-v1-unbound"",""scalerProfileId"":""cnn-dualbranch-datasheet-v1-unbound"",""productionApproved"":true,""boundNullingProfileId"":8,""activeNullingProfileId"":9,""bindingValid"":true,""bindingModelMatches"":true,""profileReady"":false,""inferenceValid"":false,""sensorFault"":true},""lora"":{""beginState"":0,""lastTxState"":0,""lastTxOk"":false,""txSeq"":0,""txCounter"":0,""aesKeyProvisioned"":true,""aesKeyPresent"":true,""aesKeySource"":""nvs"",""keyId"":1,""lastDownlinkCommandId"":0,""freqMHz"":920,""bwKHz"":125,""sf"":7,""cr"":5,""syncWord"":18,""txPowerDbm"":17,""preamble"":8,""tcxoVoltage"":1.600000024,""xtalVoltage"":0},""dataset"":{""state"":""idle"",""step"":""idle"",""label"":"""",""seq"":0,""targetSamples"":0,""sampleIntervalMs"":500,""maxDurationMs"":0,""useFanIntake"":true,""fanOnMs"":1000,""postFanSettleMs"":0,""nullingProfileId"":9,""queuePending"":0,""queueCapacity"":16,""queueEnqueued"":0,""queueDropped"":0,""publishFailCount"":0,""retryCount"":0,""retryFailCount"":0,""rejectedSamples"":0,""lastRejectReason"":""none"",""lastRejectChannel"":-1,""lastRejectOkFiniteCount"":0,""lastRejectStatus"":255,""lastRejectGain"":0,""lastRejectSaturated"":false},""recovery"":{""wifiReconnectCount"":0,""wifiReconnectFailCount"":0,""mqttReconnectCount"":0,""mqttConnectFailCount"":0,""lastMqttState"":0,""adsRecoveryCount"":0,""adsRecoveryFailCount"":0,""adsReadFailStreak"":0,""lastReason"":""none"",""lastRecoveryMs"":0,""bootRecoveryArmed"":false,""bootRecoveryDueMs"":0,""bootRecoveryReason"":""none"",""bootRecoveryNonAdsFailure"":false,""bootRecoveryRestartCount"":0},""nulling"":{""done"":false,""retryArmed"":false,""attemptCount"":0,""nextRetryMs"":0,""thresholdV"":9.999999747E-06,""minFinalV"":0},""telemetry"":{""valid"":true,""sampleMs"":7048183,""gasClass"":6,""gasName"":""CO2"",""confidence"":0,""alarm"":false,""sensorVoltage"":[0.125437856,0.004070322,0.004883802,-0.002628506,-0.009389694,-0.011326038,-0.019523827,-0.025327239],""sensorGain"":[16,64,64,64,64,64,64,64],""sensorStatus"":[0,0,0,0,0,0,0,0],""featureOrder"":[""MQ8"",""MQ135"",""MQ3"",""MQ5"",""MQ4"",""MQ7"",""MQ6"",""MQ2""]},""alarmLatched"":false}"
2026-08-04 11:18:32.990 +07:00,671.859,HOT_SWEEP_70,70,700,300,1,0,0.125524968,0.004105932,0.004869594,-0.002645724,-0.009367269,-0.011383032,-0.019477308,-0.0253726,"{""deviceId"":""1001"",""nodeId"":4097,""targetChId"":""0010"",""mode"":""inference"",""uptimeMs"":7049301,""debugEnabled"":true,""power"":{""mode"":""24v"",""externalPower"":true,""batteryMv"":65535,""batteryValid"":false,""batteryDetected"":false,""batterySenseStatus"":""not_detected"",""batteryLow"":false,""batteryCritical"":false,""sourceAmbiguous"":false,""serviceHoldActive"":false,""serviceHoldEffective"":false},""batterySession"":{""state"":""inactive"",""startedMs"":0,""stateStartedMs"":0,""validSampleBatches"":0,""requiredSampleBatches"":10,""alarmTxAttempts"":0,""alarmTxAttemptLimit"":3,""alarmAckReceived"":false,""pendingAlarm"":false,""pendingSaveRequired"":false,""persistenceFaultHold"":false,""completionReason"":""session_done""},""bootHealth"":{""adsReady"":true,""adsDrdyLevel"":0,""adsDrdyPulldownLevel"":0,""adsDrdyPullupLevel"":0,""adsMisoPulldownLevel"":0,""adsMisoPullupLevel"":1,""adsCsLevel"":1,""adsSyncLevel"":1,""adsStatus"":54,""adsMux"":15,""adsAdcon"":6,""adsDrate"":240,""adsReason"":""ok"",""tcaOk"":true,""mcpOkCount"":8,""mcpOk"":[true,true,true,true,true,true,true,true],""mcpAddrMask"":[1,1,1,1,1,1,1,1],""mcpControlTested"":true,""mcpControlOkCount"":8,""mcpControlOk"":[true,true,true,true,true,true,true,true],""dacReady"":true,""radioReady"":true,""mlReady"":true,""nullingProfileApplied"":true,""modelProfileReady"":false},""runtimeMcpCode"":[255,519,795,706,799,865,665,139],""model"":{""profileId"":""cnn-dualbranch-datasheet-v1-unbound"",""scalerProfileId"":""cnn-dualbranch-datasheet-v1-unbound"",""productionApproved"":true,""boundNullingProfileId"":8,""activeNullingProfileId"":9,""bindingValid"":true,""bindingModelMatches"":true,""profileReady"":false,""inferenceValid"":false,""sensorFault"":true},""lora"":{""beginState"":0,""lastTxState"":0,""lastTxOk"":false,""txSeq"":0,""txCounter"":0,""aesKeyProvisioned"":true,""aesKeyPresent"":true,""aesKeySource"":""nvs"",""keyId"":1,""lastDownlinkCommandId"":0,""freqMHz"":920,""bwKHz"":125,""sf"":7,""cr"":5,""syncWord"":18,""txPowerDbm"":17,""preamble"":8,""tcxoVoltage"":1.600000024,""xtalVoltage"":0},""dataset"":{""state"":""idle"",""step"":""idle"",""label"":"""",""seq"":0,""targetSamples"":0,""sampleIntervalMs"":500,""maxDurationMs"":0,""useFanIntake"":true,""fanOnMs"":1000,""postFanSettleMs"":0,""nullingProfileId"":9,""queuePending"":0,""queueCapacity"":16,""queueEnqueued"":0,""queueDropped"":0,""publishFailCount"":0,""retryCount"":0,""retryFailCount"":0,""rejectedSamples"":0,""lastRejectReason"":""none"",""lastRejectChannel"":-1,""lastRejectOkFiniteCount"":0,""lastRejectStatus"":255,""lastRejectGain"":0,""lastRejectSaturated"":false},""recovery"":{""wifiReconnectCount"":0,""wifiReconnectFailCount"":0,""mqttReconnectCount"":0,""mqttConnectFailCount"":0,""lastMqttState"":0,""adsRecoveryCount"":0,""adsRecoveryFailCount"":0,""adsReadFailStreak"":0,""lastReason"":""none"",""lastRecoveryMs"":0,""bootRecoveryArmed"":false,""bootRecoveryDueMs"":0,""bootRecoveryReason"":""none"",""bootRecoveryNonAdsFailure"":false,""bootRecoveryRestartCount"":0},""nulling"":{""done"":false,""retryArmed"":false,""attemptCount"":0,""nextRetryMs"":0,""thresholdV"":9.999999747E-06,""minFinalV"":0},""telemetry"":{""valid"":true,""sampleMs"":7048914,""gasClass"":6,""gasName"":""CO2"",""confidence"":0,""alarm"":false,""sensorVoltage"":[0.125524968,0.004105932,0.004869594,-0.002645724,-0.009367269,-0.011383032,-0.019477308,-0.0253726],""sensorGain"":[16,64,64,64,64,64,64,64],""sensorStatus"":[0,0,0,0,0,0,0,0],""featureOrder"":[""MQ8"",""MQ135"",""MQ3"",""MQ5"",""MQ4"",""MQ7"",""MQ6"",""MQ2""]},""alarmLatched"":false}"
2026-08-04 11:18:33.688 +07:00,672.553,HOT_SWEEP_70,70,700,300,1,0,0.125499025,0.004074545,0.004918285,-0.002656997,-0.009372227,-0.011382178,-0.019477632,-0.025395447,"{""deviceId"":""1001"",""nodeId"":4097,""targetChId"":""0010"",""mode"":""inference"",""uptimeMs"":7050000,""debugEnabled"":true,""power"":{""mode"":""24v"",""externalPower"":true,""batteryMv"":65535,""batteryValid"":false,""batteryDetected"":false,""batterySenseStatus"":""not_detected"",""batteryLow"":false,""batteryCritical"":false,""sourceAmbiguous"":false,""serviceHoldActive"":false,""serviceHoldEffective"":false},""batterySession"":{""state"":""inactive"",""startedMs"":0,""stateStartedMs"":0,""validSampleBatches"":0,""requiredSampleBatches"":10,""alarmTxAttempts"":0,""alarmTxAttemptLimit"":3,""alarmAckReceived"":false,""pendingAlarm"":false,""pendingSaveRequired"":false,""persistenceFaultHold"":false,""completionReason"":""session_done""},""bootHealth"":{""adsReady"":true,""adsDrdyLevel"":0,""adsDrdyPulldownLevel"":0,""adsDrdyPullupLevel"":0,""adsMisoPulldownLevel"":0,""adsMisoPullupLevel"":1,""adsCsLevel"":1,""adsSyncLevel"":1,""adsStatus"":54,""adsMux"":15,""adsAdcon"":6,""adsDrate"":240,""adsReason"":""ok"",""tcaOk"":true,""mcpOkCount"":8,""mcpOk"":[true,true,true,true,true,true,true,true],""mcpAddrMask"":[1,1,1,1,1,1,1,1],""mcpControlTested"":true,""mcpControlOkCount"":8,""mcpControlOk"":[true,true,true,true,true,true,true,true],""dacReady"":true,""radioReady"":true,""mlReady"":true,""nullingProfileApplied"":true,""modelProfileReady"":false},""runtimeMcpCode"":[255,519,795,706,799,865,665,139],""model"":{""profileId"":""cnn-dualbranch-datasheet-v1-unbound"",""scalerProfileId"":""cnn-dualbranch-datasheet-v1-unbound"",""productionApproved"":true,""boundNullingProfileId"":8,""activeNullingProfileId"":9,""bindingValid"":true,""bindingModelMatches"":true,""profileReady"":false,""inferenceValid"":false,""sensorFault"":true},""lora"":{""beginState"":0,""lastTxState"":0,""lastTxOk"":false,""txSeq"":0,""txCounter"":0,""aesKeyProvisioned"":true,""aesKeyPresent"":true,""aesKeySource"":""nvs"",""keyId"":1,""lastDownlinkCommandId"":0,""freqMHz"":920,""bwKHz"":125,""sf"":7,""cr"":5,""syncWord"":18,""txPowerDbm"":17,""preamble"":8,""tcxoVoltage"":1.600000024,""xtalVoltage"":0},""dataset"":{""state"":""idle"",""step"":""idle"",""label"":"""",""seq"":0,""targetSamples"":0,""sampleIntervalMs"":500,""maxDurationMs"":0,""useFanIntake"":true,""fanOnMs"":1000,""postFanSettleMs"":0,""nullingProfileId"":9,""queuePending"":0,""queueCapacity"":16,""queueEnqueued"":0,""queueDropped"":0,""publishFailCount"":0,""retryCount"":0,""retryFailCount"":0,""rejectedSamples"":0,""lastRejectReason"":""none"",""lastRejectChannel"":-1,""lastRejectOkFiniteCount"":0,""lastRejectStatus"":255,""lastRejectGain"":0,""lastRejectSaturated"":false},""recovery"":{""wifiReconnectCount"":0,""wifiReconnectFailCount"":0,""mqttReconnectCount"":0,""mqttConnectFailCount"":0,""lastMqttState"":0,""adsRecoveryCount"":0,""adsRecoveryFailCount"":0,""adsReadFailStreak"":0,""lastReason"":""none"",""lastRecoveryMs"":0,""bootRecoveryArmed"":false,""bootRecoveryDueMs"":0,""bootRecoveryReason"":""none"",""bootRecoveryNonAdsFailure"":false,""bootRecoveryRestartCount"":0},""nulling"":{""done"":false,""retryArmed"":false,""attemptCount"":0,""nextRetryMs"":0,""thresholdV"":9.999999747E-06,""minFinalV"":0},""telemetry"":{""valid"":true,""sampleMs"":7049579,""gasClass"":6,""gasName"":""CO2"",""confidence"":0,""alarm"":false,""sensorVoltage"":[0.125499025,0.004074545,0.004918285,-0.002656997,-0.009372227,-0.011382178,-0.019477632,-0.025395447],""sensorGain"":[16,64,64,64,64,64,64,64],""sensorStatus"":[0,0,0,0,0,0,0,0],""featureOrder"":[""MQ8"",""MQ135"",""MQ3"",""MQ5"",""MQ4"",""MQ7"",""MQ6"",""MQ2""]},""alarmLatched"":false}"
2026-08-04 11:18:34.373 +07:00,673.254,HOT_SWEEP_70,70,700,300,1,0,0.125366479,0.004055413,0.004904433,-0.002624649,-0.009360148,-0.011347869,-0.0194842,-0.025490293,"{""deviceId"":""1001"",""nodeId"":4097,""targetChId"":""0010"",""mode"":""inference"",""uptimeMs"":7050699,""debugEnabled"":true,""power"":{""mode"":""24v"",""externalPower"":true,""batteryMv"":65535,""batteryValid"":false,""batteryDetected"":false,""batterySenseStatus"":""not_detected"",""batteryLow"":false,""batteryCritical"":false,""sourceAmbiguous"":false,""serviceHoldActive"":false,""serviceHoldEffective"":false},""batterySession"":{""state"":""inactive"",""startedMs"":0,""stateStartedMs"":0,""validSampleBatches"":0,""requiredSampleBatches"":10,""alarmTxAttempts"":0,""alarmTxAttemptLimit"":3,""alarmAckReceived"":false,""pendingAlarm"":false,""pendingSaveRequired"":false,""persistenceFaultHold"":false,""completionReason"":""session_done""},""bootHealth"":{""adsReady"":true,""adsDrdyLevel"":0,""adsDrdyPulldownLevel"":0,""adsDrdyPullupLevel"":0,""adsMisoPulldownLevel"":0,""adsMisoPullupLevel"":1,""adsCsLevel"":1,""adsSyncLevel"":1,""adsStatus"":54,""adsMux"":15,""adsAdcon"":6,""adsDrate"":240,""adsReason"":""ok"",""tcaOk"":true,""mcpOkCount"":8,""mcpOk"":[true,true,true,true,true,true,true,true],""mcpAddrMask"":[1,1,1,1,1,1,1,1],""mcpControlTested"":true,""mcpControlOkCount"":8,""mcpControlOk"":[true,true,true,true,true,true,true,true],""dacReady"":true,""radioReady"":true,""mlReady"":true,""nullingProfileApplied"":true,""modelProfileReady"":false},""runtimeMcpCode"":[255,519,795,706,799,865,665,139],""model"":{""profileId"":""cnn-dualbranch-datasheet-v1-unbound"",""scalerProfileId"":""cnn-dualbranch-datasheet-v1-unbound"",""productionApproved"":true,""boundNullingProfileId"":8,""activeNullingProfileId"":9,""bindingValid"":true,""bindingModelMatches"":true,""profileReady"":false,""inferenceValid"":false,""sensorFault"":true},""lora"":{""beginState"":0,""lastTxState"":0,""lastTxOk"":false,""txSeq"":0,""txCounter"":0,""aesKeyProvisioned"":true,""aesKeyPresent"":true,""aesKeySource"":""nvs"",""keyId"":1,""lastDownlinkCommandId"":0,""freqMHz"":920,""bwKHz"":125,""sf"":7,""cr"":5,""syncWord"":18,""txPowerDbm"":17,""preamble"":8,""tcxoVoltage"":1.600000024,""xtalVoltage"":0},""dataset"":{""state"":""idle"",""step"":""idle"",""label"":"""",""seq"":0,""targetSamples"":0,""sampleIntervalMs"":500,""maxDurationMs"":0,""useFanIntake"":true,""fanOnMs"":1000,""postFanSettleMs"":0,""nullingProfileId"":9,""queuePending"":0,""queueCapacity"":16,""queueEnqueued"":0,""queueDropped"":0,""publishFailCount"":0,""retryCount"":0,""retryFailCount"":0,""rejectedSamples"":0,""lastRejectReason"":""none"",""lastRejectChannel"":-1,""lastRejectOkFiniteCount"":0,""lastRejectStatus"":255,""lastRejectGain"":0,""lastRejectSaturated"":false},""recovery"":{""wifiReconnectCount"":0,""wifiReconnectFailCount"":0,""mqttReconnectCount"":0,""mqttConnectFailCount"":0,""lastMqttState"":0,""adsRecoveryCount"":0,""adsRecoveryFailCount"":0,""adsReadFailStreak"":0,""lastReason"":""none"",""lastRecoveryMs"":0,""bootRecoveryArmed"":false,""bootRecoveryDueMs"":0,""bootRecoveryReason"":""none"",""bootRecoveryNonAdsFailure"":false,""bootRecoveryRestartCount"":0},""nulling"":{""done"":false,""retryArmed"":false,""attemptCount"":0,""nextRetryMs"":0,""thresholdV"":9.999999747E-06,""minFinalV"":0},""telemetry"":{""valid"":true,""sampleMs"":7050278,""gasClass"":6,""gasName"":""CO2"",""confidence"":0,""alarm"":false,""sensorVoltage"":[0.125366479,0.004055413,0.004904433,-0.002624649,-0.009360148,-0.011347869,-0.0194842,-0.025490293],""sensorGain"":[16,64,64,64,64,64,64,64],""sensorStatus"":[0,0,0,0,0,0,0,0],""featureOrder"":[""MQ8"",""MQ135"",""MQ3"",""MQ5"",""MQ4"",""MQ7"",""MQ6"",""MQ2""]},""alarmLatched"":false}"
2026-08-04 11:18:35.087 +07:00,673.960,HOT_SWEEP_70,70,700,300,1,0,0.125394881,0.004067036,0.004878049,-0.002639788,-0.009361356,-0.011354902,-0.019466925,-0.025425989,"{""deviceId"":""1001"",""nodeId"":4097,""targetChId"":""0010"",""mode"":""inference"",""uptimeMs"":7051400,""debugEnabled"":true,""power"":{""mode"":""24v"",""externalPower"":true,""batteryMv"":65535,""batteryValid"":false,""batteryDetected"":false,""batterySenseStatus"":""not_detected"",""batteryLow"":false,""batteryCritical"":false,""sourceAmbiguous"":false,""serviceHoldActive"":false,""serviceHoldEffective"":false},""batterySession"":{""state"":""inactive"",""startedMs"":0,""stateStartedMs"":0,""validSampleBatches"":0,""requiredSampleBatches"":10,""alarmTxAttempts"":0,""alarmTxAttemptLimit"":3,""alarmAckReceived"":false,""pendingAlarm"":false,""pendingSaveRequired"":false,""persistenceFaultHold"":false,""completionReason"":""session_done""},""bootHealth"":{""adsReady"":true,""adsDrdyLevel"":0,""adsDrdyPulldownLevel"":0,""adsDrdyPullupLevel"":0,""adsMisoPulldownLevel"":0,""adsMisoPullupLevel"":1,""adsCsLevel"":1,""adsSyncLevel"":1,""adsStatus"":54,""adsMux"":15,""adsAdcon"":6,""adsDrate"":240,""adsReason"":""ok"",""tcaOk"":true,""mcpOkCount"":8,""mcpOk"":[true,true,true,true,true,true,true,true],""mcpAddrMask"":[1,1,1,1,1,1,1,1],""mcpControlTested"":true,""mcpControlOkCount"":8,""mcpControlOk"":[true,true,true,true,true,true,true,true],""dacReady"":true,""radioReady"":true,""mlReady"":true,""nullingProfileApplied"":true,""modelProfileReady"":false},""runtimeMcpCode"":[255,519,795,706,799,865,665,139],""model"":{""profileId"":""cnn-dualbranch-datasheet-v1-unbound"",""scalerProfileId"":""cnn-dualbranch-datasheet-v1-unbound"",""productionApproved"":true,""boundNullingProfileId"":8,""activeNullingProfileId"":9,""bindingValid"":true,""bindingModelMatches"":true,""profileReady"":false,""inferenceValid"":false,""sensorFault"":true},""lora"":{""beginState"":0,""lastTxState"":0,""lastTxOk"":false,""txSeq"":0,""txCounter"":0,""aesKeyProvisioned"":true,""aesKeyPresent"":true,""aesKeySource"":""nvs"",""keyId"":1,""lastDownlinkCommandId"":0,""freqMHz"":920,""bwKHz"":125,""sf"":7,""cr"":5,""syncWord"":18,""txPowerDbm"":17,""preamble"":8,""tcxoVoltage"":1.600000024,""xtalVoltage"":0},""dataset"":{""state"":""idle"",""step"":""idle"",""label"":"""",""seq"":0,""targetSamples"":0,""sampleIntervalMs"":500,""maxDurationMs"":0,""useFanIntake"":true,""fanOnMs"":1000,""postFanSettleMs"":0,""nullingProfileId"":9,""queuePending"":0,""queueCapacity"":16,""queueEnqueued"":0,""queueDropped"":0,""publishFailCount"":0,""retryCount"":0,""retryFailCount"":0,""rejectedSamples"":0,""lastRejectReason"":""none"",""lastRejectChannel"":-1,""lastRejectOkFiniteCount"":0,""lastRejectStatus"":255,""lastRejectGain"":0,""lastRejectSaturated"":false},""recovery"":{""wifiReconnectCount"":0,""wifiReconnectFailCount"":0,""mqttReconnectCount"":0,""mqttConnectFailCount"":0,""lastMqttState"":0,""adsRecoveryCount"":0,""adsRecoveryFailCount"":0,""adsReadFailStreak"":0,""lastReason"":""none"",""lastRecoveryMs"":0,""bootRecoveryArmed"":false,""bootRecoveryDueMs"":0,""bootRecoveryReason"":""none"",""bootRecoveryNonAdsFailure"":false,""bootRecoveryRestartCount"":0},""nulling"":{""done"":false,""retryArmed"":false,""attemptCount"":0,""nextRetryMs"":0,""thresholdV"":9.999999747E-06,""minFinalV"":0},""telemetry"":{""valid"":true,""sampleMs"":7051009,""gasClass"":6,""gasName"":""CO2"",""confidence"":0,""alarm"":false,""sensorVoltage"":[0.125394881,0.004067036,0.004878049,-0.002639788,-0.009361356,-0.011354902,-0.019466925,-0.025425989],""sensorGain"":[16,64,64,64,64,64,64,64],""sensorStatus"":[0,0,0,0,0,0,0,0],""featureOrder"":[""MQ8"",""MQ135"",""MQ3"",""MQ5"",""MQ4"",""MQ7"",""MQ6"",""MQ2""]},""alarmLatched"":false}"
2026-08-04 11:18:35.797 +07:00,674.674,HOT_SWEEP_70,70,700,300,1,0,0.125363857,0.004070263,0.004831563,-0.00265208,-0.009396793,-0.011354642,-0.019496795,-0.025449809,"{""deviceId"":""1001"",""nodeId"":4097,""targetChId"":""0010"",""mode"":""inference"",""uptimeMs"":7052115,""debugEnabled"":true,""power"":{""mode"":""24v"",""externalPower"":true,""batteryMv"":65535,""batteryValid"":false,""batteryDetected"":false,""batterySenseStatus"":""not_detected"",""batteryLow"":false,""batteryCritical"":false,""sourceAmbiguous"":false,""serviceHoldActive"":false,""serviceHoldEffective"":false},""batterySession"":{""state"":""inactive"",""startedMs"":0,""stateStartedMs"":0,""validSampleBatches"":0,""requiredSampleBatches"":10,""alarmTxAttempts"":0,""alarmTxAttemptLimit"":3,""alarmAckReceived"":false,""pendingAlarm"":false,""pendingSaveRequired"":false,""persistenceFaultHold"":false,""completionReason"":""session_done""},""bootHealth"":{""adsReady"":true,""adsDrdyLevel"":0,""adsDrdyPulldownLevel"":0,""adsDrdyPullupLevel"":0,""adsMisoPulldownLevel"":0,""adsMisoPullupLevel"":1,""adsCsLevel"":1,""adsSyncLevel"":1,""adsStatus"":54,""adsMux"":15,""adsAdcon"":6,""adsDrate"":240,""adsReason"":""ok"",""tcaOk"":true,""mcpOkCount"":8,""mcpOk"":[true,true,true,true,true,true,true,true],""mcpAddrMask"":[1,1,1,1,1,1,1,1],""mcpControlTested"":true,""mcpControlOkCount"":8,""mcpControlOk"":[true,true,true,true,true,true,true,true],""dacReady"":true,""radioReady"":true,""mlReady"":true,""nullingProfileApplied"":true,""modelProfileReady"":false},""runtimeMcpCode"":[255,519,795,706,799,865,665,139],""model"":{""profileId"":""cnn-dualbranch-datasheet-v1-unbound"",""scalerProfileId"":""cnn-dualbranch-datasheet-v1-unbound"",""productionApproved"":true,""boundNullingProfileId"":8,""activeNullingProfileId"":9,""bindingValid"":true,""bindingModelMatches"":true,""profileReady"":false,""inferenceValid"":false,""sensorFault"":true},""lora"":{""beginState"":0,""lastTxState"":0,""lastTxOk"":false,""txSeq"":0,""txCounter"":0,""aesKeyProvisioned"":true,""aesKeyPresent"":true,""aesKeySource"":""nvs"",""keyId"":1,""lastDownlinkCommandId"":0,""freqMHz"":920,""bwKHz"":125,""sf"":7,""cr"":5,""syncWord"":18,""txPowerDbm"":17,""preamble"":8,""tcxoVoltage"":1.600000024,""xtalVoltage"":0},""dataset"":{""state"":""idle"",""step"":""idle"",""label"":"""",""seq"":0,""targetSamples"":0,""sampleIntervalMs"":500,""maxDurationMs"":0,""useFanIntake"":true,""fanOnMs"":1000,""postFanSettleMs"":0,""nullingProfileId"":9,""queuePending"":0,""queueCapacity"":16,""queueEnqueued"":0,""queueDropped"":0,""publishFailCount"":0,""retryCount"":0,""retryFailCount"":0,""rejectedSamples"":0,""lastRejectReason"":""none"",""lastRejectChannel"":-1,""lastRejectOkFiniteCount"":0,""lastRejectStatus"":255,""lastRejectGain"":0,""lastRejectSaturated"":false},""recovery"":{""wifiReconnectCount"":0,""wifiReconnectFailCount"":0,""mqttReconnectCount"":0,""mqttConnectFailCount"":0,""lastMqttState"":0,""adsRecoveryCount"":0,""adsRecoveryFailCount"":0,""adsReadFailStreak"":0,""lastReason"":""none"",""lastRecoveryMs"":0,""bootRecoveryArmed"":false,""bootRecoveryDueMs"":0,""bootRecoveryReason"":""none"",""bootRecoveryNonAdsFailure"":false,""bootRecoveryRestartCount"":0},""nulling"":{""done"":false,""retryArmed"":false,""attemptCount"":0,""nextRetryMs"":0,""thresholdV"":9.999999747E-06,""minFinalV"":0},""telemetry"":{""valid"":true,""sampleMs"":7051678,""gasClass"":6,""gasName"":""CO2"",""confidence"":0,""alarm"":false,""sensorVoltage"":[0.125363857,0.004070263,0.004831563,-0.00265208,-0.009396793,-0.011354642,-0.019496795,-0.025449809],""sensorGain"":[16,64,64,64,64,64,64,64],""sensorStatus"":[0,0,0,0,0,0,0,0],""featureOrder"":[""MQ8"",""MQ135"",""MQ3"",""MQ5"",""MQ4"",""MQ7"",""MQ6"",""MQ2""]},""alarmLatched"":false}"
2026-08-04 11:18:36.478 +07:00,675.359,HOT_SWEEP_70,70,700,300,1,0,0.124997079,0.004108324,0.004858692,-0.002653881,-0.009471569,-0.011686226,-0.019523196,-0.025388246,"{""deviceId"":""1001"",""nodeId"":4097,""targetChId"":""0010"",""mode"":""inference"",""uptimeMs"":7052802,""debugEnabled"":true,""power"":{""mode"":""24v"",""externalPower"":true,""batteryMv"":65535,""batteryValid"":false,""batteryDetected"":false,""batterySenseStatus"":""not_detected"",""batteryLow"":false,""batteryCritical"":false,""sourceAmbiguous"":false,""serviceHoldActive"":false,""serviceHoldEffective"":false},""batterySession"":{""state"":""inactive"",""startedMs"":0,""stateStartedMs"":0,""validSampleBatches"":0,""requiredSampleBatches"":10,""alarmTxAttempts"":0,""alarmTxAttemptLimit"":3,""alarmAckReceived"":false,""pendingAlarm"":false,""pendingSaveRequired"":false,""persistenceFaultHold"":false,""completionReason"":""session_done""},""bootHealth"":{""adsReady"":true,""adsDrdyLevel"":0,""adsDrdyPulldownLevel"":0,""adsDrdyPullupLevel"":0,""adsMisoPulldownLevel"":0,""adsMisoPullupLevel"":1,""adsCsLevel"":1,""adsSyncLevel"":1,""adsStatus"":54,""adsMux"":15,""adsAdcon"":6,""adsDrate"":240,""adsReason"":""ok"",""tcaOk"":true,""mcpOkCount"":8,""mcpOk"":[true,true,true,true,true,true,true,true],""mcpAddrMask"":[1,1,1,1,1,1,1,1],""mcpControlTested"":true,""mcpControlOkCount"":8,""mcpControlOk"":[true,true,true,true,true,true,true,true],""dacReady"":true,""radioReady"":true,""mlReady"":true,""nullingProfileApplied"":true,""modelProfileReady"":false},""runtimeMcpCode"":[255,519,795,706,799,865,665,139],""model"":{""profileId"":""cnn-dualbranch-datasheet-v1-unbound"",""scalerProfileId"":""cnn-dualbranch-datasheet-v1-unbound"",""productionApproved"":true,""boundNullingProfileId"":8,""activeNullingProfileId"":9,""bindingValid"":true,""bindingModelMatches"":true,""profileReady"":false,""inferenceValid"":false,""sensorFault"":true},""lora"":{""beginState"":0,""lastTxState"":0,""lastTxOk"":false,""txSeq"":0,""txCounter"":0,""aesKeyProvisioned"":true,""aesKeyPresent"":true,""aesKeySource"":""nvs"",""keyId"":1,""lastDownlinkCommandId"":0,""freqMHz"":920,""bwKHz"":125,""sf"":7,""cr"":5,""syncWord"":18,""txPowerDbm"":17,""preamble"":8,""tcxoVoltage"":1.600000024,""xtalVoltage"":0},""dataset"":{""state"":""idle"",""step"":""idle"",""label"":"""",""seq"":0,""targetSamples"":0,""sampleIntervalMs"":500,""maxDurationMs"":0,""useFanIntake"":true,""fanOnMs"":1000,""postFanSettleMs"":0,""nullingProfileId"":9,""queuePending"":0,""queueCapacity"":16,""queueEnqueued"":0,""queueDropped"":0,""publishFailCount"":0,""retryCount"":0,""retryFailCount"":0,""rejectedSamples"":0,""lastRejectReason"":""none"",""lastRejectChannel"":-1,""lastRejectOkFiniteCount"":0,""lastRejectStatus"":255,""lastRejectGain"":0,""lastRejectSaturated"":false},""recovery"":{""wifiReconnectCount"":0,""wifiReconnectFailCount"":0,""mqttReconnectCount"":0,""mqttConnectFailCount"":0,""lastMqttState"":0,""adsRecoveryCount"":0,""adsRecoveryFailCount"":0,""adsReadFailStreak"":0,""lastReason"":""none"",""lastRecoveryMs"":0,""bootRecoveryArmed"":false,""bootRecoveryDueMs"":0,""bootRecoveryReason"":""none"",""bootRecoveryNonAdsFailure"":false,""bootRecoveryRestartCount"":0},""nulling"":{""done"":false,""retryArmed"":false,""attemptCount"":0,""nextRetryMs"":0,""thresholdV"":9.999999747E-06,""minFinalV"":0},""telemetry"":{""valid"":true,""sampleMs"":7052393,""gasClass"":6,""gasName"":""CO2"",""confidence"":0,""alarm"":false,""sensorVoltage"":[0.124997079,0.004108324,0.004858692,-0.002653881,-0.009471569,-0.011686226,-0.019523196,-0.025388246],""sensorGain"":[16,64,64,64,64,64,64,64],""sensorStatus"":[0,0,0,0,0,0,0,0],""featureOrder"":[""MQ8"",""MQ135"",""MQ3"",""MQ5"",""MQ4"",""MQ7"",""MQ6"",""MQ2""]},""alarmLatched"":false}"
2026-08-04 11:18:37.189 +07:00,676.055,HOT_SWEEP_70,70,700,300,1,0,0.124970362,0.003990822,0.004856161,-0.00263059,-0.009219076,-0.011715372,-0.019538146,-0.025370356,"{""deviceId"":""1001"",""nodeId"":4097,""targetChId"":""0010"",""mode"":""inference"",""uptimeMs"":7053503,""debugEnabled"":true,""power"":{""mode"":""24v"",""externalPower"":true,""batteryMv"":65535,""batteryValid"":false,""batteryDetected"":false,""batterySenseStatus"":""not_detected"",""batteryLow"":false,""batteryCritical"":false,""sourceAmbiguous"":false,""serviceHoldActive"":false,""serviceHoldEffective"":false},""batterySession"":{""state"":""inactive"",""startedMs"":0,""stateStartedMs"":0,""validSampleBatches"":0,""requiredSampleBatches"":10,""alarmTxAttempts"":0,""alarmTxAttemptLimit"":3,""alarmAckReceived"":false,""pendingAlarm"":false,""pendingSaveRequired"":false,""persistenceFaultHold"":false,""completionReason"":""session_done""},""bootHealth"":{""adsReady"":true,""adsDrdyLevel"":0,""adsDrdyPulldownLevel"":0,""adsDrdyPullupLevel"":0,""adsMisoPulldownLevel"":0,""adsMisoPullupLevel"":1,""adsCsLevel"":1,""adsSyncLevel"":1,""adsStatus"":54,""adsMux"":15,""adsAdcon"":6,""adsDrate"":240,""adsReason"":""ok"",""tcaOk"":true,""mcpOkCount"":8,""mcpOk"":[true,true,true,true,true,true,true,true],""mcpAddrMask"":[1,1,1,1,1,1,1,1],""mcpControlTested"":true,""mcpControlOkCount"":8,""mcpControlOk"":[true,true,true,true,true,true,true,true],""dacReady"":true,""radioReady"":true,""mlReady"":true,""nullingProfileApplied"":true,""modelProfileReady"":false},""runtimeMcpCode"":[255,519,795,706,799,865,665,139],""model"":{""profileId"":""cnn-dualbranch-datasheet-v1-unbound"",""scalerProfileId"":""cnn-dualbranch-datasheet-v1-unbound"",""productionApproved"":true,""boundNullingProfileId"":8,""activeNullingProfileId"":9,""bindingValid"":true,""bindingModelMatches"":true,""profileReady"":false,""inferenceValid"":false,""sensorFault"":true},""lora"":{""beginState"":0,""lastTxState"":0,""lastTxOk"":false,""txSeq"":0,""txCounter"":0,""aesKeyProvisioned"":true,""aesKeyPresent"":true,""aesKeySource"":""nvs"",""keyId"":1,""lastDownlinkCommandId"":0,""freqMHz"":920,""bwKHz"":125,""sf"":7,""cr"":5,""syncWord"":18,""txPowerDbm"":17,""preamble"":8,""tcxoVoltage"":1.600000024,""xtalVoltage"":0},""dataset"":{""state"":""idle"",""step"":""idle"",""label"":"""",""seq"":0,""targetSamples"":0,""sampleIntervalMs"":500,""maxDurationMs"":0,""useFanIntake"":true,""fanOnMs"":1000,""postFanSettleMs"":0,""nullingProfileId"":9,""queuePending"":0,""queueCapacity"":16,""queueEnqueued"":0,""queueDropped"":0,""publishFailCount"":0,""retryCount"":0,""retryFailCount"":0,""rejectedSamples"":0,""lastRejectReason"":""none"",""lastRejectChannel"":-1,""lastRejectOkFiniteCount"":0,""lastRejectStatus"":255,""lastRejectGain"":0,""lastRejectSaturated"":false},""recovery"":{""wifiReconnectCount"":0,""wifiReconnectFailCount"":0,""mqttReconnectCount"":0,""mqttConnectFailCount"":0,""lastMqttState"":0,""adsRecoveryCount"":0,""adsRecoveryFailCount"":0,""adsReadFailStreak"":0,""lastReason"":""none"",""lastRecoveryMs"":0,""bootRecoveryArmed"":false,""bootRecoveryDueMs"":0,""bootRecoveryReason"":""none"",""bootRecoveryNonAdsFailure"":false,""bootRecoveryRestartCount"":0},""nulling"":{""done"":false,""retryArmed"":false,""attemptCount"":0,""nextRetryMs"":0,""thresholdV"":9.999999747E-06,""minFinalV"":0},""telemetry"":{""valid"":true,""sampleMs"":7053117,""gasClass"":6,""gasName"":""CO2"",""confidence"":0,""alarm"":false,""sensorVoltage"":[0.124970362,0.003990822,0.004856161,-0.00263059,-0.009219076,-0.011715372,-0.019538146,-0.025370356],""sensorGain"":[16,64,64,64,64,64,64,64],""sensorStatus"":[0,0,0,0,0,0,0,0],""featureOrder"":[""MQ8"",""MQ135"",""MQ3"",""MQ5"",""MQ4"",""MQ7"",""MQ6"",""MQ2""]},""alarmLatched"":false}"
2026-08-04 11:18:37.894 +07:00,676.761,HOT_SWEEP_70,70,700,300,1,0,0.124334536,0.003973923,0.004862819,-0.002622772,-0.009220919,-0.011723706,-0.019473664,-0.025409874,"{""deviceId"":""1001"",""nodeId"":4097,""targetChId"":""0010"",""mode"":""inference"",""uptimeMs"":7054201,""debugEnabled"":true,""power"":{""mode"":""24v"",""externalPower"":true,""batteryMv"":65535,""batteryValid"":false,""batteryDetected"":false,""batterySenseStatus"":""not_detected"",""batteryLow"":false,""batteryCritical"":false,""sourceAmbiguous"":false,""serviceHoldActive"":false,""serviceHoldEffective"":false},""batterySession"":{""state"":""inactive"",""startedMs"":0,""stateStartedMs"":0,""validSampleBatches"":0,""requiredSampleBatches"":10,""alarmTxAttempts"":0,""alarmTxAttemptLimit"":3,""alarmAckReceived"":false,""pendingAlarm"":false,""pendingSaveRequired"":false,""persistenceFaultHold"":false,""completionReason"":""session_done""},""bootHealth"":{""adsReady"":true,""adsDrdyLevel"":0,""adsDrdyPulldownLevel"":0,""adsDrdyPullupLevel"":0,""adsMisoPulldownLevel"":0,""adsMisoPullupLevel"":1,""adsCsLevel"":1,""adsSyncLevel"":1,""adsStatus"":54,""adsMux"":15,""adsAdcon"":6,""adsDrate"":240,""adsReason"":""ok"",""tcaOk"":true,""mcpOkCount"":8,""mcpOk"":[true,true,true,true,true,true,true,true],""mcpAddrMask"":[1,1,1,1,1,1,1,1],""mcpControlTested"":true,""mcpControlOkCount"":8,""mcpControlOk"":[true,true,true,true,true,true,true,true],""dacReady"":true,""radioReady"":true,""mlReady"":true,""nullingProfileApplied"":true,""modelProfileReady"":false},""runtimeMcpCode"":[255,519,795,706,799,865,665,139],""model"":{""profileId"":""cnn-dualbranch-datasheet-v1-unbound"",""scalerProfileId"":""cnn-dualbranch-datasheet-v1-unbound"",""productionApproved"":true,""boundNullingProfileId"":8,""activeNullingProfileId"":9,""bindingValid"":true,""bindingModelMatches"":true,""profileReady"":false,""inferenceValid"":false,""sensorFault"":true},""lora"":{""beginState"":0,""lastTxState"":0,""lastTxOk"":false,""txSeq"":0,""txCounter"":0,""aesKeyProvisioned"":true,""aesKeyPresent"":true,""aesKeySource"":""nvs"",""keyId"":1,""lastDownlinkCommandId"":0,""freqMHz"":920,""bwKHz"":125,""sf"":7,""cr"":5,""syncWord"":18,""txPowerDbm"":17,""preamble"":8,""tcxoVoltage"":1.600000024,""xtalVoltage"":0},""dataset"":{""state"":""idle"",""step"":""idle"",""label"":"""",""seq"":0,""targetSamples"":0,""sampleIntervalMs"":500,""maxDurationMs"":0,""useFanIntake"":true,""fanOnMs"":1000,""postFanSettleMs"":0,""nullingProfileId"":9,""queuePending"":0,""queueCapacity"":16,""queueEnqueued"":0,""queueDropped"":0,""publishFailCount"":0,""retryCount"":0,""retryFailCount"":0,""rejectedSamples"":0,""lastRejectReason"":""none"",""lastRejectChannel"":-1,""lastRejectOkFiniteCount"":0,""lastRejectStatus"":255,""lastRejectGain"":0,""lastRejectSaturated"":false},""recovery"":{""wifiReconnectCount"":0,""wifiReconnectFailCount"":0,""mqttReconnectCount"":0,""mqttConnectFailCount"":0,""lastMqttState"":0,""adsRecoveryCount"":0,""adsRecoveryFailCount"":0,""adsReadFailStreak"":0,""lastReason"":""none"",""lastRecoveryMs"":0,""bootRecoveryArmed"":false,""bootRecoveryDueMs"":0,""bootRecoveryReason"":""none"",""bootRecoveryNonAdsFailure"":false,""bootRecoveryRestartCount"":0},""nulling"":{""done"":false,""retryArmed"":false,""attemptCount"":0,""nextRetryMs"":0,""thresholdV"":9.999999747E-06,""minFinalV"":0},""telemetry"":{""valid"":true,""sampleMs"":7053781,""gasClass"":6,""gasName"":""CO2"",""confidence"":0,""alarm"":false,""sensorVoltage"":[0.124334536,0.003973923,0.004862819,-0.002622772,-0.009220919,-0.011723706,-0.019473664,-0.025409874],""sensorGain"":[16,64,64,64,64,64,64,64],""sensorStatus"":[0,0,0,0,0,0,0,0],""featureOrder"":[""MQ8"",""MQ135"",""MQ3"",""MQ5"",""MQ4"",""MQ7"",""MQ6"",""MQ2""]},""alarmLatched"":false}"
2026-08-04 11:18:38.589 +07:00,677.455,HOT_SWEEP_70,70,700,300,1,0,0.124427773,0.003976466,0.004818787,-0.002615047,-0.009208062,-0.011753715,-0.019467097,-0.025298674,"{""deviceId"":""1001"",""nodeId"":4097,""targetChId"":""0010"",""mode"":""inference"",""uptimeMs"":7054901,""debugEnabled"":true,""power"":{""mode"":""24v"",""externalPower"":true,""batteryMv"":65535,""batteryValid"":false,""batteryDetected"":false,""batterySenseStatus"":""not_detected"",""batteryLow"":false,""batteryCritical"":false,""sourceAmbiguous"":false,""serviceHoldActive"":false,""serviceHoldEffective"":false},""batterySession"":{""state"":""inactive"",""startedMs"":0,""stateStartedMs"":0,""validSampleBatches"":0,""requiredSampleBatches"":10,""alarmTxAttempts"":0,""alarmTxAttemptLimit"":3,""alarmAckReceived"":false,""pendingAlarm"":false,""pendingSaveRequired"":false,""persistenceFaultHold"":false,""completionReason"":""session_done""},""bootHealth"":{""adsReady"":true,""adsDrdyLevel"":0,""adsDrdyPulldownLevel"":0,""adsDrdyPullupLevel"":0,""adsMisoPulldownLevel"":0,""adsMisoPullupLevel"":1,""adsCsLevel"":1,""adsSyncLevel"":1,""adsStatus"":54,""adsMux"":15,""adsAdcon"":6,""adsDrate"":240,""adsReason"":""ok"",""tcaOk"":true,""mcpOkCount"":8,""mcpOk"":[true,true,true,true,true,true,true,true],""mcpAddrMask"":[1,1,1,1,1,1,1,1],""mcpControlTested"":true,""mcpControlOkCount"":8,""mcpControlOk"":[true,true,true,true,true,true,true,true],""dacReady"":true,""radioReady"":true,""mlReady"":true,""nullingProfileApplied"":true,""modelProfileReady"":false},""runtimeMcpCode"":[255,519,795,706,799,865,665,139],""model"":{""profileId"":""cnn-dualbranch-datasheet-v1-unbound"",""scalerProfileId"":""cnn-dualbranch-datasheet-v1-unbound"",""productionApproved"":true,""boundNullingProfileId"":8,""activeNullingProfileId"":9,""bindingValid"":true,""bindingModelMatches"":true,""profileReady"":false,""inferenceValid"":false,""sensorFault"":true},""lora"":{""beginState"":0,""lastTxState"":0,""lastTxOk"":false,""txSeq"":0,""txCounter"":0,""aesKeyProvisioned"":true,""aesKeyPresent"":true,""aesKeySource"":""nvs"",""keyId"":1,""lastDownlinkCommandId"":0,""freqMHz"":920,""bwKHz"":125,""sf"":7,""cr"":5,""syncWord"":18,""txPowerDbm"":17,""preamble"":8,""tcxoVoltage"":1.600000024,""xtalVoltage"":0},""dataset"":{""state"":""idle"",""step"":""idle"",""label"":"""",""seq"":0,""targetSamples"":0,""sampleIntervalMs"":500,""maxDurationMs"":0,""useFanIntake"":true,""fanOnMs"":1000,""postFanSettleMs"":0,""nullingProfileId"":9,""queuePending"":0,""queueCapacity"":16,""queueEnqueued"":0,""queueDropped"":0,""publishFailCount"":0,""retryCount"":0,""retryFailCount"":0,""rejectedSamples"":0,""lastRejectReason"":""none"",""lastRejectChannel"":-1,""lastRejectOkFiniteCount"":0,""lastRejectStatus"":255,""lastRejectGain"":0,""lastRejectSaturated"":false},""recovery"":{""wifiReconnectCount"":0,""wifiReconnectFailCount"":0,""mqttReconnectCount"":0,""mqttConnectFailCount"":0,""lastMqttState"":0,""adsRecoveryCount"":0,""adsRecoveryFailCount"":0,""adsReadFailStreak"":0,""lastReason"":""none"",""lastRecoveryMs"":0,""bootRecoveryArmed"":false,""bootRecoveryDueMs"":0,""bootRecoveryReason"":""none"",""bootRecoveryNonAdsFailure"":false,""bootRecoveryRestartCount"":0},""nulling"":{""done"":false,""retryArmed"":false,""attemptCount"":0,""nextRetryMs"":0,""thresholdV"":9.999999747E-06,""minFinalV"":0},""telemetry"":{""valid"":true,""sampleMs"":7054479,""gasClass"":6,""gasName"":""CO2"",""confidence"":0,""alarm"":false,""sensorVoltage"":[0.124427773,0.003976466,0.004818787,-0.002615047,-0.009208062,-0.011753715,-0.019467097,-0.025298674],""sensorGain"":[16,64,64,64,64,64,64,64],""sensorStatus"":[0,0,0,0,0,0,0,0],""featureOrder"":[""MQ8"",""MQ135"",""MQ3"",""MQ5"",""MQ4"",""MQ7"",""MQ6"",""MQ2""]},""alarmLatched"":false}"
2026-08-04 11:18:39.287 +07:00,678.152,HOT_SWEEP_70,70,700,300,1,0,0.124458589,0.003969703,0.004804803,-0.002616627,-0.009229874,-0.011688714,-0.019450992,-0.025305625,"{""deviceId"":""1001"",""nodeId"":4097,""targetChId"":""0010"",""mode"":""inference"",""uptimeMs"":7055602,""debugEnabled"":true,""power"":{""mode"":""24v"",""externalPower"":true,""batteryMv"":65535,""batteryValid"":false,""batteryDetected"":false,""batterySenseStatus"":""not_detected"",""batteryLow"":false,""batteryCritical"":false,""sourceAmbiguous"":false,""serviceHoldActive"":false,""serviceHoldEffective"":false},""batterySession"":{""state"":""inactive"",""startedMs"":0,""stateStartedMs"":0,""validSampleBatches"":0,""requiredSampleBatches"":10,""alarmTxAttempts"":0,""alarmTxAttemptLimit"":3,""alarmAckReceived"":false,""pendingAlarm"":false,""pendingSaveRequired"":false,""persistenceFaultHold"":false,""completionReason"":""session_done""},""bootHealth"":{""adsReady"":true,""adsDrdyLevel"":0,""adsDrdyPulldownLevel"":0,""adsDrdyPullupLevel"":0,""adsMisoPulldownLevel"":0,""adsMisoPullupLevel"":1,""adsCsLevel"":1,""adsSyncLevel"":1,""adsStatus"":54,""adsMux"":15,""adsAdcon"":6,""adsDrate"":240,""adsReason"":""ok"",""tcaOk"":true,""mcpOkCount"":8,""mcpOk"":[true,true,true,true,true,true,true,true],""mcpAddrMask"":[1,1,1,1,1,1,1,1],""mcpControlTested"":true,""mcpControlOkCount"":8,""mcpControlOk"":[true,true,true,true,true,true,true,true],""dacReady"":true,""radioReady"":true,""mlReady"":true,""nullingProfileApplied"":true,""modelProfileReady"":false},""runtimeMcpCode"":[255,519,795,706,799,865,665,139],""model"":{""profileId"":""cnn-dualbranch-datasheet-v1-unbound"",""scalerProfileId"":""cnn-dualbranch-datasheet-v1-unbound"",""productionApproved"":true,""boundNullingProfileId"":8,""activeNullingProfileId"":9,""bindingValid"":true,""bindingModelMatches"":true,""profileReady"":false,""inferenceValid"":false,""sensorFault"":true},""lora"":{""beginState"":0,""lastTxState"":0,""lastTxOk"":false,""txSeq"":0,""txCounter"":0,""aesKeyProvisioned"":true,""aesKeyPresent"":true,""aesKeySource"":""nvs"",""keyId"":1,""lastDownlinkCommandId"":0,""freqMHz"":920,""bwKHz"":125,""sf"":7,""cr"":5,""syncWord"":18,""txPowerDbm"":17,""preamble"":8,""tcxoVoltage"":1.600000024,""xtalVoltage"":0},""dataset"":{""state"":""idle"",""step"":""idle"",""label"":"""",""seq"":0,""targetSamples"":0,""sampleIntervalMs"":500,""maxDurationMs"":0,""useFanIntake"":true,""fanOnMs"":1000,""postFanSettleMs"":0,""nullingProfileId"":9,""queuePending"":0,""queueCapacity"":16,""queueEnqueued"":0,""queueDropped"":0,""publishFailCount"":0,""retryCount"":0,""retryFailCount"":0,""rejectedSamples"":0,""lastRejectReason"":""none"",""lastRejectChannel"":-1,""lastRejectOkFiniteCount"":0,""lastRejectStatus"":255,""lastRejectGain"":0,""lastRejectSaturated"":false},""recovery"":{""wifiReconnectCount"":0,""wifiReconnectFailCount"":0,""mqttReconnectCount"":0,""mqttConnectFailCount"":0,""lastMqttState"":0,""adsRecoveryCount"":0,""adsRecoveryFailCount"":0,""adsReadFailStreak"":0,""lastReason"":""none"",""lastRecoveryMs"":0,""bootRecoveryArmed"":false,""bootRecoveryDueMs"":0,""bootRecoveryReason"":""none"",""bootRecoveryNonAdsFailure"":false,""bootRecoveryRestartCount"":0},""nulling"":{""done"":false,""retryArmed"":false,""attemptCount"":0,""nextRetryMs"":0,""thresholdV"":9.999999747E-06,""minFinalV"":0},""telemetry"":{""valid"":true,""sampleMs"":7055211,""gasClass"":6,""gasName"":""CO2"",""confidence"":0,""alarm"":false,""sensorVoltage"":[0.124458589,0.003969703,0.004804803,-0.002616627,-0.009229874,-0.011688714,-0.019450992,-0.025305625],""sensorGain"":[16,64,64,64,64,64,64,64],""sensorStatus"":[0,0,0,0,0,0,0,0],""featureOrder"":[""MQ8"",""MQ135"",""MQ3"",""MQ5"",""MQ4"",""MQ7"",""MQ6"",""MQ2""]},""alarmLatched"":false}"
2026-08-04 11:18:39.972 +07:00,678.853,HOT_SWEEP_70,70,700,300,1,0,0.124020681,0.003960381,0.004738196,-0.002626007,-0.009232862,-0.011644339,-0.019392505,-0.025319766,"{""deviceId"":""1001"",""nodeId"":4097,""targetChId"":""0010"",""mode"":""inference"",""uptimeMs"":7056298,""debugEnabled"":true,""power"":{""mode"":""24v"",""externalPower"":true,""batteryMv"":65535,""batteryValid"":false,""batteryDetected"":false,""batterySenseStatus"":""not_detected"",""batteryLow"":false,""batteryCritical"":false,""sourceAmbiguous"":false,""serviceHoldActive"":false,""serviceHoldEffective"":false},""batterySession"":{""state"":""inactive"",""startedMs"":0,""stateStartedMs"":0,""validSampleBatches"":0,""requiredSampleBatches"":10,""alarmTxAttempts"":0,""alarmTxAttemptLimit"":3,""alarmAckReceived"":false,""pendingAlarm"":false,""pendingSaveRequired"":false,""persistenceFaultHold"":false,""completionReason"":""session_done""},""bootHealth"":{""adsReady"":true,""adsDrdyLevel"":0,""adsDrdyPulldownLevel"":0,""adsDrdyPullupLevel"":0,""adsMisoPulldownLevel"":0,""adsMisoPullupLevel"":1,""adsCsLevel"":1,""adsSyncLevel"":1,""adsStatus"":54,""adsMux"":15,""adsAdcon"":6,""adsDrate"":240,""adsReason"":""ok"",""tcaOk"":true,""mcpOkCount"":8,""mcpOk"":[true,true,true,true,true,true,true,true],""mcpAddrMask"":[1,1,1,1,1,1,1,1],""mcpControlTested"":true,""mcpControlOkCount"":8,""mcpControlOk"":[true,true,true,true,true,true,true,true],""dacReady"":true,""radioReady"":true,""mlReady"":true,""nullingProfileApplied"":true,""modelProfileReady"":false},""runtimeMcpCode"":[255,519,795,706,799,865,665,139],""model"":{""profileId"":""cnn-dualbranch-datasheet-v1-unbound"",""scalerProfileId"":""cnn-dualbranch-datasheet-v1-unbound"",""productionApproved"":true,""boundNullingProfileId"":8,""activeNullingProfileId"":9,""bindingValid"":true,""bindingModelMatches"":true,""profileReady"":false,""inferenceValid"":false,""sensorFault"":true},""lora"":{""beginState"":0,""lastTxState"":0,""lastTxOk"":false,""txSeq"":0,""txCounter"":0,""aesKeyProvisioned"":true,""aesKeyPresent"":true,""aesKeySource"":""nvs"",""keyId"":1,""lastDownlinkCommandId"":0,""freqMHz"":920,""bwKHz"":125,""sf"":7,""cr"":5,""syncWord"":18,""txPowerDbm"":17,""preamble"":8,""tcxoVoltage"":1.600000024,""xtalVoltage"":0},""dataset"":{""state"":""idle"",""step"":""idle"",""label"":"""",""seq"":0,""targetSamples"":0,""sampleIntervalMs"":500,""maxDurationMs"":0,""useFanIntake"":true,""fanOnMs"":1000,""postFanSettleMs"":0,""nullingProfileId"":9,""queuePending"":0,""queueCapacity"":16,""queueEnqueued"":0,""queueDropped"":0,""publishFailCount"":0,""retryCount"":0,""retryFailCount"":0,""rejectedSamples"":0,""lastRejectReason"":""none"",""lastRejectChannel"":-1,""lastRejectOkFiniteCount"":0,""lastRejectStatus"":255,""lastRejectGain"":0,""lastRejectSaturated"":false},""recovery"":{""wifiReconnectCount"":0,""wifiReconnectFailCount"":0,""mqttReconnectCount"":0,""mqttConnectFailCount"":0,""lastMqttState"":0,""adsRecoveryCount"":0,""adsRecoveryFailCount"":0,""adsReadFailStreak"":0,""lastReason"":""none"",""lastRecoveryMs"":0,""bootRecoveryArmed"":false,""bootRecoveryDueMs"":0,""bootRecoveryReason"":""none"",""bootRecoveryNonAdsFailure"":false,""bootRecoveryRestartCount"":0},""nulling"":{""done"":false,""retryArmed"":false,""attemptCount"":0,""nextRetryMs"":0,""thresholdV"":9.999999747E-06,""minFinalV"":0},""telemetry"":{""valid"":true,""sampleMs"":7055880,""gasClass"":6,""gasName"":""CO2"",""confidence"":0,""alarm"":false,""sensorVoltage"":[0.124020681,0.003960381,0.004738196,-0.002626007,-0.009232862,-0.011644339,-0.019392505,-0.025319766],""sensorGain"":[16,64,64,64,64,64,64,64],""sensorStatus"":[0,0,0,0,0,0,0,0],""featureOrder"":[""MQ8"",""MQ135"",""MQ3"",""MQ5"",""MQ4"",""MQ7"",""MQ6"",""MQ2""]},""alarmLatched"":false}"
2026-08-04 11:18:40.676 +07:00,679.536,HOT_SWEEP_70,70,700,300,1,0,0.123957731,0.003978531,0.004759339,-0.002615629,-0.009211884,-0.011639941,-0.019430524,-0.025269974,"{""deviceId"":""1001"",""nodeId"":4097,""targetChId"":""0010"",""mode"":""inference"",""uptimeMs"":7056985,""debugEnabled"":true,""power"":{""mode"":""24v"",""externalPower"":true,""batteryMv"":65535,""batteryValid"":false,""batteryDetected"":false,""batterySenseStatus"":""not_detected"",""batteryLow"":false,""batteryCritical"":false,""sourceAmbiguous"":false,""serviceHoldActive"":false,""serviceHoldEffective"":false},""batterySession"":{""state"":""inactive"",""startedMs"":0,""stateStartedMs"":0,""validSampleBatches"":0,""requiredSampleBatches"":10,""alarmTxAttempts"":0,""alarmTxAttemptLimit"":3,""alarmAckReceived"":false,""pendingAlarm"":false,""pendingSaveRequired"":false,""persistenceFaultHold"":false,""completionReason"":""session_done""},""bootHealth"":{""adsReady"":true,""adsDrdyLevel"":0,""adsDrdyPulldownLevel"":0,""adsDrdyPullupLevel"":0,""adsMisoPulldownLevel"":0,""adsMisoPullupLevel"":1,""adsCsLevel"":1,""adsSyncLevel"":1,""adsStatus"":54,""adsMux"":15,""adsAdcon"":6,""adsDrate"":240,""adsReason"":""ok"",""tcaOk"":true,""mcpOkCount"":8,""mcpOk"":[true,true,true,true,true,true,true,true],""mcpAddrMask"":[1,1,1,1,1,1,1,1],""mcpControlTested"":true,""mcpControlOkCount"":8,""mcpControlOk"":[true,true,true,true,true,true,true,true],""dacReady"":true,""radioReady"":true,""mlReady"":true,""nullingProfileApplied"":true,""modelProfileReady"":false},""runtimeMcpCode"":[255,519,795,706,799,865,665,139],""model"":{""profileId"":""cnn-dualbranch-datasheet-v1-unbound"",""scalerProfileId"":""cnn-dualbranch-datasheet-v1-unbound"",""productionApproved"":true,""boundNullingProfileId"":8,""activeNullingProfileId"":9,""bindingValid"":true,""bindingModelMatches"":true,""profileReady"":false,""inferenceValid"":false,""sensorFault"":true},""lora"":{""beginState"":0,""lastTxState"":0,""lastTxOk"":false,""txSeq"":0,""txCounter"":0,""aesKeyProvisioned"":true,""aesKeyPresent"":true,""aesKeySource"":""nvs"",""keyId"":1,""lastDownlinkCommandId"":0,""freqMHz"":920,""bwKHz"":125,""sf"":7,""cr"":5,""syncWord"":18,""txPowerDbm"":17,""preamble"":8,""tcxoVoltage"":1.600000024,""xtalVoltage"":0},""dataset"":{""state"":""idle"",""step"":""idle"",""label"":"""",""seq"":0,""targetSamples"":0,""sampleIntervalMs"":500,""maxDurationMs"":0,""useFanIntake"":true,""fanOnMs"":1000,""postFanSettleMs"":0,""nullingProfileId"":9,""queuePending"":0,""queueCapacity"":16,""queueEnqueued"":0,""queueDropped"":0,""publishFailCount"":0,""retryCount"":0,""retryFailCount"":0,""rejectedSamples"":0,""lastRejectReason"":""none"",""lastRejectChannel"":-1,""lastRejectOkFiniteCount"":0,""lastRejectStatus"":255,""lastRejectGain"":0,""lastRejectSaturated"":false},""recovery"":{""wifiReconnectCount"":0,""wifiReconnectFailCount"":0,""mqttReconnectCount"":0,""mqttConnectFailCount"":0,""lastMqttState"":0,""adsRecoveryCount"":0,""adsRecoveryFailCount"":0,""adsReadFailStreak"":0,""lastReason"":""none"",""lastRecoveryMs"":0,""bootRecoveryArmed"":false,""bootRecoveryDueMs"":0,""bootRecoveryReason"":""none"",""bootRecoveryNonAdsFailure"":false,""bootRecoveryRestartCount"":0},""nulling"":{""done"":false,""retryArmed"":false,""attemptCount"":0,""nextRetryMs"":0,""thresholdV"":9.999999747E-06,""minFinalV"":0},""telemetry"":{""valid"":true,""sampleMs"":7056576,""gasClass"":6,""gasName"":""CO2"",""confidence"":0,""alarm"":false,""sensorVoltage"":[0.123957731,0.003978531,0.004759339,-0.002615629,-0.009211884,-0.011639941,-0.019430524,-0.025269974],""sensorGain"":[16,64,64,64,64,64,64,64],""sensorStatus"":[0,0,0,0,0,0,0,0],""featureOrder"":[""MQ8"",""MQ135"",""MQ3"",""MQ5"",""MQ4"",""MQ7"",""MQ6"",""MQ2""]},""alarmLatched"":false}"
2026-08-04 11:18:41.386 +07:00,680.251,HOT_SWEEP_70,70,700,300,1,0,0.12389233,0.004022226,0.004741331,-0.00266495,-0.009202564,-0.01168489,-0.019423172,-0.025200283,"{""deviceId"":""1001"",""nodeId"":4097,""targetChId"":""0010"",""mode"":""inference"",""uptimeMs"":7057698,""debugEnabled"":true,""power"":{""mode"":""24v"",""externalPower"":true,""batteryMv"":65535,""batteryValid"":false,""batteryDetected"":false,""batterySenseStatus"":""not_detected"",""batteryLow"":false,""batteryCritical"":false,""sourceAmbiguous"":false,""serviceHoldActive"":false,""serviceHoldEffective"":false},""batterySession"":{""state"":""inactive"",""startedMs"":0,""stateStartedMs"":0,""validSampleBatches"":0,""requiredSampleBatches"":10,""alarmTxAttempts"":0,""alarmTxAttemptLimit"":3,""alarmAckReceived"":false,""pendingAlarm"":false,""pendingSaveRequired"":false,""persistenceFaultHold"":false,""completionReason"":""session_done""},""bootHealth"":{""adsReady"":true,""adsDrdyLevel"":0,""adsDrdyPulldownLevel"":0,""adsDrdyPullupLevel"":0,""adsMisoPulldownLevel"":0,""adsMisoPullupLevel"":1,""adsCsLevel"":1,""adsSyncLevel"":1,""adsStatus"":54,""adsMux"":15,""adsAdcon"":6,""adsDrate"":240,""adsReason"":""ok"",""tcaOk"":true,""mcpOkCount"":8,""mcpOk"":[true,true,true,true,true,true,true,true],""mcpAddrMask"":[1,1,1,1,1,1,1,1],""mcpControlTested"":true,""mcpControlOkCount"":8,""mcpControlOk"":[true,true,true,true,true,true,true,true],""dacReady"":true,""radioReady"":true,""mlReady"":true,""nullingProfileApplied"":true,""modelProfileReady"":false},""runtimeMcpCode"":[255,519,795,706,799,865,665,139],""model"":{""profileId"":""cnn-dualbranch-datasheet-v1-unbound"",""scalerProfileId"":""cnn-dualbranch-datasheet-v1-unbound"",""productionApproved"":true,""boundNullingProfileId"":8,""activeNullingProfileId"":9,""bindingValid"":true,""bindingModelMatches"":true,""profileReady"":false,""inferenceValid"":false,""sensorFault"":true},""lora"":{""beginState"":0,""lastTxState"":0,""lastTxOk"":false,""txSeq"":0,""txCounter"":0,""aesKeyProvisioned"":true,""aesKeyPresent"":true,""aesKeySource"":""nvs"",""keyId"":1,""lastDownlinkCommandId"":0,""freqMHz"":920,""bwKHz"":125,""sf"":7,""cr"":5,""syncWord"":18,""txPowerDbm"":17,""preamble"":8,""tcxoVoltage"":1.600000024,""xtalVoltage"":0},""dataset"":{""state"":""idle"",""step"":""idle"",""label"":"""",""seq"":0,""targetSamples"":0,""sampleIntervalMs"":500,""maxDurationMs"":0,""useFanIntake"":true,""fanOnMs"":1000,""postFanSettleMs"":0,""nullingProfileId"":9,""queuePending"":0,""queueCapacity"":16,""queueEnqueued"":0,""queueDropped"":0,""publishFailCount"":0,""retryCount"":0,""retryFailCount"":0,""rejectedSamples"":0,""lastRejectReason"":""none"",""lastRejectChannel"":-1,""lastRejectOkFiniteCount"":0,""lastRejectStatus"":255,""lastRejectGain"":0,""lastRejectSaturated"":false},""recovery"":{""wifiReconnectCount"":0,""wifiReconnectFailCount"":0,""mqttReconnectCount"":0,""mqttConnectFailCount"":0,""lastMqttState"":0,""adsRecoveryCount"":0,""adsRecoveryFailCount"":0,""adsReadFailStreak"":0,""lastReason"":""none"",""lastRecoveryMs"":0,""bootRecoveryArmed"":false,""bootRecoveryDueMs"":0,""bootRecoveryReason"":""none"",""bootRecoveryNonAdsFailure"":false,""bootRecoveryRestartCount"":0},""nulling"":{""done"":false,""retryArmed"":false,""attemptCount"":0,""nextRetryMs"":0,""thresholdV"":9.999999747E-06,""minFinalV"":0},""telemetry"":{""valid"":true,""sampleMs"":7057295,""gasClass"":6,""gasName"":""CO2"",""confidence"":0,""alarm"":false,""sensorVoltage"":[0.12389233,0.004022226,0.004741331,-0.00266495,-0.009202564,-0.01168489,-0.019423172,-0.025200283],""sensorGain"":[16,64,64,64,64,64,64,64],""sensorStatus"":[0,0,0,0,0,0,0,0],""featureOrder"":[""MQ8"",""MQ135"",""MQ3"",""MQ5"",""MQ4"",""MQ7"",""MQ6"",""MQ2""]},""alarmLatched"":false}"
2026-08-04 11:18:42.091 +07:00,680.951,HOT_SWEEP_70,70,700,300,1,0,0.123700581,0.003995687,0.004763501,-0.002693211,-0.009206955,-0.011655008,-0.019435566,-0.025220618,"{""deviceId"":""1001"",""nodeId"":4097,""targetChId"":""0010"",""mode"":""inference"",""uptimeMs"":7058397,""debugEnabled"":true,""power"":{""mode"":""24v"",""externalPower"":true,""batteryMv"":65535,""batteryValid"":false,""batteryDetected"":false,""batterySenseStatus"":""not_detected"",""batteryLow"":false,""batteryCritical"":false,""sourceAmbiguous"":false,""serviceHoldActive"":false,""serviceHoldEffective"":false},""batterySession"":{""state"":""inactive"",""startedMs"":0,""stateStartedMs"":0,""validSampleBatches"":0,""requiredSampleBatches"":10,""alarmTxAttempts"":0,""alarmTxAttemptLimit"":3,""alarmAckReceived"":false,""pendingAlarm"":false,""pendingSaveRequired"":false,""persistenceFaultHold"":false,""completionReason"":""session_done""},""bootHealth"":{""adsReady"":true,""adsDrdyLevel"":0,""adsDrdyPulldownLevel"":0,""adsDrdyPullupLevel"":0,""adsMisoPulldownLevel"":0,""adsMisoPullupLevel"":1,""adsCsLevel"":1,""adsSyncLevel"":1,""adsStatus"":54,""adsMux"":15,""adsAdcon"":6,""adsDrate"":240,""adsReason"":""ok"",""tcaOk"":true,""mcpOkCount"":8,""mcpOk"":[true,true,true,true,true,true,true,true],""mcpAddrMask"":[1,1,1,1,1,1,1,1],""mcpControlTested"":true,""mcpControlOkCount"":8,""mcpControlOk"":[true,true,true,true,true,true,true,true],""dacReady"":true,""radioReady"":true,""mlReady"":true,""nullingProfileApplied"":true,""modelProfileReady"":false},""runtimeMcpCode"":[255,519,795,706,799,865,665,139],""model"":{""profileId"":""cnn-dualbranch-datasheet-v1-unbound"",""scalerProfileId"":""cnn-dualbranch-datasheet-v1-unbound"",""productionApproved"":true,""boundNullingProfileId"":8,""activeNullingProfileId"":9,""bindingValid"":true,""bindingModelMatches"":true,""profileReady"":false,""inferenceValid"":false,""sensorFault"":true},""lora"":{""beginState"":0,""lastTxState"":0,""lastTxOk"":false,""txSeq"":0,""txCounter"":0,""aesKeyProvisioned"":true,""aesKeyPresent"":true,""aesKeySource"":""nvs"",""keyId"":1,""lastDownlinkCommandId"":0,""freqMHz"":920,""bwKHz"":125,""sf"":7,""cr"":5,""syncWord"":18,""txPowerDbm"":17,""preamble"":8,""tcxoVoltage"":1.600000024,""xtalVoltage"":0},""dataset"":{""state"":""idle"",""step"":""idle"",""label"":"""",""seq"":0,""targetSamples"":0,""sampleIntervalMs"":500,""maxDurationMs"":0,""useFanIntake"":true,""fanOnMs"":1000,""postFanSettleMs"":0,""nullingProfileId"":9,""queuePending"":0,""queueCapacity"":16,""queueEnqueued"":0,""queueDropped"":0,""publishFailCount"":0,""retryCount"":0,""retryFailCount"":0,""rejectedSamples"":0,""lastRejectReason"":""none"",""lastRejectChannel"":-1,""lastRejectOkFiniteCount"":0,""lastRejectStatus"":255,""lastRejectGain"":0,""lastRejectSaturated"":false},""recovery"":{""wifiReconnectCount"":0,""wifiReconnectFailCount"":0,""mqttReconnectCount"":0,""mqttConnectFailCount"":0,""lastMqttState"":0,""adsRecoveryCount"":0,""adsRecoveryFailCount"":0,""adsReadFailStreak"":0,""lastReason"":""none"",""lastRecoveryMs"":0,""bootRecoveryArmed"":false,""bootRecoveryDueMs"":0,""bootRecoveryReason"":""none"",""bootRecoveryNonAdsFailure"":false,""bootRecoveryRestartCount"":0},""nulling"":{""done"":false,""retryArmed"":false,""attemptCount"":0,""nextRetryMs"":0,""thresholdV"":9.999999747E-06,""minFinalV"":0},""telemetry"":{""valid"":true,""sampleMs"":7057976,""gasClass"":6,""gasName"":""CO2"",""confidence"":0,""alarm"":false,""sensorVoltage"":[0.123700581,0.003995687,0.004763501,-0.002693211,-0.009206955,-0.011655008,-0.019435566,-0.025220618],""sensorGain"":[16,64,64,64,64,64,64,64],""sensorStatus"":[0,0,0,0,0,0,0,0],""featureOrder"":[""MQ8"",""MQ135"",""MQ3"",""MQ5"",""MQ4"",""MQ7"",""MQ6"",""MQ2""]},""alarmLatched"":false}"
2026-08-04 11:18:42.787 +07:00,681.650,HOT_SWEEP_70,70,700,300,1,0,0.123700872,0.003973936,0.0047524,-0.002688589,-0.009179267,-0.011648437,-0.01939824,-0.025283169,"{""deviceId"":""1001"",""nodeId"":4097,""targetChId"":""0010"",""mode"":""inference"",""uptimeMs"":7059098,""debugEnabled"":true,""power"":{""mode"":""24v"",""externalPower"":true,""batteryMv"":65535,""batteryValid"":false,""batteryDetected"":false,""batterySenseStatus"":""not_detected"",""batteryLow"":false,""batteryCritical"":false,""sourceAmbiguous"":false,""serviceHoldActive"":false,""serviceHoldEffective"":false},""batterySession"":{""state"":""inactive"",""startedMs"":0,""stateStartedMs"":0,""validSampleBatches"":0,""requiredSampleBatches"":10,""alarmTxAttempts"":0,""alarmTxAttemptLimit"":3,""alarmAckReceived"":false,""pendingAlarm"":false,""pendingSaveRequired"":false,""persistenceFaultHold"":false,""completionReason"":""session_done""},""bootHealth"":{""adsReady"":true,""adsDrdyLevel"":0,""adsDrdyPulldownLevel"":0,""adsDrdyPullupLevel"":0,""adsMisoPulldownLevel"":0,""adsMisoPullupLevel"":1,""adsCsLevel"":1,""adsSyncLevel"":1,""adsStatus"":54,""adsMux"":15,""adsAdcon"":6,""adsDrate"":240,""adsReason"":""ok"",""tcaOk"":true,""mcpOkCount"":8,""mcpOk"":[true,true,true,true,true,true,true,true],""mcpAddrMask"":[1,1,1,1,1,1,1,1],""mcpControlTested"":true,""mcpControlOkCount"":8,""mcpControlOk"":[true,true,true,true,true,true,true,true],""dacReady"":true,""radioReady"":true,""mlReady"":true,""nullingProfileApplied"":true,""modelProfileReady"":false},""runtimeMcpCode"":[255,519,795,706,799,865,665,139],""model"":{""profileId"":""cnn-dualbranch-datasheet-v1-unbound"",""scalerProfileId"":""cnn-dualbranch-datasheet-v1-unbound"",""productionApproved"":true,""boundNullingProfileId"":8,""activeNullingProfileId"":9,""bindingValid"":true,""bindingModelMatches"":true,""profileReady"":false,""inferenceValid"":false,""sensorFault"":true},""lora"":{""beginState"":0,""lastTxState"":0,""lastTxOk"":false,""txSeq"":0,""txCounter"":0,""aesKeyProvisioned"":true,""aesKeyPresent"":true,""aesKeySource"":""nvs"",""keyId"":1,""lastDownlinkCommandId"":0,""freqMHz"":920,""bwKHz"":125,""sf"":7,""cr"":5,""syncWord"":18,""txPowerDbm"":17,""preamble"":8,""tcxoVoltage"":1.600000024,""xtalVoltage"":0},""dataset"":{""state"":""idle"",""step"":""idle"",""label"":"""",""seq"":0,""targetSamples"":0,""sampleIntervalMs"":500,""maxDurationMs"":0,""useFanIntake"":true,""fanOnMs"":1000,""postFanSettleMs"":0,""nullingProfileId"":9,""queuePending"":0,""queueCapacity"":16,""queueEnqueued"":0,""queueDropped"":0,""publishFailCount"":0,""retryCount"":0,""retryFailCount"":0,""rejectedSamples"":0,""lastRejectReason"":""none"",""lastRejectChannel"":-1,""lastRejectOkFiniteCount"":0,""lastRejectStatus"":255,""lastRejectGain"":0,""lastRejectSaturated"":false},""recovery"":{""wifiReconnectCount"":0,""wifiReconnectFailCount"":0,""mqttReconnectCount"":0,""mqttConnectFailCount"":0,""lastMqttState"":0,""adsRecoveryCount"":0,""adsRecoveryFailCount"":0,""adsReadFailStreak"":0,""lastReason"":""none"",""lastRecoveryMs"":0,""bootRecoveryArmed"":false,""bootRecoveryDueMs"":0,""bootRecoveryReason"":""none"",""bootRecoveryNonAdsFailure"":false,""bootRecoveryRestartCount"":0},""nulling"":{""done"":false,""retryArmed"":false,""attemptCount"":0,""nextRetryMs"":0,""thresholdV"":9.999999747E-06,""minFinalV"":0},""telemetry"":{""valid"":true,""sampleMs"":7058675,""gasClass"":6,""gasName"":""CO2"",""confidence"":0,""alarm"":false,""sensorVoltage"":[0.123700872,0.003973936,0.0047524,-0.002688589,-0.009179267,-0.011648437,-0.01939824,-0.025283169],""sensorGain"":[16,64,64,64,64,64,64,64],""sensorStatus"":[0,0,0,0,0,0,0,0],""featureOrder"":[""MQ8"",""MQ135"",""MQ3"",""MQ5"",""MQ4"",""MQ7"",""MQ6"",""MQ2""]},""alarmLatched"":false}"
2026-08-04 11:18:43.477 +07:00,682.356,HOT_SWEEP_70,70,700,300,1,0,0.123724267,0.003967949,0.004751154,-0.002621129,-0.009328768,-0.011636592,-0.019403458,-0.025398847,"{""deviceId"":""1001"",""nodeId"":4097,""targetChId"":""0010"",""mode"":""inference"",""uptimeMs"":7059797,""debugEnabled"":true,""power"":{""mode"":""24v"",""externalPower"":true,""batteryMv"":65535,""batteryValid"":false,""batteryDetected"":false,""batterySenseStatus"":""not_detected"",""batteryLow"":false,""batteryCritical"":false,""sourceAmbiguous"":false,""serviceHoldActive"":false,""serviceHoldEffective"":false},""batterySession"":{""state"":""inactive"",""startedMs"":0,""stateStartedMs"":0,""validSampleBatches"":0,""requiredSampleBatches"":10,""alarmTxAttempts"":0,""alarmTxAttemptLimit"":3,""alarmAckReceived"":false,""pendingAlarm"":false,""pendingSaveRequired"":false,""persistenceFaultHold"":false,""completionReason"":""session_done""},""bootHealth"":{""adsReady"":true,""adsDrdyLevel"":0,""adsDrdyPulldownLevel"":0,""adsDrdyPullupLevel"":0,""adsMisoPulldownLevel"":0,""adsMisoPullupLevel"":1,""adsCsLevel"":1,""adsSyncLevel"":1,""adsStatus"":54,""adsMux"":15,""adsAdcon"":6,""adsDrate"":240,""adsReason"":""ok"",""tcaOk"":true,""mcpOkCount"":8,""mcpOk"":[true,true,true,true,true,true,true,true],""mcpAddrMask"":[1,1,1,1,1,1,1,1],""mcpControlTested"":true,""mcpControlOkCount"":8,""mcpControlOk"":[true,true,true,true,true,true,true,true],""dacReady"":true,""radioReady"":true,""mlReady"":true,""nullingProfileApplied"":true,""modelProfileReady"":false},""runtimeMcpCode"":[255,519,795,706,799,865,665,139],""model"":{""profileId"":""cnn-dualbranch-datasheet-v1-unbound"",""scalerProfileId"":""cnn-dualbranch-datasheet-v1-unbound"",""productionApproved"":true,""boundNullingProfileId"":8,""activeNullingProfileId"":9,""bindingValid"":true,""bindingModelMatches"":true,""profileReady"":false,""inferenceValid"":false,""sensorFault"":true},""lora"":{""beginState"":0,""lastTxState"":0,""lastTxOk"":false,""txSeq"":0,""txCounter"":0,""aesKeyProvisioned"":true,""aesKeyPresent"":true,""aesKeySource"":""nvs"",""keyId"":1,""lastDownlinkCommandId"":0,""freqMHz"":920,""bwKHz"":125,""sf"":7,""cr"":5,""syncWord"":18,""txPowerDbm"":17,""preamble"":8,""tcxoVoltage"":1.600000024,""xtalVoltage"":0},""dataset"":{""state"":""idle"",""step"":""idle"",""label"":"""",""seq"":0,""targetSamples"":0,""sampleIntervalMs"":500,""maxDurationMs"":0,""useFanIntake"":true,""fanOnMs"":1000,""postFanSettleMs"":0,""nullingProfileId"":9,""queuePending"":0,""queueCapacity"":16,""queueEnqueued"":0,""queueDropped"":0,""publishFailCount"":0,""retryCount"":0,""retryFailCount"":0,""rejectedSamples"":0,""lastRejectReason"":""none"",""lastRejectChannel"":-1,""lastRejectOkFiniteCount"":0,""lastRejectStatus"":255,""lastRejectGain"":0,""lastRejectSaturated"":false},""recovery"":{""wifiReconnectCount"":0,""wifiReconnectFailCount"":0,""mqttReconnectCount"":0,""mqttConnectFailCount"":0,""lastMqttState"":0,""adsRecoveryCount"":0,""adsRecoveryFailCount"":0,""adsReadFailStreak"":0,""lastReason"":""none"",""lastRecoveryMs"":0,""bootRecoveryArmed"":false,""bootRecoveryDueMs"":0,""bootRecoveryReason"":""none"",""bootRecoveryNonAdsFailure"":false,""bootRecoveryRestartCount"":0},""nulling"":{""done"":false,""retryArmed"":false,""attemptCount"":0,""nextRetryMs"":0,""thresholdV"":9.999999747E-06,""minFinalV"":0},""telemetry"":{""valid"":true,""sampleMs"":7059408,""gasClass"":6,""gasName"":""CO2"",""confidence"":0,""alarm"":false,""sensorVoltage"":[0.123724267,0.003967949,0.004751154,-0.002621129,-0.009328768,-0.011636592,-0.019403458,-0.025398847],""sensorGain"":[16,64,64,64,64,64,64,64],""sensorStatus"":[0,0,0,0,0,0,0,0],""featureOrder"":[""MQ8"",""MQ135"",""MQ3"",""MQ5"",""MQ4"",""MQ7"",""MQ6"",""MQ2""]},""alarmLatched"":false}"
2026-08-04 11:18:44.198 +07:00,683.079,HOT_SWEEP_70,70,700,300,1,0,0.123337708,0.004022633,0.004749116,-0.002604483,-0.009555462,-0.011834708,-0.019353557,-0.025404572,"{""deviceId"":""1001"",""nodeId"":4097,""targetChId"":""0010"",""mode"":""inference"",""uptimeMs"":7060519,""debugEnabled"":true,""power"":{""mode"":""24v"",""externalPower"":true,""batteryMv"":65535,""batteryValid"":false,""batteryDetected"":false,""batterySenseStatus"":""not_detected"",""batteryLow"":false,""batteryCritical"":false,""sourceAmbiguous"":false,""serviceHoldActive"":false,""serviceHoldEffective"":false},""batterySession"":{""state"":""inactive"",""startedMs"":0,""stateStartedMs"":0,""validSampleBatches"":0,""requiredSampleBatches"":10,""alarmTxAttempts"":0,""alarmTxAttemptLimit"":3,""alarmAckReceived"":false,""pendingAlarm"":false,""pendingSaveRequired"":false,""persistenceFaultHold"":false,""completionReason"":""session_done""},""bootHealth"":{""adsReady"":true,""adsDrdyLevel"":0,""adsDrdyPulldownLevel"":0,""adsDrdyPullupLevel"":0,""adsMisoPulldownLevel"":0,""adsMisoPullupLevel"":1,""adsCsLevel"":1,""adsSyncLevel"":1,""adsStatus"":54,""adsMux"":15,""adsAdcon"":6,""adsDrate"":240,""adsReason"":""ok"",""tcaOk"":true,""mcpOkCount"":8,""mcpOk"":[true,true,true,true,true,true,true,true],""mcpAddrMask"":[1,1,1,1,1,1,1,1],""mcpControlTested"":true,""mcpControlOkCount"":8,""mcpControlOk"":[true,true,true,true,true,true,true,true],""dacReady"":true,""radioReady"":true,""mlReady"":true,""nullingProfileApplied"":true,""modelProfileReady"":false},""runtimeMcpCode"":[255,519,795,706,799,865,665,139],""model"":{""profileId"":""cnn-dualbranch-datasheet-v1-unbound"",""scalerProfileId"":""cnn-dualbranch-datasheet-v1-unbound"",""productionApproved"":true,""boundNullingProfileId"":8,""activeNullingProfileId"":9,""bindingValid"":true,""bindingModelMatches"":true,""profileReady"":false,""inferenceValid"":false,""sensorFault"":true},""lora"":{""beginState"":0,""lastTxState"":0,""lastTxOk"":false,""txSeq"":0,""txCounter"":0,""aesKeyProvisioned"":true,""aesKeyPresent"":true,""aesKeySource"":""nvs"",""keyId"":1,""lastDownlinkCommandId"":0,""freqMHz"":920,""bwKHz"":125,""sf"":7,""cr"":5,""syncWord"":18,""txPowerDbm"":17,""preamble"":8,""tcxoVoltage"":1.600000024,""xtalVoltage"":0},""dataset"":{""state"":""idle"",""step"":""idle"",""label"":"""",""seq"":0,""targetSamples"":0,""sampleIntervalMs"":500,""maxDurationMs"":0,""useFanIntake"":true,""fanOnMs"":1000,""postFanSettleMs"":0,""nullingProfileId"":9,""queuePending"":0,""queueCapacity"":16,""queueEnqueued"":0,""queueDropped"":0,""publishFailCount"":0,""retryCount"":0,""retryFailCount"":0,""rejectedSamples"":0,""lastRejectReason"":""none"",""lastRejectChannel"":-1,""lastRejectOkFiniteCount"":0,""lastRejectStatus"":255,""lastRejectGain"":0,""lastRejectSaturated"":false},""recovery"":{""wifiReconnectCount"":0,""wifiReconnectFailCount"":0,""mqttReconnectCount"":0,""mqttConnectFailCount"":0,""lastMqttState"":0,""adsRecoveryCount"":0,""adsRecoveryFailCount"":0,""adsReadFailStreak"":0,""lastReason"":""none"",""lastRecoveryMs"":0,""bootRecoveryArmed"":false,""bootRecoveryDueMs"":0,""bootRecoveryReason"":""none"",""bootRecoveryNonAdsFailure"":false,""bootRecoveryRestartCount"":0},""nulling"":{""done"":false,""retryArmed"":false,""attemptCount"":0,""nextRetryMs"":0,""thresholdV"":9.999999747E-06,""minFinalV"":0},""telemetry"":{""valid"":true,""sampleMs"":7060075,""gasClass"":6,""gasName"":""CO2"",""confidence"":0,""alarm"":false,""sensorVoltage"":[0.123337708,0.004022633,0.004749116,-0.002604483,-0.009555462,-0.011834708,-0.019353557,-0.025404572],""sensorGain"":[16,64,64,64,64,64,64,64],""sensorStatus"":[0,0,0,0,0,0,0,0],""featureOrder"":[""MQ8"",""MQ135"",""MQ3"",""MQ5"",""MQ4"",""MQ7"",""MQ6"",""MQ2""]},""alarmLatched"":false}"
2026-08-04 11:18:44.900 +07:00,683.765,HOT_SWEEP_70,70,700,300,1,0,0.123691753,0.004018712,0.004686452,-0.002592432,-0.009537621,-0.011840788999999999,-0.019348167,-0.025404107,"{""deviceId"":""1001"",""nodeId"":4097,""targetChId"":""0010"",""mode"":""inference"",""uptimeMs"":7061208,""debugEnabled"":true,""power"":{""mode"":""24v"",""externalPower"":true,""batteryMv"":65535,""batteryValid"":false,""batteryDetected"":false,""batterySenseStatus"":""not_detected"",""batteryLow"":false,""batteryCritical"":false,""sourceAmbiguous"":false,""serviceHoldActive"":false,""serviceHoldEffective"":false},""batterySession"":{""state"":""inactive"",""startedMs"":0,""stateStartedMs"":0,""validSampleBatches"":0,""requiredSampleBatches"":10,""alarmTxAttempts"":0,""alarmTxAttemptLimit"":3,""alarmAckReceived"":false,""pendingAlarm"":false,""pendingSaveRequired"":false,""persistenceFaultHold"":false,""completionReason"":""session_done""},""bootHealth"":{""adsReady"":true,""adsDrdyLevel"":0,""adsDrdyPulldownLevel"":0,""adsDrdyPullupLevel"":0,""adsMisoPulldownLevel"":0,""adsMisoPullupLevel"":1,""adsCsLevel"":1,""adsSyncLevel"":1,""adsStatus"":54,""adsMux"":15,""adsAdcon"":6,""adsDrate"":240,""adsReason"":""ok"",""tcaOk"":true,""mcpOkCount"":8,""mcpOk"":[true,true,true,true,true,true,true,true],""mcpAddrMask"":[1,1,1,1,1,1,1,1],""mcpControlTested"":true,""mcpControlOkCount"":8,""mcpControlOk"":[true,true,true,true,true,true,true,true],""dacReady"":true,""radioReady"":true,""mlReady"":true,""nullingProfileApplied"":true,""modelProfileReady"":false},""runtimeMcpCode"":[255,519,795,706,799,865,665,139],""model"":{""profileId"":""cnn-dualbranch-datasheet-v1-unbound"",""scalerProfileId"":""cnn-dualbranch-datasheet-v1-unbound"",""productionApproved"":true,""boundNullingProfileId"":8,""activeNullingProfileId"":9,""bindingValid"":true,""bindingModelMatches"":true,""profileReady"":false,""inferenceValid"":false,""sensorFault"":true},""lora"":{""beginState"":0,""lastTxState"":0,""lastTxOk"":false,""txSeq"":0,""txCounter"":0,""aesKeyProvisioned"":true,""aesKeyPresent"":true,""aesKeySource"":""nvs"",""keyId"":1,""lastDownlinkCommandId"":0,""freqMHz"":920,""bwKHz"":125,""sf"":7,""cr"":5,""syncWord"":18,""txPowerDbm"":17,""preamble"":8,""tcxoVoltage"":1.600000024,""xtalVoltage"":0},""dataset"":{""state"":""idle"",""step"":""idle"",""label"":"""",""seq"":0,""targetSamples"":0,""sampleIntervalMs"":500,""maxDurationMs"":0,""useFanIntake"":true,""fanOnMs"":1000,""postFanSettleMs"":0,""nullingProfileId"":9,""queuePending"":0,""queueCapacity"":16,""queueEnqueued"":0,""queueDropped"":0,""publishFailCount"":0,""retryCount"":0,""retryFailCount"":0,""rejectedSamples"":0,""lastRejectReason"":""none"",""lastRejectChannel"":-1,""lastRejectOkFiniteCount"":0,""lastRejectStatus"":255,""lastRejectGain"":0,""lastRejectSaturated"":false},""recovery"":{""wifiReconnectCount"":0,""wifiReconnectFailCount"":0,""mqttReconnectCount"":0,""mqttConnectFailCount"":0,""lastMqttState"":0,""adsRecoveryCount"":0,""adsRecoveryFailCount"":0,""adsReadFailStreak"":0,""lastReason"":""none"",""lastRecoveryMs"":0,""bootRecoveryArmed"":false,""bootRecoveryDueMs"":0,""bootRecoveryReason"":""none"",""bootRecoveryNonAdsFailure"":false,""bootRecoveryRestartCount"":0},""nulling"":{""done"":false,""retryArmed"":false,""attemptCount"":0,""nextRetryMs"":0,""thresholdV"":9.999999747E-06,""minFinalV"":0},""telemetry"":{""valid"":true,""sampleMs"":7060797,""gasClass"":6,""gasName"":""CO2"",""confidence"":0,""alarm"":false,""sensorVoltage"":[0.123691753,0.004018712,0.004686452,-0.002592432,-0.009537621,-0.011840789,-0.019348167,-0.025404107],""sensorGain"":[16,64,64,64,64,64,64,64],""sensorStatus"":[0,0,0,0,0,0,0,0],""featureOrder"":[""MQ8"",""MQ135"",""MQ3"",""MQ5"",""MQ4"",""MQ7"",""MQ6"",""MQ2""]},""alarmLatched"":false}"
2026-08-04 11:18:45.605 +07:00,684.471,HOT_SWEEP_70,70,700,300,1,0,0.123303667,0.00403376,0.004688367,-0.002596434,-0.009552964,-0.011812709,-0.019363593,-0.025404701,"{""deviceId"":""1001"",""nodeId"":4097,""targetChId"":""0010"",""mode"":""inference"",""uptimeMs"":7061910,""debugEnabled"":true,""power"":{""mode"":""24v"",""externalPower"":true,""batteryMv"":65535,""batteryValid"":false,""batteryDetected"":false,""batterySenseStatus"":""not_detected"",""batteryLow"":false,""batteryCritical"":false,""sourceAmbiguous"":false,""serviceHoldActive"":false,""serviceHoldEffective"":false},""batterySession"":{""state"":""inactive"",""startedMs"":0,""stateStartedMs"":0,""validSampleBatches"":0,""requiredSampleBatches"":10,""alarmTxAttempts"":0,""alarmTxAttemptLimit"":3,""alarmAckReceived"":false,""pendingAlarm"":false,""pendingSaveRequired"":false,""persistenceFaultHold"":false,""completionReason"":""session_done""},""bootHealth"":{""adsReady"":true,""adsDrdyLevel"":0,""adsDrdyPulldownLevel"":0,""adsDrdyPullupLevel"":0,""adsMisoPulldownLevel"":0,""adsMisoPullupLevel"":1,""adsCsLevel"":1,""adsSyncLevel"":1,""adsStatus"":54,""adsMux"":15,""adsAdcon"":6,""adsDrate"":240,""adsReason"":""ok"",""tcaOk"":true,""mcpOkCount"":8,""mcpOk"":[true,true,true,true,true,true,true,true],""mcpAddrMask"":[1,1,1,1,1,1,1,1],""mcpControlTested"":true,""mcpControlOkCount"":8,""mcpControlOk"":[true,true,true,true,true,true,true,true],""dacReady"":true,""radioReady"":true,""mlReady"":true,""nullingProfileApplied"":true,""modelProfileReady"":false},""runtimeMcpCode"":[255,519,795,706,799,865,665,139],""model"":{""profileId"":""cnn-dualbranch-datasheet-v1-unbound"",""scalerProfileId"":""cnn-dualbranch-datasheet-v1-unbound"",""productionApproved"":true,""boundNullingProfileId"":8,""activeNullingProfileId"":9,""bindingValid"":true,""bindingModelMatches"":true,""profileReady"":false,""inferenceValid"":false,""sensorFault"":true},""lora"":{""beginState"":0,""lastTxState"":0,""lastTxOk"":false,""txSeq"":0,""txCounter"":0,""aesKeyProvisioned"":true,""aesKeyPresent"":true,""aesKeySource"":""nvs"",""keyId"":1,""lastDownlinkCommandId"":0,""freqMHz"":920,""bwKHz"":125,""sf"":7,""cr"":5,""syncWord"":18,""txPowerDbm"":17,""preamble"":8,""tcxoVoltage"":1.600000024,""xtalVoltage"":0},""dataset"":{""state"":""idle"",""step"":""idle"",""label"":"""",""seq"":0,""targetSamples"":0,""sampleIntervalMs"":500,""maxDurationMs"":0,""useFanIntake"":true,""fanOnMs"":1000,""postFanSettleMs"":0,""nullingProfileId"":9,""queuePending"":0,""queueCapacity"":16,""queueEnqueued"":0,""queueDropped"":0,""publishFailCount"":0,""retryCount"":0,""retryFailCount"":0,""rejectedSamples"":0,""lastRejectReason"":""none"",""lastRejectChannel"":-1,""lastRejectOkFiniteCount"":0,""lastRejectStatus"":255,""lastRejectGain"":0,""lastRejectSaturated"":false},""recovery"":{""wifiReconnectCount"":0,""wifiReconnectFailCount"":0,""mqttReconnectCount"":0,""mqttConnectFailCount"":0,""lastMqttState"":0,""adsRecoveryCount"":0,""adsRecoveryFailCount"":0,""adsReadFailStreak"":0,""lastReason"":""none"",""lastRecoveryMs"":0,""bootRecoveryArmed"":false,""bootRecoveryDueMs"":0,""bootRecoveryReason"":""none"",""bootRecoveryNonAdsFailure"":false,""bootRecoveryRestartCount"":0},""nulling"":{""done"":false,""retryArmed"":false,""attemptCount"":0,""nextRetryMs"":0,""thresholdV"":9.999999747E-06,""minFinalV"":0},""telemetry"":{""valid"":true,""sampleMs"":7061518,""gasClass"":6,""gasName"":""CO2"",""confidence"":0,""alarm"":false,""sensorVoltage"":[0.123303667,0.00403376,0.004688367,-0.002596434,-0.009552964,-0.011812709,-0.019363593,-0.025404701],""sensorGain"":[16,64,64,64,64,64,64,64],""sensorStatus"":[0,0,0,0,0,0,0,0],""featureOrder"":[""MQ8"",""MQ135"",""MQ3"",""MQ5"",""MQ4"",""MQ7"",""MQ6"",""MQ2""]},""alarmLatched"":false}"
2026-08-04 11:18:46.290 +07:00,685.169,HOT_SWEEP_70,70,700,300,1,0,0.123321928,0.003992716,0.004685938,-0.002628394,-0.00960132,-0.011770051,-0.019368444,-0.025389355,"{""deviceId"":""1001"",""nodeId"":4097,""targetChId"":""0010"",""mode"":""inference"",""uptimeMs"":7062609,""debugEnabled"":true,""power"":{""mode"":""24v"",""externalPower"":true,""batteryMv"":65535,""batteryValid"":false,""batteryDetected"":false,""batterySenseStatus"":""not_detected"",""batteryLow"":false,""batteryCritical"":false,""sourceAmbiguous"":false,""serviceHoldActive"":false,""serviceHoldEffective"":false},""batterySession"":{""state"":""inactive"",""startedMs"":0,""stateStartedMs"":0,""validSampleBatches"":0,""requiredSampleBatches"":10,""alarmTxAttempts"":0,""alarmTxAttemptLimit"":3,""alarmAckReceived"":false,""pendingAlarm"":false,""pendingSaveRequired"":false,""persistenceFaultHold"":false,""completionReason"":""session_done""},""bootHealth"":{""adsReady"":true,""adsDrdyLevel"":0,""adsDrdyPulldownLevel"":0,""adsDrdyPullupLevel"":0,""adsMisoPulldownLevel"":0,""adsMisoPullupLevel"":1,""adsCsLevel"":1,""adsSyncLevel"":1,""adsStatus"":54,""adsMux"":15,""adsAdcon"":6,""adsDrate"":240,""adsReason"":""ok"",""tcaOk"":true,""mcpOkCount"":8,""mcpOk"":[true,true,true,true,true,true,true,true],""mcpAddrMask"":[1,1,1,1,1,1,1,1],""mcpControlTested"":true,""mcpControlOkCount"":8,""mcpControlOk"":[true,true,true,true,true,true,true,true],""dacReady"":true,""radioReady"":true,""mlReady"":true,""nullingProfileApplied"":true,""modelProfileReady"":false},""runtimeMcpCode"":[255,519,795,706,799,865,665,139],""model"":{""profileId"":""cnn-dualbranch-datasheet-v1-unbound"",""scalerProfileId"":""cnn-dualbranch-datasheet-v1-unbound"",""productionApproved"":true,""boundNullingProfileId"":8,""activeNullingProfileId"":9,""bindingValid"":true,""bindingModelMatches"":true,""profileReady"":false,""inferenceValid"":false,""sensorFault"":true},""lora"":{""beginState"":0,""lastTxState"":0,""lastTxOk"":false,""txSeq"":0,""txCounter"":0,""aesKeyProvisioned"":true,""aesKeyPresent"":true,""aesKeySource"":""nvs"",""keyId"":1,""lastDownlinkCommandId"":0,""freqMHz"":920,""bwKHz"":125,""sf"":7,""cr"":5,""syncWord"":18,""txPowerDbm"":17,""preamble"":8,""tcxoVoltage"":1.600000024,""xtalVoltage"":0},""dataset"":{""state"":""idle"",""step"":""idle"",""label"":"""",""seq"":0,""targetSamples"":0,""sampleIntervalMs"":500,""maxDurationMs"":0,""useFanIntake"":true,""fanOnMs"":1000,""postFanSettleMs"":0,""nullingProfileId"":9,""queuePending"":0,""queueCapacity"":16,""queueEnqueued"":0,""queueDropped"":0,""publishFailCount"":0,""retryCount"":0,""retryFailCount"":0,""rejectedSamples"":0,""lastRejectReason"":""none"",""lastRejectChannel"":-1,""lastRejectOkFiniteCount"":0,""lastRejectStatus"":255,""lastRejectGain"":0,""lastRejectSaturated"":false},""recovery"":{""wifiReconnectCount"":0,""wifiReconnectFailCount"":0,""mqttReconnectCount"":0,""mqttConnectFailCount"":0,""lastMqttState"":0,""adsRecoveryCount"":0,""adsRecoveryFailCount"":0,""adsReadFailStreak"":0,""lastReason"":""none"",""lastRecoveryMs"":0,""bootRecoveryArmed"":false,""bootRecoveryDueMs"":0,""bootRecoveryReason"":""none"",""bootRecoveryNonAdsFailure"":false,""bootRecoveryRestartCount"":0},""nulling"":{""done"":false,""retryArmed"":false,""attemptCount"":0,""nextRetryMs"":0,""thresholdV"":9.999999747E-06,""minFinalV"":0},""telemetry"":{""valid"":true,""sampleMs"":7062188,""gasClass"":6,""gasName"":""CO2"",""confidence"":0,""alarm"":false,""sensorVoltage"":[0.123321928,0.003992716,0.004685938,-0.002628394,-0.00960132,-0.011770051,-0.019368444,-0.025389355],""sensorGain"":[16,64,64,64,64,64,64,64],""sensorStatus"":[0,0,0,0,0,0,0,0],""featureOrder"":[""MQ8"",""MQ135"",""MQ3"",""MQ5"",""MQ4"",""MQ7"",""MQ6"",""MQ2""]},""alarmLatched"":false}"
2026-08-04 11:18:46.982 +07:00,685.849,HOT_SWEEP_70,70,700,300,1,0,0.123372056,0.004022522,0.004762865,-0.00261164,-0.009577306,-0.011776253,-0.019370932,-0.025382504,"{""deviceId"":""1001"",""nodeId"":4097,""targetChId"":""0010"",""mode"":""inference"",""uptimeMs"":7063296,""debugEnabled"":true,""power"":{""mode"":""24v"",""externalPower"":true,""batteryMv"":65535,""batteryValid"":false,""batteryDetected"":false,""batterySenseStatus"":""not_detected"",""batteryLow"":false,""batteryCritical"":false,""sourceAmbiguous"":false,""serviceHoldActive"":false,""serviceHoldEffective"":false},""batterySession"":{""state"":""inactive"",""startedMs"":0,""stateStartedMs"":0,""validSampleBatches"":0,""requiredSampleBatches"":10,""alarmTxAttempts"":0,""alarmTxAttemptLimit"":3,""alarmAckReceived"":false,""pendingAlarm"":false,""pendingSaveRequired"":false,""persistenceFaultHold"":false,""completionReason"":""session_done""},""bootHealth"":{""adsReady"":true,""adsDrdyLevel"":0,""adsDrdyPulldownLevel"":0,""adsDrdyPullupLevel"":0,""adsMisoPulldownLevel"":0,""adsMisoPullupLevel"":1,""adsCsLevel"":1,""adsSyncLevel"":1,""adsStatus"":54,""adsMux"":15,""adsAdcon"":6,""adsDrate"":240,""adsReason"":""ok"",""tcaOk"":true,""mcpOkCount"":8,""mcpOk"":[true,true,true,true,true,true,true,true],""mcpAddrMask"":[1,1,1,1,1,1,1,1],""mcpControlTested"":true,""mcpControlOkCount"":8,""mcpControlOk"":[true,true,true,true,true,true,true,true],""dacReady"":true,""radioReady"":true,""mlReady"":true,""nullingProfileApplied"":true,""modelProfileReady"":false},""runtimeMcpCode"":[255,519,795,706,799,865,665,139],""model"":{""profileId"":""cnn-dualbranch-datasheet-v1-unbound"",""scalerProfileId"":""cnn-dualbranch-datasheet-v1-unbound"",""productionApproved"":true,""boundNullingProfileId"":8,""activeNullingProfileId"":9,""bindingValid"":true,""bindingModelMatches"":true,""profileReady"":false,""inferenceValid"":false,""sensorFault"":true},""lora"":{""beginState"":0,""lastTxState"":0,""lastTxOk"":false,""txSeq"":0,""txCounter"":0,""aesKeyProvisioned"":true,""aesKeyPresent"":true,""aesKeySource"":""nvs"",""keyId"":1,""lastDownlinkCommandId"":0,""freqMHz"":920,""bwKHz"":125,""sf"":7,""cr"":5,""syncWord"":18,""txPowerDbm"":17,""preamble"":8,""tcxoVoltage"":1.600000024,""xtalVoltage"":0},""dataset"":{""state"":""idle"",""step"":""idle"",""label"":"""",""seq"":0,""targetSamples"":0,""sampleIntervalMs"":500,""maxDurationMs"":0,""useFanIntake"":true,""fanOnMs"":1000,""postFanSettleMs"":0,""nullingProfileId"":9,""queuePending"":0,""queueCapacity"":16,""queueEnqueued"":0,""queueDropped"":0,""publishFailCount"":0,""retryCount"":0,""retryFailCount"":0,""rejectedSamples"":0,""lastRejectReason"":""none"",""lastRejectChannel"":-1,""lastRejectOkFiniteCount"":0,""lastRejectStatus"":255,""lastRejectGain"":0,""lastRejectSaturated"":false},""recovery"":{""wifiReconnectCount"":0,""wifiReconnectFailCount"":0,""mqttReconnectCount"":0,""mqttConnectFailCount"":0,""lastMqttState"":0,""adsRecoveryCount"":0,""adsRecoveryFailCount"":0,""adsReadFailStreak"":0,""lastReason"":""none"",""lastRecoveryMs"":0,""bootRecoveryArmed"":false,""bootRecoveryDueMs"":0,""bootRecoveryReason"":""none"",""bootRecoveryNonAdsFailure"":false,""bootRecoveryRestartCount"":0},""nulling"":{""done"":false,""retryArmed"":false,""attemptCount"":0,""nextRetryMs"":0,""thresholdV"":9.999999747E-06,""minFinalV"":0},""telemetry"":{""valid"":true,""sampleMs"":7062887,""gasClass"":6,""gasName"":""CO2"",""confidence"":0,""alarm"":false,""sensorVoltage"":[0.123372056,0.004022522,0.004762865,-0.00261164,-0.009577306,-0.011776253,-0.019370932,-0.025382504],""sensorGain"":[16,64,64,64,64,64,64,64],""sensorStatus"":[0,0,0,0,0,0,0,0],""featureOrder"":[""MQ8"",""MQ135"",""MQ3"",""MQ5"",""MQ4"",""MQ7"",""MQ6"",""MQ2""]},""alarmLatched"":false}"
2026-08-04 11:18:47.681 +07:00,686.546,HOT_SWEEP_70,70,700,300,1,0,0.123350695,0.003977068,0.004768529,-0.002645365,-0.009525335,-0.011711607,-0.019352186,-0.025411382,"{""deviceId"":""1001"",""nodeId"":4097,""targetChId"":""0010"",""mode"":""inference"",""uptimeMs"":7063989,""debugEnabled"":true,""power"":{""mode"":""24v"",""externalPower"":true,""batteryMv"":65535,""batteryValid"":false,""batteryDetected"":false,""batterySenseStatus"":""not_detected"",""batteryLow"":false,""batteryCritical"":false,""sourceAmbiguous"":false,""serviceHoldActive"":false,""serviceHoldEffective"":false},""batterySession"":{""state"":""inactive"",""startedMs"":0,""stateStartedMs"":0,""validSampleBatches"":0,""requiredSampleBatches"":10,""alarmTxAttempts"":0,""alarmTxAttemptLimit"":3,""alarmAckReceived"":false,""pendingAlarm"":false,""pendingSaveRequired"":false,""persistenceFaultHold"":false,""completionReason"":""session_done""},""bootHealth"":{""adsReady"":true,""adsDrdyLevel"":0,""adsDrdyPulldownLevel"":0,""adsDrdyPullupLevel"":0,""adsMisoPulldownLevel"":0,""adsMisoPullupLevel"":1,""adsCsLevel"":1,""adsSyncLevel"":1,""adsStatus"":54,""adsMux"":15,""adsAdcon"":6,""adsDrate"":240,""adsReason"":""ok"",""tcaOk"":true,""mcpOkCount"":8,""mcpOk"":[true,true,true,true,true,true,true,true],""mcpAddrMask"":[1,1,1,1,1,1,1,1],""mcpControlTested"":true,""mcpControlOkCount"":8,""mcpControlOk"":[true,true,true,true,true,true,true,true],""dacReady"":true,""radioReady"":true,""mlReady"":true,""nullingProfileApplied"":true,""modelProfileReady"":false},""runtimeMcpCode"":[255,519,795,706,799,865,665,139],""model"":{""profileId"":""cnn-dualbranch-datasheet-v1-unbound"",""scalerProfileId"":""cnn-dualbranch-datasheet-v1-unbound"",""productionApproved"":true,""boundNullingProfileId"":8,""activeNullingProfileId"":9,""bindingValid"":true,""bindingModelMatches"":true,""profileReady"":false,""inferenceValid"":false,""sensorFault"":true},""lora"":{""beginState"":0,""lastTxState"":0,""lastTxOk"":false,""txSeq"":0,""txCounter"":0,""aesKeyProvisioned"":true,""aesKeyPresent"":true,""aesKeySource"":""nvs"",""keyId"":1,""lastDownlinkCommandId"":0,""freqMHz"":920,""bwKHz"":125,""sf"":7,""cr"":5,""syncWord"":18,""txPowerDbm"":17,""preamble"":8,""tcxoVoltage"":1.600000024,""xtalVoltage"":0},""dataset"":{""state"":""idle"",""step"":""idle"",""label"":"""",""seq"":0,""targetSamples"":0,""sampleIntervalMs"":500,""maxDurationMs"":0,""useFanIntake"":true,""fanOnMs"":1000,""postFanSettleMs"":0,""nullingProfileId"":9,""queuePending"":0,""queueCapacity"":16,""queueEnqueued"":0,""queueDropped"":0,""publishFailCount"":0,""retryCount"":0,""retryFailCount"":0,""rejectedSamples"":0,""lastRejectReason"":""none"",""lastRejectChannel"":-1,""lastRejectOkFiniteCount"":0,""lastRejectStatus"":255,""lastRejectGain"":0,""lastRejectSaturated"":false},""recovery"":{""wifiReconnectCount"":0,""wifiReconnectFailCount"":0,""mqttReconnectCount"":0,""mqttConnectFailCount"":0,""lastMqttState"":0,""adsRecoveryCount"":0,""adsRecoveryFailCount"":0,""adsReadFailStreak"":0,""lastReason"":""none"",""lastRecoveryMs"":0,""bootRecoveryArmed"":false,""bootRecoveryDueMs"":0,""bootRecoveryReason"":""none"",""bootRecoveryNonAdsFailure"":false,""bootRecoveryRestartCount"":0},""nulling"":{""done"":false,""retryArmed"":false,""attemptCount"":0,""nextRetryMs"":0,""thresholdV"":9.999999747E-06,""minFinalV"":0},""telemetry"":{""valid"":true,""sampleMs"":7063606,""gasClass"":6,""gasName"":""CO2"",""confidence"":0,""alarm"":false,""sensorVoltage"":[0.123350695,0.003977068,0.004768529,-0.002645365,-0.009525335,-0.011711607,-0.019352186,-0.025411382],""sensorGain"":[16,64,64,64,64,64,64,64],""sensorStatus"":[0,0,0,0,0,0,0,0],""featureOrder"":[""MQ8"",""MQ135"",""MQ3"",""MQ5"",""MQ4"",""MQ7"",""MQ6"",""MQ2""]},""alarmLatched"":false}"
2026-08-04 11:18:48.368 +07:00,687.249,HOT_SWEEP_70,70,700,300,1,0,0.12334837,0.003962988,0.004799244,-0.002592328,-0.009537594,-0.011750957,-0.019333493,-0.025452748,"{""deviceId"":""1001"",""nodeId"":4097,""targetChId"":""0010"",""mode"":""inference"",""uptimeMs"":7064692,""debugEnabled"":true,""power"":{""mode"":""24v"",""externalPower"":true,""batteryMv"":65535,""batteryValid"":false,""batteryDetected"":false,""batterySenseStatus"":""not_detected"",""batteryLow"":false,""batteryCritical"":false,""sourceAmbiguous"":false,""serviceHoldActive"":false,""serviceHoldEffective"":false},""batterySession"":{""state"":""inactive"",""startedMs"":0,""stateStartedMs"":0,""validSampleBatches"":0,""requiredSampleBatches"":10,""alarmTxAttempts"":0,""alarmTxAttemptLimit"":3,""alarmAckReceived"":false,""pendingAlarm"":false,""pendingSaveRequired"":false,""persistenceFaultHold"":false,""completionReason"":""session_done""},""bootHealth"":{""adsReady"":true,""adsDrdyLevel"":0,""adsDrdyPulldownLevel"":0,""adsDrdyPullupLevel"":0,""adsMisoPulldownLevel"":0,""adsMisoPullupLevel"":1,""adsCsLevel"":1,""adsSyncLevel"":1,""adsStatus"":54,""adsMux"":15,""adsAdcon"":6,""adsDrate"":240,""adsReason"":""ok"",""tcaOk"":true,""mcpOkCount"":8,""mcpOk"":[true,true,true,true,true,true,true,true],""mcpAddrMask"":[1,1,1,1,1,1,1,1],""mcpControlTested"":true,""mcpControlOkCount"":8,""mcpControlOk"":[true,true,true,true,true,true,true,true],""dacReady"":true,""radioReady"":true,""mlReady"":true,""nullingProfileApplied"":true,""modelProfileReady"":false},""runtimeMcpCode"":[255,519,795,706,799,865,665,139],""model"":{""profileId"":""cnn-dualbranch-datasheet-v1-unbound"",""scalerProfileId"":""cnn-dualbranch-datasheet-v1-unbound"",""productionApproved"":true,""boundNullingProfileId"":8,""activeNullingProfileId"":9,""bindingValid"":true,""bindingModelMatches"":true,""profileReady"":false,""inferenceValid"":false,""sensorFault"":true},""lora"":{""beginState"":0,""lastTxState"":0,""lastTxOk"":false,""txSeq"":0,""txCounter"":0,""aesKeyProvisioned"":true,""aesKeyPresent"":true,""aesKeySource"":""nvs"",""keyId"":1,""lastDownlinkCommandId"":0,""freqMHz"":920,""bwKHz"":125,""sf"":7,""cr"":5,""syncWord"":18,""txPowerDbm"":17,""preamble"":8,""tcxoVoltage"":1.600000024,""xtalVoltage"":0},""dataset"":{""state"":""idle"",""step"":""idle"",""label"":"""",""seq"":0,""targetSamples"":0,""sampleIntervalMs"":500,""maxDurationMs"":0,""useFanIntake"":true,""fanOnMs"":1000,""postFanSettleMs"":0,""nullingProfileId"":9,""queuePending"":0,""queueCapacity"":16,""queueEnqueued"":0,""queueDropped"":0,""publishFailCount"":0,""retryCount"":0,""retryFailCount"":0,""rejectedSamples"":0,""lastRejectReason"":""none"",""lastRejectChannel"":-1,""lastRejectOkFiniteCount"":0,""lastRejectStatus"":255,""lastRejectGain"":0,""lastRejectSaturated"":false},""recovery"":{""wifiReconnectCount"":0,""wifiReconnectFailCount"":0,""mqttReconnectCount"":0,""mqttConnectFailCount"":0,""lastMqttState"":0,""adsRecoveryCount"":0,""adsRecoveryFailCount"":0,""adsReadFailStreak"":0,""lastReason"":""none"",""lastRecoveryMs"":0,""bootRecoveryArmed"":false,""bootRecoveryDueMs"":0,""bootRecoveryReason"":""none"",""bootRecoveryNonAdsFailure"":false,""bootRecoveryRestartCount"":0},""nulling"":{""done"":false,""retryArmed"":false,""attemptCount"":0,""nextRetryMs"":0,""thresholdV"":9.999999747E-06,""minFinalV"":0},""telemetry"":{""valid"":true,""sampleMs"":7064267,""gasClass"":6,""gasName"":""CO2"",""confidence"":0,""alarm"":false,""sensorVoltage"":[0.12334837,0.003962988,0.004799244,-0.002592328,-0.009537594,-0.011750957,-0.019333493,-0.025452748],""sensorGain"":[16,64,64,64,64,64,64,64],""sensorStatus"":[0,0,0,0,0,0,0,0],""featureOrder"":[""MQ8"",""MQ135"",""MQ3"",""MQ5"",""MQ4"",""MQ7"",""MQ6"",""MQ2""]},""alarmLatched"":false}"
2026-08-04 11:18:49.080 +07:00,687.946,HOT_SWEEP_70,70,700,300,1,0,0.123113431,0.003981826,0.00480073,-0.002575057,-0.009539225,-0.011812245,-0.019356105,-0.025431613,"{""deviceId"":""1001"",""nodeId"":4097,""targetChId"":""0010"",""mode"":""inference"",""uptimeMs"":7065396,""debugEnabled"":true,""power"":{""mode"":""24v"",""externalPower"":true,""batteryMv"":65535,""batteryValid"":false,""batteryDetected"":false,""batterySenseStatus"":""not_detected"",""batteryLow"":false,""batteryCritical"":false,""sourceAmbiguous"":false,""serviceHoldActive"":false,""serviceHoldEffective"":false},""batterySession"":{""state"":""inactive"",""startedMs"":0,""stateStartedMs"":0,""validSampleBatches"":0,""requiredSampleBatches"":10,""alarmTxAttempts"":0,""alarmTxAttemptLimit"":3,""alarmAckReceived"":false,""pendingAlarm"":false,""pendingSaveRequired"":false,""persistenceFaultHold"":false,""completionReason"":""session_done""},""bootHealth"":{""adsReady"":true,""adsDrdyLevel"":0,""adsDrdyPulldownLevel"":0,""adsDrdyPullupLevel"":0,""adsMisoPulldownLevel"":0,""adsMisoPullupLevel"":1,""adsCsLevel"":1,""adsSyncLevel"":1,""adsStatus"":54,""adsMux"":15,""adsAdcon"":6,""adsDrate"":240,""adsReason"":""ok"",""tcaOk"":true,""mcpOkCount"":8,""mcpOk"":[true,true,true,true,true,true,true,true],""mcpAddrMask"":[1,1,1,1,1,1,1,1],""mcpControlTested"":true,""mcpControlOkCount"":8,""mcpControlOk"":[true,true,true,true,true,true,true,true],""dacReady"":true,""radioReady"":true,""mlReady"":true,""nullingProfileApplied"":true,""modelProfileReady"":false},""runtimeMcpCode"":[255,519,795,706,799,865,665,139],""model"":{""profileId"":""cnn-dualbranch-datasheet-v1-unbound"",""scalerProfileId"":""cnn-dualbranch-datasheet-v1-unbound"",""productionApproved"":true,""boundNullingProfileId"":8,""activeNullingProfileId"":9,""bindingValid"":true,""bindingModelMatches"":true,""profileReady"":false,""inferenceValid"":false,""sensorFault"":true},""lora"":{""beginState"":0,""lastTxState"":0,""lastTxOk"":false,""txSeq"":0,""txCounter"":0,""aesKeyProvisioned"":true,""aesKeyPresent"":true,""aesKeySource"":""nvs"",""keyId"":1,""lastDownlinkCommandId"":0,""freqMHz"":920,""bwKHz"":125,""sf"":7,""cr"":5,""syncWord"":18,""txPowerDbm"":17,""preamble"":8,""tcxoVoltage"":1.600000024,""xtalVoltage"":0},""dataset"":{""state"":""idle"",""step"":""idle"",""label"":"""",""seq"":0,""targetSamples"":0,""sampleIntervalMs"":500,""maxDurationMs"":0,""useFanIntake"":true,""fanOnMs"":1000,""postFanSettleMs"":0,""nullingProfileId"":9,""queuePending"":0,""queueCapacity"":16,""queueEnqueued"":0,""queueDropped"":0,""publishFailCount"":0,""retryCount"":0,""retryFailCount"":0,""rejectedSamples"":0,""lastRejectReason"":""none"",""lastRejectChannel"":-1,""lastRejectOkFiniteCount"":0,""lastRejectStatus"":255,""lastRejectGain"":0,""lastRejectSaturated"":false},""recovery"":{""wifiReconnectCount"":0,""wifiReconnectFailCount"":0,""mqttReconnectCount"":0,""mqttConnectFailCount"":0,""lastMqttState"":0,""adsRecoveryCount"":0,""adsRecoveryFailCount"":0,""adsReadFailStreak"":0,""lastReason"":""none"",""lastRecoveryMs"":0,""bootRecoveryArmed"":false,""bootRecoveryDueMs"":0,""bootRecoveryReason"":""none"",""bootRecoveryNonAdsFailure"":false,""bootRecoveryRestartCount"":0},""nulling"":{""done"":false,""retryArmed"":false,""attemptCount"":0,""nextRetryMs"":0,""thresholdV"":9.999999747E-06,""minFinalV"":0},""telemetry"":{""valid"":true,""sampleMs"":7064970,""gasClass"":6,""gasName"":""CO2"",""confidence"":0,""alarm"":false,""sensorVoltage"":[0.123113431,0.003981826,0.00480073,-0.002575057,-0.009539225,-0.011812245,-0.019356105,-0.025431613],""sensorGain"":[16,64,64,64,64,64,64,64],""sensorStatus"":[0,0,0,0,0,0,0,0],""featureOrder"":[""MQ8"",""MQ135"",""MQ3"",""MQ5"",""MQ4"",""MQ7"",""MQ6"",""MQ2""]},""alarmLatched"":false}"
2026-08-04 11:18:49.779 +07:00,688.638,HOT_SWEEP_70,70,700,300,1,0,0.123089433,0.003996297,0.004809933,-0.002563495,-0.009545586,-0.011816306,-0.019391196,-0.025359204,"{""deviceId"":""1001"",""nodeId"":4097,""targetChId"":""0010"",""mode"":""inference"",""uptimeMs"":7066078,""debugEnabled"":true,""power"":{""mode"":""24v"",""externalPower"":true,""batteryMv"":65535,""batteryValid"":false,""batteryDetected"":false,""batterySenseStatus"":""not_detected"",""batteryLow"":false,""batteryCritical"":false,""sourceAmbiguous"":false,""serviceHoldActive"":false,""serviceHoldEffective"":false},""batterySession"":{""state"":""inactive"",""startedMs"":0,""stateStartedMs"":0,""validSampleBatches"":0,""requiredSampleBatches"":10,""alarmTxAttempts"":0,""alarmTxAttemptLimit"":3,""alarmAckReceived"":false,""pendingAlarm"":false,""pendingSaveRequired"":false,""persistenceFaultHold"":false,""completionReason"":""session_done""},""bootHealth"":{""adsReady"":true,""adsDrdyLevel"":0,""adsDrdyPulldownLevel"":0,""adsDrdyPullupLevel"":0,""adsMisoPulldownLevel"":0,""adsMisoPullupLevel"":1,""adsCsLevel"":1,""adsSyncLevel"":1,""adsStatus"":54,""adsMux"":15,""adsAdcon"":6,""adsDrate"":240,""adsReason"":""ok"",""tcaOk"":true,""mcpOkCount"":8,""mcpOk"":[true,true,true,true,true,true,true,true],""mcpAddrMask"":[1,1,1,1,1,1,1,1],""mcpControlTested"":true,""mcpControlOkCount"":8,""mcpControlOk"":[true,true,true,true,true,true,true,true],""dacReady"":true,""radioReady"":true,""mlReady"":true,""nullingProfileApplied"":true,""modelProfileReady"":false},""runtimeMcpCode"":[255,519,795,706,799,865,665,139],""model"":{""profileId"":""cnn-dualbranch-datasheet-v1-unbound"",""scalerProfileId"":""cnn-dualbranch-datasheet-v1-unbound"",""productionApproved"":true,""boundNullingProfileId"":8,""activeNullingProfileId"":9,""bindingValid"":true,""bindingModelMatches"":true,""profileReady"":false,""inferenceValid"":false,""sensorFault"":true},""lora"":{""beginState"":0,""lastTxState"":0,""lastTxOk"":false,""txSeq"":0,""txCounter"":0,""aesKeyProvisioned"":true,""aesKeyPresent"":true,""aesKeySource"":""nvs"",""keyId"":1,""lastDownlinkCommandId"":0,""freqMHz"":920,""bwKHz"":125,""sf"":7,""cr"":5,""syncWord"":18,""txPowerDbm"":17,""preamble"":8,""tcxoVoltage"":1.600000024,""xtalVoltage"":0},""dataset"":{""state"":""idle"",""step"":""idle"",""label"":"""",""seq"":0,""targetSamples"":0,""sampleIntervalMs"":500,""maxDurationMs"":0,""useFanIntake"":true,""fanOnMs"":1000,""postFanSettleMs"":0,""nullingProfileId"":9,""queuePending"":0,""queueCapacity"":16,""queueEnqueued"":0,""queueDropped"":0,""publishFailCount"":0,""retryCount"":0,""retryFailCount"":0,""rejectedSamples"":0,""lastRejectReason"":""none"",""lastRejectChannel"":-1,""lastRejectOkFiniteCount"":0,""lastRejectStatus"":255,""lastRejectGain"":0,""lastRejectSaturated"":false},""recovery"":{""wifiReconnectCount"":0,""wifiReconnectFailCount"":0,""mqttReconnectCount"":0,""mqttConnectFailCount"":0,""lastMqttState"":0,""adsRecoveryCount"":0,""adsRecoveryFailCount"":0,""adsReadFailStreak"":0,""lastReason"":""none"",""lastRecoveryMs"":0,""bootRecoveryArmed"":false,""bootRecoveryDueMs"":0,""bootRecoveryReason"":""none"",""bootRecoveryNonAdsFailure"":false,""bootRecoveryRestartCount"":0},""nulling"":{""done"":false,""retryArmed"":false,""attemptCount"":0,""nextRetryMs"":0,""thresholdV"":9.999999747E-06,""minFinalV"":0},""telemetry"":{""valid"":true,""sampleMs"":7065706,""gasClass"":6,""gasName"":""CO2"",""confidence"":0,""alarm"":false,""sensorVoltage"":[0.123089433,0.003996297,0.004809933,-0.002563495,-0.009545586,-0.011816306,-0.019391196,-0.025359204],""sensorGain"":[16,64,64,64,64,64,64,64],""sensorStatus"":[0,0,0,0,0,0,0,0],""featureOrder"":[""MQ8"",""MQ135"",""MQ3"",""MQ5"",""MQ4"",""MQ7"",""MQ6"",""MQ2""]},""alarmLatched"":false}"
2026-08-04 11:18:50.471 +07:00,689.346,HOT_SWEEP_70,70,700,300,1,0,0.123406015,0.00393039,0.004810652,-0.002622672,-0.009395692,-0.01154646,-0.018983042,-0.025310423,"{""deviceId"":""1001"",""nodeId"":4097,""targetChId"":""0010"",""mode"":""inference"",""uptimeMs"":7066789,""debugEnabled"":true,""power"":{""mode"":""24v"",""externalPower"":true,""batteryMv"":65535,""batteryValid"":false,""batteryDetected"":false,""batterySenseStatus"":""not_detected"",""batteryLow"":false,""batteryCritical"":false,""sourceAmbiguous"":false,""serviceHoldActive"":false,""serviceHoldEffective"":false},""batterySession"":{""state"":""inactive"",""startedMs"":0,""stateStartedMs"":0,""validSampleBatches"":0,""requiredSampleBatches"":10,""alarmTxAttempts"":0,""alarmTxAttemptLimit"":3,""alarmAckReceived"":false,""pendingAlarm"":false,""pendingSaveRequired"":false,""persistenceFaultHold"":false,""completionReason"":""session_done""},""bootHealth"":{""adsReady"":true,""adsDrdyLevel"":0,""adsDrdyPulldownLevel"":0,""adsDrdyPullupLevel"":0,""adsMisoPulldownLevel"":0,""adsMisoPullupLevel"":1,""adsCsLevel"":1,""adsSyncLevel"":1,""adsStatus"":54,""adsMux"":15,""adsAdcon"":6,""adsDrate"":240,""adsReason"":""ok"",""tcaOk"":true,""mcpOkCount"":8,""mcpOk"":[true,true,true,true,true,true,true,true],""mcpAddrMask"":[1,1,1,1,1,1,1,1],""mcpControlTested"":true,""mcpControlOkCount"":8,""mcpControlOk"":[true,true,true,true,true,true,true,true],""dacReady"":true,""radioReady"":true,""mlReady"":true,""nullingProfileApplied"":true,""modelProfileReady"":false},""runtimeMcpCode"":[255,519,795,706,799,865,665,139],""model"":{""profileId"":""cnn-dualbranch-datasheet-v1-unbound"",""scalerProfileId"":""cnn-dualbranch-datasheet-v1-unbound"",""productionApproved"":true,""boundNullingProfileId"":8,""activeNullingProfileId"":9,""bindingValid"":true,""bindingModelMatches"":true,""profileReady"":false,""inferenceValid"":false,""sensorFault"":true},""lora"":{""beginState"":0,""lastTxState"":0,""lastTxOk"":false,""txSeq"":0,""txCounter"":0,""aesKeyProvisioned"":true,""aesKeyPresent"":true,""aesKeySource"":""nvs"",""keyId"":1,""lastDownlinkCommandId"":0,""freqMHz"":920,""bwKHz"":125,""sf"":7,""cr"":5,""syncWord"":18,""txPowerDbm"":17,""preamble"":8,""tcxoVoltage"":1.600000024,""xtalVoltage"":0},""dataset"":{""state"":""idle"",""step"":""idle"",""label"":"""",""seq"":0,""targetSamples"":0,""sampleIntervalMs"":500,""maxDurationMs"":0,""useFanIntake"":true,""fanOnMs"":1000,""postFanSettleMs"":0,""nullingProfileId"":9,""queuePending"":0,""queueCapacity"":16,""queueEnqueued"":0,""queueDropped"":0,""publishFailCount"":0,""retryCount"":0,""retryFailCount"":0,""rejectedSamples"":0,""lastRejectReason"":""none"",""lastRejectChannel"":-1,""lastRejectOkFiniteCount"":0,""lastRejectStatus"":255,""lastRejectGain"":0,""lastRejectSaturated"":false},""recovery"":{""wifiReconnectCount"":0,""wifiReconnectFailCount"":0,""mqttReconnectCount"":0,""mqttConnectFailCount"":0,""lastMqttState"":0,""adsRecoveryCount"":0,""adsRecoveryFailCount"":0,""adsReadFailStreak"":0,""lastReason"":""none"",""lastRecoveryMs"":0,""bootRecoveryArmed"":false,""bootRecoveryDueMs"":0,""bootRecoveryReason"":""none"",""bootRecoveryNonAdsFailure"":false,""bootRecoveryRestartCount"":0},""nulling"":{""done"":false,""retryArmed"":false,""attemptCount"":0,""nextRetryMs"":0,""thresholdV"":9.999999747E-06,""minFinalV"":0},""telemetry"":{""valid"":true,""sampleMs"":7066356,""gasClass"":6,""gasName"":""CO2"",""confidence"":0,""alarm"":false,""sensorVoltage"":[0.123406015,0.00393039,0.004810652,-0.002622672,-0.009395692,-0.01154646,-0.018983042,-0.025310423],""sensorGain"":[16,64,64,64,64,64,64,64],""sensorStatus"":[0,0,0,0,0,0,0,0],""featureOrder"":[""MQ8"",""MQ135"",""MQ3"",""MQ5"",""MQ4"",""MQ7"",""MQ6"",""MQ2""]},""alarmLatched"":false}"
2026-08-04 11:18:51.218 +07:00,690.062,HOT_SWEEP_70,70,700,300,1,0,0.123538449,0.003909794,0.004839445,-0.002638442,-0.009392203,-0.011574169,-0.019011987,-0.025310352,"{""deviceId"":""1001"",""nodeId"":4097,""targetChId"":""0010"",""mode"":""inference"",""uptimeMs"":7067508,""debugEnabled"":true,""power"":{""mode"":""24v"",""externalPower"":true,""batteryMv"":65535,""batteryValid"":false,""batteryDetected"":false,""batterySenseStatus"":""not_detected"",""batteryLow"":false,""batteryCritical"":false,""sourceAmbiguous"":false,""serviceHoldActive"":false,""serviceHoldEffective"":false},""batterySession"":{""state"":""inactive"",""startedMs"":0,""stateStartedMs"":0,""validSampleBatches"":0,""requiredSampleBatches"":10,""alarmTxAttempts"":0,""alarmTxAttemptLimit"":3,""alarmAckReceived"":false,""pendingAlarm"":false,""pendingSaveRequired"":false,""persistenceFaultHold"":false,""completionReason"":""session_done""},""bootHealth"":{""adsReady"":true,""adsDrdyLevel"":0,""adsDrdyPulldownLevel"":0,""adsDrdyPullupLevel"":0,""adsMisoPulldownLevel"":0,""adsMisoPullupLevel"":1,""adsCsLevel"":1,""adsSyncLevel"":1,""adsStatus"":54,""adsMux"":15,""adsAdcon"":6,""adsDrate"":240,""adsReason"":""ok"",""tcaOk"":true,""mcpOkCount"":8,""mcpOk"":[true,true,true,true,true,true,true,true],""mcpAddrMask"":[1,1,1,1,1,1,1,1],""mcpControlTested"":true,""mcpControlOkCount"":8,""mcpControlOk"":[true,true,true,true,true,true,true,true],""dacReady"":true,""radioReady"":true,""mlReady"":true,""nullingProfileApplied"":true,""modelProfileReady"":false},""runtimeMcpCode"":[255,519,795,706,799,865,665,139],""model"":{""profileId"":""cnn-dualbranch-datasheet-v1-unbound"",""scalerProfileId"":""cnn-dualbranch-datasheet-v1-unbound"",""productionApproved"":true,""boundNullingProfileId"":8,""activeNullingProfileId"":9,""bindingValid"":true,""bindingModelMatches"":true,""profileReady"":false,""inferenceValid"":false,""sensorFault"":true},""lora"":{""beginState"":0,""lastTxState"":0,""lastTxOk"":false,""txSeq"":0,""txCounter"":0,""aesKeyProvisioned"":true,""aesKeyPresent"":true,""aesKeySource"":""nvs"",""keyId"":1,""lastDownlinkCommandId"":0,""freqMHz"":920,""bwKHz"":125,""sf"":7,""cr"":5,""syncWord"":18,""txPowerDbm"":17,""preamble"":8,""tcxoVoltage"":1.600000024,""xtalVoltage"":0},""dataset"":{""state"":""idle"",""step"":""idle"",""label"":"""",""seq"":0,""targetSamples"":0,""sampleIntervalMs"":500,""maxDurationMs"":0,""useFanIntake"":true,""fanOnMs"":1000,""postFanSettleMs"":0,""nullingProfileId"":9,""queuePending"":0,""queueCapacity"":16,""queueEnqueued"":0,""queueDropped"":0,""publishFailCount"":0,""retryCount"":0,""retryFailCount"":0,""rejectedSamples"":0,""lastRejectReason"":""none"",""lastRejectChannel"":-1,""lastRejectOkFiniteCount"":0,""lastRejectStatus"":255,""lastRejectGain"":0,""lastRejectSaturated"":false},""recovery"":{""wifiReconnectCount"":0,""wifiReconnectFailCount"":0,""mqttReconnectCount"":0,""mqttConnectFailCount"":0,""lastMqttState"":0,""adsRecoveryCount"":0,""adsRecoveryFailCount"":0,""adsReadFailStreak"":0,""lastReason"":""none"",""lastRecoveryMs"":0,""bootRecoveryArmed"":false,""bootRecoveryDueMs"":0,""bootRecoveryReason"":""none"",""bootRecoveryNonAdsFailure"":false,""bootRecoveryRestartCount"":0},""nulling"":{""done"":false,""retryArmed"":false,""attemptCount"":0,""nextRetryMs"":0,""thresholdV"":9.999999747E-06,""minFinalV"":0},""telemetry"":{""valid"":true,""sampleMs"":7067067,""gasClass"":6,""gasName"":""CO2"",""confidence"":0,""alarm"":false,""sensorVoltage"":[0.123538449,0.003909794,0.004839445,-0.002638442,-0.009392203,-0.011574169,-0.019011987,-0.025310352],""sensorGain"":[16,64,64,64,64,64,64,64],""sensorStatus"":[0,0,0,0,0,0,0,0],""featureOrder"":[""MQ8"",""MQ135"",""MQ3"",""MQ5"",""MQ4"",""MQ7"",""MQ6"",""MQ2""]},""alarmLatched"":false}"
2026-08-04 11:18:51.901 +07:00,690.782,HOT_SWEEP_70,70,700,300,1,0,0.123474166,0.003925386,0.004911213,-0.002647905,-0.009478623,-0.011590099,-0.019065205,-0.02531583,"{""deviceId"":""1001"",""nodeId"":4097,""targetChId"":""0010"",""mode"":""inference"",""uptimeMs"":7068222,""debugEnabled"":true,""power"":{""mode"":""24v"",""externalPower"":true,""batteryMv"":65535,""batteryValid"":false,""batteryDetected"":false,""batterySenseStatus"":""not_detected"",""batteryLow"":false,""batteryCritical"":false,""sourceAmbiguous"":false,""serviceHoldActive"":false,""serviceHoldEffective"":false},""batterySession"":{""state"":""inactive"",""startedMs"":0,""stateStartedMs"":0,""validSampleBatches"":0,""requiredSampleBatches"":10,""alarmTxAttempts"":0,""alarmTxAttemptLimit"":3,""alarmAckReceived"":false,""pendingAlarm"":false,""pendingSaveRequired"":false,""persistenceFaultHold"":false,""completionReason"":""session_done""},""bootHealth"":{""adsReady"":true,""adsDrdyLevel"":0,""adsDrdyPulldownLevel"":0,""adsDrdyPullupLevel"":0,""adsMisoPulldownLevel"":0,""adsMisoPullupLevel"":1,""adsCsLevel"":1,""adsSyncLevel"":1,""adsStatus"":54,""adsMux"":15,""adsAdcon"":6,""adsDrate"":240,""adsReason"":""ok"",""tcaOk"":true,""mcpOkCount"":8,""mcpOk"":[true,true,true,true,true,true,true,true],""mcpAddrMask"":[1,1,1,1,1,1,1,1],""mcpControlTested"":true,""mcpControlOkCount"":8,""mcpControlOk"":[true,true,true,true,true,true,true,true],""dacReady"":true,""radioReady"":true,""mlReady"":true,""nullingProfileApplied"":true,""modelProfileReady"":false},""runtimeMcpCode"":[255,519,795,706,799,865,665,139],""model"":{""profileId"":""cnn-dualbranch-datasheet-v1-unbound"",""scalerProfileId"":""cnn-dualbranch-datasheet-v1-unbound"",""productionApproved"":true,""boundNullingProfileId"":8,""activeNullingProfileId"":9,""bindingValid"":true,""bindingModelMatches"":true,""profileReady"":false,""inferenceValid"":false,""sensorFault"":true},""lora"":{""beginState"":0,""lastTxState"":0,""lastTxOk"":false,""txSeq"":0,""txCounter"":0,""aesKeyProvisioned"":true,""aesKeyPresent"":true,""aesKeySource"":""nvs"",""keyId"":1,""lastDownlinkCommandId"":0,""freqMHz"":920,""bwKHz"":125,""sf"":7,""cr"":5,""syncWord"":18,""txPowerDbm"":17,""preamble"":8,""tcxoVoltage"":1.600000024,""xtalVoltage"":0},""dataset"":{""state"":""idle"",""step"":""idle"",""label"":"""",""seq"":0,""targetSamples"":0,""sampleIntervalMs"":500,""maxDurationMs"":0,""useFanIntake"":true,""fanOnMs"":1000,""postFanSettleMs"":0,""nullingProfileId"":9,""queuePending"":0,""queueCapacity"":16,""queueEnqueued"":0,""queueDropped"":0,""publishFailCount"":0,""retryCount"":0,""retryFailCount"":0,""rejectedSamples"":0,""lastRejectReason"":""none"",""lastRejectChannel"":-1,""lastRejectOkFiniteCount"":0,""lastRejectStatus"":255,""lastRejectGain"":0,""lastRejectSaturated"":false},""recovery"":{""wifiReconnectCount"":0,""wifiReconnectFailCount"":0,""mqttReconnectCount"":0,""mqttConnectFailCount"":0,""lastMqttState"":0,""adsRecoveryCount"":0,""adsRecoveryFailCount"":0,""adsReadFailStreak"":0,""lastReason"":""none"",""lastRecoveryMs"":0,""bootRecoveryArmed"":false,""bootRecoveryDueMs"":0,""bootRecoveryReason"":""none"",""bootRecoveryNonAdsFailure"":false,""bootRecoveryRestartCount"":0},""nulling"":{""done"":false,""retryArmed"":false,""attemptCount"":0,""nextRetryMs"":0,""thresholdV"":9.999999747E-06,""minFinalV"":0},""telemetry"":{""valid"":true,""sampleMs"":7067818,""gasClass"":6,""gasName"":""CO2"",""confidence"":0,""alarm"":false,""sensorVoltage"":[0.123474166,0.003925386,0.004911213,-0.002647905,-0.009478623,-0.011590099,-0.019065205,-0.02531583],""sensorGain"":[16,64,64,64,64,64,64,64],""sensorStatus"":[0,0,0,0,0,0,0,0],""featureOrder"":[""MQ8"",""MQ135"",""MQ3"",""MQ5"",""MQ4"",""MQ7"",""MQ6"",""MQ2""]},""alarmLatched"":false}"
2026-08-04 11:18:52.596 +07:00,691.469,HOT_SWEEP_70,70,700,300,1,0,0.123440169,0.003914688,0.004910294,-0.002634738,-0.009462276,-0.011569185,-0.019054297,-0.025368821,"{""deviceId"":""1001"",""nodeId"":4097,""targetChId"":""0010"",""mode"":""inference"",""uptimeMs"":7068913,""debugEnabled"":true,""power"":{""mode"":""24v"",""externalPower"":true,""batteryMv"":65535,""batteryValid"":false,""batteryDetected"":false,""batterySenseStatus"":""not_detected"",""batteryLow"":false,""batteryCritical"":false,""sourceAmbiguous"":false,""serviceHoldActive"":false,""serviceHoldEffective"":false},""batterySession"":{""state"":""inactive"",""startedMs"":0,""stateStartedMs"":0,""validSampleBatches"":0,""requiredSampleBatches"":10,""alarmTxAttempts"":0,""alarmTxAttemptLimit"":3,""alarmAckReceived"":false,""pendingAlarm"":false,""pendingSaveRequired"":false,""persistenceFaultHold"":false,""completionReason"":""session_done""},""bootHealth"":{""adsReady"":true,""adsDrdyLevel"":0,""adsDrdyPulldownLevel"":0,""adsDrdyPullupLevel"":0,""adsMisoPulldownLevel"":0,""adsMisoPullupLevel"":1,""adsCsLevel"":1,""adsSyncLevel"":1,""adsStatus"":54,""adsMux"":15,""adsAdcon"":6,""adsDrate"":240,""adsReason"":""ok"",""tcaOk"":true,""mcpOkCount"":8,""mcpOk"":[true,true,true,true,true,true,true,true],""mcpAddrMask"":[1,1,1,1,1,1,1,1],""mcpControlTested"":true,""mcpControlOkCount"":8,""mcpControlOk"":[true,true,true,true,true,true,true,true],""dacReady"":true,""radioReady"":true,""mlReady"":true,""nullingProfileApplied"":true,""modelProfileReady"":false},""runtimeMcpCode"":[255,519,795,706,799,865,665,139],""model"":{""profileId"":""cnn-dualbranch-datasheet-v1-unbound"",""scalerProfileId"":""cnn-dualbranch-datasheet-v1-unbound"",""productionApproved"":true,""boundNullingProfileId"":8,""activeNullingProfileId"":9,""bindingValid"":true,""bindingModelMatches"":true,""profileReady"":false,""inferenceValid"":false,""sensorFault"":true},""lora"":{""beginState"":0,""lastTxState"":0,""lastTxOk"":false,""txSeq"":0,""txCounter"":0,""aesKeyProvisioned"":true,""aesKeyPresent"":true,""aesKeySource"":""nvs"",""keyId"":1,""lastDownlinkCommandId"":0,""freqMHz"":920,""bwKHz"":125,""sf"":7,""cr"":5,""syncWord"":18,""txPowerDbm"":17,""preamble"":8,""tcxoVoltage"":1.600000024,""xtalVoltage"":0},""dataset"":{""state"":""idle"",""step"":""idle"",""label"":"""",""seq"":0,""targetSamples"":0,""sampleIntervalMs"":500,""maxDurationMs"":0,""useFanIntake"":true,""fanOnMs"":1000,""postFanSettleMs"":0,""nullingProfileId"":9,""queuePending"":0,""queueCapacity"":16,""queueEnqueued"":0,""queueDropped"":0,""publishFailCount"":0,""retryCount"":0,""retryFailCount"":0,""rejectedSamples"":0,""lastRejectReason"":""none"",""lastRejectChannel"":-1,""lastRejectOkFiniteCount"":0,""lastRejectStatus"":255,""lastRejectGain"":0,""lastRejectSaturated"":false},""recovery"":{""wifiReconnectCount"":0,""wifiReconnectFailCount"":0,""mqttReconnectCount"":0,""mqttConnectFailCount"":0,""lastMqttState"":0,""adsRecoveryCount"":0,""adsRecoveryFailCount"":0,""adsReadFailStreak"":0,""lastReason"":""none"",""lastRecoveryMs"":0,""bootRecoveryArmed"":false,""bootRecoveryDueMs"":0,""bootRecoveryReason"":""none"",""bootRecoveryNonAdsFailure"":false,""bootRecoveryRestartCount"":0},""nulling"":{""done"":false,""retryArmed"":false,""attemptCount"":0,""nextRetryMs"":0,""thresholdV"":9.999999747E-06,""minFinalV"":0},""telemetry"":{""valid"":true,""sampleMs"":7068500,""gasClass"":6,""gasName"":""CO2"",""confidence"":0,""alarm"":false,""sensorVoltage"":[0.123440169,0.003914688,0.004910294,-0.002634738,-0.009462276,-0.011569185,-0.019054297,-0.025368821],""sensorGain"":[16,64,64,64,64,64,64,64],""sensorStatus"":[0,0,0,0,0,0,0,0],""featureOrder"":[""MQ8"",""MQ135"",""MQ3"",""MQ5"",""MQ4"",""MQ7"",""MQ6"",""MQ2""]},""alarmLatched"":false}"
2026-08-04 11:18:53.280 +07:00,692.161,HOT_SWEEP_70,70,700,300,1,0,0.123323821,0.003953407,0.00492014,-0.002625637,-0.009383721,-0.011620292,-0.019050661,-0.025362458,"{""deviceId"":""1001"",""nodeId"":4097,""targetChId"":""0010"",""mode"":""inference"",""uptimeMs"":7069604,""debugEnabled"":true,""power"":{""mode"":""24v"",""externalPower"":true,""batteryMv"":65535,""batteryValid"":false,""batteryDetected"":false,""batterySenseStatus"":""not_detected"",""batteryLow"":false,""batteryCritical"":false,""sourceAmbiguous"":false,""serviceHoldActive"":false,""serviceHoldEffective"":false},""batterySession"":{""state"":""inactive"",""startedMs"":0,""stateStartedMs"":0,""validSampleBatches"":0,""requiredSampleBatches"":10,""alarmTxAttempts"":0,""alarmTxAttemptLimit"":3,""alarmAckReceived"":false,""pendingAlarm"":false,""pendingSaveRequired"":false,""persistenceFaultHold"":false,""completionReason"":""session_done""},""bootHealth"":{""adsReady"":true,""adsDrdyLevel"":0,""adsDrdyPulldownLevel"":0,""adsDrdyPullupLevel"":0,""adsMisoPulldownLevel"":0,""adsMisoPullupLevel"":1,""adsCsLevel"":1,""adsSyncLevel"":1,""adsStatus"":54,""adsMux"":15,""adsAdcon"":6,""adsDrate"":240,""adsReason"":""ok"",""tcaOk"":true,""mcpOkCount"":8,""mcpOk"":[true,true,true,true,true,true,true,true],""mcpAddrMask"":[1,1,1,1,1,1,1,1],""mcpControlTested"":true,""mcpControlOkCount"":8,""mcpControlOk"":[true,true,true,true,true,true,true,true],""dacReady"":true,""radioReady"":true,""mlReady"":true,""nullingProfileApplied"":true,""modelProfileReady"":false},""runtimeMcpCode"":[255,519,795,706,799,865,665,139],""model"":{""profileId"":""cnn-dualbranch-datasheet-v1-unbound"",""scalerProfileId"":""cnn-dualbranch-datasheet-v1-unbound"",""productionApproved"":true,""boundNullingProfileId"":8,""activeNullingProfileId"":9,""bindingValid"":true,""bindingModelMatches"":true,""profileReady"":false,""inferenceValid"":false,""sensorFault"":true},""lora"":{""beginState"":0,""lastTxState"":0,""lastTxOk"":false,""txSeq"":0,""txCounter"":0,""aesKeyProvisioned"":true,""aesKeyPresent"":true,""aesKeySource"":""nvs"",""keyId"":1,""lastDownlinkCommandId"":0,""freqMHz"":920,""bwKHz"":125,""sf"":7,""cr"":5,""syncWord"":18,""txPowerDbm"":17,""preamble"":8,""tcxoVoltage"":1.600000024,""xtalVoltage"":0},""dataset"":{""state"":""idle"",""step"":""idle"",""label"":"""",""seq"":0,""targetSamples"":0,""sampleIntervalMs"":500,""maxDurationMs"":0,""useFanIntake"":true,""fanOnMs"":1000,""postFanSettleMs"":0,""nullingProfileId"":9,""queuePending"":0,""queueCapacity"":16,""queueEnqueued"":0,""queueDropped"":0,""publishFailCount"":0,""retryCount"":0,""retryFailCount"":0,""rejectedSamples"":0,""lastRejectReason"":""none"",""lastRejectChannel"":-1,""lastRejectOkFiniteCount"":0,""lastRejectStatus"":255,""lastRejectGain"":0,""lastRejectSaturated"":false},""recovery"":{""wifiReconnectCount"":0,""wifiReconnectFailCount"":0,""mqttReconnectCount"":0,""mqttConnectFailCount"":0,""lastMqttState"":0,""adsRecoveryCount"":0,""adsRecoveryFailCount"":0,""adsReadFailStreak"":0,""lastReason"":""none"",""lastRecoveryMs"":0,""bootRecoveryArmed"":false,""bootRecoveryDueMs"":0,""bootRecoveryReason"":""none"",""bootRecoveryNonAdsFailure"":false,""bootRecoveryRestartCount"":0},""nulling"":{""done"":false,""retryArmed"":false,""attemptCount"":0,""nextRetryMs"":0,""thresholdV"":9.999999747E-06,""minFinalV"":0},""telemetry"":{""valid"":true,""sampleMs"":7069191,""gasClass"":6,""gasName"":""CO2"",""confidence"":0,""alarm"":false,""sensorVoltage"":[0.123323821,0.003953407,0.00492014,-0.002625637,-0.009383721,-0.011620292,-0.019050661,-0.025362458],""sensorGain"":[16,64,64,64,64,64,64,64],""sensorStatus"":[0,0,0,0,0,0,0,0],""featureOrder"":[""MQ8"",""MQ135"",""MQ3"",""MQ5"",""MQ4"",""MQ7"",""MQ6"",""MQ2""]},""alarmLatched"":false}"
2026-08-04 11:18:53.988 +07:00,692.861,HOT_SWEEP_70,70,700,300,1,0,0.123266593,0.003905326,0.004961273,-0.002609723,-0.009402952,-0.011626634,-0.019081965,-0.025382746,"{""deviceId"":""1001"",""nodeId"":4097,""targetChId"":""0010"",""mode"":""inference"",""uptimeMs"":7070301,""debugEnabled"":true,""power"":{""mode"":""24v"",""externalPower"":true,""batteryMv"":65535,""batteryValid"":false,""batteryDetected"":false,""batterySenseStatus"":""not_detected"",""batteryLow"":false,""batteryCritical"":false,""sourceAmbiguous"":false,""serviceHoldActive"":false,""serviceHoldEffective"":false},""batterySession"":{""state"":""inactive"",""startedMs"":0,""stateStartedMs"":0,""validSampleBatches"":0,""requiredSampleBatches"":10,""alarmTxAttempts"":0,""alarmTxAttemptLimit"":3,""alarmAckReceived"":false,""pendingAlarm"":false,""pendingSaveRequired"":false,""persistenceFaultHold"":false,""completionReason"":""session_done""},""bootHealth"":{""adsReady"":true,""adsDrdyLevel"":0,""adsDrdyPulldownLevel"":0,""adsDrdyPullupLevel"":0,""adsMisoPulldownLevel"":0,""adsMisoPullupLevel"":1,""adsCsLevel"":1,""adsSyncLevel"":1,""adsStatus"":54,""adsMux"":15,""adsAdcon"":6,""adsDrate"":240,""adsReason"":""ok"",""tcaOk"":true,""mcpOkCount"":8,""mcpOk"":[true,true,true,true,true,true,true,true],""mcpAddrMask"":[1,1,1,1,1,1,1,1],""mcpControlTested"":true,""mcpControlOkCount"":8,""mcpControlOk"":[true,true,true,true,true,true,true,true],""dacReady"":true,""radioReady"":true,""mlReady"":true,""nullingProfileApplied"":true,""modelProfileReady"":false},""runtimeMcpCode"":[255,519,795,706,799,865,665,139],""model"":{""profileId"":""cnn-dualbranch-datasheet-v1-unbound"",""scalerProfileId"":""cnn-dualbranch-datasheet-v1-unbound"",""productionApproved"":true,""boundNullingProfileId"":8,""activeNullingProfileId"":9,""bindingValid"":true,""bindingModelMatches"":true,""profileReady"":false,""inferenceValid"":false,""sensorFault"":true},""lora"":{""beginState"":0,""lastTxState"":0,""lastTxOk"":false,""txSeq"":0,""txCounter"":0,""aesKeyProvisioned"":true,""aesKeyPresent"":true,""aesKeySource"":""nvs"",""keyId"":1,""lastDownlinkCommandId"":0,""freqMHz"":920,""bwKHz"":125,""sf"":7,""cr"":5,""syncWord"":18,""txPowerDbm"":17,""preamble"":8,""tcxoVoltage"":1.600000024,""xtalVoltage"":0},""dataset"":{""state"":""idle"",""step"":""idle"",""label"":"""",""seq"":0,""targetSamples"":0,""sampleIntervalMs"":500,""maxDurationMs"":0,""useFanIntake"":true,""fanOnMs"":1000,""postFanSettleMs"":0,""nullingProfileId"":9,""queuePending"":0,""queueCapacity"":16,""queueEnqueued"":0,""queueDropped"":0,""publishFailCount"":0,""retryCount"":0,""retryFailCount"":0,""rejectedSamples"":0,""lastRejectReason"":""none"",""lastRejectChannel"":-1,""lastRejectOkFiniteCount"":0,""lastRejectStatus"":255,""lastRejectGain"":0,""lastRejectSaturated"":false},""recovery"":{""wifiReconnectCount"":0,""wifiReconnectFailCount"":0,""mqttReconnectCount"":0,""mqttConnectFailCount"":0,""lastMqttState"":0,""adsRecoveryCount"":0,""adsRecoveryFailCount"":0,""adsReadFailStreak"":0,""lastReason"":""none"",""lastRecoveryMs"":0,""bootRecoveryArmed"":false,""bootRecoveryDueMs"":0,""bootRecoveryReason"":""none"",""bootRecoveryNonAdsFailure"":false,""bootRecoveryRestartCount"":0},""nulling"":{""done"":false,""retryArmed"":false,""attemptCount"":0,""nextRetryMs"":0,""thresholdV"":9.999999747E-06,""minFinalV"":0},""telemetry"":{""valid"":true,""sampleMs"":7069914,""gasClass"":6,""gasName"":""CO2"",""confidence"":0,""alarm"":false,""sensorVoltage"":[0.123266593,0.003905326,0.004961273,-0.002609723,-0.009402952,-0.011626634,-0.019081965,-0.025382746],""sensorGain"":[16,64,64,64,64,64,64,64],""sensorStatus"":[0,0,0,0,0,0,0,0],""featureOrder"":[""MQ8"",""MQ135"",""MQ3"",""MQ5"",""MQ4"",""MQ7"",""MQ6"",""MQ2""]},""alarmLatched"":false}"
2026-08-04 11:18:54.664 +07:00,693.545,HOT_SWEEP_70,70,700,300,1,0,0.12311013,0.00394258,0.004958817,-0.002574368,-0.009475705,-0.011692222,-0.019087356,-0.025371671,"{""deviceId"":""1001"",""nodeId"":4097,""targetChId"":""0010"",""mode"":""inference"",""uptimeMs"":7070987,""debugEnabled"":true,""power"":{""mode"":""24v"",""externalPower"":true,""batteryMv"":65535,""batteryValid"":false,""batteryDetected"":false,""batterySenseStatus"":""not_detected"",""batteryLow"":false,""batteryCritical"":false,""sourceAmbiguous"":false,""serviceHoldActive"":false,""serviceHoldEffective"":false},""batterySession"":{""state"":""inactive"",""startedMs"":0,""stateStartedMs"":0,""validSampleBatches"":0,""requiredSampleBatches"":10,""alarmTxAttempts"":0,""alarmTxAttemptLimit"":3,""alarmAckReceived"":false,""pendingAlarm"":false,""pendingSaveRequired"":false,""persistenceFaultHold"":false,""completionReason"":""session_done""},""bootHealth"":{""adsReady"":true,""adsDrdyLevel"":0,""adsDrdyPulldownLevel"":0,""adsDrdyPullupLevel"":0,""adsMisoPulldownLevel"":0,""adsMisoPullupLevel"":1,""adsCsLevel"":1,""adsSyncLevel"":1,""adsStatus"":54,""adsMux"":15,""adsAdcon"":6,""adsDrate"":240,""adsReason"":""ok"",""tcaOk"":true,""mcpOkCount"":8,""mcpOk"":[true,true,true,true,true,true,true,true],""mcpAddrMask"":[1,1,1,1,1,1,1,1],""mcpControlTested"":true,""mcpControlOkCount"":8,""mcpControlOk"":[true,true,true,true,true,true,true,true],""dacReady"":true,""radioReady"":true,""mlReady"":true,""nullingProfileApplied"":true,""modelProfileReady"":false},""runtimeMcpCode"":[255,519,795,706,799,865,665,139],""model"":{""profileId"":""cnn-dualbranch-datasheet-v1-unbound"",""scalerProfileId"":""cnn-dualbranch-datasheet-v1-unbound"",""productionApproved"":true,""boundNullingProfileId"":8,""activeNullingProfileId"":9,""bindingValid"":true,""bindingModelMatches"":true,""profileReady"":false,""inferenceValid"":false,""sensorFault"":true},""lora"":{""beginState"":0,""lastTxState"":0,""lastTxOk"":false,""txSeq"":0,""txCounter"":0,""aesKeyProvisioned"":true,""aesKeyPresent"":true,""aesKeySource"":""nvs"",""keyId"":1,""lastDownlinkCommandId"":0,""freqMHz"":920,""bwKHz"":125,""sf"":7,""cr"":5,""syncWord"":18,""txPowerDbm"":17,""preamble"":8,""tcxoVoltage"":1.600000024,""xtalVoltage"":0},""dataset"":{""state"":""idle"",""step"":""idle"",""label"":"""",""seq"":0,""targetSamples"":0,""sampleIntervalMs"":500,""maxDurationMs"":0,""useFanIntake"":true,""fanOnMs"":1000,""postFanSettleMs"":0,""nullingProfileId"":9,""queuePending"":0,""queueCapacity"":16,""queueEnqueued"":0,""queueDropped"":0,""publishFailCount"":0,""retryCount"":0,""retryFailCount"":0,""rejectedSamples"":0,""lastRejectReason"":""none"",""lastRejectChannel"":-1,""lastRejectOkFiniteCount"":0,""lastRejectStatus"":255,""lastRejectGain"":0,""lastRejectSaturated"":false},""recovery"":{""wifiReconnectCount"":0,""wifiReconnectFailCount"":0,""mqttReconnectCount"":0,""mqttConnectFailCount"":0,""lastMqttState"":0,""adsRecoveryCount"":0,""adsRecoveryFailCount"":0,""adsReadFailStreak"":0,""lastReason"":""none"",""lastRecoveryMs"":0,""bootRecoveryArmed"":false,""bootRecoveryDueMs"":0,""bootRecoveryReason"":""none"",""bootRecoveryNonAdsFailure"":false,""bootRecoveryRestartCount"":0},""nulling"":{""done"":false,""retryArmed"":false,""attemptCount"":0,""nextRetryMs"":0,""thresholdV"":9.999999747E-06,""minFinalV"":0},""telemetry"":{""valid"":true,""sampleMs"":7070579,""gasClass"":6,""gasName"":""CO2"",""confidence"":0,""alarm"":false,""sensorVoltage"":[0.12311013,0.00394258,0.004958817,-0.002574368,-0.009475705,-0.011692222,-0.019087356,-0.025371671],""sensorGain"":[16,64,64,64,64,64,64,64],""sensorStatus"":[0,0,0,0,0,0,0,0],""featureOrder"":[""MQ8"",""MQ135"",""MQ3"",""MQ5"",""MQ4"",""MQ7"",""MQ6"",""MQ2""]},""alarmLatched"":false}"
2026-08-04 11:18:55.365 +07:00,694.227,HOT_SWEEP_70,70,700,300,1,0,0.123158552,0.003949466,0.004948189,-0.002674402,-0.009458469,-0.011672285,-0.019111065,-0.025382563,"{""deviceId"":""1001"",""nodeId"":4097,""targetChId"":""0010"",""mode"":""inference"",""uptimeMs"":7071675,""debugEnabled"":true,""power"":{""mode"":""24v"",""externalPower"":true,""batteryMv"":65535,""batteryValid"":false,""batteryDetected"":false,""batterySenseStatus"":""not_detected"",""batteryLow"":false,""batteryCritical"":false,""sourceAmbiguous"":false,""serviceHoldActive"":false,""serviceHoldEffective"":false},""batterySession"":{""state"":""inactive"",""startedMs"":0,""stateStartedMs"":0,""validSampleBatches"":0,""requiredSampleBatches"":10,""alarmTxAttempts"":0,""alarmTxAttemptLimit"":3,""alarmAckReceived"":false,""pendingAlarm"":false,""pendingSaveRequired"":false,""persistenceFaultHold"":false,""completionReason"":""session_done""},""bootHealth"":{""adsReady"":true,""adsDrdyLevel"":0,""adsDrdyPulldownLevel"":0,""adsDrdyPullupLevel"":0,""adsMisoPulldownLevel"":0,""adsMisoPullupLevel"":1,""adsCsLevel"":1,""adsSyncLevel"":1,""adsStatus"":54,""adsMux"":15,""adsAdcon"":6,""adsDrate"":240,""adsReason"":""ok"",""tcaOk"":true,""mcpOkCount"":8,""mcpOk"":[true,true,true,true,true,true,true,true],""mcpAddrMask"":[1,1,1,1,1,1,1,1],""mcpControlTested"":true,""mcpControlOkCount"":8,""mcpControlOk"":[true,true,true,true,true,true,true,true],""dacReady"":true,""radioReady"":true,""mlReady"":true,""nullingProfileApplied"":true,""modelProfileReady"":false},""runtimeMcpCode"":[255,519,795,706,799,865,665,139],""model"":{""profileId"":""cnn-dualbranch-datasheet-v1-unbound"",""scalerProfileId"":""cnn-dualbranch-datasheet-v1-unbound"",""productionApproved"":true,""boundNullingProfileId"":8,""activeNullingProfileId"":9,""bindingValid"":true,""bindingModelMatches"":true,""profileReady"":false,""inferenceValid"":false,""sensorFault"":true},""lora"":{""beginState"":0,""lastTxState"":0,""lastTxOk"":false,""txSeq"":0,""txCounter"":0,""aesKeyProvisioned"":true,""aesKeyPresent"":true,""aesKeySource"":""nvs"",""keyId"":1,""lastDownlinkCommandId"":0,""freqMHz"":920,""bwKHz"":125,""sf"":7,""cr"":5,""syncWord"":18,""txPowerDbm"":17,""preamble"":8,""tcxoVoltage"":1.600000024,""xtalVoltage"":0},""dataset"":{""state"":""idle"",""step"":""idle"",""label"":"""",""seq"":0,""targetSamples"":0,""sampleIntervalMs"":500,""maxDurationMs"":0,""useFanIntake"":true,""fanOnMs"":1000,""postFanSettleMs"":0,""nullingProfileId"":9,""queuePending"":0,""queueCapacity"":16,""queueEnqueued"":0,""queueDropped"":0,""publishFailCount"":0,""retryCount"":0,""retryFailCount"":0,""rejectedSamples"":0,""lastRejectReason"":""none"",""lastRejectChannel"":-1,""lastRejectOkFiniteCount"":0,""lastRejectStatus"":255,""lastRejectGain"":0,""lastRejectSaturated"":false},""recovery"":{""wifiReconnectCount"":0,""wifiReconnectFailCount"":0,""mqttReconnectCount"":0,""mqttConnectFailCount"":0,""lastMqttState"":0,""adsRecoveryCount"":0,""adsRecoveryFailCount"":0,""adsReadFailStreak"":0,""lastReason"":""none"",""lastRecoveryMs"":0,""bootRecoveryArmed"":false,""bootRecoveryDueMs"":0,""bootRecoveryReason"":""none"",""bootRecoveryNonAdsFailure"":false,""bootRecoveryRestartCount"":0},""nulling"":{""done"":false,""retryArmed"":false,""attemptCount"":0,""nextRetryMs"":0,""thresholdV"":9.999999747E-06,""minFinalV"":0},""telemetry"":{""valid"":true,""sampleMs"":7071265,""gasClass"":6,""gasName"":""CO2"",""confidence"":0,""alarm"":false,""sensorVoltage"":[0.123158552,0.003949466,0.004948189,-0.002674402,-0.009458469,-0.011672285,-0.019111065,-0.025382563],""sensorGain"":[16,64,64,64,64,64,64,64],""sensorStatus"":[0,0,0,0,0,0,0,0],""featureOrder"":[""MQ8"",""MQ135"",""MQ3"",""MQ5"",""MQ4"",""MQ7"",""MQ6"",""MQ2""]},""alarmLatched"":false}"
2026-08-04 11:18:56.063 +07:00,694.932,HOT_SWEEP_70,70,700,300,1,0,0.123278163,0.003941228,0.004944601,-0.002661621,-0.009431018,-0.011633443,-0.019108355,-0.025382489,"{""deviceId"":""1001"",""nodeId"":4097,""targetChId"":""0010"",""mode"":""inference"",""uptimeMs"":7072372,""debugEnabled"":true,""power"":{""mode"":""24v"",""externalPower"":true,""batteryMv"":65535,""batteryValid"":false,""batteryDetected"":false,""batterySenseStatus"":""not_detected"",""batteryLow"":false,""batteryCritical"":false,""sourceAmbiguous"":false,""serviceHoldActive"":false,""serviceHoldEffective"":false},""batterySession"":{""state"":""inactive"",""startedMs"":0,""stateStartedMs"":0,""validSampleBatches"":0,""requiredSampleBatches"":10,""alarmTxAttempts"":0,""alarmTxAttemptLimit"":3,""alarmAckReceived"":false,""pendingAlarm"":false,""pendingSaveRequired"":false,""persistenceFaultHold"":false,""completionReason"":""session_done""},""bootHealth"":{""adsReady"":true,""adsDrdyLevel"":0,""adsDrdyPulldownLevel"":0,""adsDrdyPullupLevel"":0,""adsMisoPulldownLevel"":0,""adsMisoPullupLevel"":1,""adsCsLevel"":1,""adsSyncLevel"":1,""adsStatus"":54,""adsMux"":15,""adsAdcon"":6,""adsDrate"":240,""adsReason"":""ok"",""tcaOk"":true,""mcpOkCount"":8,""mcpOk"":[true,true,true,true,true,true,true,true],""mcpAddrMask"":[1,1,1,1,1,1,1,1],""mcpControlTested"":true,""mcpControlOkCount"":8,""mcpControlOk"":[true,true,true,true,true,true,true,true],""dacReady"":true,""radioReady"":true,""mlReady"":true,""nullingProfileApplied"":true,""modelProfileReady"":false},""runtimeMcpCode"":[255,519,795,706,799,865,665,139],""model"":{""profileId"":""cnn-dualbranch-datasheet-v1-unbound"",""scalerProfileId"":""cnn-dualbranch-datasheet-v1-unbound"",""productionApproved"":true,""boundNullingProfileId"":8,""activeNullingProfileId"":9,""bindingValid"":true,""bindingModelMatches"":true,""profileReady"":false,""inferenceValid"":false,""sensorFault"":true},""lora"":{""beginState"":0,""lastTxState"":0,""lastTxOk"":false,""txSeq"":0,""txCounter"":0,""aesKeyProvisioned"":true,""aesKeyPresent"":true,""aesKeySource"":""nvs"",""keyId"":1,""lastDownlinkCommandId"":0,""freqMHz"":920,""bwKHz"":125,""sf"":7,""cr"":5,""syncWord"":18,""txPowerDbm"":17,""preamble"":8,""tcxoVoltage"":1.600000024,""xtalVoltage"":0},""dataset"":{""state"":""idle"",""step"":""idle"",""label"":"""",""seq"":0,""targetSamples"":0,""sampleIntervalMs"":500,""maxDurationMs"":0,""useFanIntake"":true,""fanOnMs"":1000,""postFanSettleMs"":0,""nullingProfileId"":9,""queuePending"":0,""queueCapacity"":16,""queueEnqueued"":0,""queueDropped"":0,""publishFailCount"":0,""retryCount"":0,""retryFailCount"":0,""rejectedSamples"":0,""lastRejectReason"":""none"",""lastRejectChannel"":-1,""lastRejectOkFiniteCount"":0,""lastRejectStatus"":255,""lastRejectGain"":0,""lastRejectSaturated"":false},""recovery"":{""wifiReconnectCount"":0,""wifiReconnectFailCount"":0,""mqttReconnectCount"":0,""mqttConnectFailCount"":0,""lastMqttState"":0,""adsRecoveryCount"":0,""adsRecoveryFailCount"":0,""adsReadFailStreak"":0,""lastReason"":""none"",""lastRecoveryMs"":0,""bootRecoveryArmed"":false,""bootRecoveryDueMs"":0,""bootRecoveryReason"":""none"",""bootRecoveryNonAdsFailure"":false,""bootRecoveryRestartCount"":0},""nulling"":{""done"":false,""retryArmed"":false,""attemptCount"":0,""nextRetryMs"":0,""thresholdV"":9.999999747E-06,""minFinalV"":0},""telemetry"":{""valid"":true,""sampleMs"":7071985,""gasClass"":6,""gasName"":""CO2"",""confidence"":0,""alarm"":false,""sensorVoltage"":[0.123278163,0.003941228,0.004944601,-0.002661621,-0.009431018,-0.011633443,-0.019108355,-0.025382489],""sensorGain"":[16,64,64,64,64,64,64,64],""sensorStatus"":[0,0,0,0,0,0,0,0],""featureOrder"":[""MQ8"",""MQ135"",""MQ3"",""MQ5"",""MQ4"",""MQ7"",""MQ6"",""MQ2""]},""alarmLatched"":false}"
2026-08-04 11:18:56.760 +07:00,695.631,HOT_SWEEP_70,70,700,300,1,0,0.123201236,0.003936155,0.004948479,-0.002664011,-0.009411402,-0.011652001,-0.019127924,-0.025372708,"{""deviceId"":""1001"",""nodeId"":4097,""targetChId"":""0010"",""mode"":""inference"",""uptimeMs"":7073070,""debugEnabled"":true,""power"":{""mode"":""24v"",""externalPower"":true,""batteryMv"":65535,""batteryValid"":false,""batteryDetected"":false,""batterySenseStatus"":""not_detected"",""batteryLow"":false,""batteryCritical"":false,""sourceAmbiguous"":false,""serviceHoldActive"":false,""serviceHoldEffective"":false},""batterySession"":{""state"":""inactive"",""startedMs"":0,""stateStartedMs"":0,""validSampleBatches"":0,""requiredSampleBatches"":10,""alarmTxAttempts"":0,""alarmTxAttemptLimit"":3,""alarmAckReceived"":false,""pendingAlarm"":false,""pendingSaveRequired"":false,""persistenceFaultHold"":false,""completionReason"":""session_done""},""bootHealth"":{""adsReady"":true,""adsDrdyLevel"":0,""adsDrdyPulldownLevel"":0,""adsDrdyPullupLevel"":0,""adsMisoPulldownLevel"":0,""adsMisoPullupLevel"":1,""adsCsLevel"":1,""adsSyncLevel"":1,""adsStatus"":54,""adsMux"":15,""adsAdcon"":6,""adsDrate"":240,""adsReason"":""ok"",""tcaOk"":true,""mcpOkCount"":8,""mcpOk"":[true,true,true,true,true,true,true,true],""mcpAddrMask"":[1,1,1,1,1,1,1,1],""mcpControlTested"":true,""mcpControlOkCount"":8,""mcpControlOk"":[true,true,true,true,true,true,true,true],""dacReady"":true,""radioReady"":true,""mlReady"":true,""nullingProfileApplied"":true,""modelProfileReady"":false},""runtimeMcpCode"":[255,519,795,706,799,865,665,139],""model"":{""profileId"":""cnn-dualbranch-datasheet-v1-unbound"",""scalerProfileId"":""cnn-dualbranch-datasheet-v1-unbound"",""productionApproved"":true,""boundNullingProfileId"":8,""activeNullingProfileId"":9,""bindingValid"":true,""bindingModelMatches"":true,""profileReady"":false,""inferenceValid"":false,""sensorFault"":true},""lora"":{""beginState"":0,""lastTxState"":0,""lastTxOk"":false,""txSeq"":0,""txCounter"":0,""aesKeyProvisioned"":true,""aesKeyPresent"":true,""aesKeySource"":""nvs"",""keyId"":1,""lastDownlinkCommandId"":0,""freqMHz"":920,""bwKHz"":125,""sf"":7,""cr"":5,""syncWord"":18,""txPowerDbm"":17,""preamble"":8,""tcxoVoltage"":1.600000024,""xtalVoltage"":0},""dataset"":{""state"":""idle"",""step"":""idle"",""label"":"""",""seq"":0,""targetSamples"":0,""sampleIntervalMs"":500,""maxDurationMs"":0,""useFanIntake"":true,""fanOnMs"":1000,""postFanSettleMs"":0,""nullingProfileId"":9,""queuePending"":0,""queueCapacity"":16,""queueEnqueued"":0,""queueDropped"":0,""publishFailCount"":0,""retryCount"":0,""retryFailCount"":0,""rejectedSamples"":0,""lastRejectReason"":""none"",""lastRejectChannel"":-1,""lastRejectOkFiniteCount"":0,""lastRejectStatus"":255,""lastRejectGain"":0,""lastRejectSaturated"":false},""recovery"":{""wifiReconnectCount"":0,""wifiReconnectFailCount"":0,""mqttReconnectCount"":0,""mqttConnectFailCount"":0,""lastMqttState"":0,""adsRecoveryCount"":0,""adsRecoveryFailCount"":0,""adsReadFailStreak"":0,""lastReason"":""none"",""lastRecoveryMs"":0,""bootRecoveryArmed"":false,""bootRecoveryDueMs"":0,""bootRecoveryReason"":""none"",""bootRecoveryNonAdsFailure"":false,""bootRecoveryRestartCount"":0},""nulling"":{""done"":false,""retryArmed"":false,""attemptCount"":0,""nextRetryMs"":0,""thresholdV"":9.999999747E-06,""minFinalV"":0},""telemetry"":{""valid"":true,""sampleMs"":7072650,""gasClass"":6,""gasName"":""CO2"",""confidence"":0,""alarm"":false,""sensorVoltage"":[0.123201236,0.003936155,0.004948479,-0.002664011,-0.009411402,-0.011652001,-0.019127924,-0.025372708],""sensorGain"":[16,64,64,64,64,64,64,64],""sensorStatus"":[0,0,0,0,0,0,0,0],""featureOrder"":[""MQ8"",""MQ135"",""MQ3"",""MQ5"",""MQ4"",""MQ7"",""MQ6"",""MQ2""]},""alarmLatched"":false}"
2026-08-04 11:18:57.454 +07:00,696.327,HOT_SWEEP_70,70,700,300,1,0,0.123179674,0.004007584,0.004949408,-0.002606343,-0.009378271,-0.011655994,-0.019146178,-0.025408531,"{""deviceId"":""1001"",""nodeId"":4097,""targetChId"":""0010"",""mode"":""inference"",""uptimeMs"":7073770,""debugEnabled"":true,""power"":{""mode"":""24v"",""externalPower"":true,""batteryMv"":65535,""batteryValid"":false,""batteryDetected"":false,""batterySenseStatus"":""not_detected"",""batteryLow"":false,""batteryCritical"":false,""sourceAmbiguous"":false,""serviceHoldActive"":false,""serviceHoldEffective"":false},""batterySession"":{""state"":""inactive"",""startedMs"":0,""stateStartedMs"":0,""validSampleBatches"":0,""requiredSampleBatches"":10,""alarmTxAttempts"":0,""alarmTxAttemptLimit"":3,""alarmAckReceived"":false,""pendingAlarm"":false,""pendingSaveRequired"":false,""persistenceFaultHold"":false,""completionReason"":""session_done""},""bootHealth"":{""adsReady"":true,""adsDrdyLevel"":0,""adsDrdyPulldownLevel"":0,""adsDrdyPullupLevel"":0,""adsMisoPulldownLevel"":0,""adsMisoPullupLevel"":1,""adsCsLevel"":1,""adsSyncLevel"":1,""adsStatus"":54,""adsMux"":15,""adsAdcon"":6,""adsDrate"":240,""adsReason"":""ok"",""tcaOk"":true,""mcpOkCount"":8,""mcpOk"":[true,true,true,true,true,true,true,true],""mcpAddrMask"":[1,1,1,1,1,1,1,1],""mcpControlTested"":true,""mcpControlOkCount"":8,""mcpControlOk"":[true,true,true,true,true,true,true,true],""dacReady"":true,""radioReady"":true,""mlReady"":true,""nullingProfileApplied"":true,""modelProfileReady"":false},""runtimeMcpCode"":[255,519,795,706,799,865,665,139],""model"":{""profileId"":""cnn-dualbranch-datasheet-v1-unbound"",""scalerProfileId"":""cnn-dualbranch-datasheet-v1-unbound"",""productionApproved"":true,""boundNullingProfileId"":8,""activeNullingProfileId"":9,""bindingValid"":true,""bindingModelMatches"":true,""profileReady"":false,""inferenceValid"":false,""sensorFault"":true},""lora"":{""beginState"":0,""lastTxState"":0,""lastTxOk"":false,""txSeq"":0,""txCounter"":0,""aesKeyProvisioned"":true,""aesKeyPresent"":true,""aesKeySource"":""nvs"",""keyId"":1,""lastDownlinkCommandId"":0,""freqMHz"":920,""bwKHz"":125,""sf"":7,""cr"":5,""syncWord"":18,""txPowerDbm"":17,""preamble"":8,""tcxoVoltage"":1.600000024,""xtalVoltage"":0},""dataset"":{""state"":""idle"",""step"":""idle"",""label"":"""",""seq"":0,""targetSamples"":0,""sampleIntervalMs"":500,""maxDurationMs"":0,""useFanIntake"":true,""fanOnMs"":1000,""postFanSettleMs"":0,""nullingProfileId"":9,""queuePending"":0,""queueCapacity"":16,""queueEnqueued"":0,""queueDropped"":0,""publishFailCount"":0,""retryCount"":0,""retryFailCount"":0,""rejectedSamples"":0,""lastRejectReason"":""none"",""lastRejectChannel"":-1,""lastRejectOkFiniteCount"":0,""lastRejectStatus"":255,""lastRejectGain"":0,""lastRejectSaturated"":false},""recovery"":{""wifiReconnectCount"":0,""wifiReconnectFailCount"":0,""mqttReconnectCount"":0,""mqttConnectFailCount"":0,""lastMqttState"":0,""adsRecoveryCount"":0,""adsRecoveryFailCount"":0,""adsReadFailStreak"":0,""lastReason"":""none"",""lastRecoveryMs"":0,""bootRecoveryArmed"":false,""bootRecoveryDueMs"":0,""bootRecoveryReason"":""none"",""bootRecoveryNonAdsFailure"":false,""bootRecoveryRestartCount"":0},""nulling"":{""done"":false,""retryArmed"":false,""attemptCount"":0,""nextRetryMs"":0,""thresholdV"":9.999999747E-06,""minFinalV"":0},""telemetry"":{""valid"":true,""sampleMs"":7073353,""gasClass"":6,""gasName"":""CO2"",""confidence"":0,""alarm"":false,""sensorVoltage"":[0.123179674,0.004007584,0.004949408,-0.002606343,-0.009378271,-0.011655994,-0.019146178,-0.025408531],""sensorGain"":[16,64,64,64,64,64,64,64],""sensorStatus"":[0,0,0,0,0,0,0,0],""featureOrder"":[""MQ8"",""MQ135"",""MQ3"",""MQ5"",""MQ4"",""MQ7"",""MQ6"",""MQ2""]},""alarmLatched"":false}"
2026-08-04 11:18:58.176 +07:00,697.042,HOT_SWEEP_70,70,700,300,1,0,0.122983314,0.004007867,0.004936683,-0.00260571,-0.009398645,-0.011652088,-0.019146783,-0.025392866,"{""deviceId"":""1001"",""nodeId"":4097,""targetChId"":""0010"",""mode"":""inference"",""uptimeMs"":7074486,""debugEnabled"":true,""power"":{""mode"":""24v"",""externalPower"":true,""batteryMv"":65535,""batteryValid"":false,""batteryDetected"":false,""batterySenseStatus"":""not_detected"",""batteryLow"":false,""batteryCritical"":false,""sourceAmbiguous"":false,""serviceHoldActive"":false,""serviceHoldEffective"":false},""batterySession"":{""state"":""inactive"",""startedMs"":0,""stateStartedMs"":0,""validSampleBatches"":0,""requiredSampleBatches"":10,""alarmTxAttempts"":0,""alarmTxAttemptLimit"":3,""alarmAckReceived"":false,""pendingAlarm"":false,""pendingSaveRequired"":false,""persistenceFaultHold"":false,""completionReason"":""session_done""},""bootHealth"":{""adsReady"":true,""adsDrdyLevel"":0,""adsDrdyPulldownLevel"":0,""adsDrdyPullupLevel"":0,""adsMisoPulldownLevel"":0,""adsMisoPullupLevel"":1,""adsCsLevel"":1,""adsSyncLevel"":1,""adsStatus"":54,""adsMux"":15,""adsAdcon"":6,""adsDrate"":240,""adsReason"":""ok"",""tcaOk"":true,""mcpOkCount"":8,""mcpOk"":[true,true,true,true,true,true,true,true],""mcpAddrMask"":[1,1,1,1,1,1,1,1],""mcpControlTested"":true,""mcpControlOkCount"":8,""mcpControlOk"":[true,true,true,true,true,true,true,true],""dacReady"":true,""radioReady"":true,""mlReady"":true,""nullingProfileApplied"":true,""modelProfileReady"":false},""runtimeMcpCode"":[255,519,795,706,799,865,665,139],""model"":{""profileId"":""cnn-dualbranch-datasheet-v1-unbound"",""scalerProfileId"":""cnn-dualbranch-datasheet-v1-unbound"",""productionApproved"":true,""boundNullingProfileId"":8,""activeNullingProfileId"":9,""bindingValid"":true,""bindingModelMatches"":true,""profileReady"":false,""inferenceValid"":false,""sensorFault"":true},""lora"":{""beginState"":0,""lastTxState"":0,""lastTxOk"":false,""txSeq"":0,""txCounter"":0,""aesKeyProvisioned"":true,""aesKeyPresent"":true,""aesKeySource"":""nvs"",""keyId"":1,""lastDownlinkCommandId"":0,""freqMHz"":920,""bwKHz"":125,""sf"":7,""cr"":5,""syncWord"":18,""txPowerDbm"":17,""preamble"":8,""tcxoVoltage"":1.600000024,""xtalVoltage"":0},""dataset"":{""state"":""idle"",""step"":""idle"",""label"":"""",""seq"":0,""targetSamples"":0,""sampleIntervalMs"":500,""maxDurationMs"":0,""useFanIntake"":true,""fanOnMs"":1000,""postFanSettleMs"":0,""nullingProfileId"":9,""queuePending"":0,""queueCapacity"":16,""queueEnqueued"":0,""queueDropped"":0,""publishFailCount"":0,""retryCount"":0,""retryFailCount"":0,""rejectedSamples"":0,""lastRejectReason"":""none"",""lastRejectChannel"":-1,""lastRejectOkFiniteCount"":0,""lastRejectStatus"":255,""lastRejectGain"":0,""lastRejectSaturated"":false},""recovery"":{""wifiReconnectCount"":0,""wifiReconnectFailCount"":0,""mqttReconnectCount"":0,""mqttConnectFailCount"":0,""lastMqttState"":0,""adsRecoveryCount"":0,""adsRecoveryFailCount"":0,""adsReadFailStreak"":0,""lastReason"":""none"",""lastRecoveryMs"":0,""bootRecoveryArmed"":false,""bootRecoveryDueMs"":0,""bootRecoveryReason"":""none"",""bootRecoveryNonAdsFailure"":false,""bootRecoveryRestartCount"":0},""nulling"":{""done"":false,""retryArmed"":false,""attemptCount"":0,""nextRetryMs"":0,""thresholdV"":9.999999747E-06,""minFinalV"":0},""telemetry"":{""valid"":true,""sampleMs"":7074080,""gasClass"":6,""gasName"":""CO2"",""confidence"":0,""alarm"":false,""sensorVoltage"":[0.122983314,0.004007867,0.004936683,-0.00260571,-0.009398645,-0.011652088,-0.019146783,-0.025392866],""sensorGain"":[16,64,64,64,64,64,64,64],""sensorStatus"":[0,0,0,0,0,0,0,0],""featureOrder"":[""MQ8"",""MQ135"",""MQ3"",""MQ5"",""MQ4"",""MQ7"",""MQ6"",""MQ2""]},""alarmLatched"":false}"
2026-08-04 11:18:58.879 +07:00,697.748,HOT_SWEEP_70,70,700,300,1,0,0.122776464,0.003993482,0.004938631,-0.002620427,-0.009318197,-0.011620614,-0.019084107,-0.025390754,"{""deviceId"":""1001"",""nodeId"":4097,""targetChId"":""0010"",""mode"":""inference"",""uptimeMs"":7075187,""debugEnabled"":true,""power"":{""mode"":""24v"",""externalPower"":true,""batteryMv"":65535,""batteryValid"":false,""batteryDetected"":false,""batterySenseStatus"":""not_detected"",""batteryLow"":false,""batteryCritical"":false,""sourceAmbiguous"":false,""serviceHoldActive"":false,""serviceHoldEffective"":false},""batterySession"":{""state"":""inactive"",""startedMs"":0,""stateStartedMs"":0,""validSampleBatches"":0,""requiredSampleBatches"":10,""alarmTxAttempts"":0,""alarmTxAttemptLimit"":3,""alarmAckReceived"":false,""pendingAlarm"":false,""pendingSaveRequired"":false,""persistenceFaultHold"":false,""completionReason"":""session_done""},""bootHealth"":{""adsReady"":true,""adsDrdyLevel"":0,""adsDrdyPulldownLevel"":0,""adsDrdyPullupLevel"":0,""adsMisoPulldownLevel"":0,""adsMisoPullupLevel"":1,""adsCsLevel"":1,""adsSyncLevel"":1,""adsStatus"":54,""adsMux"":15,""adsAdcon"":6,""adsDrate"":240,""adsReason"":""ok"",""tcaOk"":true,""mcpOkCount"":8,""mcpOk"":[true,true,true,true,true,true,true,true],""mcpAddrMask"":[1,1,1,1,1,1,1,1],""mcpControlTested"":true,""mcpControlOkCount"":8,""mcpControlOk"":[true,true,true,true,true,true,true,true],""dacReady"":true,""radioReady"":true,""mlReady"":true,""nullingProfileApplied"":true,""modelProfileReady"":false},""runtimeMcpCode"":[255,519,795,706,799,865,665,139],""model"":{""profileId"":""cnn-dualbranch-datasheet-v1-unbound"",""scalerProfileId"":""cnn-dualbranch-datasheet-v1-unbound"",""productionApproved"":true,""boundNullingProfileId"":8,""activeNullingProfileId"":9,""bindingValid"":true,""bindingModelMatches"":true,""profileReady"":false,""inferenceValid"":false,""sensorFault"":true},""lora"":{""beginState"":0,""lastTxState"":0,""lastTxOk"":false,""txSeq"":0,""txCounter"":0,""aesKeyProvisioned"":true,""aesKeyPresent"":true,""aesKeySource"":""nvs"",""keyId"":1,""lastDownlinkCommandId"":0,""freqMHz"":920,""bwKHz"":125,""sf"":7,""cr"":5,""syncWord"":18,""txPowerDbm"":17,""preamble"":8,""tcxoVoltage"":1.600000024,""xtalVoltage"":0},""dataset"":{""state"":""idle"",""step"":""idle"",""label"":"""",""seq"":0,""targetSamples"":0,""sampleIntervalMs"":500,""maxDurationMs"":0,""useFanIntake"":true,""fanOnMs"":1000,""postFanSettleMs"":0,""nullingProfileId"":9,""queuePending"":0,""queueCapacity"":16,""queueEnqueued"":0,""queueDropped"":0,""publishFailCount"":0,""retryCount"":0,""retryFailCount"":0,""rejectedSamples"":0,""lastRejectReason"":""none"",""lastRejectChannel"":-1,""lastRejectOkFiniteCount"":0,""lastRejectStatus"":255,""lastRejectGain"":0,""lastRejectSaturated"":false},""recovery"":{""wifiReconnectCount"":0,""wifiReconnectFailCount"":0,""mqttReconnectCount"":0,""mqttConnectFailCount"":0,""lastMqttState"":0,""adsRecoveryCount"":0,""adsRecoveryFailCount"":0,""adsReadFailStreak"":0,""lastReason"":""none"",""lastRecoveryMs"":0,""bootRecoveryArmed"":false,""bootRecoveryDueMs"":0,""bootRecoveryReason"":""none"",""bootRecoveryNonAdsFailure"":false,""bootRecoveryRestartCount"":0},""nulling"":{""done"":false,""retryArmed"":false,""attemptCount"":0,""nextRetryMs"":0,""thresholdV"":9.999999747E-06,""minFinalV"":0},""telemetry"":{""valid"":true,""sampleMs"":7074764,""gasClass"":6,""gasName"":""CO2"",""confidence"":0,""alarm"":false,""sensorVoltage"":[0.122776464,0.003993482,0.004938631,-0.002620427,-0.009318197,-0.011620614,-0.019084107,-0.025390754],""sensorGain"":[16,64,64,64,64,64,64,64],""sensorStatus"":[0,0,0,0,0,0,0,0],""featureOrder"":[""MQ8"",""MQ135"",""MQ3"",""MQ5"",""MQ4"",""MQ7"",""MQ6"",""MQ2""]},""alarmLatched"":false}"
2026-08-04 11:18:59.563 +07:00,698.436,HOT_SWEEP_70,70,700,300,1,0,0.123444378,0.003981516,0.004934149,-0.002645001,-0.009345287,-0.01164201,-0.019146582,-0.025358731,"{""deviceId"":""1001"",""nodeId"":4097,""targetChId"":""0010"",""mode"":""inference"",""uptimeMs"":7075876,""debugEnabled"":true,""power"":{""mode"":""24v"",""externalPower"":true,""batteryMv"":65535,""batteryValid"":false,""batteryDetected"":false,""batterySenseStatus"":""not_detected"",""batteryLow"":false,""batteryCritical"":false,""sourceAmbiguous"":false,""serviceHoldActive"":false,""serviceHoldEffective"":false},""batterySession"":{""state"":""inactive"",""startedMs"":0,""stateStartedMs"":0,""validSampleBatches"":0,""requiredSampleBatches"":10,""alarmTxAttempts"":0,""alarmTxAttemptLimit"":3,""alarmAckReceived"":false,""pendingAlarm"":false,""pendingSaveRequired"":false,""persistenceFaultHold"":false,""completionReason"":""session_done""},""bootHealth"":{""adsReady"":true,""adsDrdyLevel"":0,""adsDrdyPulldownLevel"":0,""adsDrdyPullupLevel"":0,""adsMisoPulldownLevel"":0,""adsMisoPullupLevel"":1,""adsCsLevel"":1,""adsSyncLevel"":1,""adsStatus"":54,""adsMux"":15,""adsAdcon"":6,""adsDrate"":240,""adsReason"":""ok"",""tcaOk"":true,""mcpOkCount"":8,""mcpOk"":[true,true,true,true,true,true,true,true],""mcpAddrMask"":[1,1,1,1,1,1,1,1],""mcpControlTested"":true,""mcpControlOkCount"":8,""mcpControlOk"":[true,true,true,true,true,true,true,true],""dacReady"":true,""radioReady"":true,""mlReady"":true,""nullingProfileApplied"":true,""modelProfileReady"":false},""runtimeMcpCode"":[255,519,795,706,799,865,665,139],""model"":{""profileId"":""cnn-dualbranch-datasheet-v1-unbound"",""scalerProfileId"":""cnn-dualbranch-datasheet-v1-unbound"",""productionApproved"":true,""boundNullingProfileId"":8,""activeNullingProfileId"":9,""bindingValid"":true,""bindingModelMatches"":true,""profileReady"":false,""inferenceValid"":false,""sensorFault"":true},""lora"":{""beginState"":0,""lastTxState"":0,""lastTxOk"":false,""txSeq"":0,""txCounter"":0,""aesKeyProvisioned"":true,""aesKeyPresent"":true,""aesKeySource"":""nvs"",""keyId"":1,""lastDownlinkCommandId"":0,""freqMHz"":920,""bwKHz"":125,""sf"":7,""cr"":5,""syncWord"":18,""txPowerDbm"":17,""preamble"":8,""tcxoVoltage"":1.600000024,""xtalVoltage"":0},""dataset"":{""state"":""idle"",""step"":""idle"",""label"":"""",""seq"":0,""targetSamples"":0,""sampleIntervalMs"":500,""maxDurationMs"":0,""useFanIntake"":true,""fanOnMs"":1000,""postFanSettleMs"":0,""nullingProfileId"":9,""queuePending"":0,""queueCapacity"":16,""queueEnqueued"":0,""queueDropped"":0,""publishFailCount"":0,""retryCount"":0,""retryFailCount"":0,""rejectedSamples"":0,""lastRejectReason"":""none"",""lastRejectChannel"":-1,""lastRejectOkFiniteCount"":0,""lastRejectStatus"":255,""lastRejectGain"":0,""lastRejectSaturated"":false},""recovery"":{""wifiReconnectCount"":0,""wifiReconnectFailCount"":0,""mqttReconnectCount"":0,""mqttConnectFailCount"":0,""lastMqttState"":0,""adsRecoveryCount"":0,""adsRecoveryFailCount"":0,""adsReadFailStreak"":0,""lastReason"":""none"",""lastRecoveryMs"":0,""bootRecoveryArmed"":false,""bootRecoveryDueMs"":0,""bootRecoveryReason"":""none"",""bootRecoveryNonAdsFailure"":false,""bootRecoveryRestartCount"":0},""nulling"":{""done"":false,""retryArmed"":false,""attemptCount"":0,""nextRetryMs"":0,""thresholdV"":9.999999747E-06,""minFinalV"":0},""telemetry"":{""valid"":true,""sampleMs"":7075465,""gasClass"":6,""gasName"":""CO2"",""confidence"":0,""alarm"":false,""sensorVoltage"":[0.123444378,0.003981516,0.004934149,-0.002645001,-0.009345287,-0.01164201,-0.019146582,-0.025358731],""sensorGain"":[16,64,64,64,64,64,64,64],""sensorStatus"":[0,0,0,0,0,0,0,0],""featureOrder"":[""MQ8"",""MQ135"",""MQ3"",""MQ5"",""MQ4"",""MQ7"",""MQ6"",""MQ2""]},""alarmLatched"":false}"
2026-08-04 11:19:00.270 +07:00,699.130,HOT_SWEEP_70,70,700,300,1,0,0.123465084,0.004003823,0.004926653,-0.002596474,-0.009366775,-0.011652653,-0.019140583,-0.025404353,"{""deviceId"":""1001"",""nodeId"":4097,""targetChId"":""0010"",""mode"":""inference"",""uptimeMs"":7076568,""debugEnabled"":true,""power"":{""mode"":""24v"",""externalPower"":true,""batteryMv"":65535,""batteryValid"":false,""batteryDetected"":false,""batterySenseStatus"":""not_detected"",""batteryLow"":false,""batteryCritical"":false,""sourceAmbiguous"":false,""serviceHoldActive"":false,""serviceHoldEffective"":false},""batterySession"":{""state"":""inactive"",""startedMs"":0,""stateStartedMs"":0,""validSampleBatches"":0,""requiredSampleBatches"":10,""alarmTxAttempts"":0,""alarmTxAttemptLimit"":3,""alarmAckReceived"":false,""pendingAlarm"":false,""pendingSaveRequired"":false,""persistenceFaultHold"":false,""completionReason"":""session_done""},""bootHealth"":{""adsReady"":true,""adsDrdyLevel"":0,""adsDrdyPulldownLevel"":0,""adsDrdyPullupLevel"":0,""adsMisoPulldownLevel"":0,""adsMisoPullupLevel"":1,""adsCsLevel"":1,""adsSyncLevel"":1,""adsStatus"":54,""adsMux"":15,""adsAdcon"":6,""adsDrate"":240,""adsReason"":""ok"",""tcaOk"":true,""mcpOkCount"":8,""mcpOk"":[true,true,true,true,true,true,true,true],""mcpAddrMask"":[1,1,1,1,1,1,1,1],""mcpControlTested"":true,""mcpControlOkCount"":8,""mcpControlOk"":[true,true,true,true,true,true,true,true],""dacReady"":true,""radioReady"":true,""mlReady"":true,""nullingProfileApplied"":true,""modelProfileReady"":false},""runtimeMcpCode"":[255,519,795,706,799,865,665,139],""model"":{""profileId"":""cnn-dualbranch-datasheet-v1-unbound"",""scalerProfileId"":""cnn-dualbranch-datasheet-v1-unbound"",""productionApproved"":true,""boundNullingProfileId"":8,""activeNullingProfileId"":9,""bindingValid"":true,""bindingModelMatches"":true,""profileReady"":false,""inferenceValid"":false,""sensorFault"":true},""lora"":{""beginState"":0,""lastTxState"":0,""lastTxOk"":false,""txSeq"":0,""txCounter"":0,""aesKeyProvisioned"":true,""aesKeyPresent"":true,""aesKeySource"":""nvs"",""keyId"":1,""lastDownlinkCommandId"":0,""freqMHz"":920,""bwKHz"":125,""sf"":7,""cr"":5,""syncWord"":18,""txPowerDbm"":17,""preamble"":8,""tcxoVoltage"":1.600000024,""xtalVoltage"":0},""dataset"":{""state"":""idle"",""step"":""idle"",""label"":"""",""seq"":0,""targetSamples"":0,""sampleIntervalMs"":500,""maxDurationMs"":0,""useFanIntake"":true,""fanOnMs"":1000,""postFanSettleMs"":0,""nullingProfileId"":9,""queuePending"":0,""queueCapacity"":16,""queueEnqueued"":0,""queueDropped"":0,""publishFailCount"":0,""retryCount"":0,""retryFailCount"":0,""rejectedSamples"":0,""lastRejectReason"":""none"",""lastRejectChannel"":-1,""lastRejectOkFiniteCount"":0,""lastRejectStatus"":255,""lastRejectGain"":0,""lastRejectSaturated"":false},""recovery"":{""wifiReconnectCount"":0,""wifiReconnectFailCount"":0,""mqttReconnectCount"":0,""mqttConnectFailCount"":0,""lastMqttState"":0,""adsRecoveryCount"":0,""adsRecoveryFailCount"":0,""adsReadFailStreak"":0,""lastReason"":""none"",""lastRecoveryMs"":0,""bootRecoveryArmed"":false,""bootRecoveryDueMs"":0,""bootRecoveryReason"":""none"",""bootRecoveryNonAdsFailure"":false,""bootRecoveryRestartCount"":0},""nulling"":{""done"":false,""retryArmed"":false,""attemptCount"":0,""nextRetryMs"":0,""thresholdV"":9.999999747E-06,""minFinalV"":0},""telemetry"":{""valid"":true,""sampleMs"":7076186,""gasClass"":6,""gasName"":""CO2"",""confidence"":0,""alarm"":false,""sensorVoltage"":[0.123465084,0.004003823,0.004926653,-0.002596474,-0.009366775,-0.011652653,-0.019140583,-0.025404353],""sensorGain"":[16,64,64,64,64,64,64,64],""sensorStatus"":[0,0,0,0,0,0,0,0],""featureOrder"":[""MQ8"",""MQ135"",""MQ3"",""MQ5"",""MQ4"",""MQ7"",""MQ6"",""MQ2""]},""alarmLatched"":false}"
2026-08-04 11:19:00.984 +07:00,699.849,HOT_SWEEP_70,70,700,300,1,0,0.123322032,0.004019982,0.004896125,-0.00253341,-0.009286855,-0.011639455,-0.019141417,-0.025386414,"{""deviceId"":""1001"",""nodeId"":4097,""targetChId"":""0010"",""mode"":""inference"",""uptimeMs"":7077289,""debugEnabled"":true,""power"":{""mode"":""24v"",""externalPower"":true,""batteryMv"":65535,""batteryValid"":false,""batteryDetected"":false,""batterySenseStatus"":""not_detected"",""batteryLow"":false,""batteryCritical"":false,""sourceAmbiguous"":false,""serviceHoldActive"":false,""serviceHoldEffective"":false},""batterySession"":{""state"":""inactive"",""startedMs"":0,""stateStartedMs"":0,""validSampleBatches"":0,""requiredSampleBatches"":10,""alarmTxAttempts"":0,""alarmTxAttemptLimit"":3,""alarmAckReceived"":false,""pendingAlarm"":false,""pendingSaveRequired"":false,""persistenceFaultHold"":false,""completionReason"":""session_done""},""bootHealth"":{""adsReady"":true,""adsDrdyLevel"":0,""adsDrdyPulldownLevel"":0,""adsDrdyPullupLevel"":0,""adsMisoPulldownLevel"":0,""adsMisoPullupLevel"":1,""adsCsLevel"":1,""adsSyncLevel"":1,""adsStatus"":54,""adsMux"":15,""adsAdcon"":6,""adsDrate"":240,""adsReason"":""ok"",""tcaOk"":true,""mcpOkCount"":8,""mcpOk"":[true,true,true,true,true,true,true,true],""mcpAddrMask"":[1,1,1,1,1,1,1,1],""mcpControlTested"":true,""mcpControlOkCount"":8,""mcpControlOk"":[true,true,true,true,true,true,true,true],""dacReady"":true,""radioReady"":true,""mlReady"":true,""nullingProfileApplied"":true,""modelProfileReady"":false},""runtimeMcpCode"":[255,519,795,706,799,865,665,139],""model"":{""profileId"":""cnn-dualbranch-datasheet-v1-unbound"",""scalerProfileId"":""cnn-dualbranch-datasheet-v1-unbound"",""productionApproved"":true,""boundNullingProfileId"":8,""activeNullingProfileId"":9,""bindingValid"":true,""bindingModelMatches"":true,""profileReady"":false,""inferenceValid"":false,""sensorFault"":true},""lora"":{""beginState"":0,""lastTxState"":0,""lastTxOk"":false,""txSeq"":0,""txCounter"":0,""aesKeyProvisioned"":true,""aesKeyPresent"":true,""aesKeySource"":""nvs"",""keyId"":1,""lastDownlinkCommandId"":0,""freqMHz"":920,""bwKHz"":125,""sf"":7,""cr"":5,""syncWord"":18,""txPowerDbm"":17,""preamble"":8,""tcxoVoltage"":1.600000024,""xtalVoltage"":0},""dataset"":{""state"":""idle"",""step"":""idle"",""label"":"""",""seq"":0,""targetSamples"":0,""sampleIntervalMs"":500,""maxDurationMs"":0,""useFanIntake"":true,""fanOnMs"":1000,""postFanSettleMs"":0,""nullingProfileId"":9,""queuePending"":0,""queueCapacity"":16,""queueEnqueued"":0,""queueDropped"":0,""publishFailCount"":0,""retryCount"":0,""retryFailCount"":0,""rejectedSamples"":0,""lastRejectReason"":""none"",""lastRejectChannel"":-1,""lastRejectOkFiniteCount"":0,""lastRejectStatus"":255,""lastRejectGain"":0,""lastRejectSaturated"":false},""recovery"":{""wifiReconnectCount"":0,""wifiReconnectFailCount"":0,""mqttReconnectCount"":0,""mqttConnectFailCount"":0,""lastMqttState"":0,""adsRecoveryCount"":0,""adsRecoveryFailCount"":0,""adsReadFailStreak"":0,""lastReason"":""none"",""lastRecoveryMs"":0,""bootRecoveryArmed"":false,""bootRecoveryDueMs"":0,""bootRecoveryReason"":""none"",""bootRecoveryNonAdsFailure"":false,""bootRecoveryRestartCount"":0},""nulling"":{""done"":false,""retryArmed"":false,""attemptCount"":0,""nextRetryMs"":0,""thresholdV"":9.999999747E-06,""minFinalV"":0},""telemetry"":{""valid"":true,""sampleMs"":7076846,""gasClass"":6,""gasName"":""CO2"",""confidence"":0,""alarm"":false,""sensorVoltage"":[0.123322032,0.004019982,0.004896125,-0.00253341,-0.009286855,-0.011639455,-0.019141417,-0.025386414],""sensorGain"":[16,64,64,64,64,64,64,64],""sensorStatus"":[0,0,0,0,0,0,0,0],""featureOrder"":[""MQ8"",""MQ135"",""MQ3"",""MQ5"",""MQ4"",""MQ7"",""MQ6"",""MQ2""]},""alarmLatched"":false}"
2026-08-04 11:19:01.676 +07:00,700.541,HOT_SWEEP_70,70,700,300,1,0,0.12377546,0.004035261,0.004890865,-0.002534533,-0.009290419,-0.011678155,-0.019151937,-0.02540342,"{""deviceId"":""1001"",""nodeId"":4097,""targetChId"":""0010"",""mode"":""inference"",""uptimeMs"":7077982,""debugEnabled"":true,""power"":{""mode"":""24v"",""externalPower"":true,""batteryMv"":65535,""batteryValid"":false,""batteryDetected"":false,""batterySenseStatus"":""not_detected"",""batteryLow"":false,""batteryCritical"":false,""sourceAmbiguous"":false,""serviceHoldActive"":false,""serviceHoldEffective"":false},""batterySession"":{""state"":""inactive"",""startedMs"":0,""stateStartedMs"":0,""validSampleBatches"":0,""requiredSampleBatches"":10,""alarmTxAttempts"":0,""alarmTxAttemptLimit"":3,""alarmAckReceived"":false,""pendingAlarm"":false,""pendingSaveRequired"":false,""persistenceFaultHold"":false,""completionReason"":""session_done""},""bootHealth"":{""adsReady"":true,""adsDrdyLevel"":0,""adsDrdyPulldownLevel"":0,""adsDrdyPullupLevel"":0,""adsMisoPulldownLevel"":0,""adsMisoPullupLevel"":1,""adsCsLevel"":1,""adsSyncLevel"":1,""adsStatus"":54,""adsMux"":15,""adsAdcon"":6,""adsDrate"":240,""adsReason"":""ok"",""tcaOk"":true,""mcpOkCount"":8,""mcpOk"":[true,true,true,true,true,true,true,true],""mcpAddrMask"":[1,1,1,1,1,1,1,1],""mcpControlTested"":true,""mcpControlOkCount"":8,""mcpControlOk"":[true,true,true,true,true,true,true,true],""dacReady"":true,""radioReady"":true,""mlReady"":true,""nullingProfileApplied"":true,""modelProfileReady"":false},""runtimeMcpCode"":[255,519,795,706,799,865,665,139],""model"":{""profileId"":""cnn-dualbranch-datasheet-v1-unbound"",""scalerProfileId"":""cnn-dualbranch-datasheet-v1-unbound"",""productionApproved"":true,""boundNullingProfileId"":8,""activeNullingProfileId"":9,""bindingValid"":true,""bindingModelMatches"":true,""profileReady"":false,""inferenceValid"":false,""sensorFault"":true},""lora"":{""beginState"":0,""lastTxState"":0,""lastTxOk"":false,""txSeq"":0,""txCounter"":0,""aesKeyProvisioned"":true,""aesKeyPresent"":true,""aesKeySource"":""nvs"",""keyId"":1,""lastDownlinkCommandId"":0,""freqMHz"":920,""bwKHz"":125,""sf"":7,""cr"":5,""syncWord"":18,""txPowerDbm"":17,""preamble"":8,""tcxoVoltage"":1.600000024,""xtalVoltage"":0},""dataset"":{""state"":""idle"",""step"":""idle"",""label"":"""",""seq"":0,""targetSamples"":0,""sampleIntervalMs"":500,""maxDurationMs"":0,""useFanIntake"":true,""fanOnMs"":1000,""postFanSettleMs"":0,""nullingProfileId"":9,""queuePending"":0,""queueCapacity"":16,""queueEnqueued"":0,""queueDropped"":0,""publishFailCount"":0,""retryCount"":0,""retryFailCount"":0,""rejectedSamples"":0,""lastRejectReason"":""none"",""lastRejectChannel"":-1,""lastRejectOkFiniteCount"":0,""lastRejectStatus"":255,""lastRejectGain"":0,""lastRejectSaturated"":false},""recovery"":{""wifiReconnectCount"":0,""wifiReconnectFailCount"":0,""mqttReconnectCount"":0,""mqttConnectFailCount"":0,""lastMqttState"":0,""adsRecoveryCount"":0,""adsRecoveryFailCount"":0,""adsReadFailStreak"":0,""lastReason"":""none"",""lastRecoveryMs"":0,""bootRecoveryArmed"":false,""bootRecoveryDueMs"":0,""bootRecoveryReason"":""none"",""bootRecoveryNonAdsFailure"":false,""bootRecoveryRestartCount"":0},""nulling"":{""done"":false,""retryArmed"":false,""attemptCount"":0,""nextRetryMs"":0,""thresholdV"":9.999999747E-06,""minFinalV"":0},""telemetry"":{""valid"":true,""sampleMs"":7077567,""gasClass"":6,""gasName"":""CO2"",""confidence"":0,""alarm"":false,""sensorVoltage"":[0.12377546,0.004035261,0.004890865,-0.002534533,-0.009290419,-0.011678155,-0.019151937,-0.02540342],""sensorGain"":[16,64,64,64,64,64,64,64],""sensorStatus"":[0,0,0,0,0,0,0,0],""featureOrder"":[""MQ8"",""MQ135"",""MQ3"",""MQ5"",""MQ4"",""MQ7"",""MQ6"",""MQ2""]},""alarmLatched"":false}"
2026-08-04 11:19:02.376 +07:00,701.239,HOT_SWEEP_70,70,700,300,1,0,0.123690225,0.004058017,0.00490022,-0.002510992,-0.00932373,-0.011618923,-0.019140372,-0.025412131,"{""deviceId"":""1001"",""nodeId"":4097,""targetChId"":""0010"",""mode"":""inference"",""uptimeMs"":7078680,""debugEnabled"":true,""power"":{""mode"":""24v"",""externalPower"":true,""batteryMv"":65535,""batteryValid"":false,""batteryDetected"":false,""batterySenseStatus"":""not_detected"",""batteryLow"":false,""batteryCritical"":false,""sourceAmbiguous"":false,""serviceHoldActive"":false,""serviceHoldEffective"":false},""batterySession"":{""state"":""inactive"",""startedMs"":0,""stateStartedMs"":0,""validSampleBatches"":0,""requiredSampleBatches"":10,""alarmTxAttempts"":0,""alarmTxAttemptLimit"":3,""alarmAckReceived"":false,""pendingAlarm"":false,""pendingSaveRequired"":false,""persistenceFaultHold"":false,""completionReason"":""session_done""},""bootHealth"":{""adsReady"":true,""adsDrdyLevel"":0,""adsDrdyPulldownLevel"":0,""adsDrdyPullupLevel"":0,""adsMisoPulldownLevel"":0,""adsMisoPullupLevel"":1,""adsCsLevel"":1,""adsSyncLevel"":1,""adsStatus"":54,""adsMux"":15,""adsAdcon"":6,""adsDrate"":240,""adsReason"":""ok"",""tcaOk"":true,""mcpOkCount"":8,""mcpOk"":[true,true,true,true,true,true,true,true],""mcpAddrMask"":[1,1,1,1,1,1,1,1],""mcpControlTested"":true,""mcpControlOkCount"":8,""mcpControlOk"":[true,true,true,true,true,true,true,true],""dacReady"":true,""radioReady"":true,""mlReady"":true,""nullingProfileApplied"":true,""modelProfileReady"":false},""runtimeMcpCode"":[255,519,795,706,799,865,665,139],""model"":{""profileId"":""cnn-dualbranch-datasheet-v1-unbound"",""scalerProfileId"":""cnn-dualbranch-datasheet-v1-unbound"",""productionApproved"":true,""boundNullingProfileId"":8,""activeNullingProfileId"":9,""bindingValid"":true,""bindingModelMatches"":true,""profileReady"":false,""inferenceValid"":false,""sensorFault"":true},""lora"":{""beginState"":0,""lastTxState"":0,""lastTxOk"":false,""txSeq"":0,""txCounter"":0,""aesKeyProvisioned"":true,""aesKeyPresent"":true,""aesKeySource"":""nvs"",""keyId"":1,""lastDownlinkCommandId"":0,""freqMHz"":920,""bwKHz"":125,""sf"":7,""cr"":5,""syncWord"":18,""txPowerDbm"":17,""preamble"":8,""tcxoVoltage"":1.600000024,""xtalVoltage"":0},""dataset"":{""state"":""idle"",""step"":""idle"",""label"":"""",""seq"":0,""targetSamples"":0,""sampleIntervalMs"":500,""maxDurationMs"":0,""useFanIntake"":true,""fanOnMs"":1000,""postFanSettleMs"":0,""nullingProfileId"":9,""queuePending"":0,""queueCapacity"":16,""queueEnqueued"":0,""queueDropped"":0,""publishFailCount"":0,""retryCount"":0,""retryFailCount"":0,""rejectedSamples"":0,""lastRejectReason"":""none"",""lastRejectChannel"":-1,""lastRejectOkFiniteCount"":0,""lastRejectStatus"":255,""lastRejectGain"":0,""lastRejectSaturated"":false},""recovery"":{""wifiReconnectCount"":0,""wifiReconnectFailCount"":0,""mqttReconnectCount"":0,""mqttConnectFailCount"":0,""lastMqttState"":0,""adsRecoveryCount"":0,""adsRecoveryFailCount"":0,""adsReadFailStreak"":0,""lastReason"":""none"",""lastRecoveryMs"":0,""bootRecoveryArmed"":false,""bootRecoveryDueMs"":0,""bootRecoveryReason"":""none"",""bootRecoveryNonAdsFailure"":false,""bootRecoveryRestartCount"":0},""nulling"":{""done"":false,""retryArmed"":false,""attemptCount"":0,""nextRetryMs"":0,""thresholdV"":9.999999747E-06,""minFinalV"":0},""telemetry"":{""valid"":true,""sampleMs"":7078292,""gasClass"":6,""gasName"":""CO2"",""confidence"":0,""alarm"":false,""sensorVoltage"":[0.123690225,0.004058017,0.00490022,-0.002510992,-0.00932373,-0.011618923,-0.019140372,-0.025412131],""sensorGain"":[16,64,64,64,64,64,64,64],""sensorStatus"":[0,0,0,0,0,0,0,0],""featureOrder"":[""MQ8"",""MQ135"",""MQ3"",""MQ5"",""MQ4"",""MQ7"",""MQ6"",""MQ2""]},""alarmLatched"":false}"
2026-08-04 11:19:03.059 +07:00,701.924,HOT_SWEEP_70,70,700,300,1,0,0.123535708,0.00407292,0.00490193,-0.002527807,-0.009322408,-0.011629317,-0.019140659,-0.025361305,"{""deviceId"":""1001"",""nodeId"":4097,""targetChId"":""0010"",""mode"":""inference"",""uptimeMs"":7079378,""debugEnabled"":true,""power"":{""mode"":""24v"",""externalPower"":true,""batteryMv"":65535,""batteryValid"":false,""batteryDetected"":false,""batterySenseStatus"":""not_detected"",""batteryLow"":false,""batteryCritical"":false,""sourceAmbiguous"":false,""serviceHoldActive"":false,""serviceHoldEffective"":false},""batterySession"":{""state"":""inactive"",""startedMs"":0,""stateStartedMs"":0,""validSampleBatches"":0,""requiredSampleBatches"":10,""alarmTxAttempts"":0,""alarmTxAttemptLimit"":3,""alarmAckReceived"":false,""pendingAlarm"":false,""pendingSaveRequired"":false,""persistenceFaultHold"":false,""completionReason"":""session_done""},""bootHealth"":{""adsReady"":true,""adsDrdyLevel"":0,""adsDrdyPulldownLevel"":0,""adsDrdyPullupLevel"":0,""adsMisoPulldownLevel"":0,""adsMisoPullupLevel"":1,""adsCsLevel"":1,""adsSyncLevel"":1,""adsStatus"":54,""adsMux"":15,""adsAdcon"":6,""adsDrate"":240,""adsReason"":""ok"",""tcaOk"":true,""mcpOkCount"":8,""mcpOk"":[true,true,true,true,true,true,true,true],""mcpAddrMask"":[1,1,1,1,1,1,1,1],""mcpControlTested"":true,""mcpControlOkCount"":8,""mcpControlOk"":[true,true,true,true,true,true,true,true],""dacReady"":true,""radioReady"":true,""mlReady"":true,""nullingProfileApplied"":true,""modelProfileReady"":false},""runtimeMcpCode"":[255,519,795,706,799,865,665,139],""model"":{""profileId"":""cnn-dualbranch-datasheet-v1-unbound"",""scalerProfileId"":""cnn-dualbranch-datasheet-v1-unbound"",""productionApproved"":true,""boundNullingProfileId"":8,""activeNullingProfileId"":9,""bindingValid"":true,""bindingModelMatches"":true,""profileReady"":false,""inferenceValid"":false,""sensorFault"":true},""lora"":{""beginState"":0,""lastTxState"":0,""lastTxOk"":false,""txSeq"":0,""txCounter"":0,""aesKeyProvisioned"":true,""aesKeyPresent"":true,""aesKeySource"":""nvs"",""keyId"":1,""lastDownlinkCommandId"":0,""freqMHz"":920,""bwKHz"":125,""sf"":7,""cr"":5,""syncWord"":18,""txPowerDbm"":17,""preamble"":8,""tcxoVoltage"":1.600000024,""xtalVoltage"":0},""dataset"":{""state"":""idle"",""step"":""idle"",""label"":"""",""seq"":0,""targetSamples"":0,""sampleIntervalMs"":500,""maxDurationMs"":0,""useFanIntake"":true,""fanOnMs"":1000,""postFanSettleMs"":0,""nullingProfileId"":9,""queuePending"":0,""queueCapacity"":16,""queueEnqueued"":0,""queueDropped"":0,""publishFailCount"":0,""retryCount"":0,""retryFailCount"":0,""rejectedSamples"":0,""lastRejectReason"":""none"",""lastRejectChannel"":-1,""lastRejectOkFiniteCount"":0,""lastRejectStatus"":255,""lastRejectGain"":0,""lastRejectSaturated"":false},""recovery"":{""wifiReconnectCount"":0,""wifiReconnectFailCount"":0,""mqttReconnectCount"":0,""mqttConnectFailCount"":0,""lastMqttState"":0,""adsRecoveryCount"":0,""adsRecoveryFailCount"":0,""adsReadFailStreak"":0,""lastReason"":""none"",""lastRecoveryMs"":0,""bootRecoveryArmed"":false,""bootRecoveryDueMs"":0,""bootRecoveryReason"":""none"",""bootRecoveryNonAdsFailure"":false,""bootRecoveryRestartCount"":0},""nulling"":{""done"":false,""retryArmed"":false,""attemptCount"":0,""nextRetryMs"":0,""thresholdV"":9.999999747E-06,""minFinalV"":0},""telemetry"":{""valid"":true,""sampleMs"":7078958,""gasClass"":6,""gasName"":""CO2"",""confidence"":0,""alarm"":false,""sensorVoltage"":[0.123535708,0.00407292,0.00490193,-0.002527807,-0.009322408,-0.011629317,-0.019140659,-0.025361305],""sensorGain"":[16,64,64,64,64,64,64,64],""sensorStatus"":[0,0,0,0,0,0,0,0],""featureOrder"":[""MQ8"",""MQ135"",""MQ3"",""MQ5"",""MQ4"",""MQ7"",""MQ6"",""MQ2""]},""alarmLatched"":false}"
2026-08-04 11:19:03.762 +07:00,702.631,HOT_SWEEP_70,70,700,300,1,0,0.123478271,0.004078156,0.004900136,-0.002528007,-0.009354014,-0.011618026,-0.019187469,-0.025390502,"{""deviceId"":""1001"",""nodeId"":4097,""targetChId"":""0010"",""mode"":""inference"",""uptimeMs"":7080071,""debugEnabled"":true,""power"":{""mode"":""24v"",""externalPower"":true,""batteryMv"":65535,""batteryValid"":false,""batteryDetected"":false,""batterySenseStatus"":""not_detected"",""batteryLow"":false,""batteryCritical"":false,""sourceAmbiguous"":false,""serviceHoldActive"":false,""serviceHoldEffective"":false},""batterySession"":{""state"":""inactive"",""startedMs"":0,""stateStartedMs"":0,""validSampleBatches"":0,""requiredSampleBatches"":10,""alarmTxAttempts"":0,""alarmTxAttemptLimit"":3,""alarmAckReceived"":false,""pendingAlarm"":false,""pendingSaveRequired"":false,""persistenceFaultHold"":false,""completionReason"":""session_done""},""bootHealth"":{""adsReady"":true,""adsDrdyLevel"":0,""adsDrdyPulldownLevel"":0,""adsDrdyPullupLevel"":0,""adsMisoPulldownLevel"":0,""adsMisoPullupLevel"":1,""adsCsLevel"":1,""adsSyncLevel"":1,""adsStatus"":54,""adsMux"":15,""adsAdcon"":6,""adsDrate"":240,""adsReason"":""ok"",""tcaOk"":true,""mcpOkCount"":8,""mcpOk"":[true,true,true,true,true,true,true,true],""mcpAddrMask"":[1,1,1,1,1,1,1,1],""mcpControlTested"":true,""mcpControlOkCount"":8,""mcpControlOk"":[true,true,true,true,true,true,true,true],""dacReady"":true,""radioReady"":true,""mlReady"":true,""nullingProfileApplied"":true,""modelProfileReady"":false},""runtimeMcpCode"":[255,519,795,706,799,865,665,139],""model"":{""profileId"":""cnn-dualbranch-datasheet-v1-unbound"",""scalerProfileId"":""cnn-dualbranch-datasheet-v1-unbound"",""productionApproved"":true,""boundNullingProfileId"":8,""activeNullingProfileId"":9,""bindingValid"":true,""bindingModelMatches"":true,""profileReady"":false,""inferenceValid"":false,""sensorFault"":true},""lora"":{""beginState"":0,""lastTxState"":0,""lastTxOk"":false,""txSeq"":0,""txCounter"":0,""aesKeyProvisioned"":true,""aesKeyPresent"":true,""aesKeySource"":""nvs"",""keyId"":1,""lastDownlinkCommandId"":0,""freqMHz"":920,""bwKHz"":125,""sf"":7,""cr"":5,""syncWord"":18,""txPowerDbm"":17,""preamble"":8,""tcxoVoltage"":1.600000024,""xtalVoltage"":0},""dataset"":{""state"":""idle"",""step"":""idle"",""label"":"""",""seq"":0,""targetSamples"":0,""sampleIntervalMs"":500,""maxDurationMs"":0,""useFanIntake"":true,""fanOnMs"":1000,""postFanSettleMs"":0,""nullingProfileId"":9,""queuePending"":0,""queueCapacity"":16,""queueEnqueued"":0,""queueDropped"":0,""publishFailCount"":0,""retryCount"":0,""retryFailCount"":0,""rejectedSamples"":0,""lastRejectReason"":""none"",""lastRejectChannel"":-1,""lastRejectOkFiniteCount"":0,""lastRejectStatus"":255,""lastRejectGain"":0,""lastRejectSaturated"":false},""recovery"":{""wifiReconnectCount"":0,""wifiReconnectFailCount"":0,""mqttReconnectCount"":0,""mqttConnectFailCount"":0,""lastMqttState"":0,""adsRecoveryCount"":0,""adsRecoveryFailCount"":0,""adsReadFailStreak"":0,""lastReason"":""none"",""lastRecoveryMs"":0,""bootRecoveryArmed"":false,""bootRecoveryDueMs"":0,""bootRecoveryReason"":""none"",""bootRecoveryNonAdsFailure"":false,""bootRecoveryRestartCount"":0},""nulling"":{""done"":false,""retryArmed"":false,""attemptCount"":0,""nextRetryMs"":0,""thresholdV"":9.999999747E-06,""minFinalV"":0},""telemetry"":{""valid"":true,""sampleMs"":7079656,""gasClass"":6,""gasName"":""CO2"",""confidence"":0,""alarm"":false,""sensorVoltage"":[0.123478271,0.004078156,0.004900136,-0.002528007,-0.009354014,-0.011618026,-0.019187469,-0.025390502],""sensorGain"":[16,64,64,64,64,64,64,64],""sensorStatus"":[0,0,0,0,0,0,0,0],""featureOrder"":[""MQ8"",""MQ135"",""MQ3"",""MQ5"",""MQ4"",""MQ7"",""MQ6"",""MQ2""]},""alarmLatched"":false}"
2026-08-04 11:19:04.464 +07:00,703.327,HOT_SWEEP_70,70,700,300,1,0,0.12335559,0.004039624,0.004896597,-0.002509431,-0.009320055,-0.011610822,-0.019535298,-0.025323737,"{""deviceId"":""1001"",""nodeId"":4097,""targetChId"":""0010"",""mode"":""inference"",""uptimeMs"":7080766,""debugEnabled"":true,""power"":{""mode"":""24v"",""externalPower"":true,""batteryMv"":65535,""batteryValid"":false,""batteryDetected"":false,""batterySenseStatus"":""not_detected"",""batteryLow"":false,""batteryCritical"":false,""sourceAmbiguous"":false,""serviceHoldActive"":false,""serviceHoldEffective"":false},""batterySession"":{""state"":""inactive"",""startedMs"":0,""stateStartedMs"":0,""validSampleBatches"":0,""requiredSampleBatches"":10,""alarmTxAttempts"":0,""alarmTxAttemptLimit"":3,""alarmAckReceived"":false,""pendingAlarm"":false,""pendingSaveRequired"":false,""persistenceFaultHold"":false,""completionReason"":""session_done""},""bootHealth"":{""adsReady"":true,""adsDrdyLevel"":0,""adsDrdyPulldownLevel"":0,""adsDrdyPullupLevel"":0,""adsMisoPulldownLevel"":0,""adsMisoPullupLevel"":1,""adsCsLevel"":1,""adsSyncLevel"":1,""adsStatus"":54,""adsMux"":15,""adsAdcon"":6,""adsDrate"":240,""adsReason"":""ok"",""tcaOk"":true,""mcpOkCount"":8,""mcpOk"":[true,true,true,true,true,true,true,true],""mcpAddrMask"":[1,1,1,1,1,1,1,1],""mcpControlTested"":true,""mcpControlOkCount"":8,""mcpControlOk"":[true,true,true,true,true,true,true,true],""dacReady"":true,""radioReady"":true,""mlReady"":true,""nullingProfileApplied"":true,""modelProfileReady"":false},""runtimeMcpCode"":[255,519,795,706,799,865,665,139],""model"":{""profileId"":""cnn-dualbranch-datasheet-v1-unbound"",""scalerProfileId"":""cnn-dualbranch-datasheet-v1-unbound"",""productionApproved"":true,""boundNullingProfileId"":8,""activeNullingProfileId"":9,""bindingValid"":true,""bindingModelMatches"":true,""profileReady"":false,""inferenceValid"":false,""sensorFault"":true},""lora"":{""beginState"":0,""lastTxState"":0,""lastTxOk"":false,""txSeq"":0,""txCounter"":0,""aesKeyProvisioned"":true,""aesKeyPresent"":true,""aesKeySource"":""nvs"",""keyId"":1,""lastDownlinkCommandId"":0,""freqMHz"":920,""bwKHz"":125,""sf"":7,""cr"":5,""syncWord"":18,""txPowerDbm"":17,""preamble"":8,""tcxoVoltage"":1.600000024,""xtalVoltage"":0},""dataset"":{""state"":""idle"",""step"":""idle"",""label"":"""",""seq"":0,""targetSamples"":0,""sampleIntervalMs"":500,""maxDurationMs"":0,""useFanIntake"":true,""fanOnMs"":1000,""postFanSettleMs"":0,""nullingProfileId"":9,""queuePending"":0,""queueCapacity"":16,""queueEnqueued"":0,""queueDropped"":0,""publishFailCount"":0,""retryCount"":0,""retryFailCount"":0,""rejectedSamples"":0,""lastRejectReason"":""none"",""lastRejectChannel"":-1,""lastRejectOkFiniteCount"":0,""lastRejectStatus"":255,""lastRejectGain"":0,""lastRejectSaturated"":false},""recovery"":{""wifiReconnectCount"":0,""wifiReconnectFailCount"":0,""mqttReconnectCount"":0,""mqttConnectFailCount"":0,""lastMqttState"":0,""adsRecoveryCount"":0,""adsRecoveryFailCount"":0,""adsReadFailStreak"":0,""lastReason"":""none"",""lastRecoveryMs"":0,""bootRecoveryArmed"":false,""bootRecoveryDueMs"":0,""bootRecoveryReason"":""none"",""bootRecoveryNonAdsFailure"":false,""bootRecoveryRestartCount"":0},""nulling"":{""done"":false,""retryArmed"":false,""attemptCount"":0,""nextRetryMs"":0,""thresholdV"":9.999999747E-06,""minFinalV"":0},""telemetry"":{""valid"":true,""sampleMs"":7080381,""gasClass"":6,""gasName"":""CO2"",""confidence"":0,""alarm"":false,""sensorVoltage"":[0.12335559,0.004039624,0.004896597,-0.002509431,-0.009320055,-0.011610822,-0.019535298,-0.025323737],""sensorGain"":[16,64,64,64,64,64,64,64],""sensorStatus"":[0,0,0,0,0,0,0,0],""featureOrder"":[""MQ8"",""MQ135"",""MQ3"",""MQ5"",""MQ4"",""MQ7"",""MQ6"",""MQ2""]},""alarmLatched"":false}"
2026-08-04 11:19:05.192 +07:00,704.059,HOT_SWEEP_70,70,700,300,1,0,0.123272575,0.004047979,0.004904418,-0.002469451,-0.009336382,-0.011595509,-0.019917559,-0.025315087,"{""deviceId"":""1001"",""nodeId"":4097,""targetChId"":""0010"",""mode"":""inference"",""uptimeMs"":7081498,""debugEnabled"":true,""power"":{""mode"":""24v"",""externalPower"":true,""batteryMv"":65535,""batteryValid"":false,""batteryDetected"":false,""batterySenseStatus"":""not_detected"",""batteryLow"":false,""batteryCritical"":false,""sourceAmbiguous"":false,""serviceHoldActive"":false,""serviceHoldEffective"":false},""batterySession"":{""state"":""inactive"",""startedMs"":0,""stateStartedMs"":0,""validSampleBatches"":0,""requiredSampleBatches"":10,""alarmTxAttempts"":0,""alarmTxAttemptLimit"":3,""alarmAckReceived"":false,""pendingAlarm"":false,""pendingSaveRequired"":false,""persistenceFaultHold"":false,""completionReason"":""session_done""},""bootHealth"":{""adsReady"":true,""adsDrdyLevel"":0,""adsDrdyPulldownLevel"":0,""adsDrdyPullupLevel"":0,""adsMisoPulldownLevel"":0,""adsMisoPullupLevel"":1,""adsCsLevel"":1,""adsSyncLevel"":1,""adsStatus"":54,""adsMux"":15,""adsAdcon"":6,""adsDrate"":240,""adsReason"":""ok"",""tcaOk"":true,""mcpOkCount"":8,""mcpOk"":[true,true,true,true,true,true,true,true],""mcpAddrMask"":[1,1,1,1,1,1,1,1],""mcpControlTested"":true,""mcpControlOkCount"":8,""mcpControlOk"":[true,true,true,true,true,true,true,true],""dacReady"":true,""radioReady"":true,""mlReady"":true,""nullingProfileApplied"":true,""modelProfileReady"":false},""runtimeMcpCode"":[255,519,795,706,799,865,665,139],""model"":{""profileId"":""cnn-dualbranch-datasheet-v1-unbound"",""scalerProfileId"":""cnn-dualbranch-datasheet-v1-unbound"",""productionApproved"":true,""boundNullingProfileId"":8,""activeNullingProfileId"":9,""bindingValid"":true,""bindingModelMatches"":true,""profileReady"":false,""inferenceValid"":false,""sensorFault"":true},""lora"":{""beginState"":0,""lastTxState"":0,""lastTxOk"":false,""txSeq"":0,""txCounter"":0,""aesKeyProvisioned"":true,""aesKeyPresent"":true,""aesKeySource"":""nvs"",""keyId"":1,""lastDownlinkCommandId"":0,""freqMHz"":920,""bwKHz"":125,""sf"":7,""cr"":5,""syncWord"":18,""txPowerDbm"":17,""preamble"":8,""tcxoVoltage"":1.600000024,""xtalVoltage"":0},""dataset"":{""state"":""idle"",""step"":""idle"",""label"":"""",""seq"":0,""targetSamples"":0,""sampleIntervalMs"":500,""maxDurationMs"":0,""useFanIntake"":true,""fanOnMs"":1000,""postFanSettleMs"":0,""nullingProfileId"":9,""queuePending"":0,""queueCapacity"":16,""queueEnqueued"":0,""queueDropped"":0,""publishFailCount"":0,""retryCount"":0,""retryFailCount"":0,""rejectedSamples"":0,""lastRejectReason"":""none"",""lastRejectChannel"":-1,""lastRejectOkFiniteCount"":0,""lastRejectStatus"":255,""lastRejectGain"":0,""lastRejectSaturated"":false},""recovery"":{""wifiReconnectCount"":0,""wifiReconnectFailCount"":0,""mqttReconnectCount"":0,""mqttConnectFailCount"":0,""lastMqttState"":0,""adsRecoveryCount"":0,""adsRecoveryFailCount"":0,""adsReadFailStreak"":0,""lastReason"":""none"",""lastRecoveryMs"":0,""bootRecoveryArmed"":false,""bootRecoveryDueMs"":0,""bootRecoveryReason"":""none"",""bootRecoveryNonAdsFailure"":false,""bootRecoveryRestartCount"":0},""nulling"":{""done"":false,""retryArmed"":false,""attemptCount"":0,""nextRetryMs"":0,""thresholdV"":9.999999747E-06,""minFinalV"":0},""telemetry"":{""valid"":true,""sampleMs"":7081044,""gasClass"":6,""gasName"":""CO2"",""confidence"":0,""alarm"":false,""sensorVoltage"":[0.123272575,0.004047979,0.004904418,-0.002469451,-0.009336382,-0.011595509,-0.019917559,-0.025315087],""sensorGain"":[16,64,64,64,64,64,64,64],""sensorStatus"":[0,0,0,0,0,0,0,0],""featureOrder"":[""MQ8"",""MQ135"",""MQ3"",""MQ5"",""MQ4"",""MQ7"",""MQ6"",""MQ2""]},""alarmLatched"":false}"
2026-08-04 11:19:05.908 +07:00,704.777,HOT_SWEEP_70,70,700,300,1,0,0.123204663,0.004063601,0.004940055,-0.002458149,-0.009344082,-0.011578279,-0.019936262,-0.025302121,"{""deviceId"":""1001"",""nodeId"":4097,""targetChId"":""0010"",""mode"":""inference"",""uptimeMs"":7082215,""debugEnabled"":true,""power"":{""mode"":""24v"",""externalPower"":true,""batteryMv"":65535,""batteryValid"":false,""batteryDetected"":false,""batterySenseStatus"":""not_detected"",""batteryLow"":false,""batteryCritical"":false,""sourceAmbiguous"":false,""serviceHoldActive"":false,""serviceHoldEffective"":false},""batterySession"":{""state"":""inactive"",""startedMs"":0,""stateStartedMs"":0,""validSampleBatches"":0,""requiredSampleBatches"":10,""alarmTxAttempts"":0,""alarmTxAttemptLimit"":3,""alarmAckReceived"":false,""pendingAlarm"":false,""pendingSaveRequired"":false,""persistenceFaultHold"":false,""completionReason"":""session_done""},""bootHealth"":{""adsReady"":true,""adsDrdyLevel"":0,""adsDrdyPulldownLevel"":0,""adsDrdyPullupLevel"":0,""adsMisoPulldownLevel"":0,""adsMisoPullupLevel"":1,""adsCsLevel"":1,""adsSyncLevel"":1,""adsStatus"":54,""adsMux"":15,""adsAdcon"":6,""adsDrate"":240,""adsReason"":""ok"",""tcaOk"":true,""mcpOkCount"":8,""mcpOk"":[true,true,true,true,true,true,true,true],""mcpAddrMask"":[1,1,1,1,1,1,1,1],""mcpControlTested"":true,""mcpControlOkCount"":8,""mcpControlOk"":[true,true,true,true,true,true,true,true],""dacReady"":true,""radioReady"":true,""mlReady"":true,""nullingProfileApplied"":true,""modelProfileReady"":false},""runtimeMcpCode"":[255,519,795,706,799,865,665,139],""model"":{""profileId"":""cnn-dualbranch-datasheet-v1-unbound"",""scalerProfileId"":""cnn-dualbranch-datasheet-v1-unbound"",""productionApproved"":true,""boundNullingProfileId"":8,""activeNullingProfileId"":9,""bindingValid"":true,""bindingModelMatches"":true,""profileReady"":false,""inferenceValid"":false,""sensorFault"":true},""lora"":{""beginState"":0,""lastTxState"":0,""lastTxOk"":false,""txSeq"":0,""txCounter"":0,""aesKeyProvisioned"":true,""aesKeyPresent"":true,""aesKeySource"":""nvs"",""keyId"":1,""lastDownlinkCommandId"":0,""freqMHz"":920,""bwKHz"":125,""sf"":7,""cr"":5,""syncWord"":18,""txPowerDbm"":17,""preamble"":8,""tcxoVoltage"":1.600000024,""xtalVoltage"":0},""dataset"":{""state"":""idle"",""step"":""idle"",""label"":"""",""seq"":0,""targetSamples"":0,""sampleIntervalMs"":500,""maxDurationMs"":0,""useFanIntake"":true,""fanOnMs"":1000,""postFanSettleMs"":0,""nullingProfileId"":9,""queuePending"":0,""queueCapacity"":16,""queueEnqueued"":0,""queueDropped"":0,""publishFailCount"":0,""retryCount"":0,""retryFailCount"":0,""rejectedSamples"":0,""lastRejectReason"":""none"",""lastRejectChannel"":-1,""lastRejectOkFiniteCount"":0,""lastRejectStatus"":255,""lastRejectGain"":0,""lastRejectSaturated"":false},""recovery"":{""wifiReconnectCount"":0,""wifiReconnectFailCount"":0,""mqttReconnectCount"":0,""mqttConnectFailCount"":0,""lastMqttState"":0,""adsRecoveryCount"":0,""adsRecoveryFailCount"":0,""adsReadFailStreak"":0,""lastReason"":""none"",""lastRecoveryMs"":0,""bootRecoveryArmed"":false,""bootRecoveryDueMs"":0,""bootRecoveryReason"":""none"",""bootRecoveryNonAdsFailure"":false,""bootRecoveryRestartCount"":0},""nulling"":{""done"":false,""retryArmed"":false,""attemptCount"":0,""nextRetryMs"":0,""thresholdV"":9.999999747E-06,""minFinalV"":0},""telemetry"":{""valid"":true,""sampleMs"":7081776,""gasClass"":6,""gasName"":""CO2"",""confidence"":0,""alarm"":false,""sensorVoltage"":[0.123204663,0.004063601,0.004940055,-0.002458149,-0.009344082,-0.011578279,-0.019936262,-0.025302121],""sensorGain"":[16,64,64,64,64,64,64,64],""sensorStatus"":[0,0,0,0,0,0,0,0],""featureOrder"":[""MQ8"",""MQ135"",""MQ3"",""MQ5"",""MQ4"",""MQ7"",""MQ6"",""MQ2""]},""alarmLatched"":false}"
2026-08-04 11:19:06.622 +07:00,705.492,HOT_SWEEP_70,70,700,300,1,0,0.122725889,0.004058115,0.004975581,-0.00247694,-0.009343645,-0.011598238,-0.019863468,-0.025396097,"{""deviceId"":""1001"",""nodeId"":4097,""targetChId"":""0010"",""mode"":""inference"",""uptimeMs"":7082932,""debugEnabled"":true,""power"":{""mode"":""24v"",""externalPower"":true,""batteryMv"":65535,""batteryValid"":false,""batteryDetected"":false,""batterySenseStatus"":""not_detected"",""batteryLow"":false,""batteryCritical"":false,""sourceAmbiguous"":false,""serviceHoldActive"":false,""serviceHoldEffective"":false},""batterySession"":{""state"":""inactive"",""startedMs"":0,""stateStartedMs"":0,""validSampleBatches"":0,""requiredSampleBatches"":10,""alarmTxAttempts"":0,""alarmTxAttemptLimit"":3,""alarmAckReceived"":false,""pendingAlarm"":false,""pendingSaveRequired"":false,""persistenceFaultHold"":false,""completionReason"":""session_done""},""bootHealth"":{""adsReady"":true,""adsDrdyLevel"":0,""adsDrdyPulldownLevel"":0,""adsDrdyPullupLevel"":0,""adsMisoPulldownLevel"":0,""adsMisoPullupLevel"":1,""adsCsLevel"":1,""adsSyncLevel"":1,""adsStatus"":54,""adsMux"":15,""adsAdcon"":6,""adsDrate"":240,""adsReason"":""ok"",""tcaOk"":true,""mcpOkCount"":8,""mcpOk"":[true,true,true,true,true,true,true,true],""mcpAddrMask"":[1,1,1,1,1,1,1,1],""mcpControlTested"":true,""mcpControlOkCount"":8,""mcpControlOk"":[true,true,true,true,true,true,true,true],""dacReady"":true,""radioReady"":true,""mlReady"":true,""nullingProfileApplied"":true,""modelProfileReady"":false},""runtimeMcpCode"":[255,519,795,706,799,865,665,139],""model"":{""profileId"":""cnn-dualbranch-datasheet-v1-unbound"",""scalerProfileId"":""cnn-dualbranch-datasheet-v1-unbound"",""productionApproved"":true,""boundNullingProfileId"":8,""activeNullingProfileId"":9,""bindingValid"":true,""bindingModelMatches"":true,""profileReady"":false,""inferenceValid"":false,""sensorFault"":true},""lora"":{""beginState"":0,""lastTxState"":0,""lastTxOk"":false,""txSeq"":0,""txCounter"":0,""aesKeyProvisioned"":true,""aesKeyPresent"":true,""aesKeySource"":""nvs"",""keyId"":1,""lastDownlinkCommandId"":0,""freqMHz"":920,""bwKHz"":125,""sf"":7,""cr"":5,""syncWord"":18,""txPowerDbm"":17,""preamble"":8,""tcxoVoltage"":1.600000024,""xtalVoltage"":0},""dataset"":{""state"":""idle"",""step"":""idle"",""label"":"""",""seq"":0,""targetSamples"":0,""sampleIntervalMs"":500,""maxDurationMs"":0,""useFanIntake"":true,""fanOnMs"":1000,""postFanSettleMs"":0,""nullingProfileId"":9,""queuePending"":0,""queueCapacity"":16,""queueEnqueued"":0,""queueDropped"":0,""publishFailCount"":0,""retryCount"":0,""retryFailCount"":0,""rejectedSamples"":0,""lastRejectReason"":""none"",""lastRejectChannel"":-1,""lastRejectOkFiniteCount"":0,""lastRejectStatus"":255,""lastRejectGain"":0,""lastRejectSaturated"":false},""recovery"":{""wifiReconnectCount"":0,""wifiReconnectFailCount"":0,""mqttReconnectCount"":0,""mqttConnectFailCount"":0,""lastMqttState"":0,""adsRecoveryCount"":0,""adsRecoveryFailCount"":0,""adsReadFailStreak"":0,""lastReason"":""none"",""lastRecoveryMs"":0,""bootRecoveryArmed"":false,""bootRecoveryDueMs"":0,""bootRecoveryReason"":""none"",""bootRecoveryNonAdsFailure"":false,""bootRecoveryRestartCount"":0},""nulling"":{""done"":false,""retryArmed"":false,""attemptCount"":0,""nextRetryMs"":0,""thresholdV"":9.999999747E-06,""minFinalV"":0},""telemetry"":{""valid"":true,""sampleMs"":7082525,""gasClass"":6,""gasName"":""CO2"",""confidence"":0,""alarm"":false,""sensorVoltage"":[0.122725889,0.004058115,0.004975581,-0.00247694,-0.009343645,-0.011598238,-0.019863468,-0.025396097],""sensorGain"":[16,64,64,64,64,64,64,64],""sensorStatus"":[0,0,0,0,0,0,0,0],""featureOrder"":[""MQ8"",""MQ135"",""MQ3"",""MQ5"",""MQ4"",""MQ7"",""MQ6"",""MQ2""]},""alarmLatched"":false}"
2026-08-04 11:19:07.322 +07:00,706.184,HOT_SWEEP_70,70,700,300,1,0,0.122612819,0.004070898,0.004970175,-0.002469139,-0.009355102,-0.011590341,-0.019873535,-0.02535646,"{""deviceId"":""1001"",""nodeId"":4097,""targetChId"":""0010"",""mode"":""inference"",""uptimeMs"":7083622,""debugEnabled"":true,""power"":{""mode"":""24v"",""externalPower"":true,""batteryMv"":65535,""batteryValid"":false,""batteryDetected"":false,""batterySenseStatus"":""not_detected"",""batteryLow"":false,""batteryCritical"":false,""sourceAmbiguous"":false,""serviceHoldActive"":false,""serviceHoldEffective"":false},""batterySession"":{""state"":""inactive"",""startedMs"":0,""stateStartedMs"":0,""validSampleBatches"":0,""requiredSampleBatches"":10,""alarmTxAttempts"":0,""alarmTxAttemptLimit"":3,""alarmAckReceived"":false,""pendingAlarm"":false,""pendingSaveRequired"":false,""persistenceFaultHold"":false,""completionReason"":""session_done""},""bootHealth"":{""adsReady"":true,""adsDrdyLevel"":0,""adsDrdyPulldownLevel"":0,""adsDrdyPullupLevel"":0,""adsMisoPulldownLevel"":0,""adsMisoPullupLevel"":1,""adsCsLevel"":1,""adsSyncLevel"":1,""adsStatus"":54,""adsMux"":15,""adsAdcon"":6,""adsDrate"":240,""adsReason"":""ok"",""tcaOk"":true,""mcpOkCount"":8,""mcpOk"":[true,true,true,true,true,true,true,true],""mcpAddrMask"":[1,1,1,1,1,1,1,1],""mcpControlTested"":true,""mcpControlOkCount"":8,""mcpControlOk"":[true,true,true,true,true,true,true,true],""dacReady"":true,""radioReady"":true,""mlReady"":true,""nullingProfileApplied"":true,""modelProfileReady"":false},""runtimeMcpCode"":[255,519,795,706,799,865,665,139],""model"":{""profileId"":""cnn-dualbranch-datasheet-v1-unbound"",""scalerProfileId"":""cnn-dualbranch-datasheet-v1-unbound"",""productionApproved"":true,""boundNullingProfileId"":8,""activeNullingProfileId"":9,""bindingValid"":true,""bindingModelMatches"":true,""profileReady"":false,""inferenceValid"":false,""sensorFault"":true},""lora"":{""beginState"":0,""lastTxState"":0,""lastTxOk"":false,""txSeq"":0,""txCounter"":0,""aesKeyProvisioned"":true,""aesKeyPresent"":true,""aesKeySource"":""nvs"",""keyId"":1,""lastDownlinkCommandId"":0,""freqMHz"":920,""bwKHz"":125,""sf"":7,""cr"":5,""syncWord"":18,""txPowerDbm"":17,""preamble"":8,""tcxoVoltage"":1.600000024,""xtalVoltage"":0},""dataset"":{""state"":""idle"",""step"":""idle"",""label"":"""",""seq"":0,""targetSamples"":0,""sampleIntervalMs"":500,""maxDurationMs"":0,""useFanIntake"":true,""fanOnMs"":1000,""postFanSettleMs"":0,""nullingProfileId"":9,""queuePending"":0,""queueCapacity"":16,""queueEnqueued"":0,""queueDropped"":0,""publishFailCount"":0,""retryCount"":0,""retryFailCount"":0,""rejectedSamples"":0,""lastRejectReason"":""none"",""lastRejectChannel"":-1,""lastRejectOkFiniteCount"":0,""lastRejectStatus"":255,""lastRejectGain"":0,""lastRejectSaturated"":false},""recovery"":{""wifiReconnectCount"":0,""wifiReconnectFailCount"":0,""mqttReconnectCount"":0,""mqttConnectFailCount"":0,""lastMqttState"":0,""adsRecoveryCount"":0,""adsRecoveryFailCount"":0,""adsReadFailStreak"":0,""lastReason"":""none"",""lastRecoveryMs"":0,""bootRecoveryArmed"":false,""bootRecoveryDueMs"":0,""bootRecoveryReason"":""none"",""bootRecoveryNonAdsFailure"":false,""bootRecoveryRestartCount"":0},""nulling"":{""done"":false,""retryArmed"":false,""attemptCount"":0,""nextRetryMs"":0,""thresholdV"":9.999999747E-06,""minFinalV"":0},""telemetry"":{""valid"":true,""sampleMs"":7083210,""gasClass"":6,""gasName"":""CO2"",""confidence"":0,""alarm"":false,""sensorVoltage"":[0.122612819,0.004070898,0.004970175,-0.002469139,-0.009355102,-0.011590341,-0.019873535,-0.02535646],""sensorGain"":[16,64,64,64,64,64,64,64],""sensorStatus"":[0,0,0,0,0,0,0,0],""featureOrder"":[""MQ8"",""MQ135"",""MQ3"",""MQ5"",""MQ4"",""MQ7"",""MQ6"",""MQ2""]},""alarmLatched"":false}"
2026-08-04 11:19:08.019 +07:00,706.892,HOT_SWEEP_70,70,700,300,1,0,0.122959748,0.004150912,0.005000343,-0.002546713,-0.009429121,-0.011601742,-0.019893402,-0.025338259,"{""deviceId"":""1001"",""nodeId"":4097,""targetChId"":""0010"",""mode"":""inference"",""uptimeMs"":7084330,""debugEnabled"":true,""power"":{""mode"":""24v"",""externalPower"":true,""batteryMv"":65535,""batteryValid"":false,""batteryDetected"":false,""batterySenseStatus"":""not_detected"",""batteryLow"":false,""batteryCritical"":false,""sourceAmbiguous"":false,""serviceHoldActive"":false,""serviceHoldEffective"":false},""batterySession"":{""state"":""inactive"",""startedMs"":0,""stateStartedMs"":0,""validSampleBatches"":0,""requiredSampleBatches"":10,""alarmTxAttempts"":0,""alarmTxAttemptLimit"":3,""alarmAckReceived"":false,""pendingAlarm"":false,""pendingSaveRequired"":false,""persistenceFaultHold"":false,""completionReason"":""session_done""},""bootHealth"":{""adsReady"":true,""adsDrdyLevel"":0,""adsDrdyPulldownLevel"":0,""adsDrdyPullupLevel"":0,""adsMisoPulldownLevel"":0,""adsMisoPullupLevel"":1,""adsCsLevel"":1,""adsSyncLevel"":1,""adsStatus"":54,""adsMux"":15,""adsAdcon"":6,""adsDrate"":240,""adsReason"":""ok"",""tcaOk"":true,""mcpOkCount"":8,""mcpOk"":[true,true,true,true,true,true,true,true],""mcpAddrMask"":[1,1,1,1,1,1,1,1],""mcpControlTested"":true,""mcpControlOkCount"":8,""mcpControlOk"":[true,true,true,true,true,true,true,true],""dacReady"":true,""radioReady"":true,""mlReady"":true,""nullingProfileApplied"":true,""modelProfileReady"":false},""runtimeMcpCode"":[255,519,795,706,799,865,665,139],""model"":{""profileId"":""cnn-dualbranch-datasheet-v1-unbound"",""scalerProfileId"":""cnn-dualbranch-datasheet-v1-unbound"",""productionApproved"":true,""boundNullingProfileId"":8,""activeNullingProfileId"":9,""bindingValid"":true,""bindingModelMatches"":true,""profileReady"":false,""inferenceValid"":false,""sensorFault"":true},""lora"":{""beginState"":0,""lastTxState"":0,""lastTxOk"":false,""txSeq"":0,""txCounter"":0,""aesKeyProvisioned"":true,""aesKeyPresent"":true,""aesKeySource"":""nvs"",""keyId"":1,""lastDownlinkCommandId"":0,""freqMHz"":920,""bwKHz"":125,""sf"":7,""cr"":5,""syncWord"":18,""txPowerDbm"":17,""preamble"":8,""tcxoVoltage"":1.600000024,""xtalVoltage"":0},""dataset"":{""state"":""idle"",""step"":""idle"",""label"":"""",""seq"":0,""targetSamples"":0,""sampleIntervalMs"":500,""maxDurationMs"":0,""useFanIntake"":true,""fanOnMs"":1000,""postFanSettleMs"":0,""nullingProfileId"":9,""queuePending"":0,""queueCapacity"":16,""queueEnqueued"":0,""queueDropped"":0,""publishFailCount"":0,""retryCount"":0,""retryFailCount"":0,""rejectedSamples"":0,""lastRejectReason"":""none"",""lastRejectChannel"":-1,""lastRejectOkFiniteCount"":0,""lastRejectStatus"":255,""lastRejectGain"":0,""lastRejectSaturated"":false},""recovery"":{""wifiReconnectCount"":0,""wifiReconnectFailCount"":0,""mqttReconnectCount"":0,""mqttConnectFailCount"":0,""lastMqttState"":0,""adsRecoveryCount"":0,""adsRecoveryFailCount"":0,""adsReadFailStreak"":0,""lastReason"":""none"",""lastRecoveryMs"":0,""bootRecoveryArmed"":false,""bootRecoveryDueMs"":0,""bootRecoveryReason"":""none"",""bootRecoveryNonAdsFailure"":false,""bootRecoveryRestartCount"":0},""nulling"":{""done"":false,""retryArmed"":false,""attemptCount"":0,""nextRetryMs"":0,""thresholdV"":9.999999747E-06,""minFinalV"":0},""telemetry"":{""valid"":true,""sampleMs"":7083900,""gasClass"":6,""gasName"":""CO2"",""confidence"":0,""alarm"":false,""sensorVoltage"":[0.122959748,0.004150912,0.005000343,-0.002546713,-0.009429121,-0.011601742,-0.019893402,-0.025338259],""sensorGain"":[16,64,64,64,64,64,64,64],""sensorStatus"":[0,0,0,0,0,0,0,0],""featureOrder"":[""MQ8"",""MQ135"",""MQ3"",""MQ5"",""MQ4"",""MQ7"",""MQ6"",""MQ2""]},""alarmLatched"":false}"
2026-08-04 11:19:08.722 +07:00,707.590,HOT_SWEEP_70,70,700,300,1,0,0.122663639,0.004140464,0.004998181,-0.00255021,-0.009443213,-0.01156996,-0.019856997,-0.025363117,"{""deviceId"":""1001"",""nodeId"":4097,""targetChId"":""0010"",""mode"":""inference"",""uptimeMs"":7085029,""debugEnabled"":true,""power"":{""mode"":""24v"",""externalPower"":true,""batteryMv"":65535,""batteryValid"":false,""batteryDetected"":false,""batterySenseStatus"":""not_detected"",""batteryLow"":false,""batteryCritical"":false,""sourceAmbiguous"":false,""serviceHoldActive"":false,""serviceHoldEffective"":false},""batterySession"":{""state"":""inactive"",""startedMs"":0,""stateStartedMs"":0,""validSampleBatches"":0,""requiredSampleBatches"":10,""alarmTxAttempts"":0,""alarmTxAttemptLimit"":3,""alarmAckReceived"":false,""pendingAlarm"":false,""pendingSaveRequired"":false,""persistenceFaultHold"":false,""completionReason"":""session_done""},""bootHealth"":{""adsReady"":true,""adsDrdyLevel"":0,""adsDrdyPulldownLevel"":0,""adsDrdyPullupLevel"":0,""adsMisoPulldownLevel"":0,""adsMisoPullupLevel"":1,""adsCsLevel"":1,""adsSyncLevel"":1,""adsStatus"":54,""adsMux"":15,""adsAdcon"":6,""adsDrate"":240,""adsReason"":""ok"",""tcaOk"":true,""mcpOkCount"":8,""mcpOk"":[true,true,true,true,true,true,true,true],""mcpAddrMask"":[1,1,1,1,1,1,1,1],""mcpControlTested"":true,""mcpControlOkCount"":8,""mcpControlOk"":[true,true,true,true,true,true,true,true],""dacReady"":true,""radioReady"":true,""mlReady"":true,""nullingProfileApplied"":true,""modelProfileReady"":false},""runtimeMcpCode"":[255,519,795,706,799,865,665,139],""model"":{""profileId"":""cnn-dualbranch-datasheet-v1-unbound"",""scalerProfileId"":""cnn-dualbranch-datasheet-v1-unbound"",""productionApproved"":true,""boundNullingProfileId"":8,""activeNullingProfileId"":9,""bindingValid"":true,""bindingModelMatches"":true,""profileReady"":false,""inferenceValid"":false,""sensorFault"":true},""lora"":{""beginState"":0,""lastTxState"":0,""lastTxOk"":false,""txSeq"":0,""txCounter"":0,""aesKeyProvisioned"":true,""aesKeyPresent"":true,""aesKeySource"":""nvs"",""keyId"":1,""lastDownlinkCommandId"":0,""freqMHz"":920,""bwKHz"":125,""sf"":7,""cr"":5,""syncWord"":18,""txPowerDbm"":17,""preamble"":8,""tcxoVoltage"":1.600000024,""xtalVoltage"":0},""dataset"":{""state"":""idle"",""step"":""idle"",""label"":"""",""seq"":0,""targetSamples"":0,""sampleIntervalMs"":500,""maxDurationMs"":0,""useFanIntake"":true,""fanOnMs"":1000,""postFanSettleMs"":0,""nullingProfileId"":9,""queuePending"":0,""queueCapacity"":16,""queueEnqueued"":0,""queueDropped"":0,""publishFailCount"":0,""retryCount"":0,""retryFailCount"":0,""rejectedSamples"":0,""lastRejectReason"":""none"",""lastRejectChannel"":-1,""lastRejectOkFiniteCount"":0,""lastRejectStatus"":255,""lastRejectGain"":0,""lastRejectSaturated"":false},""recovery"":{""wifiReconnectCount"":0,""wifiReconnectFailCount"":0,""mqttReconnectCount"":0,""mqttConnectFailCount"":0,""lastMqttState"":0,""adsRecoveryCount"":0,""adsRecoveryFailCount"":0,""adsReadFailStreak"":0,""lastReason"":""none"",""lastRecoveryMs"":0,""bootRecoveryArmed"":false,""bootRecoveryDueMs"":0,""bootRecoveryReason"":""none"",""bootRecoveryNonAdsFailure"":false,""bootRecoveryRestartCount"":0},""nulling"":{""done"":false,""retryArmed"":false,""attemptCount"":0,""nextRetryMs"":0,""thresholdV"":9.999999747E-06,""minFinalV"":0},""telemetry"":{""valid"":true,""sampleMs"":7084640,""gasClass"":6,""gasName"":""CO2"",""confidence"":0,""alarm"":false,""sensorVoltage"":[0.122663639,0.004140464,0.004998181,-0.00255021,-0.009443213,-0.01156996,-0.019856997,-0.025363117],""sensorGain"":[16,64,64,64,64,64,64,64],""sensorStatus"":[0,0,0,0,0,0,0,0],""featureOrder"":[""MQ8"",""MQ135"",""MQ3"",""MQ5"",""MQ4"",""MQ7"",""MQ6"",""MQ2""]},""alarmLatched"":false}"
2026-08-04 11:19:09.406 +07:00,708.271,HOT_SWEEP_70,70,700,300,1,0,0.122605659,0.004100791,0.004991834,-0.002495543,-0.00941902,-0.011571584,-0.019858256,-0.02535679,"{""deviceId"":""1001"",""nodeId"":4097,""targetChId"":""0010"",""mode"":""inference"",""uptimeMs"":7085724,""debugEnabled"":true,""power"":{""mode"":""24v"",""externalPower"":true,""batteryMv"":65535,""batteryValid"":false,""batteryDetected"":false,""batterySenseStatus"":""not_detected"",""batteryLow"":false,""batteryCritical"":false,""sourceAmbiguous"":false,""serviceHoldActive"":false,""serviceHoldEffective"":false},""batterySession"":{""state"":""inactive"",""startedMs"":0,""stateStartedMs"":0,""validSampleBatches"":0,""requiredSampleBatches"":10,""alarmTxAttempts"":0,""alarmTxAttemptLimit"":3,""alarmAckReceived"":false,""pendingAlarm"":false,""pendingSaveRequired"":false,""persistenceFaultHold"":false,""completionReason"":""session_done""},""bootHealth"":{""adsReady"":true,""adsDrdyLevel"":0,""adsDrdyPulldownLevel"":0,""adsDrdyPullupLevel"":0,""adsMisoPulldownLevel"":0,""adsMisoPullupLevel"":1,""adsCsLevel"":1,""adsSyncLevel"":1,""adsStatus"":54,""adsMux"":15,""adsAdcon"":6,""adsDrate"":240,""adsReason"":""ok"",""tcaOk"":true,""mcpOkCount"":8,""mcpOk"":[true,true,true,true,true,true,true,true],""mcpAddrMask"":[1,1,1,1,1,1,1,1],""mcpControlTested"":true,""mcpControlOkCount"":8,""mcpControlOk"":[true,true,true,true,true,true,true,true],""dacReady"":true,""radioReady"":true,""mlReady"":true,""nullingProfileApplied"":true,""modelProfileReady"":false},""runtimeMcpCode"":[255,519,795,706,799,865,665,139],""model"":{""profileId"":""cnn-dualbranch-datasheet-v1-unbound"",""scalerProfileId"":""cnn-dualbranch-datasheet-v1-unbound"",""productionApproved"":true,""boundNullingProfileId"":8,""activeNullingProfileId"":9,""bindingValid"":true,""bindingModelMatches"":true,""profileReady"":false,""inferenceValid"":false,""sensorFault"":true},""lora"":{""beginState"":0,""lastTxState"":0,""lastTxOk"":false,""txSeq"":0,""txCounter"":0,""aesKeyProvisioned"":true,""aesKeyPresent"":true,""aesKeySource"":""nvs"",""keyId"":1,""lastDownlinkCommandId"":0,""freqMHz"":920,""bwKHz"":125,""sf"":7,""cr"":5,""syncWord"":18,""txPowerDbm"":17,""preamble"":8,""tcxoVoltage"":1.600000024,""xtalVoltage"":0},""dataset"":{""state"":""idle"",""step"":""idle"",""label"":"""",""seq"":0,""targetSamples"":0,""sampleIntervalMs"":500,""maxDurationMs"":0,""useFanIntake"":true,""fanOnMs"":1000,""postFanSettleMs"":0,""nullingProfileId"":9,""queuePending"":0,""queueCapacity"":16,""queueEnqueued"":0,""queueDropped"":0,""publishFailCount"":0,""retryCount"":0,""retryFailCount"":0,""rejectedSamples"":0,""lastRejectReason"":""none"",""lastRejectChannel"":-1,""lastRejectOkFiniteCount"":0,""lastRejectStatus"":255,""lastRejectGain"":0,""lastRejectSaturated"":false},""recovery"":{""wifiReconnectCount"":0,""wifiReconnectFailCount"":0,""mqttReconnectCount"":0,""mqttConnectFailCount"":0,""lastMqttState"":0,""adsRecoveryCount"":0,""adsRecoveryFailCount"":0,""adsReadFailStreak"":0,""lastReason"":""none"",""lastRecoveryMs"":0,""bootRecoveryArmed"":false,""bootRecoveryDueMs"":0,""bootRecoveryReason"":""none"",""bootRecoveryNonAdsFailure"":false,""bootRecoveryRestartCount"":0},""nulling"":{""done"":false,""retryArmed"":false,""attemptCount"":0,""nextRetryMs"":0,""thresholdV"":9.999999747E-06,""minFinalV"":0},""telemetry"":{""valid"":true,""sampleMs"":7085307,""gasClass"":6,""gasName"":""CO2"",""confidence"":0,""alarm"":false,""sensorVoltage"":[0.122605659,0.004100791,0.004991834,-0.002495543,-0.00941902,-0.011571584,-0.019858256,-0.02535679],""sensorGain"":[16,64,64,64,64,64,64,64],""sensorStatus"":[0,0,0,0,0,0,0,0],""featureOrder"":[""MQ8"",""MQ135"",""MQ3"",""MQ5"",""MQ4"",""MQ7"",""MQ6"",""MQ2""]},""alarmLatched"":false}"
2026-08-04 11:19:10.098 +07:00,708.973,HOT_SWEEP_70,70,700,300,1,0,0.122828901,0.00409064,0.005049521,-0.002492797,-0.009440251,-0.011582644,-0.019875918,-0.02547456,"{""deviceId"":""1001"",""nodeId"":4097,""targetChId"":""0010"",""mode"":""inference"",""uptimeMs"":7086413,""debugEnabled"":true,""power"":{""mode"":""24v"",""externalPower"":true,""batteryMv"":65535,""batteryValid"":false,""batteryDetected"":false,""batterySenseStatus"":""not_detected"",""batteryLow"":false,""batteryCritical"":false,""sourceAmbiguous"":false,""serviceHoldActive"":false,""serviceHoldEffective"":false},""batterySession"":{""state"":""inactive"",""startedMs"":0,""stateStartedMs"":0,""validSampleBatches"":0,""requiredSampleBatches"":10,""alarmTxAttempts"":0,""alarmTxAttemptLimit"":3,""alarmAckReceived"":false,""pendingAlarm"":false,""pendingSaveRequired"":false,""persistenceFaultHold"":false,""completionReason"":""session_done""},""bootHealth"":{""adsReady"":true,""adsDrdyLevel"":0,""adsDrdyPulldownLevel"":0,""adsDrdyPullupLevel"":0,""adsMisoPulldownLevel"":0,""adsMisoPullupLevel"":1,""adsCsLevel"":1,""adsSyncLevel"":1,""adsStatus"":54,""adsMux"":15,""adsAdcon"":6,""adsDrate"":240,""adsReason"":""ok"",""tcaOk"":true,""mcpOkCount"":8,""mcpOk"":[true,true,true,true,true,true,true,true],""mcpAddrMask"":[1,1,1,1,1,1,1,1],""mcpControlTested"":true,""mcpControlOkCount"":8,""mcpControlOk"":[true,true,true,true,true,true,true,true],""dacReady"":true,""radioReady"":true,""mlReady"":true,""nullingProfileApplied"":true,""modelProfileReady"":false},""runtimeMcpCode"":[255,519,795,706,799,865,665,139],""model"":{""profileId"":""cnn-dualbranch-datasheet-v1-unbound"",""scalerProfileId"":""cnn-dualbranch-datasheet-v1-unbound"",""productionApproved"":true,""boundNullingProfileId"":8,""activeNullingProfileId"":9,""bindingValid"":true,""bindingModelMatches"":true,""profileReady"":false,""inferenceValid"":false,""sensorFault"":true},""lora"":{""beginState"":0,""lastTxState"":0,""lastTxOk"":false,""txSeq"":0,""txCounter"":0,""aesKeyProvisioned"":true,""aesKeyPresent"":true,""aesKeySource"":""nvs"",""keyId"":1,""lastDownlinkCommandId"":0,""freqMHz"":920,""bwKHz"":125,""sf"":7,""cr"":5,""syncWord"":18,""txPowerDbm"":17,""preamble"":8,""tcxoVoltage"":1.600000024,""xtalVoltage"":0},""dataset"":{""state"":""idle"",""step"":""idle"",""label"":"""",""seq"":0,""targetSamples"":0,""sampleIntervalMs"":500,""maxDurationMs"":0,""useFanIntake"":true,""fanOnMs"":1000,""postFanSettleMs"":0,""nullingProfileId"":9,""queuePending"":0,""queueCapacity"":16,""queueEnqueued"":0,""queueDropped"":0,""publishFailCount"":0,""retryCount"":0,""retryFailCount"":0,""rejectedSamples"":0,""lastRejectReason"":""none"",""lastRejectChannel"":-1,""lastRejectOkFiniteCount"":0,""lastRejectStatus"":255,""lastRejectGain"":0,""lastRejectSaturated"":false},""recovery"":{""wifiReconnectCount"":0,""wifiReconnectFailCount"":0,""mqttReconnectCount"":0,""mqttConnectFailCount"":0,""lastMqttState"":0,""adsRecoveryCount"":0,""adsRecoveryFailCount"":0,""adsReadFailStreak"":0,""lastReason"":""none"",""lastRecoveryMs"":0,""bootRecoveryArmed"":false,""bootRecoveryDueMs"":0,""bootRecoveryReason"":""none"",""bootRecoveryNonAdsFailure"":false,""bootRecoveryRestartCount"":0},""nulling"":{""done"":false,""retryArmed"":false,""attemptCount"":0,""nextRetryMs"":0,""thresholdV"":9.999999747E-06,""minFinalV"":0},""telemetry"":{""valid"":true,""sampleMs"":7086002,""gasClass"":6,""gasName"":""CO2"",""confidence"":0,""alarm"":false,""sensorVoltage"":[0.122828901,0.00409064,0.005049521,-0.002492797,-0.009440251,-0.011582644,-0.019875918,-0.02547456],""sensorGain"":[16,64,64,64,64,64,64,64],""sensorStatus"":[0,0,0,0,0,0,0,0],""featureOrder"":[""MQ8"",""MQ135"",""MQ3"",""MQ5"",""MQ4"",""MQ7"",""MQ6"",""MQ2""]},""alarmLatched"":false}"
2026-08-04 11:19:10.797 +07:00,709.664,HOT_SWEEP_70,70,700,300,1,0,0.122842886,0.004044107,0.005059781,-0.002497384,-0.009431319,-0.011592085,-0.019891331,-0.02546373,"{""deviceId"":""1001"",""nodeId"":4097,""targetChId"":""0010"",""mode"":""inference"",""uptimeMs"":7087108,""debugEnabled"":true,""power"":{""mode"":""24v"",""externalPower"":true,""batteryMv"":65535,""batteryValid"":false,""batteryDetected"":false,""batterySenseStatus"":""not_detected"",""batteryLow"":false,""batteryCritical"":false,""sourceAmbiguous"":false,""serviceHoldActive"":false,""serviceHoldEffective"":false},""batterySession"":{""state"":""inactive"",""startedMs"":0,""stateStartedMs"":0,""validSampleBatches"":0,""requiredSampleBatches"":10,""alarmTxAttempts"":0,""alarmTxAttemptLimit"":3,""alarmAckReceived"":false,""pendingAlarm"":false,""pendingSaveRequired"":false,""persistenceFaultHold"":false,""completionReason"":""session_done""},""bootHealth"":{""adsReady"":true,""adsDrdyLevel"":0,""adsDrdyPulldownLevel"":0,""adsDrdyPullupLevel"":0,""adsMisoPulldownLevel"":0,""adsMisoPullupLevel"":1,""adsCsLevel"":1,""adsSyncLevel"":1,""adsStatus"":54,""adsMux"":15,""adsAdcon"":6,""adsDrate"":240,""adsReason"":""ok"",""tcaOk"":true,""mcpOkCount"":8,""mcpOk"":[true,true,true,true,true,true,true,true],""mcpAddrMask"":[1,1,1,1,1,1,1,1],""mcpControlTested"":true,""mcpControlOkCount"":8,""mcpControlOk"":[true,true,true,true,true,true,true,true],""dacReady"":true,""radioReady"":true,""mlReady"":true,""nullingProfileApplied"":true,""modelProfileReady"":false},""runtimeMcpCode"":[255,519,795,706,799,865,665,139],""model"":{""profileId"":""cnn-dualbranch-datasheet-v1-unbound"",""scalerProfileId"":""cnn-dualbranch-datasheet-v1-unbound"",""productionApproved"":true,""boundNullingProfileId"":8,""activeNullingProfileId"":9,""bindingValid"":true,""bindingModelMatches"":true,""profileReady"":false,""inferenceValid"":false,""sensorFault"":true},""lora"":{""beginState"":0,""lastTxState"":0,""lastTxOk"":false,""txSeq"":0,""txCounter"":0,""aesKeyProvisioned"":true,""aesKeyPresent"":true,""aesKeySource"":""nvs"",""keyId"":1,""lastDownlinkCommandId"":0,""freqMHz"":920,""bwKHz"":125,""sf"":7,""cr"":5,""syncWord"":18,""txPowerDbm"":17,""preamble"":8,""tcxoVoltage"":1.600000024,""xtalVoltage"":0},""dataset"":{""state"":""idle"",""step"":""idle"",""label"":"""",""seq"":0,""targetSamples"":0,""sampleIntervalMs"":500,""maxDurationMs"":0,""useFanIntake"":true,""fanOnMs"":1000,""postFanSettleMs"":0,""nullingProfileId"":9,""queuePending"":0,""queueCapacity"":16,""queueEnqueued"":0,""queueDropped"":0,""publishFailCount"":0,""retryCount"":0,""retryFailCount"":0,""rejectedSamples"":0,""lastRejectReason"":""none"",""lastRejectChannel"":-1,""lastRejectOkFiniteCount"":0,""lastRejectStatus"":255,""lastRejectGain"":0,""lastRejectSaturated"":false},""recovery"":{""wifiReconnectCount"":0,""wifiReconnectFailCount"":0,""mqttReconnectCount"":0,""mqttConnectFailCount"":0,""lastMqttState"":0,""adsRecoveryCount"":0,""adsRecoveryFailCount"":0,""adsReadFailStreak"":0,""lastReason"":""none"",""lastRecoveryMs"":0,""bootRecoveryArmed"":false,""bootRecoveryDueMs"":0,""bootRecoveryReason"":""none"",""bootRecoveryNonAdsFailure"":false,""bootRecoveryRestartCount"":0},""nulling"":{""done"":false,""retryArmed"":false,""attemptCount"":0,""nextRetryMs"":0,""thresholdV"":9.999999747E-06,""minFinalV"":0},""telemetry"":{""valid"":true,""sampleMs"":7086723,""gasClass"":6,""gasName"":""CO2"",""confidence"":0,""alarm"":false,""sensorVoltage"":[0.122842886,0.004044107,0.005059781,-0.002497384,-0.009431319,-0.011592085,-0.019891331,-0.02546373],""sensorGain"":[16,64,64,64,64,64,64,64],""sensorStatus"":[0,0,0,0,0,0,0,0],""featureOrder"":[""MQ8"",""MQ135"",""MQ3"",""MQ5"",""MQ4"",""MQ7"",""MQ6"",""MQ2""]},""alarmLatched"":false}"
2026-08-04 11:19:11.503 +07:00,710.368,HOT_SWEEP_70,70,700,300,1,0,0.122689739,0.004048527,0.005063679,-0.002583218,-0.009503937,-0.011649367,-0.01990699,-0.025487091,"{""deviceId"":""1001"",""nodeId"":4097,""targetChId"":""0010"",""mode"":""inference"",""uptimeMs"":7087809,""debugEnabled"":true,""power"":{""mode"":""24v"",""externalPower"":true,""batteryMv"":65535,""batteryValid"":false,""batteryDetected"":false,""batterySenseStatus"":""not_detected"",""batteryLow"":false,""batteryCritical"":false,""sourceAmbiguous"":false,""serviceHoldActive"":false,""serviceHoldEffective"":false},""batterySession"":{""state"":""inactive"",""startedMs"":0,""stateStartedMs"":0,""validSampleBatches"":0,""requiredSampleBatches"":10,""alarmTxAttempts"":0,""alarmTxAttemptLimit"":3,""alarmAckReceived"":false,""pendingAlarm"":false,""pendingSaveRequired"":false,""persistenceFaultHold"":false,""completionReason"":""session_done""},""bootHealth"":{""adsReady"":true,""adsDrdyLevel"":0,""adsDrdyPulldownLevel"":0,""adsDrdyPullupLevel"":0,""adsMisoPulldownLevel"":0,""adsMisoPullupLevel"":1,""adsCsLevel"":1,""adsSyncLevel"":1,""adsStatus"":54,""adsMux"":15,""adsAdcon"":6,""adsDrate"":240,""adsReason"":""ok"",""tcaOk"":true,""mcpOkCount"":8,""mcpOk"":[true,true,true,true,true,true,true,true],""mcpAddrMask"":[1,1,1,1,1,1,1,1],""mcpControlTested"":true,""mcpControlOkCount"":8,""mcpControlOk"":[true,true,true,true,true,true,true,true],""dacReady"":true,""radioReady"":true,""mlReady"":true,""nullingProfileApplied"":true,""modelProfileReady"":false},""runtimeMcpCode"":[255,519,795,706,799,865,665,139],""model"":{""profileId"":""cnn-dualbranch-datasheet-v1-unbound"",""scalerProfileId"":""cnn-dualbranch-datasheet-v1-unbound"",""productionApproved"":true,""boundNullingProfileId"":8,""activeNullingProfileId"":9,""bindingValid"":true,""bindingModelMatches"":true,""profileReady"":false,""inferenceValid"":false,""sensorFault"":true},""lora"":{""beginState"":0,""lastTxState"":0,""lastTxOk"":false,""txSeq"":0,""txCounter"":0,""aesKeyProvisioned"":true,""aesKeyPresent"":true,""aesKeySource"":""nvs"",""keyId"":1,""lastDownlinkCommandId"":0,""freqMHz"":920,""bwKHz"":125,""sf"":7,""cr"":5,""syncWord"":18,""txPowerDbm"":17,""preamble"":8,""tcxoVoltage"":1.600000024,""xtalVoltage"":0},""dataset"":{""state"":""idle"",""step"":""idle"",""label"":"""",""seq"":0,""targetSamples"":0,""sampleIntervalMs"":500,""maxDurationMs"":0,""useFanIntake"":true,""fanOnMs"":1000,""postFanSettleMs"":0,""nullingProfileId"":9,""queuePending"":0,""queueCapacity"":16,""queueEnqueued"":0,""queueDropped"":0,""publishFailCount"":0,""retryCount"":0,""retryFailCount"":0,""rejectedSamples"":0,""lastRejectReason"":""none"",""lastRejectChannel"":-1,""lastRejectOkFiniteCount"":0,""lastRejectStatus"":255,""lastRejectGain"":0,""lastRejectSaturated"":false},""recovery"":{""wifiReconnectCount"":0,""wifiReconnectFailCount"":0,""mqttReconnectCount"":0,""mqttConnectFailCount"":0,""lastMqttState"":0,""adsRecoveryCount"":0,""adsRecoveryFailCount"":0,""adsReadFailStreak"":0,""lastReason"":""none"",""lastRecoveryMs"":0,""bootRecoveryArmed"":false,""bootRecoveryDueMs"":0,""bootRecoveryReason"":""none"",""bootRecoveryNonAdsFailure"":false,""bootRecoveryRestartCount"":0},""nulling"":{""done"":false,""retryArmed"":false,""attemptCount"":0,""nextRetryMs"":0,""thresholdV"":9.999999747E-06,""minFinalV"":0},""telemetry"":{""valid"":true,""sampleMs"":7087386,""gasClass"":6,""gasName"":""CO2"",""confidence"":0,""alarm"":false,""sensorVoltage"":[0.122689739,0.004048527,0.005063679,-0.002583218,-0.009503937,-0.011649367,-0.01990699,-0.025487091],""sensorGain"":[16,64,64,64,64,64,64,64],""sensorStatus"":[0,0,0,0,0,0,0,0],""featureOrder"":[""MQ8"",""MQ135"",""MQ3"",""MQ5"",""MQ4"",""MQ7"",""MQ6"",""MQ2""]},""alarmLatched"":false}"
2026-08-04 11:19:12.231 +07:00,711.096,HOT_SWEEP_70,70,700,300,1,0,0.122902885,0.004044246,0.005064126,-0.002626506,-0.009508497,-0.011657393,-0.019522119,-0.025517236,"{""deviceId"":""1001"",""nodeId"":4097,""targetChId"":""0010"",""mode"":""inference"",""uptimeMs"":7088540,""debugEnabled"":true,""power"":{""mode"":""24v"",""externalPower"":true,""batteryMv"":65535,""batteryValid"":false,""batteryDetected"":false,""batterySenseStatus"":""not_detected"",""batteryLow"":false,""batteryCritical"":false,""sourceAmbiguous"":false,""serviceHoldActive"":false,""serviceHoldEffective"":false},""batterySession"":{""state"":""inactive"",""startedMs"":0,""stateStartedMs"":0,""validSampleBatches"":0,""requiredSampleBatches"":10,""alarmTxAttempts"":0,""alarmTxAttemptLimit"":3,""alarmAckReceived"":false,""pendingAlarm"":false,""pendingSaveRequired"":false,""persistenceFaultHold"":false,""completionReason"":""session_done""},""bootHealth"":{""adsReady"":true,""adsDrdyLevel"":0,""adsDrdyPulldownLevel"":0,""adsDrdyPullupLevel"":0,""adsMisoPulldownLevel"":0,""adsMisoPullupLevel"":1,""adsCsLevel"":1,""adsSyncLevel"":1,""adsStatus"":54,""adsMux"":15,""adsAdcon"":6,""adsDrate"":240,""adsReason"":""ok"",""tcaOk"":true,""mcpOkCount"":8,""mcpOk"":[true,true,true,true,true,true,true,true],""mcpAddrMask"":[1,1,1,1,1,1,1,1],""mcpControlTested"":true,""mcpControlOkCount"":8,""mcpControlOk"":[true,true,true,true,true,true,true,true],""dacReady"":true,""radioReady"":true,""mlReady"":true,""nullingProfileApplied"":true,""modelProfileReady"":false},""runtimeMcpCode"":[255,519,795,706,799,865,665,139],""model"":{""profileId"":""cnn-dualbranch-datasheet-v1-unbound"",""scalerProfileId"":""cnn-dualbranch-datasheet-v1-unbound"",""productionApproved"":true,""boundNullingProfileId"":8,""activeNullingProfileId"":9,""bindingValid"":true,""bindingModelMatches"":true,""profileReady"":false,""inferenceValid"":false,""sensorFault"":true},""lora"":{""beginState"":0,""lastTxState"":0,""lastTxOk"":false,""txSeq"":0,""txCounter"":0,""aesKeyProvisioned"":true,""aesKeyPresent"":true,""aesKeySource"":""nvs"",""keyId"":1,""lastDownlinkCommandId"":0,""freqMHz"":920,""bwKHz"":125,""sf"":7,""cr"":5,""syncWord"":18,""txPowerDbm"":17,""preamble"":8,""tcxoVoltage"":1.600000024,""xtalVoltage"":0},""dataset"":{""state"":""idle"",""step"":""idle"",""label"":"""",""seq"":0,""targetSamples"":0,""sampleIntervalMs"":500,""maxDurationMs"":0,""useFanIntake"":true,""fanOnMs"":1000,""postFanSettleMs"":0,""nullingProfileId"":9,""queuePending"":0,""queueCapacity"":16,""queueEnqueued"":0,""queueDropped"":0,""publishFailCount"":0,""retryCount"":0,""retryFailCount"":0,""rejectedSamples"":0,""lastRejectReason"":""none"",""lastRejectChannel"":-1,""lastRejectOkFiniteCount"":0,""lastRejectStatus"":255,""lastRejectGain"":0,""lastRejectSaturated"":false},""recovery"":{""wifiReconnectCount"":0,""wifiReconnectFailCount"":0,""mqttReconnectCount"":0,""mqttConnectFailCount"":0,""lastMqttState"":0,""adsRecoveryCount"":0,""adsRecoveryFailCount"":0,""adsReadFailStreak"":0,""lastReason"":""none"",""lastRecoveryMs"":0,""bootRecoveryArmed"":false,""bootRecoveryDueMs"":0,""bootRecoveryReason"":""none"",""bootRecoveryNonAdsFailure"":false,""bootRecoveryRestartCount"":0},""nulling"":{""done"":false,""retryArmed"":false,""attemptCount"":0,""nextRetryMs"":0,""thresholdV"":9.999999747E-06,""minFinalV"":0},""telemetry"":{""valid"":true,""sampleMs"":7088087,""gasClass"":6,""gasName"":""CO2"",""confidence"":0,""alarm"":false,""sensorVoltage"":[0.122902885,0.004044246,0.005064126,-0.002626506,-0.009508497,-0.011657393,-0.019522119,-0.025517236],""sensorGain"":[16,64,64,64,64,64,64,64],""sensorStatus"":[0,0,0,0,0,0,0,0],""featureOrder"":[""MQ8"",""MQ135"",""MQ3"",""MQ5"",""MQ4"",""MQ7"",""MQ6"",""MQ2""]},""alarmLatched"":false}"
2026-08-04 11:19:12.930 +07:00,711.796,HOT_SWEEP_70,70,700,300,1,0,0.123256348,0.004022583,0.005009161,-0.002636975,-0.009474847,-0.011675482,-0.019542759,-0.025532559,"{""deviceId"":""1001"",""nodeId"":4097,""targetChId"":""0010"",""mode"":""inference"",""uptimeMs"":7089241,""debugEnabled"":true,""power"":{""mode"":""24v"",""externalPower"":true,""batteryMv"":65535,""batteryValid"":false,""batteryDetected"":false,""batterySenseStatus"":""not_detected"",""batteryLow"":false,""batteryCritical"":false,""sourceAmbiguous"":false,""serviceHoldActive"":false,""serviceHoldEffective"":false},""batterySession"":{""state"":""inactive"",""startedMs"":0,""stateStartedMs"":0,""validSampleBatches"":0,""requiredSampleBatches"":10,""alarmTxAttempts"":0,""alarmTxAttemptLimit"":3,""alarmAckReceived"":false,""pendingAlarm"":false,""pendingSaveRequired"":false,""persistenceFaultHold"":false,""completionReason"":""session_done""},""bootHealth"":{""adsReady"":true,""adsDrdyLevel"":0,""adsDrdyPulldownLevel"":0,""adsDrdyPullupLevel"":0,""adsMisoPulldownLevel"":0,""adsMisoPullupLevel"":1,""adsCsLevel"":1,""adsSyncLevel"":1,""adsStatus"":54,""adsMux"":15,""adsAdcon"":6,""adsDrate"":240,""adsReason"":""ok"",""tcaOk"":true,""mcpOkCount"":8,""mcpOk"":[true,true,true,true,true,true,true,true],""mcpAddrMask"":[1,1,1,1,1,1,1,1],""mcpControlTested"":true,""mcpControlOkCount"":8,""mcpControlOk"":[true,true,true,true,true,true,true,true],""dacReady"":true,""radioReady"":true,""mlReady"":true,""nullingProfileApplied"":true,""modelProfileReady"":false},""runtimeMcpCode"":[255,519,795,706,799,865,665,139],""model"":{""profileId"":""cnn-dualbranch-datasheet-v1-unbound"",""scalerProfileId"":""cnn-dualbranch-datasheet-v1-unbound"",""productionApproved"":true,""boundNullingProfileId"":8,""activeNullingProfileId"":9,""bindingValid"":true,""bindingModelMatches"":true,""profileReady"":false,""inferenceValid"":false,""sensorFault"":true},""lora"":{""beginState"":0,""lastTxState"":0,""lastTxOk"":false,""txSeq"":0,""txCounter"":0,""aesKeyProvisioned"":true,""aesKeyPresent"":true,""aesKeySource"":""nvs"",""keyId"":1,""lastDownlinkCommandId"":0,""freqMHz"":920,""bwKHz"":125,""sf"":7,""cr"":5,""syncWord"":18,""txPowerDbm"":17,""preamble"":8,""tcxoVoltage"":1.600000024,""xtalVoltage"":0},""dataset"":{""state"":""idle"",""step"":""idle"",""label"":"""",""seq"":0,""targetSamples"":0,""sampleIntervalMs"":500,""maxDurationMs"":0,""useFanIntake"":true,""fanOnMs"":1000,""postFanSettleMs"":0,""nullingProfileId"":9,""queuePending"":0,""queueCapacity"":16,""queueEnqueued"":0,""queueDropped"":0,""publishFailCount"":0,""retryCount"":0,""retryFailCount"":0,""rejectedSamples"":0,""lastRejectReason"":""none"",""lastRejectChannel"":-1,""lastRejectOkFiniteCount"":0,""lastRejectStatus"":255,""lastRejectGain"":0,""lastRejectSaturated"":false},""recovery"":{""wifiReconnectCount"":0,""wifiReconnectFailCount"":0,""mqttReconnectCount"":0,""mqttConnectFailCount"":0,""lastMqttState"":0,""adsRecoveryCount"":0,""adsRecoveryFailCount"":0,""adsReadFailStreak"":0,""lastReason"":""none"",""lastRecoveryMs"":0,""bootRecoveryArmed"":false,""bootRecoveryDueMs"":0,""bootRecoveryReason"":""none"",""bootRecoveryNonAdsFailure"":false,""bootRecoveryRestartCount"":0},""nulling"":{""done"":false,""retryArmed"":false,""attemptCount"":0,""nextRetryMs"":0,""thresholdV"":9.999999747E-06,""minFinalV"":0},""telemetry"":{""valid"":true,""sampleMs"":7088850,""gasClass"":6,""gasName"":""CO2"",""confidence"":0,""alarm"":false,""sensorVoltage"":[0.123256348,0.004022583,0.005009161,-0.002636975,-0.009474847,-0.011675482,-0.019542759,-0.025532559],""sensorGain"":[16,64,64,64,64,64,64,64],""sensorStatus"":[0,0,0,0,0,0,0,0],""featureOrder"":[""MQ8"",""MQ135"",""MQ3"",""MQ5"",""MQ4"",""MQ7"",""MQ6"",""MQ2""]},""alarmLatched"":false}"
2026-08-04 11:19:13.629 +07:00,712.502,HOT_SWEEP_70,70,700,300,1,0,0.123390272,0.004044097,0.004988478,-0.002605228,-0.009449157,-0.011647796,-0.019554049,-0.025459493,"{""deviceId"":""1001"",""nodeId"":4097,""targetChId"":""0010"",""mode"":""inference"",""uptimeMs"":7089941,""debugEnabled"":true,""power"":{""mode"":""24v"",""externalPower"":true,""batteryMv"":65535,""batteryValid"":false,""batteryDetected"":false,""batterySenseStatus"":""not_detected"",""batteryLow"":false,""batteryCritical"":false,""sourceAmbiguous"":false,""serviceHoldActive"":false,""serviceHoldEffective"":false},""batterySession"":{""state"":""inactive"",""startedMs"":0,""stateStartedMs"":0,""validSampleBatches"":0,""requiredSampleBatches"":10,""alarmTxAttempts"":0,""alarmTxAttemptLimit"":3,""alarmAckReceived"":false,""pendingAlarm"":false,""pendingSaveRequired"":false,""persistenceFaultHold"":false,""completionReason"":""session_done""},""bootHealth"":{""adsReady"":true,""adsDrdyLevel"":0,""adsDrdyPulldownLevel"":0,""adsDrdyPullupLevel"":0,""adsMisoPulldownLevel"":0,""adsMisoPullupLevel"":1,""adsCsLevel"":1,""adsSyncLevel"":1,""adsStatus"":54,""adsMux"":15,""adsAdcon"":6,""adsDrate"":240,""adsReason"":""ok"",""tcaOk"":true,""mcpOkCount"":8,""mcpOk"":[true,true,true,true,true,true,true,true],""mcpAddrMask"":[1,1,1,1,1,1,1,1],""mcpControlTested"":true,""mcpControlOkCount"":8,""mcpControlOk"":[true,true,true,true,true,true,true,true],""dacReady"":true,""radioReady"":true,""mlReady"":true,""nullingProfileApplied"":true,""modelProfileReady"":false},""runtimeMcpCode"":[255,519,795,706,799,865,665,139],""model"":{""profileId"":""cnn-dualbranch-datasheet-v1-unbound"",""scalerProfileId"":""cnn-dualbranch-datasheet-v1-unbound"",""productionApproved"":true,""boundNullingProfileId"":8,""activeNullingProfileId"":9,""bindingValid"":true,""bindingModelMatches"":true,""profileReady"":false,""inferenceValid"":false,""sensorFault"":true},""lora"":{""beginState"":0,""lastTxState"":0,""lastTxOk"":false,""txSeq"":0,""txCounter"":0,""aesKeyProvisioned"":true,""aesKeyPresent"":true,""aesKeySource"":""nvs"",""keyId"":1,""lastDownlinkCommandId"":0,""freqMHz"":920,""bwKHz"":125,""sf"":7,""cr"":5,""syncWord"":18,""txPowerDbm"":17,""preamble"":8,""tcxoVoltage"":1.600000024,""xtalVoltage"":0},""dataset"":{""state"":""idle"",""step"":""idle"",""label"":"""",""seq"":0,""targetSamples"":0,""sampleIntervalMs"":500,""maxDurationMs"":0,""useFanIntake"":true,""fanOnMs"":1000,""postFanSettleMs"":0,""nullingProfileId"":9,""queuePending"":0,""queueCapacity"":16,""queueEnqueued"":0,""queueDropped"":0,""publishFailCount"":0,""retryCount"":0,""retryFailCount"":0,""rejectedSamples"":0,""lastRejectReason"":""none"",""lastRejectChannel"":-1,""lastRejectOkFiniteCount"":0,""lastRejectStatus"":255,""lastRejectGain"":0,""lastRejectSaturated"":false},""recovery"":{""wifiReconnectCount"":0,""wifiReconnectFailCount"":0,""mqttReconnectCount"":0,""mqttConnectFailCount"":0,""lastMqttState"":0,""adsRecoveryCount"":0,""adsRecoveryFailCount"":0,""adsReadFailStreak"":0,""lastReason"":""none"",""lastRecoveryMs"":0,""bootRecoveryArmed"":false,""bootRecoveryDueMs"":0,""bootRecoveryReason"":""none"",""bootRecoveryNonAdsFailure"":false,""bootRecoveryRestartCount"":0},""nulling"":{""done"":false,""retryArmed"":false,""attemptCount"":0,""nextRetryMs"":0,""thresholdV"":9.999999747E-06,""minFinalV"":0},""telemetry"":{""valid"":true,""sampleMs"":7089519,""gasClass"":6,""gasName"":""CO2"",""confidence"":0,""alarm"":false,""sensorVoltage"":[0.123390272,0.004044097,0.004988478,-0.002605228,-0.009449157,-0.011647796,-0.019554049,-0.025459493],""sensorGain"":[16,64,64,64,64,64,64,64],""sensorStatus"":[0,0,0,0,0,0,0,0],""featureOrder"":[""MQ8"",""MQ135"",""MQ3"",""MQ5"",""MQ4"",""MQ7"",""MQ6"",""MQ2""]},""alarmLatched"":false}"
2026-08-04 11:19:14.327 +07:00,713.198,HOT_SWEEP_70,70,700,300,1,0,0.123450242,0.004005292,0.004991155,-0.002675266,-0.009409289,-0.011694638,-0.019561725,-0.025468275,"{""deviceId"":""1001"",""nodeId"":4097,""targetChId"":""0010"",""mode"":""inference"",""uptimeMs"":7090637,""debugEnabled"":true,""power"":{""mode"":""24v"",""externalPower"":true,""batteryMv"":65535,""batteryValid"":false,""batteryDetected"":false,""batterySenseStatus"":""not_detected"",""batteryLow"":false,""batteryCritical"":false,""sourceAmbiguous"":false,""serviceHoldActive"":false,""serviceHoldEffective"":false},""batterySession"":{""state"":""inactive"",""startedMs"":0,""stateStartedMs"":0,""validSampleBatches"":0,""requiredSampleBatches"":10,""alarmTxAttempts"":0,""alarmTxAttemptLimit"":3,""alarmAckReceived"":false,""pendingAlarm"":false,""pendingSaveRequired"":false,""persistenceFaultHold"":false,""completionReason"":""session_done""},""bootHealth"":{""adsReady"":true,""adsDrdyLevel"":0,""adsDrdyPulldownLevel"":0,""adsDrdyPullupLevel"":0,""adsMisoPulldownLevel"":0,""adsMisoPullupLevel"":1,""adsCsLevel"":1,""adsSyncLevel"":1,""adsStatus"":54,""adsMux"":15,""adsAdcon"":6,""adsDrate"":240,""adsReason"":""ok"",""tcaOk"":true,""mcpOkCount"":8,""mcpOk"":[true,true,true,true,true,true,true,true],""mcpAddrMask"":[1,1,1,1,1,1,1,1],""mcpControlTested"":true,""mcpControlOkCount"":8,""mcpControlOk"":[true,true,true,true,true,true,true,true],""dacReady"":true,""radioReady"":true,""mlReady"":true,""nullingProfileApplied"":true,""modelProfileReady"":false},""runtimeMcpCode"":[255,519,795,706,799,865,665,139],""model"":{""profileId"":""cnn-dualbranch-datasheet-v1-unbound"",""scalerProfileId"":""cnn-dualbranch-datasheet-v1-unbound"",""productionApproved"":true,""boundNullingProfileId"":8,""activeNullingProfileId"":9,""bindingValid"":true,""bindingModelMatches"":true,""profileReady"":false,""inferenceValid"":false,""sensorFault"":true},""lora"":{""beginState"":0,""lastTxState"":0,""lastTxOk"":false,""txSeq"":0,""txCounter"":0,""aesKeyProvisioned"":true,""aesKeyPresent"":true,""aesKeySource"":""nvs"",""keyId"":1,""lastDownlinkCommandId"":0,""freqMHz"":920,""bwKHz"":125,""sf"":7,""cr"":5,""syncWord"":18,""txPowerDbm"":17,""preamble"":8,""tcxoVoltage"":1.600000024,""xtalVoltage"":0},""dataset"":{""state"":""idle"",""step"":""idle"",""label"":"""",""seq"":0,""targetSamples"":0,""sampleIntervalMs"":500,""maxDurationMs"":0,""useFanIntake"":true,""fanOnMs"":1000,""postFanSettleMs"":0,""nullingProfileId"":9,""queuePending"":0,""queueCapacity"":16,""queueEnqueued"":0,""queueDropped"":0,""publishFailCount"":0,""retryCount"":0,""retryFailCount"":0,""rejectedSamples"":0,""lastRejectReason"":""none"",""lastRejectChannel"":-1,""lastRejectOkFiniteCount"":0,""lastRejectStatus"":255,""lastRejectGain"":0,""lastRejectSaturated"":false},""recovery"":{""wifiReconnectCount"":0,""wifiReconnectFailCount"":0,""mqttReconnectCount"":0,""mqttConnectFailCount"":0,""lastMqttState"":0,""adsRecoveryCount"":0,""adsRecoveryFailCount"":0,""adsReadFailStreak"":0,""lastReason"":""none"",""lastRecoveryMs"":0,""bootRecoveryArmed"":false,""bootRecoveryDueMs"":0,""bootRecoveryReason"":""none"",""bootRecoveryNonAdsFailure"":false,""bootRecoveryRestartCount"":0},""nulling"":{""done"":false,""retryArmed"":false,""attemptCount"":0,""nextRetryMs"":0,""thresholdV"":9.999999747E-06,""minFinalV"":0},""telemetry"":{""valid"":true,""sampleMs"":7090219,""gasClass"":6,""gasName"":""CO2"",""confidence"":0,""alarm"":false,""sensorVoltage"":[0.123450242,0.004005292,0.004991155,-0.002675266,-0.009409289,-0.011694638,-0.019561725,-0.025468275],""sensorGain"":[16,64,64,64,64,64,64,64],""sensorStatus"":[0,0,0,0,0,0,0,0],""featureOrder"":[""MQ8"",""MQ135"",""MQ3"",""MQ5"",""MQ4"",""MQ7"",""MQ6"",""MQ2""]},""alarmLatched"":false}"
2026-08-04 11:19:15.018 +07:00,713.886,HOT_SWEEP_70,70,700,300,1,0,0.123694733,0.003926474,0.004943836,-0.002687971,-0.009398384,-0.011712844,-0.019538155,-0.02554718,"{""deviceId"":""1001"",""nodeId"":4097,""targetChId"":""0010"",""mode"":""inference"",""uptimeMs"":7091325,""debugEnabled"":true,""power"":{""mode"":""24v"",""externalPower"":true,""batteryMv"":65535,""batteryValid"":false,""batteryDetected"":false,""batterySenseStatus"":""not_detected"",""batteryLow"":false,""batteryCritical"":false,""sourceAmbiguous"":false,""serviceHoldActive"":false,""serviceHoldEffective"":false},""batterySession"":{""state"":""inactive"",""startedMs"":0,""stateStartedMs"":0,""validSampleBatches"":0,""requiredSampleBatches"":10,""alarmTxAttempts"":0,""alarmTxAttemptLimit"":3,""alarmAckReceived"":false,""pendingAlarm"":false,""pendingSaveRequired"":false,""persistenceFaultHold"":false,""completionReason"":""session_done""},""bootHealth"":{""adsReady"":true,""adsDrdyLevel"":0,""adsDrdyPulldownLevel"":0,""adsDrdyPullupLevel"":0,""adsMisoPulldownLevel"":0,""adsMisoPullupLevel"":1,""adsCsLevel"":1,""adsSyncLevel"":1,""adsStatus"":54,""adsMux"":15,""adsAdcon"":6,""adsDrate"":240,""adsReason"":""ok"",""tcaOk"":true,""mcpOkCount"":8,""mcpOk"":[true,true,true,true,true,true,true,true],""mcpAddrMask"":[1,1,1,1,1,1,1,1],""mcpControlTested"":true,""mcpControlOkCount"":8,""mcpControlOk"":[true,true,true,true,true,true,true,true],""dacReady"":true,""radioReady"":true,""mlReady"":true,""nullingProfileApplied"":true,""modelProfileReady"":false},""runtimeMcpCode"":[255,519,795,706,799,865,665,139],""model"":{""profileId"":""cnn-dualbranch-datasheet-v1-unbound"",""scalerProfileId"":""cnn-dualbranch-datasheet-v1-unbound"",""productionApproved"":true,""boundNullingProfileId"":8,""activeNullingProfileId"":9,""bindingValid"":true,""bindingModelMatches"":true,""profileReady"":false,""inferenceValid"":false,""sensorFault"":true},""lora"":{""beginState"":0,""lastTxState"":0,""lastTxOk"":false,""txSeq"":0,""txCounter"":0,""aesKeyProvisioned"":true,""aesKeyPresent"":true,""aesKeySource"":""nvs"",""keyId"":1,""lastDownlinkCommandId"":0,""freqMHz"":920,""bwKHz"":125,""sf"":7,""cr"":5,""syncWord"":18,""txPowerDbm"":17,""preamble"":8,""tcxoVoltage"":1.600000024,""xtalVoltage"":0},""dataset"":{""state"":""idle"",""step"":""idle"",""label"":"""",""seq"":0,""targetSamples"":0,""sampleIntervalMs"":500,""maxDurationMs"":0,""useFanIntake"":true,""fanOnMs"":1000,""postFanSettleMs"":0,""nullingProfileId"":9,""queuePending"":0,""queueCapacity"":16,""queueEnqueued"":0,""queueDropped"":0,""publishFailCount"":0,""retryCount"":0,""retryFailCount"":0,""rejectedSamples"":0,""lastRejectReason"":""none"",""lastRejectChannel"":-1,""lastRejectOkFiniteCount"":0,""lastRejectStatus"":255,""lastRejectGain"":0,""lastRejectSaturated"":false},""recovery"":{""wifiReconnectCount"":0,""wifiReconnectFailCount"":0,""mqttReconnectCount"":0,""mqttConnectFailCount"":0,""lastMqttState"":0,""adsRecoveryCount"":0,""adsRecoveryFailCount"":0,""adsReadFailStreak"":0,""lastReason"":""none"",""lastRecoveryMs"":0,""bootRecoveryArmed"":false,""bootRecoveryDueMs"":0,""bootRecoveryReason"":""none"",""bootRecoveryNonAdsFailure"":false,""bootRecoveryRestartCount"":0},""nulling"":{""done"":false,""retryArmed"":false,""attemptCount"":0,""nextRetryMs"":0,""thresholdV"":9.999999747E-06,""minFinalV"":0},""telemetry"":{""valid"":true,""sampleMs"":7090947,""gasClass"":6,""gasName"":""CO2"",""confidence"":0,""alarm"":false,""sensorVoltage"":[0.123694733,0.003926474,0.004943836,-0.002687971,-0.009398384,-0.011712844,-0.019538155,-0.02554718],""sensorGain"":[16,64,64,64,64,64,64,64],""sensorStatus"":[0,0,0,0,0,0,0,0],""featureOrder"":[""MQ8"",""MQ135"",""MQ3"",""MQ5"",""MQ4"",""MQ7"",""MQ6"",""MQ2""]},""alarmLatched"":false}"
2026-08-04 11:19:15.708 +07:00,714.576,HOT_SWEEP_70,70,700,300,1,0,0.123624131,0.003942268,0.004921789,-0.002673501,-0.009391433,-0.0117297,-0.019592885,-0.02550376,"{""deviceId"":""1001"",""nodeId"":4097,""targetChId"":""0010"",""mode"":""inference"",""uptimeMs"":7092015,""debugEnabled"":true,""power"":{""mode"":""24v"",""externalPower"":true,""batteryMv"":65535,""batteryValid"":false,""batteryDetected"":false,""batterySenseStatus"":""not_detected"",""batteryLow"":false,""batteryCritical"":false,""sourceAmbiguous"":false,""serviceHoldActive"":false,""serviceHoldEffective"":false},""batterySession"":{""state"":""inactive"",""startedMs"":0,""stateStartedMs"":0,""validSampleBatches"":0,""requiredSampleBatches"":10,""alarmTxAttempts"":0,""alarmTxAttemptLimit"":3,""alarmAckReceived"":false,""pendingAlarm"":false,""pendingSaveRequired"":false,""persistenceFaultHold"":false,""completionReason"":""session_done""},""bootHealth"":{""adsReady"":true,""adsDrdyLevel"":0,""adsDrdyPulldownLevel"":0,""adsDrdyPullupLevel"":0,""adsMisoPulldownLevel"":0,""adsMisoPullupLevel"":1,""adsCsLevel"":1,""adsSyncLevel"":1,""adsStatus"":54,""adsMux"":15,""adsAdcon"":6,""adsDrate"":240,""adsReason"":""ok"",""tcaOk"":true,""mcpOkCount"":8,""mcpOk"":[true,true,true,true,true,true,true,true],""mcpAddrMask"":[1,1,1,1,1,1,1,1],""mcpControlTested"":true,""mcpControlOkCount"":8,""mcpControlOk"":[true,true,true,true,true,true,true,true],""dacReady"":true,""radioReady"":true,""mlReady"":true,""nullingProfileApplied"":true,""modelProfileReady"":false},""runtimeMcpCode"":[255,519,795,706,799,865,665,139],""model"":{""profileId"":""cnn-dualbranch-datasheet-v1-unbound"",""scalerProfileId"":""cnn-dualbranch-datasheet-v1-unbound"",""productionApproved"":true,""boundNullingProfileId"":8,""activeNullingProfileId"":9,""bindingValid"":true,""bindingModelMatches"":true,""profileReady"":false,""inferenceValid"":false,""sensorFault"":true},""lora"":{""beginState"":0,""lastTxState"":0,""lastTxOk"":false,""txSeq"":0,""txCounter"":0,""aesKeyProvisioned"":true,""aesKeyPresent"":true,""aesKeySource"":""nvs"",""keyId"":1,""lastDownlinkCommandId"":0,""freqMHz"":920,""bwKHz"":125,""sf"":7,""cr"":5,""syncWord"":18,""txPowerDbm"":17,""preamble"":8,""tcxoVoltage"":1.600000024,""xtalVoltage"":0},""dataset"":{""state"":""idle"",""step"":""idle"",""label"":"""",""seq"":0,""targetSamples"":0,""sampleIntervalMs"":500,""maxDurationMs"":0,""useFanIntake"":true,""fanOnMs"":1000,""postFanSettleMs"":0,""nullingProfileId"":9,""queuePending"":0,""queueCapacity"":16,""queueEnqueued"":0,""queueDropped"":0,""publishFailCount"":0,""retryCount"":0,""retryFailCount"":0,""rejectedSamples"":0,""lastRejectReason"":""none"",""lastRejectChannel"":-1,""lastRejectOkFiniteCount"":0,""lastRejectStatus"":255,""lastRejectGain"":0,""lastRejectSaturated"":false},""recovery"":{""wifiReconnectCount"":0,""wifiReconnectFailCount"":0,""mqttReconnectCount"":0,""mqttConnectFailCount"":0,""lastMqttState"":0,""adsRecoveryCount"":0,""adsRecoveryFailCount"":0,""adsReadFailStreak"":0,""lastReason"":""none"",""lastRecoveryMs"":0,""bootRecoveryArmed"":false,""bootRecoveryDueMs"":0,""bootRecoveryReason"":""none"",""bootRecoveryNonAdsFailure"":false,""bootRecoveryRestartCount"":0},""nulling"":{""done"":false,""retryArmed"":false,""attemptCount"":0,""nextRetryMs"":0,""thresholdV"":9.999999747E-06,""minFinalV"":0},""telemetry"":{""valid"":true,""sampleMs"":7091603,""gasClass"":6,""gasName"":""CO2"",""confidence"":0,""alarm"":false,""sensorVoltage"":[0.123624131,0.003942268,0.004921789,-0.002673501,-0.009391433,-0.0117297,-0.019592885,-0.02550376],""sensorGain"":[16,64,64,64,64,64,64,64],""sensorStatus"":[0,0,0,0,0,0,0,0],""featureOrder"":[""MQ8"",""MQ135"",""MQ3"",""MQ5"",""MQ4"",""MQ7"",""MQ6"",""MQ2""]},""alarmLatched"":false}"
2026-08-04 11:19:16.397 +07:00,715.266,HOT_SWEEP_70,70,700,300,1,0,0.123826906,0.003927359,0.004907552,-0.002748479,-0.009409058,-0.011741487,-0.019590346,-0.025476271,"{""deviceId"":""1001"",""nodeId"":4097,""targetChId"":""0010"",""mode"":""inference"",""uptimeMs"":7092705,""debugEnabled"":true,""power"":{""mode"":""24v"",""externalPower"":true,""batteryMv"":65535,""batteryValid"":false,""batteryDetected"":false,""batterySenseStatus"":""not_detected"",""batteryLow"":false,""batteryCritical"":false,""sourceAmbiguous"":false,""serviceHoldActive"":false,""serviceHoldEffective"":false},""batterySession"":{""state"":""inactive"",""startedMs"":0,""stateStartedMs"":0,""validSampleBatches"":0,""requiredSampleBatches"":10,""alarmTxAttempts"":0,""alarmTxAttemptLimit"":3,""alarmAckReceived"":false,""pendingAlarm"":false,""pendingSaveRequired"":false,""persistenceFaultHold"":false,""completionReason"":""session_done""},""bootHealth"":{""adsReady"":true,""adsDrdyLevel"":0,""adsDrdyPulldownLevel"":0,""adsDrdyPullupLevel"":0,""adsMisoPulldownLevel"":0,""adsMisoPullupLevel"":1,""adsCsLevel"":1,""adsSyncLevel"":1,""adsStatus"":54,""adsMux"":15,""adsAdcon"":6,""adsDrate"":240,""adsReason"":""ok"",""tcaOk"":true,""mcpOkCount"":8,""mcpOk"":[true,true,true,true,true,true,true,true],""mcpAddrMask"":[1,1,1,1,1,1,1,1],""mcpControlTested"":true,""mcpControlOkCount"":8,""mcpControlOk"":[true,true,true,true,true,true,true,true],""dacReady"":true,""radioReady"":true,""mlReady"":true,""nullingProfileApplied"":true,""modelProfileReady"":false},""runtimeMcpCode"":[255,519,795,706,799,865,665,139],""model"":{""profileId"":""cnn-dualbranch-datasheet-v1-unbound"",""scalerProfileId"":""cnn-dualbranch-datasheet-v1-unbound"",""productionApproved"":true,""boundNullingProfileId"":8,""activeNullingProfileId"":9,""bindingValid"":true,""bindingModelMatches"":true,""profileReady"":false,""inferenceValid"":false,""sensorFault"":true},""lora"":{""beginState"":0,""lastTxState"":0,""lastTxOk"":false,""txSeq"":0,""txCounter"":0,""aesKeyProvisioned"":true,""aesKeyPresent"":true,""aesKeySource"":""nvs"",""keyId"":1,""lastDownlinkCommandId"":0,""freqMHz"":920,""bwKHz"":125,""sf"":7,""cr"":5,""syncWord"":18,""txPowerDbm"":17,""preamble"":8,""tcxoVoltage"":1.600000024,""xtalVoltage"":0},""dataset"":{""state"":""idle"",""step"":""idle"",""label"":"""",""seq"":0,""targetSamples"":0,""sampleIntervalMs"":500,""maxDurationMs"":0,""useFanIntake"":true,""fanOnMs"":1000,""postFanSettleMs"":0,""nullingProfileId"":9,""queuePending"":0,""queueCapacity"":16,""queueEnqueued"":0,""queueDropped"":0,""publishFailCount"":0,""retryCount"":0,""retryFailCount"":0,""rejectedSamples"":0,""lastRejectReason"":""none"",""lastRejectChannel"":-1,""lastRejectOkFiniteCount"":0,""lastRejectStatus"":255,""lastRejectGain"":0,""lastRejectSaturated"":false},""recovery"":{""wifiReconnectCount"":0,""wifiReconnectFailCount"":0,""mqttReconnectCount"":0,""mqttConnectFailCount"":0,""lastMqttState"":0,""adsRecoveryCount"":0,""adsRecoveryFailCount"":0,""adsReadFailStreak"":0,""lastReason"":""none"",""lastRecoveryMs"":0,""bootRecoveryArmed"":false,""bootRecoveryDueMs"":0,""bootRecoveryReason"":""none"",""bootRecoveryNonAdsFailure"":false,""bootRecoveryRestartCount"":0},""nulling"":{""done"":false,""retryArmed"":false,""attemptCount"":0,""nextRetryMs"":0,""thresholdV"":9.999999747E-06,""minFinalV"":0},""telemetry"":{""valid"":true,""sampleMs"":7092293,""gasClass"":6,""gasName"":""CO2"",""confidence"":0,""alarm"":false,""sensorVoltage"":[0.123826906,0.003927359,0.004907552,-0.002748479,-0.009409058,-0.011741487,-0.019590346,-0.025476271],""sensorGain"":[16,64,64,64,64,64,64,64],""sensorStatus"":[0,0,0,0,0,0,0,0],""featureOrder"":[""MQ8"",""MQ135"",""MQ3"",""MQ5"",""MQ4"",""MQ7"",""MQ6"",""MQ2""]},""alarmLatched"":false}"
2026-08-04 11:19:17.106 +07:00,715.974,HOT_SWEEP_70,70,700,300,1,0,0.12388368,0.003913108,0.004863865,-0.002753267,-0.009403562,-0.011735774,-0.019607518,-0.025359783,"{""deviceId"":""1001"",""nodeId"":4097,""targetChId"":""0010"",""mode"":""inference"",""uptimeMs"":7093412,""debugEnabled"":true,""power"":{""mode"":""24v"",""externalPower"":true,""batteryMv"":65535,""batteryValid"":false,""batteryDetected"":false,""batterySenseStatus"":""not_detected"",""batteryLow"":false,""batteryCritical"":false,""sourceAmbiguous"":false,""serviceHoldActive"":false,""serviceHoldEffective"":false},""batterySession"":{""state"":""inactive"",""startedMs"":0,""stateStartedMs"":0,""validSampleBatches"":0,""requiredSampleBatches"":10,""alarmTxAttempts"":0,""alarmTxAttemptLimit"":3,""alarmAckReceived"":false,""pendingAlarm"":false,""pendingSaveRequired"":false,""persistenceFaultHold"":false,""completionReason"":""session_done""},""bootHealth"":{""adsReady"":true,""adsDrdyLevel"":0,""adsDrdyPulldownLevel"":0,""adsDrdyPullupLevel"":0,""adsMisoPulldownLevel"":0,""adsMisoPullupLevel"":1,""adsCsLevel"":1,""adsSyncLevel"":1,""adsStatus"":54,""adsMux"":15,""adsAdcon"":6,""adsDrate"":240,""adsReason"":""ok"",""tcaOk"":true,""mcpOkCount"":8,""mcpOk"":[true,true,true,true,true,true,true,true],""mcpAddrMask"":[1,1,1,1,1,1,1,1],""mcpControlTested"":true,""mcpControlOkCount"":8,""mcpControlOk"":[true,true,true,true,true,true,true,true],""dacReady"":true,""radioReady"":true,""mlReady"":true,""nullingProfileApplied"":true,""modelProfileReady"":false},""runtimeMcpCode"":[255,519,795,706,799,865,665,139],""model"":{""profileId"":""cnn-dualbranch-datasheet-v1-unbound"",""scalerProfileId"":""cnn-dualbranch-datasheet-v1-unbound"",""productionApproved"":true,""boundNullingProfileId"":8,""activeNullingProfileId"":9,""bindingValid"":true,""bindingModelMatches"":true,""profileReady"":false,""inferenceValid"":false,""sensorFault"":true},""lora"":{""beginState"":0,""lastTxState"":0,""lastTxOk"":false,""txSeq"":0,""txCounter"":0,""aesKeyProvisioned"":true,""aesKeyPresent"":true,""aesKeySource"":""nvs"",""keyId"":1,""lastDownlinkCommandId"":0,""freqMHz"":920,""bwKHz"":125,""sf"":7,""cr"":5,""syncWord"":18,""txPowerDbm"":17,""preamble"":8,""tcxoVoltage"":1.600000024,""xtalVoltage"":0},""dataset"":{""state"":""idle"",""step"":""idle"",""label"":"""",""seq"":0,""targetSamples"":0,""sampleIntervalMs"":500,""maxDurationMs"":0,""useFanIntake"":true,""fanOnMs"":1000,""postFanSettleMs"":0,""nullingProfileId"":9,""queuePending"":0,""queueCapacity"":16,""queueEnqueued"":0,""queueDropped"":0,""publishFailCount"":0,""retryCount"":0,""retryFailCount"":0,""rejectedSamples"":0,""lastRejectReason"":""none"",""lastRejectChannel"":-1,""lastRejectOkFiniteCount"":0,""lastRejectStatus"":255,""lastRejectGain"":0,""lastRejectSaturated"":false},""recovery"":{""wifiReconnectCount"":0,""wifiReconnectFailCount"":0,""mqttReconnectCount"":0,""mqttConnectFailCount"":0,""lastMqttState"":0,""adsRecoveryCount"":0,""adsRecoveryFailCount"":0,""adsReadFailStreak"":0,""lastReason"":""none"",""lastRecoveryMs"":0,""bootRecoveryArmed"":false,""bootRecoveryDueMs"":0,""bootRecoveryReason"":""none"",""bootRecoveryNonAdsFailure"":false,""bootRecoveryRestartCount"":0},""nulling"":{""done"":false,""retryArmed"":false,""attemptCount"":0,""nextRetryMs"":0,""thresholdV"":9.999999747E-06,""minFinalV"":0},""telemetry"":{""valid"":true,""sampleMs"":7093015,""gasClass"":6,""gasName"":""CO2"",""confidence"":0,""alarm"":false,""sensorVoltage"":[0.12388368,0.003913108,0.004863865,-0.002753267,-0.009403562,-0.011735774,-0.019607518,-0.025359783],""sensorGain"":[16,64,64,64,64,64,64,64],""sensorStatus"":[0,0,0,0,0,0,0,0],""featureOrder"":[""MQ8"",""MQ135"",""MQ3"",""MQ5"",""MQ4"",""MQ7"",""MQ6"",""MQ2""]},""alarmLatched"":false}"
2026-08-04 11:19:17.808 +07:00,716.680,HOT_SWEEP_70,70,700,300,1,0,0.123990476,0.003909179,0.004851644,-0.00275116,-0.009397222,-0.011718674,-0.019563597,-0.025365323,"{""deviceId"":""1001"",""nodeId"":4097,""targetChId"":""0010"",""mode"":""inference"",""uptimeMs"":7094119,""debugEnabled"":true,""power"":{""mode"":""24v"",""externalPower"":true,""batteryMv"":65535,""batteryValid"":false,""batteryDetected"":false,""batterySenseStatus"":""not_detected"",""batteryLow"":false,""batteryCritical"":false,""sourceAmbiguous"":false,""serviceHoldActive"":false,""serviceHoldEffective"":false},""batterySession"":{""state"":""inactive"",""startedMs"":0,""stateStartedMs"":0,""validSampleBatches"":0,""requiredSampleBatches"":10,""alarmTxAttempts"":0,""alarmTxAttemptLimit"":3,""alarmAckReceived"":false,""pendingAlarm"":false,""pendingSaveRequired"":false,""persistenceFaultHold"":false,""completionReason"":""session_done""},""bootHealth"":{""adsReady"":true,""adsDrdyLevel"":0,""adsDrdyPulldownLevel"":0,""adsDrdyPullupLevel"":0,""adsMisoPulldownLevel"":0,""adsMisoPullupLevel"":1,""adsCsLevel"":1,""adsSyncLevel"":1,""adsStatus"":54,""adsMux"":15,""adsAdcon"":6,""adsDrate"":240,""adsReason"":""ok"",""tcaOk"":true,""mcpOkCount"":8,""mcpOk"":[true,true,true,true,true,true,true,true],""mcpAddrMask"":[1,1,1,1,1,1,1,1],""mcpControlTested"":true,""mcpControlOkCount"":8,""mcpControlOk"":[true,true,true,true,true,true,true,true],""dacReady"":true,""radioReady"":true,""mlReady"":true,""nullingProfileApplied"":true,""modelProfileReady"":false},""runtimeMcpCode"":[255,519,795,706,799,865,665,139],""model"":{""profileId"":""cnn-dualbranch-datasheet-v1-unbound"",""scalerProfileId"":""cnn-dualbranch-datasheet-v1-unbound"",""productionApproved"":true,""boundNullingProfileId"":8,""activeNullingProfileId"":9,""bindingValid"":true,""bindingModelMatches"":true,""profileReady"":false,""inferenceValid"":false,""sensorFault"":true},""lora"":{""beginState"":0,""lastTxState"":0,""lastTxOk"":false,""txSeq"":0,""txCounter"":0,""aesKeyProvisioned"":true,""aesKeyPresent"":true,""aesKeySource"":""nvs"",""keyId"":1,""lastDownlinkCommandId"":0,""freqMHz"":920,""bwKHz"":125,""sf"":7,""cr"":5,""syncWord"":18,""txPowerDbm"":17,""preamble"":8,""tcxoVoltage"":1.600000024,""xtalVoltage"":0},""dataset"":{""state"":""idle"",""step"":""idle"",""label"":"""",""seq"":0,""targetSamples"":0,""sampleIntervalMs"":500,""maxDurationMs"":0,""useFanIntake"":true,""fanOnMs"":1000,""postFanSettleMs"":0,""nullingProfileId"":9,""queuePending"":0,""queueCapacity"":16,""queueEnqueued"":0,""queueDropped"":0,""publishFailCount"":0,""retryCount"":0,""retryFailCount"":0,""rejectedSamples"":0,""lastRejectReason"":""none"",""lastRejectChannel"":-1,""lastRejectOkFiniteCount"":0,""lastRejectStatus"":255,""lastRejectGain"":0,""lastRejectSaturated"":false},""recovery"":{""wifiReconnectCount"":0,""wifiReconnectFailCount"":0,""mqttReconnectCount"":0,""mqttConnectFailCount"":0,""lastMqttState"":0,""adsRecoveryCount"":0,""adsRecoveryFailCount"":0,""adsReadFailStreak"":0,""lastReason"":""none"",""lastRecoveryMs"":0,""bootRecoveryArmed"":false,""bootRecoveryDueMs"":0,""bootRecoveryReason"":""none"",""bootRecoveryNonAdsFailure"":false,""bootRecoveryRestartCount"":0},""nulling"":{""done"":false,""retryArmed"":false,""attemptCount"":0,""nextRetryMs"":0,""thresholdV"":9.999999747E-06,""minFinalV"":0},""telemetry"":{""valid"":true,""sampleMs"":7093695,""gasClass"":6,""gasName"":""CO2"",""confidence"":0,""alarm"":false,""sensorVoltage"":[0.123990476,0.003909179,0.004851644,-0.00275116,-0.009397222,-0.011718674,-0.019563597,-0.025365323],""sensorGain"":[16,64,64,64,64,64,64,64],""sensorStatus"":[0,0,0,0,0,0,0,0],""featureOrder"":[""MQ8"",""MQ135"",""MQ3"",""MQ5"",""MQ4"",""MQ7"",""MQ6"",""MQ2""]},""alarmLatched"":false}"
2026-08-04 11:19:18.512 +07:00,717.382,HOT_SWEEP_70,70,700,300,1,0,0.123880312,0.00395098,0.004819574,-0.002697486,-0.009354146,-0.011662103,-0.0196377,-0.025386933,"{""deviceId"":""1001"",""nodeId"":4097,""targetChId"":""0010"",""mode"":""inference"",""uptimeMs"":7094821,""debugEnabled"":true,""power"":{""mode"":""24v"",""externalPower"":true,""batteryMv"":65535,""batteryValid"":false,""batteryDetected"":false,""batterySenseStatus"":""not_detected"",""batteryLow"":false,""batteryCritical"":false,""sourceAmbiguous"":false,""serviceHoldActive"":false,""serviceHoldEffective"":false},""batterySession"":{""state"":""inactive"",""startedMs"":0,""stateStartedMs"":0,""validSampleBatches"":0,""requiredSampleBatches"":10,""alarmTxAttempts"":0,""alarmTxAttemptLimit"":3,""alarmAckReceived"":false,""pendingAlarm"":false,""pendingSaveRequired"":false,""persistenceFaultHold"":false,""completionReason"":""session_done""},""bootHealth"":{""adsReady"":true,""adsDrdyLevel"":0,""adsDrdyPulldownLevel"":0,""adsDrdyPullupLevel"":0,""adsMisoPulldownLevel"":0,""adsMisoPullupLevel"":1,""adsCsLevel"":1,""adsSyncLevel"":1,""adsStatus"":54,""adsMux"":15,""adsAdcon"":6,""adsDrate"":240,""adsReason"":""ok"",""tcaOk"":true,""mcpOkCount"":8,""mcpOk"":[true,true,true,true,true,true,true,true],""mcpAddrMask"":[1,1,1,1,1,1,1,1],""mcpControlTested"":true,""mcpControlOkCount"":8,""mcpControlOk"":[true,true,true,true,true,true,true,true],""dacReady"":true,""radioReady"":true,""mlReady"":true,""nullingProfileApplied"":true,""modelProfileReady"":false},""runtimeMcpCode"":[255,519,795,706,799,865,665,139],""model"":{""profileId"":""cnn-dualbranch-datasheet-v1-unbound"",""scalerProfileId"":""cnn-dualbranch-datasheet-v1-unbound"",""productionApproved"":true,""boundNullingProfileId"":8,""activeNullingProfileId"":9,""bindingValid"":true,""bindingModelMatches"":true,""profileReady"":false,""inferenceValid"":false,""sensorFault"":true},""lora"":{""beginState"":0,""lastTxState"":0,""lastTxOk"":false,""txSeq"":0,""txCounter"":0,""aesKeyProvisioned"":true,""aesKeyPresent"":true,""aesKeySource"":""nvs"",""keyId"":1,""lastDownlinkCommandId"":0,""freqMHz"":920,""bwKHz"":125,""sf"":7,""cr"":5,""syncWord"":18,""txPowerDbm"":17,""preamble"":8,""tcxoVoltage"":1.600000024,""xtalVoltage"":0},""dataset"":{""state"":""idle"",""step"":""idle"",""label"":"""",""seq"":0,""targetSamples"":0,""sampleIntervalMs"":500,""maxDurationMs"":0,""useFanIntake"":true,""fanOnMs"":1000,""postFanSettleMs"":0,""nullingProfileId"":9,""queuePending"":0,""queueCapacity"":16,""queueEnqueued"":0,""queueDropped"":0,""publishFailCount"":0,""retryCount"":0,""retryFailCount"":0,""rejectedSamples"":0,""lastRejectReason"":""none"",""lastRejectChannel"":-1,""lastRejectOkFiniteCount"":0,""lastRejectStatus"":255,""lastRejectGain"":0,""lastRejectSaturated"":false},""recovery"":{""wifiReconnectCount"":0,""wifiReconnectFailCount"":0,""mqttReconnectCount"":0,""mqttConnectFailCount"":0,""lastMqttState"":0,""adsRecoveryCount"":0,""adsRecoveryFailCount"":0,""adsReadFailStreak"":0,""lastReason"":""none"",""lastRecoveryMs"":0,""bootRecoveryArmed"":false,""bootRecoveryDueMs"":0,""bootRecoveryReason"":""none"",""bootRecoveryNonAdsFailure"":false,""bootRecoveryRestartCount"":0},""nulling"":{""done"":false,""retryArmed"":false,""attemptCount"":0,""nextRetryMs"":0,""thresholdV"":9.999999747E-06,""minFinalV"":0},""telemetry"":{""valid"":true,""sampleMs"":7094397,""gasClass"":6,""gasName"":""CO2"",""confidence"":0,""alarm"":false,""sensorVoltage"":[0.123880312,0.00395098,0.004819574,-0.002697486,-0.009354146,-0.011662103,-0.0196377,-0.025386933],""sensorGain"":[16,64,64,64,64,64,64,64],""sensorStatus"":[0,0,0,0,0,0,0,0],""featureOrder"":[""MQ8"",""MQ135"",""MQ3"",""MQ5"",""MQ4"",""MQ7"",""MQ6"",""MQ2""]},""alarmLatched"":false}"
2026-08-04 11:19:19.236 +07:00,718.101,HOT_SWEEP_70,70,700,300,1,0,0.123981878,0.003970447,0.004824403,-0.002700147,-0.009100489,-0.011390141,-0.019638836,-0.025363397,"{""deviceId"":""1001"",""nodeId"":4097,""targetChId"":""0010"",""mode"":""inference"",""uptimeMs"":7095551,""debugEnabled"":true,""power"":{""mode"":""24v"",""externalPower"":true,""batteryMv"":65535,""batteryValid"":false,""batteryDetected"":false,""batterySenseStatus"":""not_detected"",""batteryLow"":false,""batteryCritical"":false,""sourceAmbiguous"":false,""serviceHoldActive"":false,""serviceHoldEffective"":false},""batterySession"":{""state"":""inactive"",""startedMs"":0,""stateStartedMs"":0,""validSampleBatches"":0,""requiredSampleBatches"":10,""alarmTxAttempts"":0,""alarmTxAttemptLimit"":3,""alarmAckReceived"":false,""pendingAlarm"":false,""pendingSaveRequired"":false,""persistenceFaultHold"":false,""completionReason"":""session_done""},""bootHealth"":{""adsReady"":true,""adsDrdyLevel"":0,""adsDrdyPulldownLevel"":0,""adsDrdyPullupLevel"":0,""adsMisoPulldownLevel"":0,""adsMisoPullupLevel"":1,""adsCsLevel"":1,""adsSyncLevel"":1,""adsStatus"":54,""adsMux"":15,""adsAdcon"":6,""adsDrate"":240,""adsReason"":""ok"",""tcaOk"":true,""mcpOkCount"":8,""mcpOk"":[true,true,true,true,true,true,true,true],""mcpAddrMask"":[1,1,1,1,1,1,1,1],""mcpControlTested"":true,""mcpControlOkCount"":8,""mcpControlOk"":[true,true,true,true,true,true,true,true],""dacReady"":true,""radioReady"":true,""mlReady"":true,""nullingProfileApplied"":true,""modelProfileReady"":false},""runtimeMcpCode"":[255,519,795,706,799,865,665,139],""model"":{""profileId"":""cnn-dualbranch-datasheet-v1-unbound"",""scalerProfileId"":""cnn-dualbranch-datasheet-v1-unbound"",""productionApproved"":true,""boundNullingProfileId"":8,""activeNullingProfileId"":9,""bindingValid"":true,""bindingModelMatches"":true,""profileReady"":false,""inferenceValid"":false,""sensorFault"":true},""lora"":{""beginState"":0,""lastTxState"":0,""lastTxOk"":false,""txSeq"":0,""txCounter"":0,""aesKeyProvisioned"":true,""aesKeyPresent"":true,""aesKeySource"":""nvs"",""keyId"":1,""lastDownlinkCommandId"":0,""freqMHz"":920,""bwKHz"":125,""sf"":7,""cr"":5,""syncWord"":18,""txPowerDbm"":17,""preamble"":8,""tcxoVoltage"":1.600000024,""xtalVoltage"":0},""dataset"":{""state"":""idle"",""step"":""idle"",""label"":"""",""seq"":0,""targetSamples"":0,""sampleIntervalMs"":500,""maxDurationMs"":0,""useFanIntake"":true,""fanOnMs"":1000,""postFanSettleMs"":0,""nullingProfileId"":9,""queuePending"":0,""queueCapacity"":16,""queueEnqueued"":0,""queueDropped"":0,""publishFailCount"":0,""retryCount"":0,""retryFailCount"":0,""rejectedSamples"":0,""lastRejectReason"":""none"",""lastRejectChannel"":-1,""lastRejectOkFiniteCount"":0,""lastRejectStatus"":255,""lastRejectGain"":0,""lastRejectSaturated"":false},""recovery"":{""wifiReconnectCount"":0,""wifiReconnectFailCount"":0,""mqttReconnectCount"":0,""mqttConnectFailCount"":0,""lastMqttState"":0,""adsRecoveryCount"":0,""adsRecoveryFailCount"":0,""adsReadFailStreak"":0,""lastReason"":""none"",""lastRecoveryMs"":0,""bootRecoveryArmed"":false,""bootRecoveryDueMs"":0,""bootRecoveryReason"":""none"",""bootRecoveryNonAdsFailure"":false,""bootRecoveryRestartCount"":0},""nulling"":{""done"":false,""retryArmed"":false,""attemptCount"":0,""nextRetryMs"":0,""thresholdV"":9.999999747E-06,""minFinalV"":0},""telemetry"":{""valid"":true,""sampleMs"":7095131,""gasClass"":6,""gasName"":""CO2"",""confidence"":0,""alarm"":false,""sensorVoltage"":[0.123981878,0.003970447,0.004824403,-0.002700147,-0.009100489,-0.011390141,-0.019638836,-0.025363397],""sensorGain"":[16,64,64,64,64,64,64,64],""sensorStatus"":[0,0,0,0,0,0,0,0],""featureOrder"":[""MQ8"",""MQ135"",""MQ3"",""MQ5"",""MQ4"",""MQ7"",""MQ6"",""MQ2""]},""alarmLatched"":false}"
2026-08-04 11:19:19.935 +07:00,718.788,HOT_SWEEP_70,70,700,300,1,0,0.123955801,0.003994506,0.004830258,-0.002672039,-0.009121603,-0.01141592,-0.019586969,-0.025415054,"{""deviceId"":""1001"",""nodeId"":4097,""targetChId"":""0010"",""mode"":""inference"",""uptimeMs"":7096241,""debugEnabled"":true,""power"":{""mode"":""24v"",""externalPower"":true,""batteryMv"":65535,""batteryValid"":false,""batteryDetected"":false,""batterySenseStatus"":""not_detected"",""batteryLow"":false,""batteryCritical"":false,""sourceAmbiguous"":false,""serviceHoldActive"":false,""serviceHoldEffective"":false},""batterySession"":{""state"":""inactive"",""startedMs"":0,""stateStartedMs"":0,""validSampleBatches"":0,""requiredSampleBatches"":10,""alarmTxAttempts"":0,""alarmTxAttemptLimit"":3,""alarmAckReceived"":false,""pendingAlarm"":false,""pendingSaveRequired"":false,""persistenceFaultHold"":false,""completionReason"":""session_done""},""bootHealth"":{""adsReady"":true,""adsDrdyLevel"":0,""adsDrdyPulldownLevel"":0,""adsDrdyPullupLevel"":0,""adsMisoPulldownLevel"":0,""adsMisoPullupLevel"":1,""adsCsLevel"":1,""adsSyncLevel"":1,""adsStatus"":54,""adsMux"":15,""adsAdcon"":6,""adsDrate"":240,""adsReason"":""ok"",""tcaOk"":true,""mcpOkCount"":8,""mcpOk"":[true,true,true,true,true,true,true,true],""mcpAddrMask"":[1,1,1,1,1,1,1,1],""mcpControlTested"":true,""mcpControlOkCount"":8,""mcpControlOk"":[true,true,true,true,true,true,true,true],""dacReady"":true,""radioReady"":true,""mlReady"":true,""nullingProfileApplied"":true,""modelProfileReady"":false},""runtimeMcpCode"":[255,519,795,706,799,865,665,139],""model"":{""profileId"":""cnn-dualbranch-datasheet-v1-unbound"",""scalerProfileId"":""cnn-dualbranch-datasheet-v1-unbound"",""productionApproved"":true,""boundNullingProfileId"":8,""activeNullingProfileId"":9,""bindingValid"":true,""bindingModelMatches"":true,""profileReady"":false,""inferenceValid"":false,""sensorFault"":true},""lora"":{""beginState"":0,""lastTxState"":0,""lastTxOk"":false,""txSeq"":0,""txCounter"":0,""aesKeyProvisioned"":true,""aesKeyPresent"":true,""aesKeySource"":""nvs"",""keyId"":1,""lastDownlinkCommandId"":0,""freqMHz"":920,""bwKHz"":125,""sf"":7,""cr"":5,""syncWord"":18,""txPowerDbm"":17,""preamble"":8,""tcxoVoltage"":1.600000024,""xtalVoltage"":0},""dataset"":{""state"":""idle"",""step"":""idle"",""label"":"""",""seq"":0,""targetSamples"":0,""sampleIntervalMs"":500,""maxDurationMs"":0,""useFanIntake"":true,""fanOnMs"":1000,""postFanSettleMs"":0,""nullingProfileId"":9,""queuePending"":0,""queueCapacity"":16,""queueEnqueued"":0,""queueDropped"":0,""publishFailCount"":0,""retryCount"":0,""retryFailCount"":0,""rejectedSamples"":0,""lastRejectReason"":""none"",""lastRejectChannel"":-1,""lastRejectOkFiniteCount"":0,""lastRejectStatus"":255,""lastRejectGain"":0,""lastRejectSaturated"":false},""recovery"":{""wifiReconnectCount"":0,""wifiReconnectFailCount"":0,""mqttReconnectCount"":0,""mqttConnectFailCount"":0,""lastMqttState"":0,""adsRecoveryCount"":0,""adsRecoveryFailCount"":0,""adsReadFailStreak"":0,""lastReason"":""none"",""lastRecoveryMs"":0,""bootRecoveryArmed"":false,""bootRecoveryDueMs"":0,""bootRecoveryReason"":""none"",""bootRecoveryNonAdsFailure"":false,""bootRecoveryRestartCount"":0},""nulling"":{""done"":false,""retryArmed"":false,""attemptCount"":0,""nextRetryMs"":0,""thresholdV"":9.999999747E-06,""minFinalV"":0},""telemetry"":{""valid"":true,""sampleMs"":7095829,""gasClass"":6,""gasName"":""CO2"",""confidence"":0,""alarm"":false,""sensorVoltage"":[0.123955801,0.003994506,0.004830258,-0.002672039,-0.009121603,-0.01141592,-0.019586969,-0.025415054],""sensorGain"":[16,64,64,64,64,64,64,64],""sensorStatus"":[0,0,0,0,0,0,0,0],""featureOrder"":[""MQ8"",""MQ135"",""MQ3"",""MQ5"",""MQ4"",""MQ7"",""MQ6"",""MQ2""]},""alarmLatched"":false}"
2026-08-04 11:19:20.624 +07:00,719.495,HOT_SWEEP_70,70,700,300,1,0,0.123724483,0.003994959,0.004833913,-0.002689025,-0.009147606,-0.011397291,-0.019648526,-0.025436565,"{""deviceId"":""1001"",""nodeId"":4097,""targetChId"":""0010"",""mode"":""inference"",""uptimeMs"":7096933,""debugEnabled"":true,""power"":{""mode"":""24v"",""externalPower"":true,""batteryMv"":65535,""batteryValid"":false,""batteryDetected"":false,""batterySenseStatus"":""not_detected"",""batteryLow"":false,""batteryCritical"":false,""sourceAmbiguous"":false,""serviceHoldActive"":false,""serviceHoldEffective"":false},""batterySession"":{""state"":""inactive"",""startedMs"":0,""stateStartedMs"":0,""validSampleBatches"":0,""requiredSampleBatches"":10,""alarmTxAttempts"":0,""alarmTxAttemptLimit"":3,""alarmAckReceived"":false,""pendingAlarm"":false,""pendingSaveRequired"":false,""persistenceFaultHold"":false,""completionReason"":""session_done""},""bootHealth"":{""adsReady"":true,""adsDrdyLevel"":0,""adsDrdyPulldownLevel"":0,""adsDrdyPullupLevel"":0,""adsMisoPulldownLevel"":0,""adsMisoPullupLevel"":1,""adsCsLevel"":1,""adsSyncLevel"":1,""adsStatus"":54,""adsMux"":15,""adsAdcon"":6,""adsDrate"":240,""adsReason"":""ok"",""tcaOk"":true,""mcpOkCount"":8,""mcpOk"":[true,true,true,true,true,true,true,true],""mcpAddrMask"":[1,1,1,1,1,1,1,1],""mcpControlTested"":true,""mcpControlOkCount"":8,""mcpControlOk"":[true,true,true,true,true,true,true,true],""dacReady"":true,""radioReady"":true,""mlReady"":true,""nullingProfileApplied"":true,""modelProfileReady"":false},""runtimeMcpCode"":[255,519,795,706,799,865,665,139],""model"":{""profileId"":""cnn-dualbranch-datasheet-v1-unbound"",""scalerProfileId"":""cnn-dualbranch-datasheet-v1-unbound"",""productionApproved"":true,""boundNullingProfileId"":8,""activeNullingProfileId"":9,""bindingValid"":true,""bindingModelMatches"":true,""profileReady"":false,""inferenceValid"":false,""sensorFault"":true},""lora"":{""beginState"":0,""lastTxState"":0,""lastTxOk"":false,""txSeq"":0,""txCounter"":0,""aesKeyProvisioned"":true,""aesKeyPresent"":true,""aesKeySource"":""nvs"",""keyId"":1,""lastDownlinkCommandId"":0,""freqMHz"":920,""bwKHz"":125,""sf"":7,""cr"":5,""syncWord"":18,""txPowerDbm"":17,""preamble"":8,""tcxoVoltage"":1.600000024,""xtalVoltage"":0},""dataset"":{""state"":""idle"",""step"":""idle"",""label"":"""",""seq"":0,""targetSamples"":0,""sampleIntervalMs"":500,""maxDurationMs"":0,""useFanIntake"":true,""fanOnMs"":1000,""postFanSettleMs"":0,""nullingProfileId"":9,""queuePending"":0,""queueCapacity"":16,""queueEnqueued"":0,""queueDropped"":0,""publishFailCount"":0,""retryCount"":0,""retryFailCount"":0,""rejectedSamples"":0,""lastRejectReason"":""none"",""lastRejectChannel"":-1,""lastRejectOkFiniteCount"":0,""lastRejectStatus"":255,""lastRejectGain"":0,""lastRejectSaturated"":false},""recovery"":{""wifiReconnectCount"":0,""wifiReconnectFailCount"":0,""mqttReconnectCount"":0,""mqttConnectFailCount"":0,""lastMqttState"":0,""adsRecoveryCount"":0,""adsRecoveryFailCount"":0,""adsReadFailStreak"":0,""lastReason"":""none"",""lastRecoveryMs"":0,""bootRecoveryArmed"":false,""bootRecoveryDueMs"":0,""bootRecoveryReason"":""none"",""bootRecoveryNonAdsFailure"":false,""bootRecoveryRestartCount"":0},""nulling"":{""done"":false,""retryArmed"":false,""attemptCount"":0,""nextRetryMs"":0,""thresholdV"":9.999999747E-06,""minFinalV"":0},""telemetry"":{""valid"":true,""sampleMs"":7096519,""gasClass"":6,""gasName"":""CO2"",""confidence"":0,""alarm"":false,""sensorVoltage"":[0.123724483,0.003994959,0.004833913,-0.002689025,-0.009147606,-0.011397291,-0.019648526,-0.025436565],""sensorGain"":[16,64,64,64,64,64,64,64],""sensorStatus"":[0,0,0,0,0,0,0,0],""featureOrder"":[""MQ8"",""MQ135"",""MQ3"",""MQ5"",""MQ4"",""MQ7"",""MQ6"",""MQ2""]},""alarmLatched"":false}"
2026-08-04 11:19:21.316 +07:00,720.183,HOT_SWEEP_70,70,700,300,1,0,0.123722091,0.003995938,0.004807591,-0.002654074,-0.009181816,-0.011344178,-0.019630212,-0.02541239,"{""deviceId"":""1001"",""nodeId"":4097,""targetChId"":""0010"",""mode"":""inference"",""uptimeMs"":7097623,""debugEnabled"":true,""power"":{""mode"":""24v"",""externalPower"":true,""batteryMv"":65535,""batteryValid"":false,""batteryDetected"":false,""batterySenseStatus"":""not_detected"",""batteryLow"":false,""batteryCritical"":false,""sourceAmbiguous"":false,""serviceHoldActive"":false,""serviceHoldEffective"":false},""batterySession"":{""state"":""inactive"",""startedMs"":0,""stateStartedMs"":0,""validSampleBatches"":0,""requiredSampleBatches"":10,""alarmTxAttempts"":0,""alarmTxAttemptLimit"":3,""alarmAckReceived"":false,""pendingAlarm"":false,""pendingSaveRequired"":false,""persistenceFaultHold"":false,""completionReason"":""session_done""},""bootHealth"":{""adsReady"":true,""adsDrdyLevel"":0,""adsDrdyPulldownLevel"":0,""adsDrdyPullupLevel"":0,""adsMisoPulldownLevel"":0,""adsMisoPullupLevel"":1,""adsCsLevel"":1,""adsSyncLevel"":1,""adsStatus"":54,""adsMux"":15,""adsAdcon"":6,""adsDrate"":240,""adsReason"":""ok"",""tcaOk"":true,""mcpOkCount"":8,""mcpOk"":[true,true,true,true,true,true,true,true],""mcpAddrMask"":[1,1,1,1,1,1,1,1],""mcpControlTested"":true,""mcpControlOkCount"":8,""mcpControlOk"":[true,true,true,true,true,true,true,true],""dacReady"":true,""radioReady"":true,""mlReady"":true,""nullingProfileApplied"":true,""modelProfileReady"":false},""runtimeMcpCode"":[255,519,795,706,799,865,665,139],""model"":{""profileId"":""cnn-dualbranch-datasheet-v1-unbound"",""scalerProfileId"":""cnn-dualbranch-datasheet-v1-unbound"",""productionApproved"":true,""boundNullingProfileId"":8,""activeNullingProfileId"":9,""bindingValid"":true,""bindingModelMatches"":true,""profileReady"":false,""inferenceValid"":false,""sensorFault"":true},""lora"":{""beginState"":0,""lastTxState"":0,""lastTxOk"":false,""txSeq"":0,""txCounter"":0,""aesKeyProvisioned"":true,""aesKeyPresent"":true,""aesKeySource"":""nvs"",""keyId"":1,""lastDownlinkCommandId"":0,""freqMHz"":920,""bwKHz"":125,""sf"":7,""cr"":5,""syncWord"":18,""txPowerDbm"":17,""preamble"":8,""tcxoVoltage"":1.600000024,""xtalVoltage"":0},""dataset"":{""state"":""idle"",""step"":""idle"",""label"":"""",""seq"":0,""targetSamples"":0,""sampleIntervalMs"":500,""maxDurationMs"":0,""useFanIntake"":true,""fanOnMs"":1000,""postFanSettleMs"":0,""nullingProfileId"":9,""queuePending"":0,""queueCapacity"":16,""queueEnqueued"":0,""queueDropped"":0,""publishFailCount"":0,""retryCount"":0,""retryFailCount"":0,""rejectedSamples"":0,""lastRejectReason"":""none"",""lastRejectChannel"":-1,""lastRejectOkFiniteCount"":0,""lastRejectStatus"":255,""lastRejectGain"":0,""lastRejectSaturated"":false},""recovery"":{""wifiReconnectCount"":0,""wifiReconnectFailCount"":0,""mqttReconnectCount"":0,""mqttConnectFailCount"":0,""lastMqttState"":0,""adsRecoveryCount"":0,""adsRecoveryFailCount"":0,""adsReadFailStreak"":0,""lastReason"":""none"",""lastRecoveryMs"":0,""bootRecoveryArmed"":false,""bootRecoveryDueMs"":0,""bootRecoveryReason"":""none"",""bootRecoveryNonAdsFailure"":false,""bootRecoveryRestartCount"":0},""nulling"":{""done"":false,""retryArmed"":false,""attemptCount"":0,""nextRetryMs"":0,""thresholdV"":9.999999747E-06,""minFinalV"":0},""telemetry"":{""valid"":true,""sampleMs"":7097243,""gasClass"":6,""gasName"":""CO2"",""confidence"":0,""alarm"":false,""sensorVoltage"":[0.123722091,0.003995938,0.004807591,-0.002654074,-0.009181816,-0.011344178,-0.019630212,-0.02541239],""sensorGain"":[16,64,64,64,64,64,64,64],""sensorStatus"":[0,0,0,0,0,0,0,0],""featureOrder"":[""MQ8"",""MQ135"",""MQ3"",""MQ5"",""MQ4"",""MQ7"",""MQ6"",""MQ2""]},""alarmLatched"":false}"
2026-08-04 11:19:22.012 +07:00,720.885,HOT_SWEEP_70,70,700,300,1,0,0.123374082,0.003991213,0.004823619,-0.002651779,-0.009199549,-0.011325927,-0.019655686,-0.025348326,"{""deviceId"":""1001"",""nodeId"":4097,""targetChId"":""0010"",""mode"":""inference"",""uptimeMs"":7098324,""debugEnabled"":true,""power"":{""mode"":""24v"",""externalPower"":true,""batteryMv"":65535,""batteryValid"":false,""batteryDetected"":false,""batterySenseStatus"":""not_detected"",""batteryLow"":false,""batteryCritical"":false,""sourceAmbiguous"":false,""serviceHoldActive"":false,""serviceHoldEffective"":false},""batterySession"":{""state"":""inactive"",""startedMs"":0,""stateStartedMs"":0,""validSampleBatches"":0,""requiredSampleBatches"":10,""alarmTxAttempts"":0,""alarmTxAttemptLimit"":3,""alarmAckReceived"":false,""pendingAlarm"":false,""pendingSaveRequired"":false,""persistenceFaultHold"":false,""completionReason"":""session_done""},""bootHealth"":{""adsReady"":true,""adsDrdyLevel"":0,""adsDrdyPulldownLevel"":0,""adsDrdyPullupLevel"":0,""adsMisoPulldownLevel"":0,""adsMisoPullupLevel"":1,""adsCsLevel"":1,""adsSyncLevel"":1,""adsStatus"":54,""adsMux"":15,""adsAdcon"":6,""adsDrate"":240,""adsReason"":""ok"",""tcaOk"":true,""mcpOkCount"":8,""mcpOk"":[true,true,true,true,true,true,true,true],""mcpAddrMask"":[1,1,1,1,1,1,1,1],""mcpControlTested"":true,""mcpControlOkCount"":8,""mcpControlOk"":[true,true,true,true,true,true,true,true],""dacReady"":true,""radioReady"":true,""mlReady"":true,""nullingProfileApplied"":true,""modelProfileReady"":false},""runtimeMcpCode"":[255,519,795,706,799,865,665,139],""model"":{""profileId"":""cnn-dualbranch-datasheet-v1-unbound"",""scalerProfileId"":""cnn-dualbranch-datasheet-v1-unbound"",""productionApproved"":true,""boundNullingProfileId"":8,""activeNullingProfileId"":9,""bindingValid"":true,""bindingModelMatches"":true,""profileReady"":false,""inferenceValid"":false,""sensorFault"":true},""lora"":{""beginState"":0,""lastTxState"":0,""lastTxOk"":false,""txSeq"":0,""txCounter"":0,""aesKeyProvisioned"":true,""aesKeyPresent"":true,""aesKeySource"":""nvs"",""keyId"":1,""lastDownlinkCommandId"":0,""freqMHz"":920,""bwKHz"":125,""sf"":7,""cr"":5,""syncWord"":18,""txPowerDbm"":17,""preamble"":8,""tcxoVoltage"":1.600000024,""xtalVoltage"":0},""dataset"":{""state"":""idle"",""step"":""idle"",""label"":"""",""seq"":0,""targetSamples"":0,""sampleIntervalMs"":500,""maxDurationMs"":0,""useFanIntake"":true,""fanOnMs"":1000,""postFanSettleMs"":0,""nullingProfileId"":9,""queuePending"":0,""queueCapacity"":16,""queueEnqueued"":0,""queueDropped"":0,""publishFailCount"":0,""retryCount"":0,""retryFailCount"":0,""rejectedSamples"":0,""lastRejectReason"":""none"",""lastRejectChannel"":-1,""lastRejectOkFiniteCount"":0,""lastRejectStatus"":255,""lastRejectGain"":0,""lastRejectSaturated"":false},""recovery"":{""wifiReconnectCount"":0,""wifiReconnectFailCount"":0,""mqttReconnectCount"":0,""mqttConnectFailCount"":0,""lastMqttState"":0,""adsRecoveryCount"":0,""adsRecoveryFailCount"":0,""adsReadFailStreak"":0,""lastReason"":""none"",""lastRecoveryMs"":0,""bootRecoveryArmed"":false,""bootRecoveryDueMs"":0,""bootRecoveryReason"":""none"",""bootRecoveryNonAdsFailure"":false,""bootRecoveryRestartCount"":0},""nulling"":{""done"":false,""retryArmed"":false,""attemptCount"":0,""nextRetryMs"":0,""thresholdV"":9.999999747E-06,""minFinalV"":0},""telemetry"":{""valid"":true,""sampleMs"":7097901,""gasClass"":6,""gasName"":""CO2"",""confidence"":0,""alarm"":false,""sensorVoltage"":[0.123374082,0.003991213,0.004823619,-0.002651779,-0.009199549,-0.011325927,-0.019655686,-0.025348326],""sensorGain"":[16,64,64,64,64,64,64,64],""sensorStatus"":[0,0,0,0,0,0,0,0],""featureOrder"":[""MQ8"",""MQ135"",""MQ3"",""MQ5"",""MQ4"",""MQ7"",""MQ6"",""MQ2""]},""alarmLatched"":false}"
2026-08-04 11:19:22.699 +07:00,721.580,HOT_SWEEP_70,70,700,300,1,0,0.123410389,0.003965965,0.004847695,-0.002668546,-0.009211683,-0.011308407,-0.019646509,-0.025382588,"{""deviceId"":""1001"",""nodeId"":4097,""targetChId"":""0010"",""mode"":""inference"",""uptimeMs"":7099019,""debugEnabled"":true,""power"":{""mode"":""24v"",""externalPower"":true,""batteryMv"":65535,""batteryValid"":false,""batteryDetected"":false,""batterySenseStatus"":""not_detected"",""batteryLow"":false,""batteryCritical"":false,""sourceAmbiguous"":false,""serviceHoldActive"":false,""serviceHoldEffective"":false},""batterySession"":{""state"":""inactive"",""startedMs"":0,""stateStartedMs"":0,""validSampleBatches"":0,""requiredSampleBatches"":10,""alarmTxAttempts"":0,""alarmTxAttemptLimit"":3,""alarmAckReceived"":false,""pendingAlarm"":false,""pendingSaveRequired"":false,""persistenceFaultHold"":false,""completionReason"":""session_done""},""bootHealth"":{""adsReady"":true,""adsDrdyLevel"":0,""adsDrdyPulldownLevel"":0,""adsDrdyPullupLevel"":0,""adsMisoPulldownLevel"":0,""adsMisoPullupLevel"":1,""adsCsLevel"":1,""adsSyncLevel"":1,""adsStatus"":54,""adsMux"":15,""adsAdcon"":6,""adsDrate"":240,""adsReason"":""ok"",""tcaOk"":true,""mcpOkCount"":8,""mcpOk"":[true,true,true,true,true,true,true,true],""mcpAddrMask"":[1,1,1,1,1,1,1,1],""mcpControlTested"":true,""mcpControlOkCount"":8,""mcpControlOk"":[true,true,true,true,true,true,true,true],""dacReady"":true,""radioReady"":true,""mlReady"":true,""nullingProfileApplied"":true,""modelProfileReady"":false},""runtimeMcpCode"":[255,519,795,706,799,865,665,139],""model"":{""profileId"":""cnn-dualbranch-datasheet-v1-unbound"",""scalerProfileId"":""cnn-dualbranch-datasheet-v1-unbound"",""productionApproved"":true,""boundNullingProfileId"":8,""activeNullingProfileId"":9,""bindingValid"":true,""bindingModelMatches"":true,""profileReady"":false,""inferenceValid"":false,""sensorFault"":true},""lora"":{""beginState"":0,""lastTxState"":0,""lastTxOk"":false,""txSeq"":0,""txCounter"":0,""aesKeyProvisioned"":true,""aesKeyPresent"":true,""aesKeySource"":""nvs"",""keyId"":1,""lastDownlinkCommandId"":0,""freqMHz"":920,""bwKHz"":125,""sf"":7,""cr"":5,""syncWord"":18,""txPowerDbm"":17,""preamble"":8,""tcxoVoltage"":1.600000024,""xtalVoltage"":0},""dataset"":{""state"":""idle"",""step"":""idle"",""label"":"""",""seq"":0,""targetSamples"":0,""sampleIntervalMs"":500,""maxDurationMs"":0,""useFanIntake"":true,""fanOnMs"":1000,""postFanSettleMs"":0,""nullingProfileId"":9,""queuePending"":0,""queueCapacity"":16,""queueEnqueued"":0,""queueDropped"":0,""publishFailCount"":0,""retryCount"":0,""retryFailCount"":0,""rejectedSamples"":0,""lastRejectReason"":""none"",""lastRejectChannel"":-1,""lastRejectOkFiniteCount"":0,""lastRejectStatus"":255,""lastRejectGain"":0,""lastRejectSaturated"":false},""recovery"":{""wifiReconnectCount"":0,""wifiReconnectFailCount"":0,""mqttReconnectCount"":0,""mqttConnectFailCount"":0,""lastMqttState"":0,""adsRecoveryCount"":0,""adsRecoveryFailCount"":0,""adsReadFailStreak"":0,""lastReason"":""none"",""lastRecoveryMs"":0,""bootRecoveryArmed"":false,""bootRecoveryDueMs"":0,""bootRecoveryReason"":""none"",""bootRecoveryNonAdsFailure"":false,""bootRecoveryRestartCount"":0},""nulling"":{""done"":false,""retryArmed"":false,""attemptCount"":0,""nextRetryMs"":0,""thresholdV"":9.999999747E-06,""minFinalV"":0},""telemetry"":{""valid"":true,""sampleMs"":7098602,""gasClass"":6,""gasName"":""CO2"",""confidence"":0,""alarm"":false,""sensorVoltage"":[0.123410389,0.003965965,0.004847695,-0.002668546,-0.009211683,-0.011308407,-0.019646509,-0.025382588],""sensorGain"":[16,64,64,64,64,64,64,64],""sensorStatus"":[0,0,0,0,0,0,0,0],""featureOrder"":[""MQ8"",""MQ135"",""MQ3"",""MQ5"",""MQ4"",""MQ7"",""MQ6"",""MQ2""]},""alarmLatched"":false}"
2026-08-04 11:19:23.394 +07:00,722.276,HOT_SWEEP_70,70,700,300,1,0,0.123287596,0.00392173,0.004869523,-0.002599443,-0.009187111,-0.011302272,-0.019636955,-0.025381964,"{""deviceId"":""1001"",""nodeId"":4097,""targetChId"":""0010"",""mode"":""inference"",""uptimeMs"":7099718,""debugEnabled"":true,""power"":{""mode"":""24v"",""externalPower"":true,""batteryMv"":65535,""batteryValid"":false,""batteryDetected"":false,""batterySenseStatus"":""not_detected"",""batteryLow"":false,""batteryCritical"":false,""sourceAmbiguous"":false,""serviceHoldActive"":false,""serviceHoldEffective"":false},""batterySession"":{""state"":""inactive"",""startedMs"":0,""stateStartedMs"":0,""validSampleBatches"":0,""requiredSampleBatches"":10,""alarmTxAttempts"":0,""alarmTxAttemptLimit"":3,""alarmAckReceived"":false,""pendingAlarm"":false,""pendingSaveRequired"":false,""persistenceFaultHold"":false,""completionReason"":""session_done""},""bootHealth"":{""adsReady"":true,""adsDrdyLevel"":0,""adsDrdyPulldownLevel"":0,""adsDrdyPullupLevel"":0,""adsMisoPulldownLevel"":0,""adsMisoPullupLevel"":1,""adsCsLevel"":1,""adsSyncLevel"":1,""adsStatus"":54,""adsMux"":15,""adsAdcon"":6,""adsDrate"":240,""adsReason"":""ok"",""tcaOk"":true,""mcpOkCount"":8,""mcpOk"":[true,true,true,true,true,true,true,true],""mcpAddrMask"":[1,1,1,1,1,1,1,1],""mcpControlTested"":true,""mcpControlOkCount"":8,""mcpControlOk"":[true,true,true,true,true,true,true,true],""dacReady"":true,""radioReady"":true,""mlReady"":true,""nullingProfileApplied"":true,""modelProfileReady"":false},""runtimeMcpCode"":[255,519,795,706,799,865,665,139],""model"":{""profileId"":""cnn-dualbranch-datasheet-v1-unbound"",""scalerProfileId"":""cnn-dualbranch-datasheet-v1-unbound"",""productionApproved"":true,""boundNullingProfileId"":8,""activeNullingProfileId"":9,""bindingValid"":true,""bindingModelMatches"":true,""profileReady"":false,""inferenceValid"":false,""sensorFault"":true},""lora"":{""beginState"":0,""lastTxState"":0,""lastTxOk"":false,""txSeq"":0,""txCounter"":0,""aesKeyProvisioned"":true,""aesKeyPresent"":true,""aesKeySource"":""nvs"",""keyId"":1,""lastDownlinkCommandId"":0,""freqMHz"":920,""bwKHz"":125,""sf"":7,""cr"":5,""syncWord"":18,""txPowerDbm"":17,""preamble"":8,""tcxoVoltage"":1.600000024,""xtalVoltage"":0},""dataset"":{""state"":""idle"",""step"":""idle"",""label"":"""",""seq"":0,""targetSamples"":0,""sampleIntervalMs"":500,""maxDurationMs"":0,""useFanIntake"":true,""fanOnMs"":1000,""postFanSettleMs"":0,""nullingProfileId"":9,""queuePending"":0,""queueCapacity"":16,""queueEnqueued"":0,""queueDropped"":0,""publishFailCount"":0,""retryCount"":0,""retryFailCount"":0,""rejectedSamples"":0,""lastRejectReason"":""none"",""lastRejectChannel"":-1,""lastRejectOkFiniteCount"":0,""lastRejectStatus"":255,""lastRejectGain"":0,""lastRejectSaturated"":false},""recovery"":{""wifiReconnectCount"":0,""wifiReconnectFailCount"":0,""mqttReconnectCount"":0,""mqttConnectFailCount"":0,""lastMqttState"":0,""adsRecoveryCount"":0,""adsRecoveryFailCount"":0,""adsReadFailStreak"":0,""lastReason"":""none"",""lastRecoveryMs"":0,""bootRecoveryArmed"":false,""bootRecoveryDueMs"":0,""bootRecoveryReason"":""none"",""bootRecoveryNonAdsFailure"":false,""bootRecoveryRestartCount"":0},""nulling"":{""done"":false,""retryArmed"":false,""attemptCount"":0,""nextRetryMs"":0,""thresholdV"":9.999999747E-06,""minFinalV"":0},""telemetry"":{""valid"":true,""sampleMs"":7099329,""gasClass"":6,""gasName"":""CO2"",""confidence"":0,""alarm"":false,""sensorVoltage"":[0.123287596,0.00392173,0.004869523,-0.002599443,-0.009187111,-0.011302272,-0.019636955,-0.025381964],""sensorGain"":[16,64,64,64,64,64,64,64],""sensorStatus"":[0,0,0,0,0,0,0,0],""featureOrder"":[""MQ8"",""MQ135"",""MQ3"",""MQ5"",""MQ4"",""MQ7"",""MQ6"",""MQ2""]},""alarmLatched"":false}"
2026-08-04 11:19:24.110 +07:00,722.977,HOT_SWEEP_70,70,700,300,1,0,0.123039261,0.003941706,0.004842,-0.002571646,-0.00919093,-0.011287647,-0.019582842,-0.025425116,"{""deviceId"":""1001"",""nodeId"":4097,""targetChId"":""0010"",""mode"":""inference"",""uptimeMs"":7100417,""debugEnabled"":true,""power"":{""mode"":""24v"",""externalPower"":true,""batteryMv"":65535,""batteryValid"":false,""batteryDetected"":false,""batterySenseStatus"":""not_detected"",""batteryLow"":false,""batteryCritical"":false,""sourceAmbiguous"":false,""serviceHoldActive"":false,""serviceHoldEffective"":false},""batterySession"":{""state"":""inactive"",""startedMs"":0,""stateStartedMs"":0,""validSampleBatches"":0,""requiredSampleBatches"":10,""alarmTxAttempts"":0,""alarmTxAttemptLimit"":3,""alarmAckReceived"":false,""pendingAlarm"":false,""pendingSaveRequired"":false,""persistenceFaultHold"":false,""completionReason"":""session_done""},""bootHealth"":{""adsReady"":true,""adsDrdyLevel"":0,""adsDrdyPulldownLevel"":0,""adsDrdyPullupLevel"":0,""adsMisoPulldownLevel"":0,""adsMisoPullupLevel"":1,""adsCsLevel"":1,""adsSyncLevel"":1,""adsStatus"":54,""adsMux"":15,""adsAdcon"":6,""adsDrate"":240,""adsReason"":""ok"",""tcaOk"":true,""mcpOkCount"":8,""mcpOk"":[true,true,true,true,true,true,true,true],""mcpAddrMask"":[1,1,1,1,1,1,1,1],""mcpControlTested"":true,""mcpControlOkCount"":8,""mcpControlOk"":[true,true,true,true,true,true,true,true],""dacReady"":true,""radioReady"":true,""mlReady"":true,""nullingProfileApplied"":true,""modelProfileReady"":false},""runtimeMcpCode"":[255,519,795,706,799,865,665,139],""model"":{""profileId"":""cnn-dualbranch-datasheet-v1-unbound"",""scalerProfileId"":""cnn-dualbranch-datasheet-v1-unbound"",""productionApproved"":true,""boundNullingProfileId"":8,""activeNullingProfileId"":9,""bindingValid"":true,""bindingModelMatches"":true,""profileReady"":false,""inferenceValid"":false,""sensorFault"":true},""lora"":{""beginState"":0,""lastTxState"":0,""lastTxOk"":false,""txSeq"":0,""txCounter"":0,""aesKeyProvisioned"":true,""aesKeyPresent"":true,""aesKeySource"":""nvs"",""keyId"":1,""lastDownlinkCommandId"":0,""freqMHz"":920,""bwKHz"":125,""sf"":7,""cr"":5,""syncWord"":18,""txPowerDbm"":17,""preamble"":8,""tcxoVoltage"":1.600000024,""xtalVoltage"":0},""dataset"":{""state"":""idle"",""step"":""idle"",""label"":"""",""seq"":0,""targetSamples"":0,""sampleIntervalMs"":500,""maxDurationMs"":0,""useFanIntake"":true,""fanOnMs"":1000,""postFanSettleMs"":0,""nullingProfileId"":9,""queuePending"":0,""queueCapacity"":16,""queueEnqueued"":0,""queueDropped"":0,""publishFailCount"":0,""retryCount"":0,""retryFailCount"":0,""rejectedSamples"":0,""lastRejectReason"":""none"",""lastRejectChannel"":-1,""lastRejectOkFiniteCount"":0,""lastRejectStatus"":255,""lastRejectGain"":0,""lastRejectSaturated"":false},""recovery"":{""wifiReconnectCount"":0,""wifiReconnectFailCount"":0,""mqttReconnectCount"":0,""mqttConnectFailCount"":0,""lastMqttState"":0,""adsRecoveryCount"":0,""adsRecoveryFailCount"":0,""adsReadFailStreak"":0,""lastReason"":""none"",""lastRecoveryMs"":0,""bootRecoveryArmed"":false,""bootRecoveryDueMs"":0,""bootRecoveryReason"":""none"",""bootRecoveryNonAdsFailure"":false,""bootRecoveryRestartCount"":0},""nulling"":{""done"":false,""retryArmed"":false,""attemptCount"":0,""nextRetryMs"":0,""thresholdV"":9.999999747E-06,""minFinalV"":0},""telemetry"":{""valid"":true,""sampleMs"":7099996,""gasClass"":6,""gasName"":""CO2"",""confidence"":0,""alarm"":false,""sensorVoltage"":[0.123039261,0.003941706,0.004842,-0.002571646,-0.00919093,-0.011287647,-0.019582842,-0.025425116],""sensorGain"":[16,64,64,64,64,64,64,64],""sensorStatus"":[0,0,0,0,0,0,0,0],""featureOrder"":[""MQ8"",""MQ135"",""MQ3"",""MQ5"",""MQ4"",""MQ7"",""MQ6"",""MQ2""]},""alarmLatched"":false}"
2026-08-04 11:19:24.808 +07:00,723.673,HOT_SWEEP_70,70,700,300,1,0,0.122934625,0.003969035,0.004882716,-0.002561316,-0.009201602,-0.01130601,-0.019566957,-0.025465712,"{""deviceId"":""1001"",""nodeId"":4097,""targetChId"":""0010"",""mode"":""inference"",""uptimeMs"":7101122,""debugEnabled"":true,""power"":{""mode"":""24v"",""externalPower"":true,""batteryMv"":65535,""batteryValid"":false,""batteryDetected"":false,""batterySenseStatus"":""not_detected"",""batteryLow"":false,""batteryCritical"":false,""sourceAmbiguous"":false,""serviceHoldActive"":false,""serviceHoldEffective"":false},""batterySession"":{""state"":""inactive"",""startedMs"":0,""stateStartedMs"":0,""validSampleBatches"":0,""requiredSampleBatches"":10,""alarmTxAttempts"":0,""alarmTxAttemptLimit"":3,""alarmAckReceived"":false,""pendingAlarm"":false,""pendingSaveRequired"":false,""persistenceFaultHold"":false,""completionReason"":""session_done""},""bootHealth"":{""adsReady"":true,""adsDrdyLevel"":0,""adsDrdyPulldownLevel"":0,""adsDrdyPullupLevel"":0,""adsMisoPulldownLevel"":0,""adsMisoPullupLevel"":1,""adsCsLevel"":1,""adsSyncLevel"":1,""adsStatus"":54,""adsMux"":15,""adsAdcon"":6,""adsDrate"":240,""adsReason"":""ok"",""tcaOk"":true,""mcpOkCount"":8,""mcpOk"":[true,true,true,true,true,true,true,true],""mcpAddrMask"":[1,1,1,1,1,1,1,1],""mcpControlTested"":true,""mcpControlOkCount"":8,""mcpControlOk"":[true,true,true,true,true,true,true,true],""dacReady"":true,""radioReady"":true,""mlReady"":true,""nullingProfileApplied"":true,""modelProfileReady"":false},""runtimeMcpCode"":[255,519,795,706,799,865,665,139],""model"":{""profileId"":""cnn-dualbranch-datasheet-v1-unbound"",""scalerProfileId"":""cnn-dualbranch-datasheet-v1-unbound"",""productionApproved"":true,""boundNullingProfileId"":8,""activeNullingProfileId"":9,""bindingValid"":true,""bindingModelMatches"":true,""profileReady"":false,""inferenceValid"":false,""sensorFault"":true},""lora"":{""beginState"":0,""lastTxState"":0,""lastTxOk"":false,""txSeq"":0,""txCounter"":0,""aesKeyProvisioned"":true,""aesKeyPresent"":true,""aesKeySource"":""nvs"",""keyId"":1,""lastDownlinkCommandId"":0,""freqMHz"":920,""bwKHz"":125,""sf"":7,""cr"":5,""syncWord"":18,""txPowerDbm"":17,""preamble"":8,""tcxoVoltage"":1.600000024,""xtalVoltage"":0},""dataset"":{""state"":""idle"",""step"":""idle"",""label"":"""",""seq"":0,""targetSamples"":0,""sampleIntervalMs"":500,""maxDurationMs"":0,""useFanIntake"":true,""fanOnMs"":1000,""postFanSettleMs"":0,""nullingProfileId"":9,""queuePending"":0,""queueCapacity"":16,""queueEnqueued"":0,""queueDropped"":0,""publishFailCount"":0,""retryCount"":0,""retryFailCount"":0,""rejectedSamples"":0,""lastRejectReason"":""none"",""lastRejectChannel"":-1,""lastRejectOkFiniteCount"":0,""lastRejectStatus"":255,""lastRejectGain"":0,""lastRejectSaturated"":false},""recovery"":{""wifiReconnectCount"":0,""wifiReconnectFailCount"":0,""mqttReconnectCount"":0,""mqttConnectFailCount"":0,""lastMqttState"":0,""adsRecoveryCount"":0,""adsRecoveryFailCount"":0,""adsReadFailStreak"":0,""lastReason"":""none"",""lastRecoveryMs"":0,""bootRecoveryArmed"":false,""bootRecoveryDueMs"":0,""bootRecoveryReason"":""none"",""bootRecoveryNonAdsFailure"":false,""bootRecoveryRestartCount"":0},""nulling"":{""done"":false,""retryArmed"":false,""attemptCount"":0,""nextRetryMs"":0,""thresholdV"":9.999999747E-06,""minFinalV"":0},""telemetry"":{""valid"":true,""sampleMs"":7100695,""gasClass"":6,""gasName"":""CO2"",""confidence"":0,""alarm"":false,""sensorVoltage"":[0.122934625,0.003969035,0.004882716,-0.002561316,-0.009201602,-0.01130601,-0.019566957,-0.025465712],""sensorGain"":[16,64,64,64,64,64,64,64],""sensorStatus"":[0,0,0,0,0,0,0,0],""featureOrder"":[""MQ8"",""MQ135"",""MQ3"",""MQ5"",""MQ4"",""MQ7"",""MQ6"",""MQ2""]},""alarmLatched"":false}"
2026-08-04 11:19:25.501 +07:00,724.371,HOT_SWEEP_70,70,700,300,1,0,0.122703001,0.003913877,0.004915496,-0.002572653,-0.00940212,-0.011618352,-0.019562956,-0.025460755,"{""deviceId"":""1001"",""nodeId"":4097,""targetChId"":""0010"",""mode"":""inference"",""uptimeMs"":7101812,""debugEnabled"":true,""power"":{""mode"":""24v"",""externalPower"":true,""batteryMv"":65535,""batteryValid"":false,""batteryDetected"":false,""batterySenseStatus"":""not_detected"",""batteryLow"":false,""batteryCritical"":false,""sourceAmbiguous"":false,""serviceHoldActive"":false,""serviceHoldEffective"":false},""batterySession"":{""state"":""inactive"",""startedMs"":0,""stateStartedMs"":0,""validSampleBatches"":0,""requiredSampleBatches"":10,""alarmTxAttempts"":0,""alarmTxAttemptLimit"":3,""alarmAckReceived"":false,""pendingAlarm"":false,""pendingSaveRequired"":false,""persistenceFaultHold"":false,""completionReason"":""session_done""},""bootHealth"":{""adsReady"":true,""adsDrdyLevel"":0,""adsDrdyPulldownLevel"":0,""adsDrdyPullupLevel"":0,""adsMisoPulldownLevel"":0,""adsMisoPullupLevel"":1,""adsCsLevel"":1,""adsSyncLevel"":1,""adsStatus"":54,""adsMux"":15,""adsAdcon"":6,""adsDrate"":240,""adsReason"":""ok"",""tcaOk"":true,""mcpOkCount"":8,""mcpOk"":[true,true,true,true,true,true,true,true],""mcpAddrMask"":[1,1,1,1,1,1,1,1],""mcpControlTested"":true,""mcpControlOkCount"":8,""mcpControlOk"":[true,true,true,true,true,true,true,true],""dacReady"":true,""radioReady"":true,""mlReady"":true,""nullingProfileApplied"":true,""modelProfileReady"":false},""runtimeMcpCode"":[255,519,795,706,799,865,665,139],""model"":{""profileId"":""cnn-dualbranch-datasheet-v1-unbound"",""scalerProfileId"":""cnn-dualbranch-datasheet-v1-unbound"",""productionApproved"":true,""boundNullingProfileId"":8,""activeNullingProfileId"":9,""bindingValid"":true,""bindingModelMatches"":true,""profileReady"":false,""inferenceValid"":false,""sensorFault"":true},""lora"":{""beginState"":0,""lastTxState"":0,""lastTxOk"":false,""txSeq"":0,""txCounter"":0,""aesKeyProvisioned"":true,""aesKeyPresent"":true,""aesKeySource"":""nvs"",""keyId"":1,""lastDownlinkCommandId"":0,""freqMHz"":920,""bwKHz"":125,""sf"":7,""cr"":5,""syncWord"":18,""txPowerDbm"":17,""preamble"":8,""tcxoVoltage"":1.600000024,""xtalVoltage"":0},""dataset"":{""state"":""idle"",""step"":""idle"",""label"":"""",""seq"":0,""targetSamples"":0,""sampleIntervalMs"":500,""maxDurationMs"":0,""useFanIntake"":true,""fanOnMs"":1000,""postFanSettleMs"":0,""nullingProfileId"":9,""queuePending"":0,""queueCapacity"":16,""queueEnqueued"":0,""queueDropped"":0,""publishFailCount"":0,""retryCount"":0,""retryFailCount"":0,""rejectedSamples"":0,""lastRejectReason"":""none"",""lastRejectChannel"":-1,""lastRejectOkFiniteCount"":0,""lastRejectStatus"":255,""lastRejectGain"":0,""lastRejectSaturated"":false},""recovery"":{""wifiReconnectCount"":0,""wifiReconnectFailCount"":0,""mqttReconnectCount"":0,""mqttConnectFailCount"":0,""lastMqttState"":0,""adsRecoveryCount"":0,""adsRecoveryFailCount"":0,""adsReadFailStreak"":0,""lastReason"":""none"",""lastRecoveryMs"":0,""bootRecoveryArmed"":false,""bootRecoveryDueMs"":0,""bootRecoveryReason"":""none"",""bootRecoveryNonAdsFailure"":false,""bootRecoveryRestartCount"":0},""nulling"":{""done"":false,""retryArmed"":false,""attemptCount"":0,""nextRetryMs"":0,""thresholdV"":9.999999747E-06,""minFinalV"":0},""telemetry"":{""valid"":true,""sampleMs"":7101432,""gasClass"":6,""gasName"":""CO2"",""confidence"":0,""alarm"":false,""sensorVoltage"":[0.122703001,0.003913877,0.004915496,-0.002572653,-0.00940212,-0.011618352,-0.019562956,-0.025460755],""sensorGain"":[16,64,64,64,64,64,64,64],""sensorStatus"":[0,0,0,0,0,0,0,0],""featureOrder"":[""MQ8"",""MQ135"",""MQ3"",""MQ5"",""MQ4"",""MQ7"",""MQ6"",""MQ2""]},""alarmLatched"":false}"
2026-08-04 11:19:26.200 +07:00,725.066,HOT_SWEEP_70,70,700,300,1,0,0.122578539,0.003894372,0.004918337,-0.002569354,-0.009642897,-0.011879799,-0.019564454,-0.025482127,"{""deviceId"":""1001"",""nodeId"":4097,""targetChId"":""0010"",""mode"":""inference"",""uptimeMs"":7102517,""debugEnabled"":true,""power"":{""mode"":""24v"",""externalPower"":true,""batteryMv"":65535,""batteryValid"":false,""batteryDetected"":false,""batterySenseStatus"":""not_detected"",""batteryLow"":false,""batteryCritical"":false,""sourceAmbiguous"":false,""serviceHoldActive"":false,""serviceHoldEffective"":false},""batterySession"":{""state"":""inactive"",""startedMs"":0,""stateStartedMs"":0,""validSampleBatches"":0,""requiredSampleBatches"":10,""alarmTxAttempts"":0,""alarmTxAttemptLimit"":3,""alarmAckReceived"":false,""pendingAlarm"":false,""pendingSaveRequired"":false,""persistenceFaultHold"":false,""completionReason"":""session_done""},""bootHealth"":{""adsReady"":true,""adsDrdyLevel"":0,""adsDrdyPulldownLevel"":0,""adsDrdyPullupLevel"":0,""adsMisoPulldownLevel"":0,""adsMisoPullupLevel"":1,""adsCsLevel"":1,""adsSyncLevel"":1,""adsStatus"":54,""adsMux"":15,""adsAdcon"":6,""adsDrate"":240,""adsReason"":""ok"",""tcaOk"":true,""mcpOkCount"":8,""mcpOk"":[true,true,true,true,true,true,true,true],""mcpAddrMask"":[1,1,1,1,1,1,1,1],""mcpControlTested"":true,""mcpControlOkCount"":8,""mcpControlOk"":[true,true,true,true,true,true,true,true],""dacReady"":true,""radioReady"":true,""mlReady"":true,""nullingProfileApplied"":true,""modelProfileReady"":false},""runtimeMcpCode"":[255,519,795,706,799,865,665,139],""model"":{""profileId"":""cnn-dualbranch-datasheet-v1-unbound"",""scalerProfileId"":""cnn-dualbranch-datasheet-v1-unbound"",""productionApproved"":true,""boundNullingProfileId"":8,""activeNullingProfileId"":9,""bindingValid"":true,""bindingModelMatches"":true,""profileReady"":false,""inferenceValid"":false,""sensorFault"":true},""lora"":{""beginState"":0,""lastTxState"":0,""lastTxOk"":false,""txSeq"":0,""txCounter"":0,""aesKeyProvisioned"":true,""aesKeyPresent"":true,""aesKeySource"":""nvs"",""keyId"":1,""lastDownlinkCommandId"":0,""freqMHz"":920,""bwKHz"":125,""sf"":7,""cr"":5,""syncWord"":18,""txPowerDbm"":17,""preamble"":8,""tcxoVoltage"":1.600000024,""xtalVoltage"":0},""dataset"":{""state"":""idle"",""step"":""idle"",""label"":"""",""seq"":0,""targetSamples"":0,""sampleIntervalMs"":500,""maxDurationMs"":0,""useFanIntake"":true,""fanOnMs"":1000,""postFanSettleMs"":0,""nullingProfileId"":9,""queuePending"":0,""queueCapacity"":16,""queueEnqueued"":0,""queueDropped"":0,""publishFailCount"":0,""retryCount"":0,""retryFailCount"":0,""rejectedSamples"":0,""lastRejectReason"":""none"",""lastRejectChannel"":-1,""lastRejectOkFiniteCount"":0,""lastRejectStatus"":255,""lastRejectGain"":0,""lastRejectSaturated"":false},""recovery"":{""wifiReconnectCount"":0,""wifiReconnectFailCount"":0,""mqttReconnectCount"":0,""mqttConnectFailCount"":0,""lastMqttState"":0,""adsRecoveryCount"":0,""adsRecoveryFailCount"":0,""adsReadFailStreak"":0,""lastReason"":""none"",""lastRecoveryMs"":0,""bootRecoveryArmed"":false,""bootRecoveryDueMs"":0,""bootRecoveryReason"":""none"",""bootRecoveryNonAdsFailure"":false,""bootRecoveryRestartCount"":0},""nulling"":{""done"":false,""retryArmed"":false,""attemptCount"":0,""nextRetryMs"":0,""thresholdV"":9.999999747E-06,""minFinalV"":0},""telemetry"":{""valid"":true,""sampleMs"":7102090,""gasClass"":6,""gasName"":""CO2"",""confidence"":0,""alarm"":false,""sensorVoltage"":[0.122578539,0.003894372,0.004918337,-0.002569354,-0.009642897,-0.011879799,-0.019564454,-0.025482127],""sensorGain"":[16,64,64,64,64,64,64,64],""sensorStatus"":[0,0,0,0,0,0,0,0],""featureOrder"":[""MQ8"",""MQ135"",""MQ3"",""MQ5"",""MQ4"",""MQ7"",""MQ6"",""MQ2""]},""alarmLatched"":false}"
2026-08-04 11:19:26.897 +07:00,725.757,HOT_SWEEP_70,70,700,300,1,0,0.122279406,0.003886042,0.004972141,-0.002603845,-0.009640947,-0.011866275,-0.019544272,-0.025409251,"{""deviceId"":""1001"",""nodeId"":4097,""targetChId"":""0010"",""mode"":""inference"",""uptimeMs"":7103205,""debugEnabled"":true,""power"":{""mode"":""24v"",""externalPower"":true,""batteryMv"":65535,""batteryValid"":false,""batteryDetected"":false,""batterySenseStatus"":""not_detected"",""batteryLow"":false,""batteryCritical"":false,""sourceAmbiguous"":false,""serviceHoldActive"":false,""serviceHoldEffective"":false},""batterySession"":{""state"":""inactive"",""startedMs"":0,""stateStartedMs"":0,""validSampleBatches"":0,""requiredSampleBatches"":10,""alarmTxAttempts"":0,""alarmTxAttemptLimit"":3,""alarmAckReceived"":false,""pendingAlarm"":false,""pendingSaveRequired"":false,""persistenceFaultHold"":false,""completionReason"":""session_done""},""bootHealth"":{""adsReady"":true,""adsDrdyLevel"":0,""adsDrdyPulldownLevel"":0,""adsDrdyPullupLevel"":0,""adsMisoPulldownLevel"":0,""adsMisoPullupLevel"":1,""adsCsLevel"":1,""adsSyncLevel"":1,""adsStatus"":54,""adsMux"":15,""adsAdcon"":6,""adsDrate"":240,""adsReason"":""ok"",""tcaOk"":true,""mcpOkCount"":8,""mcpOk"":[true,true,true,true,true,true,true,true],""mcpAddrMask"":[1,1,1,1,1,1,1,1],""mcpControlTested"":true,""mcpControlOkCount"":8,""mcpControlOk"":[true,true,true,true,true,true,true,true],""dacReady"":true,""radioReady"":true,""mlReady"":true,""nullingProfileApplied"":true,""modelProfileReady"":false},""runtimeMcpCode"":[255,519,795,706,799,865,665,139],""model"":{""profileId"":""cnn-dualbranch-datasheet-v1-unbound"",""scalerProfileId"":""cnn-dualbranch-datasheet-v1-unbound"",""productionApproved"":true,""boundNullingProfileId"":8,""activeNullingProfileId"":9,""bindingValid"":true,""bindingModelMatches"":true,""profileReady"":false,""inferenceValid"":false,""sensorFault"":true},""lora"":{""beginState"":0,""lastTxState"":0,""lastTxOk"":false,""txSeq"":0,""txCounter"":0,""aesKeyProvisioned"":true,""aesKeyPresent"":true,""aesKeySource"":""nvs"",""keyId"":1,""lastDownlinkCommandId"":0,""freqMHz"":920,""bwKHz"":125,""sf"":7,""cr"":5,""syncWord"":18,""txPowerDbm"":17,""preamble"":8,""tcxoVoltage"":1.600000024,""xtalVoltage"":0},""dataset"":{""state"":""idle"",""step"":""idle"",""label"":"""",""seq"":0,""targetSamples"":0,""sampleIntervalMs"":500,""maxDurationMs"":0,""useFanIntake"":true,""fanOnMs"":1000,""postFanSettleMs"":0,""nullingProfileId"":9,""queuePending"":0,""queueCapacity"":16,""queueEnqueued"":0,""queueDropped"":0,""publishFailCount"":0,""retryCount"":0,""retryFailCount"":0,""rejectedSamples"":0,""lastRejectReason"":""none"",""lastRejectChannel"":-1,""lastRejectOkFiniteCount"":0,""lastRejectStatus"":255,""lastRejectGain"":0,""lastRejectSaturated"":false},""recovery"":{""wifiReconnectCount"":0,""wifiReconnectFailCount"":0,""mqttReconnectCount"":0,""mqttConnectFailCount"":0,""lastMqttState"":0,""adsRecoveryCount"":0,""adsRecoveryFailCount"":0,""adsReadFailStreak"":0,""lastReason"":""none"",""lastRecoveryMs"":0,""bootRecoveryArmed"":false,""bootRecoveryDueMs"":0,""bootRecoveryReason"":""none"",""bootRecoveryNonAdsFailure"":false,""bootRecoveryRestartCount"":0},""nulling"":{""done"":false,""retryArmed"":false,""attemptCount"":0,""nextRetryMs"":0,""thresholdV"":9.999999747E-06,""minFinalV"":0},""telemetry"":{""valid"":true,""sampleMs"":7102795,""gasClass"":6,""gasName"":""CO2"",""confidence"":0,""alarm"":false,""sensorVoltage"":[0.122279406,0.003886042,0.004972141,-0.002603845,-0.009640947,-0.011866275,-0.019544272,-0.025409251],""sensorGain"":[16,64,64,64,64,64,64,64],""sensorStatus"":[0,0,0,0,0,0,0,0],""featureOrder"":[""MQ8"",""MQ135"",""MQ3"",""MQ5"",""MQ4"",""MQ7"",""MQ6"",""MQ2""]},""alarmLatched"":false}"
2026-08-04 11:19:27.603 +07:00,726.465,HOT_SWEEP_70,70,700,300,1,0,0.122555256,0.003887375,0.004965623,-0.002596161,-0.009639895,-0.011897651,-0.01944235,-0.025440324,"{""deviceId"":""1001"",""nodeId"":4097,""targetChId"":""0010"",""mode"":""inference"",""uptimeMs"":7103903,""debugEnabled"":true,""power"":{""mode"":""24v"",""externalPower"":true,""batteryMv"":65535,""batteryValid"":false,""batteryDetected"":false,""batterySenseStatus"":""not_detected"",""batteryLow"":false,""batteryCritical"":false,""sourceAmbiguous"":false,""serviceHoldActive"":false,""serviceHoldEffective"":false},""batterySession"":{""state"":""inactive"",""startedMs"":0,""stateStartedMs"":0,""validSampleBatches"":0,""requiredSampleBatches"":10,""alarmTxAttempts"":0,""alarmTxAttemptLimit"":3,""alarmAckReceived"":false,""pendingAlarm"":false,""pendingSaveRequired"":false,""persistenceFaultHold"":false,""completionReason"":""session_done""},""bootHealth"":{""adsReady"":true,""adsDrdyLevel"":0,""adsDrdyPulldownLevel"":0,""adsDrdyPullupLevel"":0,""adsMisoPulldownLevel"":0,""adsMisoPullupLevel"":1,""adsCsLevel"":1,""adsSyncLevel"":1,""adsStatus"":54,""adsMux"":15,""adsAdcon"":6,""adsDrate"":240,""adsReason"":""ok"",""tcaOk"":true,""mcpOkCount"":8,""mcpOk"":[true,true,true,true,true,true,true,true],""mcpAddrMask"":[1,1,1,1,1,1,1,1],""mcpControlTested"":true,""mcpControlOkCount"":8,""mcpControlOk"":[true,true,true,true,true,true,true,true],""dacReady"":true,""radioReady"":true,""mlReady"":true,""nullingProfileApplied"":true,""modelProfileReady"":false},""runtimeMcpCode"":[255,519,795,706,799,865,665,139],""model"":{""profileId"":""cnn-dualbranch-datasheet-v1-unbound"",""scalerProfileId"":""cnn-dualbranch-datasheet-v1-unbound"",""productionApproved"":true,""boundNullingProfileId"":8,""activeNullingProfileId"":9,""bindingValid"":true,""bindingModelMatches"":true,""profileReady"":false,""inferenceValid"":false,""sensorFault"":true},""lora"":{""beginState"":0,""lastTxState"":0,""lastTxOk"":false,""txSeq"":0,""txCounter"":0,""aesKeyProvisioned"":true,""aesKeyPresent"":true,""aesKeySource"":""nvs"",""keyId"":1,""lastDownlinkCommandId"":0,""freqMHz"":920,""bwKHz"":125,""sf"":7,""cr"":5,""syncWord"":18,""txPowerDbm"":17,""preamble"":8,""tcxoVoltage"":1.600000024,""xtalVoltage"":0},""dataset"":{""state"":""idle"",""step"":""idle"",""label"":"""",""seq"":0,""targetSamples"":0,""sampleIntervalMs"":500,""maxDurationMs"":0,""useFanIntake"":true,""fanOnMs"":1000,""postFanSettleMs"":0,""nullingProfileId"":9,""queuePending"":0,""queueCapacity"":16,""queueEnqueued"":0,""queueDropped"":0,""publishFailCount"":0,""retryCount"":0,""retryFailCount"":0,""rejectedSamples"":0,""lastRejectReason"":""none"",""lastRejectChannel"":-1,""lastRejectOkFiniteCount"":0,""lastRejectStatus"":255,""lastRejectGain"":0,""lastRejectSaturated"":false},""recovery"":{""wifiReconnectCount"":0,""wifiReconnectFailCount"":0,""mqttReconnectCount"":0,""mqttConnectFailCount"":0,""lastMqttState"":0,""adsRecoveryCount"":0,""adsRecoveryFailCount"":0,""adsReadFailStreak"":0,""lastReason"":""none"",""lastRecoveryMs"":0,""bootRecoveryArmed"":false,""bootRecoveryDueMs"":0,""bootRecoveryReason"":""none"",""bootRecoveryNonAdsFailure"":false,""bootRecoveryRestartCount"":0},""nulling"":{""done"":false,""retryArmed"":false,""attemptCount"":0,""nextRetryMs"":0,""thresholdV"":9.999999747E-06,""minFinalV"":0},""telemetry"":{""valid"":true,""sampleMs"":7103515,""gasClass"":6,""gasName"":""CO2"",""confidence"":0,""alarm"":false,""sensorVoltage"":[0.122555256,0.003887375,0.004965623,-0.002596161,-0.009639895,-0.011897651,-0.01944235,-0.025440324],""sensorGain"":[16,64,64,64,64,64,64,64],""sensorStatus"":[0,0,0,0,0,0,0,0],""featureOrder"":[""MQ8"",""MQ135"",""MQ3"",""MQ5"",""MQ4"",""MQ7"",""MQ6"",""MQ2""]},""alarmLatched"":false}"
2026-08-04 11:19:28.315 +07:00,727.181,HOT_SWEEP_70,70,700,300,1,0,0.122256711,0.003909264,0.005025082,-0.002559978,-0.009614608,-0.011891019,-0.019454977,-0.025468599,"{""deviceId"":""1001"",""nodeId"":4097,""targetChId"":""0010"",""mode"":""inference"",""uptimeMs"":7104619,""debugEnabled"":true,""power"":{""mode"":""24v"",""externalPower"":true,""batteryMv"":65535,""batteryValid"":false,""batteryDetected"":false,""batterySenseStatus"":""not_detected"",""batteryLow"":false,""batteryCritical"":false,""sourceAmbiguous"":false,""serviceHoldActive"":false,""serviceHoldEffective"":false},""batterySession"":{""state"":""inactive"",""startedMs"":0,""stateStartedMs"":0,""validSampleBatches"":0,""requiredSampleBatches"":10,""alarmTxAttempts"":0,""alarmTxAttemptLimit"":3,""alarmAckReceived"":false,""pendingAlarm"":false,""pendingSaveRequired"":false,""persistenceFaultHold"":false,""completionReason"":""session_done""},""bootHealth"":{""adsReady"":true,""adsDrdyLevel"":0,""adsDrdyPulldownLevel"":0,""adsDrdyPullupLevel"":0,""adsMisoPulldownLevel"":0,""adsMisoPullupLevel"":1,""adsCsLevel"":1,""adsSyncLevel"":1,""adsStatus"":54,""adsMux"":15,""adsAdcon"":6,""adsDrate"":240,""adsReason"":""ok"",""tcaOk"":true,""mcpOkCount"":8,""mcpOk"":[true,true,true,true,true,true,true,true],""mcpAddrMask"":[1,1,1,1,1,1,1,1],""mcpControlTested"":true,""mcpControlOkCount"":8,""mcpControlOk"":[true,true,true,true,true,true,true,true],""dacReady"":true,""radioReady"":true,""mlReady"":true,""nullingProfileApplied"":true,""modelProfileReady"":false},""runtimeMcpCode"":[255,519,795,706,799,865,665,139],""model"":{""profileId"":""cnn-dualbranch-datasheet-v1-unbound"",""scalerProfileId"":""cnn-dualbranch-datasheet-v1-unbound"",""productionApproved"":true,""boundNullingProfileId"":8,""activeNullingProfileId"":9,""bindingValid"":true,""bindingModelMatches"":true,""profileReady"":false,""inferenceValid"":false,""sensorFault"":true},""lora"":{""beginState"":0,""lastTxState"":0,""lastTxOk"":false,""txSeq"":0,""txCounter"":0,""aesKeyProvisioned"":true,""aesKeyPresent"":true,""aesKeySource"":""nvs"",""keyId"":1,""lastDownlinkCommandId"":0,""freqMHz"":920,""bwKHz"":125,""sf"":7,""cr"":5,""syncWord"":18,""txPowerDbm"":17,""preamble"":8,""tcxoVoltage"":1.600000024,""xtalVoltage"":0},""dataset"":{""state"":""idle"",""step"":""idle"",""label"":"""",""seq"":0,""targetSamples"":0,""sampleIntervalMs"":500,""maxDurationMs"":0,""useFanIntake"":true,""fanOnMs"":1000,""postFanSettleMs"":0,""nullingProfileId"":9,""queuePending"":0,""queueCapacity"":16,""queueEnqueued"":0,""queueDropped"":0,""publishFailCount"":0,""retryCount"":0,""retryFailCount"":0,""rejectedSamples"":0,""lastRejectReason"":""none"",""lastRejectChannel"":-1,""lastRejectOkFiniteCount"":0,""lastRejectStatus"":255,""lastRejectGain"":0,""lastRejectSaturated"":false},""recovery"":{""wifiReconnectCount"":0,""wifiReconnectFailCount"":0,""mqttReconnectCount"":0,""mqttConnectFailCount"":0,""lastMqttState"":0,""adsRecoveryCount"":0,""adsRecoveryFailCount"":0,""adsReadFailStreak"":0,""lastReason"":""none"",""lastRecoveryMs"":0,""bootRecoveryArmed"":false,""bootRecoveryDueMs"":0,""bootRecoveryReason"":""none"",""bootRecoveryNonAdsFailure"":false,""bootRecoveryRestartCount"":0},""nulling"":{""done"":false,""retryArmed"":false,""attemptCount"":0,""nextRetryMs"":0,""thresholdV"":9.999999747E-06,""minFinalV"":0},""telemetry"":{""valid"":true,""sampleMs"":7104181,""gasClass"":6,""gasName"":""CO2"",""confidence"":0,""alarm"":false,""sensorVoltage"":[0.122256711,0.003909264,0.005025082,-0.002559978,-0.009614608,-0.011891019,-0.019454977,-0.025468599],""sensorGain"":[16,64,64,64,64,64,64,64],""sensorStatus"":[0,0,0,0,0,0,0,0],""featureOrder"":[""MQ8"",""MQ135"",""MQ3"",""MQ5"",""MQ4"",""MQ7"",""MQ6"",""MQ2""]},""alarmLatched"":false}"
2026-08-04 11:19:29.025 +07:00,727.896,HOT_SWEEP_70,70,700,300,1,0,0.122135796,0.003912691,0.005050276,-0.002531149,-0.009603737,-0.011888953,-0.01945045,-0.025468651,"{""deviceId"":""1001"",""nodeId"":4097,""targetChId"":""0010"",""mode"":""inference"",""uptimeMs"":7105335,""debugEnabled"":true,""power"":{""mode"":""24v"",""externalPower"":true,""batteryMv"":65535,""batteryValid"":false,""batteryDetected"":false,""batterySenseStatus"":""not_detected"",""batteryLow"":false,""batteryCritical"":false,""sourceAmbiguous"":false,""serviceHoldActive"":false,""serviceHoldEffective"":false},""batterySession"":{""state"":""inactive"",""startedMs"":0,""stateStartedMs"":0,""validSampleBatches"":0,""requiredSampleBatches"":10,""alarmTxAttempts"":0,""alarmTxAttemptLimit"":3,""alarmAckReceived"":false,""pendingAlarm"":false,""pendingSaveRequired"":false,""persistenceFaultHold"":false,""completionReason"":""session_done""},""bootHealth"":{""adsReady"":true,""adsDrdyLevel"":0,""adsDrdyPulldownLevel"":0,""adsDrdyPullupLevel"":0,""adsMisoPulldownLevel"":0,""adsMisoPullupLevel"":1,""adsCsLevel"":1,""adsSyncLevel"":1,""adsStatus"":54,""adsMux"":15,""adsAdcon"":6,""adsDrate"":240,""adsReason"":""ok"",""tcaOk"":true,""mcpOkCount"":8,""mcpOk"":[true,true,true,true,true,true,true,true],""mcpAddrMask"":[1,1,1,1,1,1,1,1],""mcpControlTested"":true,""mcpControlOkCount"":8,""mcpControlOk"":[true,true,true,true,true,true,true,true],""dacReady"":true,""radioReady"":true,""mlReady"":true,""nullingProfileApplied"":true,""modelProfileReady"":false},""runtimeMcpCode"":[255,519,795,706,799,865,665,139],""model"":{""profileId"":""cnn-dualbranch-datasheet-v1-unbound"",""scalerProfileId"":""cnn-dualbranch-datasheet-v1-unbound"",""productionApproved"":true,""boundNullingProfileId"":8,""activeNullingProfileId"":9,""bindingValid"":true,""bindingModelMatches"":true,""profileReady"":false,""inferenceValid"":false,""sensorFault"":true},""lora"":{""beginState"":0,""lastTxState"":0,""lastTxOk"":false,""txSeq"":0,""txCounter"":0,""aesKeyProvisioned"":true,""aesKeyPresent"":true,""aesKeySource"":""nvs"",""keyId"":1,""lastDownlinkCommandId"":0,""freqMHz"":920,""bwKHz"":125,""sf"":7,""cr"":5,""syncWord"":18,""txPowerDbm"":17,""preamble"":8,""tcxoVoltage"":1.600000024,""xtalVoltage"":0},""dataset"":{""state"":""idle"",""step"":""idle"",""label"":"""",""seq"":0,""targetSamples"":0,""sampleIntervalMs"":500,""maxDurationMs"":0,""useFanIntake"":true,""fanOnMs"":1000,""postFanSettleMs"":0,""nullingProfileId"":9,""queuePending"":0,""queueCapacity"":16,""queueEnqueued"":0,""queueDropped"":0,""publishFailCount"":0,""retryCount"":0,""retryFailCount"":0,""rejectedSamples"":0,""lastRejectReason"":""none"",""lastRejectChannel"":-1,""lastRejectOkFiniteCount"":0,""lastRejectStatus"":255,""lastRejectGain"":0,""lastRejectSaturated"":false},""recovery"":{""wifiReconnectCount"":0,""wifiReconnectFailCount"":0,""mqttReconnectCount"":0,""mqttConnectFailCount"":0,""lastMqttState"":0,""adsRecoveryCount"":0,""adsRecoveryFailCount"":0,""adsReadFailStreak"":0,""lastReason"":""none"",""lastRecoveryMs"":0,""bootRecoveryArmed"":false,""bootRecoveryDueMs"":0,""bootRecoveryReason"":""none"",""bootRecoveryNonAdsFailure"":false,""bootRecoveryRestartCount"":0},""nulling"":{""done"":false,""retryArmed"":false,""attemptCount"":0,""nextRetryMs"":0,""thresholdV"":9.999999747E-06,""minFinalV"":0},""telemetry"":{""valid"":true,""sampleMs"":7104897,""gasClass"":6,""gasName"":""CO2"",""confidence"":0,""alarm"":false,""sensorVoltage"":[0.122135796,0.003912691,0.005050276,-0.002531149,-0.009603737,-0.011888953,-0.01945045,-0.025468651],""sensorGain"":[16,64,64,64,64,64,64,64],""sensorStatus"":[0,0,0,0,0,0,0,0],""featureOrder"":[""MQ8"",""MQ135"",""MQ3"",""MQ5"",""MQ4"",""MQ7"",""MQ6"",""MQ2""]},""alarmLatched"":false}"
2026-08-04 11:19:29.729 +07:00,728.592,HOT_SWEEP_70,70,700,300,1,0,0.122033194,0.003917413,0.005008172,-0.002543033,-0.009607214,-0.011889695,-0.019408945,-0.025459215,"{""deviceId"":""1001"",""nodeId"":4097,""targetChId"":""0010"",""mode"":""inference"",""uptimeMs"":7106036,""debugEnabled"":true,""power"":{""mode"":""24v"",""externalPower"":true,""batteryMv"":65535,""batteryValid"":false,""batteryDetected"":false,""batterySenseStatus"":""not_detected"",""batteryLow"":false,""batteryCritical"":false,""sourceAmbiguous"":false,""serviceHoldActive"":false,""serviceHoldEffective"":false},""batterySession"":{""state"":""inactive"",""startedMs"":0,""stateStartedMs"":0,""validSampleBatches"":0,""requiredSampleBatches"":10,""alarmTxAttempts"":0,""alarmTxAttemptLimit"":3,""alarmAckReceived"":false,""pendingAlarm"":false,""pendingSaveRequired"":false,""persistenceFaultHold"":false,""completionReason"":""session_done""},""bootHealth"":{""adsReady"":true,""adsDrdyLevel"":0,""adsDrdyPulldownLevel"":0,""adsDrdyPullupLevel"":0,""adsMisoPulldownLevel"":0,""adsMisoPullupLevel"":1,""adsCsLevel"":1,""adsSyncLevel"":1,""adsStatus"":54,""adsMux"":15,""adsAdcon"":6,""adsDrate"":240,""adsReason"":""ok"",""tcaOk"":true,""mcpOkCount"":8,""mcpOk"":[true,true,true,true,true,true,true,true],""mcpAddrMask"":[1,1,1,1,1,1,1,1],""mcpControlTested"":true,""mcpControlOkCount"":8,""mcpControlOk"":[true,true,true,true,true,true,true,true],""dacReady"":true,""radioReady"":true,""mlReady"":true,""nullingProfileApplied"":true,""modelProfileReady"":false},""runtimeMcpCode"":[255,519,795,706,799,865,665,139],""model"":{""profileId"":""cnn-dualbranch-datasheet-v1-unbound"",""scalerProfileId"":""cnn-dualbranch-datasheet-v1-unbound"",""productionApproved"":true,""boundNullingProfileId"":8,""activeNullingProfileId"":9,""bindingValid"":true,""bindingModelMatches"":true,""profileReady"":false,""inferenceValid"":false,""sensorFault"":true},""lora"":{""beginState"":0,""lastTxState"":0,""lastTxOk"":false,""txSeq"":0,""txCounter"":0,""aesKeyProvisioned"":true,""aesKeyPresent"":true,""aesKeySource"":""nvs"",""keyId"":1,""lastDownlinkCommandId"":0,""freqMHz"":920,""bwKHz"":125,""sf"":7,""cr"":5,""syncWord"":18,""txPowerDbm"":17,""preamble"":8,""tcxoVoltage"":1.600000024,""xtalVoltage"":0},""dataset"":{""state"":""idle"",""step"":""idle"",""label"":"""",""seq"":0,""targetSamples"":0,""sampleIntervalMs"":500,""maxDurationMs"":0,""useFanIntake"":true,""fanOnMs"":1000,""postFanSettleMs"":0,""nullingProfileId"":9,""queuePending"":0,""queueCapacity"":16,""queueEnqueued"":0,""queueDropped"":0,""publishFailCount"":0,""retryCount"":0,""retryFailCount"":0,""rejectedSamples"":0,""lastRejectReason"":""none"",""lastRejectChannel"":-1,""lastRejectOkFiniteCount"":0,""lastRejectStatus"":255,""lastRejectGain"":0,""lastRejectSaturated"":false},""recovery"":{""wifiReconnectCount"":0,""wifiReconnectFailCount"":0,""mqttReconnectCount"":0,""mqttConnectFailCount"":0,""lastMqttState"":0,""adsRecoveryCount"":0,""adsRecoveryFailCount"":0,""adsReadFailStreak"":0,""lastReason"":""none"",""lastRecoveryMs"":0,""bootRecoveryArmed"":false,""bootRecoveryDueMs"":0,""bootRecoveryReason"":""none"",""bootRecoveryNonAdsFailure"":false,""bootRecoveryRestartCount"":0},""nulling"":{""done"":false,""retryArmed"":false,""attemptCount"":0,""nextRetryMs"":0,""thresholdV"":9.999999747E-06,""minFinalV"":0},""telemetry"":{""valid"":true,""sampleMs"":7105645,""gasClass"":6,""gasName"":""CO2"",""confidence"":0,""alarm"":false,""sensorVoltage"":[0.122033194,0.003917413,0.005008172,-0.002543033,-0.009607214,-0.011889695,-0.019408945,-0.025459215],""sensorGain"":[16,64,64,64,64,64,64,64],""sensorStatus"":[0,0,0,0,0,0,0,0],""featureOrder"":[""MQ8"",""MQ135"",""MQ3"",""MQ5"",""MQ4"",""MQ7"",""MQ6"",""MQ2""]},""alarmLatched"":false}"
2026-08-04 11:19:30.421 +07:00,729.302,HOT_SWEEP_70,70,700,300,1,0,0.12206085,0.004020603,0.005001622,-0.002500868,-0.009573076,-0.011878354,-0.019420961,-0.025473963,"{""deviceId"":""1001"",""nodeId"":4097,""targetChId"":""0010"",""mode"":""inference"",""uptimeMs"":7106742,""debugEnabled"":true,""power"":{""mode"":""24v"",""externalPower"":true,""batteryMv"":65535,""batteryValid"":false,""batteryDetected"":false,""batterySenseStatus"":""not_detected"",""batteryLow"":false,""batteryCritical"":false,""sourceAmbiguous"":false,""serviceHoldActive"":false,""serviceHoldEffective"":false},""batterySession"":{""state"":""inactive"",""startedMs"":0,""stateStartedMs"":0,""validSampleBatches"":0,""requiredSampleBatches"":10,""alarmTxAttempts"":0,""alarmTxAttemptLimit"":3,""alarmAckReceived"":false,""pendingAlarm"":false,""pendingSaveRequired"":false,""persistenceFaultHold"":false,""completionReason"":""session_done""},""bootHealth"":{""adsReady"":true,""adsDrdyLevel"":0,""adsDrdyPulldownLevel"":0,""adsDrdyPullupLevel"":0,""adsMisoPulldownLevel"":0,""adsMisoPullupLevel"":1,""adsCsLevel"":1,""adsSyncLevel"":1,""adsStatus"":54,""adsMux"":15,""adsAdcon"":6,""adsDrate"":240,""adsReason"":""ok"",""tcaOk"":true,""mcpOkCount"":8,""mcpOk"":[true,true,true,true,true,true,true,true],""mcpAddrMask"":[1,1,1,1,1,1,1,1],""mcpControlTested"":true,""mcpControlOkCount"":8,""mcpControlOk"":[true,true,true,true,true,true,true,true],""dacReady"":true,""radioReady"":true,""mlReady"":true,""nullingProfileApplied"":true,""modelProfileReady"":false},""runtimeMcpCode"":[255,519,795,706,799,865,665,139],""model"":{""profileId"":""cnn-dualbranch-datasheet-v1-unbound"",""scalerProfileId"":""cnn-dualbranch-datasheet-v1-unbound"",""productionApproved"":true,""boundNullingProfileId"":8,""activeNullingProfileId"":9,""bindingValid"":true,""bindingModelMatches"":true,""profileReady"":false,""inferenceValid"":false,""sensorFault"":true},""lora"":{""beginState"":0,""lastTxState"":0,""lastTxOk"":false,""txSeq"":0,""txCounter"":0,""aesKeyProvisioned"":true,""aesKeyPresent"":true,""aesKeySource"":""nvs"",""keyId"":1,""lastDownlinkCommandId"":0,""freqMHz"":920,""bwKHz"":125,""sf"":7,""cr"":5,""syncWord"":18,""txPowerDbm"":17,""preamble"":8,""tcxoVoltage"":1.600000024,""xtalVoltage"":0},""dataset"":{""state"":""idle"",""step"":""idle"",""label"":"""",""seq"":0,""targetSamples"":0,""sampleIntervalMs"":500,""maxDurationMs"":0,""useFanIntake"":true,""fanOnMs"":1000,""postFanSettleMs"":0,""nullingProfileId"":9,""queuePending"":0,""queueCapacity"":16,""queueEnqueued"":0,""queueDropped"":0,""publishFailCount"":0,""retryCount"":0,""retryFailCount"":0,""rejectedSamples"":0,""lastRejectReason"":""none"",""lastRejectChannel"":-1,""lastRejectOkFiniteCount"":0,""lastRejectStatus"":255,""lastRejectGain"":0,""lastRejectSaturated"":false},""recovery"":{""wifiReconnectCount"":0,""wifiReconnectFailCount"":0,""mqttReconnectCount"":0,""mqttConnectFailCount"":0,""lastMqttState"":0,""adsRecoveryCount"":0,""adsRecoveryFailCount"":0,""adsReadFailStreak"":0,""lastReason"":""none"",""lastRecoveryMs"":0,""bootRecoveryArmed"":false,""bootRecoveryDueMs"":0,""bootRecoveryReason"":""none"",""bootRecoveryNonAdsFailure"":false,""bootRecoveryRestartCount"":0},""nulling"":{""done"":false,""retryArmed"":false,""attemptCount"":0,""nextRetryMs"":0,""thresholdV"":9.999999747E-06,""minFinalV"":0},""telemetry"":{""valid"":true,""sampleMs"":7106314,""gasClass"":6,""gasName"":""CO2"",""confidence"":0,""alarm"":false,""sensorVoltage"":[0.12206085,0.004020603,0.005001622,-0.002500868,-0.009573076,-0.011878354,-0.019420961,-0.025473963],""sensorGain"":[16,64,64,64,64,64,64,64],""sensorStatus"":[0,0,0,0,0,0,0,0],""featureOrder"":[""MQ8"",""MQ135"",""MQ3"",""MQ5"",""MQ4"",""MQ7"",""MQ6"",""MQ2""]},""alarmLatched"":false}"
2026-08-04 11:19:31.095 +07:00,729.976,HOT_SWEEP_70,70,700,300,1,0,0.122390807,0.004034025,0.005018743,-0.002533189,-0.009554514,-0.011893879,-0.019390499,-0.025469895,"{""deviceId"":""1001"",""nodeId"":4097,""targetChId"":""0010"",""mode"":""inference"",""uptimeMs"":7107417,""debugEnabled"":true,""power"":{""mode"":""24v"",""externalPower"":true,""batteryMv"":65535,""batteryValid"":false,""batteryDetected"":false,""batterySenseStatus"":""not_detected"",""batteryLow"":false,""batteryCritical"":false,""sourceAmbiguous"":false,""serviceHoldActive"":false,""serviceHoldEffective"":false},""batterySession"":{""state"":""inactive"",""startedMs"":0,""stateStartedMs"":0,""validSampleBatches"":0,""requiredSampleBatches"":10,""alarmTxAttempts"":0,""alarmTxAttemptLimit"":3,""alarmAckReceived"":false,""pendingAlarm"":false,""pendingSaveRequired"":false,""persistenceFaultHold"":false,""completionReason"":""session_done""},""bootHealth"":{""adsReady"":true,""adsDrdyLevel"":0,""adsDrdyPulldownLevel"":0,""adsDrdyPullupLevel"":0,""adsMisoPulldownLevel"":0,""adsMisoPullupLevel"":1,""adsCsLevel"":1,""adsSyncLevel"":1,""adsStatus"":54,""adsMux"":15,""adsAdcon"":6,""adsDrate"":240,""adsReason"":""ok"",""tcaOk"":true,""mcpOkCount"":8,""mcpOk"":[true,true,true,true,true,true,true,true],""mcpAddrMask"":[1,1,1,1,1,1,1,1],""mcpControlTested"":true,""mcpControlOkCount"":8,""mcpControlOk"":[true,true,true,true,true,true,true,true],""dacReady"":true,""radioReady"":true,""mlReady"":true,""nullingProfileApplied"":true,""modelProfileReady"":false},""runtimeMcpCode"":[255,519,795,706,799,865,665,139],""model"":{""profileId"":""cnn-dualbranch-datasheet-v1-unbound"",""scalerProfileId"":""cnn-dualbranch-datasheet-v1-unbound"",""productionApproved"":true,""boundNullingProfileId"":8,""activeNullingProfileId"":9,""bindingValid"":true,""bindingModelMatches"":true,""profileReady"":false,""inferenceValid"":false,""sensorFault"":true},""lora"":{""beginState"":0,""lastTxState"":0,""lastTxOk"":false,""txSeq"":0,""txCounter"":0,""aesKeyProvisioned"":true,""aesKeyPresent"":true,""aesKeySource"":""nvs"",""keyId"":1,""lastDownlinkCommandId"":0,""freqMHz"":920,""bwKHz"":125,""sf"":7,""cr"":5,""syncWord"":18,""txPowerDbm"":17,""preamble"":8,""tcxoVoltage"":1.600000024,""xtalVoltage"":0},""dataset"":{""state"":""idle"",""step"":""idle"",""label"":"""",""seq"":0,""targetSamples"":0,""sampleIntervalMs"":500,""maxDurationMs"":0,""useFanIntake"":true,""fanOnMs"":1000,""postFanSettleMs"":0,""nullingProfileId"":9,""queuePending"":0,""queueCapacity"":16,""queueEnqueued"":0,""queueDropped"":0,""publishFailCount"":0,""retryCount"":0,""retryFailCount"":0,""rejectedSamples"":0,""lastRejectReason"":""none"",""lastRejectChannel"":-1,""lastRejectOkFiniteCount"":0,""lastRejectStatus"":255,""lastRejectGain"":0,""lastRejectSaturated"":false},""recovery"":{""wifiReconnectCount"":0,""wifiReconnectFailCount"":0,""mqttReconnectCount"":0,""mqttConnectFailCount"":0,""lastMqttState"":0,""adsRecoveryCount"":0,""adsRecoveryFailCount"":0,""adsReadFailStreak"":0,""lastReason"":""none"",""lastRecoveryMs"":0,""bootRecoveryArmed"":false,""bootRecoveryDueMs"":0,""bootRecoveryReason"":""none"",""bootRecoveryNonAdsFailure"":false,""bootRecoveryRestartCount"":0},""nulling"":{""done"":false,""retryArmed"":false,""attemptCount"":0,""nextRetryMs"":0,""thresholdV"":9.999999747E-06,""minFinalV"":0},""telemetry"":{""valid"":true,""sampleMs"":7107020,""gasClass"":6,""gasName"":""CO2"",""confidence"":0,""alarm"":false,""sensorVoltage"":[0.122390807,0.004034025,0.005018743,-0.002533189,-0.009554514,-0.011893879,-0.019390499,-0.025469895],""sensorGain"":[16,64,64,64,64,64,64,64],""sensorStatus"":[0,0,0,0,0,0,0,0],""featureOrder"":[""MQ8"",""MQ135"",""MQ3"",""MQ5"",""MQ4"",""MQ7"",""MQ6"",""MQ2""]},""alarmLatched"":false}"
2026-08-04 11:19:31.808 +07:00,730.675,HOT_SWEEP_70,70,700,300,1,0,0.122445062,0.00411022,0.004994928,-0.002526318,-0.00955637,-0.011873139,-0.019362442,-0.025376042,"{""deviceId"":""1001"",""nodeId"":4097,""targetChId"":""0010"",""mode"":""inference"",""uptimeMs"":7108114,""debugEnabled"":true,""power"":{""mode"":""24v"",""externalPower"":true,""batteryMv"":65535,""batteryValid"":false,""batteryDetected"":false,""batterySenseStatus"":""not_detected"",""batteryLow"":false,""batteryCritical"":false,""sourceAmbiguous"":false,""serviceHoldActive"":false,""serviceHoldEffective"":false},""batterySession"":{""state"":""inactive"",""startedMs"":0,""stateStartedMs"":0,""validSampleBatches"":0,""requiredSampleBatches"":10,""alarmTxAttempts"":0,""alarmTxAttemptLimit"":3,""alarmAckReceived"":false,""pendingAlarm"":false,""pendingSaveRequired"":false,""persistenceFaultHold"":false,""completionReason"":""session_done""},""bootHealth"":{""adsReady"":true,""adsDrdyLevel"":0,""adsDrdyPulldownLevel"":0,""adsDrdyPullupLevel"":0,""adsMisoPulldownLevel"":0,""adsMisoPullupLevel"":1,""adsCsLevel"":1,""adsSyncLevel"":1,""adsStatus"":54,""adsMux"":15,""adsAdcon"":6,""adsDrate"":240,""adsReason"":""ok"",""tcaOk"":true,""mcpOkCount"":8,""mcpOk"":[true,true,true,true,true,true,true,true],""mcpAddrMask"":[1,1,1,1,1,1,1,1],""mcpControlTested"":true,""mcpControlOkCount"":8,""mcpControlOk"":[true,true,true,true,true,true,true,true],""dacReady"":true,""radioReady"":true,""mlReady"":true,""nullingProfileApplied"":true,""modelProfileReady"":false},""runtimeMcpCode"":[255,519,795,706,799,865,665,139],""model"":{""profileId"":""cnn-dualbranch-datasheet-v1-unbound"",""scalerProfileId"":""cnn-dualbranch-datasheet-v1-unbound"",""productionApproved"":true,""boundNullingProfileId"":8,""activeNullingProfileId"":9,""bindingValid"":true,""bindingModelMatches"":true,""profileReady"":false,""inferenceValid"":false,""sensorFault"":true},""lora"":{""beginState"":0,""lastTxState"":0,""lastTxOk"":false,""txSeq"":0,""txCounter"":0,""aesKeyProvisioned"":true,""aesKeyPresent"":true,""aesKeySource"":""nvs"",""keyId"":1,""lastDownlinkCommandId"":0,""freqMHz"":920,""bwKHz"":125,""sf"":7,""cr"":5,""syncWord"":18,""txPowerDbm"":17,""preamble"":8,""tcxoVoltage"":1.600000024,""xtalVoltage"":0},""dataset"":{""state"":""idle"",""step"":""idle"",""label"":"""",""seq"":0,""targetSamples"":0,""sampleIntervalMs"":500,""maxDurationMs"":0,""useFanIntake"":true,""fanOnMs"":1000,""postFanSettleMs"":0,""nullingProfileId"":9,""queuePending"":0,""queueCapacity"":16,""queueEnqueued"":0,""queueDropped"":0,""publishFailCount"":0,""retryCount"":0,""retryFailCount"":0,""rejectedSamples"":0,""lastRejectReason"":""none"",""lastRejectChannel"":-1,""lastRejectOkFiniteCount"":0,""lastRejectStatus"":255,""lastRejectGain"":0,""lastRejectSaturated"":false},""recovery"":{""wifiReconnectCount"":0,""wifiReconnectFailCount"":0,""mqttReconnectCount"":0,""mqttConnectFailCount"":0,""lastMqttState"":0,""adsRecoveryCount"":0,""adsRecoveryFailCount"":0,""adsReadFailStreak"":0,""lastReason"":""none"",""lastRecoveryMs"":0,""bootRecoveryArmed"":false,""bootRecoveryDueMs"":0,""bootRecoveryReason"":""none"",""bootRecoveryNonAdsFailure"":false,""bootRecoveryRestartCount"":0},""nulling"":{""done"":false,""retryArmed"":false,""attemptCount"":0,""nextRetryMs"":0,""thresholdV"":9.999999747E-06,""minFinalV"":0},""telemetry"":{""valid"":true,""sampleMs"":7107727,""gasClass"":6,""gasName"":""CO2"",""confidence"":0,""alarm"":false,""sensorVoltage"":[0.122445062,0.00411022,0.004994928,-0.002526318,-0.00955637,-0.011873139,-0.019362442,-0.025376042],""sensorGain"":[16,64,64,64,64,64,64,64],""sensorStatus"":[0,0,0,0,0,0,0,0],""featureOrder"":[""MQ8"",""MQ135"",""MQ3"",""MQ5"",""MQ4"",""MQ7"",""MQ6"",""MQ2""]},""alarmLatched"":false}"
2026-08-04 11:19:32.518 +07:00,731.383,HOT_SWEEP_70,70,700,300,1,0,0.123097375,0.004107818,0.005006031,-0.002492967,-0.009290321,-0.011565747,-0.019341486,-0.025345866,"{""deviceId"":""1001"",""nodeId"":4097,""targetChId"":""0010"",""mode"":""inference"",""uptimeMs"":7108822,""debugEnabled"":true,""power"":{""mode"":""24v"",""externalPower"":true,""batteryMv"":65535,""batteryValid"":false,""batteryDetected"":false,""batterySenseStatus"":""not_detected"",""batteryLow"":false,""batteryCritical"":false,""sourceAmbiguous"":false,""serviceHoldActive"":false,""serviceHoldEffective"":false},""batterySession"":{""state"":""inactive"",""startedMs"":0,""stateStartedMs"":0,""validSampleBatches"":0,""requiredSampleBatches"":10,""alarmTxAttempts"":0,""alarmTxAttemptLimit"":3,""alarmAckReceived"":false,""pendingAlarm"":false,""pendingSaveRequired"":false,""persistenceFaultHold"":false,""completionReason"":""session_done""},""bootHealth"":{""adsReady"":true,""adsDrdyLevel"":0,""adsDrdyPulldownLevel"":0,""adsDrdyPullupLevel"":0,""adsMisoPulldownLevel"":0,""adsMisoPullupLevel"":1,""adsCsLevel"":1,""adsSyncLevel"":1,""adsStatus"":54,""adsMux"":15,""adsAdcon"":6,""adsDrate"":240,""adsReason"":""ok"",""tcaOk"":true,""mcpOkCount"":8,""mcpOk"":[true,true,true,true,true,true,true,true],""mcpAddrMask"":[1,1,1,1,1,1,1,1],""mcpControlTested"":true,""mcpControlOkCount"":8,""mcpControlOk"":[true,true,true,true,true,true,true,true],""dacReady"":true,""radioReady"":true,""mlReady"":true,""nullingProfileApplied"":true,""modelProfileReady"":false},""runtimeMcpCode"":[255,519,795,706,799,865,665,139],""model"":{""profileId"":""cnn-dualbranch-datasheet-v1-unbound"",""scalerProfileId"":""cnn-dualbranch-datasheet-v1-unbound"",""productionApproved"":true,""boundNullingProfileId"":8,""activeNullingProfileId"":9,""bindingValid"":true,""bindingModelMatches"":true,""profileReady"":false,""inferenceValid"":false,""sensorFault"":true},""lora"":{""beginState"":0,""lastTxState"":0,""lastTxOk"":false,""txSeq"":0,""txCounter"":0,""aesKeyProvisioned"":true,""aesKeyPresent"":true,""aesKeySource"":""nvs"",""keyId"":1,""lastDownlinkCommandId"":0,""freqMHz"":920,""bwKHz"":125,""sf"":7,""cr"":5,""syncWord"":18,""txPowerDbm"":17,""preamble"":8,""tcxoVoltage"":1.600000024,""xtalVoltage"":0},""dataset"":{""state"":""idle"",""step"":""idle"",""label"":"""",""seq"":0,""targetSamples"":0,""sampleIntervalMs"":500,""maxDurationMs"":0,""useFanIntake"":true,""fanOnMs"":1000,""postFanSettleMs"":0,""nullingProfileId"":9,""queuePending"":0,""queueCapacity"":16,""queueEnqueued"":0,""queueDropped"":0,""publishFailCount"":0,""retryCount"":0,""retryFailCount"":0,""rejectedSamples"":0,""lastRejectReason"":""none"",""lastRejectChannel"":-1,""lastRejectOkFiniteCount"":0,""lastRejectStatus"":255,""lastRejectGain"":0,""lastRejectSaturated"":false},""recovery"":{""wifiReconnectCount"":0,""wifiReconnectFailCount"":0,""mqttReconnectCount"":0,""mqttConnectFailCount"":0,""lastMqttState"":0,""adsRecoveryCount"":0,""adsRecoveryFailCount"":0,""adsReadFailStreak"":0,""lastReason"":""none"",""lastRecoveryMs"":0,""bootRecoveryArmed"":false,""bootRecoveryDueMs"":0,""bootRecoveryReason"":""none"",""bootRecoveryNonAdsFailure"":false,""bootRecoveryRestartCount"":0},""nulling"":{""done"":false,""retryArmed"":false,""attemptCount"":0,""nextRetryMs"":0,""thresholdV"":9.999999747E-06,""minFinalV"":0},""telemetry"":{""valid"":true,""sampleMs"":7108392,""gasClass"":6,""gasName"":""CO2"",""confidence"":0,""alarm"":false,""sensorVoltage"":[0.123097375,0.004107818,0.005006031,-0.002492967,-0.009290321,-0.011565747,-0.019341486,-0.025345866],""sensorGain"":[16,64,64,64,64,64,64,64],""sensorStatus"":[0,0,0,0,0,0,0,0],""featureOrder"":[""MQ8"",""MQ135"",""MQ3"",""MQ5"",""MQ4"",""MQ7"",""MQ6"",""MQ2""]},""alarmLatched"":false}"
2026-08-04 11:19:33.225 +07:00,732.096,HOT_SWEEP_70,70,700,300,1,0,0.12313547,0.004103605,0.004965811,-0.002497542,-0.009291031,-0.011578412,-0.019362729,-0.025336469,"{""deviceId"":""1001"",""nodeId"":4097,""targetChId"":""0010"",""mode"":""inference"",""uptimeMs"":7109533,""debugEnabled"":true,""power"":{""mode"":""24v"",""externalPower"":true,""batteryMv"":65535,""batteryValid"":false,""batteryDetected"":false,""batterySenseStatus"":""not_detected"",""batteryLow"":false,""batteryCritical"":false,""sourceAmbiguous"":false,""serviceHoldActive"":false,""serviceHoldEffective"":false},""batterySession"":{""state"":""inactive"",""startedMs"":0,""stateStartedMs"":0,""validSampleBatches"":0,""requiredSampleBatches"":10,""alarmTxAttempts"":0,""alarmTxAttemptLimit"":3,""alarmAckReceived"":false,""pendingAlarm"":false,""pendingSaveRequired"":false,""persistenceFaultHold"":false,""completionReason"":""session_done""},""bootHealth"":{""adsReady"":true,""adsDrdyLevel"":0,""adsDrdyPulldownLevel"":0,""adsDrdyPullupLevel"":0,""adsMisoPulldownLevel"":0,""adsMisoPullupLevel"":1,""adsCsLevel"":1,""adsSyncLevel"":1,""adsStatus"":54,""adsMux"":15,""adsAdcon"":6,""adsDrate"":240,""adsReason"":""ok"",""tcaOk"":true,""mcpOkCount"":8,""mcpOk"":[true,true,true,true,true,true,true,true],""mcpAddrMask"":[1,1,1,1,1,1,1,1],""mcpControlTested"":true,""mcpControlOkCount"":8,""mcpControlOk"":[true,true,true,true,true,true,true,true],""dacReady"":true,""radioReady"":true,""mlReady"":true,""nullingProfileApplied"":true,""modelProfileReady"":false},""runtimeMcpCode"":[255,519,795,706,799,865,665,139],""model"":{""profileId"":""cnn-dualbranch-datasheet-v1-unbound"",""scalerProfileId"":""cnn-dualbranch-datasheet-v1-unbound"",""productionApproved"":true,""boundNullingProfileId"":8,""activeNullingProfileId"":9,""bindingValid"":true,""bindingModelMatches"":true,""profileReady"":false,""inferenceValid"":false,""sensorFault"":true},""lora"":{""beginState"":0,""lastTxState"":0,""lastTxOk"":false,""txSeq"":0,""txCounter"":0,""aesKeyProvisioned"":true,""aesKeyPresent"":true,""aesKeySource"":""nvs"",""keyId"":1,""lastDownlinkCommandId"":0,""freqMHz"":920,""bwKHz"":125,""sf"":7,""cr"":5,""syncWord"":18,""txPowerDbm"":17,""preamble"":8,""tcxoVoltage"":1.600000024,""xtalVoltage"":0},""dataset"":{""state"":""idle"",""step"":""idle"",""label"":"""",""seq"":0,""targetSamples"":0,""sampleIntervalMs"":500,""maxDurationMs"":0,""useFanIntake"":true,""fanOnMs"":1000,""postFanSettleMs"":0,""nullingProfileId"":9,""queuePending"":0,""queueCapacity"":16,""queueEnqueued"":0,""queueDropped"":0,""publishFailCount"":0,""retryCount"":0,""retryFailCount"":0,""rejectedSamples"":0,""lastRejectReason"":""none"",""lastRejectChannel"":-1,""lastRejectOkFiniteCount"":0,""lastRejectStatus"":255,""lastRejectGain"":0,""lastRejectSaturated"":false},""recovery"":{""wifiReconnectCount"":0,""wifiReconnectFailCount"":0,""mqttReconnectCount"":0,""mqttConnectFailCount"":0,""lastMqttState"":0,""adsRecoveryCount"":0,""adsRecoveryFailCount"":0,""adsReadFailStreak"":0,""lastReason"":""none"",""lastRecoveryMs"":0,""bootRecoveryArmed"":false,""bootRecoveryDueMs"":0,""bootRecoveryReason"":""none"",""bootRecoveryNonAdsFailure"":false,""bootRecoveryRestartCount"":0},""nulling"":{""done"":false,""retryArmed"":false,""attemptCount"":0,""nextRetryMs"":0,""thresholdV"":9.999999747E-06,""minFinalV"":0},""telemetry"":{""valid"":true,""sampleMs"":7109100,""gasClass"":6,""gasName"":""CO2"",""confidence"":0,""alarm"":false,""sensorVoltage"":[0.12313547,0.004103605,0.004965811,-0.002497542,-0.009291031,-0.011578412,-0.019362729,-0.025336469],""sensorGain"":[16,64,64,64,64,64,64,64],""sensorStatus"":[0,0,0,0,0,0,0,0],""featureOrder"":[""MQ8"",""MQ135"",""MQ3"",""MQ5"",""MQ4"",""MQ7"",""MQ6"",""MQ2""]},""alarmLatched"":false}"
2026-08-04 11:19:33.916 +07:00,732.789,HOT_SWEEP_70,70,700,300,1,0,0.123759009,0.00410478,0.004916839,-0.002501023,-0.009297805,-0.011577905,-0.019403229,-0.025345784,"{""deviceId"":""1001"",""nodeId"":4097,""targetChId"":""0010"",""mode"":""inference"",""uptimeMs"":7110232,""debugEnabled"":true,""power"":{""mode"":""24v"",""externalPower"":true,""batteryMv"":65535,""batteryValid"":false,""batteryDetected"":false,""batterySenseStatus"":""not_detected"",""batteryLow"":false,""batteryCritical"":false,""sourceAmbiguous"":false,""serviceHoldActive"":false,""serviceHoldEffective"":false},""batterySession"":{""state"":""inactive"",""startedMs"":0,""stateStartedMs"":0,""validSampleBatches"":0,""requiredSampleBatches"":10,""alarmTxAttempts"":0,""alarmTxAttemptLimit"":3,""alarmAckReceived"":false,""pendingAlarm"":false,""pendingSaveRequired"":false,""persistenceFaultHold"":false,""completionReason"":""session_done""},""bootHealth"":{""adsReady"":true,""adsDrdyLevel"":0,""adsDrdyPulldownLevel"":0,""adsDrdyPullupLevel"":0,""adsMisoPulldownLevel"":0,""adsMisoPullupLevel"":1,""adsCsLevel"":1,""adsSyncLevel"":1,""adsStatus"":54,""adsMux"":15,""adsAdcon"":6,""adsDrate"":240,""adsReason"":""ok"",""tcaOk"":true,""mcpOkCount"":8,""mcpOk"":[true,true,true,true,true,true,true,true],""mcpAddrMask"":[1,1,1,1,1,1,1,1],""mcpControlTested"":true,""mcpControlOkCount"":8,""mcpControlOk"":[true,true,true,true,true,true,true,true],""dacReady"":true,""radioReady"":true,""mlReady"":true,""nullingProfileApplied"":true,""modelProfileReady"":false},""runtimeMcpCode"":[255,519,795,706,799,865,665,139],""model"":{""profileId"":""cnn-dualbranch-datasheet-v1-unbound"",""scalerProfileId"":""cnn-dualbranch-datasheet-v1-unbound"",""productionApproved"":true,""boundNullingProfileId"":8,""activeNullingProfileId"":9,""bindingValid"":true,""bindingModelMatches"":true,""profileReady"":false,""inferenceValid"":false,""sensorFault"":true},""lora"":{""beginState"":0,""lastTxState"":0,""lastTxOk"":false,""txSeq"":0,""txCounter"":0,""aesKeyProvisioned"":true,""aesKeyPresent"":true,""aesKeySource"":""nvs"",""keyId"":1,""lastDownlinkCommandId"":0,""freqMHz"":920,""bwKHz"":125,""sf"":7,""cr"":5,""syncWord"":18,""txPowerDbm"":17,""preamble"":8,""tcxoVoltage"":1.600000024,""xtalVoltage"":0},""dataset"":{""state"":""idle"",""step"":""idle"",""label"":"""",""seq"":0,""targetSamples"":0,""sampleIntervalMs"":500,""maxDurationMs"":0,""useFanIntake"":true,""fanOnMs"":1000,""postFanSettleMs"":0,""nullingProfileId"":9,""queuePending"":0,""queueCapacity"":16,""queueEnqueued"":0,""queueDropped"":0,""publishFailCount"":0,""retryCount"":0,""retryFailCount"":0,""rejectedSamples"":0,""lastRejectReason"":""none"",""lastRejectChannel"":-1,""lastRejectOkFiniteCount"":0,""lastRejectStatus"":255,""lastRejectGain"":0,""lastRejectSaturated"":false},""recovery"":{""wifiReconnectCount"":0,""wifiReconnectFailCount"":0,""mqttReconnectCount"":0,""mqttConnectFailCount"":0,""lastMqttState"":0,""adsRecoveryCount"":0,""adsRecoveryFailCount"":0,""adsReadFailStreak"":0,""lastReason"":""none"",""lastRecoveryMs"":0,""bootRecoveryArmed"":false,""bootRecoveryDueMs"":0,""bootRecoveryReason"":""none"",""bootRecoveryNonAdsFailure"":false,""bootRecoveryRestartCount"":0},""nulling"":{""done"":false,""retryArmed"":false,""attemptCount"":0,""nextRetryMs"":0,""thresholdV"":9.999999747E-06,""minFinalV"":0},""telemetry"":{""valid"":true,""sampleMs"":7109843,""gasClass"":6,""gasName"":""CO2"",""confidence"":0,""alarm"":false,""sensorVoltage"":[0.123759009,0.00410478,0.004916839,-0.002501023,-0.009297805,-0.011577905,-0.019403229,-0.025345784],""sensorGain"":[16,64,64,64,64,64,64,64],""sensorStatus"":[0,0,0,0,0,0,0,0],""featureOrder"":[""MQ8"",""MQ135"",""MQ3"",""MQ5"",""MQ4"",""MQ7"",""MQ6"",""MQ2""]},""alarmLatched"":false}"
2026-08-04 11:19:34.615 +07:00,733.470,HOT_SWEEP_70,70,700,300,1,0,0.123782441,0.004106767,0.004926343,-0.002494195,-0.009285745,-0.011557413,-0.019441236,-0.02531134,"{""deviceId"":""1001"",""nodeId"":4097,""targetChId"":""0010"",""mode"":""inference"",""uptimeMs"":7110922,""debugEnabled"":true,""power"":{""mode"":""24v"",""externalPower"":true,""batteryMv"":65535,""batteryValid"":false,""batteryDetected"":false,""batterySenseStatus"":""not_detected"",""batteryLow"":false,""batteryCritical"":false,""sourceAmbiguous"":false,""serviceHoldActive"":false,""serviceHoldEffective"":false},""batterySession"":{""state"":""inactive"",""startedMs"":0,""stateStartedMs"":0,""validSampleBatches"":0,""requiredSampleBatches"":10,""alarmTxAttempts"":0,""alarmTxAttemptLimit"":3,""alarmAckReceived"":false,""pendingAlarm"":false,""pendingSaveRequired"":false,""persistenceFaultHold"":false,""completionReason"":""session_done""},""bootHealth"":{""adsReady"":true,""adsDrdyLevel"":0,""adsDrdyPulldownLevel"":0,""adsDrdyPullupLevel"":0,""adsMisoPulldownLevel"":0,""adsMisoPullupLevel"":1,""adsCsLevel"":1,""adsSyncLevel"":1,""adsStatus"":54,""adsMux"":15,""adsAdcon"":6,""adsDrate"":240,""adsReason"":""ok"",""tcaOk"":true,""mcpOkCount"":8,""mcpOk"":[true,true,true,true,true,true,true,true],""mcpAddrMask"":[1,1,1,1,1,1,1,1],""mcpControlTested"":true,""mcpControlOkCount"":8,""mcpControlOk"":[true,true,true,true,true,true,true,true],""dacReady"":true,""radioReady"":true,""mlReady"":true,""nullingProfileApplied"":true,""modelProfileReady"":false},""runtimeMcpCode"":[255,519,795,706,799,865,665,139],""model"":{""profileId"":""cnn-dualbranch-datasheet-v1-unbound"",""scalerProfileId"":""cnn-dualbranch-datasheet-v1-unbound"",""productionApproved"":true,""boundNullingProfileId"":8,""activeNullingProfileId"":9,""bindingValid"":true,""bindingModelMatches"":true,""profileReady"":false,""inferenceValid"":false,""sensorFault"":true},""lora"":{""beginState"":0,""lastTxState"":0,""lastTxOk"":false,""txSeq"":0,""txCounter"":0,""aesKeyProvisioned"":true,""aesKeyPresent"":true,""aesKeySource"":""nvs"",""keyId"":1,""lastDownlinkCommandId"":0,""freqMHz"":920,""bwKHz"":125,""sf"":7,""cr"":5,""syncWord"":18,""txPowerDbm"":17,""preamble"":8,""tcxoVoltage"":1.600000024,""xtalVoltage"":0},""dataset"":{""state"":""idle"",""step"":""idle"",""label"":"""",""seq"":0,""targetSamples"":0,""sampleIntervalMs"":500,""maxDurationMs"":0,""useFanIntake"":true,""fanOnMs"":1000,""postFanSettleMs"":0,""nullingProfileId"":9,""queuePending"":0,""queueCapacity"":16,""queueEnqueued"":0,""queueDropped"":0,""publishFailCount"":0,""retryCount"":0,""retryFailCount"":0,""rejectedSamples"":0,""lastRejectReason"":""none"",""lastRejectChannel"":-1,""lastRejectOkFiniteCount"":0,""lastRejectStatus"":255,""lastRejectGain"":0,""lastRejectSaturated"":false},""recovery"":{""wifiReconnectCount"":0,""wifiReconnectFailCount"":0,""mqttReconnectCount"":0,""mqttConnectFailCount"":0,""lastMqttState"":0,""adsRecoveryCount"":0,""adsRecoveryFailCount"":0,""adsReadFailStreak"":0,""lastReason"":""none"",""lastRecoveryMs"":0,""bootRecoveryArmed"":false,""bootRecoveryDueMs"":0,""bootRecoveryReason"":""none"",""bootRecoveryNonAdsFailure"":false,""bootRecoveryRestartCount"":0},""nulling"":{""done"":false,""retryArmed"":false,""attemptCount"":0,""nextRetryMs"":0,""thresholdV"":9.999999747E-06,""minFinalV"":0},""telemetry"":{""valid"":true,""sampleMs"":7110510,""gasClass"":6,""gasName"":""CO2"",""confidence"":0,""alarm"":false,""sensorVoltage"":[0.123782441,0.004106767,0.004926343,-0.002494195,-0.009285745,-0.011557413,-0.019441236,-0.02531134],""sensorGain"":[16,64,64,64,64,64,64,64],""sensorStatus"":[0,0,0,0,0,0,0,0],""featureOrder"":[""MQ8"",""MQ135"",""MQ3"",""MQ5"",""MQ4"",""MQ7"",""MQ6"",""MQ2""]},""alarmLatched"":false}"
2026-08-04 11:19:35.313 +07:00,734.182,HOT_SWEEP_70,70,700,300,1,0,0.124123678,0.004105383,0.004887472,-0.002538482,-0.009296794,-0.01156333,-0.019431481,-0.025324399,"{""deviceId"":""1001"",""nodeId"":4097,""targetChId"":""0010"",""mode"":""inference"",""uptimeMs"":7111621,""debugEnabled"":true,""power"":{""mode"":""24v"",""externalPower"":true,""batteryMv"":65535,""batteryValid"":false,""batteryDetected"":false,""batterySenseStatus"":""not_detected"",""batteryLow"":false,""batteryCritical"":false,""sourceAmbiguous"":false,""serviceHoldActive"":false,""serviceHoldEffective"":false},""batterySession"":{""state"":""inactive"",""startedMs"":0,""stateStartedMs"":0,""validSampleBatches"":0,""requiredSampleBatches"":10,""alarmTxAttempts"":0,""alarmTxAttemptLimit"":3,""alarmAckReceived"":false,""pendingAlarm"":false,""pendingSaveRequired"":false,""persistenceFaultHold"":false,""completionReason"":""session_done""},""bootHealth"":{""adsReady"":true,""adsDrdyLevel"":0,""adsDrdyPulldownLevel"":0,""adsDrdyPullupLevel"":0,""adsMisoPulldownLevel"":0,""adsMisoPullupLevel"":1,""adsCsLevel"":1,""adsSyncLevel"":1,""adsStatus"":54,""adsMux"":15,""adsAdcon"":6,""adsDrate"":240,""adsReason"":""ok"",""tcaOk"":true,""mcpOkCount"":8,""mcpOk"":[true,true,true,true,true,true,true,true],""mcpAddrMask"":[1,1,1,1,1,1,1,1],""mcpControlTested"":true,""mcpControlOkCount"":8,""mcpControlOk"":[true,true,true,true,true,true,true,true],""dacReady"":true,""radioReady"":true,""mlReady"":true,""nullingProfileApplied"":true,""modelProfileReady"":false},""runtimeMcpCode"":[255,519,795,706,799,865,665,139],""model"":{""profileId"":""cnn-dualbranch-datasheet-v1-unbound"",""scalerProfileId"":""cnn-dualbranch-datasheet-v1-unbound"",""productionApproved"":true,""boundNullingProfileId"":8,""activeNullingProfileId"":9,""bindingValid"":true,""bindingModelMatches"":true,""profileReady"":false,""inferenceValid"":false,""sensorFault"":true},""lora"":{""beginState"":0,""lastTxState"":0,""lastTxOk"":false,""txSeq"":0,""txCounter"":0,""aesKeyProvisioned"":true,""aesKeyPresent"":true,""aesKeySource"":""nvs"",""keyId"":1,""lastDownlinkCommandId"":0,""freqMHz"":920,""bwKHz"":125,""sf"":7,""cr"":5,""syncWord"":18,""txPowerDbm"":17,""preamble"":8,""tcxoVoltage"":1.600000024,""xtalVoltage"":0},""dataset"":{""state"":""idle"",""step"":""idle"",""label"":"""",""seq"":0,""targetSamples"":0,""sampleIntervalMs"":500,""maxDurationMs"":0,""useFanIntake"":true,""fanOnMs"":1000,""postFanSettleMs"":0,""nullingProfileId"":9,""queuePending"":0,""queueCapacity"":16,""queueEnqueued"":0,""queueDropped"":0,""publishFailCount"":0,""retryCount"":0,""retryFailCount"":0,""rejectedSamples"":0,""lastRejectReason"":""none"",""lastRejectChannel"":-1,""lastRejectOkFiniteCount"":0,""lastRejectStatus"":255,""lastRejectGain"":0,""lastRejectSaturated"":false},""recovery"":{""wifiReconnectCount"":0,""wifiReconnectFailCount"":0,""mqttReconnectCount"":0,""mqttConnectFailCount"":0,""lastMqttState"":0,""adsRecoveryCount"":0,""adsRecoveryFailCount"":0,""adsReadFailStreak"":0,""lastReason"":""none"",""lastRecoveryMs"":0,""bootRecoveryArmed"":false,""bootRecoveryDueMs"":0,""bootRecoveryReason"":""none"",""bootRecoveryNonAdsFailure"":false,""bootRecoveryRestartCount"":0},""nulling"":{""done"":false,""retryArmed"":false,""attemptCount"":0,""nextRetryMs"":0,""thresholdV"":9.999999747E-06,""minFinalV"":0},""telemetry"":{""valid"":true,""sampleMs"":7111200,""gasClass"":6,""gasName"":""CO2"",""confidence"":0,""alarm"":false,""sensorVoltage"":[0.124123678,0.004105383,0.004887472,-0.002538482,-0.009296794,-0.01156333,-0.019431481,-0.025324399],""sensorGain"":[16,64,64,64,64,64,64,64],""sensorStatus"":[0,0,0,0,0,0,0,0],""featureOrder"":[""MQ8"",""MQ135"",""MQ3"",""MQ5"",""MQ4"",""MQ7"",""MQ6"",""MQ2""]},""alarmLatched"":false}"
2026-08-04 11:19:36.001 +07:00,734.871,HOT_SWEEP_70,70,700,300,1,0,0.124377415,0.004099416,0.004779329,-0.00248159,-0.009280784,-0.011567888,-0.019428294,-0.025302073,"{""deviceId"":""1001"",""nodeId"":4097,""targetChId"":""0010"",""mode"":""inference"",""uptimeMs"":7112310,""debugEnabled"":true,""power"":{""mode"":""24v"",""externalPower"":true,""batteryMv"":65535,""batteryValid"":false,""batteryDetected"":false,""batterySenseStatus"":""not_detected"",""batteryLow"":false,""batteryCritical"":false,""sourceAmbiguous"":false,""serviceHoldActive"":false,""serviceHoldEffective"":false},""batterySession"":{""state"":""inactive"",""startedMs"":0,""stateStartedMs"":0,""validSampleBatches"":0,""requiredSampleBatches"":10,""alarmTxAttempts"":0,""alarmTxAttemptLimit"":3,""alarmAckReceived"":false,""pendingAlarm"":false,""pendingSaveRequired"":false,""persistenceFaultHold"":false,""completionReason"":""session_done""},""bootHealth"":{""adsReady"":true,""adsDrdyLevel"":0,""adsDrdyPulldownLevel"":0,""adsDrdyPullupLevel"":0,""adsMisoPulldownLevel"":0,""adsMisoPullupLevel"":1,""adsCsLevel"":1,""adsSyncLevel"":1,""adsStatus"":54,""adsMux"":15,""adsAdcon"":6,""adsDrate"":240,""adsReason"":""ok"",""tcaOk"":true,""mcpOkCount"":8,""mcpOk"":[true,true,true,true,true,true,true,true],""mcpAddrMask"":[1,1,1,1,1,1,1,1],""mcpControlTested"":true,""mcpControlOkCount"":8,""mcpControlOk"":[true,true,true,true,true,true,true,true],""dacReady"":true,""radioReady"":true,""mlReady"":true,""nullingProfileApplied"":true,""modelProfileReady"":false},""runtimeMcpCode"":[255,519,795,706,799,865,665,139],""model"":{""profileId"":""cnn-dualbranch-datasheet-v1-unbound"",""scalerProfileId"":""cnn-dualbranch-datasheet-v1-unbound"",""productionApproved"":true,""boundNullingProfileId"":8,""activeNullingProfileId"":9,""bindingValid"":true,""bindingModelMatches"":true,""profileReady"":false,""inferenceValid"":false,""sensorFault"":true},""lora"":{""beginState"":0,""lastTxState"":0,""lastTxOk"":false,""txSeq"":0,""txCounter"":0,""aesKeyProvisioned"":true,""aesKeyPresent"":true,""aesKeySource"":""nvs"",""keyId"":1,""lastDownlinkCommandId"":0,""freqMHz"":920,""bwKHz"":125,""sf"":7,""cr"":5,""syncWord"":18,""txPowerDbm"":17,""preamble"":8,""tcxoVoltage"":1.600000024,""xtalVoltage"":0},""dataset"":{""state"":""idle"",""step"":""idle"",""label"":"""",""seq"":0,""targetSamples"":0,""sampleIntervalMs"":500,""maxDurationMs"":0,""useFanIntake"":true,""fanOnMs"":1000,""postFanSettleMs"":0,""nullingProfileId"":9,""queuePending"":0,""queueCapacity"":16,""queueEnqueued"":0,""queueDropped"":0,""publishFailCount"":0,""retryCount"":0,""retryFailCount"":0,""rejectedSamples"":0,""lastRejectReason"":""none"",""lastRejectChannel"":-1,""lastRejectOkFiniteCount"":0,""lastRejectStatus"":255,""lastRejectGain"":0,""lastRejectSaturated"":false},""recovery"":{""wifiReconnectCount"":0,""wifiReconnectFailCount"":0,""mqttReconnectCount"":0,""mqttConnectFailCount"":0,""lastMqttState"":0,""adsRecoveryCount"":0,""adsRecoveryFailCount"":0,""adsReadFailStreak"":0,""lastReason"":""none"",""lastRecoveryMs"":0,""bootRecoveryArmed"":false,""bootRecoveryDueMs"":0,""bootRecoveryReason"":""none"",""bootRecoveryNonAdsFailure"":false,""bootRecoveryRestartCount"":0},""nulling"":{""done"":false,""retryArmed"":false,""attemptCount"":0,""nextRetryMs"":0,""thresholdV"":9.999999747E-06,""minFinalV"":0},""telemetry"":{""valid"":true,""sampleMs"":7111931,""gasClass"":6,""gasName"":""CO2"",""confidence"":0,""alarm"":false,""sensorVoltage"":[0.124377415,0.004099416,0.004779329,-0.00248159,-0.009280784,-0.011567888,-0.019428294,-0.025302073],""sensorGain"":[16,64,64,64,64,64,64,64],""sensorStatus"":[0,0,0,0,0,0,0,0],""featureOrder"":[""MQ8"",""MQ135"",""MQ3"",""MQ5"",""MQ4"",""MQ7"",""MQ6"",""MQ2""]},""alarmLatched"":false}"
2026-08-04 11:19:36.706 +07:00,735.562,HOT_SWEEP_70,70,700,300,1,0,0.124693848,0.004101868,0.004865919,-0.002463908,-0.009280813,-0.011573377,-0.019444969,-0.025295844,"{""deviceId"":""1001"",""nodeId"":4097,""targetChId"":""0010"",""mode"":""inference"",""uptimeMs"":7113001,""debugEnabled"":true,""power"":{""mode"":""24v"",""externalPower"":true,""batteryMv"":65535,""batteryValid"":false,""batteryDetected"":false,""batterySenseStatus"":""not_detected"",""batteryLow"":false,""batteryCritical"":false,""sourceAmbiguous"":false,""serviceHoldActive"":false,""serviceHoldEffective"":false},""batterySession"":{""state"":""inactive"",""startedMs"":0,""stateStartedMs"":0,""validSampleBatches"":0,""requiredSampleBatches"":10,""alarmTxAttempts"":0,""alarmTxAttemptLimit"":3,""alarmAckReceived"":false,""pendingAlarm"":false,""pendingSaveRequired"":false,""persistenceFaultHold"":false,""completionReason"":""session_done""},""bootHealth"":{""adsReady"":true,""adsDrdyLevel"":0,""adsDrdyPulldownLevel"":0,""adsDrdyPullupLevel"":0,""adsMisoPulldownLevel"":0,""adsMisoPullupLevel"":1,""adsCsLevel"":1,""adsSyncLevel"":1,""adsStatus"":54,""adsMux"":15,""adsAdcon"":6,""adsDrate"":240,""adsReason"":""ok"",""tcaOk"":true,""mcpOkCount"":8,""mcpOk"":[true,true,true,true,true,true,true,true],""mcpAddrMask"":[1,1,1,1,1,1,1,1],""mcpControlTested"":true,""mcpControlOkCount"":8,""mcpControlOk"":[true,true,true,true,true,true,true,true],""dacReady"":true,""radioReady"":true,""mlReady"":true,""nullingProfileApplied"":true,""modelProfileReady"":false},""runtimeMcpCode"":[255,519,795,706,799,865,665,139],""model"":{""profileId"":""cnn-dualbranch-datasheet-v1-unbound"",""scalerProfileId"":""cnn-dualbranch-datasheet-v1-unbound"",""productionApproved"":true,""boundNullingProfileId"":8,""activeNullingProfileId"":9,""bindingValid"":true,""bindingModelMatches"":true,""profileReady"":false,""inferenceValid"":false,""sensorFault"":true},""lora"":{""beginState"":0,""lastTxState"":0,""lastTxOk"":false,""txSeq"":0,""txCounter"":0,""aesKeyProvisioned"":true,""aesKeyPresent"":true,""aesKeySource"":""nvs"",""keyId"":1,""lastDownlinkCommandId"":0,""freqMHz"":920,""bwKHz"":125,""sf"":7,""cr"":5,""syncWord"":18,""txPowerDbm"":17,""preamble"":8,""tcxoVoltage"":1.600000024,""xtalVoltage"":0},""dataset"":{""state"":""idle"",""step"":""idle"",""label"":"""",""seq"":0,""targetSamples"":0,""sampleIntervalMs"":500,""maxDurationMs"":0,""useFanIntake"":true,""fanOnMs"":1000,""postFanSettleMs"":0,""nullingProfileId"":9,""queuePending"":0,""queueCapacity"":16,""queueEnqueued"":0,""queueDropped"":0,""publishFailCount"":0,""retryCount"":0,""retryFailCount"":0,""rejectedSamples"":0,""lastRejectReason"":""none"",""lastRejectChannel"":-1,""lastRejectOkFiniteCount"":0,""lastRejectStatus"":255,""lastRejectGain"":0,""lastRejectSaturated"":false},""recovery"":{""wifiReconnectCount"":0,""wifiReconnectFailCount"":0,""mqttReconnectCount"":0,""mqttConnectFailCount"":0,""lastMqttState"":0,""adsRecoveryCount"":0,""adsRecoveryFailCount"":0,""adsReadFailStreak"":0,""lastReason"":""none"",""lastRecoveryMs"":0,""bootRecoveryArmed"":false,""bootRecoveryDueMs"":0,""bootRecoveryReason"":""none"",""bootRecoveryNonAdsFailure"":false,""bootRecoveryRestartCount"":0},""nulling"":{""done"":false,""retryArmed"":false,""attemptCount"":0,""nextRetryMs"":0,""thresholdV"":9.999999747E-06,""minFinalV"":0},""telemetry"":{""valid"":true,""sampleMs"":7112588,""gasClass"":6,""gasName"":""CO2"",""confidence"":0,""alarm"":false,""sensorVoltage"":[0.124693848,0.004101868,0.004865919,-0.002463908,-0.009280813,-0.011573377,-0.019444969,-0.025295844],""sensorGain"":[16,64,64,64,64,64,64,64],""sensorStatus"":[0,0,0,0,0,0,0,0],""featureOrder"":[""MQ8"",""MQ135"",""MQ3"",""MQ5"",""MQ4"",""MQ7"",""MQ6"",""MQ2""]},""alarmLatched"":false}"
2026-08-04 11:19:37.410 +07:00,736.282,HOT_SWEEP_70,70,700,300,1,0,0.124864541,0.004055788,0.004852831,-0.002511226,-0.009328189,-0.011586015,-0.019447371,-0.025300538,"{""deviceId"":""1001"",""nodeId"":4097,""targetChId"":""0010"",""mode"":""inference"",""uptimeMs"":7113721,""debugEnabled"":true,""power"":{""mode"":""24v"",""externalPower"":true,""batteryMv"":65535,""batteryValid"":false,""batteryDetected"":false,""batterySenseStatus"":""not_detected"",""batteryLow"":false,""batteryCritical"":false,""sourceAmbiguous"":false,""serviceHoldActive"":false,""serviceHoldEffective"":false},""batterySession"":{""state"":""inactive"",""startedMs"":0,""stateStartedMs"":0,""validSampleBatches"":0,""requiredSampleBatches"":10,""alarmTxAttempts"":0,""alarmTxAttemptLimit"":3,""alarmAckReceived"":false,""pendingAlarm"":false,""pendingSaveRequired"":false,""persistenceFaultHold"":false,""completionReason"":""session_done""},""bootHealth"":{""adsReady"":true,""adsDrdyLevel"":0,""adsDrdyPulldownLevel"":0,""adsDrdyPullupLevel"":0,""adsMisoPulldownLevel"":0,""adsMisoPullupLevel"":1,""adsCsLevel"":1,""adsSyncLevel"":1,""adsStatus"":54,""adsMux"":15,""adsAdcon"":6,""adsDrate"":240,""adsReason"":""ok"",""tcaOk"":true,""mcpOkCount"":8,""mcpOk"":[true,true,true,true,true,true,true,true],""mcpAddrMask"":[1,1,1,1,1,1,1,1],""mcpControlTested"":true,""mcpControlOkCount"":8,""mcpControlOk"":[true,true,true,true,true,true,true,true],""dacReady"":true,""radioReady"":true,""mlReady"":true,""nullingProfileApplied"":true,""modelProfileReady"":false},""runtimeMcpCode"":[255,519,795,706,799,865,665,139],""model"":{""profileId"":""cnn-dualbranch-datasheet-v1-unbound"",""scalerProfileId"":""cnn-dualbranch-datasheet-v1-unbound"",""productionApproved"":true,""boundNullingProfileId"":8,""activeNullingProfileId"":9,""bindingValid"":true,""bindingModelMatches"":true,""profileReady"":false,""inferenceValid"":false,""sensorFault"":true},""lora"":{""beginState"":0,""lastTxState"":0,""lastTxOk"":false,""txSeq"":0,""txCounter"":0,""aesKeyProvisioned"":true,""aesKeyPresent"":true,""aesKeySource"":""nvs"",""keyId"":1,""lastDownlinkCommandId"":0,""freqMHz"":920,""bwKHz"":125,""sf"":7,""cr"":5,""syncWord"":18,""txPowerDbm"":17,""preamble"":8,""tcxoVoltage"":1.600000024,""xtalVoltage"":0},""dataset"":{""state"":""idle"",""step"":""idle"",""label"":"""",""seq"":0,""targetSamples"":0,""sampleIntervalMs"":500,""maxDurationMs"":0,""useFanIntake"":true,""fanOnMs"":1000,""postFanSettleMs"":0,""nullingProfileId"":9,""queuePending"":0,""queueCapacity"":16,""queueEnqueued"":0,""queueDropped"":0,""publishFailCount"":0,""retryCount"":0,""retryFailCount"":0,""rejectedSamples"":0,""lastRejectReason"":""none"",""lastRejectChannel"":-1,""lastRejectOkFiniteCount"":0,""lastRejectStatus"":255,""lastRejectGain"":0,""lastRejectSaturated"":false},""recovery"":{""wifiReconnectCount"":0,""wifiReconnectFailCount"":0,""mqttReconnectCount"":0,""mqttConnectFailCount"":0,""lastMqttState"":0,""adsRecoveryCount"":0,""adsRecoveryFailCount"":0,""adsReadFailStreak"":0,""lastReason"":""none"",""lastRecoveryMs"":0,""bootRecoveryArmed"":false,""bootRecoveryDueMs"":0,""bootRecoveryReason"":""none"",""bootRecoveryNonAdsFailure"":false,""bootRecoveryRestartCount"":0},""nulling"":{""done"":false,""retryArmed"":false,""attemptCount"":0,""nextRetryMs"":0,""thresholdV"":9.999999747E-06,""minFinalV"":0},""telemetry"":{""valid"":true,""sampleMs"":7113279,""gasClass"":6,""gasName"":""CO2"",""confidence"":0,""alarm"":false,""sensorVoltage"":[0.124864541,0.004055788,0.004852831,-0.002511226,-0.009328189,-0.011586015,-0.019447371,-0.025300538],""sensorGain"":[16,64,64,64,64,64,64,64],""sensorStatus"":[0,0,0,0,0,0,0,0],""featureOrder"":[""MQ8"",""MQ135"",""MQ3"",""MQ5"",""MQ4"",""MQ7"",""MQ6"",""MQ2""]},""alarmLatched"":false}"
2026-08-04 11:19:38.105 +07:00,736.971,HOT_SWEEP_70,70,700,300,1,0,0.12479715,0.003995868,0.004851789,-0.002507549,-0.00934227,-0.011570041999999999,-0.019502055,-0.02532566,"{""deviceId"":""1001"",""nodeId"":4097,""targetChId"":""0010"",""mode"":""inference"",""uptimeMs"":7114415,""debugEnabled"":true,""power"":{""mode"":""24v"",""externalPower"":true,""batteryMv"":65535,""batteryValid"":false,""batteryDetected"":false,""batterySenseStatus"":""not_detected"",""batteryLow"":false,""batteryCritical"":false,""sourceAmbiguous"":false,""serviceHoldActive"":false,""serviceHoldEffective"":false},""batterySession"":{""state"":""inactive"",""startedMs"":0,""stateStartedMs"":0,""validSampleBatches"":0,""requiredSampleBatches"":10,""alarmTxAttempts"":0,""alarmTxAttemptLimit"":3,""alarmAckReceived"":false,""pendingAlarm"":false,""pendingSaveRequired"":false,""persistenceFaultHold"":false,""completionReason"":""session_done""},""bootHealth"":{""adsReady"":true,""adsDrdyLevel"":0,""adsDrdyPulldownLevel"":0,""adsDrdyPullupLevel"":0,""adsMisoPulldownLevel"":0,""adsMisoPullupLevel"":1,""adsCsLevel"":1,""adsSyncLevel"":1,""adsStatus"":54,""adsMux"":15,""adsAdcon"":6,""adsDrate"":240,""adsReason"":""ok"",""tcaOk"":true,""mcpOkCount"":8,""mcpOk"":[true,true,true,true,true,true,true,true],""mcpAddrMask"":[1,1,1,1,1,1,1,1],""mcpControlTested"":true,""mcpControlOkCount"":8,""mcpControlOk"":[true,true,true,true,true,true,true,true],""dacReady"":true,""radioReady"":true,""mlReady"":true,""nullingProfileApplied"":true,""modelProfileReady"":false},""runtimeMcpCode"":[255,519,795,706,799,865,665,139],""model"":{""profileId"":""cnn-dualbranch-datasheet-v1-unbound"",""scalerProfileId"":""cnn-dualbranch-datasheet-v1-unbound"",""productionApproved"":true,""boundNullingProfileId"":8,""activeNullingProfileId"":9,""bindingValid"":true,""bindingModelMatches"":true,""profileReady"":false,""inferenceValid"":false,""sensorFault"":true},""lora"":{""beginState"":0,""lastTxState"":0,""lastTxOk"":false,""txSeq"":0,""txCounter"":0,""aesKeyProvisioned"":true,""aesKeyPresent"":true,""aesKeySource"":""nvs"",""keyId"":1,""lastDownlinkCommandId"":0,""freqMHz"":920,""bwKHz"":125,""sf"":7,""cr"":5,""syncWord"":18,""txPowerDbm"":17,""preamble"":8,""tcxoVoltage"":1.600000024,""xtalVoltage"":0},""dataset"":{""state"":""idle"",""step"":""idle"",""label"":"""",""seq"":0,""targetSamples"":0,""sampleIntervalMs"":500,""maxDurationMs"":0,""useFanIntake"":true,""fanOnMs"":1000,""postFanSettleMs"":0,""nullingProfileId"":9,""queuePending"":0,""queueCapacity"":16,""queueEnqueued"":0,""queueDropped"":0,""publishFailCount"":0,""retryCount"":0,""retryFailCount"":0,""rejectedSamples"":0,""lastRejectReason"":""none"",""lastRejectChannel"":-1,""lastRejectOkFiniteCount"":0,""lastRejectStatus"":255,""lastRejectGain"":0,""lastRejectSaturated"":false},""recovery"":{""wifiReconnectCount"":0,""wifiReconnectFailCount"":0,""mqttReconnectCount"":0,""mqttConnectFailCount"":0,""lastMqttState"":0,""adsRecoveryCount"":0,""adsRecoveryFailCount"":0,""adsReadFailStreak"":0,""lastReason"":""none"",""lastRecoveryMs"":0,""bootRecoveryArmed"":false,""bootRecoveryDueMs"":0,""bootRecoveryReason"":""none"",""bootRecoveryNonAdsFailure"":false,""bootRecoveryRestartCount"":0},""nulling"":{""done"":false,""retryArmed"":false,""attemptCount"":0,""nextRetryMs"":0,""thresholdV"":9.999999747E-06,""minFinalV"":0},""telemetry"":{""valid"":true,""sampleMs"":7114036,""gasClass"":6,""gasName"":""CO2"",""confidence"":0,""alarm"":false,""sensorVoltage"":[0.12479715,0.003995868,0.004851789,-0.002507549,-0.00934227,-0.011570042,-0.019502055,-0.02532566],""sensorGain"":[16,64,64,64,64,64,64,64],""sensorStatus"":[0,0,0,0,0,0,0,0],""featureOrder"":[""MQ8"",""MQ135"",""MQ3"",""MQ5"",""MQ4"",""MQ7"",""MQ6"",""MQ2""]},""alarmLatched"":false}"
2026-08-04 11:19:38.801 +07:00,737.672,HOT_SWEEP_70,70,700,300,1,0,0.124828085,0.003925615,0.004881757,-0.002545472,-0.009330849,-0.011612481,-0.019517185,-0.025390238,"{""deviceId"":""1001"",""nodeId"":4097,""targetChId"":""0010"",""mode"":""inference"",""uptimeMs"":7115110,""debugEnabled"":true,""power"":{""mode"":""24v"",""externalPower"":true,""batteryMv"":65535,""batteryValid"":false,""batteryDetected"":false,""batterySenseStatus"":""not_detected"",""batteryLow"":false,""batteryCritical"":false,""sourceAmbiguous"":false,""serviceHoldActive"":false,""serviceHoldEffective"":false},""batterySession"":{""state"":""inactive"",""startedMs"":0,""stateStartedMs"":0,""validSampleBatches"":0,""requiredSampleBatches"":10,""alarmTxAttempts"":0,""alarmTxAttemptLimit"":3,""alarmAckReceived"":false,""pendingAlarm"":false,""pendingSaveRequired"":false,""persistenceFaultHold"":false,""completionReason"":""session_done""},""bootHealth"":{""adsReady"":true,""adsDrdyLevel"":0,""adsDrdyPulldownLevel"":0,""adsDrdyPullupLevel"":0,""adsMisoPulldownLevel"":0,""adsMisoPullupLevel"":1,""adsCsLevel"":1,""adsSyncLevel"":1,""adsStatus"":54,""adsMux"":15,""adsAdcon"":6,""adsDrate"":240,""adsReason"":""ok"",""tcaOk"":true,""mcpOkCount"":8,""mcpOk"":[true,true,true,true,true,true,true,true],""mcpAddrMask"":[1,1,1,1,1,1,1,1],""mcpControlTested"":true,""mcpControlOkCount"":8,""mcpControlOk"":[true,true,true,true,true,true,true,true],""dacReady"":true,""radioReady"":true,""mlReady"":true,""nullingProfileApplied"":true,""modelProfileReady"":false},""runtimeMcpCode"":[255,519,795,706,799,865,665,139],""model"":{""profileId"":""cnn-dualbranch-datasheet-v1-unbound"",""scalerProfileId"":""cnn-dualbranch-datasheet-v1-unbound"",""productionApproved"":true,""boundNullingProfileId"":8,""activeNullingProfileId"":9,""bindingValid"":true,""bindingModelMatches"":true,""profileReady"":false,""inferenceValid"":false,""sensorFault"":true},""lora"":{""beginState"":0,""lastTxState"":0,""lastTxOk"":false,""txSeq"":0,""txCounter"":0,""aesKeyProvisioned"":true,""aesKeyPresent"":true,""aesKeySource"":""nvs"",""keyId"":1,""lastDownlinkCommandId"":0,""freqMHz"":920,""bwKHz"":125,""sf"":7,""cr"":5,""syncWord"":18,""txPowerDbm"":17,""preamble"":8,""tcxoVoltage"":1.600000024,""xtalVoltage"":0},""dataset"":{""state"":""idle"",""step"":""idle"",""label"":"""",""seq"":0,""targetSamples"":0,""sampleIntervalMs"":500,""maxDurationMs"":0,""useFanIntake"":true,""fanOnMs"":1000,""postFanSettleMs"":0,""nullingProfileId"":9,""queuePending"":0,""queueCapacity"":16,""queueEnqueued"":0,""queueDropped"":0,""publishFailCount"":0,""retryCount"":0,""retryFailCount"":0,""rejectedSamples"":0,""lastRejectReason"":""none"",""lastRejectChannel"":-1,""lastRejectOkFiniteCount"":0,""lastRejectStatus"":255,""lastRejectGain"":0,""lastRejectSaturated"":false},""recovery"":{""wifiReconnectCount"":0,""wifiReconnectFailCount"":0,""mqttReconnectCount"":0,""mqttConnectFailCount"":0,""lastMqttState"":0,""adsRecoveryCount"":0,""adsRecoveryFailCount"":0,""adsReadFailStreak"":0,""lastReason"":""none"",""lastRecoveryMs"":0,""bootRecoveryArmed"":false,""bootRecoveryDueMs"":0,""bootRecoveryReason"":""none"",""bootRecoveryNonAdsFailure"":false,""bootRecoveryRestartCount"":0},""nulling"":{""done"":false,""retryArmed"":false,""attemptCount"":0,""nextRetryMs"":0,""thresholdV"":9.999999747E-06,""minFinalV"":0},""telemetry"":{""valid"":true,""sampleMs"":7114693,""gasClass"":6,""gasName"":""CO2"",""confidence"":0,""alarm"":false,""sensorVoltage"":[0.124828085,0.003925615,0.004881757,-0.002545472,-0.009330849,-0.011612481,-0.019517185,-0.025390238],""sensorGain"":[16,64,64,64,64,64,64,64],""sensorStatus"":[0,0,0,0,0,0,0,0],""featureOrder"":[""MQ8"",""MQ135"",""MQ3"",""MQ5"",""MQ4"",""MQ7"",""MQ6"",""MQ2""]},""alarmLatched"":false}"
2026-08-04 11:19:39.494 +07:00,738.361,HOT_SWEEP_70,70,700,300,1,0,0.124851942,0.003925694,0.004862949,-0.002503679,-0.009360945,-0.011620494,-0.019082272,-0.025391173,"{""deviceId"":""1001"",""nodeId"":4097,""targetChId"":""0010"",""mode"":""inference"",""uptimeMs"":7115798,""debugEnabled"":true,""power"":{""mode"":""24v"",""externalPower"":true,""batteryMv"":65535,""batteryValid"":false,""batteryDetected"":false,""batterySenseStatus"":""not_detected"",""batteryLow"":false,""batteryCritical"":false,""sourceAmbiguous"":false,""serviceHoldActive"":false,""serviceHoldEffective"":false},""batterySession"":{""state"":""inactive"",""startedMs"":0,""stateStartedMs"":0,""validSampleBatches"":0,""requiredSampleBatches"":10,""alarmTxAttempts"":0,""alarmTxAttemptLimit"":3,""alarmAckReceived"":false,""pendingAlarm"":false,""pendingSaveRequired"":false,""persistenceFaultHold"":false,""completionReason"":""session_done""},""bootHealth"":{""adsReady"":true,""adsDrdyLevel"":0,""adsDrdyPulldownLevel"":0,""adsDrdyPullupLevel"":0,""adsMisoPulldownLevel"":0,""adsMisoPullupLevel"":1,""adsCsLevel"":1,""adsSyncLevel"":1,""adsStatus"":54,""adsMux"":15,""adsAdcon"":6,""adsDrate"":240,""adsReason"":""ok"",""tcaOk"":true,""mcpOkCount"":8,""mcpOk"":[true,true,true,true,true,true,true,true],""mcpAddrMask"":[1,1,1,1,1,1,1,1],""mcpControlTested"":true,""mcpControlOkCount"":8,""mcpControlOk"":[true,true,true,true,true,true,true,true],""dacReady"":true,""radioReady"":true,""mlReady"":true,""nullingProfileApplied"":true,""modelProfileReady"":false},""runtimeMcpCode"":[255,519,795,706,799,865,665,139],""model"":{""profileId"":""cnn-dualbranch-datasheet-v1-unbound"",""scalerProfileId"":""cnn-dualbranch-datasheet-v1-unbound"",""productionApproved"":true,""boundNullingProfileId"":8,""activeNullingProfileId"":9,""bindingValid"":true,""bindingModelMatches"":true,""profileReady"":false,""inferenceValid"":false,""sensorFault"":true},""lora"":{""beginState"":0,""lastTxState"":0,""lastTxOk"":false,""txSeq"":0,""txCounter"":0,""aesKeyProvisioned"":true,""aesKeyPresent"":true,""aesKeySource"":""nvs"",""keyId"":1,""lastDownlinkCommandId"":0,""freqMHz"":920,""bwKHz"":125,""sf"":7,""cr"":5,""syncWord"":18,""txPowerDbm"":17,""preamble"":8,""tcxoVoltage"":1.600000024,""xtalVoltage"":0},""dataset"":{""state"":""idle"",""step"":""idle"",""label"":"""",""seq"":0,""targetSamples"":0,""sampleIntervalMs"":500,""maxDurationMs"":0,""useFanIntake"":true,""fanOnMs"":1000,""postFanSettleMs"":0,""nullingProfileId"":9,""queuePending"":0,""queueCapacity"":16,""queueEnqueued"":0,""queueDropped"":0,""publishFailCount"":0,""retryCount"":0,""retryFailCount"":0,""rejectedSamples"":0,""lastRejectReason"":""none"",""lastRejectChannel"":-1,""lastRejectOkFiniteCount"":0,""lastRejectStatus"":255,""lastRejectGain"":0,""lastRejectSaturated"":false},""recovery"":{""wifiReconnectCount"":0,""wifiReconnectFailCount"":0,""mqttReconnectCount"":0,""mqttConnectFailCount"":0,""lastMqttState"":0,""adsRecoveryCount"":0,""adsRecoveryFailCount"":0,""adsReadFailStreak"":0,""lastReason"":""none"",""lastRecoveryMs"":0,""bootRecoveryArmed"":false,""bootRecoveryDueMs"":0,""bootRecoveryReason"":""none"",""bootRecoveryNonAdsFailure"":false,""bootRecoveryRestartCount"":0},""nulling"":{""done"":false,""retryArmed"":false,""attemptCount"":0,""nextRetryMs"":0,""thresholdV"":9.999999747E-06,""minFinalV"":0},""telemetry"":{""valid"":true,""sampleMs"":7115388,""gasClass"":6,""gasName"":""CO2"",""confidence"":0,""alarm"":false,""sensorVoltage"":[0.124851942,0.003925694,0.004862949,-0.002503679,-0.009360945,-0.011620494,-0.019082272,-0.025391173],""sensorGain"":[16,64,64,64,64,64,64,64],""sensorStatus"":[0,0,0,0,0,0,0,0],""featureOrder"":[""MQ8"",""MQ135"",""MQ3"",""MQ5"",""MQ4"",""MQ7"",""MQ6"",""MQ2""]},""alarmLatched"":false}"
2026-08-04 11:19:40.202 +07:00,739.072,HOT_SWEEP_70,70,700,300,1,0,0.125029385,0.003928141,0.004812078,-0.002483102,-0.009360479,-0.011548725,-0.019070398,-0.025384968,"{""deviceId"":""1001"",""nodeId"":4097,""targetChId"":""0010"",""mode"":""inference"",""uptimeMs"":7116512,""debugEnabled"":true,""power"":{""mode"":""24v"",""externalPower"":true,""batteryMv"":65535,""batteryValid"":false,""batteryDetected"":false,""batterySenseStatus"":""not_detected"",""batteryLow"":false,""batteryCritical"":false,""sourceAmbiguous"":false,""serviceHoldActive"":false,""serviceHoldEffective"":false},""batterySession"":{""state"":""inactive"",""startedMs"":0,""stateStartedMs"":0,""validSampleBatches"":0,""requiredSampleBatches"":10,""alarmTxAttempts"":0,""alarmTxAttemptLimit"":3,""alarmAckReceived"":false,""pendingAlarm"":false,""pendingSaveRequired"":false,""persistenceFaultHold"":false,""completionReason"":""session_done""},""bootHealth"":{""adsReady"":true,""adsDrdyLevel"":0,""adsDrdyPulldownLevel"":0,""adsDrdyPullupLevel"":0,""adsMisoPulldownLevel"":0,""adsMisoPullupLevel"":1,""adsCsLevel"":1,""adsSyncLevel"":1,""adsStatus"":54,""adsMux"":15,""adsAdcon"":6,""adsDrate"":240,""adsReason"":""ok"",""tcaOk"":true,""mcpOkCount"":8,""mcpOk"":[true,true,true,true,true,true,true,true],""mcpAddrMask"":[1,1,1,1,1,1,1,1],""mcpControlTested"":true,""mcpControlOkCount"":8,""mcpControlOk"":[true,true,true,true,true,true,true,true],""dacReady"":true,""radioReady"":true,""mlReady"":true,""nullingProfileApplied"":true,""modelProfileReady"":false},""runtimeMcpCode"":[255,519,795,706,799,865,665,139],""model"":{""profileId"":""cnn-dualbranch-datasheet-v1-unbound"",""scalerProfileId"":""cnn-dualbranch-datasheet-v1-unbound"",""productionApproved"":true,""boundNullingProfileId"":8,""activeNullingProfileId"":9,""bindingValid"":true,""bindingModelMatches"":true,""profileReady"":false,""inferenceValid"":false,""sensorFault"":true},""lora"":{""beginState"":0,""lastTxState"":0,""lastTxOk"":false,""txSeq"":0,""txCounter"":0,""aesKeyProvisioned"":true,""aesKeyPresent"":true,""aesKeySource"":""nvs"",""keyId"":1,""lastDownlinkCommandId"":0,""freqMHz"":920,""bwKHz"":125,""sf"":7,""cr"":5,""syncWord"":18,""txPowerDbm"":17,""preamble"":8,""tcxoVoltage"":1.600000024,""xtalVoltage"":0},""dataset"":{""state"":""idle"",""step"":""idle"",""label"":"""",""seq"":0,""targetSamples"":0,""sampleIntervalMs"":500,""maxDurationMs"":0,""useFanIntake"":true,""fanOnMs"":1000,""postFanSettleMs"":0,""nullingProfileId"":9,""queuePending"":0,""queueCapacity"":16,""queueEnqueued"":0,""queueDropped"":0,""publishFailCount"":0,""retryCount"":0,""retryFailCount"":0,""rejectedSamples"":0,""lastRejectReason"":""none"",""lastRejectChannel"":-1,""lastRejectOkFiniteCount"":0,""lastRejectStatus"":255,""lastRejectGain"":0,""lastRejectSaturated"":false},""recovery"":{""wifiReconnectCount"":0,""wifiReconnectFailCount"":0,""mqttReconnectCount"":0,""mqttConnectFailCount"":0,""lastMqttState"":0,""adsRecoveryCount"":0,""adsRecoveryFailCount"":0,""adsReadFailStreak"":0,""lastReason"":""none"",""lastRecoveryMs"":0,""bootRecoveryArmed"":false,""bootRecoveryDueMs"":0,""bootRecoveryReason"":""none"",""bootRecoveryNonAdsFailure"":false,""bootRecoveryRestartCount"":0},""nulling"":{""done"":false,""retryArmed"":false,""attemptCount"":0,""nextRetryMs"":0,""thresholdV"":9.999999747E-06,""minFinalV"":0},""telemetry"":{""valid"":true,""sampleMs"":7116108,""gasClass"":6,""gasName"":""CO2"",""confidence"":0,""alarm"":false,""sensorVoltage"":[0.125029385,0.003928141,0.004812078,-0.002483102,-0.009360479,-0.011548725,-0.019070398,-0.025384968],""sensorGain"":[16,64,64,64,64,64,64,64],""sensorStatus"":[0,0,0,0,0,0,0,0],""featureOrder"":[""MQ8"",""MQ135"",""MQ3"",""MQ5"",""MQ4"",""MQ7"",""MQ6"",""MQ2""]},""alarmLatched"":false}"
2026-08-04 11:19:40.930 +07:00,739.776,HOT_SWEEP_70,70,700,300,1,0,0.124584481,0.003909499,0.00481033,-0.002446045,-0.009371373,-0.011562605,-0.019042749,-0.025390452,"{""deviceId"":""1001"",""nodeId"":4097,""targetChId"":""0010"",""mode"":""inference"",""uptimeMs"":7117214,""debugEnabled"":true,""power"":{""mode"":""24v"",""externalPower"":true,""batteryMv"":65535,""batteryValid"":false,""batteryDetected"":false,""batterySenseStatus"":""not_detected"",""batteryLow"":false,""batteryCritical"":false,""sourceAmbiguous"":false,""serviceHoldActive"":false,""serviceHoldEffective"":false},""batterySession"":{""state"":""inactive"",""startedMs"":0,""stateStartedMs"":0,""validSampleBatches"":0,""requiredSampleBatches"":10,""alarmTxAttempts"":0,""alarmTxAttemptLimit"":3,""alarmAckReceived"":false,""pendingAlarm"":false,""pendingSaveRequired"":false,""persistenceFaultHold"":false,""completionReason"":""session_done""},""bootHealth"":{""adsReady"":true,""adsDrdyLevel"":0,""adsDrdyPulldownLevel"":0,""adsDrdyPullupLevel"":0,""adsMisoPulldownLevel"":0,""adsMisoPullupLevel"":1,""adsCsLevel"":1,""adsSyncLevel"":1,""adsStatus"":54,""adsMux"":15,""adsAdcon"":6,""adsDrate"":240,""adsReason"":""ok"",""tcaOk"":true,""mcpOkCount"":8,""mcpOk"":[true,true,true,true,true,true,true,true],""mcpAddrMask"":[1,1,1,1,1,1,1,1],""mcpControlTested"":true,""mcpControlOkCount"":8,""mcpControlOk"":[true,true,true,true,true,true,true,true],""dacReady"":true,""radioReady"":true,""mlReady"":true,""nullingProfileApplied"":true,""modelProfileReady"":false},""runtimeMcpCode"":[255,519,795,706,799,865,665,139],""model"":{""profileId"":""cnn-dualbranch-datasheet-v1-unbound"",""scalerProfileId"":""cnn-dualbranch-datasheet-v1-unbound"",""productionApproved"":true,""boundNullingProfileId"":8,""activeNullingProfileId"":9,""bindingValid"":true,""bindingModelMatches"":true,""profileReady"":false,""inferenceValid"":false,""sensorFault"":true},""lora"":{""beginState"":0,""lastTxState"":0,""lastTxOk"":false,""txSeq"":0,""txCounter"":0,""aesKeyProvisioned"":true,""aesKeyPresent"":true,""aesKeySource"":""nvs"",""keyId"":1,""lastDownlinkCommandId"":0,""freqMHz"":920,""bwKHz"":125,""sf"":7,""cr"":5,""syncWord"":18,""txPowerDbm"":17,""preamble"":8,""tcxoVoltage"":1.600000024,""xtalVoltage"":0},""dataset"":{""state"":""idle"",""step"":""idle"",""label"":"""",""seq"":0,""targetSamples"":0,""sampleIntervalMs"":500,""maxDurationMs"":0,""useFanIntake"":true,""fanOnMs"":1000,""postFanSettleMs"":0,""nullingProfileId"":9,""queuePending"":0,""queueCapacity"":16,""queueEnqueued"":0,""queueDropped"":0,""publishFailCount"":0,""retryCount"":0,""retryFailCount"":0,""rejectedSamples"":0,""lastRejectReason"":""none"",""lastRejectChannel"":-1,""lastRejectOkFiniteCount"":0,""lastRejectStatus"":255,""lastRejectGain"":0,""lastRejectSaturated"":false},""recovery"":{""wifiReconnectCount"":0,""wifiReconnectFailCount"":0,""mqttReconnectCount"":0,""mqttConnectFailCount"":0,""lastMqttState"":0,""adsRecoveryCount"":0,""adsRecoveryFailCount"":0,""adsReadFailStreak"":0,""lastReason"":""none"",""lastRecoveryMs"":0,""bootRecoveryArmed"":false,""bootRecoveryDueMs"":0,""bootRecoveryReason"":""none"",""bootRecoveryNonAdsFailure"":false,""bootRecoveryRestartCount"":0},""nulling"":{""done"":false,""retryArmed"":false,""attemptCount"":0,""nextRetryMs"":0,""thresholdV"":9.999999747E-06,""minFinalV"":0},""telemetry"":{""valid"":true,""sampleMs"":7116790,""gasClass"":6,""gasName"":""CO2"",""confidence"":0,""alarm"":false,""sensorVoltage"":[0.124584481,0.003909499,0.00481033,-0.002446045,-0.009371373,-0.011562605,-0.019042749,-0.025390452],""sensorGain"":[16,64,64,64,64,64,64,64],""sensorStatus"":[0,0,0,0,0,0,0,0],""featureOrder"":[""MQ8"",""MQ135"",""MQ3"",""MQ5"",""MQ4"",""MQ7"",""MQ6"",""MQ2""]},""alarmLatched"":false}"
2026-08-04 11:19:41.640 +07:00,740.503,HOT_SWEEP_70,70,700,300,1,0,0.124779105,0.003872408,0.004808284,-0.002448081,-0.009359705,-0.011568267,-0.01903696,-0.025332823,"{""deviceId"":""1001"",""nodeId"":4097,""targetChId"":""0010"",""mode"":""inference"",""uptimeMs"":7117940,""debugEnabled"":true,""power"":{""mode"":""24v"",""externalPower"":true,""batteryMv"":65535,""batteryValid"":false,""batteryDetected"":false,""batterySenseStatus"":""not_detected"",""batteryLow"":false,""batteryCritical"":false,""sourceAmbiguous"":false,""serviceHoldActive"":false,""serviceHoldEffective"":false},""batterySession"":{""state"":""inactive"",""startedMs"":0,""stateStartedMs"":0,""validSampleBatches"":0,""requiredSampleBatches"":10,""alarmTxAttempts"":0,""alarmTxAttemptLimit"":3,""alarmAckReceived"":false,""pendingAlarm"":false,""pendingSaveRequired"":false,""persistenceFaultHold"":false,""completionReason"":""session_done""},""bootHealth"":{""adsReady"":true,""adsDrdyLevel"":0,""adsDrdyPulldownLevel"":0,""adsDrdyPullupLevel"":0,""adsMisoPulldownLevel"":0,""adsMisoPullupLevel"":1,""adsCsLevel"":1,""adsSyncLevel"":1,""adsStatus"":54,""adsMux"":15,""adsAdcon"":6,""adsDrate"":240,""adsReason"":""ok"",""tcaOk"":true,""mcpOkCount"":8,""mcpOk"":[true,true,true,true,true,true,true,true],""mcpAddrMask"":[1,1,1,1,1,1,1,1],""mcpControlTested"":true,""mcpControlOkCount"":8,""mcpControlOk"":[true,true,true,true,true,true,true,true],""dacReady"":true,""radioReady"":true,""mlReady"":true,""nullingProfileApplied"":true,""modelProfileReady"":false},""runtimeMcpCode"":[255,519,795,706,799,865,665,139],""model"":{""profileId"":""cnn-dualbranch-datasheet-v1-unbound"",""scalerProfileId"":""cnn-dualbranch-datasheet-v1-unbound"",""productionApproved"":true,""boundNullingProfileId"":8,""activeNullingProfileId"":9,""bindingValid"":true,""bindingModelMatches"":true,""profileReady"":false,""inferenceValid"":false,""sensorFault"":true},""lora"":{""beginState"":0,""lastTxState"":0,""lastTxOk"":false,""txSeq"":0,""txCounter"":0,""aesKeyProvisioned"":true,""aesKeyPresent"":true,""aesKeySource"":""nvs"",""keyId"":1,""lastDownlinkCommandId"":0,""freqMHz"":920,""bwKHz"":125,""sf"":7,""cr"":5,""syncWord"":18,""txPowerDbm"":17,""preamble"":8,""tcxoVoltage"":1.600000024,""xtalVoltage"":0},""dataset"":{""state"":""idle"",""step"":""idle"",""label"":"""",""seq"":0,""targetSamples"":0,""sampleIntervalMs"":500,""maxDurationMs"":0,""useFanIntake"":true,""fanOnMs"":1000,""postFanSettleMs"":0,""nullingProfileId"":9,""queuePending"":0,""queueCapacity"":16,""queueEnqueued"":0,""queueDropped"":0,""publishFailCount"":0,""retryCount"":0,""retryFailCount"":0,""rejectedSamples"":0,""lastRejectReason"":""none"",""lastRejectChannel"":-1,""lastRejectOkFiniteCount"":0,""lastRejectStatus"":255,""lastRejectGain"":0,""lastRejectSaturated"":false},""recovery"":{""wifiReconnectCount"":0,""wifiReconnectFailCount"":0,""mqttReconnectCount"":0,""mqttConnectFailCount"":0,""lastMqttState"":0,""adsRecoveryCount"":0,""adsRecoveryFailCount"":0,""adsReadFailStreak"":0,""lastReason"":""none"",""lastRecoveryMs"":0,""bootRecoveryArmed"":false,""bootRecoveryDueMs"":0,""bootRecoveryReason"":""none"",""bootRecoveryNonAdsFailure"":false,""bootRecoveryRestartCount"":0},""nulling"":{""done"":false,""retryArmed"":false,""attemptCount"":0,""nextRetryMs"":0,""thresholdV"":9.999999747E-06,""minFinalV"":0},""telemetry"":{""valid"":true,""sampleMs"":7117492,""gasClass"":6,""gasName"":""CO2"",""confidence"":0,""alarm"":false,""sensorVoltage"":[0.124779105,0.003872408,0.004808284,-0.002448081,-0.009359705,-0.011568267,-0.01903696,-0.025332823],""sensorGain"":[16,64,64,64,64,64,64,64],""sensorStatus"":[0,0,0,0,0,0,0,0],""featureOrder"":[""MQ8"",""MQ135"",""MQ3"",""MQ5"",""MQ4"",""MQ7"",""MQ6"",""MQ2""]},""alarmLatched"":false}"
2026-08-04 11:19:42.336 +07:00,741.202,HOT_SWEEP_70,70,700,300,1,0,0.124659315,0.00390745,0.004816173,-0.002442143,-0.009399379,-0.011515712,-0.01903574,-0.025301974,"{""deviceId"":""1001"",""nodeId"":4097,""targetChId"":""0010"",""mode"":""inference"",""uptimeMs"":7118643,""debugEnabled"":true,""power"":{""mode"":""24v"",""externalPower"":true,""batteryMv"":65535,""batteryValid"":false,""batteryDetected"":false,""batterySenseStatus"":""not_detected"",""batteryLow"":false,""batteryCritical"":false,""sourceAmbiguous"":false,""serviceHoldActive"":false,""serviceHoldEffective"":false},""batterySession"":{""state"":""inactive"",""startedMs"":0,""stateStartedMs"":0,""validSampleBatches"":0,""requiredSampleBatches"":10,""alarmTxAttempts"":0,""alarmTxAttemptLimit"":3,""alarmAckReceived"":false,""pendingAlarm"":false,""pendingSaveRequired"":false,""persistenceFaultHold"":false,""completionReason"":""session_done""},""bootHealth"":{""adsReady"":true,""adsDrdyLevel"":0,""adsDrdyPulldownLevel"":0,""adsDrdyPullupLevel"":0,""adsMisoPulldownLevel"":0,""adsMisoPullupLevel"":1,""adsCsLevel"":1,""adsSyncLevel"":1,""adsStatus"":54,""adsMux"":15,""adsAdcon"":6,""adsDrate"":240,""adsReason"":""ok"",""tcaOk"":true,""mcpOkCount"":8,""mcpOk"":[true,true,true,true,true,true,true,true],""mcpAddrMask"":[1,1,1,1,1,1,1,1],""mcpControlTested"":true,""mcpControlOkCount"":8,""mcpControlOk"":[true,true,true,true,true,true,true,true],""dacReady"":true,""radioReady"":true,""mlReady"":true,""nullingProfileApplied"":true,""modelProfileReady"":false},""runtimeMcpCode"":[255,519,795,706,799,865,665,139],""model"":{""profileId"":""cnn-dualbranch-datasheet-v1-unbound"",""scalerProfileId"":""cnn-dualbranch-datasheet-v1-unbound"",""productionApproved"":true,""boundNullingProfileId"":8,""activeNullingProfileId"":9,""bindingValid"":true,""bindingModelMatches"":true,""profileReady"":false,""inferenceValid"":false,""sensorFault"":true},""lora"":{""beginState"":0,""lastTxState"":0,""lastTxOk"":false,""txSeq"":0,""txCounter"":0,""aesKeyProvisioned"":true,""aesKeyPresent"":true,""aesKeySource"":""nvs"",""keyId"":1,""lastDownlinkCommandId"":0,""freqMHz"":920,""bwKHz"":125,""sf"":7,""cr"":5,""syncWord"":18,""txPowerDbm"":17,""preamble"":8,""tcxoVoltage"":1.600000024,""xtalVoltage"":0},""dataset"":{""state"":""idle"",""step"":""idle"",""label"":"""",""seq"":0,""targetSamples"":0,""sampleIntervalMs"":500,""maxDurationMs"":0,""useFanIntake"":true,""fanOnMs"":1000,""postFanSettleMs"":0,""nullingProfileId"":9,""queuePending"":0,""queueCapacity"":16,""queueEnqueued"":0,""queueDropped"":0,""publishFailCount"":0,""retryCount"":0,""retryFailCount"":0,""rejectedSamples"":0,""lastRejectReason"":""none"",""lastRejectChannel"":-1,""lastRejectOkFiniteCount"":0,""lastRejectStatus"":255,""lastRejectGain"":0,""lastRejectSaturated"":false},""recovery"":{""wifiReconnectCount"":0,""wifiReconnectFailCount"":0,""mqttReconnectCount"":0,""mqttConnectFailCount"":0,""lastMqttState"":0,""adsRecoveryCount"":0,""adsRecoveryFailCount"":0,""adsReadFailStreak"":0,""lastReason"":""none"",""lastRecoveryMs"":0,""bootRecoveryArmed"":false,""bootRecoveryDueMs"":0,""bootRecoveryReason"":""none"",""bootRecoveryNonAdsFailure"":false,""bootRecoveryRestartCount"":0},""nulling"":{""done"":false,""retryArmed"":false,""attemptCount"":0,""nextRetryMs"":0,""thresholdV"":9.999999747E-06,""minFinalV"":0},""telemetry"":{""valid"":true,""sampleMs"":7118250,""gasClass"":6,""gasName"":""CO2"",""confidence"":0,""alarm"":false,""sensorVoltage"":[0.124659315,0.00390745,0.004816173,-0.002442143,-0.009399379,-0.011515712,-0.01903574,-0.025301974],""sensorGain"":[16,64,64,64,64,64,64,64],""sensorStatus"":[0,0,0,0,0,0,0,0],""featureOrder"":[""MQ8"",""MQ135"",""MQ3"",""MQ5"",""MQ4"",""MQ7"",""MQ6"",""MQ2""]},""alarmLatched"":false}"
2026-08-04 11:19:43.076 +07:00,741.916,HOT_SWEEP_70,70,700,300,1,0,0.124688789,0.003911874,0.004878995,-0.002527111,-0.009438772,-0.011512853,-0.019041462,-0.025391022,"{""deviceId"":""1001"",""nodeId"":4097,""targetChId"":""0010"",""mode"":""inference"",""uptimeMs"":7119352,""debugEnabled"":true,""power"":{""mode"":""24v"",""externalPower"":true,""batteryMv"":65535,""batteryValid"":false,""batteryDetected"":false,""batterySenseStatus"":""not_detected"",""batteryLow"":false,""batteryCritical"":false,""sourceAmbiguous"":false,""serviceHoldActive"":false,""serviceHoldEffective"":false},""batterySession"":{""state"":""inactive"",""startedMs"":0,""stateStartedMs"":0,""validSampleBatches"":0,""requiredSampleBatches"":10,""alarmTxAttempts"":0,""alarmTxAttemptLimit"":3,""alarmAckReceived"":false,""pendingAlarm"":false,""pendingSaveRequired"":false,""persistenceFaultHold"":false,""completionReason"":""session_done""},""bootHealth"":{""adsReady"":true,""adsDrdyLevel"":0,""adsDrdyPulldownLevel"":0,""adsDrdyPullupLevel"":0,""adsMisoPulldownLevel"":0,""adsMisoPullupLevel"":1,""adsCsLevel"":1,""adsSyncLevel"":1,""adsStatus"":54,""adsMux"":15,""adsAdcon"":6,""adsDrate"":240,""adsReason"":""ok"",""tcaOk"":true,""mcpOkCount"":8,""mcpOk"":[true,true,true,true,true,true,true,true],""mcpAddrMask"":[1,1,1,1,1,1,1,1],""mcpControlTested"":true,""mcpControlOkCount"":8,""mcpControlOk"":[true,true,true,true,true,true,true,true],""dacReady"":true,""radioReady"":true,""mlReady"":true,""nullingProfileApplied"":true,""modelProfileReady"":false},""runtimeMcpCode"":[255,519,795,706,799,865,665,139],""model"":{""profileId"":""cnn-dualbranch-datasheet-v1-unbound"",""scalerProfileId"":""cnn-dualbranch-datasheet-v1-unbound"",""productionApproved"":true,""boundNullingProfileId"":8,""activeNullingProfileId"":9,""bindingValid"":true,""bindingModelMatches"":true,""profileReady"":false,""inferenceValid"":false,""sensorFault"":true},""lora"":{""beginState"":0,""lastTxState"":0,""lastTxOk"":false,""txSeq"":0,""txCounter"":0,""aesKeyProvisioned"":true,""aesKeyPresent"":true,""aesKeySource"":""nvs"",""keyId"":1,""lastDownlinkCommandId"":0,""freqMHz"":920,""bwKHz"":125,""sf"":7,""cr"":5,""syncWord"":18,""txPowerDbm"":17,""preamble"":8,""tcxoVoltage"":1.600000024,""xtalVoltage"":0},""dataset"":{""state"":""idle"",""step"":""idle"",""label"":"""",""seq"":0,""targetSamples"":0,""sampleIntervalMs"":500,""maxDurationMs"":0,""useFanIntake"":true,""fanOnMs"":1000,""postFanSettleMs"":0,""nullingProfileId"":9,""queuePending"":0,""queueCapacity"":16,""queueEnqueued"":0,""queueDropped"":0,""publishFailCount"":0,""retryCount"":0,""retryFailCount"":0,""rejectedSamples"":0,""lastRejectReason"":""none"",""lastRejectChannel"":-1,""lastRejectOkFiniteCount"":0,""lastRejectStatus"":255,""lastRejectGain"":0,""lastRejectSaturated"":false},""recovery"":{""wifiReconnectCount"":0,""wifiReconnectFailCount"":0,""mqttReconnectCount"":0,""mqttConnectFailCount"":0,""lastMqttState"":0,""adsRecoveryCount"":0,""adsRecoveryFailCount"":0,""adsReadFailStreak"":0,""lastReason"":""none"",""lastRecoveryMs"":0,""bootRecoveryArmed"":false,""bootRecoveryDueMs"":0,""bootRecoveryReason"":""none"",""bootRecoveryNonAdsFailure"":false,""bootRecoveryRestartCount"":0},""nulling"":{""done"":false,""retryArmed"":false,""attemptCount"":0,""nextRetryMs"":0,""thresholdV"":9.999999747E-06,""minFinalV"":0},""telemetry"":{""valid"":true,""sampleMs"":7118921,""gasClass"":6,""gasName"":""CO2"",""confidence"":0,""alarm"":false,""sensorVoltage"":[0.124688789,0.003911874,0.004878995,-0.002527111,-0.009438772,-0.011512853,-0.019041462,-0.025391022],""sensorGain"":[16,64,64,64,64,64,64,64],""sensorStatus"":[0,0,0,0,0,0,0,0],""featureOrder"":[""MQ8"",""MQ135"",""MQ3"",""MQ5"",""MQ4"",""MQ7"",""MQ6"",""MQ2""]},""alarmLatched"":false}"
2026-08-04 11:19:43.800 +07:00,742.656,HOT_SWEEP_70,70,700,300,1,0,0.124659322,0.003926267,0.004766443,-0.002551801,-0.009392359,-0.011499779,-0.019066799,-0.0254202,"{""deviceId"":""1001"",""nodeId"":4097,""targetChId"":""0010"",""mode"":""inference"",""uptimeMs"":7120095,""debugEnabled"":true,""power"":{""mode"":""24v"",""externalPower"":true,""batteryMv"":65535,""batteryValid"":false,""batteryDetected"":false,""batterySenseStatus"":""not_detected"",""batteryLow"":false,""batteryCritical"":false,""sourceAmbiguous"":false,""serviceHoldActive"":false,""serviceHoldEffective"":false},""batterySession"":{""state"":""inactive"",""startedMs"":0,""stateStartedMs"":0,""validSampleBatches"":0,""requiredSampleBatches"":10,""alarmTxAttempts"":0,""alarmTxAttemptLimit"":3,""alarmAckReceived"":false,""pendingAlarm"":false,""pendingSaveRequired"":false,""persistenceFaultHold"":false,""completionReason"":""session_done""},""bootHealth"":{""adsReady"":true,""adsDrdyLevel"":0,""adsDrdyPulldownLevel"":0,""adsDrdyPullupLevel"":0,""adsMisoPulldownLevel"":0,""adsMisoPullupLevel"":1,""adsCsLevel"":1,""adsSyncLevel"":1,""adsStatus"":54,""adsMux"":15,""adsAdcon"":6,""adsDrate"":240,""adsReason"":""ok"",""tcaOk"":true,""mcpOkCount"":8,""mcpOk"":[true,true,true,true,true,true,true,true],""mcpAddrMask"":[1,1,1,1,1,1,1,1],""mcpControlTested"":true,""mcpControlOkCount"":8,""mcpControlOk"":[true,true,true,true,true,true,true,true],""dacReady"":true,""radioReady"":true,""mlReady"":true,""nullingProfileApplied"":true,""modelProfileReady"":false},""runtimeMcpCode"":[255,519,795,706,799,865,665,139],""model"":{""profileId"":""cnn-dualbranch-datasheet-v1-unbound"",""scalerProfileId"":""cnn-dualbranch-datasheet-v1-unbound"",""productionApproved"":true,""boundNullingProfileId"":8,""activeNullingProfileId"":9,""bindingValid"":true,""bindingModelMatches"":true,""profileReady"":false,""inferenceValid"":false,""sensorFault"":true},""lora"":{""beginState"":0,""lastTxState"":0,""lastTxOk"":false,""txSeq"":0,""txCounter"":0,""aesKeyProvisioned"":true,""aesKeyPresent"":true,""aesKeySource"":""nvs"",""keyId"":1,""lastDownlinkCommandId"":0,""freqMHz"":920,""bwKHz"":125,""sf"":7,""cr"":5,""syncWord"":18,""txPowerDbm"":17,""preamble"":8,""tcxoVoltage"":1.600000024,""xtalVoltage"":0},""dataset"":{""state"":""idle"",""step"":""idle"",""label"":"""",""seq"":0,""targetSamples"":0,""sampleIntervalMs"":500,""maxDurationMs"":0,""useFanIntake"":true,""fanOnMs"":1000,""postFanSettleMs"":0,""nullingProfileId"":9,""queuePending"":0,""queueCapacity"":16,""queueEnqueued"":0,""queueDropped"":0,""publishFailCount"":0,""retryCount"":0,""retryFailCount"":0,""rejectedSamples"":0,""lastRejectReason"":""none"",""lastRejectChannel"":-1,""lastRejectOkFiniteCount"":0,""lastRejectStatus"":255,""lastRejectGain"":0,""lastRejectSaturated"":false},""recovery"":{""wifiReconnectCount"":0,""wifiReconnectFailCount"":0,""mqttReconnectCount"":0,""mqttConnectFailCount"":0,""lastMqttState"":0,""adsRecoveryCount"":0,""adsRecoveryFailCount"":0,""adsReadFailStreak"":0,""lastReason"":""none"",""lastRecoveryMs"":0,""bootRecoveryArmed"":false,""bootRecoveryDueMs"":0,""bootRecoveryReason"":""none"",""bootRecoveryNonAdsFailure"":false,""bootRecoveryRestartCount"":0},""nulling"":{""done"":false,""retryArmed"":false,""attemptCount"":0,""nextRetryMs"":0,""thresholdV"":9.999999747E-06,""minFinalV"":0},""telemetry"":{""valid"":true,""sampleMs"":7119630,""gasClass"":6,""gasName"":""CO2"",""confidence"":0,""alarm"":false,""sensorVoltage"":[0.124659322,0.003926267,0.004766443,-0.002551801,-0.009392359,-0.011499779,-0.019066799,-0.0254202],""sensorGain"":[16,64,64,64,64,64,64,64],""sensorStatus"":[0,0,0,0,0,0,0,0],""featureOrder"":[""MQ8"",""MQ135"",""MQ3"",""MQ5"",""MQ4"",""MQ7"",""MQ6"",""MQ2""]},""alarmLatched"":false}"
2026-08-04 11:19:44.500 +07:00,743.374,HOT_SWEEP_70,70,700,300,1,0,0.124213472,0.003898186,0.004768494,-0.002619218,-0.009451629,-0.011504586,-0.019403461,-0.02588211,"{""deviceId"":""1001"",""nodeId"":4097,""targetChId"":""0010"",""mode"":""inference"",""uptimeMs"":7120811,""debugEnabled"":true,""power"":{""mode"":""24v"",""externalPower"":true,""batteryMv"":65535,""batteryValid"":false,""batteryDetected"":false,""batterySenseStatus"":""not_detected"",""batteryLow"":false,""batteryCritical"":false,""sourceAmbiguous"":false,""serviceHoldActive"":false,""serviceHoldEffective"":false},""batterySession"":{""state"":""inactive"",""startedMs"":0,""stateStartedMs"":0,""validSampleBatches"":0,""requiredSampleBatches"":10,""alarmTxAttempts"":0,""alarmTxAttemptLimit"":3,""alarmAckReceived"":false,""pendingAlarm"":false,""pendingSaveRequired"":false,""persistenceFaultHold"":false,""completionReason"":""session_done""},""bootHealth"":{""adsReady"":true,""adsDrdyLevel"":0,""adsDrdyPulldownLevel"":0,""adsDrdyPullupLevel"":0,""adsMisoPulldownLevel"":0,""adsMisoPullupLevel"":1,""adsCsLevel"":1,""adsSyncLevel"":1,""adsStatus"":54,""adsMux"":15,""adsAdcon"":6,""adsDrate"":240,""adsReason"":""ok"",""tcaOk"":true,""mcpOkCount"":8,""mcpOk"":[true,true,true,true,true,true,true,true],""mcpAddrMask"":[1,1,1,1,1,1,1,1],""mcpControlTested"":true,""mcpControlOkCount"":8,""mcpControlOk"":[true,true,true,true,true,true,true,true],""dacReady"":true,""radioReady"":true,""mlReady"":true,""nullingProfileApplied"":true,""modelProfileReady"":false},""runtimeMcpCode"":[255,519,795,706,799,865,665,139],""model"":{""profileId"":""cnn-dualbranch-datasheet-v1-unbound"",""scalerProfileId"":""cnn-dualbranch-datasheet-v1-unbound"",""productionApproved"":true,""boundNullingProfileId"":8,""activeNullingProfileId"":9,""bindingValid"":true,""bindingModelMatches"":true,""profileReady"":false,""inferenceValid"":false,""sensorFault"":true},""lora"":{""beginState"":0,""lastTxState"":0,""lastTxOk"":false,""txSeq"":0,""txCounter"":0,""aesKeyProvisioned"":true,""aesKeyPresent"":true,""aesKeySource"":""nvs"",""keyId"":1,""lastDownlinkCommandId"":0,""freqMHz"":920,""bwKHz"":125,""sf"":7,""cr"":5,""syncWord"":18,""txPowerDbm"":17,""preamble"":8,""tcxoVoltage"":1.600000024,""xtalVoltage"":0},""dataset"":{""state"":""idle"",""step"":""idle"",""label"":"""",""seq"":0,""targetSamples"":0,""sampleIntervalMs"":500,""maxDurationMs"":0,""useFanIntake"":true,""fanOnMs"":1000,""postFanSettleMs"":0,""nullingProfileId"":9,""queuePending"":0,""queueCapacity"":16,""queueEnqueued"":0,""queueDropped"":0,""publishFailCount"":0,""retryCount"":0,""retryFailCount"":0,""rejectedSamples"":0,""lastRejectReason"":""none"",""lastRejectChannel"":-1,""lastRejectOkFiniteCount"":0,""lastRejectStatus"":255,""lastRejectGain"":0,""lastRejectSaturated"":false},""recovery"":{""wifiReconnectCount"":0,""wifiReconnectFailCount"":0,""mqttReconnectCount"":0,""mqttConnectFailCount"":0,""lastMqttState"":0,""adsRecoveryCount"":0,""adsRecoveryFailCount"":0,""adsReadFailStreak"":0,""lastReason"":""none"",""lastRecoveryMs"":0,""bootRecoveryArmed"":false,""bootRecoveryDueMs"":0,""bootRecoveryReason"":""none"",""bootRecoveryNonAdsFailure"":false,""bootRecoveryRestartCount"":0},""nulling"":{""done"":false,""retryArmed"":false,""attemptCount"":0,""nextRetryMs"":0,""thresholdV"":9.999999747E-06,""minFinalV"":0},""telemetry"":{""valid"":true,""sampleMs"":7120405,""gasClass"":6,""gasName"":""CO2"",""confidence"":0,""alarm"":false,""sensorVoltage"":[0.124213472,0.003898186,0.004768494,-0.002619218,-0.009451629,-0.011504586,-0.019403461,-0.02588211],""sensorGain"":[16,64,64,64,64,64,64,64],""sensorStatus"":[0,0,0,0,0,0,0,0],""featureOrder"":[""MQ8"",""MQ135"",""MQ3"",""MQ5"",""MQ4"",""MQ7"",""MQ6"",""MQ2""]},""alarmLatched"":false}"
2026-08-04 11:19:45.190 +07:00,744.065,HOT_SWEEP_70,70,700,300,1,0,0.124751225,0.003947075,0.004769304,-0.00259711,-0.009448537,-0.011514386,-0.019397449,-0.025412131,"{""deviceId"":""1001"",""nodeId"":4097,""targetChId"":""0010"",""mode"":""inference"",""uptimeMs"":7121507,""debugEnabled"":true,""power"":{""mode"":""24v"",""externalPower"":true,""batteryMv"":65535,""batteryValid"":false,""batteryDetected"":false,""batterySenseStatus"":""not_detected"",""batteryLow"":false,""batteryCritical"":false,""sourceAmbiguous"":false,""serviceHoldActive"":false,""serviceHoldEffective"":false},""batterySession"":{""state"":""inactive"",""startedMs"":0,""stateStartedMs"":0,""validSampleBatches"":0,""requiredSampleBatches"":10,""alarmTxAttempts"":0,""alarmTxAttemptLimit"":3,""alarmAckReceived"":false,""pendingAlarm"":false,""pendingSaveRequired"":false,""persistenceFaultHold"":false,""completionReason"":""session_done""},""bootHealth"":{""adsReady"":true,""adsDrdyLevel"":0,""adsDrdyPulldownLevel"":0,""adsDrdyPullupLevel"":0,""adsMisoPulldownLevel"":0,""adsMisoPullupLevel"":1,""adsCsLevel"":1,""adsSyncLevel"":1,""adsStatus"":54,""adsMux"":15,""adsAdcon"":6,""adsDrate"":240,""adsReason"":""ok"",""tcaOk"":true,""mcpOkCount"":8,""mcpOk"":[true,true,true,true,true,true,true,true],""mcpAddrMask"":[1,1,1,1,1,1,1,1],""mcpControlTested"":true,""mcpControlOkCount"":8,""mcpControlOk"":[true,true,true,true,true,true,true,true],""dacReady"":true,""radioReady"":true,""mlReady"":true,""nullingProfileApplied"":true,""modelProfileReady"":false},""runtimeMcpCode"":[255,519,795,706,799,865,665,139],""model"":{""profileId"":""cnn-dualbranch-datasheet-v1-unbound"",""scalerProfileId"":""cnn-dualbranch-datasheet-v1-unbound"",""productionApproved"":true,""boundNullingProfileId"":8,""activeNullingProfileId"":9,""bindingValid"":true,""bindingModelMatches"":true,""profileReady"":false,""inferenceValid"":false,""sensorFault"":true},""lora"":{""beginState"":0,""lastTxState"":0,""lastTxOk"":false,""txSeq"":0,""txCounter"":0,""aesKeyProvisioned"":true,""aesKeyPresent"":true,""aesKeySource"":""nvs"",""keyId"":1,""lastDownlinkCommandId"":0,""freqMHz"":920,""bwKHz"":125,""sf"":7,""cr"":5,""syncWord"":18,""txPowerDbm"":17,""preamble"":8,""tcxoVoltage"":1.600000024,""xtalVoltage"":0},""dataset"":{""state"":""idle"",""step"":""idle"",""label"":"""",""seq"":0,""targetSamples"":0,""sampleIntervalMs"":500,""maxDurationMs"":0,""useFanIntake"":true,""fanOnMs"":1000,""postFanSettleMs"":0,""nullingProfileId"":9,""queuePending"":0,""queueCapacity"":16,""queueEnqueued"":0,""queueDropped"":0,""publishFailCount"":0,""retryCount"":0,""retryFailCount"":0,""rejectedSamples"":0,""lastRejectReason"":""none"",""lastRejectChannel"":-1,""lastRejectOkFiniteCount"":0,""lastRejectStatus"":255,""lastRejectGain"":0,""lastRejectSaturated"":false},""recovery"":{""wifiReconnectCount"":0,""wifiReconnectFailCount"":0,""mqttReconnectCount"":0,""mqttConnectFailCount"":0,""lastMqttState"":0,""adsRecoveryCount"":0,""adsRecoveryFailCount"":0,""adsReadFailStreak"":0,""lastReason"":""none"",""lastRecoveryMs"":0,""bootRecoveryArmed"":false,""bootRecoveryDueMs"":0,""bootRecoveryReason"":""none"",""bootRecoveryNonAdsFailure"":false,""bootRecoveryRestartCount"":0},""nulling"":{""done"":false,""retryArmed"":false,""attemptCount"":0,""nextRetryMs"":0,""thresholdV"":9.999999747E-06,""minFinalV"":0},""telemetry"":{""valid"":true,""sampleMs"":7121089,""gasClass"":6,""gasName"":""CO2"",""confidence"":0,""alarm"":false,""sensorVoltage"":[0.124751225,0.003947075,0.004769304,-0.00259711,-0.009448537,-0.011514386,-0.019397449,-0.025412131],""sensorGain"":[16,64,64,64,64,64,64,64],""sensorStatus"":[0,0,0,0,0,0,0,0],""featureOrder"":[""MQ8"",""MQ135"",""MQ3"",""MQ5"",""MQ4"",""MQ7"",""MQ6"",""MQ2""]},""alarmLatched"":false}"
2026-08-04 11:19:45.901 +07:00,744.772,HOT_SWEEP_70,70,700,300,1,0,0.12498039,0.003952038,0.004743882,-0.002580748,-0.009450259,-0.011481005,-0.019386485,-0.025354812,"{""deviceId"":""1001"",""nodeId"":4097,""targetChId"":""0010"",""mode"":""inference"",""uptimeMs"":7122210,""debugEnabled"":true,""power"":{""mode"":""24v"",""externalPower"":true,""batteryMv"":65535,""batteryValid"":false,""batteryDetected"":false,""batterySenseStatus"":""not_detected"",""batteryLow"":false,""batteryCritical"":false,""sourceAmbiguous"":false,""serviceHoldActive"":false,""serviceHoldEffective"":false},""batterySession"":{""state"":""inactive"",""startedMs"":0,""stateStartedMs"":0,""validSampleBatches"":0,""requiredSampleBatches"":10,""alarmTxAttempts"":0,""alarmTxAttemptLimit"":3,""alarmAckReceived"":false,""pendingAlarm"":false,""pendingSaveRequired"":false,""persistenceFaultHold"":false,""completionReason"":""session_done""},""bootHealth"":{""adsReady"":true,""adsDrdyLevel"":0,""adsDrdyPulldownLevel"":0,""adsDrdyPullupLevel"":0,""adsMisoPulldownLevel"":0,""adsMisoPullupLevel"":1,""adsCsLevel"":1,""adsSyncLevel"":1,""adsStatus"":54,""adsMux"":15,""adsAdcon"":6,""adsDrate"":240,""adsReason"":""ok"",""tcaOk"":true,""mcpOkCount"":8,""mcpOk"":[true,true,true,true,true,true,true,true],""mcpAddrMask"":[1,1,1,1,1,1,1,1],""mcpControlTested"":true,""mcpControlOkCount"":8,""mcpControlOk"":[true,true,true,true,true,true,true,true],""dacReady"":true,""radioReady"":true,""mlReady"":true,""nullingProfileApplied"":true,""modelProfileReady"":false},""runtimeMcpCode"":[255,519,795,706,799,865,665,139],""model"":{""profileId"":""cnn-dualbranch-datasheet-v1-unbound"",""scalerProfileId"":""cnn-dualbranch-datasheet-v1-unbound"",""productionApproved"":true,""boundNullingProfileId"":8,""activeNullingProfileId"":9,""bindingValid"":true,""bindingModelMatches"":true,""profileReady"":false,""inferenceValid"":false,""sensorFault"":true},""lora"":{""beginState"":0,""lastTxState"":0,""lastTxOk"":false,""txSeq"":0,""txCounter"":0,""aesKeyProvisioned"":true,""aesKeyPresent"":true,""aesKeySource"":""nvs"",""keyId"":1,""lastDownlinkCommandId"":0,""freqMHz"":920,""bwKHz"":125,""sf"":7,""cr"":5,""syncWord"":18,""txPowerDbm"":17,""preamble"":8,""tcxoVoltage"":1.600000024,""xtalVoltage"":0},""dataset"":{""state"":""idle"",""step"":""idle"",""label"":"""",""seq"":0,""targetSamples"":0,""sampleIntervalMs"":500,""maxDurationMs"":0,""useFanIntake"":true,""fanOnMs"":1000,""postFanSettleMs"":0,""nullingProfileId"":9,""queuePending"":0,""queueCapacity"":16,""queueEnqueued"":0,""queueDropped"":0,""publishFailCount"":0,""retryCount"":0,""retryFailCount"":0,""rejectedSamples"":0,""lastRejectReason"":""none"",""lastRejectChannel"":-1,""lastRejectOkFiniteCount"":0,""lastRejectStatus"":255,""lastRejectGain"":0,""lastRejectSaturated"":false},""recovery"":{""wifiReconnectCount"":0,""wifiReconnectFailCount"":0,""mqttReconnectCount"":0,""mqttConnectFailCount"":0,""lastMqttState"":0,""adsRecoveryCount"":0,""adsRecoveryFailCount"":0,""adsReadFailStreak"":0,""lastReason"":""none"",""lastRecoveryMs"":0,""bootRecoveryArmed"":false,""bootRecoveryDueMs"":0,""bootRecoveryReason"":""none"",""bootRecoveryNonAdsFailure"":false,""bootRecoveryRestartCount"":0},""nulling"":{""done"":false,""retryArmed"":false,""attemptCount"":0,""nextRetryMs"":0,""thresholdV"":9.999999747E-06,""minFinalV"":0},""telemetry"":{""valid"":true,""sampleMs"":7121785,""gasClass"":6,""gasName"":""CO2"",""confidence"":0,""alarm"":false,""sensorVoltage"":[0.12498039,0.003952038,0.004743882,-0.002580748,-0.009450259,-0.011481005,-0.019386485,-0.025354812],""sensorGain"":[16,64,64,64,64,64,64,64],""sensorStatus"":[0,0,0,0,0,0,0,0],""featureOrder"":[""MQ8"",""MQ135"",""MQ3"",""MQ5"",""MQ4"",""MQ7"",""MQ6"",""MQ2""]},""alarmLatched"":false}"
2026-08-04 11:19:46.601 +07:00,745.471,HOT_SWEEP_70,70,700,300,1,0,0.1240867,0.003982152,0.004739562,-0.002667514,-0.009688894,-0.011752814,-0.019776935,-0.025372256,"{""deviceId"":""1001"",""nodeId"":4097,""targetChId"":""0010"",""mode"":""inference"",""uptimeMs"":7122909,""debugEnabled"":true,""power"":{""mode"":""24v"",""externalPower"":true,""batteryMv"":65535,""batteryValid"":false,""batteryDetected"":false,""batterySenseStatus"":""not_detected"",""batteryLow"":false,""batteryCritical"":false,""sourceAmbiguous"":false,""serviceHoldActive"":false,""serviceHoldEffective"":false},""batterySession"":{""state"":""inactive"",""startedMs"":0,""stateStartedMs"":0,""validSampleBatches"":0,""requiredSampleBatches"":10,""alarmTxAttempts"":0,""alarmTxAttemptLimit"":3,""alarmAckReceived"":false,""pendingAlarm"":false,""pendingSaveRequired"":false,""persistenceFaultHold"":false,""completionReason"":""session_done""},""bootHealth"":{""adsReady"":true,""adsDrdyLevel"":0,""adsDrdyPulldownLevel"":0,""adsDrdyPullupLevel"":0,""adsMisoPulldownLevel"":0,""adsMisoPullupLevel"":1,""adsCsLevel"":1,""adsSyncLevel"":1,""adsStatus"":54,""adsMux"":15,""adsAdcon"":6,""adsDrate"":240,""adsReason"":""ok"",""tcaOk"":true,""mcpOkCount"":8,""mcpOk"":[true,true,true,true,true,true,true,true],""mcpAddrMask"":[1,1,1,1,1,1,1,1],""mcpControlTested"":true,""mcpControlOkCount"":8,""mcpControlOk"":[true,true,true,true,true,true,true,true],""dacReady"":true,""radioReady"":true,""mlReady"":true,""nullingProfileApplied"":true,""modelProfileReady"":false},""runtimeMcpCode"":[255,519,795,706,799,865,665,139],""model"":{""profileId"":""cnn-dualbranch-datasheet-v1-unbound"",""scalerProfileId"":""cnn-dualbranch-datasheet-v1-unbound"",""productionApproved"":true,""boundNullingProfileId"":8,""activeNullingProfileId"":9,""bindingValid"":true,""bindingModelMatches"":true,""profileReady"":false,""inferenceValid"":false,""sensorFault"":true},""lora"":{""beginState"":0,""lastTxState"":0,""lastTxOk"":false,""txSeq"":0,""txCounter"":0,""aesKeyProvisioned"":true,""aesKeyPresent"":true,""aesKeySource"":""nvs"",""keyId"":1,""lastDownlinkCommandId"":0,""freqMHz"":920,""bwKHz"":125,""sf"":7,""cr"":5,""syncWord"":18,""txPowerDbm"":17,""preamble"":8,""tcxoVoltage"":1.600000024,""xtalVoltage"":0},""dataset"":{""state"":""idle"",""step"":""idle"",""label"":"""",""seq"":0,""targetSamples"":0,""sampleIntervalMs"":500,""maxDurationMs"":0,""useFanIntake"":true,""fanOnMs"":1000,""postFanSettleMs"":0,""nullingProfileId"":9,""queuePending"":0,""queueCapacity"":16,""queueEnqueued"":0,""queueDropped"":0,""publishFailCount"":0,""retryCount"":0,""retryFailCount"":0,""rejectedSamples"":0,""lastRejectReason"":""none"",""lastRejectChannel"":-1,""lastRejectOkFiniteCount"":0,""lastRejectStatus"":255,""lastRejectGain"":0,""lastRejectSaturated"":false},""recovery"":{""wifiReconnectCount"":0,""wifiReconnectFailCount"":0,""mqttReconnectCount"":0,""mqttConnectFailCount"":0,""lastMqttState"":0,""adsRecoveryCount"":0,""adsRecoveryFailCount"":0,""adsReadFailStreak"":0,""lastReason"":""none"",""lastRecoveryMs"":0,""bootRecoveryArmed"":false,""bootRecoveryDueMs"":0,""bootRecoveryReason"":""none"",""bootRecoveryNonAdsFailure"":false,""bootRecoveryRestartCount"":0},""nulling"":{""done"":false,""retryArmed"":false,""attemptCount"":0,""nextRetryMs"":0,""thresholdV"":9.999999747E-06,""minFinalV"":0},""telemetry"":{""valid"":true,""sampleMs"":7122520,""gasClass"":6,""gasName"":""CO2"",""confidence"":0,""alarm"":false,""sensorVoltage"":[0.1240867,0.003982152,0.004739562,-0.002667514,-0.009688894,-0.011752814,-0.019776935,-0.025372256],""sensorGain"":[16,64,64,64,64,64,64,64],""sensorStatus"":[0,0,0,0,0,0,0,0],""featureOrder"":[""MQ8"",""MQ135"",""MQ3"",""MQ5"",""MQ4"",""MQ7"",""MQ6"",""MQ2""]},""alarmLatched"":false}"
2026-08-04 11:19:47.312 +07:00,746.182,HOT_SWEEP_70,70,700,300,1,0,0.124357916,0.003997988,0.004745389,-0.00264687,-0.009431642,-0.011569248,-0.019802555,-0.02541537,"{""deviceId"":""1001"",""nodeId"":4097,""targetChId"":""0010"",""mode"":""inference"",""uptimeMs"":7123620,""debugEnabled"":true,""power"":{""mode"":""24v"",""externalPower"":true,""batteryMv"":65535,""batteryValid"":false,""batteryDetected"":false,""batterySenseStatus"":""not_detected"",""batteryLow"":false,""batteryCritical"":false,""sourceAmbiguous"":false,""serviceHoldActive"":false,""serviceHoldEffective"":false},""batterySession"":{""state"":""inactive"",""startedMs"":0,""stateStartedMs"":0,""validSampleBatches"":0,""requiredSampleBatches"":10,""alarmTxAttempts"":0,""alarmTxAttemptLimit"":3,""alarmAckReceived"":false,""pendingAlarm"":false,""pendingSaveRequired"":false,""persistenceFaultHold"":false,""completionReason"":""session_done""},""bootHealth"":{""adsReady"":true,""adsDrdyLevel"":0,""adsDrdyPulldownLevel"":0,""adsDrdyPullupLevel"":0,""adsMisoPulldownLevel"":0,""adsMisoPullupLevel"":1,""adsCsLevel"":1,""adsSyncLevel"":1,""adsStatus"":54,""adsMux"":15,""adsAdcon"":6,""adsDrate"":240,""adsReason"":""ok"",""tcaOk"":true,""mcpOkCount"":8,""mcpOk"":[true,true,true,true,true,true,true,true],""mcpAddrMask"":[1,1,1,1,1,1,1,1],""mcpControlTested"":true,""mcpControlOkCount"":8,""mcpControlOk"":[true,true,true,true,true,true,true,true],""dacReady"":true,""radioReady"":true,""mlReady"":true,""nullingProfileApplied"":true,""modelProfileReady"":false},""runtimeMcpCode"":[255,519,795,706,799,865,665,139],""model"":{""profileId"":""cnn-dualbranch-datasheet-v1-unbound"",""scalerProfileId"":""cnn-dualbranch-datasheet-v1-unbound"",""productionApproved"":true,""boundNullingProfileId"":8,""activeNullingProfileId"":9,""bindingValid"":true,""bindingModelMatches"":true,""profileReady"":false,""inferenceValid"":false,""sensorFault"":true},""lora"":{""beginState"":0,""lastTxState"":0,""lastTxOk"":false,""txSeq"":0,""txCounter"":0,""aesKeyProvisioned"":true,""aesKeyPresent"":true,""aesKeySource"":""nvs"",""keyId"":1,""lastDownlinkCommandId"":0,""freqMHz"":920,""bwKHz"":125,""sf"":7,""cr"":5,""syncWord"":18,""txPowerDbm"":17,""preamble"":8,""tcxoVoltage"":1.600000024,""xtalVoltage"":0},""dataset"":{""state"":""idle"",""step"":""idle"",""label"":"""",""seq"":0,""targetSamples"":0,""sampleIntervalMs"":500,""maxDurationMs"":0,""useFanIntake"":true,""fanOnMs"":1000,""postFanSettleMs"":0,""nullingProfileId"":9,""queuePending"":0,""queueCapacity"":16,""queueEnqueued"":0,""queueDropped"":0,""publishFailCount"":0,""retryCount"":0,""retryFailCount"":0,""rejectedSamples"":0,""lastRejectReason"":""none"",""lastRejectChannel"":-1,""lastRejectOkFiniteCount"":0,""lastRejectStatus"":255,""lastRejectGain"":0,""lastRejectSaturated"":false},""recovery"":{""wifiReconnectCount"":0,""wifiReconnectFailCount"":0,""mqttReconnectCount"":0,""mqttConnectFailCount"":0,""lastMqttState"":0,""adsRecoveryCount"":0,""adsRecoveryFailCount"":0,""adsReadFailStreak"":0,""lastReason"":""none"",""lastRecoveryMs"":0,""bootRecoveryArmed"":false,""bootRecoveryDueMs"":0,""bootRecoveryReason"":""none"",""bootRecoveryNonAdsFailure"":false,""bootRecoveryRestartCount"":0},""nulling"":{""done"":false,""retryArmed"":false,""attemptCount"":0,""nextRetryMs"":0,""thresholdV"":9.999999747E-06,""minFinalV"":0},""telemetry"":{""valid"":true,""sampleMs"":7123187,""gasClass"":6,""gasName"":""CO2"",""confidence"":0,""alarm"":false,""sensorVoltage"":[0.124357916,0.003997988,0.004745389,-0.00264687,-0.009431642,-0.011569248,-0.019802555,-0.02541537],""sensorGain"":[16,64,64,64,64,64,64,64],""sensorStatus"":[0,0,0,0,0,0,0,0],""featureOrder"":[""MQ8"",""MQ135"",""MQ3"",""MQ5"",""MQ4"",""MQ7"",""MQ6"",""MQ2""]},""alarmLatched"":false}"
2026-08-04 11:19:48.011 +07:00,746.884,HOT_SWEEP_70,70,700,300,1,0,0.124662921,0.00400746,0.004745965,-0.002686913,-0.00943383,-0.011563149,-0.019901741,-0.025442069,"{""deviceId"":""1001"",""nodeId"":4097,""targetChId"":""0010"",""mode"":""inference"",""uptimeMs"":7124322,""debugEnabled"":true,""power"":{""mode"":""24v"",""externalPower"":true,""batteryMv"":65535,""batteryValid"":false,""batteryDetected"":false,""batterySenseStatus"":""not_detected"",""batteryLow"":false,""batteryCritical"":false,""sourceAmbiguous"":false,""serviceHoldActive"":false,""serviceHoldEffective"":false},""batterySession"":{""state"":""inactive"",""startedMs"":0,""stateStartedMs"":0,""validSampleBatches"":0,""requiredSampleBatches"":10,""alarmTxAttempts"":0,""alarmTxAttemptLimit"":3,""alarmAckReceived"":false,""pendingAlarm"":false,""pendingSaveRequired"":false,""persistenceFaultHold"":false,""completionReason"":""session_done""},""bootHealth"":{""adsReady"":true,""adsDrdyLevel"":0,""adsDrdyPulldownLevel"":0,""adsDrdyPullupLevel"":0,""adsMisoPulldownLevel"":0,""adsMisoPullupLevel"":1,""adsCsLevel"":1,""adsSyncLevel"":1,""adsStatus"":54,""adsMux"":15,""adsAdcon"":6,""adsDrate"":240,""adsReason"":""ok"",""tcaOk"":true,""mcpOkCount"":8,""mcpOk"":[true,true,true,true,true,true,true,true],""mcpAddrMask"":[1,1,1,1,1,1,1,1],""mcpControlTested"":true,""mcpControlOkCount"":8,""mcpControlOk"":[true,true,true,true,true,true,true,true],""dacReady"":true,""radioReady"":true,""mlReady"":true,""nullingProfileApplied"":true,""modelProfileReady"":false},""runtimeMcpCode"":[255,519,795,706,799,865,665,139],""model"":{""profileId"":""cnn-dualbranch-datasheet-v1-unbound"",""scalerProfileId"":""cnn-dualbranch-datasheet-v1-unbound"",""productionApproved"":true,""boundNullingProfileId"":8,""activeNullingProfileId"":9,""bindingValid"":true,""bindingModelMatches"":true,""profileReady"":false,""inferenceValid"":false,""sensorFault"":true},""lora"":{""beginState"":0,""lastTxState"":0,""lastTxOk"":false,""txSeq"":0,""txCounter"":0,""aesKeyProvisioned"":true,""aesKeyPresent"":true,""aesKeySource"":""nvs"",""keyId"":1,""lastDownlinkCommandId"":0,""freqMHz"":920,""bwKHz"":125,""sf"":7,""cr"":5,""syncWord"":18,""txPowerDbm"":17,""preamble"":8,""tcxoVoltage"":1.600000024,""xtalVoltage"":0},""dataset"":{""state"":""idle"",""step"":""idle"",""label"":"""",""seq"":0,""targetSamples"":0,""sampleIntervalMs"":500,""maxDurationMs"":0,""useFanIntake"":true,""fanOnMs"":1000,""postFanSettleMs"":0,""nullingProfileId"":9,""queuePending"":0,""queueCapacity"":16,""queueEnqueued"":0,""queueDropped"":0,""publishFailCount"":0,""retryCount"":0,""retryFailCount"":0,""rejectedSamples"":0,""lastRejectReason"":""none"",""lastRejectChannel"":-1,""lastRejectOkFiniteCount"":0,""lastRejectStatus"":255,""lastRejectGain"":0,""lastRejectSaturated"":false},""recovery"":{""wifiReconnectCount"":0,""wifiReconnectFailCount"":0,""mqttReconnectCount"":0,""mqttConnectFailCount"":0,""lastMqttState"":0,""adsRecoveryCount"":0,""adsRecoveryFailCount"":0,""adsReadFailStreak"":0,""lastReason"":""none"",""lastRecoveryMs"":0,""bootRecoveryArmed"":false,""bootRecoveryDueMs"":0,""bootRecoveryReason"":""none"",""bootRecoveryNonAdsFailure"":false,""bootRecoveryRestartCount"":0},""nulling"":{""done"":false,""retryArmed"":false,""attemptCount"":0,""nextRetryMs"":0,""thresholdV"":9.999999747E-06,""minFinalV"":0},""telemetry"":{""valid"":true,""sampleMs"":7123898,""gasClass"":6,""gasName"":""CO2"",""confidence"":0,""alarm"":false,""sensorVoltage"":[0.124662921,0.00400746,0.004745965,-0.002686913,-0.00943383,-0.011563149,-0.019901741,-0.025442069],""sensorGain"":[16,64,64,64,64,64,64,64],""sensorStatus"":[0,0,0,0,0,0,0,0],""featureOrder"":[""MQ8"",""MQ135"",""MQ3"",""MQ5"",""MQ4"",""MQ7"",""MQ6"",""MQ2""]},""alarmLatched"":false}"
2026-08-04 11:19:48.707 +07:00,747.585,HOT_SWEEP_70,70,700,300,1,0,0.123843864,0.004032216,0.004719206,-0.002678351,-0.009444984,-0.011588777,-0.019895982,-0.025554273,"{""deviceId"":""1001"",""nodeId"":4097,""targetChId"":""0010"",""mode"":""inference"",""uptimeMs"":7125022,""debugEnabled"":true,""power"":{""mode"":""24v"",""externalPower"":true,""batteryMv"":65535,""batteryValid"":false,""batteryDetected"":false,""batterySenseStatus"":""not_detected"",""batteryLow"":false,""batteryCritical"":false,""sourceAmbiguous"":false,""serviceHoldActive"":false,""serviceHoldEffective"":false},""batterySession"":{""state"":""inactive"",""startedMs"":0,""stateStartedMs"":0,""validSampleBatches"":0,""requiredSampleBatches"":10,""alarmTxAttempts"":0,""alarmTxAttemptLimit"":3,""alarmAckReceived"":false,""pendingAlarm"":false,""pendingSaveRequired"":false,""persistenceFaultHold"":false,""completionReason"":""session_done""},""bootHealth"":{""adsReady"":true,""adsDrdyLevel"":0,""adsDrdyPulldownLevel"":0,""adsDrdyPullupLevel"":0,""adsMisoPulldownLevel"":0,""adsMisoPullupLevel"":1,""adsCsLevel"":1,""adsSyncLevel"":1,""adsStatus"":54,""adsMux"":15,""adsAdcon"":6,""adsDrate"":240,""adsReason"":""ok"",""tcaOk"":true,""mcpOkCount"":8,""mcpOk"":[true,true,true,true,true,true,true,true],""mcpAddrMask"":[1,1,1,1,1,1,1,1],""mcpControlTested"":true,""mcpControlOkCount"":8,""mcpControlOk"":[true,true,true,true,true,true,true,true],""dacReady"":true,""radioReady"":true,""mlReady"":true,""nullingProfileApplied"":true,""modelProfileReady"":false},""runtimeMcpCode"":[255,519,795,706,799,865,665,139],""model"":{""profileId"":""cnn-dualbranch-datasheet-v1-unbound"",""scalerProfileId"":""cnn-dualbranch-datasheet-v1-unbound"",""productionApproved"":true,""boundNullingProfileId"":8,""activeNullingProfileId"":9,""bindingValid"":true,""bindingModelMatches"":true,""profileReady"":false,""inferenceValid"":false,""sensorFault"":true},""lora"":{""beginState"":0,""lastTxState"":0,""lastTxOk"":false,""txSeq"":0,""txCounter"":0,""aesKeyProvisioned"":true,""aesKeyPresent"":true,""aesKeySource"":""nvs"",""keyId"":1,""lastDownlinkCommandId"":0,""freqMHz"":920,""bwKHz"":125,""sf"":7,""cr"":5,""syncWord"":18,""txPowerDbm"":17,""preamble"":8,""tcxoVoltage"":1.600000024,""xtalVoltage"":0},""dataset"":{""state"":""idle"",""step"":""idle"",""label"":"""",""seq"":0,""targetSamples"":0,""sampleIntervalMs"":500,""maxDurationMs"":0,""useFanIntake"":true,""fanOnMs"":1000,""postFanSettleMs"":0,""nullingProfileId"":9,""queuePending"":0,""queueCapacity"":16,""queueEnqueued"":0,""queueDropped"":0,""publishFailCount"":0,""retryCount"":0,""retryFailCount"":0,""rejectedSamples"":0,""lastRejectReason"":""none"",""lastRejectChannel"":-1,""lastRejectOkFiniteCount"":0,""lastRejectStatus"":255,""lastRejectGain"":0,""lastRejectSaturated"":false},""recovery"":{""wifiReconnectCount"":0,""wifiReconnectFailCount"":0,""mqttReconnectCount"":0,""mqttConnectFailCount"":0,""lastMqttState"":0,""adsRecoveryCount"":0,""adsRecoveryFailCount"":0,""adsReadFailStreak"":0,""lastReason"":""none"",""lastRecoveryMs"":0,""bootRecoveryArmed"":false,""bootRecoveryDueMs"":0,""bootRecoveryReason"":""none"",""bootRecoveryNonAdsFailure"":false,""bootRecoveryRestartCount"":0},""nulling"":{""done"":false,""retryArmed"":false,""attemptCount"":0,""nextRetryMs"":0,""thresholdV"":9.999999747E-06,""minFinalV"":0},""telemetry"":{""valid"":true,""sampleMs"":7124632,""gasClass"":6,""gasName"":""CO2"",""confidence"":0,""alarm"":false,""sensorVoltage"":[0.123843864,0.004032216,0.004719206,-0.002678351,-0.009444984,-0.011588777,-0.019895982,-0.025554273],""sensorGain"":[16,64,64,64,64,64,64,64],""sensorStatus"":[0,0,0,0,0,0,0,0],""featureOrder"":[""MQ8"",""MQ135"",""MQ3"",""MQ5"",""MQ4"",""MQ7"",""MQ6"",""MQ2""]},""alarmLatched"":false}"
2026-08-04 11:19:49.418 +07:00,748.290,HOT_SWEEP_70,70,700,300,1,0,0.12418963,0.003932636,0.004729543,-0.002681073,-0.009433275,-0.011617607,-0.019914059,-0.025561577,"{""deviceId"":""1001"",""nodeId"":4097,""targetChId"":""0010"",""mode"":""inference"",""uptimeMs"":7125728,""debugEnabled"":true,""power"":{""mode"":""24v"",""externalPower"":true,""batteryMv"":65535,""batteryValid"":false,""batteryDetected"":false,""batterySenseStatus"":""not_detected"",""batteryLow"":false,""batteryCritical"":false,""sourceAmbiguous"":false,""serviceHoldActive"":false,""serviceHoldEffective"":false},""batterySession"":{""state"":""inactive"",""startedMs"":0,""stateStartedMs"":0,""validSampleBatches"":0,""requiredSampleBatches"":10,""alarmTxAttempts"":0,""alarmTxAttemptLimit"":3,""alarmAckReceived"":false,""pendingAlarm"":false,""pendingSaveRequired"":false,""persistenceFaultHold"":false,""completionReason"":""session_done""},""bootHealth"":{""adsReady"":true,""adsDrdyLevel"":0,""adsDrdyPulldownLevel"":0,""adsDrdyPullupLevel"":0,""adsMisoPulldownLevel"":0,""adsMisoPullupLevel"":1,""adsCsLevel"":1,""adsSyncLevel"":1,""adsStatus"":54,""adsMux"":15,""adsAdcon"":6,""adsDrate"":240,""adsReason"":""ok"",""tcaOk"":true,""mcpOkCount"":8,""mcpOk"":[true,true,true,true,true,true,true,true],""mcpAddrMask"":[1,1,1,1,1,1,1,1],""mcpControlTested"":true,""mcpControlOkCount"":8,""mcpControlOk"":[true,true,true,true,true,true,true,true],""dacReady"":true,""radioReady"":true,""mlReady"":true,""nullingProfileApplied"":true,""modelProfileReady"":false},""runtimeMcpCode"":[255,519,795,706,799,865,665,139],""model"":{""profileId"":""cnn-dualbranch-datasheet-v1-unbound"",""scalerProfileId"":""cnn-dualbranch-datasheet-v1-unbound"",""productionApproved"":true,""boundNullingProfileId"":8,""activeNullingProfileId"":9,""bindingValid"":true,""bindingModelMatches"":true,""profileReady"":false,""inferenceValid"":false,""sensorFault"":true},""lora"":{""beginState"":0,""lastTxState"":0,""lastTxOk"":false,""txSeq"":0,""txCounter"":0,""aesKeyProvisioned"":true,""aesKeyPresent"":true,""aesKeySource"":""nvs"",""keyId"":1,""lastDownlinkCommandId"":0,""freqMHz"":920,""bwKHz"":125,""sf"":7,""cr"":5,""syncWord"":18,""txPowerDbm"":17,""preamble"":8,""tcxoVoltage"":1.600000024,""xtalVoltage"":0},""dataset"":{""state"":""idle"",""step"":""idle"",""label"":"""",""seq"":0,""targetSamples"":0,""sampleIntervalMs"":500,""maxDurationMs"":0,""useFanIntake"":true,""fanOnMs"":1000,""postFanSettleMs"":0,""nullingProfileId"":9,""queuePending"":0,""queueCapacity"":16,""queueEnqueued"":0,""queueDropped"":0,""publishFailCount"":0,""retryCount"":0,""retryFailCount"":0,""rejectedSamples"":0,""lastRejectReason"":""none"",""lastRejectChannel"":-1,""lastRejectOkFiniteCount"":0,""lastRejectStatus"":255,""lastRejectGain"":0,""lastRejectSaturated"":false},""recovery"":{""wifiReconnectCount"":0,""wifiReconnectFailCount"":0,""mqttReconnectCount"":0,""mqttConnectFailCount"":0,""lastMqttState"":0,""adsRecoveryCount"":0,""adsRecoveryFailCount"":0,""adsReadFailStreak"":0,""lastReason"":""none"",""lastRecoveryMs"":0,""bootRecoveryArmed"":false,""bootRecoveryDueMs"":0,""bootRecoveryReason"":""none"",""bootRecoveryNonAdsFailure"":false,""bootRecoveryRestartCount"":0},""nulling"":{""done"":false,""retryArmed"":false,""attemptCount"":0,""nextRetryMs"":0,""thresholdV"":9.999999747E-06,""minFinalV"":0},""telemetry"":{""valid"":true,""sampleMs"":7125300,""gasClass"":6,""gasName"":""CO2"",""confidence"":0,""alarm"":false,""sensorVoltage"":[0.12418963,0.003932636,0.004729543,-0.002681073,-0.009433275,-0.011617607,-0.019914059,-0.025561577],""sensorGain"":[16,64,64,64,64,64,64,64],""sensorStatus"":[0,0,0,0,0,0,0,0],""featureOrder"":[""MQ8"",""MQ135"",""MQ3"",""MQ5"",""MQ4"",""MQ7"",""MQ6"",""MQ2""]},""alarmLatched"":false}"
2026-08-04 11:19:50.119 +07:00,748.986,HOT_SWEEP_70,70,700,300,1,0,0.124506816,0.003934285,0.004769761,-0.002675569,-0.009415786,-0.011649194,-0.019889263,-0.025545588,"{""deviceId"":""1001"",""nodeId"":4097,""targetChId"":""0010"",""mode"":""inference"",""uptimeMs"":7126425,""debugEnabled"":true,""power"":{""mode"":""24v"",""externalPower"":true,""batteryMv"":65535,""batteryValid"":false,""batteryDetected"":false,""batterySenseStatus"":""not_detected"",""batteryLow"":false,""batteryCritical"":false,""sourceAmbiguous"":false,""serviceHoldActive"":false,""serviceHoldEffective"":false},""batterySession"":{""state"":""inactive"",""startedMs"":0,""stateStartedMs"":0,""validSampleBatches"":0,""requiredSampleBatches"":10,""alarmTxAttempts"":0,""alarmTxAttemptLimit"":3,""alarmAckReceived"":false,""pendingAlarm"":false,""pendingSaveRequired"":false,""persistenceFaultHold"":false,""completionReason"":""session_done""},""bootHealth"":{""adsReady"":true,""adsDrdyLevel"":0,""adsDrdyPulldownLevel"":0,""adsDrdyPullupLevel"":0,""adsMisoPulldownLevel"":0,""adsMisoPullupLevel"":1,""adsCsLevel"":1,""adsSyncLevel"":1,""adsStatus"":54,""adsMux"":15,""adsAdcon"":6,""adsDrate"":240,""adsReason"":""ok"",""tcaOk"":true,""mcpOkCount"":8,""mcpOk"":[true,true,true,true,true,true,true,true],""mcpAddrMask"":[1,1,1,1,1,1,1,1],""mcpControlTested"":true,""mcpControlOkCount"":8,""mcpControlOk"":[true,true,true,true,true,true,true,true],""dacReady"":true,""radioReady"":true,""mlReady"":true,""nullingProfileApplied"":true,""modelProfileReady"":false},""runtimeMcpCode"":[255,519,795,706,799,865,665,139],""model"":{""profileId"":""cnn-dualbranch-datasheet-v1-unbound"",""scalerProfileId"":""cnn-dualbranch-datasheet-v1-unbound"",""productionApproved"":true,""boundNullingProfileId"":8,""activeNullingProfileId"":9,""bindingValid"":true,""bindingModelMatches"":true,""profileReady"":false,""inferenceValid"":false,""sensorFault"":true},""lora"":{""beginState"":0,""lastTxState"":0,""lastTxOk"":false,""txSeq"":0,""txCounter"":0,""aesKeyProvisioned"":true,""aesKeyPresent"":true,""aesKeySource"":""nvs"",""keyId"":1,""lastDownlinkCommandId"":0,""freqMHz"":920,""bwKHz"":125,""sf"":7,""cr"":5,""syncWord"":18,""txPowerDbm"":17,""preamble"":8,""tcxoVoltage"":1.600000024,""xtalVoltage"":0},""dataset"":{""state"":""idle"",""step"":""idle"",""label"":"""",""seq"":0,""targetSamples"":0,""sampleIntervalMs"":500,""maxDurationMs"":0,""useFanIntake"":true,""fanOnMs"":1000,""postFanSettleMs"":0,""nullingProfileId"":9,""queuePending"":0,""queueCapacity"":16,""queueEnqueued"":0,""queueDropped"":0,""publishFailCount"":0,""retryCount"":0,""retryFailCount"":0,""rejectedSamples"":0,""lastRejectReason"":""none"",""lastRejectChannel"":-1,""lastRejectOkFiniteCount"":0,""lastRejectStatus"":255,""lastRejectGain"":0,""lastRejectSaturated"":false},""recovery"":{""wifiReconnectCount"":0,""wifiReconnectFailCount"":0,""mqttReconnectCount"":0,""mqttConnectFailCount"":0,""lastMqttState"":0,""adsRecoveryCount"":0,""adsRecoveryFailCount"":0,""adsReadFailStreak"":0,""lastReason"":""none"",""lastRecoveryMs"":0,""bootRecoveryArmed"":false,""bootRecoveryDueMs"":0,""bootRecoveryReason"":""none"",""bootRecoveryNonAdsFailure"":false,""bootRecoveryRestartCount"":0},""nulling"":{""done"":false,""retryArmed"":false,""attemptCount"":0,""nextRetryMs"":0,""thresholdV"":9.999999747E-06,""minFinalV"":0},""telemetry"":{""valid"":true,""sampleMs"":7126006,""gasClass"":6,""gasName"":""CO2"",""confidence"":0,""alarm"":false,""sensorVoltage"":[0.124506816,0.003934285,0.004769761,-0.002675569,-0.009415786,-0.011649194,-0.019889263,-0.025545588],""sensorGain"":[16,64,64,64,64,64,64,64],""sensorStatus"":[0,0,0,0,0,0,0,0],""featureOrder"":[""MQ8"",""MQ135"",""MQ3"",""MQ5"",""MQ4"",""MQ7"",""MQ6"",""MQ2""]},""alarmLatched"":false}"
2026-08-04 11:19:50.813 +07:00,749.678,HOT_SWEEP_70,70,700,300,1,0,0.124259971,0.00391017,0.004880628,-0.002634318,-0.009448999,-0.011632585,-0.019913901,-0.025590446,"{""deviceId"":""1001"",""nodeId"":4097,""targetChId"":""0010"",""mode"":""inference"",""uptimeMs"":7127123,""debugEnabled"":true,""power"":{""mode"":""24v"",""externalPower"":true,""batteryMv"":65535,""batteryValid"":false,""batteryDetected"":false,""batterySenseStatus"":""not_detected"",""batteryLow"":false,""batteryCritical"":false,""sourceAmbiguous"":false,""serviceHoldActive"":false,""serviceHoldEffective"":false},""batterySession"":{""state"":""inactive"",""startedMs"":0,""stateStartedMs"":0,""validSampleBatches"":0,""requiredSampleBatches"":10,""alarmTxAttempts"":0,""alarmTxAttemptLimit"":3,""alarmAckReceived"":false,""pendingAlarm"":false,""pendingSaveRequired"":false,""persistenceFaultHold"":false,""completionReason"":""session_done""},""bootHealth"":{""adsReady"":true,""adsDrdyLevel"":0,""adsDrdyPulldownLevel"":0,""adsDrdyPullupLevel"":0,""adsMisoPulldownLevel"":0,""adsMisoPullupLevel"":1,""adsCsLevel"":1,""adsSyncLevel"":1,""adsStatus"":54,""adsMux"":15,""adsAdcon"":6,""adsDrate"":240,""adsReason"":""ok"",""tcaOk"":true,""mcpOkCount"":8,""mcpOk"":[true,true,true,true,true,true,true,true],""mcpAddrMask"":[1,1,1,1,1,1,1,1],""mcpControlTested"":true,""mcpControlOkCount"":8,""mcpControlOk"":[true,true,true,true,true,true,true,true],""dacReady"":true,""radioReady"":true,""mlReady"":true,""nullingProfileApplied"":true,""modelProfileReady"":false},""runtimeMcpCode"":[255,519,795,706,799,865,665,139],""model"":{""profileId"":""cnn-dualbranch-datasheet-v1-unbound"",""scalerProfileId"":""cnn-dualbranch-datasheet-v1-unbound"",""productionApproved"":true,""boundNullingProfileId"":8,""activeNullingProfileId"":9,""bindingValid"":true,""bindingModelMatches"":true,""profileReady"":false,""inferenceValid"":false,""sensorFault"":true},""lora"":{""beginState"":0,""lastTxState"":0,""lastTxOk"":false,""txSeq"":0,""txCounter"":0,""aesKeyProvisioned"":true,""aesKeyPresent"":true,""aesKeySource"":""nvs"",""keyId"":1,""lastDownlinkCommandId"":0,""freqMHz"":920,""bwKHz"":125,""sf"":7,""cr"":5,""syncWord"":18,""txPowerDbm"":17,""preamble"":8,""tcxoVoltage"":1.600000024,""xtalVoltage"":0},""dataset"":{""state"":""idle"",""step"":""idle"",""label"":"""",""seq"":0,""targetSamples"":0,""sampleIntervalMs"":500,""maxDurationMs"":0,""useFanIntake"":true,""fanOnMs"":1000,""postFanSettleMs"":0,""nullingProfileId"":9,""queuePending"":0,""queueCapacity"":16,""queueEnqueued"":0,""queueDropped"":0,""publishFailCount"":0,""retryCount"":0,""retryFailCount"":0,""rejectedSamples"":0,""lastRejectReason"":""none"",""lastRejectChannel"":-1,""lastRejectOkFiniteCount"":0,""lastRejectStatus"":255,""lastRejectGain"":0,""lastRejectSaturated"":false},""recovery"":{""wifiReconnectCount"":0,""wifiReconnectFailCount"":0,""mqttReconnectCount"":0,""mqttConnectFailCount"":0,""lastMqttState"":0,""adsRecoveryCount"":0,""adsRecoveryFailCount"":0,""adsReadFailStreak"":0,""lastReason"":""none"",""lastRecoveryMs"":0,""bootRecoveryArmed"":false,""bootRecoveryDueMs"":0,""bootRecoveryReason"":""none"",""bootRecoveryNonAdsFailure"":false,""bootRecoveryRestartCount"":0},""nulling"":{""done"":false,""retryArmed"":false,""attemptCount"":0,""nextRetryMs"":0,""thresholdV"":9.999999747E-06,""minFinalV"":0},""telemetry"":{""valid"":true,""sampleMs"":7126735,""gasClass"":6,""gasName"":""CO2"",""confidence"":0,""alarm"":false,""sensorVoltage"":[0.124259971,0.00391017,0.004880628,-0.002634318,-0.009448999,-0.011632585,-0.019913901,-0.025590446],""sensorGain"":[16,64,64,64,64,64,64,64],""sensorStatus"":[0,0,0,0,0,0,0,0],""featureOrder"":[""MQ8"",""MQ135"",""MQ3"",""MQ5"",""MQ4"",""MQ7"",""MQ6"",""MQ2""]},""alarmLatched"":false}"
2026-08-04 11:19:51.498 +07:00,750.375,HOT_SWEEP_70,70,700,300,1,0,0.124492072,0.003938351,0.004895558,-0.002568895,-0.009376753,-0.011622007,-0.019952452,-0.025566313,"{""deviceId"":""1001"",""nodeId"":4097,""targetChId"":""0010"",""mode"":""inference"",""uptimeMs"":7127813,""debugEnabled"":true,""power"":{""mode"":""24v"",""externalPower"":true,""batteryMv"":65535,""batteryValid"":false,""batteryDetected"":false,""batterySenseStatus"":""not_detected"",""batteryLow"":false,""batteryCritical"":false,""sourceAmbiguous"":false,""serviceHoldActive"":false,""serviceHoldEffective"":false},""batterySession"":{""state"":""inactive"",""startedMs"":0,""stateStartedMs"":0,""validSampleBatches"":0,""requiredSampleBatches"":10,""alarmTxAttempts"":0,""alarmTxAttemptLimit"":3,""alarmAckReceived"":false,""pendingAlarm"":false,""pendingSaveRequired"":false,""persistenceFaultHold"":false,""completionReason"":""session_done""},""bootHealth"":{""adsReady"":true,""adsDrdyLevel"":0,""adsDrdyPulldownLevel"":0,""adsDrdyPullupLevel"":0,""adsMisoPulldownLevel"":0,""adsMisoPullupLevel"":1,""adsCsLevel"":1,""adsSyncLevel"":1,""adsStatus"":54,""adsMux"":15,""adsAdcon"":6,""adsDrate"":240,""adsReason"":""ok"",""tcaOk"":true,""mcpOkCount"":8,""mcpOk"":[true,true,true,true,true,true,true,true],""mcpAddrMask"":[1,1,1,1,1,1,1,1],""mcpControlTested"":true,""mcpControlOkCount"":8,""mcpControlOk"":[true,true,true,true,true,true,true,true],""dacReady"":true,""radioReady"":true,""mlReady"":true,""nullingProfileApplied"":true,""modelProfileReady"":false},""runtimeMcpCode"":[255,519,795,706,799,865,665,139],""model"":{""profileId"":""cnn-dualbranch-datasheet-v1-unbound"",""scalerProfileId"":""cnn-dualbranch-datasheet-v1-unbound"",""productionApproved"":true,""boundNullingProfileId"":8,""activeNullingProfileId"":9,""bindingValid"":true,""bindingModelMatches"":true,""profileReady"":false,""inferenceValid"":false,""sensorFault"":true},""lora"":{""beginState"":0,""lastTxState"":0,""lastTxOk"":false,""txSeq"":0,""txCounter"":0,""aesKeyProvisioned"":true,""aesKeyPresent"":true,""aesKeySource"":""nvs"",""keyId"":1,""lastDownlinkCommandId"":0,""freqMHz"":920,""bwKHz"":125,""sf"":7,""cr"":5,""syncWord"":18,""txPowerDbm"":17,""preamble"":8,""tcxoVoltage"":1.600000024,""xtalVoltage"":0},""dataset"":{""state"":""idle"",""step"":""idle"",""label"":"""",""seq"":0,""targetSamples"":0,""sampleIntervalMs"":500,""maxDurationMs"":0,""useFanIntake"":true,""fanOnMs"":1000,""postFanSettleMs"":0,""nullingProfileId"":9,""queuePending"":0,""queueCapacity"":16,""queueEnqueued"":0,""queueDropped"":0,""publishFailCount"":0,""retryCount"":0,""retryFailCount"":0,""rejectedSamples"":0,""lastRejectReason"":""none"",""lastRejectChannel"":-1,""lastRejectOkFiniteCount"":0,""lastRejectStatus"":255,""lastRejectGain"":0,""lastRejectSaturated"":false},""recovery"":{""wifiReconnectCount"":0,""wifiReconnectFailCount"":0,""mqttReconnectCount"":0,""mqttConnectFailCount"":0,""lastMqttState"":0,""adsRecoveryCount"":0,""adsRecoveryFailCount"":0,""adsReadFailStreak"":0,""lastReason"":""none"",""lastRecoveryMs"":0,""bootRecoveryArmed"":false,""bootRecoveryDueMs"":0,""bootRecoveryReason"":""none"",""bootRecoveryNonAdsFailure"":false,""bootRecoveryRestartCount"":0},""nulling"":{""done"":false,""retryArmed"":false,""attemptCount"":0,""nextRetryMs"":0,""thresholdV"":9.999999747E-06,""minFinalV"":0},""telemetry"":{""valid"":true,""sampleMs"":7127401,""gasClass"":6,""gasName"":""CO2"",""confidence"":0,""alarm"":false,""sensorVoltage"":[0.124492072,0.003938351,0.004895558,-0.002568895,-0.009376753,-0.011622007,-0.019952452,-0.025566313],""sensorGain"":[16,64,64,64,64,64,64,64],""sensorStatus"":[0,0,0,0,0,0,0,0],""featureOrder"":[""MQ8"",""MQ135"",""MQ3"",""MQ5"",""MQ4"",""MQ7"",""MQ6"",""MQ2""]},""alarmLatched"":false}"
2026-08-04 11:19:52.196 +07:00,751.053,HOT_SWEEP_70,70,700,300,1,0,0.124252185,0.003925456,0.004908134,-0.002575479,-0.009380813,-0.011602647,-0.019901127,-0.025487492,"{""deviceId"":""1001"",""nodeId"":4097,""targetChId"":""0010"",""mode"":""inference"",""uptimeMs"":7128504,""debugEnabled"":true,""power"":{""mode"":""24v"",""externalPower"":true,""batteryMv"":65535,""batteryValid"":false,""batteryDetected"":false,""batterySenseStatus"":""not_detected"",""batteryLow"":false,""batteryCritical"":false,""sourceAmbiguous"":false,""serviceHoldActive"":false,""serviceHoldEffective"":false},""batterySession"":{""state"":""inactive"",""startedMs"":0,""stateStartedMs"":0,""validSampleBatches"":0,""requiredSampleBatches"":10,""alarmTxAttempts"":0,""alarmTxAttemptLimit"":3,""alarmAckReceived"":false,""pendingAlarm"":false,""pendingSaveRequired"":false,""persistenceFaultHold"":false,""completionReason"":""session_done""},""bootHealth"":{""adsReady"":true,""adsDrdyLevel"":0,""adsDrdyPulldownLevel"":0,""adsDrdyPullupLevel"":0,""adsMisoPulldownLevel"":0,""adsMisoPullupLevel"":1,""adsCsLevel"":1,""adsSyncLevel"":1,""adsStatus"":54,""adsMux"":15,""adsAdcon"":6,""adsDrate"":240,""adsReason"":""ok"",""tcaOk"":true,""mcpOkCount"":8,""mcpOk"":[true,true,true,true,true,true,true,true],""mcpAddrMask"":[1,1,1,1,1,1,1,1],""mcpControlTested"":true,""mcpControlOkCount"":8,""mcpControlOk"":[true,true,true,true,true,true,true,true],""dacReady"":true,""radioReady"":true,""mlReady"":true,""nullingProfileApplied"":true,""modelProfileReady"":false},""runtimeMcpCode"":[255,519,795,706,799,865,665,139],""model"":{""profileId"":""cnn-dualbranch-datasheet-v1-unbound"",""scalerProfileId"":""cnn-dualbranch-datasheet-v1-unbound"",""productionApproved"":true,""boundNullingProfileId"":8,""activeNullingProfileId"":9,""bindingValid"":true,""bindingModelMatches"":true,""profileReady"":false,""inferenceValid"":false,""sensorFault"":true},""lora"":{""beginState"":0,""lastTxState"":0,""lastTxOk"":false,""txSeq"":0,""txCounter"":0,""aesKeyProvisioned"":true,""aesKeyPresent"":true,""aesKeySource"":""nvs"",""keyId"":1,""lastDownlinkCommandId"":0,""freqMHz"":920,""bwKHz"":125,""sf"":7,""cr"":5,""syncWord"":18,""txPowerDbm"":17,""preamble"":8,""tcxoVoltage"":1.600000024,""xtalVoltage"":0},""dataset"":{""state"":""idle"",""step"":""idle"",""label"":"""",""seq"":0,""targetSamples"":0,""sampleIntervalMs"":500,""maxDurationMs"":0,""useFanIntake"":true,""fanOnMs"":1000,""postFanSettleMs"":0,""nullingProfileId"":9,""queuePending"":0,""queueCapacity"":16,""queueEnqueued"":0,""queueDropped"":0,""publishFailCount"":0,""retryCount"":0,""retryFailCount"":0,""rejectedSamples"":0,""lastRejectReason"":""none"",""lastRejectChannel"":-1,""lastRejectOkFiniteCount"":0,""lastRejectStatus"":255,""lastRejectGain"":0,""lastRejectSaturated"":false},""recovery"":{""wifiReconnectCount"":0,""wifiReconnectFailCount"":0,""mqttReconnectCount"":0,""mqttConnectFailCount"":0,""lastMqttState"":0,""adsRecoveryCount"":0,""adsRecoveryFailCount"":0,""adsReadFailStreak"":0,""lastReason"":""none"",""lastRecoveryMs"":0,""bootRecoveryArmed"":false,""bootRecoveryDueMs"":0,""bootRecoveryReason"":""none"",""bootRecoveryNonAdsFailure"":false,""bootRecoveryRestartCount"":0},""nulling"":{""done"":false,""retryArmed"":false,""attemptCount"":0,""nextRetryMs"":0,""thresholdV"":9.999999747E-06,""minFinalV"":0},""telemetry"":{""valid"":true,""sampleMs"":7128091,""gasClass"":6,""gasName"":""CO2"",""confidence"":0,""alarm"":false,""sensorVoltage"":[0.124252185,0.003925456,0.004908134,-0.002575479,-0.009380813,-0.011602647,-0.019901127,-0.025487492],""sensorGain"":[16,64,64,64,64,64,64,64],""sensorStatus"":[0,0,0,0,0,0,0,0],""featureOrder"":[""MQ8"",""MQ135"",""MQ3"",""MQ5"",""MQ4"",""MQ7"",""MQ6"",""MQ2""]},""alarmLatched"":false}"
2026-08-04 11:19:52.889 +07:00,751.755,HOT_SWEEP_70,70,700,300,1,0,0.124491528,0.003929275,0.004877084,-0.002498385,-0.009373105,-0.011613407,-0.019867718,-0.025488669,"{""deviceId"":""1001"",""nodeId"":4097,""targetChId"":""0010"",""mode"":""inference"",""uptimeMs"":7129206,""debugEnabled"":true,""power"":{""mode"":""24v"",""externalPower"":true,""batteryMv"":65535,""batteryValid"":false,""batteryDetected"":false,""batterySenseStatus"":""not_detected"",""batteryLow"":false,""batteryCritical"":false,""sourceAmbiguous"":false,""serviceHoldActive"":false,""serviceHoldEffective"":false},""batterySession"":{""state"":""inactive"",""startedMs"":0,""stateStartedMs"":0,""validSampleBatches"":0,""requiredSampleBatches"":10,""alarmTxAttempts"":0,""alarmTxAttemptLimit"":3,""alarmAckReceived"":false,""pendingAlarm"":false,""pendingSaveRequired"":false,""persistenceFaultHold"":false,""completionReason"":""session_done""},""bootHealth"":{""adsReady"":true,""adsDrdyLevel"":0,""adsDrdyPulldownLevel"":0,""adsDrdyPullupLevel"":0,""adsMisoPulldownLevel"":0,""adsMisoPullupLevel"":1,""adsCsLevel"":1,""adsSyncLevel"":1,""adsStatus"":54,""adsMux"":15,""adsAdcon"":6,""adsDrate"":240,""adsReason"":""ok"",""tcaOk"":true,""mcpOkCount"":8,""mcpOk"":[true,true,true,true,true,true,true,true],""mcpAddrMask"":[1,1,1,1,1,1,1,1],""mcpControlTested"":true,""mcpControlOkCount"":8,""mcpControlOk"":[true,true,true,true,true,true,true,true],""dacReady"":true,""radioReady"":true,""mlReady"":true,""nullingProfileApplied"":true,""modelProfileReady"":false},""runtimeMcpCode"":[255,519,795,706,799,865,665,139],""model"":{""profileId"":""cnn-dualbranch-datasheet-v1-unbound"",""scalerProfileId"":""cnn-dualbranch-datasheet-v1-unbound"",""productionApproved"":true,""boundNullingProfileId"":8,""activeNullingProfileId"":9,""bindingValid"":true,""bindingModelMatches"":true,""profileReady"":false,""inferenceValid"":false,""sensorFault"":true},""lora"":{""beginState"":0,""lastTxState"":0,""lastTxOk"":false,""txSeq"":0,""txCounter"":0,""aesKeyProvisioned"":true,""aesKeyPresent"":true,""aesKeySource"":""nvs"",""keyId"":1,""lastDownlinkCommandId"":0,""freqMHz"":920,""bwKHz"":125,""sf"":7,""cr"":5,""syncWord"":18,""txPowerDbm"":17,""preamble"":8,""tcxoVoltage"":1.600000024,""xtalVoltage"":0},""dataset"":{""state"":""idle"",""step"":""idle"",""label"":"""",""seq"":0,""targetSamples"":0,""sampleIntervalMs"":500,""maxDurationMs"":0,""useFanIntake"":true,""fanOnMs"":1000,""postFanSettleMs"":0,""nullingProfileId"":9,""queuePending"":0,""queueCapacity"":16,""queueEnqueued"":0,""queueDropped"":0,""publishFailCount"":0,""retryCount"":0,""retryFailCount"":0,""rejectedSamples"":0,""lastRejectReason"":""none"",""lastRejectChannel"":-1,""lastRejectOkFiniteCount"":0,""lastRejectStatus"":255,""lastRejectGain"":0,""lastRejectSaturated"":false},""recovery"":{""wifiReconnectCount"":0,""wifiReconnectFailCount"":0,""mqttReconnectCount"":0,""mqttConnectFailCount"":0,""lastMqttState"":0,""adsRecoveryCount"":0,""adsRecoveryFailCount"":0,""adsReadFailStreak"":0,""lastReason"":""none"",""lastRecoveryMs"":0,""bootRecoveryArmed"":false,""bootRecoveryDueMs"":0,""bootRecoveryReason"":""none"",""bootRecoveryNonAdsFailure"":false,""bootRecoveryRestartCount"":0},""nulling"":{""done"":false,""retryArmed"":false,""attemptCount"":0,""nextRetryMs"":0,""thresholdV"":9.999999747E-06,""minFinalV"":0},""telemetry"":{""valid"":true,""sampleMs"":7128814,""gasClass"":6,""gasName"":""CO2"",""confidence"":0,""alarm"":false,""sensorVoltage"":[0.124491528,0.003929275,0.004877084,-0.002498385,-0.009373105,-0.011613407,-0.019867718,-0.025488669],""sensorGain"":[16,64,64,64,64,64,64,64],""sensorStatus"":[0,0,0,0,0,0,0,0],""featureOrder"":[""MQ8"",""MQ135"",""MQ3"",""MQ5"",""MQ4"",""MQ7"",""MQ6"",""MQ2""]},""alarmLatched"":false}"
2026-08-04 11:19:53.613 +07:00,752.463,HOT_SWEEP_70,70,700,300,1,0,0.124728225,0.003938443,0.004902621,-0.002507631,-0.009370765,-0.011585137,-0.019889621,-0.025468472,"{""deviceId"":""1001"",""nodeId"":4097,""targetChId"":""0010"",""mode"":""inference"",""uptimeMs"":7129914,""debugEnabled"":true,""power"":{""mode"":""24v"",""externalPower"":true,""batteryMv"":65535,""batteryValid"":false,""batteryDetected"":false,""batterySenseStatus"":""not_detected"",""batteryLow"":false,""batteryCritical"":false,""sourceAmbiguous"":false,""serviceHoldActive"":false,""serviceHoldEffective"":false},""batterySession"":{""state"":""inactive"",""startedMs"":0,""stateStartedMs"":0,""validSampleBatches"":0,""requiredSampleBatches"":10,""alarmTxAttempts"":0,""alarmTxAttemptLimit"":3,""alarmAckReceived"":false,""pendingAlarm"":false,""pendingSaveRequired"":false,""persistenceFaultHold"":false,""completionReason"":""session_done""},""bootHealth"":{""adsReady"":true,""adsDrdyLevel"":0,""adsDrdyPulldownLevel"":0,""adsDrdyPullupLevel"":0,""adsMisoPulldownLevel"":0,""adsMisoPullupLevel"":1,""adsCsLevel"":1,""adsSyncLevel"":1,""adsStatus"":54,""adsMux"":15,""adsAdcon"":6,""adsDrate"":240,""adsReason"":""ok"",""tcaOk"":true,""mcpOkCount"":8,""mcpOk"":[true,true,true,true,true,true,true,true],""mcpAddrMask"":[1,1,1,1,1,1,1,1],""mcpControlTested"":true,""mcpControlOkCount"":8,""mcpControlOk"":[true,true,true,true,true,true,true,true],""dacReady"":true,""radioReady"":true,""mlReady"":true,""nullingProfileApplied"":true,""modelProfileReady"":false},""runtimeMcpCode"":[255,519,795,706,799,865,665,139],""model"":{""profileId"":""cnn-dualbranch-datasheet-v1-unbound"",""scalerProfileId"":""cnn-dualbranch-datasheet-v1-unbound"",""productionApproved"":true,""boundNullingProfileId"":8,""activeNullingProfileId"":9,""bindingValid"":true,""bindingModelMatches"":true,""profileReady"":false,""inferenceValid"":false,""sensorFault"":true},""lora"":{""beginState"":0,""lastTxState"":0,""lastTxOk"":false,""txSeq"":0,""txCounter"":0,""aesKeyProvisioned"":true,""aesKeyPresent"":true,""aesKeySource"":""nvs"",""keyId"":1,""lastDownlinkCommandId"":0,""freqMHz"":920,""bwKHz"":125,""sf"":7,""cr"":5,""syncWord"":18,""txPowerDbm"":17,""preamble"":8,""tcxoVoltage"":1.600000024,""xtalVoltage"":0},""dataset"":{""state"":""idle"",""step"":""idle"",""label"":"""",""seq"":0,""targetSamples"":0,""sampleIntervalMs"":500,""maxDurationMs"":0,""useFanIntake"":true,""fanOnMs"":1000,""postFanSettleMs"":0,""nullingProfileId"":9,""queuePending"":0,""queueCapacity"":16,""queueEnqueued"":0,""queueDropped"":0,""publishFailCount"":0,""retryCount"":0,""retryFailCount"":0,""rejectedSamples"":0,""lastRejectReason"":""none"",""lastRejectChannel"":-1,""lastRejectOkFiniteCount"":0,""lastRejectStatus"":255,""lastRejectGain"":0,""lastRejectSaturated"":false},""recovery"":{""wifiReconnectCount"":0,""wifiReconnectFailCount"":0,""mqttReconnectCount"":0,""mqttConnectFailCount"":0,""lastMqttState"":0,""adsRecoveryCount"":0,""adsRecoveryFailCount"":0,""adsReadFailStreak"":0,""lastReason"":""none"",""lastRecoveryMs"":0,""bootRecoveryArmed"":false,""bootRecoveryDueMs"":0,""bootRecoveryReason"":""none"",""bootRecoveryNonAdsFailure"":false,""bootRecoveryRestartCount"":0},""nulling"":{""done"":false,""retryArmed"":false,""attemptCount"":0,""nextRetryMs"":0,""thresholdV"":9.999999747E-06,""minFinalV"":0},""telemetry"":{""valid"":true,""sampleMs"":7129484,""gasClass"":6,""gasName"":""CO2"",""confidence"":0,""alarm"":false,""sensorVoltage"":[0.124728225,0.003938443,0.004902621,-0.002507631,-0.009370765,-0.011585137,-0.019889621,-0.025468472],""sensorGain"":[16,64,64,64,64,64,64,64],""sensorStatus"":[0,0,0,0,0,0,0,0],""featureOrder"":[""MQ8"",""MQ135"",""MQ3"",""MQ5"",""MQ4"",""MQ7"",""MQ6"",""MQ2""]},""alarmLatched"":false}"
2026-08-04 11:19:54.323 +07:00,753.187,HOT_SWEEP_70,70,700,300,1,0,0.124680139,0.003924157,0.004982469,-0.002552477,-0.009395342,-0.011619089,-0.019836467,-0.025415171,"{""deviceId"":""1001"",""nodeId"":4097,""targetChId"":""0010"",""mode"":""inference"",""uptimeMs"":7130634,""debugEnabled"":true,""power"":{""mode"":""24v"",""externalPower"":true,""batteryMv"":65535,""batteryValid"":false,""batteryDetected"":false,""batterySenseStatus"":""not_detected"",""batteryLow"":false,""batteryCritical"":false,""sourceAmbiguous"":false,""serviceHoldActive"":false,""serviceHoldEffective"":false},""batterySession"":{""state"":""inactive"",""startedMs"":0,""stateStartedMs"":0,""validSampleBatches"":0,""requiredSampleBatches"":10,""alarmTxAttempts"":0,""alarmTxAttemptLimit"":3,""alarmAckReceived"":false,""pendingAlarm"":false,""pendingSaveRequired"":false,""persistenceFaultHold"":false,""completionReason"":""session_done""},""bootHealth"":{""adsReady"":true,""adsDrdyLevel"":0,""adsDrdyPulldownLevel"":0,""adsDrdyPullupLevel"":0,""adsMisoPulldownLevel"":0,""adsMisoPullupLevel"":1,""adsCsLevel"":1,""adsSyncLevel"":1,""adsStatus"":54,""adsMux"":15,""adsAdcon"":6,""adsDrate"":240,""adsReason"":""ok"",""tcaOk"":true,""mcpOkCount"":8,""mcpOk"":[true,true,true,true,true,true,true,true],""mcpAddrMask"":[1,1,1,1,1,1,1,1],""mcpControlTested"":true,""mcpControlOkCount"":8,""mcpControlOk"":[true,true,true,true,true,true,true,true],""dacReady"":true,""radioReady"":true,""mlReady"":true,""nullingProfileApplied"":true,""modelProfileReady"":false},""runtimeMcpCode"":[255,519,795,706,799,865,665,139],""model"":{""profileId"":""cnn-dualbranch-datasheet-v1-unbound"",""scalerProfileId"":""cnn-dualbranch-datasheet-v1-unbound"",""productionApproved"":true,""boundNullingProfileId"":8,""activeNullingProfileId"":9,""bindingValid"":true,""bindingModelMatches"":true,""profileReady"":false,""inferenceValid"":false,""sensorFault"":true},""lora"":{""beginState"":0,""lastTxState"":0,""lastTxOk"":false,""txSeq"":0,""txCounter"":0,""aesKeyProvisioned"":true,""aesKeyPresent"":true,""aesKeySource"":""nvs"",""keyId"":1,""lastDownlinkCommandId"":0,""freqMHz"":920,""bwKHz"":125,""sf"":7,""cr"":5,""syncWord"":18,""txPowerDbm"":17,""preamble"":8,""tcxoVoltage"":1.600000024,""xtalVoltage"":0},""dataset"":{""state"":""idle"",""step"":""idle"",""label"":"""",""seq"":0,""targetSamples"":0,""sampleIntervalMs"":500,""maxDurationMs"":0,""useFanIntake"":true,""fanOnMs"":1000,""postFanSettleMs"":0,""nullingProfileId"":9,""queuePending"":0,""queueCapacity"":16,""queueEnqueued"":0,""queueDropped"":0,""publishFailCount"":0,""retryCount"":0,""retryFailCount"":0,""rejectedSamples"":0,""lastRejectReason"":""none"",""lastRejectChannel"":-1,""lastRejectOkFiniteCount"":0,""lastRejectStatus"":255,""lastRejectGain"":0,""lastRejectSaturated"":false},""recovery"":{""wifiReconnectCount"":0,""wifiReconnectFailCount"":0,""mqttReconnectCount"":0,""mqttConnectFailCount"":0,""lastMqttState"":0,""adsRecoveryCount"":0,""adsRecoveryFailCount"":0,""adsReadFailStreak"":0,""lastReason"":""none"",""lastRecoveryMs"":0,""bootRecoveryArmed"":false,""bootRecoveryDueMs"":0,""bootRecoveryReason"":""none"",""bootRecoveryNonAdsFailure"":false,""bootRecoveryRestartCount"":0},""nulling"":{""done"":false,""retryArmed"":false,""attemptCount"":0,""nextRetryMs"":0,""thresholdV"":9.999999747E-06,""minFinalV"":0},""telemetry"":{""valid"":true,""sampleMs"":7130192,""gasClass"":6,""gasName"":""CO2"",""confidence"":0,""alarm"":false,""sensorVoltage"":[0.124680139,0.003924157,0.004982469,-0.002552477,-0.009395342,-0.011619089,-0.019836467,-0.025415171],""sensorGain"":[16,64,64,64,64,64,64,64],""sensorStatus"":[0,0,0,0,0,0,0,0],""featureOrder"":[""MQ8"",""MQ135"",""MQ3"",""MQ5"",""MQ4"",""MQ7"",""MQ6"",""MQ2""]},""alarmLatched"":false}"
2026-08-04 11:19:55.017 +07:00,753.898,HOT_SWEEP_70,70,700,300,1,0,0.124893665,0.003888528,0.004983732,-0.002527867,-0.00938744,-0.011605938,-0.01976903,-0.025399137,"{""deviceId"":""1001"",""nodeId"":4097,""targetChId"":""0010"",""mode"":""inference"",""uptimeMs"":7131338,""debugEnabled"":true,""power"":{""mode"":""24v"",""externalPower"":true,""batteryMv"":65535,""batteryValid"":false,""batteryDetected"":false,""batterySenseStatus"":""not_detected"",""batteryLow"":false,""batteryCritical"":false,""sourceAmbiguous"":false,""serviceHoldActive"":false,""serviceHoldEffective"":false},""batterySession"":{""state"":""inactive"",""startedMs"":0,""stateStartedMs"":0,""validSampleBatches"":0,""requiredSampleBatches"":10,""alarmTxAttempts"":0,""alarmTxAttemptLimit"":3,""alarmAckReceived"":false,""pendingAlarm"":false,""pendingSaveRequired"":false,""persistenceFaultHold"":false,""completionReason"":""session_done""},""bootHealth"":{""adsReady"":true,""adsDrdyLevel"":0,""adsDrdyPulldownLevel"":0,""adsDrdyPullupLevel"":0,""adsMisoPulldownLevel"":0,""adsMisoPullupLevel"":1,""adsCsLevel"":1,""adsSyncLevel"":1,""adsStatus"":54,""adsMux"":15,""adsAdcon"":6,""adsDrate"":240,""adsReason"":""ok"",""tcaOk"":true,""mcpOkCount"":8,""mcpOk"":[true,true,true,true,true,true,true,true],""mcpAddrMask"":[1,1,1,1,1,1,1,1],""mcpControlTested"":true,""mcpControlOkCount"":8,""mcpControlOk"":[true,true,true,true,true,true,true,true],""dacReady"":true,""radioReady"":true,""mlReady"":true,""nullingProfileApplied"":true,""modelProfileReady"":false},""runtimeMcpCode"":[255,519,795,706,799,865,665,139],""model"":{""profileId"":""cnn-dualbranch-datasheet-v1-unbound"",""scalerProfileId"":""cnn-dualbranch-datasheet-v1-unbound"",""productionApproved"":true,""boundNullingProfileId"":8,""activeNullingProfileId"":9,""bindingValid"":true,""bindingModelMatches"":true,""profileReady"":false,""inferenceValid"":false,""sensorFault"":true},""lora"":{""beginState"":0,""lastTxState"":0,""lastTxOk"":false,""txSeq"":0,""txCounter"":0,""aesKeyProvisioned"":true,""aesKeyPresent"":true,""aesKeySource"":""nvs"",""keyId"":1,""lastDownlinkCommandId"":0,""freqMHz"":920,""bwKHz"":125,""sf"":7,""cr"":5,""syncWord"":18,""txPowerDbm"":17,""preamble"":8,""tcxoVoltage"":1.600000024,""xtalVoltage"":0},""dataset"":{""state"":""idle"",""step"":""idle"",""label"":"""",""seq"":0,""targetSamples"":0,""sampleIntervalMs"":500,""maxDurationMs"":0,""useFanIntake"":true,""fanOnMs"":1000,""postFanSettleMs"":0,""nullingProfileId"":9,""queuePending"":0,""queueCapacity"":16,""queueEnqueued"":0,""queueDropped"":0,""publishFailCount"":0,""retryCount"":0,""retryFailCount"":0,""rejectedSamples"":0,""lastRejectReason"":""none"",""lastRejectChannel"":-1,""lastRejectOkFiniteCount"":0,""lastRejectStatus"":255,""lastRejectGain"":0,""lastRejectSaturated"":false},""recovery"":{""wifiReconnectCount"":0,""wifiReconnectFailCount"":0,""mqttReconnectCount"":0,""mqttConnectFailCount"":0,""lastMqttState"":0,""adsRecoveryCount"":0,""adsRecoveryFailCount"":0,""adsReadFailStreak"":0,""lastReason"":""none"",""lastRecoveryMs"":0,""bootRecoveryArmed"":false,""bootRecoveryDueMs"":0,""bootRecoveryReason"":""none"",""bootRecoveryNonAdsFailure"":false,""bootRecoveryRestartCount"":0},""nulling"":{""done"":false,""retryArmed"":false,""attemptCount"":0,""nextRetryMs"":0,""thresholdV"":9.999999747E-06,""minFinalV"":0},""telemetry"":{""valid"":true,""sampleMs"":7130944,""gasClass"":6,""gasName"":""CO2"",""confidence"":0,""alarm"":false,""sensorVoltage"":[0.124893665,0.003888528,0.004983732,-0.002527867,-0.00938744,-0.011605938,-0.01976903,-0.025399137],""sensorGain"":[16,64,64,64,64,64,64,64],""sensorStatus"":[0,0,0,0,0,0,0,0],""featureOrder"":[""MQ8"",""MQ135"",""MQ3"",""MQ5"",""MQ4"",""MQ7"",""MQ6"",""MQ2""]},""alarmLatched"":false}"
2026-08-04 11:19:55.697 +07:00,754.576,HOT_SWEEP_70,70,700,300,1,0,0.124995783,0.003915203,0.004997602,-0.002535602,-0.009369482,-0.011567904,-0.019804575,-0.025292959,"{""deviceId"":""1001"",""nodeId"":4097,""targetChId"":""0010"",""mode"":""inference"",""uptimeMs"":7132013,""debugEnabled"":true,""power"":{""mode"":""24v"",""externalPower"":true,""batteryMv"":65535,""batteryValid"":false,""batteryDetected"":false,""batterySenseStatus"":""not_detected"",""batteryLow"":false,""batteryCritical"":false,""sourceAmbiguous"":false,""serviceHoldActive"":false,""serviceHoldEffective"":false},""batterySession"":{""state"":""inactive"",""startedMs"":0,""stateStartedMs"":0,""validSampleBatches"":0,""requiredSampleBatches"":10,""alarmTxAttempts"":0,""alarmTxAttemptLimit"":3,""alarmAckReceived"":false,""pendingAlarm"":false,""pendingSaveRequired"":false,""persistenceFaultHold"":false,""completionReason"":""session_done""},""bootHealth"":{""adsReady"":true,""adsDrdyLevel"":0,""adsDrdyPulldownLevel"":0,""adsDrdyPullupLevel"":0,""adsMisoPulldownLevel"":0,""adsMisoPullupLevel"":1,""adsCsLevel"":1,""adsSyncLevel"":1,""adsStatus"":54,""adsMux"":15,""adsAdcon"":6,""adsDrate"":240,""adsReason"":""ok"",""tcaOk"":true,""mcpOkCount"":8,""mcpOk"":[true,true,true,true,true,true,true,true],""mcpAddrMask"":[1,1,1,1,1,1,1,1],""mcpControlTested"":true,""mcpControlOkCount"":8,""mcpControlOk"":[true,true,true,true,true,true,true,true],""dacReady"":true,""radioReady"":true,""mlReady"":true,""nullingProfileApplied"":true,""modelProfileReady"":false},""runtimeMcpCode"":[255,519,795,706,799,865,665,139],""model"":{""profileId"":""cnn-dualbranch-datasheet-v1-unbound"",""scalerProfileId"":""cnn-dualbranch-datasheet-v1-unbound"",""productionApproved"":true,""boundNullingProfileId"":8,""activeNullingProfileId"":9,""bindingValid"":true,""bindingModelMatches"":true,""profileReady"":false,""inferenceValid"":false,""sensorFault"":true},""lora"":{""beginState"":0,""lastTxState"":0,""lastTxOk"":false,""txSeq"":0,""txCounter"":0,""aesKeyProvisioned"":true,""aesKeyPresent"":true,""aesKeySource"":""nvs"",""keyId"":1,""lastDownlinkCommandId"":0,""freqMHz"":920,""bwKHz"":125,""sf"":7,""cr"":5,""syncWord"":18,""txPowerDbm"":17,""preamble"":8,""tcxoVoltage"":1.600000024,""xtalVoltage"":0},""dataset"":{""state"":""idle"",""step"":""idle"",""label"":"""",""seq"":0,""targetSamples"":0,""sampleIntervalMs"":500,""maxDurationMs"":0,""useFanIntake"":true,""fanOnMs"":1000,""postFanSettleMs"":0,""nullingProfileId"":9,""queuePending"":0,""queueCapacity"":16,""queueEnqueued"":0,""queueDropped"":0,""publishFailCount"":0,""retryCount"":0,""retryFailCount"":0,""rejectedSamples"":0,""lastRejectReason"":""none"",""lastRejectChannel"":-1,""lastRejectOkFiniteCount"":0,""lastRejectStatus"":255,""lastRejectGain"":0,""lastRejectSaturated"":false},""recovery"":{""wifiReconnectCount"":0,""wifiReconnectFailCount"":0,""mqttReconnectCount"":0,""mqttConnectFailCount"":0,""lastMqttState"":0,""adsRecoveryCount"":0,""adsRecoveryFailCount"":0,""adsReadFailStreak"":0,""lastReason"":""none"",""lastRecoveryMs"":0,""bootRecoveryArmed"":false,""bootRecoveryDueMs"":0,""bootRecoveryReason"":""none"",""bootRecoveryNonAdsFailure"":false,""bootRecoveryRestartCount"":0},""nulling"":{""done"":false,""retryArmed"":false,""attemptCount"":0,""nextRetryMs"":0,""thresholdV"":9.999999747E-06,""minFinalV"":0},""telemetry"":{""valid"":true,""sampleMs"":7131616,""gasClass"":6,""gasName"":""CO2"",""confidence"":0,""alarm"":false,""sensorVoltage"":[0.124995783,0.003915203,0.004997602,-0.002535602,-0.009369482,-0.011567904,-0.019804575,-0.025292959],""sensorGain"":[16,64,64,64,64,64,64,64],""sensorStatus"":[0,0,0,0,0,0,0,0],""featureOrder"":[""MQ8"",""MQ135"",""MQ3"",""MQ5"",""MQ4"",""MQ7"",""MQ6"",""MQ2""]},""alarmLatched"":false}"
2026-08-04 11:19:56.395 +07:00,755.269,HOT_SWEEP_70,70,700,300,1,0,0.125104755,0.003987325,0.004983562,-0.002594789,-0.009337567,-0.011594833,-0.019787908,-0.025302416,"{""deviceId"":""1001"",""nodeId"":4097,""targetChId"":""0010"",""mode"":""inference"",""uptimeMs"":7132708,""debugEnabled"":true,""power"":{""mode"":""24v"",""externalPower"":true,""batteryMv"":65535,""batteryValid"":false,""batteryDetected"":false,""batterySenseStatus"":""not_detected"",""batteryLow"":false,""batteryCritical"":false,""sourceAmbiguous"":false,""serviceHoldActive"":false,""serviceHoldEffective"":false},""batterySession"":{""state"":""inactive"",""startedMs"":0,""stateStartedMs"":0,""validSampleBatches"":0,""requiredSampleBatches"":10,""alarmTxAttempts"":0,""alarmTxAttemptLimit"":3,""alarmAckReceived"":false,""pendingAlarm"":false,""pendingSaveRequired"":false,""persistenceFaultHold"":false,""completionReason"":""session_done""},""bootHealth"":{""adsReady"":true,""adsDrdyLevel"":0,""adsDrdyPulldownLevel"":0,""adsDrdyPullupLevel"":0,""adsMisoPulldownLevel"":0,""adsMisoPullupLevel"":1,""adsCsLevel"":1,""adsSyncLevel"":1,""adsStatus"":54,""adsMux"":15,""adsAdcon"":6,""adsDrate"":240,""adsReason"":""ok"",""tcaOk"":true,""mcpOkCount"":8,""mcpOk"":[true,true,true,true,true,true,true,true],""mcpAddrMask"":[1,1,1,1,1,1,1,1],""mcpControlTested"":true,""mcpControlOkCount"":8,""mcpControlOk"":[true,true,true,true,true,true,true,true],""dacReady"":true,""radioReady"":true,""mlReady"":true,""nullingProfileApplied"":true,""modelProfileReady"":false},""runtimeMcpCode"":[255,519,795,706,799,865,665,139],""model"":{""profileId"":""cnn-dualbranch-datasheet-v1-unbound"",""scalerProfileId"":""cnn-dualbranch-datasheet-v1-unbound"",""productionApproved"":true,""boundNullingProfileId"":8,""activeNullingProfileId"":9,""bindingValid"":true,""bindingModelMatches"":true,""profileReady"":false,""inferenceValid"":false,""sensorFault"":true},""lora"":{""beginState"":0,""lastTxState"":0,""lastTxOk"":false,""txSeq"":0,""txCounter"":0,""aesKeyProvisioned"":true,""aesKeyPresent"":true,""aesKeySource"":""nvs"",""keyId"":1,""lastDownlinkCommandId"":0,""freqMHz"":920,""bwKHz"":125,""sf"":7,""cr"":5,""syncWord"":18,""txPowerDbm"":17,""preamble"":8,""tcxoVoltage"":1.600000024,""xtalVoltage"":0},""dataset"":{""state"":""idle"",""step"":""idle"",""label"":"""",""seq"":0,""targetSamples"":0,""sampleIntervalMs"":500,""maxDurationMs"":0,""useFanIntake"":true,""fanOnMs"":1000,""postFanSettleMs"":0,""nullingProfileId"":9,""queuePending"":0,""queueCapacity"":16,""queueEnqueued"":0,""queueDropped"":0,""publishFailCount"":0,""retryCount"":0,""retryFailCount"":0,""rejectedSamples"":0,""lastRejectReason"":""none"",""lastRejectChannel"":-1,""lastRejectOkFiniteCount"":0,""lastRejectStatus"":255,""lastRejectGain"":0,""lastRejectSaturated"":false},""recovery"":{""wifiReconnectCount"":0,""wifiReconnectFailCount"":0,""mqttReconnectCount"":0,""mqttConnectFailCount"":0,""lastMqttState"":0,""adsRecoveryCount"":0,""adsRecoveryFailCount"":0,""adsReadFailStreak"":0,""lastReason"":""none"",""lastRecoveryMs"":0,""bootRecoveryArmed"":false,""bootRecoveryDueMs"":0,""bootRecoveryReason"":""none"",""bootRecoveryNonAdsFailure"":false,""bootRecoveryRestartCount"":0},""nulling"":{""done"":false,""retryArmed"":false,""attemptCount"":0,""nextRetryMs"":0,""thresholdV"":9.999999747E-06,""minFinalV"":0},""telemetry"":{""valid"":true,""sampleMs"":7132291,""gasClass"":6,""gasName"":""CO2"",""confidence"":0,""alarm"":false,""sensorVoltage"":[0.125104755,0.003987325,0.004983562,-0.002594789,-0.009337567,-0.011594833,-0.019787908,-0.025302416],""sensorGain"":[16,64,64,64,64,64,64,64],""sensorStatus"":[0,0,0,0,0,0,0,0],""featureOrder"":[""MQ8"",""MQ135"",""MQ3"",""MQ5"",""MQ4"",""MQ7"",""MQ6"",""MQ2""]},""alarmLatched"":false}"
2026-08-04 11:19:57.098 +07:00,755.963,HOT_SWEEP_70,70,700,300,1,0,0.125324294,0.003978866,0.004952363,-0.002598742,-0.009354776,-0.01149027,-0.019815998,-0.025314432,"{""deviceId"":""1001"",""nodeId"":4097,""targetChId"":""0010"",""mode"":""inference"",""uptimeMs"":7133406,""debugEnabled"":true,""power"":{""mode"":""24v"",""externalPower"":true,""batteryMv"":65535,""batteryValid"":false,""batteryDetected"":false,""batterySenseStatus"":""not_detected"",""batteryLow"":false,""batteryCritical"":false,""sourceAmbiguous"":false,""serviceHoldActive"":false,""serviceHoldEffective"":false},""batterySession"":{""state"":""inactive"",""startedMs"":0,""stateStartedMs"":0,""validSampleBatches"":0,""requiredSampleBatches"":10,""alarmTxAttempts"":0,""alarmTxAttemptLimit"":3,""alarmAckReceived"":false,""pendingAlarm"":false,""pendingSaveRequired"":false,""persistenceFaultHold"":false,""completionReason"":""session_done""},""bootHealth"":{""adsReady"":true,""adsDrdyLevel"":0,""adsDrdyPulldownLevel"":0,""adsDrdyPullupLevel"":0,""adsMisoPulldownLevel"":0,""adsMisoPullupLevel"":1,""adsCsLevel"":1,""adsSyncLevel"":1,""adsStatus"":54,""adsMux"":15,""adsAdcon"":6,""adsDrate"":240,""adsReason"":""ok"",""tcaOk"":true,""mcpOkCount"":8,""mcpOk"":[true,true,true,true,true,true,true,true],""mcpAddrMask"":[1,1,1,1,1,1,1,1],""mcpControlTested"":true,""mcpControlOkCount"":8,""mcpControlOk"":[true,true,true,true,true,true,true,true],""dacReady"":true,""radioReady"":true,""mlReady"":true,""nullingProfileApplied"":true,""modelProfileReady"":false},""runtimeMcpCode"":[255,519,795,706,799,865,665,139],""model"":{""profileId"":""cnn-dualbranch-datasheet-v1-unbound"",""scalerProfileId"":""cnn-dualbranch-datasheet-v1-unbound"",""productionApproved"":true,""boundNullingProfileId"":8,""activeNullingProfileId"":9,""bindingValid"":true,""bindingModelMatches"":true,""profileReady"":false,""inferenceValid"":false,""sensorFault"":true},""lora"":{""beginState"":0,""lastTxState"":0,""lastTxOk"":false,""txSeq"":0,""txCounter"":0,""aesKeyProvisioned"":true,""aesKeyPresent"":true,""aesKeySource"":""nvs"",""keyId"":1,""lastDownlinkCommandId"":0,""freqMHz"":920,""bwKHz"":125,""sf"":7,""cr"":5,""syncWord"":18,""txPowerDbm"":17,""preamble"":8,""tcxoVoltage"":1.600000024,""xtalVoltage"":0},""dataset"":{""state"":""idle"",""step"":""idle"",""label"":"""",""seq"":0,""targetSamples"":0,""sampleIntervalMs"":500,""maxDurationMs"":0,""useFanIntake"":true,""fanOnMs"":1000,""postFanSettleMs"":0,""nullingProfileId"":9,""queuePending"":0,""queueCapacity"":16,""queueEnqueued"":0,""queueDropped"":0,""publishFailCount"":0,""retryCount"":0,""retryFailCount"":0,""rejectedSamples"":0,""lastRejectReason"":""none"",""lastRejectChannel"":-1,""lastRejectOkFiniteCount"":0,""lastRejectStatus"":255,""lastRejectGain"":0,""lastRejectSaturated"":false},""recovery"":{""wifiReconnectCount"":0,""wifiReconnectFailCount"":0,""mqttReconnectCount"":0,""mqttConnectFailCount"":0,""lastMqttState"":0,""adsRecoveryCount"":0,""adsRecoveryFailCount"":0,""adsReadFailStreak"":0,""lastReason"":""none"",""lastRecoveryMs"":0,""bootRecoveryArmed"":false,""bootRecoveryDueMs"":0,""bootRecoveryReason"":""none"",""bootRecoveryNonAdsFailure"":false,""bootRecoveryRestartCount"":0},""nulling"":{""done"":false,""retryArmed"":false,""attemptCount"":0,""nextRetryMs"":0,""thresholdV"":9.999999747E-06,""minFinalV"":0},""telemetry"":{""valid"":true,""sampleMs"":7133018,""gasClass"":6,""gasName"":""CO2"",""confidence"":0,""alarm"":false,""sensorVoltage"":[0.125324294,0.003978866,0.004952363,-0.002598742,-0.009354776,-0.01149027,-0.019815998,-0.025314432],""sensorGain"":[16,64,64,64,64,64,64,64],""sensorStatus"":[0,0,0,0,0,0,0,0],""featureOrder"":[""MQ8"",""MQ135"",""MQ3"",""MQ5"",""MQ4"",""MQ7"",""MQ6"",""MQ2""]},""alarmLatched"":false}"
2026-08-04 11:19:57.787 +07:00,756.660,HOT_SWEEP_70,70,700,300,1,0,0.125562698,0.004002068,0.004911082,-0.002609888,-0.009365418,-0.011498599,-0.019757889,-0.025228193,"{""deviceId"":""1001"",""nodeId"":4097,""targetChId"":""0010"",""mode"":""inference"",""uptimeMs"":7134098,""debugEnabled"":true,""power"":{""mode"":""24v"",""externalPower"":true,""batteryMv"":65535,""batteryValid"":false,""batteryDetected"":false,""batterySenseStatus"":""not_detected"",""batteryLow"":false,""batteryCritical"":false,""sourceAmbiguous"":false,""serviceHoldActive"":false,""serviceHoldEffective"":false},""batterySession"":{""state"":""inactive"",""startedMs"":0,""stateStartedMs"":0,""validSampleBatches"":0,""requiredSampleBatches"":10,""alarmTxAttempts"":0,""alarmTxAttemptLimit"":3,""alarmAckReceived"":false,""pendingAlarm"":false,""pendingSaveRequired"":false,""persistenceFaultHold"":false,""completionReason"":""session_done""},""bootHealth"":{""adsReady"":true,""adsDrdyLevel"":0,""adsDrdyPulldownLevel"":0,""adsDrdyPullupLevel"":0,""adsMisoPulldownLevel"":0,""adsMisoPullupLevel"":1,""adsCsLevel"":1,""adsSyncLevel"":1,""adsStatus"":54,""adsMux"":15,""adsAdcon"":6,""adsDrate"":240,""adsReason"":""ok"",""tcaOk"":true,""mcpOkCount"":8,""mcpOk"":[true,true,true,true,true,true,true,true],""mcpAddrMask"":[1,1,1,1,1,1,1,1],""mcpControlTested"":true,""mcpControlOkCount"":8,""mcpControlOk"":[true,true,true,true,true,true,true,true],""dacReady"":true,""radioReady"":true,""mlReady"":true,""nullingProfileApplied"":true,""modelProfileReady"":false},""runtimeMcpCode"":[255,519,795,706,799,865,665,139],""model"":{""profileId"":""cnn-dualbranch-datasheet-v1-unbound"",""scalerProfileId"":""cnn-dualbranch-datasheet-v1-unbound"",""productionApproved"":true,""boundNullingProfileId"":8,""activeNullingProfileId"":9,""bindingValid"":true,""bindingModelMatches"":true,""profileReady"":false,""inferenceValid"":false,""sensorFault"":true},""lora"":{""beginState"":0,""lastTxState"":0,""lastTxOk"":false,""txSeq"":0,""txCounter"":0,""aesKeyProvisioned"":true,""aesKeyPresent"":true,""aesKeySource"":""nvs"",""keyId"":1,""lastDownlinkCommandId"":0,""freqMHz"":920,""bwKHz"":125,""sf"":7,""cr"":5,""syncWord"":18,""txPowerDbm"":17,""preamble"":8,""tcxoVoltage"":1.600000024,""xtalVoltage"":0},""dataset"":{""state"":""idle"",""step"":""idle"",""label"":"""",""seq"":0,""targetSamples"":0,""sampleIntervalMs"":500,""maxDurationMs"":0,""useFanIntake"":true,""fanOnMs"":1000,""postFanSettleMs"":0,""nullingProfileId"":9,""queuePending"":0,""queueCapacity"":16,""queueEnqueued"":0,""queueDropped"":0,""publishFailCount"":0,""retryCount"":0,""retryFailCount"":0,""rejectedSamples"":0,""lastRejectReason"":""none"",""lastRejectChannel"":-1,""lastRejectOkFiniteCount"":0,""lastRejectStatus"":255,""lastRejectGain"":0,""lastRejectSaturated"":false},""recovery"":{""wifiReconnectCount"":0,""wifiReconnectFailCount"":0,""mqttReconnectCount"":0,""mqttConnectFailCount"":0,""lastMqttState"":0,""adsRecoveryCount"":0,""adsRecoveryFailCount"":0,""adsReadFailStreak"":0,""lastReason"":""none"",""lastRecoveryMs"":0,""bootRecoveryArmed"":false,""bootRecoveryDueMs"":0,""bootRecoveryReason"":""none"",""bootRecoveryNonAdsFailure"":false,""bootRecoveryRestartCount"":0},""nulling"":{""done"":false,""retryArmed"":false,""attemptCount"":0,""nextRetryMs"":0,""thresholdV"":9.999999747E-06,""minFinalV"":0},""telemetry"":{""valid"":true,""sampleMs"":7133684,""gasClass"":6,""gasName"":""CO2"",""confidence"":0,""alarm"":false,""sensorVoltage"":[0.125562698,0.004002068,0.004911082,-0.002609888,-0.009365418,-0.011498599,-0.019757889,-0.025228193],""sensorGain"":[16,64,64,64,64,64,64,64],""sensorStatus"":[0,0,0,0,0,0,0,0],""featureOrder"":[""MQ8"",""MQ135"",""MQ3"",""MQ5"",""MQ4"",""MQ7"",""MQ6"",""MQ2""]},""alarmLatched"":false}"
2026-08-04 11:19:58.496 +07:00,757.367,HOT_SWEEP_70,70,700,300,1,0,0.125649422,0.003941266,0.004894337,-0.002602406,-0.009379316,-0.011520659,-0.019390112,-0.025302073,"{""deviceId"":""1001"",""nodeId"":4097,""targetChId"":""0010"",""mode"":""inference"",""uptimeMs"":7134804,""debugEnabled"":true,""power"":{""mode"":""24v"",""externalPower"":true,""batteryMv"":65535,""batteryValid"":false,""batteryDetected"":false,""batterySenseStatus"":""not_detected"",""batteryLow"":false,""batteryCritical"":false,""sourceAmbiguous"":false,""serviceHoldActive"":false,""serviceHoldEffective"":false},""batterySession"":{""state"":""inactive"",""startedMs"":0,""stateStartedMs"":0,""validSampleBatches"":0,""requiredSampleBatches"":10,""alarmTxAttempts"":0,""alarmTxAttemptLimit"":3,""alarmAckReceived"":false,""pendingAlarm"":false,""pendingSaveRequired"":false,""persistenceFaultHold"":false,""completionReason"":""session_done""},""bootHealth"":{""adsReady"":true,""adsDrdyLevel"":0,""adsDrdyPulldownLevel"":0,""adsDrdyPullupLevel"":0,""adsMisoPulldownLevel"":0,""adsMisoPullupLevel"":1,""adsCsLevel"":1,""adsSyncLevel"":1,""adsStatus"":54,""adsMux"":15,""adsAdcon"":6,""adsDrate"":240,""adsReason"":""ok"",""tcaOk"":true,""mcpOkCount"":8,""mcpOk"":[true,true,true,true,true,true,true,true],""mcpAddrMask"":[1,1,1,1,1,1,1,1],""mcpControlTested"":true,""mcpControlOkCount"":8,""mcpControlOk"":[true,true,true,true,true,true,true,true],""dacReady"":true,""radioReady"":true,""mlReady"":true,""nullingProfileApplied"":true,""modelProfileReady"":false},""runtimeMcpCode"":[255,519,795,706,799,865,665,139],""model"":{""profileId"":""cnn-dualbranch-datasheet-v1-unbound"",""scalerProfileId"":""cnn-dualbranch-datasheet-v1-unbound"",""productionApproved"":true,""boundNullingProfileId"":8,""activeNullingProfileId"":9,""bindingValid"":true,""bindingModelMatches"":true,""profileReady"":false,""inferenceValid"":false,""sensorFault"":true},""lora"":{""beginState"":0,""lastTxState"":0,""lastTxOk"":false,""txSeq"":0,""txCounter"":0,""aesKeyProvisioned"":true,""aesKeyPresent"":true,""aesKeySource"":""nvs"",""keyId"":1,""lastDownlinkCommandId"":0,""freqMHz"":920,""bwKHz"":125,""sf"":7,""cr"":5,""syncWord"":18,""txPowerDbm"":17,""preamble"":8,""tcxoVoltage"":1.600000024,""xtalVoltage"":0},""dataset"":{""state"":""idle"",""step"":""idle"",""label"":"""",""seq"":0,""targetSamples"":0,""sampleIntervalMs"":500,""maxDurationMs"":0,""useFanIntake"":true,""fanOnMs"":1000,""postFanSettleMs"":0,""nullingProfileId"":9,""queuePending"":0,""queueCapacity"":16,""queueEnqueued"":0,""queueDropped"":0,""publishFailCount"":0,""retryCount"":0,""retryFailCount"":0,""rejectedSamples"":0,""lastRejectReason"":""none"",""lastRejectChannel"":-1,""lastRejectOkFiniteCount"":0,""lastRejectStatus"":255,""lastRejectGain"":0,""lastRejectSaturated"":false},""recovery"":{""wifiReconnectCount"":0,""wifiReconnectFailCount"":0,""mqttReconnectCount"":0,""mqttConnectFailCount"":0,""lastMqttState"":0,""adsRecoveryCount"":0,""adsRecoveryFailCount"":0,""adsReadFailStreak"":0,""lastReason"":""none"",""lastRecoveryMs"":0,""bootRecoveryArmed"":false,""bootRecoveryDueMs"":0,""bootRecoveryReason"":""none"",""bootRecoveryNonAdsFailure"":false,""bootRecoveryRestartCount"":0},""nulling"":{""done"":false,""retryArmed"":false,""attemptCount"":0,""nextRetryMs"":0,""thresholdV"":9.999999747E-06,""minFinalV"":0},""telemetry"":{""valid"":true,""sampleMs"":7134381,""gasClass"":6,""gasName"":""CO2"",""confidence"":0,""alarm"":false,""sensorVoltage"":[0.125649422,0.003941266,0.004894337,-0.002602406,-0.009379316,-0.011520659,-0.019390112,-0.025302073],""sensorGain"":[16,64,64,64,64,64,64,64],""sensorStatus"":[0,0,0,0,0,0,0,0],""featureOrder"":[""MQ8"",""MQ135"",""MQ3"",""MQ5"",""MQ4"",""MQ7"",""MQ6"",""MQ2""]},""alarmLatched"":false}"
2026-08-04 11:19:59.197 +07:00,758.067,HOT_SWEEP_70,70,700,300,1,0,0.125718907,0.003937152,0.00489952,-0.002627997,-0.009467384,-0.011544889,-0.01904539,-0.02537562,"{""deviceId"":""1001"",""nodeId"":4097,""targetChId"":""0010"",""mode"":""inference"",""uptimeMs"":7135505,""debugEnabled"":true,""power"":{""mode"":""24v"",""externalPower"":true,""batteryMv"":65535,""batteryValid"":false,""batteryDetected"":false,""batterySenseStatus"":""not_detected"",""batteryLow"":false,""batteryCritical"":false,""sourceAmbiguous"":false,""serviceHoldActive"":false,""serviceHoldEffective"":false},""batterySession"":{""state"":""inactive"",""startedMs"":0,""stateStartedMs"":0,""validSampleBatches"":0,""requiredSampleBatches"":10,""alarmTxAttempts"":0,""alarmTxAttemptLimit"":3,""alarmAckReceived"":false,""pendingAlarm"":false,""pendingSaveRequired"":false,""persistenceFaultHold"":false,""completionReason"":""session_done""},""bootHealth"":{""adsReady"":true,""adsDrdyLevel"":0,""adsDrdyPulldownLevel"":0,""adsDrdyPullupLevel"":0,""adsMisoPulldownLevel"":0,""adsMisoPullupLevel"":1,""adsCsLevel"":1,""adsSyncLevel"":1,""adsStatus"":54,""adsMux"":15,""adsAdcon"":6,""adsDrate"":240,""adsReason"":""ok"",""tcaOk"":true,""mcpOkCount"":8,""mcpOk"":[true,true,true,true,true,true,true,true],""mcpAddrMask"":[1,1,1,1,1,1,1,1],""mcpControlTested"":true,""mcpControlOkCount"":8,""mcpControlOk"":[true,true,true,true,true,true,true,true],""dacReady"":true,""radioReady"":true,""mlReady"":true,""nullingProfileApplied"":true,""modelProfileReady"":false},""runtimeMcpCode"":[255,519,795,706,799,865,665,139],""model"":{""profileId"":""cnn-dualbranch-datasheet-v1-unbound"",""scalerProfileId"":""cnn-dualbranch-datasheet-v1-unbound"",""productionApproved"":true,""boundNullingProfileId"":8,""activeNullingProfileId"":9,""bindingValid"":true,""bindingModelMatches"":true,""profileReady"":false,""inferenceValid"":false,""sensorFault"":true},""lora"":{""beginState"":0,""lastTxState"":0,""lastTxOk"":false,""txSeq"":0,""txCounter"":0,""aesKeyProvisioned"":true,""aesKeyPresent"":true,""aesKeySource"":""nvs"",""keyId"":1,""lastDownlinkCommandId"":0,""freqMHz"":920,""bwKHz"":125,""sf"":7,""cr"":5,""syncWord"":18,""txPowerDbm"":17,""preamble"":8,""tcxoVoltage"":1.600000024,""xtalVoltage"":0},""dataset"":{""state"":""idle"",""step"":""idle"",""label"":"""",""seq"":0,""targetSamples"":0,""sampleIntervalMs"":500,""maxDurationMs"":0,""useFanIntake"":true,""fanOnMs"":1000,""postFanSettleMs"":0,""nullingProfileId"":9,""queuePending"":0,""queueCapacity"":16,""queueEnqueued"":0,""queueDropped"":0,""publishFailCount"":0,""retryCount"":0,""retryFailCount"":0,""rejectedSamples"":0,""lastRejectReason"":""none"",""lastRejectChannel"":-1,""lastRejectOkFiniteCount"":0,""lastRejectStatus"":255,""lastRejectGain"":0,""lastRejectSaturated"":false},""recovery"":{""wifiReconnectCount"":0,""wifiReconnectFailCount"":0,""mqttReconnectCount"":0,""mqttConnectFailCount"":0,""lastMqttState"":0,""adsRecoveryCount"":0,""adsRecoveryFailCount"":0,""adsReadFailStreak"":0,""lastReason"":""none"",""lastRecoveryMs"":0,""bootRecoveryArmed"":false,""bootRecoveryDueMs"":0,""bootRecoveryReason"":""none"",""bootRecoveryNonAdsFailure"":false,""bootRecoveryRestartCount"":0},""nulling"":{""done"":false,""retryArmed"":false,""attemptCount"":0,""nextRetryMs"":0,""thresholdV"":9.999999747E-06,""minFinalV"":0},""telemetry"":{""valid"":true,""sampleMs"":7135114,""gasClass"":6,""gasName"":""CO2"",""confidence"":0,""alarm"":false,""sensorVoltage"":[0.125718907,0.003937152,0.00489952,-0.002627997,-0.009467384,-0.011544889,-0.01904539,-0.02537562],""sensorGain"":[16,64,64,64,64,64,64,64],""sensorStatus"":[0,0,0,0,0,0,0,0],""featureOrder"":[""MQ8"",""MQ135"",""MQ3"",""MQ5"",""MQ4"",""MQ7"",""MQ6"",""MQ2""]},""alarmLatched"":false}"
